d0421096-faf5-4efa-89e7-46c3952d05de	NR_042776.1	96.203	316	5	7	25	334	1055	741	2.02e-144	510
d0421096-faf5-4efa-89e7-46c3952d05de	NR_042777.1	96.203	316	5	7	25	334	1054	740	2.02e-144	510
d0421096-faf5-4efa-89e7-46c3952d05de	NR_042778.1	96.203	316	5	7	25	334	1055	741	2.02e-144	510
d0421096-faf5-4efa-89e7-46c3952d05de	NR_197695.1	95.570	316	7	7	25	334	1054	740	4.38e-141	499
d0421096-faf5-4efa-89e7-46c3952d05de	NR_118998.1	95.238	315	9	6	25	334	1049	736	2.04e-139	494
ba652abf-b92c-4c48-b3f6-925024439910	NR_119169.1	96.040	1010	24	15	1	1000	1004	1	0.0	1633
ba652abf-b92c-4c48-b3f6-925024439910	NR_163639.1	95.788	1021	23	18	1	1011	1014	4	0.0	1629
ba652abf-b92c-4c48-b3f6-925024439910	NR_115355.1	96.020	1005	24	15	1	995	999	1	0.0	1624
ba652abf-b92c-4c48-b3f6-925024439910	NR_074980.1	95.674	1017	28	15	4	1010	1023	13	0.0	1620
ba652abf-b92c-4c48-b3f6-925024439910	NR_113031.1	95.674	1017	28	15	4	1010	1023	13	0.0	1620
598984f9-0995-4593-9400-a69af9ea84b3	NR_115355.1	92.828	1478	48	40	7	1451	20	1472	0.0	2091
598984f9-0995-4593-9400-a69af9ea84b3	NR_119169.1	92.625	1478	51	40	7	1451	25	1477	0.0	2080
598984f9-0995-4593-9400-a69af9ea84b3	NR_179325.1	92.862	1471	46	40	15	1451	1	1446	0.0	2080
598984f9-0995-4593-9400-a69af9ea84b3	NR_163639.1	92.630	1479	45	46	7	1451	39	1487	0.0	2069
598984f9-0995-4593-9400-a69af9ea84b3	NR_074980.1	92.219	1478	57	40	7	1451	47	1499	0.0	2039
d9611f43-e18f-4678-88dd-a87ce5755d4a	NR_042927.1	97.357	719	7	11	1	717	1211	503	0.0	1212
d9611f43-e18f-4678-88dd-a87ce5755d4a	NR_114413.1	97.357	719	7	11	1	717	1234	526	0.0	1212
d9611f43-e18f-4678-88dd-a87ce5755d4a	NR_115734.1	97.357	719	7	11	1	717	1212	504	0.0	1212
d9611f43-e18f-4678-88dd-a87ce5755d4a	NR_116210.1	97.357	719	7	11	1	717	1074	366	0.0	1212
d9611f43-e18f-4678-88dd-a87ce5755d4a	NR_179385.1	97.357	719	7	11	1	717	1233	525	0.0	1212
c1f4f3bb-6cc3-46fe-9a62-b191d6eb792f	NR_040821.1	93.503	354	13	6	1	348	1131	1480	1.27e-146	518
c1f4f3bb-6cc3-46fe-9a62-b191d6eb792f	NR_025148.1	93.503	354	13	6	1	348	1151	1500	1.27e-146	518
c1f4f3bb-6cc3-46fe-9a62-b191d6eb792f	NR_040820.1	93.503	354	13	6	1	348	1131	1480	1.27e-146	518
c1f4f3bb-6cc3-46fe-9a62-b191d6eb792f	NR_134818.1	93.503	354	13	6	1	348	1144	1493	1.27e-146	518
c1f4f3bb-6cc3-46fe-9a62-b191d6eb792f	NR_126177.1	93.503	354	13	6	1	348	1133	1482	1.27e-146	518
80cd9a03-e2f4-41bd-b6fa-a630e6196a47	NR_042776.1	90.216	787	41	29	1	761	803	27	0.0	994
80cd9a03-e2f4-41bd-b6fa-a630e6196a47	NR_042777.1	90.076	786	43	28	1	761	802	27	0.0	987
80cd9a03-e2f4-41bd-b6fa-a630e6196a47	NR_042778.1	89.962	787	43	29	1	761	803	27	0.0	983
80cd9a03-e2f4-41bd-b6fa-a630e6196a47	NR_197695.1	89.721	788	43	31	1	761	802	26	0.0	972
80cd9a03-e2f4-41bd-b6fa-a630e6196a47	NR_118998.1	89.691	776	46	27	1	751	798	32	0.0	961
18a3fd06-0366-4d79-845b-7ae6b8d0c458	NR_024842.1	94.960	1389	39	25	1	1367	113	1492	0.0	2152
18a3fd06-0366-4d79-845b-7ae6b8d0c458	NR_115735.1	95.090	1385	37	25	1	1363	89	1464	0.0	2152
18a3fd06-0366-4d79-845b-7ae6b8d0c458	NR_115241.1	94.863	1382	40	25	1	1360	98	1470	0.0	2135
18a3fd06-0366-4d79-845b-7ae6b8d0c458	NR_165737.1	94.292	1384	45	28	1	1360	98	1471	0.0	2087
18a3fd06-0366-4d79-845b-7ae6b8d0c458	NR_036936.1	94.003	1384	49	29	1	1360	98	1471	0.0	2065
5f8470f4-0d67-4d54-9aa9-5aa381601b99	NR_042776.1	96.488	1139	19	15	1	1129	372	1499	0.0	1862
5f8470f4-0d67-4d54-9aa9-5aa381601b99	NR_042777.1	96.400	1139	19	16	1	1129	372	1498	0.0	1857
5f8470f4-0d67-4d54-9aa9-5aa381601b99	NR_042778.1	96.225	1139	22	15	1	1129	372	1499	0.0	1845
5f8470f4-0d67-4d54-9aa9-5aa381601b99	NR_197695.1	96.137	1139	23	14	1	1129	371	1498	0.0	1840
5f8470f4-0d67-4d54-9aa9-5aa381601b99	NR_118998.1	95.610	1139	28	15	1	1129	367	1493	0.0	1807
199d132d-fc42-4eea-bcd8-98e6ace2e3d3	NR_026419.1	95.988	673	14	9	1	661	672	1	0.0	1081
199d132d-fc42-4eea-bcd8-98e6ace2e3d3	NR_025903.1	94.567	681	23	10	1	669	684	6	0.0	1040
199d132d-fc42-4eea-bcd8-98e6ace2e3d3	NR_025904.1	93.558	683	26	13	1	669	683	5	0.0	1002
199d132d-fc42-4eea-bcd8-98e6ace2e3d3	NR_133753.1	95.126	636	17	10	1	624	638	5	0.0	990
199d132d-fc42-4eea-bcd8-98e6ace2e3d3	NR_133752.1	94.599	611	19	10	1	599	609	1	0.0	933
89f2ed5d-3928-4f46-a79e-11454b4288e0	NR_042843.1	97.288	1143	16	14	1	1133	324	1461	0.0	1925
89f2ed5d-3928-4f46-a79e-11454b4288e0	NR_102895.1	97.288	1143	16	14	1	1133	352	1489	0.0	1925
89f2ed5d-3928-4f46-a79e-11454b4288e0	NR_113113.1	97.288	1143	16	14	1	1133	332	1469	0.0	1925
89f2ed5d-3928-4f46-a79e-11454b4288e0	NR_109628.1	95.888	1143	32	14	1	1133	325	1462	0.0	1836
89f2ed5d-3928-4f46-a79e-11454b4288e0	NR_175509.1	95.801	1143	33	14	1	1133	344	1481	0.0	1831
51c3c0dc-2f58-4850-82cf-a530e66da55d	NR_042776.1	96.694	605	8	8	1	598	900	1499	0.0	996
51c3c0dc-2f58-4850-82cf-a530e66da55d	NR_042777.1	96.694	605	8	8	1	598	899	1498	0.0	996
51c3c0dc-2f58-4850-82cf-a530e66da55d	NR_042778.1	96.364	605	10	8	1	598	900	1499	0.0	985
51c3c0dc-2f58-4850-82cf-a530e66da55d	NR_197695.1	96.198	605	11	8	1	598	899	1498	0.0	979
51c3c0dc-2f58-4850-82cf-a530e66da55d	NR_118998.1	95.861	604	14	7	1	598	895	1493	0.0	966
35851ebe-2739-4970-aa85-ec24ff8f33ae	NR_026419.1	97.411	1468	18	18	2	1458	1463	5	0.0	2483
35851ebe-2739-4970-aa85-ec24ff8f33ae	NR_025903.1	95.913	1468	38	20	2	1458	1474	18	0.0	2359
35851ebe-2739-4970-aa85-ec24ff8f33ae	NR_133753.1	96.100	1436	35	19	5	1429	1426	1	0.0	2322
35851ebe-2739-4970-aa85-ec24ff8f33ae	NR_025904.1	95.442	1470	41	23	2	1458	1473	17	0.0	2320
35851ebe-2739-4970-aa85-ec24ff8f33ae	NR_133752.1	95.949	1407	37	18	5	1401	1397	1	0.0	2265
1f4683f2-4370-4310-ad87-ee3a404dc023	NR_025289.1	93.909	1379	53	27	70	1431	1365	1	0.0	2054
1f4683f2-4370-4310-ad87-ee3a404dc023	NR_118780.1	92.934	1387	64	30	70	1437	1372	1	0.0	1988
1f4683f2-4370-4310-ad87-ee3a404dc023	NR_028911.1	89.199	1398	111	39	70	1445	1380	1	0.0	1709
1f4683f2-4370-4310-ad87-ee3a404dc023	NR_173621.1	89.079	1401	111	41	70	1446	1401	19	0.0	1701
1f4683f2-4370-4310-ad87-ee3a404dc023	NR_159296.1	88.841	1398	117	37	70	1445	1381	1	0.0	1681
760df3ef-d54d-49fa-89be-d8f6dcdc7bfc	NR_042776.1	94.335	812	19	19	1	802	705	1499	0.0	1219
760df3ef-d54d-49fa-89be-d8f6dcdc7bfc	NR_042777.1	94.335	812	19	19	1	802	704	1498	0.0	1219
760df3ef-d54d-49fa-89be-d8f6dcdc7bfc	NR_042778.1	94.089	812	21	19	1	802	705	1499	0.0	1208
760df3ef-d54d-49fa-89be-d8f6dcdc7bfc	NR_118998.1	93.835	811	24	19	1	802	700	1493	0.0	1197
760df3ef-d54d-49fa-89be-d8f6dcdc7bfc	NR_197695.1	93.842	812	23	19	1	802	704	1498	0.0	1197
69537a37-7f87-4007-9fc4-e412c94a3a64	NR_028664.1	93.315	1107	38	29	3	1089	406	1496	0.0	1602
69537a37-7f87-4007-9fc4-e412c94a3a64	NR_117719.1	93.315	1107	38	29	3	1089	403	1493	0.0	1602
69537a37-7f87-4007-9fc4-e412c94a3a64	NR_179383.1	93.225	1107	39	29	3	1089	410	1500	0.0	1596
69537a37-7f87-4007-9fc4-e412c94a3a64	NR_115240.1	93.291	1103	38	29	3	1085	383	1469	0.0	1594
69537a37-7f87-4007-9fc4-e412c94a3a64	NR_175455.1	93.141	1108	39	30	3	1089	391	1482	0.0	1591
60e604cd-2a98-4a94-bc18-608dc44f5e28	NR_119169.1	96.146	986	23	14	15	991	980	1	0.0	1600
60e604cd-2a98-4a94-bc18-608dc44f5e28	NR_074980.1	95.783	996	26	15	15	1000	1002	13	0.0	1592
60e604cd-2a98-4a94-bc18-608dc44f5e28	NR_113031.1	95.783	996	26	15	15	1000	1002	13	0.0	1592
60e604cd-2a98-4a94-bc18-608dc44f5e28	NR_115355.1	96.126	981	23	14	15	986	975	1	0.0	1591
60e604cd-2a98-4a94-bc18-608dc44f5e28	NR_119168.1	96.045	986	24	14	15	991	980	1	0.0	1591
1ef9d5bb-afdf-4583-8604-64b1f424424d	NR_116168.1	94.571	571	20	9	58	621	592	26	0.0	872
1ef9d5bb-afdf-4583-8604-64b1f424424d	NR_042878.1	94.221	571	22	9	58	621	571	5	0.0	869
1ef9d5bb-afdf-4583-8604-64b1f424424d	NR_118762.1	92.619	569	31	9	58	619	595	31	0.0	826
1ef9d5bb-afdf-4583-8604-64b1f424424d	NR_025423.1	92.705	562	29	10	69	621	566	8	0.0	800
1ef9d5bb-afdf-4583-8604-64b1f424424d	NR_118143.1	90.150	599	46	11	32	621	599	5	0.0	769
506144ad-15bb-42e6-aaf2-10b79094d3cb	NR_028665.1	97.041	338	6	4	14	349	1153	1488	4.56e-161	566
506144ad-15bb-42e6-aaf2-10b79094d3cb	NR_114172.1	97.041	338	6	4	14	349	1136	1471	4.56e-161	566
506144ad-15bb-42e6-aaf2-10b79094d3cb	NR_179385.1	97.041	338	6	4	14	349	1160	1495	4.56e-161	566
506144ad-15bb-42e6-aaf2-10b79094d3cb	NR_199545.1	97.041	338	6	4	14	349	1156	1491	4.56e-161	566
506144ad-15bb-42e6-aaf2-10b79094d3cb	NR_041722.2	96.746	338	7	4	14	349	1173	1508	2.12e-159	560
322a89aa-7f68-431b-850d-b0e25dc37c38	NR_179540.1	98.321	655	8	3	1	655	841	1492	0.0	1146
322a89aa-7f68-431b-850d-b0e25dc37c38	NR_028664.1	98.168	655	10	2	1	655	844	1496	0.0	1142
322a89aa-7f68-431b-850d-b0e25dc37c38	NR_117719.1	98.168	655	10	2	1	655	841	1493	0.0	1142
322a89aa-7f68-431b-850d-b0e25dc37c38	NR_179383.1	98.168	655	10	2	1	655	848	1500	0.0	1142
322a89aa-7f68-431b-850d-b0e25dc37c38	NR_042927.1	98.310	651	9	2	1	651	823	1471	0.0	1140
b0ad99b4-e487-4815-8fb5-9c10a7c9c8ff	NR_179325.1	96.832	1010	21	8	16	1021	457	1459	0.0	1677
b0ad99b4-e487-4815-8fb5-9c10a7c9c8ff	NR_115355.1	96.634	1010	23	8	16	1021	483	1485	0.0	1666
b0ad99b4-e487-4815-8fb5-9c10a7c9c8ff	NR_163639.1	96.439	1011	22	11	16	1021	499	1500	0.0	1655
b0ad99b4-e487-4815-8fb5-9c10a7c9c8ff	NR_119169.1	96.337	1010	26	8	16	1021	488	1490	0.0	1653
b0ad99b4-e487-4815-8fb5-9c10a7c9c8ff	NR_115354.1	96.238	1010	27	8	16	1021	483	1485	0.0	1646
ccecacd7-ac7a-4a8c-a216-3bf94bdad143	NR_025862.1	94.737	1026	33	20	1	1013	389	1406	0.0	1581
ccecacd7-ac7a-4a8c-a216-3bf94bdad143	NR_026454.1	93.878	1029	38	24	1	1013	364	1383	0.0	1528
ccecacd7-ac7a-4a8c-a216-3bf94bdad143	NR_028682.1	93.629	1036	43	22	1	1022	390	1416	0.0	1526
ccecacd7-ac7a-4a8c-a216-3bf94bdad143	NR_116890.1	92.967	1038	46	23	1	1022	378	1404	0.0	1487
ccecacd7-ac7a-4a8c-a216-3bf94bdad143	NR_025445.1	92.857	1036	51	22	1	1022	381	1407	0.0	1482
8d28bc2f-3ca9-4c32-bf79-73f4e891e9db	NR_028664.1	93.890	1424	50	33	1	1400	86	1496	0.0	2113
8d28bc2f-3ca9-4c32-bf79-73f4e891e9db	NR_115240.1	93.873	1420	50	33	1	1396	63	1469	0.0	2106
8d28bc2f-3ca9-4c32-bf79-73f4e891e9db	NR_042927.1	93.869	1419	50	33	2	1396	66	1471	0.0	2104
8d28bc2f-3ca9-4c32-bf79-73f4e891e9db	NR_115734.1	93.869	1419	50	33	2	1396	67	1472	0.0	2104
8d28bc2f-3ca9-4c32-bf79-73f4e891e9db	NR_179383.1	93.812	1422	51	33	3	1400	92	1500	0.0	2104
4b5c5e60-4c25-45af-8128-82ccb4070da8	NR_041879.1	96.855	318	2	5	1	316	715	404	6.79e-149	525
4b5c5e60-4c25-45af-8128-82ccb4070da8	NR_115355.1	96.855	318	2	5	1	316	758	447	6.79e-149	525
4b5c5e60-4c25-45af-8128-82ccb4070da8	NR_119169.1	96.855	318	2	5	1	316	763	452	6.79e-149	525
4b5c5e60-4c25-45af-8128-82ccb4070da8	NR_179325.1	96.855	318	2	5	1	316	732	421	6.79e-149	525
4b5c5e60-4c25-45af-8128-82ccb4070da8	NR_163639.1	96.552	319	2	6	1	316	775	463	3.16e-147	520
f2aa75d5-f122-469b-a40f-a44b7b8c76e3	NR_042776.1	95.210	501	13	9	1	495	1004	1499	0.0	782
f2aa75d5-f122-469b-a40f-a44b7b8c76e3	NR_042777.1	95.210	501	13	9	1	495	1003	1498	0.0	782
f2aa75d5-f122-469b-a40f-a44b7b8c76e3	NR_042778.1	95.010	501	14	9	1	495	1004	1499	0.0	776
f2aa75d5-f122-469b-a40f-a44b7b8c76e3	NR_118998.1	94.810	501	15	9	1	495	998	1493	0.0	771
f2aa75d5-f122-469b-a40f-a44b7b8c76e3	NR_197695.1	94.810	501	15	9	1	495	1003	1498	0.0	771
dda7b642-da2d-4aa3-a377-55d1bfd9f00c	NR_115355.1	96.805	1377	33	11	1	1376	116	1482	0.0	2292
dda7b642-da2d-4aa3-a377-55d1bfd9f00c	NR_179325.1	96.807	1378	32	12	1	1376	89	1456	0.0	2290
dda7b642-da2d-4aa3-a377-55d1bfd9f00c	NR_119169.1	96.514	1377	37	11	1	1376	121	1487	0.0	2274
dda7b642-da2d-4aa3-a377-55d1bfd9f00c	NR_113570.1	96.229	1379	39	13	1	1376	122	1490	0.0	2246
dda7b642-da2d-4aa3-a377-55d1bfd9f00c	NR_163639.1	96.299	1378	34	17	1	1376	135	1497	0.0	2246
2e413626-5082-4e33-8631-c6fd7f377263	NR_115355.1	95.138	761	23	13	1	749	724	1482	0.0	1188
2e413626-5082-4e33-8631-c6fd7f377263	NR_179325.1	95.138	761	23	13	1	749	698	1456	0.0	1188
2e413626-5082-4e33-8631-c6fd7f377263	NR_163639.1	95.138	761	22	14	1	749	740	1497	0.0	1186
2e413626-5082-4e33-8631-c6fd7f377263	NR_119169.1	94.744	761	26	12	1	749	729	1487	0.0	1175
2e413626-5082-4e33-8631-c6fd7f377263	NR_115354.1	94.744	761	26	13	1	749	724	1482	0.0	1173
4aa7c745-a7f6-4606-b44c-55a2ea64557f	NR_163639.1	91.831	661	34	14	1	648	663	10	0.0	904
4aa7c745-a7f6-4606-b44c-55a2ea64557f	NR_119169.1	91.489	658	35	15	1	643	652	1	0.0	889
4aa7c745-a7f6-4606-b44c-55a2ea64557f	NR_115355.1	91.577	653	34	15	1	638	647	1	0.0	885
4aa7c745-a7f6-4606-b44c-55a2ea64557f	NR_074980.1	91.101	663	38	15	1	648	674	18	0.0	878
4aa7c745-a7f6-4606-b44c-55a2ea64557f	NR_113031.1	91.101	663	38	15	1	648	674	18	0.0	878
60df56ea-e1d2-40f6-afdf-158c6009a050	NR_042776.1	95.480	1416	30	29	1	1395	84	1486	0.0	2230
60df56ea-e1d2-40f6-afdf-158c6009a050	NR_042777.1	95.268	1416	32	30	1	1395	84	1485	0.0	2211
60df56ea-e1d2-40f6-afdf-158c6009a050	NR_042778.1	95.384	1408	32	28	1	1388	84	1478	0.0	2209
60df56ea-e1d2-40f6-afdf-158c6009a050	NR_197695.1	94.845	1416	39	29	1	1395	83	1485	0.0	2180
60df56ea-e1d2-40f6-afdf-158c6009a050	NR_118998.1	94.815	1408	39	29	1	1388	79	1472	0.0	2165
b61e8984-0d12-4de6-aeb6-e9375e378b85	NR_136788.1	94.017	234	7	3	1	232	241	13	1.14e-95	348
b61e8984-0d12-4de6-aeb6-e9375e378b85	NR_113082.1	93.162	234	9	3	1	232	241	13	2.47e-92	337
b61e8984-0d12-4de6-aeb6-e9375e378b85	NR_026230.1	89.286	224	17	4	1	222	219	1	1.95e-78	291
b61e8984-0d12-4de6-aeb6-e9375e378b85	NR_152035.1	88.085	235	19	7	1	232	242	14	2.54e-72	270
b61e8984-0d12-4de6-aeb6-e9375e378b85	NR_074234.1	94.083	169	8	1	66	232	188	20	7.11e-68	255
0c69359f-bb92-4a31-9d26-036b5a6e2503	NR_121687.1	87.642	615	35	28	6	598	1197	602	0.0	676
0c69359f-bb92-4a31-9d26-036b5a6e2503	NR_041989.1	87.662	616	33	29	6	598	1135	540	0.0	676
0c69359f-bb92-4a31-9d26-036b5a6e2503	NR_117694.1	87.500	616	34	29	6	598	1177	582	0.0	671
0c69359f-bb92-4a31-9d26-036b5a6e2503	NR_028900.1	86.851	616	38	29	6	598	1135	540	0.0	649
0c69359f-bb92-4a31-9d26-036b5a6e2503	NR_104947.1	86.526	616	40	30	6	598	1150	555	0.0	638
fe25e4ef-76e9-4239-9482-58247e2b4b26	NR_117719.1	91.745	642	37	11	16	642	858	1498	0.0	878
fe25e4ef-76e9-4239-9482-58247e2b4b26	NR_199974.1	91.460	644	39	11	14	642	865	1507	0.0	870
fe25e4ef-76e9-4239-9482-58247e2b4b26	NR_028666.1	90.839	644	43	11	14	642	862	1504	0.0	848
fe25e4ef-76e9-4239-9482-58247e2b4b26	NR_036918.1	90.557	646	41	14	14	642	855	1497	0.0	837
fe25e4ef-76e9-4239-9482-58247e2b4b26	NR_178262.1	90.557	646	41	14	14	642	732	1374	0.0	837
ee011ef1-afba-4d32-92cb-c588e59ebf95	NR_165737.1	97.921	481	4	5	1	476	1022	543	0.0	828
ee011ef1-afba-4d32-92cb-c588e59ebf95	NR_178515.1	97.921	481	4	5	1	476	1022	543	0.0	828
ee011ef1-afba-4d32-92cb-c588e59ebf95	NR_024842.1	97.713	481	5	5	1	476	1037	558	0.0	822
ee011ef1-afba-4d32-92cb-c588e59ebf95	NR_109720.1	97.713	481	5	5	1	476	1016	537	0.0	822
ee011ef1-afba-4d32-92cb-c588e59ebf95	NR_115735.1	97.713	481	5	5	1	476	1013	534	0.0	822
a2097434-a060-4383-9aa9-260edd99a9c0	NR_025862.1	88.665	1288	83	52	1	1248	1294	30	0.0	1520
a2097434-a060-4383-9aa9-260edd99a9c0	NR_026454.1	87.341	1256	90	60	1	1211	1271	40	0.0	1375
a2097434-a060-4383-9aa9-260edd99a9c0	NR_116890.1	86.607	1232	92	62	1	1187	1283	80	0.0	1293
a2097434-a060-4383-9aa9-260edd99a9c0	NR_113798.1	86.364	1232	96	62	1	1187	1280	76	0.0	1279
a2097434-a060-4383-9aa9-260edd99a9c0	NR_180652.1	86.212	1233	95	61	1	1187	1284	81	0.0	1266
d4e959fa-121a-4630-a611-05292ab072fe	NR_025453.1	90.667	225	9	8	24	241	1257	1476	7.37e-78	289
d4e959fa-121a-4630-a611-05292ab072fe	NR_175455.1	90.667	225	9	8	24	241	1263	1482	7.37e-78	289
d4e959fa-121a-4630-a611-05292ab072fe	NR_028664.1	90.667	225	8	8	24	241	1278	1496	2.65e-77	287
d4e959fa-121a-4630-a611-05292ab072fe	NR_028666.1	90.667	225	8	8	24	241	1281	1499	2.65e-77	287
d4e959fa-121a-4630-a611-05292ab072fe	NR_028833.1	90.667	225	8	8	24	241	1284	1502	2.65e-77	287
a2ee9cce-e23f-4409-87d9-3da98b0fdaec	NR_113121.1	97.713	481	4	5	1	475	1003	1482	0.0	821
a2ee9cce-e23f-4409-87d9-3da98b0fdaec	NR_026417.1	97.269	476	3	8	1	467	980	1454	0.0	798
a2ee9cce-e23f-4409-87d9-3da98b0fdaec	NR_112878.1	96.344	465	11	4	16	474	1017	1481	0.0	760
a2ee9cce-e23f-4409-87d9-3da98b0fdaec	NR_113107.1	95.279	466	16	4	16	475	905	1370	0.0	734
a2ee9cce-e23f-4409-87d9-3da98b0fdaec	NR_113106.1	94.850	466	18	4	16	475	1019	1484	0.0	726
f62cc8ae-70aa-4cbf-ab58-3de80bc46d90	NR_136788.1	97.989	348	3	3	5	350	1131	1476	1.24e-171	601
f62cc8ae-70aa-4cbf-ab58-3de80bc46d90	NR_026230.1	95.690	348	11	3	5	350	1109	1454	2.73e-158	556
f62cc8ae-70aa-4cbf-ab58-3de80bc46d90	NR_136443.1	95.719	327	9	4	18	342	1106	1429	9.95e-148	521
f62cc8ae-70aa-4cbf-ab58-3de80bc46d90	NR_113082.1	95.666	323	10	3	5	325	1131	1451	4.63e-146	516
f62cc8ae-70aa-4cbf-ab58-3de80bc46d90	NR_117913.1	93.750	336	17	3	17	350	1132	1465	1.30e-141	501
526806fd-be50-4d3d-959d-bed4ef86e615	NR_041879.1	93.461	627	19	15	1	611	1016	396	0.0	911
526806fd-be50-4d3d-959d-bed4ef86e615	NR_115355.1	93.461	627	19	15	1	611	1059	439	0.0	911
526806fd-be50-4d3d-959d-bed4ef86e615	NR_119169.1	93.461	627	19	15	1	611	1064	444	0.0	911
526806fd-be50-4d3d-959d-bed4ef86e615	NR_179325.1	93.301	627	20	15	1	611	1033	413	0.0	905
526806fd-be50-4d3d-959d-bed4ef86e615	NR_044091.1	92.982	627	22	15	1	611	973	353	0.0	894
da333f34-1bb3-4102-bd41-5b3c623015c5	NR_028664.1	94.698	1226	33	21	1	1196	276	1499	0.0	1875
da333f34-1bb3-4102-bd41-5b3c623015c5	NR_117719.1	94.698	1226	33	21	1	1196	273	1496	0.0	1875
da333f34-1bb3-4102-bd41-5b3c623015c5	NR_179383.1	94.698	1226	33	21	1	1196	280	1503	0.0	1875
da333f34-1bb3-4102-bd41-5b3c623015c5	NR_179540.1	94.698	1226	32	22	1	1196	273	1495	0.0	1873
da333f34-1bb3-4102-bd41-5b3c623015c5	NR_175455.1	94.621	1227	33	22	1	1196	261	1485	0.0	1869
9863119f-04d7-44e5-b742-0a9a375e433f	NR_115354.1	94.898	490	14	9	1	481	995	1482	0.0	758
9863119f-04d7-44e5-b742-0a9a375e433f	NR_119170.1	94.286	490	17	9	1	481	1000	1487	0.0	745
9863119f-04d7-44e5-b742-0a9a375e433f	NR_179325.1	94.490	490	16	9	1	481	969	1456	0.0	745
9863119f-04d7-44e5-b742-0a9a375e433f	NR_074980.1	94.286	490	17	9	1	481	1022	1509	0.0	739
9863119f-04d7-44e5-b742-0a9a375e433f	NR_113031.1	94.286	490	17	9	1	481	1022	1509	0.0	739
605ce6e6-4eb7-415e-8e3d-5cff3285d241	NR_074980.1	93.862	1173	39	27	1	1159	1166	13	0.0	1736
605ce6e6-4eb7-415e-8e3d-5cff3285d241	NR_113031.1	93.862	1173	39	27	1	1159	1166	13	0.0	1736
605ce6e6-4eb7-415e-8e3d-5cff3285d241	NR_115355.1	94.271	1152	35	25	1	1138	1139	5	0.0	1736
605ce6e6-4eb7-415e-8e3d-5cff3285d241	NR_119169.1	93.960	1159	39	25	1	1145	1144	3	0.0	1731
605ce6e6-4eb7-415e-8e3d-5cff3285d241	NR_163639.1	93.782	1174	36	32	1	1160	1154	4	0.0	1729
af370d79-aa17-47e4-8291-163644f30d34	NR_115241.1	95.833	360	4	7	1	349	49	408	9.65e-163	571
af370d79-aa17-47e4-8291-163644f30d34	NR_024842.1	95.556	360	5	7	1	349	64	423	1.25e-161	568
af370d79-aa17-47e4-8291-163644f30d34	NR_115735.1	95.568	361	4	8	1	349	39	399	1.25e-161	568
af370d79-aa17-47e4-8291-163644f30d34	NR_117425.1	95.322	342	5	6	19	349	70	411	4.56e-151	532
af370d79-aa17-47e4-8291-163644f30d34	NR_116211.1	96.073	331	2	7	30	349	1	331	5.89e-150	529
bb750917-68fc-406c-a7b5-f71cec6e33c4	NR_042776.1	97.319	373	5	5	5	374	399	29	6.28e-180	628
bb750917-68fc-406c-a7b5-f71cec6e33c4	NR_042778.1	97.051	373	6	5	5	374	399	29	2.92e-178	623
bb750917-68fc-406c-a7b5-f71cec6e33c4	NR_042777.1	96.783	373	7	5	5	374	399	29	1.36e-176	617
bb750917-68fc-406c-a7b5-f71cec6e33c4	NR_118998.1	96.247	373	9	5	5	374	394	24	8.19e-174	608
bb750917-68fc-406c-a7b5-f71cec6e33c4	NR_197695.1	95.979	373	10	5	5	374	398	28	1.37e-171	601
fa9ae355-a5b5-44df-8fe4-eb9598670823	NR_115241.1	95.082	549	16	7	6	550	26	567	0.0	854
fa9ae355-a5b5-44df-8fe4-eb9598670823	NR_115735.1	94.909	550	16	8	6	550	16	558	0.0	850
fa9ae355-a5b5-44df-8fe4-eb9598670823	NR_024842.1	94.718	549	18	7	6	550	41	582	0.0	846
fa9ae355-a5b5-44df-8fe4-eb9598670823	NR_165737.1	93.636	550	22	9	6	550	26	567	0.0	809
fa9ae355-a5b5-44df-8fe4-eb9598670823	NR_178515.1	93.636	550	22	9	6	550	26	567	0.0	809
ebedc132-8cc1-4bf4-a799-33dff919c34e	NR_115355.1	94.510	674	13	15	1	660	1206	543	0.0	1018
ebedc132-8cc1-4bf4-a799-33dff919c34e	NR_179325.1	94.510	674	13	15	1	660	1180	517	0.0	1018
ebedc132-8cc1-4bf4-a799-33dff919c34e	NR_041879.1	94.370	675	13	16	1	660	1164	500	0.0	1013
ebedc132-8cc1-4bf4-a799-33dff919c34e	NR_119169.1	94.214	674	15	15	1	660	1211	548	0.0	1011
ebedc132-8cc1-4bf4-a799-33dff919c34e	NR_163639.1	94.222	675	12	18	1	660	1221	559	0.0	1005
334468a4-c417-4c28-b874-c4088140d5ad	NR_042776.1	96.678	602	11	7	1	597	696	99	0.0	992
334468a4-c417-4c28-b874-c4088140d5ad	NR_042778.1	96.346	602	13	7	1	597	696	99	0.0	981
334468a4-c417-4c28-b874-c4088140d5ad	NR_042777.1	96.179	602	13	8	1	597	695	99	0.0	976
334468a4-c417-4c28-b874-c4088140d5ad	NR_197695.1	96.013	602	15	7	1	597	695	98	0.0	970
334468a4-c417-4c28-b874-c4088140d5ad	NR_118998.1	95.681	602	17	7	1	597	691	94	0.0	961
1f4d56fc-5eae-4ed7-bbf3-0fb3781a7153	NR_179325.1	95.234	1112	29	22	3	1099	354	1456	0.0	1738
1f4d56fc-5eae-4ed7-bbf3-0fb3781a7153	NR_115355.1	95.054	1112	31	22	3	1099	380	1482	0.0	1727
1f4d56fc-5eae-4ed7-bbf3-0fb3781a7153	NR_163639.1	94.888	1115	30	25	1	1099	394	1497	0.0	1718
1f4d56fc-5eae-4ed7-bbf3-0fb3781a7153	NR_119169.1	94.775	1110	34	22	5	1099	387	1487	0.0	1711
1f4d56fc-5eae-4ed7-bbf3-0fb3781a7153	NR_074980.1	94.514	1112	37	22	3	1099	407	1509	0.0	1694
3a69d213-dbd4-46a5-b2b8-974b647b4096	NR_179325.1	93.394	1317	45	33	10	1303	159	1456	0.0	1912
3a69d213-dbd4-46a5-b2b8-974b647b4096	NR_115355.1	93.242	1317	47	33	10	1303	185	1482	0.0	1901
3a69d213-dbd4-46a5-b2b8-974b647b4096	NR_119169.1	93.014	1317	50	33	10	1303	190	1487	0.0	1890
3a69d213-dbd4-46a5-b2b8-974b647b4096	NR_115354.1	92.792	1318	51	35	10	1303	185	1482	0.0	1869
3a69d213-dbd4-46a5-b2b8-974b647b4096	NR_163639.1	92.868	1318	46	39	10	1303	204	1497	0.0	1869
24e1e052-9e1b-4df0-85fd-56034544fea0	NR_042928.1	93.031	1191	47	29	1	1164	1182	1	0.0	1707
24e1e052-9e1b-4df0-85fd-56034544fea0	NR_117719.1	92.327	1199	56	29	1	1172	1202	13	0.0	1672
24e1e052-9e1b-4df0-85fd-56034544fea0	NR_112026.1	92.845	1174	47	30	1	1147	1164	1	0.0	1670
24e1e052-9e1b-4df0-85fd-56034544fea0	NR_199545.1	92.244	1199	57	29	1	1172	1202	13	0.0	1666
24e1e052-9e1b-4df0-85fd-56034544fea0	NR_179385.1	92.160	1199	58	29	1	1172	1206	17	0.0	1661
653e2043-5920-4b99-9e68-3b5d6e3235ef	NR_044091.1	95.318	299	3	7	1	291	1133	838	1.37e-130	464
653e2043-5920-4b99-9e68-3b5d6e3235ef	NR_028839.1	94.649	299	5	7	1	291	1182	887	2.97e-127	453
653e2043-5920-4b99-9e68-3b5d6e3235ef	NR_042940.1	94.314	299	6	7	1	291	1131	836	1.38e-125	448
653e2043-5920-4b99-9e68-3b5d6e3235ef	NR_025762.1	93.980	299	6	9	1	291	1196	902	6.43e-124	442
653e2043-5920-4b99-9e68-3b5d6e3235ef	NR_041879.1	93.980	299	7	7	1	291	1176	881	6.43e-124	442
5c6fd53e-b0ea-49b1-9df3-fdbea191c979	NR_042776.1	93.213	1223	38	33	1	1194	1225	19	0.0	1757
5c6fd53e-b0ea-49b1-9df3-fdbea191c979	NR_042777.1	93.126	1222	40	32	1	1194	1224	19	0.0	1751
5c6fd53e-b0ea-49b1-9df3-fdbea191c979	NR_042778.1	93.050	1223	40	33	1	1194	1225	19	0.0	1746
5c6fd53e-b0ea-49b1-9df3-fdbea191c979	NR_197695.1	92.641	1223	45	34	1	1194	1224	18	0.0	1718
5c6fd53e-b0ea-49b1-9df3-fdbea191c979	NR_118998.1	92.471	1222	48	32	1	1194	1219	14	0.0	1709
e71050d2-5239-40fd-8c82-8a8079042494	NR_179540.1	95.374	735	15	16	1	721	766	1495	0.0	1151
e71050d2-5239-40fd-8c82-8a8079042494	NR_117719.1	95.238	735	17	15	1	721	766	1496	0.0	1147
e71050d2-5239-40fd-8c82-8a8079042494	NR_028664.1	95.102	735	18	15	1	721	769	1499	0.0	1142
e71050d2-5239-40fd-8c82-8a8079042494	NR_179383.1	95.102	735	18	15	1	721	773	1503	0.0	1142
e71050d2-5239-40fd-8c82-8a8079042494	NR_175455.1	94.973	736	18	16	1	721	754	1485	0.0	1136
556c91e3-a8a3-4247-82af-de97178a3704	NR_179385.1	99.021	817	5	3	1	816	831	17	0.0	1461
556c91e3-a8a3-4247-82af-de97178a3704	NR_199545.1	99.021	817	5	3	1	816	827	13	0.0	1461
556c91e3-a8a3-4247-82af-de97178a3704	NR_028664.1	98.776	817	7	3	1	816	830	16	0.0	1450
556c91e3-a8a3-4247-82af-de97178a3704	NR_165741.1	98.654	817	8	3	1	816	816	2	0.0	1445
556c91e3-a8a3-4247-82af-de97178a3704	NR_179383.1	98.654	817	8	3	1	816	834	20	0.0	1445
1302819e-3358-4577-a33a-94cdc0f31622	NR_042927.1	96.226	424	5	11	28	447	1047	1463	0.0	684
1302819e-3358-4577-a33a-94cdc0f31622	NR_115734.1	96.226	424	5	11	28	447	1048	1464	0.0	684
1302819e-3358-4577-a33a-94cdc0f31622	NR_117719.1	96.226	424	5	11	28	447	1065	1481	0.0	684
1302819e-3358-4577-a33a-94cdc0f31622	NR_175455.1	96.226	424	5	11	28	447	1053	1469	0.0	684
1302819e-3358-4577-a33a-94cdc0f31622	NR_179383.1	96.226	424	5	11	28	447	1072	1488	0.0	684
90113274-693f-4c2d-983f-1f29ce5cb7cb	NR_115355.1	97.473	1306	13	17	1	1297	192	1486	0.0	2211
90113274-693f-4c2d-983f-1f29ce5cb7cb	NR_179325.1	97.395	1305	16	16	1	1297	166	1460	0.0	2206
90113274-693f-4c2d-983f-1f29ce5cb7cb	NR_119169.1	97.167	1306	17	17	1	1297	197	1491	0.0	2194
90113274-693f-4c2d-983f-1f29ce5cb7cb	NR_163639.1	97.016	1307	13	23	1	1297	211	1501	0.0	2174
90113274-693f-4c2d-983f-1f29ce5cb7cb	NR_113570.1	96.787	1307	21	18	1	1297	199	1494	0.0	2161
876697fd-c858-426e-8975-1a697d0bb78a	NR_042776.1	96.296	324	6	4	1	319	1177	1499	1.93e-149	527
876697fd-c858-426e-8975-1a697d0bb78a	NR_042777.1	96.296	324	6	4	1	319	1176	1498	1.93e-149	527
876697fd-c858-426e-8975-1a697d0bb78a	NR_042052.1	95.679	324	8	4	1	319	1075	1397	4.17e-146	516
876697fd-c858-426e-8975-1a697d0bb78a	NR_042778.1	95.679	324	8	4	1	319	1177	1499	4.17e-146	516
876697fd-c858-426e-8975-1a697d0bb78a	NR_114642.1	95.679	324	8	4	1	319	1134	1456	4.17e-146	516
dd3f8543-eb76-49d5-9a2f-1ce30ebba51d	NR_042928.1	95.524	983	22	20	12	983	972	1	0.0	1552
dd3f8543-eb76-49d5-9a2f-1ce30ebba51d	NR_199547.1	95.833	960	19	19	12	960	952	3	0.0	1531
dd3f8543-eb76-49d5-9a2f-1ce30ebba51d	NR_165747.1	95.117	983	26	20	12	983	972	1	0.0	1530
dd3f8543-eb76-49d5-9a2f-1ce30ebba51d	NR_112026.1	95.342	966	22	21	12	966	954	1	0.0	1515
dd3f8543-eb76-49d5-9a2f-1ce30ebba51d	NR_165744.1	94.646	990	31	20	12	990	981	3	0.0	1515
c3ebbb75-38ff-4baa-99ef-ef28afb50ea8	NR_102895.1	91.711	374	15	13	1	362	403	34	1.06e-142	505
c3ebbb75-38ff-4baa-99ef-ef28afb50ea8	NR_042843.1	91.444	374	16	13	1	362	375	6	4.94e-141	499
c3ebbb75-38ff-4baa-99ef-ef28afb50ea8	NR_113113.1	91.444	374	16	13	1	362	383	14	4.94e-141	499
c3ebbb75-38ff-4baa-99ef-ef28afb50ea8	NR_114305.1	90.374	374	20	13	1	362	395	26	2.32e-134	477
c3ebbb75-38ff-4baa-99ef-ef28afb50ea8	NR_116726.1	90.374	374	20	13	1	362	375	6	2.32e-134	477
1f9d5fda-425d-4c38-b863-4b5e903ae59f	NR_024841.1	98.712	233	2	1	1	233	1230	999	4.12e-115	412
1f9d5fda-425d-4c38-b863-4b5e903ae59f	NR_028665.1	98.712	233	2	1	1	233	1231	1000	4.12e-115	412
1f9d5fda-425d-4c38-b863-4b5e903ae59f	NR_042927.1	98.712	233	2	1	1	233	1216	985	4.12e-115	412
1f9d5fda-425d-4c38-b863-4b5e903ae59f	NR_112026.1	98.712	233	2	1	1	233	1196	965	4.12e-115	412
1f9d5fda-425d-4c38-b863-4b5e903ae59f	NR_113260.1	98.712	233	2	1	1	233	1216	985	4.12e-115	412
619dcb3a-ce75-4143-921c-14ebfaa45af0	NR_113570.1	96.040	1010	20	18	11	1009	495	1495	0.0	1626
619dcb3a-ce75-4143-921c-14ebfaa45af0	NR_043332.1	95.837	1009	23	17	11	1009	488	1487	0.0	1618
619dcb3a-ce75-4143-921c-14ebfaa45af0	NR_074980.1	95.937	1009	22	17	11	1009	515	1514	0.0	1618
619dcb3a-ce75-4143-921c-14ebfaa45af0	NR_113031.1	95.937	1009	22	17	11	1009	515	1514	0.0	1618
619dcb3a-ce75-4143-921c-14ebfaa45af0	NR_115354.1	95.540	1009	26	17	11	1009	488	1487	0.0	1600
ffef8823-ec70-4338-a001-170ebe86f45f	NR_115735.1	93.873	1371	48	22	1	1340	99	1464	0.0	2034
ffef8823-ec70-4338-a001-170ebe86f45f	NR_024842.1	93.732	1372	50	22	1	1341	123	1489	0.0	2028
ffef8823-ec70-4338-a001-170ebe86f45f	NR_115241.1	93.782	1367	49	22	1	1336	108	1469	0.0	2025
ffef8823-ec70-4338-a001-170ebe86f45f	NR_165737.1	93.626	1365	48	24	5	1336	112	1470	0.0	2002
ffef8823-ec70-4338-a001-170ebe86f45f	NR_113260.1	93.397	1363	54	24	5	1336	112	1469	0.0	1986
ea4f41e9-cc7c-4939-9dd0-3ffc26d62742	NR_044873.1	94.461	343	12	6	1	337	1117	1458	9.68e-148	521
ea4f41e9-cc7c-4939-9dd0-3ffc26d62742	NR_074568.1	94.428	341	14	4	1	337	1127	1466	3.48e-147	520
ea4f41e9-cc7c-4939-9dd0-3ffc26d62742	NR_178796.1	93.860	342	15	5	1	337	1125	1465	2.10e-144	510
ea4f41e9-cc7c-4939-9dd0-3ffc26d62742	NR_178939.1	93.860	342	15	5	1	337	1126	1466	2.10e-144	510
ea4f41e9-cc7c-4939-9dd0-3ffc26d62742	NR_042334.1	93.842	341	16	4	1	337	1123	1462	7.54e-144	508
737a424b-1d1d-4825-b554-7895abfe2cc5	NR_028664.1	97.895	665	9	4	1	661	833	1496	0.0	1146
737a424b-1d1d-4825-b554-7895abfe2cc5	NR_117719.1	97.895	665	9	4	1	661	830	1493	0.0	1146
737a424b-1d1d-4825-b554-7895abfe2cc5	NR_179383.1	97.744	665	10	4	1	661	837	1500	0.0	1140
737a424b-1d1d-4825-b554-7895abfe2cc5	NR_115240.1	97.882	661	9	4	1	657	810	1469	0.0	1138
737a424b-1d1d-4825-b554-7895abfe2cc5	NR_175455.1	97.598	666	10	5	1	661	818	1482	0.0	1136
fda80d58-8524-43fa-ba0c-90c7d40b530c	NR_179325.1	96.053	608	11	10	4	607	858	1456	0.0	977
fda80d58-8524-43fa-ba0c-90c7d40b530c	NR_115354.1	95.724	608	13	10	4	607	884	1482	0.0	968
fda80d58-8524-43fa-ba0c-90c7d40b530c	NR_115355.1	95.724	608	13	10	4	607	884	1482	0.0	966
fda80d58-8524-43fa-ba0c-90c7d40b530c	NR_163639.1	95.724	608	12	11	4	607	900	1497	0.0	966
fda80d58-8524-43fa-ba0c-90c7d40b530c	NR_074980.1	95.395	608	15	10	4	607	911	1509	0.0	955
cbfb87d3-2981-4505-bf14-b2d52fc9d274	NR_024842.1	97.842	556	6	6	2	553	937	1490	0.0	955
cbfb87d3-2981-4505-bf14-b2d52fc9d274	NR_115735.1	97.834	554	6	6	2	551	913	1464	0.0	952
cbfb87d3-2981-4505-bf14-b2d52fc9d274	NR_028664.1	97.487	557	7	6	2	553	943	1497	0.0	944
cbfb87d3-2981-4505-bf14-b2d52fc9d274	NR_028665.1	97.482	556	8	6	2	553	937	1490	0.0	944
cbfb87d3-2981-4505-bf14-b2d52fc9d274	NR_152678.1	97.487	557	7	6	2	553	942	1496	0.0	944
56a2b8b4-3485-4477-9f71-d6347d6121dd	NR_179540.1	95.000	680	14	15	1	669	1358	688	0.0	1050
56a2b8b4-3485-4477-9f71-d6347d6121dd	NR_199547.1	94.853	680	15	15	1	669	1318	648	0.0	1044
56a2b8b4-3485-4477-9f71-d6347d6121dd	NR_116206.1	94.706	680	16	15	1	669	1263	593	0.0	1040
56a2b8b4-3485-4477-9f71-d6347d6121dd	NR_042928.1	94.706	680	16	15	1	669	1338	668	0.0	1038
56a2b8b4-3485-4477-9f71-d6347d6121dd	NR_112026.1	94.706	680	15	15	1	669	1320	651	0.0	1038
7572c23b-af98-426c-a95c-7df9ebe6d822	NR_028664.1	91.545	615	30	18	2	599	887	1496	0.0	828
7572c23b-af98-426c-a95c-7df9ebe6d822	NR_117719.1	91.545	615	30	18	2	599	884	1493	0.0	828
7572c23b-af98-426c-a95c-7df9ebe6d822	NR_179383.1	91.545	615	30	18	2	599	891	1500	0.0	828
7572c23b-af98-426c-a95c-7df9ebe6d822	NR_175455.1	91.396	616	30	19	2	599	872	1482	0.0	822
7572c23b-af98-426c-a95c-7df9ebe6d822	NR_199974.1	91.382	615	31	19	2	599	893	1502	0.0	822
bd7acb27-aa73-4872-9c6b-2519126278c5	NR_028664.1	93.510	832	31	17	1	818	679	1501	0.0	1216
bd7acb27-aa73-4872-9c6b-2519126278c5	NR_117719.1	93.510	832	31	17	1	818	676	1498	0.0	1216
bd7acb27-aa73-4872-9c6b-2519126278c5	NR_179383.1	93.389	832	32	17	1	818	683	1505	0.0	1210
bd7acb27-aa73-4872-9c6b-2519126278c5	NR_175455.1	93.277	833	32	18	1	818	664	1487	0.0	1206
bd7acb27-aa73-4872-9c6b-2519126278c5	NR_115240.1	93.560	823	30	17	1	809	656	1469	0.0	1205
c6a1765f-47ef-4c53-91ff-e0b98b40f861	NR_042776.1	91.320	841	42	27	15	835	667	1496	0.0	1120
c6a1765f-47ef-4c53-91ff-e0b98b40f861	NR_042777.1	91.320	841	42	27	15	835	666	1495	0.0	1120
c6a1765f-47ef-4c53-91ff-e0b98b40f861	NR_042778.1	91.082	841	44	27	15	835	667	1496	0.0	1109
c6a1765f-47ef-4c53-91ff-e0b98b40f861	NR_197695.1	90.866	843	42	29	15	835	666	1495	0.0	1098
c6a1765f-47ef-4c53-91ff-e0b98b40f861	NR_126177.1	90.758	844	42	29	15	835	644	1474	0.0	1094
389350bb-2268-41fd-8ec7-a43e472b2a4e	NR_042928.1	95.720	1028	22	19	1	1015	1019	1	0.0	1635
389350bb-2268-41fd-8ec7-a43e472b2a4e	NR_199545.1	95.463	1036	25	19	1	1023	1039	13	0.0	1633
389350bb-2268-41fd-8ec7-a43e472b2a4e	NR_165747.1	95.631	1030	21	21	1	1015	1021	1	0.0	1631
389350bb-2268-41fd-8ec7-a43e472b2a4e	NR_028664.1	95.367	1036	26	19	1	1023	1042	16	0.0	1628
389350bb-2268-41fd-8ec7-a43e472b2a4e	NR_117719.1	95.367	1036	26	19	1	1023	1039	13	0.0	1628
2ceb56ae-3923-430b-86b5-590e8f9c9d54	NR_163639.1	97.481	516	4	5	1	513	991	1500	0.0	872
2ceb56ae-3923-430b-86b5-590e8f9c9d54	NR_115355.1	97.287	516	5	5	1	513	976	1485	0.0	867
2ceb56ae-3923-430b-86b5-590e8f9c9d54	NR_179325.1	97.287	516	5	5	1	513	950	1459	0.0	867
2ceb56ae-3923-430b-86b5-590e8f9c9d54	NR_119169.1	96.899	516	7	5	1	513	981	1490	0.0	859
2ceb56ae-3923-430b-86b5-590e8f9c9d54	NR_115354.1	96.705	516	8	5	1	513	976	1485	0.0	852
910f43e9-a11f-47ca-91a3-92ac70629f57	NR_199974.1	97.325	486	2	7	4	484	1026	1505	0.0	815
910f43e9-a11f-47ca-91a3-92ac70629f57	NR_117719.1	97.297	481	3	6	8	484	1022	1496	0.0	808
910f43e9-a11f-47ca-91a3-92ac70629f57	NR_179383.1	97.297	481	3	6	8	484	1029	1503	0.0	808
910f43e9-a11f-47ca-91a3-92ac70629f57	NR_025453.1	96.920	487	3	8	4	484	999	1479	0.0	806
910f43e9-a11f-47ca-91a3-92ac70629f57	NR_028664.1	97.089	481	4	6	8	484	1025	1499	0.0	802
ffa8077c-263c-4915-9241-bffdaa91a1a2	NR_029097.1	89.193	1314	71	54	1	1261	1296	1	0.0	1574
ffa8077c-263c-4915-9241-bffdaa91a1a2	NR_125571.1	88.565	1338	78	56	1	1281	1320	1	0.0	1555
ffa8077c-263c-4915-9241-bffdaa91a1a2	NR_125570.1	88.863	1293	75	52	1	1242	1278	4	0.0	1526
ffa8077c-263c-4915-9241-bffdaa91a1a2	NR_042832.1	83.962	1272	129	55	1	1217	1337	86	0.0	1151
ffa8077c-263c-4915-9241-bffdaa91a1a2	NR_113410.1	83.176	1272	139	56	1	1217	1264	13	0.0	1094
e5a8e566-bed8-47d3-90e1-14dae50b80fd	NR_199545.1	95.559	1216	25	23	7	1199	283	1492	0.0	1919
e5a8e566-bed8-47d3-90e1-14dae50b80fd	NR_179385.1	95.477	1216	26	23	7	1199	287	1496	0.0	1914
e5a8e566-bed8-47d3-90e1-14dae50b80fd	NR_165744.1	95.462	1212	26	23	7	1195	272	1477	0.0	1906
e5a8e566-bed8-47d3-90e1-14dae50b80fd	NR_028664.1	95.234	1217	28	24	7	1199	286	1496	0.0	1899
e5a8e566-bed8-47d3-90e1-14dae50b80fd	NR_028665.1	95.230	1216	29	23	7	1199	280	1489	0.0	1899
202e08b0-0911-41e7-a3de-bcf910a7246c	NR_026419.1	96.594	1145	18	14	1	1129	62	1201	0.0	1879
202e08b0-0911-41e7-a3de-bcf910a7246c	NR_133753.1	95.284	1145	32	15	1	1129	29	1167	0.0	1796
202e08b0-0911-41e7-a3de-bcf910a7246c	NR_025903.1	95.271	1142	32	15	4	1129	78	1213	0.0	1790
202e08b0-0911-41e7-a3de-bcf910a7246c	NR_133752.1	95.017	1144	35	15	2	1129	1	1138	0.0	1777
202e08b0-0911-41e7-a3de-bcf910a7246c	NR_025904.1	94.507	1147	37	18	1	1129	74	1212	0.0	1746
5951c2fc-5d46-476a-90d6-b49870695576	NR_026419.1	95.339	987	22	22	1	966	984	1	0.0	1546
5951c2fc-5d46-476a-90d6-b49870695576	NR_025903.1	94.070	995	34	23	1	974	996	6	0.0	1487
5951c2fc-5d46-476a-90d6-b49870695576	NR_133753.1	94.979	936	28	17	1	920	950	18	0.0	1450
5951c2fc-5d46-476a-90d6-b49870695576	NR_025904.1	93.380	997	37	26	1	974	995	5	0.0	1448
5951c2fc-5d46-476a-90d6-b49870695576	NR_133752.1	94.589	924	31	17	1	908	921	1	0.0	1411
09182a8f-6c07-4feb-8a39-b250e058cec0	NR_044873.1	89.144	1262	78	45	3	1241	240	1465	0.0	1517
09182a8f-6c07-4feb-8a39-b250e058cec0	NR_074568.1	88.142	1265	92	44	3	1246	251	1478	0.0	1452
09182a8f-6c07-4feb-8a39-b250e058cec0	NR_109752.1	87.924	1267	93	49	3	1246	262	1491	0.0	1437
09182a8f-6c07-4feb-8a39-b250e058cec0	NR_025310.1	87.845	1267	94	51	3	1246	231	1460	0.0	1432
09182a8f-6c07-4feb-8a39-b250e058cec0	NR_043968.1	87.757	1266	95	49	3	1246	209	1436	0.0	1424
bb6efd06-a942-4859-b637-735905fc1c4e	NR_119169.1	97.280	772	10	9	13	779	766	1	0.0	1303
bb6efd06-a942-4859-b637-735905fc1c4e	NR_115355.1	97.392	767	9	9	13	774	761	1	0.0	1299
bb6efd06-a942-4859-b637-735905fc1c4e	NR_163639.1	97.025	773	10	10	13	780	778	14	0.0	1288
bb6efd06-a942-4859-b637-735905fc1c4e	NR_119168.1	96.762	772	14	9	13	779	766	1	0.0	1277
bb6efd06-a942-4859-b637-735905fc1c4e	NR_074980.1	96.636	773	15	9	13	780	788	22	0.0	1273
3ff9f16d-56f3-40da-83dc-dc20c8ef219b	NR_113570.1	91.742	775	25	32	1	749	1455	694	0.0	1040
3ff9f16d-56f3-40da-83dc-dc20c8ef219b	NR_044091.1	92.287	752	21	30	24	749	1341	601	0.0	1033
3ff9f16d-56f3-40da-83dc-dc20c8ef219b	NR_043332.1	91.484	775	27	32	1	749	1448	687	0.0	1031
3ff9f16d-56f3-40da-83dc-dc20c8ef219b	NR_074980.1	91.484	775	27	33	1	749	1475	714	0.0	1029
3ff9f16d-56f3-40da-83dc-dc20c8ef219b	NR_113031.1	91.484	775	27	33	1	749	1475	714	0.0	1029
56d39584-2d19-4118-8030-8454df0375ca	NR_116168.1	94.541	806	24	15	23	811	618	1420	0.0	1227
56d39584-2d19-4118-8030-8454df0375ca	NR_118762.1	93.416	805	34	15	23	811	621	1422	0.0	1195
56d39584-2d19-4118-8030-8454df0375ca	NR_042878.1	94.531	768	24	13	23	774	597	1362	0.0	1171
56d39584-2d19-4118-8030-8454df0375ca	NR_025423.1	91.698	807	45	19	23	811	602	1404	0.0	1099
56d39584-2d19-4118-8030-8454df0375ca	NR_024897.1	91.708	808	43	20	23	811	617	1419	0.0	1099
78abf348-9366-4008-bda1-31a0456e401d	NR_025762.1	93.865	326	14	6	3	325	1078	756	3.32e-137	486
78abf348-9366-4008-bda1-31a0456e401d	NR_041879.1	93.865	326	14	6	3	325	1057	735	3.32e-137	486
78abf348-9366-4008-bda1-31a0456e401d	NR_113570.1	93.865	326	14	6	3	325	1107	785	3.32e-137	486
78abf348-9366-4008-bda1-31a0456e401d	NR_115355.1	93.865	326	14	6	3	325	1100	778	3.32e-137	486
78abf348-9366-4008-bda1-31a0456e401d	NR_044091.1	93.865	326	14	6	3	325	1014	692	3.32e-137	486
80f6fd60-b477-4a7f-be49-157015c1a00c	NR_042776.1	97.203	1180	18	12	2	1173	1190	18	0.0	1982
80f6fd60-b477-4a7f-be49-157015c1a00c	NR_042778.1	97.034	1180	20	12	2	1173	1190	18	0.0	1971
80f6fd60-b477-4a7f-be49-157015c1a00c	NR_042777.1	96.949	1180	20	12	2	1173	1189	18	0.0	1965
80f6fd60-b477-4a7f-be49-157015c1a00c	NR_197695.1	96.610	1180	25	12	2	1173	1189	17	0.0	1943
80f6fd60-b477-4a7f-be49-157015c1a00c	NR_118998.1	96.186	1180	29	13	2	1173	1184	13	0.0	1917
18da9389-09f6-47f4-830e-d2fab3b22541	NR_179540.1	94.479	1304	36	29	1	1295	220	1496	0.0	1977
18da9389-09f6-47f4-830e-d2fab3b22541	NR_042928.1	94.599	1296	34	29	1	1287	200	1468	0.0	1973
18da9389-09f6-47f4-830e-d2fab3b22541	NR_042927.1	94.522	1296	36	29	1	1287	202	1471	0.0	1967
18da9389-09f6-47f4-830e-d2fab3b22541	NR_115734.1	94.522	1296	36	29	1	1287	203	1472	0.0	1967
18da9389-09f6-47f4-830e-d2fab3b22541	NR_028664.1	94.325	1304	39	29	1	1295	223	1500	0.0	1965
ca1c81aa-bb28-41dd-83b9-9e9a5d95c965	NR_024816.1	96.167	887	16	12	1	882	605	1478	0.0	1434
ca1c81aa-bb28-41dd-83b9-9e9a5d95c965	NR_113118.1	93.537	882	38	13	6	882	599	1466	0.0	1295
ca1c81aa-bb28-41dd-83b9-9e9a5d95c965	NR_113119.1	93.537	882	38	13	6	882	599	1466	0.0	1295
ca1c81aa-bb28-41dd-83b9-9e9a5d95c965	NR_044628.1	92.580	876	46	13	6	876	619	1480	0.0	1251
ca1c81aa-bb28-41dd-83b9-9e9a5d95c965	NR_029147.1	92.446	887	47	13	1	882	610	1481	0.0	1249
80bca4e9-3423-4ce0-a97d-27314e5e16e1	NR_074980.1	89.279	1026	64	40	1	1006	1013	14	0.0	1243
80bca4e9-3423-4ce0-a97d-27314e5e16e1	NR_113031.1	89.279	1026	64	40	1	1006	1013	14	0.0	1243
80bca4e9-3423-4ce0-a97d-27314e5e16e1	NR_043332.1	89.229	1012	64	39	1	993	986	1	0.0	1225
80bca4e9-3423-4ce0-a97d-27314e5e16e1	NR_115354.1	89.229	1012	64	39	1	993	986	1	0.0	1225
80bca4e9-3423-4ce0-a97d-27314e5e16e1	NR_113570.1	88.911	1019	67	40	1	999	993	1	0.0	1214
ca47d331-8a04-437c-aae2-abe00579e836	NR_115355.1	93.390	1059	31	32	14	1040	435	1486	0.0	1531
ca47d331-8a04-437c-aae2-abe00579e836	NR_179325.1	93.390	1059	31	32	14	1040	409	1460	0.0	1531
ca47d331-8a04-437c-aae2-abe00579e836	NR_163639.1	93.201	1059	32	33	14	1040	451	1501	0.0	1520
ca47d331-8a04-437c-aae2-abe00579e836	NR_119169.1	93.107	1059	34	31	14	1040	440	1491	0.0	1519
ca47d331-8a04-437c-aae2-abe00579e836	NR_113570.1	92.925	1060	35	33	14	1040	442	1494	0.0	1506
0ab3912e-3d51-473d-9968-755ff103badf	NR_026419.1	97.256	328	7	2	1	328	1159	1484	9.22e-158	555
0ab3912e-3d51-473d-9968-755ff103badf	NR_025904.1	95.427	328	12	3	1	328	1170	1494	3.36e-147	520
0ab3912e-3d51-473d-9968-755ff103badf	NR_025903.1	95.427	328	12	3	1	328	1171	1495	3.36e-147	520
0ab3912e-3d51-473d-9968-755ff103badf	NR_133752.1	95.710	303	12	1	1	303	1096	1397	3.41e-137	486
0ab3912e-3d51-473d-9968-755ff103badf	NR_133753.1	95.710	303	12	1	1	303	1125	1426	3.41e-137	486
4c80e00f-69b9-492f-bd7e-c31b4ab47bb7	NR_042776.1	94.771	459	14	8	1	449	1143	685	0.0	706
4c80e00f-69b9-492f-bd7e-c31b4ab47bb7	NR_042777.1	94.771	459	14	8	1	449	1142	684	0.0	706
4c80e00f-69b9-492f-bd7e-c31b4ab47bb7	NR_042778.1	94.771	459	14	8	1	449	1143	685	0.0	706
4c80e00f-69b9-492f-bd7e-c31b4ab47bb7	NR_197695.1	94.336	459	16	8	1	449	1142	684	0.0	695
4c80e00f-69b9-492f-bd7e-c31b4ab47bb7	NR_118998.1	93.682	459	18	9	1	449	1137	680	0.0	676
92860b72-ed69-400f-a1f7-4b4661cadf6a	NR_042928.1	95.866	387	6	7	1	381	395	13	1.33e-176	617
92860b72-ed69-400f-a1f7-4b4661cadf6a	NR_109720.1	95.607	387	9	5	1	381	391	7	1.73e-175	614
92860b72-ed69-400f-a1f7-4b4661cadf6a	NR_199547.1	96.543	376	4	5	1	370	375	3	1.73e-175	614
92860b72-ed69-400f-a1f7-4b4661cadf6a	NR_112026.1	95.812	382	6	7	1	376	378	1	8.03e-174	608
92860b72-ed69-400f-a1f7-4b4661cadf6a	NR_114537.1	94.819	386	12	5	1	380	384	1	6.25e-170	595
92925eb6-64eb-4d3d-9980-76b7acad3ff5	NR_029097.1	96.137	906	21	10	1	896	903	2	0.0	1467
92925eb6-64eb-4d3d-9980-76b7acad3ff5	NR_125571.1	94.861	934	28	16	1	921	927	1	0.0	1445
92925eb6-64eb-4d3d-9980-76b7acad3ff5	NR_125570.1	95.501	889	26	10	1	879	885	1	0.0	1408
92925eb6-64eb-4d3d-9980-76b7acad3ff5	NR_180797.1	88.530	959	80	26	1	940	958	11	0.0	1134
92925eb6-64eb-4d3d-9980-76b7acad3ff5	NR_118086.1	87.774	957	96	16	1	942	958	8	0.0	1099
a468188a-d46a-4e4e-baa7-ce9ce09d65d4	NR_136788.1	87.034	671	47	34	1	649	828	1480	0.0	721
a468188a-d46a-4e4e-baa7-ce9ce09d65d4	NR_026230.1	84.352	671	65	34	1	649	806	1458	1.39e-178	625
a468188a-d46a-4e4e-baa7-ce9ce09d65d4	NR_113082.1	83.670	643	63	36	1	620	828	1451	2.38e-161	568
a468188a-d46a-4e4e-baa7-ce9ce09d65d4	NR_026136.1	80.030	676	87	42	1	649	808	1462	5.38e-128	457
a468188a-d46a-4e4e-baa7-ce9ce09d65d4	NR_113080.1	80.030	676	87	42	1	649	828	1482	5.38e-128	457
66fb7121-1bc0-41a6-873a-c386ba803494	NR_115241.1	96.174	967	23	11	2	958	967	5	0.0	1568
66fb7121-1bc0-41a6-873a-c386ba803494	NR_024842.1	95.967	967	25	11	2	958	982	20	0.0	1561
66fb7121-1bc0-41a6-873a-c386ba803494	NR_115735.1	96.050	962	23	12	2	952	958	1	0.0	1552
66fb7121-1bc0-41a6-873a-c386ba803494	NR_178515.1	95.558	968	27	13	2	958	967	5	0.0	1535
66fb7121-1bc0-41a6-873a-c386ba803494	NR_165737.1	95.351	968	29	13	2	958	967	5	0.0	1524
a6a6a381-8f30-42ce-a8f1-07d2ae936886	NR_115735.1	93.433	1066	35	27	20	1061	1180	126	0.0	1548
a6a6a381-8f30-42ce-a8f1-07d2ae936886	NR_116211.1	93.433	1066	35	27	20	1061	1112	58	0.0	1548
a6a6a381-8f30-42ce-a8f1-07d2ae936886	NR_024842.1	93.246	1066	37	27	20	1061	1204	150	0.0	1541
a6a6a381-8f30-42ce-a8f1-07d2ae936886	NR_115241.1	93.246	1066	37	27	20	1061	1189	135	0.0	1541
a6a6a381-8f30-42ce-a8f1-07d2ae936886	NR_178515.1	93.065	1067	37	29	20	1061	1189	135	0.0	1526
a96bdc19-42d3-433e-acaf-80a0844103b1	NR_145948.1	88.276	1015	77	34	1	983	472	1476	0.0	1177
a96bdc19-42d3-433e-acaf-80a0844103b1	NR_042311.1	87.972	1006	84	28	1	983	472	1463	0.0	1153
a96bdc19-42d3-433e-acaf-80a0844103b1	NR_157612.1	87.338	1003	95	26	1	983	470	1460	0.0	1120
a96bdc19-42d3-433e-acaf-80a0844103b1	NR_025461.1	87.198	992	95	26	1	972	458	1437	0.0	1099
a96bdc19-42d3-433e-acaf-80a0844103b1	NR_115036.1	87.198	992	95	26	1	972	478	1457	0.0	1099
a636928a-4b5f-4d5f-83fc-e8f91e476526	NR_116168.1	95.556	720	15	14	1	706	742	26	0.0	1136
a636928a-4b5f-4d5f-83fc-e8f91e476526	NR_042878.1	95.139	720	18	14	1	706	721	5	0.0	1129
a636928a-4b5f-4d5f-83fc-e8f91e476526	NR_118762.1	93.872	718	27	14	1	704	745	31	0.0	1086
a636928a-4b5f-4d5f-83fc-e8f91e476526	NR_118143.1	92.659	722	34	16	1	706	723	5	0.0	1024
a636928a-4b5f-4d5f-83fc-e8f91e476526	NR_025423.1	92.680	724	30	19	1	706	726	8	0.0	1022
c133069a-bfbd-404e-bb4b-f669e5619594	NR_024842.1	95.322	684	26	6	1	683	686	8	0.0	1085
c133069a-bfbd-404e-bb4b-f669e5619594	NR_115241.1	95.562	676	24	6	1	675	671	1	0.0	1077
c133069a-bfbd-404e-bb4b-f669e5619594	NR_165737.1	94.978	677	26	8	1	675	671	1	0.0	1055
c133069a-bfbd-404e-bb4b-f669e5619594	NR_178515.1	94.978	677	26	8	1	675	671	1	0.0	1055
c133069a-bfbd-404e-bb4b-f669e5619594	NR_115735.1	95.352	667	24	7	1	665	662	1	0.0	1053
c588412e-d5ed-4372-8ccb-3deb5cb678e8	NR_026419.1	92.267	1138	55	27	2	1119	1239	115	0.0	1583
c588412e-d5ed-4372-8ccb-3deb5cb678e8	NR_133753.1	91.213	1138	66	28	2	1119	1205	82	0.0	1517
c588412e-d5ed-4372-8ccb-3deb5cb678e8	NR_025903.1	91.213	1138	66	28	2	1119	1251	128	0.0	1517
c588412e-d5ed-4372-8ccb-3deb5cb678e8	NR_133752.1	90.949	1138	69	28	2	1119	1176	53	0.0	1500
c588412e-d5ed-4372-8ccb-3deb5cb678e8	NR_025904.1	90.526	1140	70	31	2	1119	1250	127	0.0	1472
0dadf917-bf55-4257-a001-d60b0385e674	NR_042776.1	96.928	1237	15	14	12	1230	268	1499	0.0	2052
0dadf917-bf55-4257-a001-d60b0385e674	NR_042777.1	96.847	1237	15	15	12	1230	268	1498	0.0	2047
0dadf917-bf55-4257-a001-d60b0385e674	NR_197695.1	96.686	1237	18	14	12	1230	267	1498	0.0	2036
0dadf917-bf55-4257-a001-d60b0385e674	NR_042778.1	96.683	1236	18	14	13	1230	269	1499	0.0	2034
0dadf917-bf55-4257-a001-d60b0385e674	NR_118998.1	96.182	1231	23	15	18	1230	269	1493	0.0	1991
5e7993a4-7b0e-43bc-90ef-7f47502a36e6	NR_044091.1	95.570	474	10	9	1	467	1127	658	0.0	749
5e7993a4-7b0e-43bc-90ef-7f47502a36e6	NR_042940.1	94.937	474	13	9	1	467	1125	656	0.0	732
5e7993a4-7b0e-43bc-90ef-7f47502a36e6	NR_025762.1	94.726	474	13	10	1	467	1190	722	0.0	726
5e7993a4-7b0e-43bc-90ef-7f47502a36e6	NR_041879.1	94.726	474	14	9	1	467	1170	701	0.0	726
5e7993a4-7b0e-43bc-90ef-7f47502a36e6	NR_113570.1	94.726	474	13	10	1	467	1219	751	0.0	726
f85435a1-3aa7-4144-ae44-26eee90ee5fa	NR_117694.1	93.551	1132	35	34	20	1130	1115	1	0.0	1652
f85435a1-3aa7-4144-ae44-26eee90ee5fa	NR_041989.1	94.210	1088	29	30	20	1088	1073	1	0.0	1629
f85435a1-3aa7-4144-ae44-26eee90ee5fa	NR_121687.1	92.807	1140	44	33	20	1138	1135	13	0.0	1616
f85435a1-3aa7-4144-ae44-26eee90ee5fa	NR_117717.1	92.794	1138	47	30	20	1138	1135	14	0.0	1615
f85435a1-3aa7-4144-ae44-26eee90ee5fa	NR_121688.1	92.619	1138	50	29	20	1138	1135	13	0.0	1605
514ab687-f932-4646-a22e-068ede9efd64	NR_163639.1	93.788	660	13	22	1	645	650	4	0.0	966
514ab687-f932-4646-a22e-068ede9efd64	NR_119169.1	93.692	650	14	21	1	634	639	1	0.0	952
514ab687-f932-4646-a22e-068ede9efd64	NR_115355.1	93.798	645	13	21	1	629	634	1	0.0	948
514ab687-f932-4646-a22e-068ede9efd64	NR_074980.1	93.303	657	17	21	4	644	658	13	0.0	944
514ab687-f932-4646-a22e-068ede9efd64	NR_113031.1	93.303	657	17	21	4	644	658	13	0.0	944
0adfbc30-57d0-4a04-acd5-b42339b1dc4f	NR_029097.1	93.157	643	25	16	1	629	1262	625	0.0	926
0adfbc30-57d0-4a04-acd5-b42339b1dc4f	NR_125570.1	92.691	643	28	16	1	629	1244	607	0.0	909
0adfbc30-57d0-4a04-acd5-b42339b1dc4f	NR_125571.1	92.379	643	30	16	1	629	1286	649	0.0	898
0adfbc30-57d0-4a04-acd5-b42339b1dc4f	NR_025127.1	86.977	645	61	20	1	629	1318	681	0.0	704
0adfbc30-57d0-4a04-acd5-b42339b1dc4f	NR_042832.1	86.533	646	63	21	1	629	1303	665	0.0	691
068239ed-a8c1-40d9-aefb-a24801ed7d35	NR_042776.1	97.778	585	5	7	1	577	915	1499	0.0	1002
068239ed-a8c1-40d9-aefb-a24801ed7d35	NR_042777.1	97.778	585	5	7	1	577	914	1498	0.0	1002
068239ed-a8c1-40d9-aefb-a24801ed7d35	NR_042778.1	97.436	585	7	7	1	577	915	1499	0.0	990
068239ed-a8c1-40d9-aefb-a24801ed7d35	NR_197695.1	97.265	585	8	7	1	577	914	1498	0.0	985
068239ed-a8c1-40d9-aefb-a24801ed7d35	NR_042052.1	96.752	585	11	7	1	577	813	1397	0.0	968
d4bc072d-ea6c-4751-be00-40b296d43b8d	NR_042776.1	95.502	667	15	15	1	663	669	14	0.0	1051
d4bc072d-ea6c-4751-be00-40b296d43b8d	NR_042778.1	95.202	667	17	15	1	663	669	14	0.0	1040
d4bc072d-ea6c-4751-be00-40b296d43b8d	NR_042777.1	95.060	668	15	18	1	663	668	14	0.0	1035
d4bc072d-ea6c-4751-be00-40b296d43b8d	NR_197695.1	94.760	668	18	17	1	663	668	13	0.0	1024
d4bc072d-ea6c-4751-be00-40b296d43b8d	NR_118998.1	94.453	667	22	15	1	663	664	9	0.0	1014
412531b2-ee0c-4b23-99d6-09e9d2cf9c0a	NR_119169.1	87.290	952	43	39	20	905	942	3	0.0	1020
412531b2-ee0c-4b23-99d6-09e9d2cf9c0a	NR_115355.1	87.355	949	42	39	20	902	937	1	0.0	1018
412531b2-ee0c-4b23-99d6-09e9d2cf9c0a	NR_179325.1	87.908	918	37	37	20	872	911	3	0.0	1013
412531b2-ee0c-4b23-99d6-09e9d2cf9c0a	NR_074980.1	86.925	956	47	39	20	909	964	21	0.0	1002
412531b2-ee0c-4b23-99d6-09e9d2cf9c0a	NR_113031.1	86.925	956	47	39	20	909	964	21	0.0	1002
f246d521-c5ed-4c8f-bff3-24e7dd8ec2e0	NR_026419.1	98.566	279	2	2	6	284	1208	1484	6.32e-139	492
f246d521-c5ed-4c8f-bff3-24e7dd8ec2e0	NR_025904.1	96.774	279	6	3	6	284	1219	1494	4.95e-130	462
f246d521-c5ed-4c8f-bff3-24e7dd8ec2e0	NR_025903.1	96.774	279	6	3	6	284	1220	1495	4.95e-130	462
f246d521-c5ed-4c8f-bff3-24e7dd8ec2e0	NR_133752.1	96.863	255	6	2	6	260	1145	1397	6.50e-119	425
f246d521-c5ed-4c8f-bff3-24e7dd8ec2e0	NR_133753.1	96.863	255	6	2	6	260	1174	1426	6.50e-119	425
7465146b-b42e-4da3-9d05-4b723b0f3db4	NR_044873.1	95.263	760	17	15	1	747	1445	692	0.0	1186
7465146b-b42e-4da3-9d05-4b723b0f3db4	NR_074568.1	94.335	759	24	15	1	747	1453	702	0.0	1146
7465146b-b42e-4da3-9d05-4b723b0f3db4	NR_044712.2	94.071	759	26	15	1	747	1462	711	0.0	1138
7465146b-b42e-4da3-9d05-4b723b0f3db4	NR_025310.1	93.693	761	27	17	1	747	1435	682	0.0	1120
7465146b-b42e-4da3-9d05-4b723b0f3db4	NR_109752.1	93.553	760	30	15	1	747	1466	713	0.0	1114
42288b50-b30d-47d9-8609-c07a873a3a6a	NR_024842.1	96.689	302	4	4	1	300	1192	1489	1.41e-140	497
42288b50-b30d-47d9-8609-c07a873a3a6a	NR_115735.1	96.678	301	4	4	1	299	1168	1464	5.08e-140	496
42288b50-b30d-47d9-8609-c07a873a3a6a	NR_178262.1	96.370	303	4	5	1	300	1071	1369	6.58e-139	492
42288b50-b30d-47d9-8609-c07a873a3a6a	NR_179215.1	96.370	303	4	5	1	300	1193	1491	6.58e-139	492
42288b50-b30d-47d9-8609-c07a873a3a6a	NR_179720.1	96.370	303	4	5	1	300	1197	1495	6.58e-139	492
5de0539a-0a43-467d-a700-6bad5b7462a4	NR_179385.1	96.031	1436	37	16	13	1436	1443	16	0.0	2318
5de0539a-0a43-467d-a700-6bad5b7462a4	NR_199545.1	96.031	1436	37	16	13	1436	1439	12	0.0	2318
5de0539a-0a43-467d-a700-6bad5b7462a4	NR_028664.1	95.649	1448	42	17	2	1436	1454	15	0.0	2305
5de0539a-0a43-467d-a700-6bad5b7462a4	NR_179383.1	95.580	1448	43	16	2	1436	1458	19	0.0	2300
5de0539a-0a43-467d-a700-6bad5b7462a4	NR_165741.1	95.752	1436	41	16	13	1436	1428	1	0.0	2296
9ba62112-59ff-407f-83ac-78f3f053eb5e	NR_042928.1	94.992	599	19	10	4	597	593	1	0.0	929
9ba62112-59ff-407f-83ac-78f3f053eb5e	NR_109720.1	94.772	593	22	8	4	591	589	1	0.0	915
9ba62112-59ff-407f-83ac-78f3f053eb5e	NR_199547.1	95.486	576	16	9	4	574	573	3	0.0	911
9ba62112-59ff-407f-83ac-78f3f053eb5e	NR_036936.1	94.157	599	26	8	4	597	595	1	0.0	905
9ba62112-59ff-407f-83ac-78f3f053eb5e	NR_112026.1	95.017	582	18	10	4	580	576	1	0.0	904
d9439f2c-ee0b-4ced-a501-75a81e2a2201	NR_117694.1	89.803	559	32	14	1	551	542	1	0.0	693
d9439f2c-ee0b-4ced-a501-75a81e2a2201	NR_025892.1	88.968	562	37	14	1	554	568	24	0.0	688
d9439f2c-ee0b-4ced-a501-75a81e2a2201	NR_117717.1	88.929	560	41	10	1	554	563	19	0.0	671
d9439f2c-ee0b-4ced-a501-75a81e2a2201	NR_121688.1	88.929	560	41	10	1	554	562	18	0.0	671
d9439f2c-ee0b-4ced-a501-75a81e2a2201	NR_041989.1	90.680	515	27	10	1	509	500	1	0.0	665
6794a38c-998e-4836-be6c-3553f678de25	NR_044873.1	91.797	256	16	5	1	252	1208	1462	9.73e-97	351
6794a38c-998e-4836-be6c-3553f678de25	NR_178796.1	90.588	255	20	4	1	252	1216	1469	9.80e-92	335
6794a38c-998e-4836-be6c-3553f678de25	NR_178939.1	90.588	255	20	4	1	252	1217	1470	9.80e-92	335
6794a38c-998e-4836-be6c-3553f678de25	NR_074568.1	90.588	255	19	5	1	252	1218	1470	3.53e-91	333
6794a38c-998e-4836-be6c-3553f678de25	NR_165019.1	91.701	241	17	3	1	239	1193	1432	1.27e-90	331
1603cd4c-1442-4c5c-a170-9817ae7f9f9c	NR_041989.1	94.103	390	14	6	1	382	644	256	1.36e-166	584
1603cd4c-1442-4c5c-a170-9817ae7f9f9c	NR_117717.1	93.590	390	16	6	1	382	707	319	2.95e-163	573
1603cd4c-1442-4c5c-a170-9817ae7f9f9c	NR_117696.1	93.590	390	16	6	1	382	673	285	2.95e-163	573
1603cd4c-1442-4c5c-a170-9817ae7f9f9c	NR_117701.1	93.590	390	16	6	1	382	686	298	2.95e-163	573
1603cd4c-1442-4c5c-a170-9817ae7f9f9c	NR_104947.1	93.333	390	17	6	1	382	659	271	1.37e-161	568
85411880-71f4-4f82-a6ee-d51e21fcb3f1	NR_042776.1	96.960	921	9	14	22	932	929	18	0.0	1528
85411880-71f4-4f82-a6ee-d51e21fcb3f1	NR_042777.1	96.848	920	11	12	22	932	928	18	0.0	1522
85411880-71f4-4f82-a6ee-d51e21fcb3f1	NR_042778.1	96.743	921	11	14	22	932	929	18	0.0	1517
85411880-71f4-4f82-a6ee-d51e21fcb3f1	NR_197695.1	96.308	921	15	14	22	932	928	17	0.0	1495
85411880-71f4-4f82-a6ee-d51e21fcb3f1	NR_118998.1	95.450	945	21	17	1	932	948	13	0.0	1489
4337c70c-3e8f-47dc-9476-9c29180c1b7b	NR_024842.1	97.590	664	10	5	1	663	829	1487	0.0	1133
4337c70c-3e8f-47dc-9476-9c29180c1b7b	NR_115735.1	97.590	664	10	5	1	663	805	1463	0.0	1133
4337c70c-3e8f-47dc-9476-9c29180c1b7b	NR_036936.1	97.285	663	11	6	1	661	814	1471	0.0	1118
4337c70c-3e8f-47dc-9476-9c29180c1b7b	NR_115241.1	97.130	662	13	5	1	661	814	1470	0.0	1118
4337c70c-3e8f-47dc-9476-9c29180c1b7b	NR_165737.1	97.285	663	11	6	1	661	814	1471	0.0	1118
a0f4f149-0b5d-4e4d-b8d0-93d9ab3c84e2	NR_042776.1	93.130	655	20	18	9	649	861	1504	0.0	937
a0f4f149-0b5d-4e4d-b8d0-93d9ab3c84e2	NR_042777.1	93.130	655	20	18	9	649	860	1503	0.0	937
a0f4f149-0b5d-4e4d-b8d0-93d9ab3c84e2	NR_042778.1	92.824	655	22	18	9	649	861	1504	0.0	926
a0f4f149-0b5d-4e4d-b8d0-93d9ab3c84e2	NR_197695.1	92.824	655	22	18	9	649	860	1503	0.0	926
a0f4f149-0b5d-4e4d-b8d0-93d9ab3c84e2	NR_118998.1	92.355	654	26	18	9	649	856	1498	0.0	909
5f6cdcbd-afb6-4c67-b9c5-baad84841832	NR_042776.1	98.415	757	4	5	14	763	772	17	0.0	1325
5f6cdcbd-afb6-4c67-b9c5-baad84841832	NR_042778.1	98.151	757	6	5	14	763	772	17	0.0	1314
5f6cdcbd-afb6-4c67-b9c5-baad84841832	NR_042777.1	98.018	757	6	6	14	763	771	17	0.0	1306
5f6cdcbd-afb6-4c67-b9c5-baad84841832	NR_197695.1	97.754	757	9	5	14	763	771	16	0.0	1297
5f6cdcbd-afb6-4c67-b9c5-baad84841832	NR_118998.1	97.490	757	11	5	14	763	767	12	0.0	1288
9f73a075-4c10-4278-a8c8-81f29e7aaab2	NR_115355.1	94.048	1176	35	23	9	1162	1373	211	0.0	1751
9f73a075-4c10-4278-a8c8-81f29e7aaab2	NR_179325.1	94.048	1176	35	23	9	1162	1347	185	0.0	1751
9f73a075-4c10-4278-a8c8-81f29e7aaab2	NR_041879.1	93.968	1177	35	24	9	1162	1331	168	0.0	1748
9f73a075-4c10-4278-a8c8-81f29e7aaab2	NR_119169.1	93.707	1176	39	23	9	1162	1378	216	0.0	1735
9f73a075-4c10-4278-a8c8-81f29e7aaab2	NR_163639.1	93.787	1175	36	26	9	1162	1388	230	0.0	1731
28e1a2c3-46f4-44b9-9b01-956d665b7104	NR_025862.1	95.165	393	11	7	1	385	1294	902	4.85e-176	616
28e1a2c3-46f4-44b9-9b01-956d665b7104	NR_028682.1	95.165	393	11	7	1	385	1295	903	1.75e-175	614
28e1a2c3-46f4-44b9-9b01-956d665b7104	NR_026454.1	94.656	393	13	7	1	385	1271	879	3.78e-172	603
28e1a2c3-46f4-44b9-9b01-956d665b7104	NR_042500.1	94.148	393	15	7	1	385	1225	833	8.18e-169	592
28e1a2c3-46f4-44b9-9b01-956d665b7104	NR_025396.1	93.639	393	17	7	1	385	1266	874	1.77e-165	580
80173a9e-569f-4ad9-8f0d-9a2a476bfce3	NR_025903.1	93.439	442	17	11	7	444	451	18	0.0	645
80173a9e-569f-4ad9-8f0d-9a2a476bfce3	NR_133753.1	92.736	413	18	11	7	415	405	1	4.55e-167	586
80173a9e-569f-4ad9-8f0d-9a2a476bfce3	NR_026419.1	90.971	443	27	13	7	444	439	5	1.64e-166	584
80173a9e-569f-4ad9-8f0d-9a2a476bfce3	NR_025904.1	90.703	441	27	13	9	444	448	17	9.85e-164	575
80173a9e-569f-4ad9-8f0d-9a2a476bfce3	NR_133752.1	92.670	382	16	11	7	384	376	3	3.59e-153	540
b9166fbc-a83e-457e-8c99-79658d0b906c	NR_027214.1	94.005	834	27	18	3	820	642	1468	0.0	1242
b9166fbc-a83e-457e-8c99-79658d0b906c	NR_117719.1	93.594	843	30	19	3	828	662	1497	0.0	1236
b9166fbc-a83e-457e-8c99-79658d0b906c	NR_165744.1	93.885	834	28	18	3	820	651	1477	0.0	1236
b9166fbc-a83e-457e-8c99-79658d0b906c	NR_180629.1	93.727	813	28	18	3	799	624	1429	0.0	1197
b9166fbc-a83e-457e-8c99-79658d0b906c	NR_180625.1	93.505	816	25	21	3	800	624	1429	0.0	1188
3589e6f5-95c7-4c80-8903-d5ebd892b6f7	NR_025862.1	95.087	692	21	11	4	688	913	228	0.0	1083
3589e6f5-95c7-4c80-8903-d5ebd892b6f7	NR_042406.1	90.606	809	55	18	4	799	904	104	0.0	1053
3589e6f5-95c7-4c80-8903-d5ebd892b6f7	NR_026454.1	94.245	695	24	13	4	688	890	202	0.0	1048
3589e6f5-95c7-4c80-8903-d5ebd892b6f7	NR_024906.1	90.335	807	61	15	4	799	903	103	0.0	1042
3589e6f5-95c7-4c80-8903-d5ebd892b6f7	NR_113906.1	90.335	807	61	15	4	799	904	104	0.0	1042
75c83ad9-bc08-4169-9df1-d06dc8c8d687	NR_119003.1	88.972	399	29	10	15	405	853	1244	1.97e-135	481
75c83ad9-bc08-4169-9df1-d06dc8c8d687	NR_118941.1	88.830	376	31	6	2	372	740	1109	2.55e-134	477
75c83ad9-bc08-4169-9df1-d06dc8c8d687	NR_118998.1	88.049	410	35	9	3	405	838	1240	3.30e-133	473
75c83ad9-bc08-4169-9df1-d06dc8c8d687	NR_118918.1	90.358	363	21	8	5	362	668	1021	4.26e-132	470
75c83ad9-bc08-4169-9df1-d06dc8c8d687	NR_119002.1	88.529	401	27	15	15	405	849	1240	1.53e-131	468
ca9bf3aa-5e34-47d3-9684-6868adeb0407	NR_042776.1	97.180	461	6	5	1	455	1043	1502	0.0	773
ca9bf3aa-5e34-47d3-9684-6868adeb0407	NR_042777.1	97.180	461	6	5	1	455	1042	1501	0.0	773
ca9bf3aa-5e34-47d3-9684-6868adeb0407	NR_042052.1	96.746	461	8	5	1	455	941	1400	0.0	761
ca9bf3aa-5e34-47d3-9684-6868adeb0407	NR_042778.1	96.746	461	8	5	1	455	1043	1502	0.0	761
ca9bf3aa-5e34-47d3-9684-6868adeb0407	NR_114642.1	96.746	461	8	5	1	455	1000	1459	0.0	761
c3785728-5f69-4ecc-afd4-819e2910af06	NR_074980.1	91.473	516	24	17	1	507	517	13	0.0	691
c3785728-5f69-4ecc-afd4-819e2910af06	NR_113031.1	91.473	516	24	17	1	507	517	13	0.0	691
c3785728-5f69-4ecc-afd4-819e2910af06	NR_163639.1	91.489	517	21	20	1	508	506	4	0.0	689
c3785728-5f69-4ecc-afd4-819e2910af06	NR_119168.1	91.502	506	23	17	1	497	495	1	0.0	678
c3785728-5f69-4ecc-afd4-819e2910af06	NR_119169.1	91.304	506	24	17	1	497	495	1	0.0	676
d1f36414-fdb2-4d82-96c4-bf498f2a0cc7	NR_042928.1	94.978	1374	39	25	1	1355	1364	2	0.0	2128
d1f36414-fdb2-4d82-96c4-bf498f2a0cc7	NR_199547.1	95.337	1351	36	22	1	1333	1344	3	0.0	2121
d1f36414-fdb2-4d82-96c4-bf498f2a0cc7	NR_112026.1	95.033	1349	38	24	9	1339	1338	1	0.0	2095
d1f36414-fdb2-4d82-96c4-bf498f2a0cc7	NR_117719.1	94.003	1384	51	27	1	1364	1384	13	0.0	2067
d1f36414-fdb2-4d82-96c4-bf498f2a0cc7	NR_179385.1	94.003	1384	51	26	1	1364	1388	17	0.0	2067
46cf8754-8791-4af6-ac44-606bc8274734	NR_042776.1	96.165	991	15	20	1	975	1007	24	0.0	1598
46cf8754-8791-4af6-ac44-606bc8274734	NR_042778.1	95.964	991	17	19	1	975	1007	24	0.0	1587
46cf8754-8791-4af6-ac44-606bc8274734	NR_042777.1	95.863	991	17	20	1	975	1006	24	0.0	1581
46cf8754-8791-4af6-ac44-606bc8274734	NR_197695.1	95.560	991	21	19	1	975	1006	23	0.0	1565
46cf8754-8791-4af6-ac44-606bc8274734	NR_118998.1	95.055	991	25	21	1	975	1001	19	0.0	1539
