4b689682-ef2f-4399-8ef2-cc7c9a4b503d	NR_042776.1	97.199	821	15	7	1	817	834	18	0.0	1382
4b689682-ef2f-4399-8ef2-cc7c9a4b503d	NR_042778.1	96.955	821	17	7	1	817	834	18	0.0	1371
4b689682-ef2f-4399-8ef2-cc7c9a4b503d	NR_042777.1	96.833	821	17	9	1	817	833	18	0.0	1363
4b689682-ef2f-4399-8ef2-cc7c9a4b503d	NR_197695.1	96.590	821	20	8	1	817	833	17	0.0	1354
4b689682-ef2f-4399-8ef2-cc7c9a4b503d	NR_118998.1	96.346	821	22	8	1	817	829	13	0.0	1345
28ee09d3-fdf6-4d41-a8bf-20dd952dcdca	NR_115355.1	88.652	1313	86	51	14	1282	189	1482	0.0	1541
28ee09d3-fdf6-4d41-a8bf-20dd952dcdca	NR_179325.1	88.652	1313	86	51	14	1282	163	1456	0.0	1541
28ee09d3-fdf6-4d41-a8bf-20dd952dcdca	NR_163639.1	88.491	1312	86	55	14	1282	208	1497	0.0	1526
28ee09d3-fdf6-4d41-a8bf-20dd952dcdca	NR_119169.1	88.347	1313	90	51	14	1282	194	1487	0.0	1524
28ee09d3-fdf6-4d41-a8bf-20dd952dcdca	NR_115354.1	88.195	1313	92	51	14	1282	189	1482	0.0	1509
15a1ff78-d617-415f-bccb-4e86dbb0f6a3	NR_042776.1	89.438	445	23	17	1	430	1043	1478	3.51e-153	540
15a1ff78-d617-415f-bccb-4e86dbb0f6a3	NR_042777.1	89.438	445	23	17	1	430	1042	1477	3.51e-153	540
15a1ff78-d617-415f-bccb-4e86dbb0f6a3	NR_042778.1	88.962	453	26	17	1	438	1043	1486	1.26e-152	538
15a1ff78-d617-415f-bccb-4e86dbb0f6a3	NR_118998.1	88.962	453	26	17	1	438	1037	1480	1.26e-152	538
15a1ff78-d617-415f-bccb-4e86dbb0f6a3	NR_197695.1	90.238	420	21	14	1	407	1042	1454	2.11e-150	531
77326d34-d51d-473a-a108-996ccf94f676	NR_119169.1	93.481	859	33	18	1	842	853	1	0.0	1258
77326d34-d51d-473a-a108-996ccf94f676	NR_074980.1	93.111	871	33	21	1	852	875	13	0.0	1251
77326d34-d51d-473a-a108-996ccf94f676	NR_113031.1	93.111	871	33	21	1	852	875	13	0.0	1251
77326d34-d51d-473a-a108-996ccf94f676	NR_163639.1	93.111	871	32	22	1	853	864	4	0.0	1251
77326d34-d51d-473a-a108-996ccf94f676	NR_115355.1	93.458	856	29	21	1	837	848	1	0.0	1249
f498a79e-ce51-4d52-9b59-10d0ad599da1	NR_163639.1	94.106	1510	41	41	1	1478	4	1497	0.0	2252
f498a79e-ce51-4d52-9b59-10d0ad599da1	NR_115355.1	94.307	1493	43	35	17	1478	1	1482	0.0	2250
f498a79e-ce51-4d52-9b59-10d0ad599da1	NR_119169.1	94.126	1498	46	35	12	1478	1	1487	0.0	2248
f498a79e-ce51-4d52-9b59-10d0ad599da1	NR_074980.1	93.568	1508	55	34	2	1478	13	1509	0.0	2209
f498a79e-ce51-4d52-9b59-10d0ad599da1	NR_113031.1	93.568	1508	55	34	2	1478	13	1509	0.0	2209
e35630c1-5a04-4041-80cc-5a21db9cd88d	NR_119168.1	97.778	225	3	1	1	225	248	26	2.50e-107	387
e35630c1-5a04-4041-80cc-5a21db9cd88d	NR_163639.1	97.778	225	3	1	1	225	262	40	2.50e-107	387
e35630c1-5a04-4041-80cc-5a21db9cd88d	NR_115355.1	97.333	225	4	1	1	225	243	21	8.98e-107	385
e35630c1-5a04-4041-80cc-5a21db9cd88d	NR_119169.1	97.333	225	4	1	1	225	248	26	3.23e-106	383
e35630c1-5a04-4041-80cc-5a21db9cd88d	NR_044153.1	97.333	225	4	1	1	225	243	21	3.23e-106	383
5dd5720f-46ca-404d-b46d-810b33ef8116	NR_179325.1	93.772	1397	43	32	1	1366	61	1444	0.0	2058
5dd5720f-46ca-404d-b46d-810b33ef8116	NR_115355.1	93.696	1396	45	33	1	1366	88	1470	0.0	2054
5dd5720f-46ca-404d-b46d-810b33ef8116	NR_119169.1	93.481	1396	48	33	1	1366	93	1475	0.0	2041
5dd5720f-46ca-404d-b46d-810b33ef8116	NR_163639.1	93.491	1398	40	39	1	1366	107	1485	0.0	2030
5dd5720f-46ca-404d-b46d-810b33ef8116	NR_113570.1	93.133	1398	50	34	1	1366	94	1477	0.0	2008
174f858e-2a54-4f24-9923-6a75213a0d47	NR_042928.1	96.350	822	14	15	2	813	816	1	0.0	1338
174f858e-2a54-4f24-9923-6a75213a0d47	NR_199547.1	96.621	799	12	14	2	790	796	3	0.0	1312
174f858e-2a54-4f24-9923-6a75213a0d47	NR_165747.1	95.620	822	20	15	2	813	816	1	0.0	1304
174f858e-2a54-4f24-9923-6a75213a0d47	NR_117719.1	95.301	830	23	15	2	821	836	13	0.0	1303
174f858e-2a54-4f24-9923-6a75213a0d47	NR_028664.1	95.181	830	24	15	2	821	839	16	0.0	1297
ce26589a-2ef5-4157-96d7-ec790f8ea5ca	NR_117719.1	98.201	389	3	3	1	387	1110	1496	0.0	676
ce26589a-2ef5-4157-96d7-ec790f8ea5ca	NR_179383.1	98.201	389	3	3	1	387	1117	1503	0.0	676
ce26589a-2ef5-4157-96d7-ec790f8ea5ca	NR_028664.1	97.943	389	4	3	1	387	1113	1499	0.0	671
ce26589a-2ef5-4157-96d7-ec790f8ea5ca	NR_036918.1	97.943	389	4	3	1	387	1109	1495	0.0	671
ce26589a-2ef5-4157-96d7-ec790f8ea5ca	NR_175455.1	97.949	390	3	4	1	387	1098	1485	0.0	671
e96c17f9-d8ce-42e7-af76-8aac8314305c	NR_024842.1	92.157	1020	43	33	1	999	1011	8	0.0	1408
e96c17f9-d8ce-42e7-af76-8aac8314305c	NR_115241.1	92.445	1006	41	31	1	986	996	6	0.0	1404
e96c17f9-d8ce-42e7-af76-8aac8314305c	NR_178515.1	92.453	1007	39	34	1	986	996	6	0.0	1404
e96c17f9-d8ce-42e7-af76-8aac8314305c	NR_165737.1	92.254	1007	41	34	1	986	996	6	0.0	1393
e96c17f9-d8ce-42e7-af76-8aac8314305c	NR_115735.1	92.315	1002	41	32	1	981	987	1	0.0	1391
76bd3e44-9b70-4f71-aceb-23f562068f7e	NR_026419.1	95.936	566	14	9	1	565	571	14	0.0	909
76bd3e44-9b70-4f71-aceb-23f562068f7e	NR_025903.1	93.493	584	26	12	1	580	583	8	0.0	857
76bd3e44-9b70-4f71-aceb-23f562068f7e	NR_133753.1	94.853	544	20	8	1	543	537	1	0.0	843
76bd3e44-9b70-4f71-aceb-23f562068f7e	NR_025904.1	92.662	586	27	15	1	580	582	7	0.0	830
76bd3e44-9b70-4f71-aceb-23f562068f7e	NR_133752.1	94.380	516	19	9	1	514	508	1	0.0	784
3ee057a1-8294-4994-8c78-766cdc7315d3	NR_042771.1	95.302	447	10	8	1	443	291	730	0.0	699
3ee057a1-8294-4994-8c78-766cdc7315d3	NR_115274.1	95.302	447	10	8	1	443	271	710	0.0	699
3ee057a1-8294-4994-8c78-766cdc7315d3	NR_116204.1	95.302	447	10	8	1	443	196	635	0.0	699
3ee057a1-8294-4994-8c78-766cdc7315d3	NR_036936.1	95.078	447	11	8	1	443	273	712	0.0	693
3ee057a1-8294-4994-8c78-766cdc7315d3	NR_028664.1	95.078	447	11	9	1	443	294	733	0.0	693
488d002b-ea00-461f-b1bc-c758e7e93346	NR_042776.1	97.125	1426	24	13	1	1415	84	1503	0.0	2390
488d002b-ea00-461f-b1bc-c758e7e93346	NR_042777.1	96.914	1426	26	14	1	1415	84	1502	0.0	2374
488d002b-ea00-461f-b1bc-c758e7e93346	NR_042778.1	96.844	1426	28	13	1	1415	84	1503	0.0	2368
488d002b-ea00-461f-b1bc-c758e7e93346	NR_197695.1	96.564	1426	32	13	1	1415	83	1502	0.0	2346
488d002b-ea00-461f-b1bc-c758e7e93346	NR_118998.1	96.283	1426	35	14	1	1415	79	1497	0.0	2326
9d080686-747a-4d21-9a5e-cbe6ee3e961c	NR_024842.1	96.935	620	7	8	1	609	1466	848	0.0	1029
9d080686-747a-4d21-9a5e-cbe6ee3e961c	NR_115735.1	96.935	620	7	8	1	609	1442	824	0.0	1029
9d080686-747a-4d21-9a5e-cbe6ee3e961c	NR_042927.1	96.779	621	7	9	1	609	1452	833	0.0	1024
9d080686-747a-4d21-9a5e-cbe6ee3e961c	NR_109720.1	96.779	621	7	9	1	609	1446	827	0.0	1024
9d080686-747a-4d21-9a5e-cbe6ee3e961c	NR_115734.1	96.779	621	7	9	1	609	1453	834	0.0	1024
ea329755-da90-4064-b336-f5e67bfbd562	NR_026419.1	84.855	1413	123	72	1	1362	1450	78	0.0	1339
ea329755-da90-4064-b336-f5e67bfbd562	NR_025904.1	84.136	1412	134	70	1	1362	1461	90	0.0	1284
ea329755-da90-4064-b336-f5e67bfbd562	NR_133753.1	86.851	1194	90	54	1	1155	1416	251	0.0	1273
ea329755-da90-4064-b336-f5e67bfbd562	NR_025903.1	86.851	1194	90	54	1	1155	1462	297	0.0	1273
ea329755-da90-4064-b336-f5e67bfbd562	NR_133752.1	86.767	1194	91	54	1	1155	1387	222	0.0	1267
03bb0a04-8226-4904-980e-e91257ff4eef	NR_042776.1	97.004	701	14	6	1	698	714	18	0.0	1171
03bb0a04-8226-4904-980e-e91257ff4eef	NR_042778.1	96.719	701	16	6	1	698	714	18	0.0	1160
03bb0a04-8226-4904-980e-e91257ff4eef	NR_042777.1	96.576	701	16	7	1	698	713	18	0.0	1155
03bb0a04-8226-4904-980e-e91257ff4eef	NR_197695.1	96.291	701	19	6	1	698	713	17	0.0	1144
03bb0a04-8226-4904-980e-e91257ff4eef	NR_118998.1	96.148	701	20	6	1	698	709	13	0.0	1140
49350976-1120-4429-bae7-ab8f0883afb7	NR_043332.1	94.828	174	7	2	1	174	1311	1482	1.89e-72	270
49350976-1120-4429-bae7-ab8f0883afb7	NR_074980.1	94.828	174	7	2	1	174	1338	1509	1.89e-72	270
49350976-1120-4429-bae7-ab8f0883afb7	NR_113031.1	94.828	174	7	2	1	174	1338	1509	1.89e-72	270
49350976-1120-4429-bae7-ab8f0883afb7	NR_115354.1	94.828	174	7	2	1	174	1311	1482	1.89e-72	270
49350976-1120-4429-bae7-ab8f0883afb7	NR_115355.1	94.828	174	7	2	1	174	1311	1482	1.89e-72	270
1c4217ff-f52f-4f63-a509-9c62d9d62e64	NR_116209.1	88.968	562	31	21	1	541	1123	572	0.0	665
1c4217ff-f52f-4f63-a509-9c62d9d62e64	NR_028664.1	88.790	562	32	21	1	541	1221	670	0.0	660
1c4217ff-f52f-4f63-a509-9c62d9d62e64	NR_115240.1	88.790	562	32	21	1	541	1198	647	0.0	660
1c4217ff-f52f-4f63-a509-9c62d9d62e64	NR_115560.1	88.810	563	30	21	1	541	1218	667	0.0	660
1c4217ff-f52f-4f63-a509-9c62d9d62e64	NR_115732.1	88.790	562	32	21	1	541	1200	649	0.0	660
f5085113-94b8-47bf-a0ef-5d596bc82ccc	NR_136788.1	97.359	1401	17	14	1	1386	1414	19	0.0	2364
f5085113-94b8-47bf-a0ef-5d596bc82ccc	NR_113082.1	94.583	1403	52	18	1	1386	1414	19	0.0	2148
f5085113-94b8-47bf-a0ef-5d596bc82ccc	NR_026230.1	93.920	1398	63	16	1	1382	1392	1	0.0	2115
f5085113-94b8-47bf-a0ef-5d596bc82ccc	NR_152035.1	88.802	1411	114	36	4	1386	1414	20	0.0	1690
f5085113-94b8-47bf-a0ef-5d596bc82ccc	NR_113085.1	86.273	1406	163	25	1	1386	1403	8	0.0	1500
ad46f960-16f3-447b-b084-dfd3a9a7ab21	NR_179325.1	93.379	1163	40	31	1	1136	1192	40	0.0	1687
ad46f960-16f3-447b-b084-dfd3a9a7ab21	NR_115355.1	93.293	1163	40	31	1	1136	1218	67	0.0	1683
ad46f960-16f3-447b-b084-dfd3a9a7ab21	NR_041879.1	93.293	1163	41	31	1	1136	1176	24	0.0	1681
ad46f960-16f3-447b-b084-dfd3a9a7ab21	NR_119169.1	93.029	1162	45	30	1	1136	1223	72	0.0	1672
ad46f960-16f3-447b-b084-dfd3a9a7ab21	NR_163639.1	91.413	1246	60	42	1	1215	1233	4	0.0	1664
05e8ce4b-83b0-4304-81f4-c5e69aef56cb	NR_024842.1	96.717	792	12	12	4	791	708	1489	0.0	1306
05e8ce4b-83b0-4304-81f4-c5e69aef56cb	NR_115735.1	96.713	791	12	12	4	790	684	1464	0.0	1304
05e8ce4b-83b0-4304-81f4-c5e69aef56cb	NR_115241.1	96.320	788	15	12	4	787	693	1470	0.0	1288
05e8ce4b-83b0-4304-81f4-c5e69aef56cb	NR_165737.1	96.451	789	13	13	4	787	693	1471	0.0	1288
05e8ce4b-83b0-4304-81f4-c5e69aef56cb	NR_156072.1	96.212	792	16	12	4	791	713	1494	0.0	1284
7d8dc20e-5e87-4fef-b203-17e861e63862	NR_165747.1	96.547	811	13	11	5	808	803	1	0.0	1328
7d8dc20e-5e87-4fef-b203-17e861e63862	NR_042928.1	96.301	811	15	11	5	808	803	1	0.0	1317
7d8dc20e-5e87-4fef-b203-17e861e63862	NR_199545.1	95.971	819	18	11	5	816	823	13	0.0	1315
7d8dc20e-5e87-4fef-b203-17e861e63862	NR_117719.1	95.849	819	19	11	5	816	823	13	0.0	1310
7d8dc20e-5e87-4fef-b203-17e861e63862	NR_179383.1	95.849	819	19	11	5	816	830	20	0.0	1310
db2266df-b1d0-4062-9c2a-ab9b6cc9aeb6	NR_116168.1	96.111	1440	33	21	13	1436	1446	14	0.0	2327
db2266df-b1d0-4062-9c2a-ab9b6cc9aeb6	NR_118762.1	94.583	1440	56	20	13	1437	1448	16	0.0	2248
db2266df-b1d0-4062-9c2a-ab9b6cc9aeb6	NR_042878.1	96.029	1360	32	20	76	1420	1362	10	0.0	2202
db2266df-b1d0-4062-9c2a-ab9b6cc9aeb6	NR_025423.1	93.672	1438	64	24	13	1431	1430	1	0.0	2126
db2266df-b1d0-4062-9c2a-ab9b6cc9aeb6	NR_118143.1	94.493	1362	51	22	76	1420	1364	10	0.0	2080
fa6ffd2f-ce11-4eff-b9e2-f6df7ace598c	NR_042776.1	96.085	281	9	2	1	281	1221	1499	2.24e-128	457
fa6ffd2f-ce11-4eff-b9e2-f6df7ace598c	NR_042777.1	96.085	281	9	2	1	281	1220	1498	2.24e-128	457
fa6ffd2f-ce11-4eff-b9e2-f6df7ace598c	NR_042052.1	95.374	281	11	2	1	281	1119	1397	4.86e-125	446
fa6ffd2f-ce11-4eff-b9e2-f6df7ace598c	NR_042778.1	95.374	281	11	2	1	281	1221	1499	4.86e-125	446
fa6ffd2f-ce11-4eff-b9e2-f6df7ace598c	NR_114642.1	95.374	281	11	2	1	281	1178	1456	4.86e-125	446
59dce7db-c67b-4dda-98f2-179349125c0f	NR_145857.1	95.495	111	5	0	4	114	1429	1319	6.91e-45	178
59dce7db-c67b-4dda-98f2-179349125c0f	NR_044873.1	93.913	115	5	2	1	114	1450	1337	3.21e-43	172
59dce7db-c67b-4dda-98f2-179349125c0f	NR_075062.2	94.495	109	6	0	6	114	1457	1349	4.16e-42	169
59dce7db-c67b-4dda-98f2-179349125c0f	NR_028935.1	94.495	109	5	1	6	114	1450	1343	1.49e-41	167
59dce7db-c67b-4dda-98f2-179349125c0f	NR_114324.1	94.495	109	5	1	6	114	1430	1323	1.49e-41	167
a1ca7d23-e28a-4d43-b984-7a9a2f36a01c	NR_042928.1	97.087	206	3	3	1	205	204	1	1.34e-94	344
a1ca7d23-e28a-4d43-b984-7a9a2f36a01c	NR_109720.1	97.000	200	5	1	1	199	200	1	8.08e-92	335
a1ca7d23-e28a-4d43-b984-7a9a2f36a01c	NR_199547.1	99.451	182	0	1	1	182	184	4	3.76e-90	329
a1ca7d23-e28a-4d43-b984-7a9a2f36a01c	NR_036936.1	94.660	206	10	1	1	205	206	1	2.26e-87	320
a1ca7d23-e28a-4d43-b984-7a9a2f36a01c	NR_117719.1	93.925	214	10	3	1	213	224	13	2.26e-87	320
fbfcf43e-c8df-4714-8b19-47c5423ea331	NR_043332.1	95.726	117	4	1	1	116	1370	1486	1.17e-47	187
fbfcf43e-c8df-4714-8b19-47c5423ea331	NR_074980.1	95.726	117	4	1	1	116	1397	1513	1.17e-47	187
fbfcf43e-c8df-4714-8b19-47c5423ea331	NR_113031.1	95.726	117	4	1	1	116	1397	1513	1.17e-47	187
fbfcf43e-c8df-4714-8b19-47c5423ea331	NR_115354.1	95.726	117	4	1	1	116	1370	1486	1.17e-47	187
fbfcf43e-c8df-4714-8b19-47c5423ea331	NR_115355.1	95.726	117	4	1	1	116	1370	1486	1.17e-47	187
f3af8cee-1fe9-48f1-b586-d34b07118421	NR_025289.1	93.103	348	11	10	1	339	1429	1086	4.44e-141	499
f3af8cee-1fe9-48f1-b586-d34b07118421	NR_118780.1	93.103	348	11	10	1	339	1436	1093	1.60e-140	497
f3af8cee-1fe9-48f1-b586-d34b07118421	NR_173621.1	87.353	340	29	12	1	330	1465	1130	2.17e-104	377
f3af8cee-1fe9-48f1-b586-d34b07118421	NR_133037.1	86.667	345	34	10	1	336	1454	1113	1.01e-102	372
f3af8cee-1fe9-48f1-b586-d34b07118421	NR_144749.1	86.744	347	28	15	1	335	1454	1114	3.63e-102	370
c2b1ff81-de22-43b3-a103-b4d027144956	NR_024659.1	94.382	178	6	3	1	178	1197	1024	1.86e-72	270
c2b1ff81-de22-43b3-a103-b4d027144956	NR_024841.1	94.382	178	6	3	1	178	1230	1057	1.86e-72	270
c2b1ff81-de22-43b3-a103-b4d027144956	NR_036936.1	94.382	178	6	3	1	178	1216	1043	1.86e-72	270
c2b1ff81-de22-43b3-a103-b4d027144956	NR_026471.1	94.382	178	6	3	1	178	1226	1053	1.86e-72	270
c2b1ff81-de22-43b3-a103-b4d027144956	NR_028665.1	94.382	178	6	3	1	178	1231	1058	1.86e-72	270
28353bee-004a-433a-a49b-24d29bb026da	NR_041989.1	95.306	490	12	8	1	481	465	952	0.0	767
28353bee-004a-433a-a49b-24d29bb026da	NR_117694.1	95.306	490	12	8	1	481	507	994	0.0	767
28353bee-004a-433a-a49b-24d29bb026da	NR_121687.1	94.898	490	14	8	1	481	527	1014	0.0	756
28353bee-004a-433a-a49b-24d29bb026da	NR_028900.1	94.490	490	16	8	1	481	465	952	0.0	745
28353bee-004a-433a-a49b-24d29bb026da	NR_041988.1	94.479	489	18	6	1	481	465	952	0.0	745
f8258608-fb62-49b9-b74d-226e5ebc5cc4	NR_125571.1	95.933	836	25	8	7	836	586	1418	0.0	1347
f8258608-fb62-49b9-b74d-226e5ebc5cc4	NR_125570.1	95.818	837	25	8	7	836	544	1377	0.0	1343
f8258608-fb62-49b9-b74d-226e5ebc5cc4	NR_029097.1	96.446	816	20	7	7	816	562	1374	0.0	1338
f8258608-fb62-49b9-b74d-226e5ebc5cc4	NR_042832.1	90.284	844	63	15	7	836	602	1440	0.0	1088
f8258608-fb62-49b9-b74d-226e5ebc5cc4	NR_025127.1	89.893	841	67	14	7	834	618	1453	0.0	1066
3886f68f-54dc-4f2e-a461-385d9641406a	NR_109720.1	88.328	1465	94	66	4	1429	1427	1	0.0	1687
3886f68f-54dc-4f2e-a461-385d9641406a	NR_036936.1	88.052	1473	96	67	4	1436	1433	1	0.0	1674
3886f68f-54dc-4f2e-a461-385d9641406a	NR_165737.1	88.043	1472	98	65	4	1436	1433	1	0.0	1672
3886f68f-54dc-4f2e-a461-385d9641406a	NR_042927.1	87.943	1468	98	67	4	1431	1433	5	0.0	1657
3886f68f-54dc-4f2e-a461-385d9641406a	NR_199541.1	88.802	1402	88	59	4	1370	1409	42	0.0	1655
2ff9814d-4e64-47f3-bbf9-f9600ac762bd	NR_024842.1	94.247	1182	34	24	1	1156	1181	8	0.0	1779
2ff9814d-4e64-47f3-bbf9-f9600ac762bd	NR_115241.1	94.288	1173	35	23	1	1148	1166	1	0.0	1770
2ff9814d-4e64-47f3-bbf9-f9600ac762bd	NR_115735.1	94.335	1165	31	25	1	1138	1157	1	0.0	1753
2ff9814d-4e64-47f3-bbf9-f9600ac762bd	NR_178515.1	93.782	1174	39	24	1	1148	1166	1	0.0	1733
2ff9814d-4e64-47f3-bbf9-f9600ac762bd	NR_165737.1	93.526	1174	42	24	1	1148	1166	1	0.0	1716
59c4e453-4244-4fbd-966c-e139fe67e69c	NR_042927.1	96.602	1442	35	13	1	1432	34	1471	0.0	2379
59c4e453-4244-4fbd-966c-e139fe67e69c	NR_115734.1	96.602	1442	35	13	1	1432	35	1472	0.0	2379
59c4e453-4244-4fbd-966c-e139fe67e69c	NR_165737.1	96.463	1442	37	13	1	1432	34	1471	0.0	2368
59c4e453-4244-4fbd-966c-e139fe67e69c	NR_115735.1	96.127	1446	40	15	1	1435	24	1464	0.0	2346
59c4e453-4244-4fbd-966c-e139fe67e69c	NR_024842.1	96.058	1446	42	14	1	1436	49	1489	0.0	2344
614f3cb6-0829-452f-ad4a-5bf97c2be42e	NR_178262.1	95.068	365	10	6	12	370	1006	1368	1.34e-161	568
614f3cb6-0829-452f-ad4a-5bf97c2be42e	NR_179215.1	95.068	365	10	6	12	370	1128	1490	1.34e-161	568
614f3cb6-0829-452f-ad4a-5bf97c2be42e	NR_024842.1	95.055	364	11	6	12	370	1127	1488	4.82e-161	566
614f3cb6-0829-452f-ad4a-5bf97c2be42e	NR_115735.1	95.055	364	11	6	12	370	1103	1464	4.82e-161	566
614f3cb6-0829-452f-ad4a-5bf97c2be42e	NR_028666.1	94.795	365	11	6	12	370	1136	1498	6.24e-160	562
54af6c45-dddd-49d8-86da-87656a1cc9fe	NR_165747.1	95.018	542	12	14	2	534	669	134	0.0	837
54af6c45-dddd-49d8-86da-87656a1cc9fe	NR_042928.1	94.649	542	14	14	2	534	669	134	0.0	826
54af6c45-dddd-49d8-86da-87656a1cc9fe	NR_112026.1	94.649	542	14	14	2	534	652	117	0.0	826
54af6c45-dddd-49d8-86da-87656a1cc9fe	NR_116206.1	94.465	542	15	14	2	534	594	59	0.0	822
54af6c45-dddd-49d8-86da-87656a1cc9fe	NR_199541.1	94.465	542	15	14	2	534	647	112	0.0	821
47335e15-7e57-4d68-9513-a1fba0ab14a4	NR_042776.1	94.176	704	22	13	1	690	716	18	0.0	1055
47335e15-7e57-4d68-9513-a1fba0ab14a4	NR_042778.1	93.892	704	24	13	1	690	716	18	0.0	1044
47335e15-7e57-4d68-9513-a1fba0ab14a4	NR_042777.1	93.750	704	24	13	1	690	715	18	0.0	1038
47335e15-7e57-4d68-9513-a1fba0ab14a4	NR_197695.1	93.750	704	25	13	1	690	715	17	0.0	1038
47335e15-7e57-4d68-9513-a1fba0ab14a4	NR_118998.1	93.324	704	28	13	1	690	711	13	0.0	1024
258bb530-b8bc-4530-8eb3-b5a4c2cca061	NR_179540.1	96.293	1133	17	18	1	1116	365	1489	0.0	1836
258bb530-b8bc-4530-8eb3-b5a4c2cca061	NR_117719.1	96.117	1133	20	17	1	1116	365	1490	0.0	1827
258bb530-b8bc-4530-8eb3-b5a4c2cca061	NR_042927.1	96.270	1126	18	17	1	1109	347	1465	0.0	1825
258bb530-b8bc-4530-8eb3-b5a4c2cca061	NR_115734.1	96.270	1126	18	17	1	1109	348	1466	0.0	1825
258bb530-b8bc-4530-8eb3-b5a4c2cca061	NR_042928.1	96.270	1126	17	18	1	1109	345	1462	0.0	1823
65c3e41b-e810-4855-a004-5cbeaa3cc34e	NR_125570.1	96.389	1274	30	14	2	1267	130	1395	0.0	2084
65c3e41b-e810-4855-a004-5cbeaa3cc34e	NR_125571.1	95.761	1274	37	15	2	1267	172	1436	0.0	2037
65c3e41b-e810-4855-a004-5cbeaa3cc34e	NR_029097.1	96.743	1228	25	13	6	1226	152	1371	0.0	2032
65c3e41b-e810-4855-a004-5cbeaa3cc34e	NR_042832.1	89.952	1254	102	19	27	1265	212	1456	0.0	1598
65c3e41b-e810-4855-a004-5cbeaa3cc34e	NR_026409.1	89.206	1260	108	24	27	1269	223	1471	0.0	1548
a59ac87c-ebab-407e-bc8e-fb39f6292930	NR_025903.1	99.145	468	3	1	1	468	1032	1498	0.0	841
a59ac87c-ebab-407e-bc8e-fb39f6292930	NR_025904.1	98.291	468	7	1	1	468	1031	1497	0.0	819
a59ac87c-ebab-407e-bc8e-fb39f6292930	NR_133752.1	99.546	441	2	0	1	441	957	1397	0.0	804
a59ac87c-ebab-407e-bc8e-fb39f6292930	NR_133753.1	99.546	441	2	0	1	441	986	1426	0.0	804
a59ac87c-ebab-407e-bc8e-fb39f6292930	NR_026419.1	97.436	468	12	0	1	468	1020	1487	0.0	798
3c47aaaf-3c4d-43c6-a506-91b385c2d310	NR_042928.1	95.216	1087	26	20	3	1075	1075	1	0.0	1696
3c47aaaf-3c4d-43c6-a506-91b385c2d310	NR_199547.1	95.489	1064	23	19	3	1052	1055	3	0.0	1676
3c47aaaf-3c4d-43c6-a506-91b385c2d310	NR_028664.1	94.526	1096	34	20	3	1084	1098	15	0.0	1668
3c47aaaf-3c4d-43c6-a506-91b385c2d310	NR_028665.1	94.252	1096	37	20	3	1084	1092	9	0.0	1653
3c47aaaf-3c4d-43c6-a506-91b385c2d310	NR_115240.1	94.480	1087	34	20	3	1075	1075	1	0.0	1652
e1dacbdf-70f5-403e-892d-b7325f44fe4b	NR_074980.1	95.754	471	14	6	12	480	479	13	0.0	754
e1dacbdf-70f5-403e-892d-b7325f44fe4b	NR_113031.1	95.754	471	14	6	12	480	479	13	0.0	754
e1dacbdf-70f5-403e-892d-b7325f44fe4b	NR_119169.1	96.104	462	13	5	10	470	459	2	0.0	752
e1dacbdf-70f5-403e-892d-b7325f44fe4b	NR_044153.1	96.514	459	9	6	10	466	454	1	0.0	752
e1dacbdf-70f5-403e-892d-b7325f44fe4b	NR_115355.1	96.288	458	12	5	10	466	454	1	0.0	750
1b5ae799-4274-4c75-b5bd-0e30b7d633df	NR_026419.1	90.342	497	16	18	1	467	1405	911	3.56e-178	623
1b5ae799-4274-4c75-b5bd-0e30b7d633df	NR_133752.1	89.336	497	21	18	1	467	1342	848	7.75e-170	595
1b5ae799-4274-4c75-b5bd-0e30b7d633df	NR_133753.1	89.336	497	21	18	1	467	1371	877	7.75e-170	595
1b5ae799-4274-4c75-b5bd-0e30b7d633df	NR_025903.1	89.336	497	21	18	1	467	1417	923	7.75e-170	595
1b5ae799-4274-4c75-b5bd-0e30b7d633df	NR_025904.1	89.135	497	22	18	1	467	1416	922	3.61e-168	590
2915f805-d1d5-4b7a-a337-e7a4b4ff9d60	NR_036936.1	96.120	1031	22	10	1	1022	1022	1	0.0	1668
2915f805-d1d5-4b7a-a337-e7a4b4ff9d60	NR_109720.1	96.000	1025	23	10	1	1016	1016	1	0.0	1650
2915f805-d1d5-4b7a-a337-e7a4b4ff9d60	NR_042928.1	95.441	1031	27	12	1	1022	1020	1	0.0	1626
2915f805-d1d5-4b7a-a337-e7a4b4ff9d60	NR_028664.1	95.188	1039	30	12	1	1030	1043	16	0.0	1624
2915f805-d1d5-4b7a-a337-e7a4b4ff9d60	NR_199545.1	95.188	1039	30	12	1	1030	1040	13	0.0	1624
77a98a63-ce5d-4f5e-badb-72e9bd14c76e	NR_028664.1	97.923	674	11	3	1	672	825	1497	0.0	1164
77a98a63-ce5d-4f5e-badb-72e9bd14c76e	NR_117719.1	97.923	674	11	3	1	672	822	1494	0.0	1164
77a98a63-ce5d-4f5e-badb-72e9bd14c76e	NR_115240.1	98.057	669	10	3	1	667	802	1469	0.0	1160
77a98a63-ce5d-4f5e-badb-72e9bd14c76e	NR_179383.1	97.774	674	12	3	1	672	829	1501	0.0	1158
77a98a63-ce5d-4f5e-badb-72e9bd14c76e	NR_042927.1	97.907	669	11	3	1	667	804	1471	0.0	1155
b38262a2-4c41-4a2a-bc18-bb42851069aa	NR_025453.1	99.160	119	0	1	1	118	20	138	2.12e-55	213
b38262a2-4c41-4a2a-bc18-bb42851069aa	NR_042927.1	99.160	119	0	1	1	118	20	138	2.12e-55	213
b38262a2-4c41-4a2a-bc18-bb42851069aa	NR_114413.1	99.160	119	0	1	1	118	43	161	2.12e-55	213
b38262a2-4c41-4a2a-bc18-bb42851069aa	NR_115734.1	99.160	119	0	1	1	118	21	139	2.12e-55	213
b38262a2-4c41-4a2a-bc18-bb42851069aa	NR_148589.1	99.160	119	0	1	1	118	20	138	2.12e-55	213
a2e3bce6-15b9-49bc-992e-59edb3c4e287	NR_024659.1	100.000	42	0	0	12	53	59	100	2.59e-15	78.7
a2e3bce6-15b9-49bc-992e-59edb3c4e287	NR_024841.1	100.000	42	0	0	12	53	92	133	2.59e-15	78.7
a2e3bce6-15b9-49bc-992e-59edb3c4e287	NR_036936.1	100.000	42	0	0	12	53	78	119	2.59e-15	78.7
a2e3bce6-15b9-49bc-992e-59edb3c4e287	NR_025453.1	100.000	42	0	0	12	53	78	119	2.59e-15	78.7
a2e3bce6-15b9-49bc-992e-59edb3c4e287	NR_028664.1	92.857	56	0	3	1	53	86	140	2.59e-15	78.7
66e97771-4cdf-445e-b4fc-2249a7e7edd2	NR_041781.1	95.370	108	0	4	1	104	121	15	1.33e-41	167
66e97771-4cdf-445e-b4fc-2249a7e7edd2	NR_042776.1	94.393	107	3	1	1	104	137	31	6.20e-40	161
66e97771-4cdf-445e-b4fc-2249a7e7edd2	NR_042777.1	94.393	107	3	1	1	104	137	31	6.20e-40	161
66e97771-4cdf-445e-b4fc-2249a7e7edd2	NR_042778.1	94.393	107	3	1	1	104	137	31	6.20e-40	161
66e97771-4cdf-445e-b4fc-2249a7e7edd2	NR_028665.1	95.146	103	2	3	4	104	124	23	2.23e-39	159
e32e3b58-e1c0-4475-9a6c-f252645b04b4	NR_041880.1	96.694	242	3	3	3	243	1061	824	1.17e-110	398
e32e3b58-e1c0-4475-9a6c-f252645b04b4	NR_074980.1	96.694	242	3	3	3	243	1132	895	1.17e-110	398
e32e3b58-e1c0-4475-9a6c-f252645b04b4	NR_113031.1	96.694	242	3	3	3	243	1132	895	1.17e-110	398
e32e3b58-e1c0-4475-9a6c-f252645b04b4	NR_044153.1	96.694	242	3	3	3	243	1105	868	1.17e-110	398
e32e3b58-e1c0-4475-9a6c-f252645b04b4	NR_042940.1	97.046	237	3	2	7	243	1012	780	4.20e-110	396
bf735720-908d-4133-a181-855190905920	NR_041880.1	91.379	174	7	8	12	181	972	1141	9.37e-61	231
bf735720-908d-4133-a181-855190905920	NR_113570.1	91.379	174	7	8	12	181	1023	1192	9.37e-61	231
bf735720-908d-4133-a181-855190905920	NR_115354.1	91.379	174	7	8	12	181	1016	1185	9.37e-61	231
bf735720-908d-4133-a181-855190905920	NR_044153.1	91.379	174	7	8	12	181	1016	1185	9.37e-61	231
bf735720-908d-4133-a181-855190905920	NR_163639.1	91.379	174	7	8	12	181	1031	1200	9.37e-61	231
e622b587-7e56-44b0-a1ac-1a24f2543e4c	NR_042776.1	96.933	163	3	2	3	163	185	23	4.92e-73	272
e622b587-7e56-44b0-a1ac-1a24f2543e4c	NR_042778.1	96.933	163	3	2	3	163	185	23	4.92e-73	272
e622b587-7e56-44b0-a1ac-1a24f2543e4c	NR_042777.1	96.386	166	3	3	1	163	188	23	1.77e-72	270
e622b587-7e56-44b0-a1ac-1a24f2543e4c	NR_197695.1	96.319	163	4	2	3	163	184	22	2.29e-71	267
e622b587-7e56-44b0-a1ac-1a24f2543e4c	NR_028664.1	97.436	156	2	2	9	163	175	21	8.23e-71	265
2fe1781d-fe48-4bbd-b785-12422bfb9800	NR_028682.1	91.579	190	11	5	1	185	1440	1251	1.52e-68	257
2fe1781d-fe48-4bbd-b785-12422bfb9800	NR_025435.1	89.529	191	13	7	1	185	1437	1248	7.11e-62	235
2fe1781d-fe48-4bbd-b785-12422bfb9800	NR_116890.1	89.474	190	15	5	1	185	1428	1239	7.11e-62	235
2fe1781d-fe48-4bbd-b785-12422bfb9800	NR_179652.1	89.474	190	15	5	1	185	1443	1254	7.11e-62	235
2fe1781d-fe48-4bbd-b785-12422bfb9800	NR_145585.1	89.247	186	15	5	1	181	1401	1216	1.19e-59	228
0f5d75a9-9d28-47a2-b27e-c98424520981	NR_041879.1	97.368	304	3	3	1	300	457	155	4.99e-145	512
0f5d75a9-9d28-47a2-b27e-c98424520981	NR_113570.1	97.368	304	3	3	1	300	507	205	4.99e-145	512
0f5d75a9-9d28-47a2-b27e-c98424520981	NR_115355.1	97.368	304	3	3	1	300	500	198	4.99e-145	512
0f5d75a9-9d28-47a2-b27e-c98424520981	NR_179325.1	97.368	304	3	3	1	300	474	172	4.99e-145	512
0f5d75a9-9d28-47a2-b27e-c98424520981	NR_042940.1	97.039	304	4	3	1	300	412	110	2.32e-143	507
115680ce-ff30-4975-8914-749a84aec57a	NR_179540.1	94.612	1058	28	26	1	1040	446	1492	0.0	1611
115680ce-ff30-4975-8914-749a84aec57a	NR_042928.1	94.592	1054	28	26	1	1036	426	1468	0.0	1604
115680ce-ff30-4975-8914-749a84aec57a	NR_028664.1	94.334	1059	30	27	1	1040	449	1496	0.0	1596
115680ce-ff30-4975-8914-749a84aec57a	NR_117719.1	94.334	1059	30	27	1	1040	446	1493	0.0	1596
115680ce-ff30-4975-8914-749a84aec57a	NR_179383.1	94.334	1059	30	27	1	1040	453	1500	0.0	1596
9d4573ec-a4a3-4acb-9b92-5ddbfe82ea44	NR_042928.1	94.344	1220	37	25	1	1205	1203	1	0.0	1842
9d4573ec-a4a3-4acb-9b92-5ddbfe82ea44	NR_199547.1	94.570	1197	34	25	1	1182	1183	3	0.0	1821
9d4573ec-a4a3-4acb-9b92-5ddbfe82ea44	NR_028664.1	93.562	1227	47	25	1	1212	1226	17	0.0	1799
9d4573ec-a4a3-4acb-9b92-5ddbfe82ea44	NR_112026.1	94.103	1204	36	28	1	1188	1185	1	0.0	1799
9d4573ec-a4a3-4acb-9b92-5ddbfe82ea44	NR_117719.1	93.567	1228	45	27	1	1212	1223	14	0.0	1799
7a56c363-f027-4414-a0af-f06343dcb7c8	NR_042878.1	96.859	382	9	2	1	379	971	590	0.0	638
7a56c363-f027-4414-a0af-f06343dcb7c8	NR_116168.1	96.859	382	9	2	1	379	992	611	0.0	636
7a56c363-f027-4414-a0af-f06343dcb7c8	NR_118143.1	96.597	382	10	2	1	379	973	592	2.08e-180	630
7a56c363-f027-4414-a0af-f06343dcb7c8	NR_159347.1	96.073	382	12	2	1	379	997	616	3.48e-178	623
7a56c363-f027-4414-a0af-f06343dcb7c8	NR_114764.1	96.073	382	12	2	1	379	974	593	1.25e-177	621
cc9677c5-0e0e-4b54-8a7b-ebc7701b077f	NR_025903.1	96.370	909	13	16	2	896	908	6	0.0	1478
cc9677c5-0e0e-4b54-8a7b-ebc7701b077f	NR_133753.1	95.968	868	15	16	2	855	862	1	0.0	1391
cc9677c5-0e0e-4b54-8a7b-ebc7701b077f	NR_026419.1	94.900	902	25	18	2	888	896	1	0.0	1391
cc9677c5-0e0e-4b54-8a7b-ebc7701b077f	NR_025904.1	94.402	911	27	20	2	896	907	5	0.0	1378
cc9677c5-0e0e-4b54-8a7b-ebc7701b077f	NR_133752.1	96.168	835	14	15	2	824	833	5	0.0	1349
d6062beb-1dc5-43db-9058-ff000146a0a4	NR_025863.1	94.444	126	6	1	4	128	282	157	2.20e-50	196
d6062beb-1dc5-43db-9058-ff000146a0a4	NR_026454.1	85.246	122	15	3	3	122	253	133	3.78e-28	122
d6062beb-1dc5-43db-9058-ff000146a0a4	NR_112683.1	84.800	125	12	6	2	122	274	153	4.89e-27	119
d6062beb-1dc5-43db-9058-ff000146a0a4	NR_117073.1	84.800	125	12	6	2	122	243	122	4.89e-27	119
d6062beb-1dc5-43db-9058-ff000146a0a4	NR_042440.1	93.590	78	4	1	3	79	291	214	6.33e-26	115
485588b4-05e7-4742-85fb-cf1eee605da1	NR_116168.1	89.415	633	32	25	12	615	848	1474	0.0	765
485588b4-05e7-4742-85fb-cf1eee605da1	NR_118762.1	88.468	633	37	26	12	615	851	1476	0.0	743
485588b4-05e7-4742-85fb-cf1eee605da1	NR_024897.1	87.559	635	40	31	12	615	847	1473	0.0	699
485588b4-05e7-4742-85fb-cf1eee605da1	NR_025423.1	87.046	633	47	27	12	615	832	1458	0.0	682
485588b4-05e7-4742-85fb-cf1eee605da1	NR_024899.1	87.087	635	43	31	12	615	847	1473	0.0	682
1fc8b5a8-c061-455e-890b-dc2306492b2c	NR_042843.1	94.926	473	9	10	1	467	994	1457	0.0	726
1fc8b5a8-c061-455e-890b-dc2306492b2c	NR_102895.1	94.926	473	9	10	1	467	1022	1485	0.0	726
1fc8b5a8-c061-455e-890b-dc2306492b2c	NR_113113.1	94.926	473	9	10	1	467	1002	1465	0.0	726
1fc8b5a8-c061-455e-890b-dc2306492b2c	NR_109628.1	94.715	473	10	10	1	467	995	1458	0.0	721
1fc8b5a8-c061-455e-890b-dc2306492b2c	NR_113124.1	94.292	473	12	10	1	467	1014	1477	0.0	710
