f3a28cb7-2e70-49e0-a786-861bf1d6fcd4	NR_029097.1	93.779	1093	53	13	4	1088	1086	1	0.0	1628
f3a28cb7-2e70-49e0-a786-861bf1d6fcd4	NR_125571.1	92.934	1118	62	15	4	1112	1110	1	0.0	1615
f3a28cb7-2e70-49e0-a786-861bf1d6fcd4	NR_125570.1	93.581	1075	54	13	4	1070	1068	1	0.0	1589
f3a28cb7-2e70-49e0-a786-861bf1d6fcd4	NR_173570.1	87.676	1136	116	22	4	1125	1126	1	0.0	1301
f3a28cb7-2e70-49e0-a786-861bf1d6fcd4	NR_151895.1	86.854	1141	129	19	4	1132	1133	2	0.0	1256
8e3396a4-544d-4ec2-802a-4584aac21c7f	NR_181573.1	90.458	807	56	19	13	807	1214	417	0.0	1044
8e3396a4-544d-4ec2-802a-4584aac21c7f	NR_025627.1	90.335	807	57	19	13	807	1193	396	0.0	1038
8e3396a4-544d-4ec2-802a-4584aac21c7f	NR_025628.1	90.223	808	57	20	13	807	1194	396	0.0	1035
8e3396a4-544d-4ec2-802a-4584aac21c7f	NR_041522.1	90.223	808	56	21	13	807	1193	396	0.0	1033
8e3396a4-544d-4ec2-802a-4584aac21c7f	NR_118296.1	90.223	808	56	21	13	807	1193	396	0.0	1033
6102872c-0944-4223-8a38-c7548e2828f4	NR_115355.1	94.010	601	18	13	1	586	1374	777	0.0	894
6102872c-0944-4223-8a38-c7548e2828f4	NR_179325.1	94.010	601	18	13	1	586	1348	751	0.0	894
6102872c-0944-4223-8a38-c7548e2828f4	NR_041879.1	93.854	602	18	14	1	586	1332	734	0.0	889
6102872c-0944-4223-8a38-c7548e2828f4	NR_163639.1	93.844	601	17	15	1	586	1389	794	0.0	887
6102872c-0944-4223-8a38-c7548e2828f4	NR_119169.1	93.677	601	20	13	1	586	1379	782	0.0	885
487600e1-bbad-46a2-b72e-98a7fc75f78e	NR_025453.1	96.304	460	9	7	1	456	1026	1481	0.0	749
487600e1-bbad-46a2-b72e-98a7fc75f78e	NR_036918.1	96.296	459	10	6	1	456	1043	1497	0.0	747
487600e1-bbad-46a2-b72e-98a7fc75f78e	NR_152678.1	96.296	459	10	6	1	456	1046	1500	0.0	747
487600e1-bbad-46a2-b72e-98a7fc75f78e	NR_158064.1	96.296	459	10	7	1	456	1048	1502	0.0	747
487600e1-bbad-46a2-b72e-98a7fc75f78e	NR_159228.1	96.296	459	10	7	1	456	1043	1497	0.0	747
14ceb437-3c81-4c7c-8e5c-ef6031f4c5b4	NR_125571.1	91.736	242	19	1	3	244	241	1	7.87e-93	339
14ceb437-3c81-4c7c-8e5c-ef6031f4c5b4	NR_029097.1	93.119	218	14	1	3	220	217	1	1.03e-86	318
14ceb437-3c81-4c7c-8e5c-ef6031f4c5b4	NR_125570.1	93.000	200	13	1	3	202	199	1	2.23e-78	291
14ceb437-3c81-4c7c-8e5c-ef6031f4c5b4	NR_042008.1	76.744	258	55	5	7	261	263	8	8.57e-33	139
14ceb437-3c81-4c7c-8e5c-ef6031f4c5b4	NR_074809.1	76.744	258	55	5	7	261	272	17	8.57e-33	139
09e07545-df17-4f07-8272-3331aaa6939c	NR_042776.1	97.953	342	4	3	1	339	1361	1020	2.64e-168	590
09e07545-df17-4f07-8272-3331aaa6939c	NR_042777.1	97.953	342	4	3	1	339	1360	1019	2.64e-168	590
09e07545-df17-4f07-8272-3331aaa6939c	NR_042778.1	97.661	342	5	3	1	339	1361	1020	1.23e-166	584
09e07545-df17-4f07-8272-3331aaa6939c	NR_118998.1	97.368	342	6	3	1	339	1355	1014	5.72e-165	579
09e07545-df17-4f07-8272-3331aaa6939c	NR_197695.1	97.368	342	6	3	1	339	1360	1019	5.72e-165	579
3ade5c58-eeb0-497b-8959-5df9015ded8e	NR_024842.1	95.252	1032	20	20	12	1024	1029	8	0.0	1611
3ade5c58-eeb0-497b-8959-5df9015ded8e	NR_115241.1	95.312	1024	19	20	12	1016	1014	1	0.0	1600
3ade5c58-eeb0-497b-8959-5df9015ded8e	NR_115735.1	95.369	1015	18	20	12	1007	1005	1	0.0	1587
3ade5c58-eeb0-497b-8959-5df9015ded8e	NR_178515.1	94.927	1025	21	21	12	1016	1014	1	0.0	1576
3ade5c58-eeb0-497b-8959-5df9015ded8e	NR_165737.1	94.634	1025	24	21	12	1016	1014	1	0.0	1559
aee8cb00-28d9-471f-975b-0594f2832dee	NR_042776.1	97.962	736	3	8	1	733	773	1499	0.0	1266
aee8cb00-28d9-471f-975b-0594f2832dee	NR_042777.1	97.962	736	3	8	1	733	772	1498	0.0	1266
aee8cb00-28d9-471f-975b-0594f2832dee	NR_042778.1	97.690	736	5	8	1	733	773	1499	0.0	1254
aee8cb00-28d9-471f-975b-0594f2832dee	NR_197695.1	97.418	736	7	8	1	733	772	1498	0.0	1243
aee8cb00-28d9-471f-975b-0594f2832dee	NR_118998.1	97.011	736	9	9	1	733	768	1493	0.0	1225
442f545f-8600-44f3-955c-36488cb88ea7	NR_040933.1	98.103	369	5	2	1	368	1122	1489	0.0	641
442f545f-8600-44f3-955c-36488cb88ea7	NR_117717.1	98.103	369	5	2	1	368	1120	1487	0.0	641
442f545f-8600-44f3-955c-36488cb88ea7	NR_121688.1	98.103	369	5	2	1	368	1120	1487	0.0	641
442f545f-8600-44f3-955c-36488cb88ea7	NR_117694.1	98.103	369	5	2	1	368	1100	1467	0.0	641
442f545f-8600-44f3-955c-36488cb88ea7	NR_117696.1	98.103	369	5	2	1	368	1087	1454	0.0	641
cdf178cf-7d7e-4844-960c-09d981cc1c98	NR_028666.1	99.636	275	1	0	5	279	1225	1499	2.84e-142	503
cdf178cf-7d7e-4844-960c-09d981cc1c98	NR_028833.1	99.636	275	1	0	5	279	1228	1502	2.84e-142	503
cdf178cf-7d7e-4844-960c-09d981cc1c98	NR_029052.1	99.636	275	1	0	5	279	1189	1463	2.84e-142	503
cdf178cf-7d7e-4844-960c-09d981cc1c98	NR_036918.1	99.636	275	1	0	5	279	1218	1492	2.84e-142	503
cdf178cf-7d7e-4844-960c-09d981cc1c98	NR_042771.1	99.636	275	1	0	5	279	1219	1493	2.84e-142	503
6bd989a5-d4fb-4f0c-a6d0-c4bd3c4a585e	NR_042878.1	94.205	742	26	11	4	736	508	1241	0.0	1118
6bd989a5-d4fb-4f0c-a6d0-c4bd3c4a585e	NR_116168.1	94.205	742	26	11	4	736	529	1262	0.0	1116
6bd989a5-d4fb-4f0c-a6d0-c4bd3c4a585e	NR_118143.1	94.360	727	26	10	9	727	515	1234	0.0	1101
6bd989a5-d4fb-4f0c-a6d0-c4bd3c4a585e	NR_118762.1	92.848	741	37	12	4	736	532	1264	0.0	1079
6bd989a5-d4fb-4f0c-a6d0-c4bd3c4a585e	NR_042871.1	92.243	709	36	11	4	703	510	1208	0.0	990
b7894cce-d96f-4cca-b800-b4e02ebd7511	NR_041879.1	94.138	290	12	4	1	286	341	629	2.93e-122	436
b7894cce-d96f-4cca-b800-b4e02ebd7511	NR_115355.1	94.138	290	12	4	1	286	384	672	2.93e-122	436
b7894cce-d96f-4cca-b800-b4e02ebd7511	NR_119169.1	94.138	290	12	4	1	286	389	677	2.93e-122	436
b7894cce-d96f-4cca-b800-b4e02ebd7511	NR_163639.1	94.138	290	12	4	1	286	400	688	2.93e-122	436
b7894cce-d96f-4cca-b800-b4e02ebd7511	NR_179325.1	94.138	290	12	4	1	286	358	646	2.93e-122	436
4fc1fd5e-e38d-4b2c-8b9c-7af4bd3dd0d9	NR_026419.1	87.089	883	43	52	4	836	863	2	0.0	933
4fc1fd5e-e38d-4b2c-8b9c-7af4bd3dd0d9	NR_025903.1	86.308	891	54	54	4	847	875	6	0.0	907
4fc1fd5e-e38d-4b2c-8b9c-7af4bd3dd0d9	NR_133753.1	86.541	847	49	51	4	803	829	1	0.0	872
4fc1fd5e-e38d-4b2c-8b9c-7af4bd3dd0d9	NR_025904.1	85.330	893	59	54	4	847	874	5	0.0	857
4fc1fd5e-e38d-4b2c-8b9c-7af4bd3dd0d9	NR_133752.1	86.169	817	49	50	4	773	800	1	0.0	824
36225396-6de2-4a6e-aa3e-d8dd59286e48	NR_025289.1	96.482	398	8	4	1	394	868	473	0.0	652
36225396-6de2-4a6e-aa3e-d8dd59286e48	NR_118780.1	95.729	398	12	3	1	394	874	478	0.0	636
36225396-6de2-4a6e-aa3e-d8dd59286e48	NR_144737.1	93.734	399	17	6	1	394	894	499	9.26e-169	592
36225396-6de2-4a6e-aa3e-d8dd59286e48	NR_144749.1	92.982	399	20	6	1	394	893	498	9.33e-164	575
36225396-6de2-4a6e-aa3e-d8dd59286e48	NR_028911.1	92.462	398	24	4	1	394	882	487	2.02e-160	564
4160edeb-ad1f-4bb3-91d3-d0b7021c26cd	NR_024842.1	86.907	443	30	23	5	436	433	8	1.27e-132	472
4160edeb-ad1f-4bb3-91d3-d0b7021c26cd	NR_115241.1	87.097	434	29	22	5	427	418	1	5.91e-131	466
4160edeb-ad1f-4bb3-91d3-d0b7021c26cd	NR_115735.1	87.441	422	27	21	5	416	409	4	7.65e-130	462
4160edeb-ad1f-4bb3-91d3-d0b7021c26cd	NR_117425.1	85.812	437	35	22	5	430	421	1	1.29e-122	438
4160edeb-ad1f-4bb3-91d3-d0b7021c26cd	NR_165737.1	85.977	435	32	24	5	427	418	1	1.29e-122	438
a2f26273-15d0-4630-baf2-b7a4d5c4cec9	NR_026099.2	82.033	551	79	17	1	541	1446	906	5.82e-127	453
a2f26273-15d0-4630-baf2-b7a4d5c4cec9	NR_025917.1	82.033	551	78	18	1	541	1444	905	2.09e-126	451
a2f26273-15d0-4630-baf2-b7a4d5c4cec9	NR_119284.1	81.341	552	82	18	1	541	1614	1073	9.80e-120	429
a2f26273-15d0-4630-baf2-b7a4d5c4cec9	NG_041947.1	80.987	547	91	11	1	541	1608	1069	1.64e-117	422
a2f26273-15d0-4630-baf2-b7a4d5c4cec9	NR_102768.2	80.987	547	91	11	1	541	1469	930	1.64e-117	422
3b55494f-0bd0-4109-9adc-dcaddf5a5d93	NR_199541.1	94.567	589	20	10	5	584	1379	794	0.0	900
3b55494f-0bd0-4109-9adc-dcaddf5a5d93	NR_180625.1	94.397	589	21	10	5	584	1383	798	0.0	894
3b55494f-0bd0-4109-9adc-dcaddf5a5d93	NR_028664.1	94.228	589	22	10	5	584	1424	839	0.0	889
3b55494f-0bd0-4109-9adc-dcaddf5a5d93	NR_028665.1	94.228	589	22	10	5	584	1418	833	0.0	889
3b55494f-0bd0-4109-9adc-dcaddf5a5d93	NR_114172.1	94.228	589	22	10	5	584	1401	816	0.0	889
cde0a401-6004-4cb4-9938-f34f391cab5e	NR_115355.1	92.250	671	27	22	1	664	677	25	0.0	931
cde0a401-6004-4cb4-9938-f34f391cab5e	NR_119169.1	92.250	671	27	22	1	664	682	30	0.0	931
cde0a401-6004-4cb4-9938-f34f391cab5e	NR_163639.1	92.388	670	25	22	1	664	693	44	0.0	931
cde0a401-6004-4cb4-9938-f34f391cab5e	NR_179325.1	92.377	669	25	23	1	661	651	1	0.0	929
cde0a401-6004-4cb4-9938-f34f391cab5e	NR_119168.1	92.101	671	28	22	1	664	682	30	0.0	922
bc021789-a8c3-42ab-995d-f3d11a44fa0b	NR_024842.1	96.145	830	17	14	1	819	833	8	0.0	1345
bc021789-a8c3-42ab-995d-f3d11a44fa0b	NR_115241.1	96.350	822	15	14	1	811	818	1	0.0	1338
bc021789-a8c3-42ab-995d-f3d11a44fa0b	NR_115735.1	96.187	813	15	15	1	801	809	1	0.0	1315
bc021789-a8c3-42ab-995d-f3d11a44fa0b	NR_178515.1	95.377	822	23	13	1	811	818	1	0.0	1293
bc021789-a8c3-42ab-995d-f3d11a44fa0b	NR_165737.1	95.134	822	25	13	1	811	818	1	0.0	1282
a8f4fde0-629f-488d-845e-9f71ebc44b12	NR_044091.1	99.077	325	1	2	1	323	611	287	4.08e-166	582
a8f4fde0-629f-488d-845e-9f71ebc44b12	NR_113570.1	97.846	325	5	2	1	323	704	380	1.91e-159	560
a8f4fde0-629f-488d-845e-9f71ebc44b12	NR_074980.1	97.538	325	6	2	1	323	724	400	8.89e-158	555
a8f4fde0-629f-488d-845e-9f71ebc44b12	NR_113031.1	97.538	325	6	2	1	323	724	400	8.89e-158	555
a8f4fde0-629f-488d-845e-9f71ebc44b12	NR_119168.1	97.538	325	6	2	1	323	702	378	8.89e-158	555
d018e0ce-adf4-4b01-82e9-99c2a0eeb96b	NR_028682.1	89.832	1308	79	45	1	1274	210	1497	0.0	1629
d018e0ce-adf4-4b01-82e9-99c2a0eeb96b	NR_025862.1	89.513	1211	77	43	6	1188	215	1403	0.0	1495
d018e0ce-adf4-4b01-82e9-99c2a0eeb96b	NR_026454.1	89.378	1205	79	42	13	1188	196	1380	0.0	1471
d018e0ce-adf4-4b01-82e9-99c2a0eeb96b	NR_044160.1	87.367	1314	103	53	2	1277	179	1467	0.0	1448
d018e0ce-adf4-4b01-82e9-99c2a0eeb96b	NR_036922.1	87.300	1315	104	53	2	1279	212	1500	0.0	1445
d46f7fc0-a9f2-4e07-8dec-8a7f0e80e663	NR_179540.1	93.532	1175	35	35	1	1143	309	1474	0.0	1711
d46f7fc0-a9f2-4e07-8dec-8a7f0e80e663	NR_042927.1	93.447	1175	37	34	1	1143	291	1457	0.0	1707
d46f7fc0-a9f2-4e07-8dec-8a7f0e80e663	NR_115734.1	93.447	1175	37	34	1	1143	292	1458	0.0	1707
d46f7fc0-a9f2-4e07-8dec-8a7f0e80e663	NR_117719.1	93.447	1175	37	34	1	1143	309	1475	0.0	1707
d46f7fc0-a9f2-4e07-8dec-8a7f0e80e663	NR_028664.1	93.362	1175	38	34	1	1143	312	1478	0.0	1701
ee2b5f99-f414-4135-9e83-97c455689531	NR_117717.1	93.269	520	20	7	4	508	533	14	0.0	752
ee2b5f99-f414-4135-9e83-97c455689531	NR_121688.1	93.269	520	20	7	4	508	532	13	0.0	752
ee2b5f99-f414-4135-9e83-97c455689531	NR_041989.1	95.957	470	5	6	4	459	470	1	0.0	750
ee2b5f99-f414-4135-9e83-97c455689531	NR_117701.1	93.164	512	20	7	4	500	512	1	0.0	737
ee2b5f99-f414-4135-9e83-97c455689531	NR_117696.1	93.373	498	19	6	4	487	499	2	0.0	725
820d5744-c493-4f27-9efe-fa1839a25537	NR_115735.1	95.913	1248	25	23	1	1230	225	1464	0.0	1999
820d5744-c493-4f27-9efe-fa1839a25537	NR_024842.1	95.757	1249	27	23	1	1231	249	1489	0.0	1993
820d5744-c493-4f27-9efe-fa1839a25537	NR_165737.1	95.907	1246	24	24	1	1227	234	1471	0.0	1993
820d5744-c493-4f27-9efe-fa1839a25537	NR_115241.1	95.663	1245	28	23	1	1227	234	1470	0.0	1980
820d5744-c493-4f27-9efe-fa1839a25537	NR_036936.1	95.666	1246	27	24	1	1227	234	1471	0.0	1977
9edf6748-6693-4a5d-886a-e17a6e685774	NR_074980.1	95.672	439	14	5	1	435	448	11	0.0	701
9edf6748-6693-4a5d-886a-e17a6e685774	NR_113031.1	95.672	439	14	5	1	435	448	11	0.0	701
9edf6748-6693-4a5d-886a-e17a6e685774	NR_163639.1	95.413	436	14	6	1	433	437	5	0.0	689
9edf6748-6693-4a5d-886a-e17a6e685774	NR_119168.1	95.785	427	13	5	1	423	426	1	0.0	684
9edf6748-6693-4a5d-886a-e17a6e685774	NR_119169.1	95.550	427	14	5	1	423	426	1	0.0	682
24033791-a078-479e-8d52-280310f5dae7	NR_026419.1	96.730	581	11	6	1	579	576	2	0.0	961
24033791-a078-479e-8d52-280310f5dae7	NR_025903.1	94.585	591	22	8	1	589	588	6	0.0	905
24033791-a078-479e-8d52-280310f5dae7	NR_025904.1	93.423	593	25	11	1	589	587	5	0.0	867
24033791-a078-479e-8d52-280310f5dae7	NR_133753.1	94.718	549	20	7	1	547	542	1	0.0	845
24033791-a078-479e-8d52-280310f5dae7	NR_036920.1	91.540	591	37	11	1	589	581	2	0.0	802
de3a3fc8-a791-473e-8b4d-677754a31e3c	NR_115355.1	95.536	896	19	15	1	886	885	1	0.0	1417
de3a3fc8-a791-473e-8b4d-677754a31e3c	NR_119169.1	95.439	899	20	15	1	889	890	3	0.0	1417
de3a3fc8-a791-473e-8b4d-677754a31e3c	NR_163639.1	94.852	913	21	20	1	902	901	4	0.0	1402
de3a3fc8-a791-473e-8b4d-677754a31e3c	NR_074980.1	94.731	911	27	15	1	901	912	13	0.0	1397
de3a3fc8-a791-473e-8b4d-677754a31e3c	NR_113031.1	94.731	911	27	15	1	901	912	13	0.0	1397
f3723795-ff76-4d4e-8142-4e7a428bd741	NR_037101.1	97.183	71	1	1	1	70	1467	1397	2.31e-27	119
f3723795-ff76-4d4e-8142-4e7a428bd741	NR_036936.1	97.183	71	1	1	1	70	1467	1397	2.31e-27	119
f3723795-ff76-4d4e-8142-4e7a428bd741	NR_040821.1	97.183	71	1	1	1	70	1467	1397	2.31e-27	119
f3723795-ff76-4d4e-8142-4e7a428bd741	NR_025729.1	97.183	71	1	1	1	70	1485	1415	2.31e-27	119
f3723795-ff76-4d4e-8142-4e7a428bd741	NR_026368.1	97.183	71	1	1	1	70	1469	1399	2.31e-27	119
481c157d-7fc8-4d48-832e-6e853506281c	NR_042776.1	89.203	778	40	38	4	745	84	853	0.0	931
481c157d-7fc8-4d48-832e-6e853506281c	NR_042778.1	89.075	778	41	37	4	745	84	853	0.0	926
481c157d-7fc8-4d48-832e-6e853506281c	NR_042777.1	88.817	778	42	39	4	745	84	852	0.0	913
481c157d-7fc8-4d48-832e-6e853506281c	NR_118998.1	88.689	778	44	36	4	745	79	848	0.0	911
481c157d-7fc8-4d48-832e-6e853506281c	NR_197695.1	88.689	778	44	38	4	745	83	852	0.0	909
d9fc06cf-598e-43e8-b19c-965838201c44	NR_179540.1	87.135	513	36	23	1	496	997	1496	1.40e-157	555
d9fc06cf-598e-43e8-b19c-965838201c44	NR_117719.1	86.940	513	38	22	1	496	997	1497	6.51e-156	549
d9fc06cf-598e-43e8-b19c-965838201c44	NR_179383.1	86.940	513	38	22	1	496	1004	1504	6.51e-156	549
d9fc06cf-598e-43e8-b19c-965838201c44	NR_175455.1	86.770	514	38	23	1	496	985	1486	8.42e-155	545
d9fc06cf-598e-43e8-b19c-965838201c44	NR_028664.1	86.745	513	39	22	1	496	1000	1500	3.03e-154	544
26cb2461-bc92-4dde-998b-7cbbd1751591	NR_026419.1	93.241	577	18	16	1	558	580	6	0.0	830
26cb2461-bc92-4dde-998b-7cbbd1751591	NR_025903.1	91.017	590	27	20	1	567	592	6	0.0	773
26cb2461-bc92-4dde-998b-7cbbd1751591	NR_133753.1	92.037	540	23	15	1	523	546	10	0.0	741
26cb2461-bc92-4dde-998b-7cbbd1751591	NR_025904.1	89.696	592	31	23	1	567	591	5	0.0	728
26cb2461-bc92-4dde-998b-7cbbd1751591	NR_133752.1	92.141	509	25	12	1	497	517	12	0.0	704
ed1ff336-f901-404a-8f91-7764125f86c8	NR_042776.1	98.932	562	3	3	3	562	717	1277	0.0	1002
ed1ff336-f901-404a-8f91-7764125f86c8	NR_042777.1	98.932	562	3	3	3	562	716	1276	0.0	1002
ed1ff336-f901-404a-8f91-7764125f86c8	NR_042778.1	98.932	562	3	3	3	562	717	1277	0.0	1002
ed1ff336-f901-404a-8f91-7764125f86c8	NR_197695.1	98.577	562	5	3	3	562	716	1276	0.0	990
ed1ff336-f901-404a-8f91-7764125f86c8	NR_118998.1	98.043	562	7	4	3	562	712	1271	0.0	974
7eb4194b-42a0-4549-b4b6-3f8155d07461	NR_163639.1	94.597	1277	26	30	1	1259	1255	4	0.0	1936
7eb4194b-42a0-4549-b4b6-3f8155d07461	NR_119169.1	94.550	1266	30	26	1	1248	1245	1	0.0	1927
7eb4194b-42a0-4549-b4b6-3f8155d07461	NR_115355.1	94.687	1261	28	26	1	1243	1240	1	0.0	1925
7eb4194b-42a0-4549-b4b6-3f8155d07461	NR_074980.1	94.275	1275	36	26	1	1258	1267	13	0.0	1916
7eb4194b-42a0-4549-b4b6-3f8155d07461	NR_117759.1	94.141	1263	37	26	1	1246	1243	1	0.0	1892
98676cab-0425-44cc-a615-0f0560c7761a	NR_042928.1	95.115	1392	44	22	1	1377	1383	1	0.0	2172
98676cab-0425-44cc-a615-0f0560c7761a	NR_117719.1	94.643	1400	51	22	1	1385	1403	13	0.0	2148
98676cab-0425-44cc-a615-0f0560c7761a	NR_199545.1	94.643	1400	51	22	1	1385	1403	13	0.0	2148
98676cab-0425-44cc-a615-0f0560c7761a	NR_199547.1	95.252	1369	42	21	1	1354	1363	3	0.0	2146
98676cab-0425-44cc-a615-0f0560c7761a	NR_028664.1	94.571	1400	52	22	1	1385	1406	16	0.0	2143
47ee12da-e2bf-4a12-b927-9d13976feca2	NR_179325.1	93.268	713	26	18	1	702	755	1456	0.0	1031
47ee12da-e2bf-4a12-b927-9d13976feca2	NR_115355.1	93.128	713	27	18	1	702	781	1482	0.0	1026
47ee12da-e2bf-4a12-b927-9d13976feca2	NR_163639.1	92.987	713	26	20	1	702	798	1497	0.0	1018
47ee12da-e2bf-4a12-b927-9d13976feca2	NR_119169.1	92.707	713	30	18	1	702	786	1487	0.0	1013
47ee12da-e2bf-4a12-b927-9d13976feca2	NR_115354.1	92.707	713	30	18	1	702	781	1482	0.0	1011
f9a44ee2-3bac-4a9d-9d39-27e7e4fd04e1	NR_042776.1	95.852	458	9	3	1	448	1042	1499	0.0	732
f9a44ee2-3bac-4a9d-9d39-27e7e4fd04e1	NR_042777.1	95.852	458	9	3	1	448	1041	1498	0.0	732
f9a44ee2-3bac-4a9d-9d39-27e7e4fd04e1	NR_042778.1	95.852	458	9	3	1	448	1042	1499	0.0	732
f9a44ee2-3bac-4a9d-9d39-27e7e4fd04e1	NR_118998.1	95.852	458	9	3	1	448	1036	1493	0.0	732
f9a44ee2-3bac-4a9d-9d39-27e7e4fd04e1	NR_197695.1	95.852	458	9	3	1	448	1041	1498	0.0	732
d5430d25-69d8-47ef-889e-eab9f6cf150d	NR_042776.1	94.872	156	4	4	4	157	172	19	1.30e-63	241
d5430d25-69d8-47ef-889e-eab9f6cf150d	NR_042777.1	94.872	156	4	4	4	157	172	19	1.30e-63	241
d5430d25-69d8-47ef-889e-eab9f6cf150d	NR_042778.1	94.872	156	4	4	4	157	172	19	1.30e-63	241
d5430d25-69d8-47ef-889e-eab9f6cf150d	NR_024841.1	94.231	156	5	4	4	157	161	8	6.06e-62	235
d5430d25-69d8-47ef-889e-eab9f6cf150d	NR_041781.1	94.231	156	5	4	4	157	156	3	6.06e-62	235
24120326-58a9-4fb0-abb3-87ed27ceafce	NR_119169.1	93.838	990	33	26	1	975	978	2	0.0	1469
24120326-58a9-4fb0-abb3-87ed27ceafce	NR_115355.1	93.915	986	32	26	1	971	973	1	0.0	1467
24120326-58a9-4fb0-abb3-87ed27ceafce	NR_074980.1	93.200	1000	39	27	1	984	1000	14	0.0	1443
24120326-58a9-4fb0-abb3-87ed27ceafce	NR_113031.1	93.200	1000	39	27	1	984	1000	14	0.0	1443
24120326-58a9-4fb0-abb3-87ed27ceafce	NR_119168.1	93.434	990	37	26	1	975	978	2	0.0	1443
0290b94e-2d50-4509-b889-22c43561fc22	NR_026419.1	98.243	569	4	3	16	579	568	1	0.0	990
0290b94e-2d50-4509-b889-22c43561fc22	NR_025903.1	96.014	577	16	4	16	587	580	6	0.0	931
0290b94e-2d50-4509-b889-22c43561fc22	NR_025904.1	94.828	580	17	9	16	587	579	5	0.0	893
0290b94e-2d50-4509-b889-22c43561fc22	NR_133753.1	96.082	536	14	4	16	546	534	1	0.0	867
0290b94e-2d50-4509-b889-22c43561fc22	NR_036920.1	93.056	576	32	6	16	587	573	2	0.0	835
2f6d2fb2-ccc8-4330-b1ea-60de29a7960e	NR_024842.1	96.613	1063	24	11	4	1056	1070	10	0.0	1757
2f6d2fb2-ccc8-4330-b1ea-60de29a7960e	NR_115241.1	96.594	1057	24	11	4	1050	1055	1	0.0	1746
2f6d2fb2-ccc8-4330-b1ea-60de29a7960e	NR_115735.1	96.660	1048	22	12	4	1040	1046	1	0.0	1729
2f6d2fb2-ccc8-4330-b1ea-60de29a7960e	NR_178515.1	96.314	1058	25	13	4	1050	1055	1	0.0	1725
2f6d2fb2-ccc8-4330-b1ea-60de29a7960e	NR_165737.1	96.034	1059	26	14	4	1050	1055	1	0.0	1709
8df1d4eb-8a99-437d-8485-c5f3bee76da4	NR_041879.1	93.078	549	14	19	1	535	715	177	0.0	782
8df1d4eb-8a99-437d-8485-c5f3bee76da4	NR_115355.1	93.078	549	14	19	1	535	758	220	0.0	782
8df1d4eb-8a99-437d-8485-c5f3bee76da4	NR_179325.1	93.078	549	14	19	1	535	732	194	0.0	782
8df1d4eb-8a99-437d-8485-c5f3bee76da4	NR_119169.1	92.896	549	15	19	1	535	763	225	0.0	778
8df1d4eb-8a99-437d-8485-c5f3bee76da4	NR_113570.1	92.350	549	18	19	1	535	765	227	0.0	760
2b11c04d-6cdb-41a8-9a1c-b5fcdc3e174d	NR_163639.1	88.742	604	40	24	2	588	596	4	0.0	713
2b11c04d-6cdb-41a8-9a1c-b5fcdc3e174d	NR_074980.1	88.815	599	38	25	8	587	601	13	0.0	708
2b11c04d-6cdb-41a8-9a1c-b5fcdc3e174d	NR_113031.1	88.815	599	38	25	8	587	601	13	0.0	708
2b11c04d-6cdb-41a8-9a1c-b5fcdc3e174d	NR_119169.1	88.571	595	39	25	2	577	585	1	0.0	699
2b11c04d-6cdb-41a8-9a1c-b5fcdc3e174d	NR_115355.1	88.644	590	38	25	2	572	580	1	0.0	695
13dcc384-a886-4368-a352-4db5a38f4c24	NR_074980.1	94.203	552	19	8	4	548	558	13	0.0	830
13dcc384-a886-4368-a352-4db5a38f4c24	NR_113031.1	94.203	552	19	8	4	548	558	13	0.0	830
13dcc384-a886-4368-a352-4db5a38f4c24	NR_119169.1	94.640	541	16	8	4	537	536	2	0.0	830
13dcc384-a886-4368-a352-4db5a38f4c24	NR_115355.1	94.786	537	15	8	4	533	531	1	0.0	828
13dcc384-a886-4368-a352-4db5a38f4c24	NR_119168.1	94.640	541	16	8	4	537	536	2	0.0	826
f96c2d77-1462-4e74-a1fa-b558bb8f49b4	NR_119170.1	93.891	311	10	9	7	313	309	4	2.03e-129	460
f96c2d77-1462-4e74-a1fa-b558bb8f49b4	NR_115354.1	93.851	309	10	9	7	311	304	1	2.63e-128	457
f96c2d77-1462-4e74-a1fa-b558bb8f49b4	NR_119169.1	92.628	312	14	9	7	314	309	3	7.37e-124	442
f96c2d77-1462-4e74-a1fa-b558bb8f49b4	NR_119168.1	92.628	312	14	9	7	314	309	3	2.65e-123	440
f96c2d77-1462-4e74-a1fa-b558bb8f49b4	NR_163639.1	92.628	312	14	9	7	314	323	17	2.65e-123	440
1349d99e-e906-4b08-a25b-d505701fa8d6	NR_025903.1	97.654	1151	18	7	1	1143	1155	6	0.0	1967
1349d99e-e906-4b08-a25b-d505701fa8d6	NR_133753.1	97.568	1110	18	7	1	1102	1109	1	0.0	1892
1349d99e-e906-4b08-a25b-d505701fa8d6	NR_025904.1	96.097	1153	32	11	1	1143	1154	5	0.0	1868
1349d99e-e906-4b08-a25b-d505701fa8d6	NR_026419.1	96.479	1136	30	8	4	1130	1140	6	0.0	1868
1349d99e-e906-4b08-a25b-d505701fa8d6	NR_133752.1	97.405	1079	19	7	1	1071	1080	3	0.0	1829
9624bb72-9109-4ae9-88bd-c6f12b701e6e	NR_115560.1	85.465	172	9	10	1	162	176	11	8.18e-41	165
9624bb72-9109-4ae9-88bd-c6f12b701e6e	NR_028664.1	85.294	170	9	10	1	160	179	16	1.06e-39	161
9624bb72-9109-4ae9-88bd-c6f12b701e6e	NR_113561.1	85.207	169	11	9	2	160	177	13	1.06e-39	161
9624bb72-9109-4ae9-88bd-c6f12b701e6e	NR_179385.1	85.294	170	9	10	1	160	180	17	1.06e-39	161
9624bb72-9109-4ae9-88bd-c6f12b701e6e	NR_103943.1	85.119	168	11	10	3	160	182	19	3.80e-39	159
f35e3e0b-8817-466d-8a5d-c2338610bae4	NR_042776.1	98.601	786	8	3	1	784	805	21	0.0	1387
f35e3e0b-8817-466d-8a5d-c2338610bae4	NR_042778.1	98.346	786	10	3	1	784	805	21	0.0	1376
f35e3e0b-8817-466d-8a5d-c2338610bae4	NR_042777.1	98.219	786	10	4	1	784	804	21	0.0	1371
f35e3e0b-8817-466d-8a5d-c2338610bae4	NR_197695.1	97.964	786	13	3	1	784	804	20	0.0	1360
f35e3e0b-8817-466d-8a5d-c2338610bae4	NR_118998.1	97.837	786	14	3	1	784	800	16	0.0	1356
0110c176-570c-4ba3-b79b-81afcf185319	NR_024842.1	95.676	555	14	8	6	550	935	1489	0.0	883
0110c176-570c-4ba3-b79b-81afcf185319	NR_115735.1	95.668	554	14	8	6	549	911	1464	0.0	881
0110c176-570c-4ba3-b79b-81afcf185319	NR_115241.1	95.463	551	15	8	6	546	920	1470	0.0	872
0110c176-570c-4ba3-b79b-81afcf185319	NR_117719.1	95.324	556	15	9	6	550	938	1493	0.0	872
0110c176-570c-4ba3-b79b-81afcf185319	NR_179383.1	95.324	556	15	9	6	550	945	1500	0.0	872
c9e5e51f-a94c-4bfc-bfab-39e00d7ba827	NR_025903.1	95.833	1128	19	18	1	1113	384	1498	0.0	1797
c9e5e51f-a94c-4bfc-bfab-39e00d7ba827	NR_133753.1	95.822	1101	19	17	1	1086	338	1426	0.0	1753
c9e5e51f-a94c-4bfc-bfab-39e00d7ba827	NR_025904.1	95.040	1129	26	20	1	1113	383	1497	0.0	1748
c9e5e51f-a94c-4bfc-bfab-39e00d7ba827	NR_133752.1	95.640	1101	21	17	1	1086	309	1397	0.0	1742
c9e5e51f-a94c-4bfc-bfab-39e00d7ba827	NR_026419.1	94.947	1128	30	17	1	1113	372	1487	0.0	1742
78952679-adba-4d5b-becf-4708307ad19d	NR_024842.1	98.529	884	10	3	1	882	607	1489	0.0	1557
78952679-adba-4d5b-becf-4708307ad19d	NR_115735.1	98.528	883	10	3	1	881	583	1464	0.0	1555
78952679-adba-4d5b-becf-4708307ad19d	NR_156072.1	98.416	884	11	3	1	882	612	1494	0.0	1552
78952679-adba-4d5b-becf-4708307ad19d	NR_165737.1	98.411	881	10	4	1	878	592	1471	0.0	1546
78952679-adba-4d5b-becf-4708307ad19d	NR_115241.1	98.182	880	13	3	1	878	592	1470	0.0	1539
d18c0b9b-364c-4e55-8165-b01f9d27eed8	NR_028664.1	90.693	505	27	13	1	494	1001	1496	0.0	654
d18c0b9b-364c-4e55-8165-b01f9d27eed8	NR_117719.1	90.693	505	27	13	1	494	998	1493	0.0	654
d18c0b9b-364c-4e55-8165-b01f9d27eed8	NR_152678.1	90.693	505	27	13	1	494	1000	1495	0.0	654
d18c0b9b-364c-4e55-8165-b01f9d27eed8	NR_179383.1	90.693	505	27	13	1	494	1005	1500	0.0	654
d18c0b9b-364c-4e55-8165-b01f9d27eed8	NR_165737.1	90.818	501	26	13	1	490	980	1471	0.0	652
1aa01ff1-6936-4142-b6f2-b34ea74d5262	NR_116168.1	93.413	926	37	20	1	912	1479	564	0.0	1351
1aa01ff1-6936-4142-b6f2-b34ea74d5262	NR_118762.1	92.432	925	47	20	1	912	1481	567	0.0	1319
1aa01ff1-6936-4142-b6f2-b34ea74d5262	NR_025423.1	90.723	927	60	22	1	912	1463	548	0.0	1212
1aa01ff1-6936-4142-b6f2-b34ea74d5262	NR_024897.1	90.625	928	59	24	1	912	1478	563	0.0	1206
1aa01ff1-6936-4142-b6f2-b34ea74d5262	NR_114764.1	90.507	927	62	22	1	912	1461	546	0.0	1205
5b1d99ec-bf67-46b2-8da5-d1fef8392e23	NR_042928.1	97.882	1322	18	9	1	1317	152	1468	0.0	2278
5b1d99ec-bf67-46b2-8da5-d1fef8392e23	NR_199547.1	98.299	1293	14	7	1	1288	132	1421	0.0	2259
5b1d99ec-bf67-46b2-8da5-d1fef8392e23	NR_117719.1	97.717	1314	22	7	12	1321	184	1493	0.0	2254
5b1d99ec-bf67-46b2-8da5-d1fef8392e23	NR_175455.1	97.643	1315	22	8	12	1321	172	1482	0.0	2248
5b1d99ec-bf67-46b2-8da5-d1fef8392e23	NR_042927.1	97.424	1320	25	8	3	1317	156	1471	0.0	2241
cf87a737-99a2-4790-a5df-a728ba835d17	NR_042776.1	96.919	714	8	12	1	706	791	1498	0.0	1184
cf87a737-99a2-4790-a5df-a728ba835d17	NR_042777.1	96.919	714	8	12	1	706	790	1497	0.0	1184
cf87a737-99a2-4790-a5df-a728ba835d17	NR_042778.1	96.639	714	10	12	1	706	791	1498	0.0	1173
cf87a737-99a2-4790-a5df-a728ba835d17	NR_197695.1	96.359	714	12	12	1	706	790	1497	0.0	1162
cf87a737-99a2-4790-a5df-a728ba835d17	NR_118998.1	95.938	714	14	13	1	706	786	1492	0.0	1144
11dd2d6a-79f8-46c0-b398-542cf5e62a65	NR_042776.1	97.623	631	9	4	1	625	150	780	0.0	1077
11dd2d6a-79f8-46c0-b398-542cf5e62a65	NR_042778.1	97.306	631	11	4	1	625	150	780	0.0	1066
11dd2d6a-79f8-46c0-b398-542cf5e62a65	NR_042777.1	97.147	631	11	5	1	625	150	779	0.0	1059
11dd2d6a-79f8-46c0-b398-542cf5e62a65	NR_197695.1	96.989	631	13	4	1	625	149	779	0.0	1055
11dd2d6a-79f8-46c0-b398-542cf5e62a65	NR_118998.1	96.830	631	14	4	1	625	145	775	0.0	1050
75b34969-43eb-45d9-9e71-ed926217d5b4	NR_042776.1	95.436	1468	34	20	1	1444	41	1499	0.0	2309
75b34969-43eb-45d9-9e71-ed926217d5b4	NR_042777.1	95.232	1468	36	21	1	1444	41	1498	0.0	2292
75b34969-43eb-45d9-9e71-ed926217d5b4	NR_042778.1	95.163	1468	38	20	1	1444	41	1499	0.0	2287
75b34969-43eb-45d9-9e71-ed926217d5b4	NR_197695.1	94.894	1469	40	22	1	1444	40	1498	0.0	2265
75b34969-43eb-45d9-9e71-ed926217d5b4	NR_118998.1	94.550	1468	46	23	1	1444	36	1493	0.0	2239
5a807bbf-4126-4d24-a3e5-8a13a561dc23	NR_026419.1	90.698	129	2	4	1	119	1356	1484	2.08e-40	163
5a807bbf-4126-4d24-a3e5-8a13a561dc23	NR_025904.1	89.922	129	2	5	1	119	1367	1494	3.48e-38	156
5a807bbf-4126-4d24-a3e5-8a13a561dc23	NR_026420.1	89.844	128	4	5	1	119	1355	1482	3.48e-38	156
5a807bbf-4126-4d24-a3e5-8a13a561dc23	NR_025903.1	89.922	129	2	5	1	119	1368	1495	3.48e-38	156
5a807bbf-4126-4d24-a3e5-8a13a561dc23	NR_179572.1	89.844	128	4	5	1	119	1375	1502	3.48e-38	156
a9ed000e-bd48-4cbc-baf7-9ad8fd0e4071	NR_025359.1	95.181	83	4	0	3	85	1408	1490	3.97e-31	132
a9ed000e-bd48-4cbc-baf7-9ad8fd0e4071	NR_027217.1	95.181	83	4	0	3	85	1387	1469	3.97e-31	132
a9ed000e-bd48-4cbc-baf7-9ad8fd0e4071	NR_044741.1	95.181	83	4	0	3	85	1369	1451	3.97e-31	132
a9ed000e-bd48-4cbc-baf7-9ad8fd0e4071	NR_180040.1	95.181	83	4	0	3	85	1411	1493	3.97e-31	132
a9ed000e-bd48-4cbc-baf7-9ad8fd0e4071	NR_181946.1	95.181	83	4	0	3	85	1390	1472	3.97e-31	132
fc0848b0-22ba-4ce0-889c-b10d362d32e6	NR_042776.1	91.729	266	10	11	8	266	1239	1499	6.17e-99	359
fc0848b0-22ba-4ce0-889c-b10d362d32e6	NR_042777.1	91.729	266	10	11	8	266	1238	1498	6.17e-99	359
fc0848b0-22ba-4ce0-889c-b10d362d32e6	NR_042052.1	90.977	266	12	11	8	266	1137	1397	1.33e-95	348
fc0848b0-22ba-4ce0-889c-b10d362d32e6	NR_114642.1	90.977	266	12	11	8	266	1196	1456	1.33e-95	348
fc0848b0-22ba-4ce0-889c-b10d362d32e6	NR_024842.1	90.602	266	13	11	8	266	1229	1489	6.21e-94	342
2af086e8-fc6a-426d-aafd-35b459d4b0b5	NR_116168.1	99.213	127	1	0	1	127	1384	1258	2.15e-60	230
2af086e8-fc6a-426d-aafd-35b459d4b0b5	NR_118762.1	99.213	127	1	0	1	127	1386	1260	2.15e-60	230
2af086e8-fc6a-426d-aafd-35b459d4b0b5	NR_042878.1	99.206	126	1	0	2	127	1362	1237	7.72e-60	228
2af086e8-fc6a-426d-aafd-35b459d4b0b5	NR_044613.1	100.000	121	0	0	1	121	1388	1268	9.98e-59	224
2af086e8-fc6a-426d-aafd-35b459d4b0b5	NR_114558.1	100.000	121	0	0	1	121	1362	1242	9.98e-59	224
202513a5-f97d-4b7c-9276-74d122aab74c	NR_040821.1	93.416	243	10	6	1	237	1237	1479	6.94e-98	355
202513a5-f97d-4b7c-9276-74d122aab74c	NR_025148.1	93.416	243	10	6	1	237	1257	1499	6.94e-98	355
202513a5-f97d-4b7c-9276-74d122aab74c	NR_040820.1	93.416	243	10	6	1	237	1237	1479	6.94e-98	355
202513a5-f97d-4b7c-9276-74d122aab74c	NR_134818.1	93.416	243	10	6	1	237	1250	1492	6.94e-98	355
202513a5-f97d-4b7c-9276-74d122aab74c	NR_126177.1	93.416	243	10	6	1	237	1239	1481	6.94e-98	355
abb21978-333b-4e49-8ade-d581b2e4c5dc	NR_024905.1	95.495	111	3	2	3	112	1393	1284	2.51e-44	176
abb21978-333b-4e49-8ade-d581b2e4c5dc	NR_028682.1	95.495	111	3	2	3	112	1404	1295	2.51e-44	176
abb21978-333b-4e49-8ade-d581b2e4c5dc	NR_041708.1	95.495	111	3	2	3	112	1363	1254	2.51e-44	176
abb21978-333b-4e49-8ade-d581b2e4c5dc	NR_025862.1	95.495	111	3	2	3	112	1403	1294	2.51e-44	176
abb21978-333b-4e49-8ade-d581b2e4c5dc	NR_025435.1	95.495	111	3	2	3	112	1401	1292	2.51e-44	176
2e28c3e9-df22-437e-b8ef-ded07f5a5064	NR_043332.1	95.633	229	8	2	9	236	1255	1482	3.21e-101	366
2e28c3e9-df22-437e-b8ef-ded07f5a5064	NR_074980.1	95.633	229	8	2	9	236	1282	1509	3.21e-101	366
2e28c3e9-df22-437e-b8ef-ded07f5a5064	NR_113031.1	95.633	229	8	2	9	236	1282	1509	3.21e-101	366
2e28c3e9-df22-437e-b8ef-ded07f5a5064	NR_119168.1	95.197	229	9	2	9	236	1260	1487	4.15e-100	363
2e28c3e9-df22-437e-b8ef-ded07f5a5064	NR_113570.1	95.217	230	8	3	9	236	1262	1490	1.49e-99	361
ce345047-50ec-46ee-aa41-6adfe789d233	NR_025892.1	98.492	199	2	1	1	198	218	20	7.43e-97	351
ce345047-50ec-46ee-aa41-6adfe789d233	NR_117694.1	98.438	192	2	1	1	191	192	1	2.08e-92	337
ce345047-50ec-46ee-aa41-6adfe789d233	NR_104830.1	94.000	200	10	2	4	201	204	5	7.59e-82	302
ce345047-50ec-46ee-aa41-6adfe789d233	NR_117717.1	93.970	199	11	1	1	198	213	15	2.73e-81	300
ce345047-50ec-46ee-aa41-6adfe789d233	NR_121687.1	94.000	200	9	3	1	198	212	14	2.73e-81	300
0a749bdf-7209-4960-97f0-e3ccaa6df154	NR_025892.1	97.297	111	2	1	1	110	138	28	1.17e-47	187
0a749bdf-7209-4960-97f0-e3ccaa6df154	NR_117694.1	96.396	111	3	1	1	110	112	2	5.46e-46	182
0a749bdf-7209-4960-97f0-e3ccaa6df154	NR_117717.1	95.495	111	4	1	1	110	133	23	2.54e-44	176
0a749bdf-7209-4960-97f0-e3ccaa6df154	NR_121687.1	95.495	111	4	1	1	110	132	22	2.54e-44	176
0a749bdf-7209-4960-97f0-e3ccaa6df154	NR_121688.1	95.495	111	4	1	1	110	132	22	2.54e-44	176
3e979791-923f-4b63-b0ff-549b5ab29d04	NR_113570.1	95.833	216	5	4	1	214	1219	1006	3.71e-95	346
3e979791-923f-4b63-b0ff-549b5ab29d04	NR_163639.1	95.833	216	5	4	1	214	1227	1014	3.71e-95	346
3e979791-923f-4b63-b0ff-549b5ab29d04	NR_179325.1	95.833	216	5	4	1	214	1186	973	3.71e-95	346
3e979791-923f-4b63-b0ff-549b5ab29d04	NR_041880.1	95.370	216	6	4	1	214	1168	955	1.73e-93	340
3e979791-923f-4b63-b0ff-549b5ab29d04	NR_025762.1	95.370	216	6	4	1	214	1190	977	1.73e-93	340
88e3ccd9-1d2b-4563-aa95-8ba0e99176d4	NR_025904.1	89.262	149	6	7	1	141	151	5	9.00e-45	178
88e3ccd9-1d2b-4563-aa95-8ba0e99176d4	NR_025903.1	87.919	149	8	7	1	141	152	6	1.95e-41	167
88e3ccd9-1d2b-4563-aa95-8ba0e99176d4	NR_026419.1	88.571	140	8	5	1	133	139	1	2.52e-40	163
88e3ccd9-1d2b-4563-aa95-8ba0e99176d4	NR_036920.1	93.878	98	4	2	44	141	97	2	2.54e-35	147
88e3ccd9-1d2b-4563-aa95-8ba0e99176d4	NR_026420.1	94.444	90	5	0	44	133	90	1	4.25e-33	139
a0de7e22-a863-40cd-838c-c7157fc6ad76	NR_117520.1	89.634	164	6	7	18	171	1176	1014	8.64e-51	198
a0de7e22-a863-40cd-838c-c7157fc6ad76	NR_181558.1	89.634	164	6	7	18	171	1228	1066	8.64e-51	198
a0de7e22-a863-40cd-838c-c7157fc6ad76	NR_044904.1	89.091	165	7	7	18	172	1220	1057	1.12e-49	195
a0de7e22-a863-40cd-838c-c7157fc6ad76	NR_037101.1	89.024	164	7	7	18	171	1208	1046	4.02e-49	193
a0de7e22-a863-40cd-838c-c7157fc6ad76	NR_024659.1	89.024	164	7	7	18	171	1189	1027	4.02e-49	193
57e36eba-3504-431d-a251-dedd435f965e	NR_119168.1	95.539	269	7	4	1	265	270	3	5.87e-119	425
57e36eba-3504-431d-a251-dedd435f965e	NR_163639.1	95.539	269	7	4	1	265	284	17	5.87e-119	425
57e36eba-3504-431d-a251-dedd435f965e	NR_119169.1	95.167	269	8	4	1	265	270	3	7.60e-118	422
57e36eba-3504-431d-a251-dedd435f965e	NR_074980.1	95.167	269	8	4	1	265	292	25	2.73e-117	420
57e36eba-3504-431d-a251-dedd435f965e	NR_113031.1	95.167	269	8	4	1	265	292	25	2.73e-117	420
3cfbe4c0-8975-48a8-a6f7-288f08f0afd4	NR_114413.1	94.706	170	7	2	1	168	185	16	2.96e-70	263
3cfbe4c0-8975-48a8-a6f7-288f08f0afd4	NR_165737.1	95.679	162	5	2	1	160	162	1	3.83e-69	259
3cfbe4c0-8975-48a8-a6f7-288f08f0afd4	NR_178515.1	95.679	162	5	2	1	160	162	1	3.83e-69	259
3cfbe4c0-8975-48a8-a6f7-288f08f0afd4	NR_199974.1	95.122	164	6	2	7	168	183	20	1.38e-68	257
3cfbe4c0-8975-48a8-a6f7-288f08f0afd4	NR_199956.1	94.578	166	7	2	5	168	178	13	4.95e-68	255
0d6a038e-c0f5-4c9e-ad73-452db8ae8569	NR_116168.1	96.891	193	3	3	10	200	1384	1193	2.14e-87	320
0d6a038e-c0f5-4c9e-ad73-452db8ae8569	NR_118762.1	96.891	193	3	3	10	200	1386	1195	2.14e-87	320
0d6a038e-c0f5-4c9e-ad73-452db8ae8569	NR_042878.1	96.875	192	3	3	11	200	1362	1172	7.71e-87	318
0d6a038e-c0f5-4c9e-ad73-452db8ae8569	NR_025073.1	94.301	193	8	3	10	200	1386	1195	4.67e-79	292
0d6a038e-c0f5-4c9e-ad73-452db8ae8569	NR_044613.1	93.782	193	9	3	10	200	1388	1197	2.17e-77	287
a3dec9b6-53fb-454c-92b6-07080ea0a61f	NR_178515.1	96.308	325	3	5	1	317	827	1150	6.81e-149	525
a3dec9b6-53fb-454c-92b6-07080ea0a61f	NR_180875.1	96.308	325	3	5	1	317	806	1129	6.81e-149	525
a3dec9b6-53fb-454c-92b6-07080ea0a61f	NR_024841.1	96.562	320	2	5	6	317	846	1164	8.81e-148	521
a3dec9b6-53fb-454c-92b6-07080ea0a61f	NR_028664.1	96.562	320	2	5	6	317	853	1171	8.81e-148	521
a3dec9b6-53fb-454c-92b6-07080ea0a61f	NR_042927.1	96.562	320	2	5	6	317	832	1150	8.81e-148	521
195c4aea-7cf8-4d9f-8a14-1cbe25a305a2	NR_028900.1	89.804	255	7	10	1	237	949	696	5.56e-84	309
195c4aea-7cf8-4d9f-8a14-1cbe25a305a2	NR_043459.1	89.804	255	7	10	1	237	1015	762	5.56e-84	309
195c4aea-7cf8-4d9f-8a14-1cbe25a305a2	NR_041989.1	89.804	255	7	10	1	237	949	696	5.56e-84	309
195c4aea-7cf8-4d9f-8a14-1cbe25a305a2	NR_117694.1	89.804	255	7	10	1	237	991	738	5.56e-84	309
195c4aea-7cf8-4d9f-8a14-1cbe25a305a2	NR_157664.1	89.804	255	7	10	1	237	1011	758	5.56e-84	309
65223ef6-7564-4067-9984-4f06175ca47b	NR_028682.1	96.629	178	3	2	1	175	1345	1168	3.93e-79	292
65223ef6-7564-4067-9984-4f06175ca47b	NR_025862.1	96.067	178	4	2	1	175	1344	1167	5.08e-78	289
65223ef6-7564-4067-9984-4f06175ca47b	NR_025863.1	94.944	178	6	2	1	175	1349	1172	1.10e-74	278
65223ef6-7564-4067-9984-4f06175ca47b	NR_028922.1	94.972	179	5	3	1	175	1284	1106	1.10e-74	278
65223ef6-7564-4067-9984-4f06175ca47b	NR_026454.1	94.944	178	6	2	1	175	1321	1144	3.96e-74	276
2c7ef2f0-141c-418b-9ed3-b975bd960ca0	NR_025892.1	96.273	161	4	2	1	161	1215	1373	2.86e-70	263
2c7ef2f0-141c-418b-9ed3-b975bd960ca0	NR_025902.1	96.273	161	4	2	1	161	1168	1326	2.86e-70	263
2c7ef2f0-141c-418b-9ed3-b975bd960ca0	NR_040933.1	96.273	161	4	2	1	161	1212	1370	2.86e-70	263
2c7ef2f0-141c-418b-9ed3-b975bd960ca0	NR_041988.1	96.273	161	4	2	1	161	1148	1306	2.86e-70	263
2c7ef2f0-141c-418b-9ed3-b975bd960ca0	NR_104947.1	96.273	161	4	2	1	161	1163	1321	2.86e-70	263
fb330de4-16d4-4044-8498-963d7aa52f84	NR_036936.1	96.053	152	4	2	1	152	1388	1239	2.74e-65	246
fb330de4-16d4-4044-8498-963d7aa52f84	NR_025453.1	96.053	152	4	2	1	152	1388	1239	2.74e-65	246
fb330de4-16d4-4044-8498-963d7aa52f84	NR_028666.1	96.053	152	4	2	1	152	1412	1263	2.74e-65	246
fb330de4-16d4-4044-8498-963d7aa52f84	NR_028833.1	96.053	152	4	2	1	152	1415	1266	2.74e-65	246
fb330de4-16d4-4044-8498-963d7aa52f84	NR_029052.1	96.053	152	4	2	1	152	1376	1227	2.74e-65	246
4df99081-505c-4c30-a662-80f4aae6ffee	NR_043332.1	92.625	339	7	14	2	330	1457	1127	9.46e-133	472
4df99081-505c-4c30-a662-80f4aae6ffee	NR_074980.1	92.625	339	7	14	2	330	1484	1154	9.46e-133	472
4df99081-505c-4c30-a662-80f4aae6ffee	NR_113031.1	92.625	339	7	14	2	330	1484	1154	9.46e-133	472
4df99081-505c-4c30-a662-80f4aae6ffee	NR_113570.1	92.625	339	7	14	2	330	1464	1134	9.46e-133	472
4df99081-505c-4c30-a662-80f4aae6ffee	NR_115354.1	92.330	339	8	14	2	330	1457	1127	4.40e-131	466
052f75d6-1ea4-4d96-96ee-3a38306c8f59	NR_024842.1	96.629	178	3	1	1	175	1427	1250	3.95e-79	292
052f75d6-1ea4-4d96-96ee-3a38306c8f59	NR_036936.1	96.629	178	3	1	1	175	1412	1235	3.95e-79	292
052f75d6-1ea4-4d96-96ee-3a38306c8f59	NR_025453.1	96.629	178	3	1	1	175	1412	1235	3.95e-79	292
052f75d6-1ea4-4d96-96ee-3a38306c8f59	NR_028666.1	96.629	178	3	1	1	175	1436	1259	3.95e-79	292
052f75d6-1ea4-4d96-96ee-3a38306c8f59	NR_028833.1	96.629	178	3	1	1	175	1439	1262	3.95e-79	292
f19941d8-830c-423e-99b3-7787710db3f9	NR_024659.1	95.000	220	4	6	1	216	1181	965	6.37e-93	339
f19941d8-830c-423e-99b3-7787710db3f9	NR_042776.1	95.000	220	4	6	1	216	1225	1009	6.37e-93	339
f19941d8-830c-423e-99b3-7787710db3f9	NR_042777.1	95.000	220	4	6	1	216	1224	1008	6.37e-93	339
f19941d8-830c-423e-99b3-7787710db3f9	NR_042778.1	95.000	220	4	6	1	216	1225	1009	6.37e-93	339
f19941d8-830c-423e-99b3-7787710db3f9	NR_116212.1	95.000	220	4	6	1	216	1123	907	6.37e-93	339
38119a1b-9ce1-4741-90aa-02cc4ea64d3a	NR_037096.1	92.754	138	3	5	1	135	1390	1257	3.00e-49	193
38119a1b-9ce1-4741-90aa-02cc4ea64d3a	NR_037101.1	92.086	139	3	6	1	135	1393	1259	3.88e-48	189
38119a1b-9ce1-4741-90aa-02cc4ea64d3a	NR_040821.1	92.086	139	3	6	1	135	1393	1259	3.88e-48	189
38119a1b-9ce1-4741-90aa-02cc4ea64d3a	NR_042052.1	92.086	139	3	6	1	135	1316	1182	3.88e-48	189
38119a1b-9ce1-4741-90aa-02cc4ea64d3a	NR_025630.1	92.086	139	3	6	1	135	1392	1258	3.88e-48	189
126f75e8-636a-4e1f-88f5-078c9286d70e	NR_163639.1	87.029	239	12	17	5	231	1356	1125	9.46e-67	252
126f75e8-636a-4e1f-88f5-078c9286d70e	NR_179325.1	87.029	239	12	17	5	231	1315	1084	9.46e-67	252
126f75e8-636a-4e1f-88f5-078c9286d70e	NR_115355.1	86.611	239	13	17	5	231	1341	1110	4.40e-65	246
126f75e8-636a-4e1f-88f5-078c9286d70e	NR_041879.1	86.250	240	13	18	5	231	1299	1067	5.69e-64	243
126f75e8-636a-4e1f-88f5-078c9286d70e	NR_119169.1	86.192	239	14	17	5	231	1346	1115	5.69e-64	243
a321359e-b314-4223-b8e3-133a60212acb	NR_133752.1	94.340	106	6	0	1	106	1286	1181	2.25e-40	163
a321359e-b314-4223-b8e3-133a60212acb	NR_133753.1	94.340	106	6	0	1	106	1315	1210	2.25e-40	163
a321359e-b314-4223-b8e3-133a60212acb	NR_025903.1	94.340	106	6	0	1	106	1361	1256	2.25e-40	163
a321359e-b314-4223-b8e3-133a60212acb	NR_025904.1	91.509	106	9	0	1	106	1360	1255	2.26e-35	147
a321359e-b314-4223-b8e3-133a60212acb	NR_026419.1	91.509	106	9	0	1	106	1349	1244	2.26e-35	147
88d46eba-e7b2-4f2f-99a4-b24d2d50918f	NR_042776.1	100.000	149	0	0	10	158	166	18	3.54e-74	276
88d46eba-e7b2-4f2f-99a4-b24d2d50918f	NR_042777.1	100.000	149	0	0	10	158	166	18	3.54e-74	276
88d46eba-e7b2-4f2f-99a4-b24d2d50918f	NR_042778.1	100.000	149	0	0	10	158	166	18	3.54e-74	276
88d46eba-e7b2-4f2f-99a4-b24d2d50918f	NR_118234.1	99.333	150	1	0	10	159	158	9	4.58e-73	272
88d46eba-e7b2-4f2f-99a4-b24d2d50918f	NR_024841.1	99.329	149	1	0	10	158	155	7	1.65e-72	270
514317b0-5870-4439-9359-2e428ae43dd6	NR_028833.1	90.850	153	7	7	6	154	489	340	7.72e-51	198
514317b0-5870-4439-9359-2e428ae43dd6	NR_117425.1	90.850	153	7	7	6	154	465	316	7.72e-51	198
514317b0-5870-4439-9359-2e428ae43dd6	NR_178515.1	90.850	153	7	7	6	154	462	313	7.72e-51	198
514317b0-5870-4439-9359-2e428ae43dd6	NR_179385.1	90.850	153	7	7	6	154	484	335	7.72e-51	198
514317b0-5870-4439-9359-2e428ae43dd6	NR_024659.1	90.196	153	8	7	6	154	443	294	3.59e-49	193
df8b1293-fdca-4db9-8754-91549cfab84e	NR_025862.1	97.738	221	4	1	1	221	88	307	1.05e-105	381
df8b1293-fdca-4db9-8754-91549cfab84e	NR_028682.1	93.722	223	10	4	1	221	88	308	1.08e-90	331
df8b1293-fdca-4db9-8754-91549cfab84e	NR_026454.1	89.498	219	21	2	4	221	65	282	5.12e-74	276
df8b1293-fdca-4db9-8754-91549cfab84e	NR_041393.1	87.671	219	25	2	4	221	58	275	2.40e-67	254
df8b1293-fdca-4db9-8754-91549cfab84e	NR_112661.1	87.671	219	25	2	4	221	82	299	2.40e-67	254
ba0fdf65-4c7e-44a1-81a5-d522e99f589e	NR_042776.1	99.029	103	1	0	1	103	1340	1238	3.63e-47	185
ba0fdf65-4c7e-44a1-81a5-d522e99f589e	NR_042777.1	99.029	103	1	0	1	103	1339	1237	3.63e-47	185
ba0fdf65-4c7e-44a1-81a5-d522e99f589e	NR_024659.1	98.058	103	2	0	1	103	1296	1194	1.69e-45	180
ba0fdf65-4c7e-44a1-81a5-d522e99f589e	NR_024842.1	98.058	103	2	0	1	103	1330	1228	1.69e-45	180
ba0fdf65-4c7e-44a1-81a5-d522e99f589e	NR_042778.1	98.058	103	2	0	1	103	1340	1238	1.69e-45	180
38a72fc3-52f8-4829-b2ce-6cd1eb4793c7	NR_136788.1	98.361	122	1	1	11	131	1322	1201	2.26e-55	213
38a72fc3-52f8-4829-b2ce-6cd1eb4793c7	NR_109439.1	95.902	122	4	1	11	131	1319	1198	2.28e-50	196
38a72fc3-52f8-4829-b2ce-6cd1eb4793c7	NR_117913.1	95.902	122	4	1	11	131	1311	1190	2.28e-50	196
38a72fc3-52f8-4829-b2ce-6cd1eb4793c7	NR_026136.1	95.082	122	5	1	11	131	1304	1183	1.06e-48	191
38a72fc3-52f8-4829-b2ce-6cd1eb4793c7	NR_113080.1	95.082	122	5	1	11	131	1324	1203	1.06e-48	191
111b122d-ba83-4e02-9d12-1cb72ea461e0	NR_115241.1	93.827	162	5	4	1	158	182	342	4.61e-63	239
111b122d-ba83-4e02-9d12-1cb72ea461e0	NR_115735.1	93.827	162	5	4	1	158	173	333	4.61e-63	239
111b122d-ba83-4e02-9d12-1cb72ea461e0	NR_116211.1	93.827	162	5	4	1	158	105	265	4.61e-63	239
111b122d-ba83-4e02-9d12-1cb72ea461e0	NR_117425.1	93.827	162	5	4	1	158	185	345	4.61e-63	239
111b122d-ba83-4e02-9d12-1cb72ea461e0	NR_024842.1	93.210	162	6	4	1	158	197	357	5.97e-62	235
2ab44223-9ba2-454a-b9d3-4b149809ccc9	NR_040821.1	94.810	289	6	7	1	284	1196	1480	6.28e-124	442
2ab44223-9ba2-454a-b9d3-4b149809ccc9	NR_025148.1	94.810	289	6	7	1	284	1216	1500	6.28e-124	442
2ab44223-9ba2-454a-b9d3-4b149809ccc9	NR_040820.1	94.810	289	6	7	1	284	1196	1480	6.28e-124	442
2ab44223-9ba2-454a-b9d3-4b149809ccc9	NR_134818.1	94.810	289	6	7	1	284	1209	1493	6.28e-124	442
2ab44223-9ba2-454a-b9d3-4b149809ccc9	NR_126177.1	94.810	289	6	7	1	284	1198	1482	6.28e-124	442
5c5cf246-6233-4318-b4b0-1de81dc4daa6	NR_024659.1	96.341	164	2	4	1	161	612	774	2.16e-71	267
5c5cf246-6233-4318-b4b0-1de81dc4daa6	NR_028664.1	96.341	164	2	4	1	161	652	814	2.16e-71	267
5c5cf246-6233-4318-b4b0-1de81dc4daa6	NR_042927.1	96.341	164	2	4	1	161	631	793	2.16e-71	267
5c5cf246-6233-4318-b4b0-1de81dc4daa6	NR_042928.1	96.341	164	2	4	1	161	629	791	2.16e-71	267
5c5cf246-6233-4318-b4b0-1de81dc4daa6	NR_114413.1	96.341	164	2	4	1	161	654	816	2.16e-71	267
9b734272-14fc-4152-ac2a-48181bcb9e88	NR_136788.1	98.253	229	4	0	1	229	241	13	8.51e-112	401
9b734272-14fc-4152-ac2a-48181bcb9e88	NR_113082.1	97.817	229	5	0	1	229	241	13	3.96e-110	396
9b734272-14fc-4152-ac2a-48181bcb9e88	NR_026230.1	93.607	219	14	0	1	219	219	1	1.45e-94	344
9b734272-14fc-4152-ac2a-48181bcb9e88	NR_152035.1	98.148	162	3	0	68	229	175	14	3.21e-76	283
9b734272-14fc-4152-ac2a-48181bcb9e88	NR_074234.1	88.793	232	20	6	1	229	248	20	4.16e-75	279
e6c5d58b-51c9-4874-880b-6a1107efc19b	NR_197695.1	96.471	170	4	2	2	169	1326	1495	3.04e-75	279
e6c5d58b-51c9-4874-880b-6a1107efc19b	NR_115736.1	95.930	172	5	2	2	171	1249	1420	1.09e-74	278
e6c5d58b-51c9-4874-880b-6a1107efc19b	NR_115728.1	95.930	172	4	2	2	170	1294	1465	3.93e-74	276
e6c5d58b-51c9-4874-880b-6a1107efc19b	NR_115737.1	95.930	172	4	2	2	170	1305	1476	3.93e-74	276
e6c5d58b-51c9-4874-880b-6a1107efc19b	NR_043704.1	95.930	172	4	2	2	170	1285	1456	3.93e-74	276
d4822a15-fdd9-4e7d-8a8e-c28106c33ec0	NR_037101.1	97.917	144	1	2	1	143	1468	1326	6.88e-66	248
d4822a15-fdd9-4e7d-8a8e-c28106c33ec0	NR_036936.1	97.917	144	1	2	1	143	1468	1326	6.88e-66	248
d4822a15-fdd9-4e7d-8a8e-c28106c33ec0	NR_040821.1	97.917	144	1	2	1	143	1468	1326	6.88e-66	248
d4822a15-fdd9-4e7d-8a8e-c28106c33ec0	NR_025729.1	97.917	144	1	2	1	143	1486	1344	6.88e-66	248
d4822a15-fdd9-4e7d-8a8e-c28106c33ec0	NR_025148.1	97.917	144	1	2	1	143	1488	1346	6.88e-66	248
0f87667d-c0cf-47a3-bc89-c43558ba940b	NR_042776.1	96.447	197	6	1	1	197	213	18	1.61e-88	324
0f87667d-c0cf-47a3-bc89-c43558ba940b	NR_042777.1	96.447	197	6	1	1	197	213	18	1.61e-88	324
0f87667d-c0cf-47a3-bc89-c43558ba940b	NR_042778.1	96.447	197	6	1	1	197	213	18	1.61e-88	324
0f87667d-c0cf-47a3-bc89-c43558ba940b	NR_118998.1	95.431	197	8	1	1	197	208	13	9.70e-86	315
0f87667d-c0cf-47a3-bc89-c43558ba940b	NR_197695.1	95.431	197	8	1	1	197	212	17	3.49e-85	313
7f157c7d-715d-4573-9fe7-a7ad1d20c200	NR_159228.1	89.655	290	22	8	1	286	1212	1497	5.07e-100	363
7f157c7d-715d-4573-9fe7-a7ad1d20c200	NR_178262.1	89.655	290	22	8	1	286	1089	1374	5.07e-100	363
7f157c7d-715d-4573-9fe7-a7ad1d20c200	NR_179215.1	89.655	290	22	8	1	286	1211	1496	5.07e-100	363
7f157c7d-715d-4573-9fe7-a7ad1d20c200	NR_179720.1	89.655	290	22	8	1	286	1215	1500	5.07e-100	363
7f157c7d-715d-4573-9fe7-a7ad1d20c200	NR_181481.1	89.655	290	22	8	1	286	1223	1508	5.07e-100	363
9db4b76f-0288-445f-8b89-a52f7acb2610	NR_024842.1	99.310	145	0	1	1	144	436	292	8.83e-70	261
9db4b76f-0288-445f-8b89-a52f7acb2610	NR_036936.1	99.310	145	0	1	1	144	421	277	8.83e-70	261
9db4b76f-0288-445f-8b89-a52f7acb2610	NR_040821.1	99.310	145	0	1	1	144	421	277	8.83e-70	261
9db4b76f-0288-445f-8b89-a52f7acb2610	NR_025148.1	99.310	145	0	1	1	144	441	297	8.83e-70	261
9db4b76f-0288-445f-8b89-a52f7acb2610	NR_028664.1	99.310	145	0	1	1	144	442	298	8.83e-70	261
cb6ee41e-771a-4e55-908e-946a8342d2fd	NR_042776.1	94.972	179	5	4	1	178	193	18	1.13e-74	278
cb6ee41e-771a-4e55-908e-946a8342d2fd	NR_042778.1	94.972	179	5	4	1	178	193	18	1.13e-74	278
cb6ee41e-771a-4e55-908e-946a8342d2fd	NR_118998.1	93.855	179	7	4	1	178	188	13	6.79e-72	268
cb6ee41e-771a-4e55-908e-946a8342d2fd	NR_042777.1	93.855	179	7	4	1	178	193	18	2.44e-71	267
cb6ee41e-771a-4e55-908e-946a8342d2fd	NR_118234.1	94.286	175	5	5	7	180	178	8	3.16e-70	263
65c3767d-2909-4eea-be95-dde6a6c00842	NR_025902.1	96.735	245	3	4	1	241	1437	1194	2.49e-112	403
65c3767d-2909-4eea-be95-dde6a6c00842	NR_040933.1	96.735	245	3	4	1	241	1481	1238	2.49e-112	403
65c3767d-2909-4eea-be95-dde6a6c00842	NR_117717.1	96.735	245	3	4	1	241	1479	1236	2.49e-112	403
65c3767d-2909-4eea-be95-dde6a6c00842	NR_121688.1	96.735	245	3	4	1	241	1479	1236	2.49e-112	403
65c3767d-2909-4eea-be95-dde6a6c00842	NR_117692.1	96.735	245	3	4	1	241	1459	1216	2.49e-112	403
e4389fba-1505-4863-81ba-c153849c0596	NR_042406.1	89.231	130	10	3	4	131	1359	1486	3.04e-39	159
e4389fba-1505-4863-81ba-c153849c0596	NR_043332.1	88.722	133	11	3	1	131	1352	1482	3.04e-39	159
e4389fba-1505-4863-81ba-c153849c0596	NR_074980.1	88.722	133	11	3	1	131	1379	1509	3.04e-39	159
e4389fba-1505-4863-81ba-c153849c0596	NR_113031.1	88.722	133	11	3	1	131	1379	1509	3.04e-39	159
e4389fba-1505-4863-81ba-c153849c0596	NR_115354.1	88.722	133	11	3	1	131	1352	1482	3.04e-39	159
a8037b43-ffa3-4d69-affd-3344f96499d1	NR_024842.1	97.436	156	3	1	1	155	1337	1492	7.50e-71	265
a8037b43-ffa3-4d69-affd-3344f96499d1	NR_041706.1	97.436	156	3	1	1	155	1332	1487	7.50e-71	265
a8037b43-ffa3-4d69-affd-3344f96499d1	NR_042052.1	97.436	156	3	1	1	155	1245	1400	7.50e-71	265
a8037b43-ffa3-4d69-affd-3344f96499d1	NR_025625.1	97.436	156	3	1	1	155	1331	1486	7.50e-71	265
a8037b43-ffa3-4d69-affd-3344f96499d1	NR_028705.1	97.436	156	3	1	1	155	1335	1490	7.50e-71	265
2eda2080-b3f5-4146-a983-5af4a6f2d067	NR_175509.1	97.000	300	7	2	1	298	312	13	2.99e-142	503
2eda2080-b3f5-4146-a983-5af4a6f2d067	NR_113124.1	93.667	300	17	2	1	298	312	13	1.42e-125	448
2eda2080-b3f5-4146-a983-5af4a6f2d067	NR_029148.1	92.667	300	20	2	1	298	320	21	3.98e-121	433
2eda2080-b3f5-4146-a983-5af4a6f2d067	NR_115327.1	93.151	292	18	2	1	290	292	1	5.15e-120	429
2eda2080-b3f5-4146-a983-5af4a6f2d067	NR_113105.1	91.362	301	22	4	1	298	300	1	6.72e-114	409
0bd4f859-8181-4c6c-8d60-27a809d1ec62	NR_115560.1	96.795	156	1	4	4	157	165	12	1.26e-68	257
0bd4f859-8181-4c6c-8d60-27a809d1ec62	NR_113561.1	96.774	155	3	2	4	156	167	13	1.26e-68	257
0bd4f859-8181-4c6c-8d60-27a809d1ec62	NR_028664.1	96.774	155	1	4	4	156	168	16	4.55e-68	255
0bd4f859-8181-4c6c-8d60-27a809d1ec62	NR_179385.1	96.774	155	1	4	4	156	169	17	4.55e-68	255
0bd4f859-8181-4c6c-8d60-27a809d1ec62	NR_199545.1	96.774	155	1	4	4	156	165	13	4.55e-68	255
951e60a4-615a-4dac-b665-31cd8afa5aa9	NR_025904.1	100.000	61	0	0	1	61	65	5	8.81e-26	113
951e60a4-615a-4dac-b665-31cd8afa5aa9	NR_025903.1	100.000	61	0	0	1	61	66	6	8.81e-26	113
951e60a4-615a-4dac-b665-31cd8afa5aa9	NR_042421.1	100.000	55	0	0	7	61	57	3	1.91e-22	102
951e60a4-615a-4dac-b665-31cd8afa5aa9	NR_109462.1	96.721	61	1	1	3	62	72	12	6.86e-22	100
951e60a4-615a-4dac-b665-31cd8afa5aa9	NR_117376.1	98.246	57	1	0	5	61	66	10	6.86e-22	100
534ce394-b8f6-416d-be4e-4e2062a74a4b	NR_028682.1	99.375	160	1	0	1	160	172	13	1.28e-78	291
534ce394-b8f6-416d-be4e-4e2062a74a4b	NR_025862.1	98.148	162	3	0	1	162	172	11	1.66e-77	287
534ce394-b8f6-416d-be4e-4e2062a74a4b	NR_025863.1	89.820	167	11	6	1	162	176	11	3.70e-54	209
534ce394-b8f6-416d-be4e-4e2062a74a4b	NR_114313.1	88.554	166	11	6	1	162	162	1	1.04e-49	195
534ce394-b8f6-416d-be4e-4e2062a74a4b	NR_044938.1	88.050	159	18	1	1	158	159	1	1.73e-47	187
5464adaf-8069-4ad7-abf0-3b5035f7a47b	NR_036936.1	97.899	238	3	2	1	236	1221	1458	1.60e-114	411
5464adaf-8069-4ad7-abf0-3b5035f7a47b	NR_025453.1	97.899	238	3	2	1	236	1221	1458	1.60e-114	411
5464adaf-8069-4ad7-abf0-3b5035f7a47b	NR_028666.1	97.899	238	3	2	1	236	1245	1482	1.60e-114	411
5464adaf-8069-4ad7-abf0-3b5035f7a47b	NR_028833.1	97.899	238	3	2	1	236	1248	1485	1.60e-114	411
5464adaf-8069-4ad7-abf0-3b5035f7a47b	NR_029052.1	97.899	238	3	2	1	236	1209	1446	1.60e-114	411
17abb231-a9fa-4978-9a17-9701e167a6f0	NR_024841.1	92.683	123	7	1	1	123	1402	1282	2.73e-44	176
17abb231-a9fa-4978-9a17-9701e167a6f0	NR_024842.1	92.683	123	7	1	1	123	1403	1283	2.73e-44	176
17abb231-a9fa-4978-9a17-9701e167a6f0	NR_036936.1	92.683	123	7	1	1	123	1388	1268	2.73e-44	176
17abb231-a9fa-4978-9a17-9701e167a6f0	NR_041722.2	92.683	123	7	1	1	123	1423	1303	2.73e-44	176
17abb231-a9fa-4978-9a17-9701e167a6f0	NR_025453.1	92.683	123	7	1	1	123	1388	1268	2.73e-44	176
e73bf014-74e1-4122-a6a9-85736ff0f6dd	NR_044091.1	100.000	173	0	0	1	173	175	347	1.80e-87	320
e73bf014-74e1-4122-a6a9-85736ff0f6dd	NR_041880.1	99.422	173	1	0	1	173	217	389	8.38e-86	315
e73bf014-74e1-4122-a6a9-85736ff0f6dd	NR_134226.1	99.422	173	1	0	1	173	199	371	8.38e-86	315
e73bf014-74e1-4122-a6a9-85736ff0f6dd	NR_025762.1	99.422	173	1	0	1	173	239	411	8.38e-86	315
e73bf014-74e1-4122-a6a9-85736ff0f6dd	NR_025046.1	99.422	173	1	0	1	173	257	429	8.38e-86	315
b319f36e-7ec0-499c-849e-caf739e7855e	NR_116168.1	95.349	215	4	4	1	209	1463	1249	2.19e-92	337
b319f36e-7ec0-499c-849e-caf739e7855e	NR_118762.1	95.349	215	4	4	1	209	1465	1251	2.19e-92	337
b319f36e-7ec0-499c-849e-caf739e7855e	NR_115136.1	93.488	215	8	4	1	209	1448	1234	1.02e-85	315
b319f36e-7ec0-499c-849e-caf739e7855e	NR_115137.1	93.488	215	8	4	1	209	1448	1234	1.02e-85	315
b319f36e-7ec0-499c-849e-caf739e7855e	NR_115138.1	93.488	215	8	4	1	209	1448	1234	1.02e-85	315
e529d9da-164e-4b6b-802a-4a2e9ad86f90	NR_116168.1	91.986	287	11	12	1	280	304	23	6.64e-109	392
e529d9da-164e-4b6b-802a-4a2e9ad86f90	NR_042878.1	90.941	287	14	12	1	280	283	2	1.11e-106	385
e529d9da-164e-4b6b-802a-4a2e9ad86f90	NR_118762.1	90.244	287	16	12	1	280	307	26	8.65e-103	372
e529d9da-164e-4b6b-802a-4a2e9ad86f90	NR_178949.1	89.247	93	7	3	188	279	96	6	5.79e-25	113
e529d9da-164e-4b6b-802a-4a2e9ad86f90	NR_148656.1	87.097	93	9	3	188	279	93	3	1.25e-21	102
cb520050-60d9-4fee-9bc3-c1f181c6177d	NR_036936.1	96.257	187	5	2	1	185	1411	1225	5.38e-83	305
cb520050-60d9-4fee-9bc3-c1f181c6177d	NR_025453.1	96.257	187	5	2	1	185	1411	1225	5.38e-83	305
cb520050-60d9-4fee-9bc3-c1f181c6177d	NR_028664.1	96.257	187	5	2	1	185	1432	1246	5.38e-83	305
cb520050-60d9-4fee-9bc3-c1f181c6177d	NR_028665.1	96.257	187	5	2	1	185	1426	1240	5.38e-83	305
cb520050-60d9-4fee-9bc3-c1f181c6177d	NR_028666.1	96.257	187	5	2	1	185	1435	1249	5.38e-83	305
df07ed01-8898-44a6-841d-baf9701f89fd	NR_042776.1	99.408	169	1	0	1	169	186	18	1.37e-83	307
df07ed01-8898-44a6-841d-baf9701f89fd	NR_042778.1	99.408	169	1	0	1	169	186	18	1.37e-83	307
df07ed01-8898-44a6-841d-baf9701f89fd	NR_042777.1	99.398	166	1	0	4	169	183	18	6.36e-82	302
df07ed01-8898-44a6-841d-baf9701f89fd	NR_197695.1	98.810	168	2	0	2	169	184	17	2.29e-81	300
df07ed01-8898-44a6-841d-baf9701f89fd	NR_118998.1	98.225	169	3	0	1	169	181	13	8.22e-81	298
fb166437-7ffa-48cb-ba88-d21dd782ad4c	NR_042927.1	92.825	223	10	6	1	222	215	432	8.94e-87	318
fb166437-7ffa-48cb-ba88-d21dd782ad4c	NR_042928.1	92.825	223	10	6	1	222	213	430	8.94e-87	318
fb166437-7ffa-48cb-ba88-d21dd782ad4c	NR_112026.1	92.825	223	10	6	1	222	196	413	8.94e-87	318
fb166437-7ffa-48cb-ba88-d21dd782ad4c	NR_114413.1	92.825	223	10	6	1	222	238	455	8.94e-87	318
fb166437-7ffa-48cb-ba88-d21dd782ad4c	NR_115734.1	92.825	223	10	6	1	222	216	433	8.94e-87	318
0ea1fc0f-2bd0-41a1-bf8e-f25a65a492f9	NR_041880.1	92.500	120	4	3	1	115	1366	1247	1.51e-41	167
0ea1fc0f-2bd0-41a1-bf8e-f25a65a492f9	NR_025762.1	92.500	120	4	3	1	115	1388	1269	1.51e-41	167
0ea1fc0f-2bd0-41a1-bf8e-f25a65a492f9	NR_025046.1	92.500	120	4	3	1	115	1406	1287	1.51e-41	167
0ea1fc0f-2bd0-41a1-bf8e-f25a65a492f9	NR_029101.1	92.500	120	4	3	1	115	1372	1253	1.51e-41	167
0ea1fc0f-2bd0-41a1-bf8e-f25a65a492f9	NR_041879.1	92.500	120	4	3	1	115	1368	1249	1.51e-41	167
862d8a56-2329-4e9a-960f-eb9dddeaf9cd	NR_043332.1	97.126	174	3	2	1	173	1416	1244	3.90e-79	292
862d8a56-2329-4e9a-960f-eb9dddeaf9cd	NR_074980.1	97.126	174	3	2	1	173	1443	1271	3.90e-79	292
862d8a56-2329-4e9a-960f-eb9dddeaf9cd	NR_113031.1	97.126	174	3	2	1	173	1443	1271	3.90e-79	292
862d8a56-2329-4e9a-960f-eb9dddeaf9cd	NR_113570.1	97.126	174	3	2	1	173	1423	1251	3.90e-79	292
862d8a56-2329-4e9a-960f-eb9dddeaf9cd	NR_044091.1	97.126	174	3	2	1	173	1331	1159	3.90e-79	292
f44f5c0e-b11f-4e37-a252-11caaae14389	NR_043332.1	96.894	161	3	2	1	161	1329	1487	6.01e-72	268
f44f5c0e-b11f-4e37-a252-11caaae14389	NR_074980.1	96.894	161	3	2	1	161	1356	1514	6.01e-72	268
f44f5c0e-b11f-4e37-a252-11caaae14389	NR_113031.1	96.894	161	3	2	1	161	1356	1514	6.01e-72	268
f44f5c0e-b11f-4e37-a252-11caaae14389	NR_115354.1	96.894	161	3	2	1	161	1329	1487	6.01e-72	268
f44f5c0e-b11f-4e37-a252-11caaae14389	NR_115355.1	96.894	161	3	2	1	161	1329	1487	6.01e-72	268
efd2d45b-c63f-45c7-8f25-d0dab9c7ad75	NR_024842.1	89.256	242	13	6	1	232	246	8	1.96e-78	291
efd2d45b-c63f-45c7-8f25-d0dab9c7ad75	NR_115241.1	88.889	234	13	6	1	224	231	1	5.48e-74	276
efd2d45b-c63f-45c7-8f25-d0dab9c7ad75	NR_115735.1	88.000	225	13	7	1	214	222	1	2.57e-67	254
efd2d45b-c63f-45c7-8f25-d0dab9c7ad75	NR_117425.1	85.232	237	22	6	1	227	234	1	1.20e-60	231
efd2d45b-c63f-45c7-8f25-d0dab9c7ad75	NR_116211.1	94.828	116	5	1	1	116	154	40	4.42e-45	180
4b215e0c-79c7-4c29-b406-a0a60d7db3a9	NR_026454.1	91.071	112	5	4	4	113	562	670	1.97e-35	147
4b215e0c-79c7-4c29-b406-a0a60d7db3a9	NR_108862.1	90.991	111	7	3	4	113	567	675	1.97e-35	147
4b215e0c-79c7-4c29-b406-a0a60d7db3a9	NR_114016.1	91.071	112	5	5	4	113	573	681	1.97e-35	147
4b215e0c-79c7-4c29-b406-a0a60d7db3a9	NR_044121.1	91.071	112	5	5	4	113	551	659	1.97e-35	147
4b215e0c-79c7-4c29-b406-a0a60d7db3a9	NR_156076.1	91.071	112	5	5	4	113	582	690	1.97e-35	147
d1d67fe9-e032-4ba5-ab0a-7b21a17d0b42	NR_024842.1	90.517	232	8	11	4	225	1456	1229	1.46e-79	294
d1d67fe9-e032-4ba5-ab0a-7b21a17d0b42	NR_115241.1	90.517	232	8	11	4	225	1441	1214	1.46e-79	294
d1d67fe9-e032-4ba5-ab0a-7b21a17d0b42	NR_115735.1	90.517	232	8	11	4	225	1432	1205	1.46e-79	294
d1d67fe9-e032-4ba5-ab0a-7b21a17d0b42	NR_117425.1	93.532	201	5	6	30	225	1414	1217	5.26e-79	292
d1d67fe9-e032-4ba5-ab0a-7b21a17d0b42	NR_179720.1	93.532	201	5	6	30	225	1431	1234	5.26e-79	292
4a3e05b9-2071-48cb-99f2-54db3fd3add9	NR_115354.1	94.915	236	8	4	1	235	1250	1482	3.19e-101	366
4a3e05b9-2071-48cb-99f2-54db3fd3add9	NR_115355.1	94.915	236	8	4	1	235	1250	1482	3.19e-101	366
4a3e05b9-2071-48cb-99f2-54db3fd3add9	NR_119169.1	94.915	236	8	4	1	235	1255	1487	3.19e-101	366
4a3e05b9-2071-48cb-99f2-54db3fd3add9	NR_119170.1	94.915	236	8	4	1	235	1255	1487	3.19e-101	366
4a3e05b9-2071-48cb-99f2-54db3fd3add9	NR_163639.1	94.915	236	8	4	1	235	1265	1497	3.19e-101	366
204d31fe-e7b9-4f2e-a101-b51ae3832f47	NR_042928.1	90.726	248	11	9	18	260	241	1	2.91e-87	320
204d31fe-e7b9-4f2e-a101-b51ae3832f47	NR_109720.1	90.496	242	13	7	18	254	237	1	1.75e-84	311
204d31fe-e7b9-4f2e-a101-b51ae3832f47	NR_199547.1	91.964	224	9	7	18	237	221	3	8.15e-83	305
204d31fe-e7b9-4f2e-a101-b51ae3832f47	NR_036936.1	88.710	248	18	7	18	260	243	1	4.90e-80	296
204d31fe-e7b9-4f2e-a101-b51ae3832f47	NR_165747.1	88.710	248	16	9	18	260	241	1	6.34e-79	292
f2a9311f-dc2f-4a3c-8918-bec303e9c366	NR_024842.1	93.305	239	6	9	1	229	1408	1170	1.45e-94	344
f2a9311f-dc2f-4a3c-8918-bec303e9c366	NR_115241.1	93.305	239	6	9	1	229	1393	1155	1.45e-94	344
f2a9311f-dc2f-4a3c-8918-bec303e9c366	NR_115735.1	93.305	239	6	9	1	229	1384	1146	1.45e-94	344
f2a9311f-dc2f-4a3c-8918-bec303e9c366	NR_116211.1	93.305	239	6	9	1	229	1316	1078	1.45e-94	344
f2a9311f-dc2f-4a3c-8918-bec303e9c366	NR_116212.1	93.305	239	6	9	1	229	1316	1078	1.45e-94	344
17532346-f8e3-4d2e-b6e2-fa156607d819	NR_037101.1	93.750	112	3	4	24	132	347	237	6.42e-41	165
17532346-f8e3-4d2e-b6e2-fa156607d819	NR_024659.1	93.750	112	3	4	24	132	328	218	6.42e-41	165
17532346-f8e3-4d2e-b6e2-fa156607d819	NR_024841.1	93.750	112	3	4	24	132	361	251	6.42e-41	165
17532346-f8e3-4d2e-b6e2-fa156607d819	NR_036936.1	93.750	112	3	4	24	132	347	237	6.42e-41	165
17532346-f8e3-4d2e-b6e2-fa156607d819	NR_025148.1	93.750	112	3	4	24	132	367	257	6.42e-41	165
0815ef96-0996-4379-817b-792ee35cc4ed	NR_024841.1	93.989	183	2	6	3	178	1170	990	6.79e-72	268
0815ef96-0996-4379-817b-792ee35cc4ed	NR_028665.1	93.989	183	2	6	3	178	1171	991	6.79e-72	268
0815ef96-0996-4379-817b-792ee35cc4ed	NR_042927.1	93.989	183	2	6	3	178	1156	976	6.79e-72	268
0815ef96-0996-4379-817b-792ee35cc4ed	NR_112026.1	93.989	183	2	6	3	178	1136	956	6.79e-72	268
0815ef96-0996-4379-817b-792ee35cc4ed	NR_113260.1	93.989	183	2	6	3	178	1156	976	6.79e-72	268
38ea29f9-b321-4a0c-aa6c-1ee07e01def8	NR_119170.1	94.583	240	8	5	23	258	242	4	3.73e-101	366
38ea29f9-b321-4a0c-aa6c-1ee07e01def8	NR_115354.1	94.538	238	8	5	23	256	237	1	4.82e-100	363
38ea29f9-b321-4a0c-aa6c-1ee07e01def8	NR_119169.1	92.975	242	10	7	23	259	242	3	1.35e-95	348
38ea29f9-b321-4a0c-aa6c-1ee07e01def8	NR_119168.1	92.975	242	10	7	23	259	242	3	4.85e-95	346
38ea29f9-b321-4a0c-aa6c-1ee07e01def8	NR_163639.1	92.975	242	10	7	23	259	256	17	4.85e-95	346
8eb806e1-192e-4858-ac07-0fd7c0e60d74	NR_025904.1	97.541	122	2	1	1	121	126	5	9.67e-54	207
8eb806e1-192e-4858-ac07-0fd7c0e60d74	NR_025903.1	95.902	122	4	1	1	121	127	6	2.09e-50	196
8eb806e1-192e-4858-ac07-0fd7c0e60d74	NR_026419.1	97.368	114	2	1	1	113	114	1	2.71e-49	193
8eb806e1-192e-4858-ac07-0fd7c0e60d74	NR_036920.1	93.443	122	5	3	1	121	121	2	7.58e-45	178
8eb806e1-192e-4858-ac07-0fd7c0e60d74	NR_026420.1	93.694	111	6	1	4	113	111	1	5.90e-41	165
ab91acb6-f4c6-48b4-9111-120e93aa1d6b	NR_136788.1	95.632	1305	28	21	1	1289	181	1472	0.0	2067
ab91acb6-f4c6-48b4-9111-120e93aa1d6b	NR_026230.1	92.615	1300	63	24	8	1289	166	1450	0.0	1845
ab91acb6-f4c6-48b4-9111-120e93aa1d6b	NR_113082.1	92.590	1282	58	27	7	1268	187	1451	0.0	1807
ab91acb6-f4c6-48b4-9111-120e93aa1d6b	NR_074140.1	87.076	1269	126	28	42	1289	186	1437	0.0	1400
ab91acb6-f4c6-48b4-9111-120e93aa1d6b	NR_040839.1	86.857	1263	128	28	42	1283	221	1466	0.0	1382
a46b1f23-db94-436a-aee9-af2500ac3e36	NR_115241.1	91.758	546	26	17	1	534	539	1	0.0	741
a46b1f23-db94-436a-aee9-af2500ac3e36	NR_024842.1	91.171	555	28	19	1	542	554	8	0.0	737
a46b1f23-db94-436a-aee9-af2500ac3e36	NR_115735.1	91.434	537	26	18	1	524	530	1	0.0	719
a46b1f23-db94-436a-aee9-af2500ac3e36	NR_178515.1	90.311	547	32	19	1	534	539	1	0.0	697
a46b1f23-db94-436a-aee9-af2500ac3e36	NR_117425.1	90.146	548	35	17	1	536	542	2	0.0	695
19440dc0-179e-4a15-b969-ee0560a48eaf	NR_165747.1	93.109	624	22	19	15	625	616	1	0.0	894
19440dc0-179e-4a15-b969-ee0560a48eaf	NR_042928.1	92.788	624	24	19	15	625	616	1	0.0	883
19440dc0-179e-4a15-b969-ee0560a48eaf	NR_112026.1	92.916	607	23	18	15	609	599	1	0.0	865
19440dc0-179e-4a15-b969-ee0560a48eaf	NR_165744.1	92.173	626	28	19	15	627	625	8	0.0	865
19440dc0-179e-4a15-b969-ee0560a48eaf	NR_115560.1	91.693	626	31	19	15	627	636	19	0.0	848
a335cec4-24c2-4dd9-bc5b-37e764f924cc	NR_028664.1	98.032	813	7	8	1	808	688	1496	0.0	1404
a335cec4-24c2-4dd9-bc5b-37e764f924cc	NR_117719.1	97.909	813	8	8	1	808	685	1493	0.0	1399
a335cec4-24c2-4dd9-bc5b-37e764f924cc	NR_115240.1	98.022	809	7	8	1	804	665	1469	0.0	1397
a335cec4-24c2-4dd9-bc5b-37e764f924cc	NR_179383.1	97.786	813	9	8	1	808	692	1500	0.0	1393
a335cec4-24c2-4dd9-bc5b-37e764f924cc	NR_042927.1	97.899	809	8	8	1	804	667	1471	0.0	1391
8bcfac05-0869-4e5c-87c3-990362ce6d76	NR_179385.1	97.301	667	5	12	2	658	836	1499	0.0	1120
8bcfac05-0869-4e5c-87c3-990362ce6d76	NR_199545.1	97.301	667	5	12	2	658	832	1495	0.0	1120
8bcfac05-0869-4e5c-87c3-990362ce6d76	NR_028665.1	97.151	667	6	12	2	658	829	1492	0.0	1114
8bcfac05-0869-4e5c-87c3-990362ce6d76	NR_028664.1	96.856	668	7	13	2	658	835	1499	0.0	1105
8bcfac05-0869-4e5c-87c3-990362ce6d76	NR_115239.1	97.121	660	6	12	2	651	812	1468	0.0	1101
e171aa91-935a-4d8d-b533-e83642f59804	NR_042776.1	98.123	1119	12	7	9	1123	389	1502	0.0	1941
e171aa91-935a-4d8d-b533-e83642f59804	NR_042777.1	98.034	1119	12	8	9	1123	389	1501	0.0	1936
e171aa91-935a-4d8d-b533-e83642f59804	NR_042778.1	97.855	1119	15	7	9	1123	389	1502	0.0	1925
e171aa91-935a-4d8d-b533-e83642f59804	NR_197695.1	97.766	1119	16	7	9	1123	388	1501	0.0	1919
e171aa91-935a-4d8d-b533-e83642f59804	NR_118998.1	97.230	1119	21	7	9	1123	384	1496	0.0	1886
b8940c12-08b6-4fce-aa50-c8dff5d2eb52	NR_074980.1	92.419	554	21	20	1	541	558	13	0.0	771
b8940c12-08b6-4fce-aa50-c8dff5d2eb52	NR_113031.1	92.419	554	21	20	1	541	558	13	0.0	771
b8940c12-08b6-4fce-aa50-c8dff5d2eb52	NR_163639.1	92.266	556	19	23	1	543	547	3	0.0	767
b8940c12-08b6-4fce-aa50-c8dff5d2eb52	NR_119168.1	92.463	544	20	20	1	531	536	1	0.0	758
b8940c12-08b6-4fce-aa50-c8dff5d2eb52	NR_119169.1	92.279	544	21	20	1	531	536	1	0.0	756
afee8dbe-05ce-4bab-84ac-d1129195a61e	NR_042776.1	90.970	1196	55	40	1	1164	1247	73	0.0	1561
afee8dbe-05ce-4bab-84ac-d1129195a61e	NR_042778.1	90.803	1196	57	40	1	1164	1247	73	0.0	1550
afee8dbe-05ce-4bab-84ac-d1129195a61e	NR_042777.1	90.719	1196	57	40	1	1164	1246	73	0.0	1544
afee8dbe-05ce-4bab-84ac-d1129195a61e	NR_197695.1	90.385	1196	62	40	1	1164	1246	72	0.0	1522
afee8dbe-05ce-4bab-84ac-d1129195a61e	NR_118998.1	90.217	1196	63	41	1	1164	1241	68	0.0	1513
e589f044-dc5d-4e4f-8a58-86ba9bbb6380	NR_042928.1	88.747	1413	75	58	1	1353	1389	1	0.0	1652
e589f044-dc5d-4e4f-8a58-86ba9bbb6380	NR_028664.1	88.302	1419	82	57	1	1359	1412	18	0.0	1624
e589f044-dc5d-4e4f-8a58-86ba9bbb6380	NR_117719.1	88.302	1419	82	57	1	1359	1409	15	0.0	1624
e589f044-dc5d-4e4f-8a58-86ba9bbb6380	NR_115240.1	88.323	1413	81	57	1	1353	1389	1	0.0	1618
e589f044-dc5d-4e4f-8a58-86ba9bbb6380	NR_165744.1	88.231	1419	83	57	1	1359	1398	4	0.0	1618
ee5d1c52-88af-40fb-b367-12154d83dce6	NR_117425.1	96.854	445	7	7	3	440	176	620	0.0	737
ee5d1c52-88af-40fb-b367-12154d83dce6	NR_178515.1	96.364	440	9	7	8	440	178	617	0.0	717
ee5d1c52-88af-40fb-b367-12154d83dce6	NR_115241.1	95.740	446	12	7	2	440	172	617	0.0	712
ee5d1c52-88af-40fb-b367-12154d83dce6	NR_115735.1	95.740	446	12	7	2	440	163	608	0.0	712
ee5d1c52-88af-40fb-b367-12154d83dce6	NR_116211.1	95.740	446	12	7	2	440	95	540	0.0	712
0d34e395-5a82-4ac0-a5a2-8d185a313ba2	NR_041989.1	93.241	651	25	17	1	637	646	1	0.0	941
0d34e395-5a82-4ac0-a5a2-8d185a313ba2	NR_117717.1	91.098	674	41	17	1	660	709	41	0.0	894
0d34e395-5a82-4ac0-a5a2-8d185a313ba2	NR_117692.1	91.098	674	41	17	1	660	688	20	0.0	894
0d34e395-5a82-4ac0-a5a2-8d185a313ba2	NR_117696.1	91.098	674	41	17	1	660	675	7	0.0	894
0d34e395-5a82-4ac0-a5a2-8d185a313ba2	NR_117701.1	91.098	674	41	17	1	660	688	20	0.0	894
780b7eb6-c8ea-46df-985e-7976088f2002	NR_116168.1	94.263	1377	47	25	1	1360	126	1487	0.0	2076
780b7eb6-c8ea-46df-985e-7976088f2002	NR_042878.1	93.868	1272	48	23	1	1256	105	1362	0.0	1897
780b7eb6-c8ea-46df-985e-7976088f2002	NR_044930.1	90.152	1381	96	32	1	1360	88	1449	0.0	1772
780b7eb6-c8ea-46df-985e-7976088f2002	NR_156998.1	89.554	1369	104	31	1	1351	104	1451	0.0	1700
780b7eb6-c8ea-46df-985e-7976088f2002	NR_118751.1	89.124	1370	103	38	1	1346	130	1477	0.0	1688
b1b87930-c203-450f-9922-7a0492344310	NR_115355.1	96.404	1140	18	19	2	1125	1133	1	0.0	1858
b1b87930-c203-450f-9922-7a0492344310	NR_163639.1	96.104	1155	18	23	2	1140	1148	5	0.0	1858
b1b87930-c203-450f-9922-7a0492344310	NR_119169.1	96.157	1145	21	19	2	1130	1138	1	0.0	1857
b1b87930-c203-450f-9922-7a0492344310	NR_074980.1	95.761	1156	26	18	2	1141	1160	12	0.0	1842
b1b87930-c203-450f-9922-7a0492344310	NR_113031.1	95.761	1156	26	18	2	1141	1160	12	0.0	1842
8f1fd545-682d-45a3-b9b9-0ac9189a2e1e	NR_028664.1	96.065	1423	23	18	9	1419	98	1499	0.0	2287
8f1fd545-682d-45a3-b9b9-0ac9189a2e1e	NR_042927.1	96.186	1416	21	18	9	1412	77	1471	0.0	2285
8f1fd545-682d-45a3-b9b9-0ac9189a2e1e	NR_115734.1	96.186	1416	21	18	9	1412	78	1472	0.0	2285
8f1fd545-682d-45a3-b9b9-0ac9189a2e1e	NR_179383.1	95.924	1423	25	18	9	1419	102	1503	0.0	2276
8f1fd545-682d-45a3-b9b9-0ac9189a2e1e	NR_115240.1	96.045	1416	23	18	9	1412	75	1469	0.0	2274
d9cf5520-5c12-4862-a0be-dff8eb4dcdbe	NR_163639.1	94.988	1277	28	30	1	1254	1266	3	0.0	1971
d9cf5520-5c12-4862-a0be-dff8eb4dcdbe	NR_119169.1	95.016	1264	33	24	1	1242	1256	1	0.0	1965
d9cf5520-5c12-4862-a0be-dff8eb4dcdbe	NR_115355.1	95.155	1259	31	24	1	1237	1251	1	0.0	1964
d9cf5520-5c12-4862-a0be-dff8eb4dcdbe	NR_117759.1	94.590	1257	38	24	6	1240	1249	1	0.0	1921
d9cf5520-5c12-4862-a0be-dff8eb4dcdbe	NR_043332.1	94.577	1254	38	24	6	1237	1246	1	0.0	1917
c3f5f9f3-1542-422e-85de-2d5f55e0066c	NR_042776.1	95.089	224	3	8	1	219	1107	887	4.33e-95	346
c3f5f9f3-1542-422e-85de-2d5f55e0066c	NR_042777.1	95.089	224	3	8	1	219	1106	886	4.33e-95	346
c3f5f9f3-1542-422e-85de-2d5f55e0066c	NR_042778.1	95.089	224	3	8	1	219	1107	887	4.33e-95	346
c3f5f9f3-1542-422e-85de-2d5f55e0066c	NR_117425.1	94.643	224	4	8	1	219	1085	865	2.02e-93	340
c3f5f9f3-1542-422e-85de-2d5f55e0066c	NR_197695.1	94.643	224	4	8	1	219	1106	886	2.02e-93	340
af0de7f0-dfd1-40c2-aab3-427fc1989b43	NR_025862.1	95.556	270	7	4	1	267	280	13	1.29e-120	431
af0de7f0-dfd1-40c2-aab3-427fc1989b43	NR_028682.1	92.674	273	10	7	1	267	281	13	1.02e-106	385
af0de7f0-dfd1-40c2-aab3-427fc1989b43	NR_119263.1	84.559	272	22	15	11	266	268	1	1.08e-66	252
af0de7f0-dfd1-40c2-aab3-427fc1989b43	NR_026454.1	84.646	254	29	9	4	249	252	1	1.80e-64	244
af0de7f0-dfd1-40c2-aab3-427fc1989b43	NR_025863.1	84.170	259	29	12	18	267	268	13	6.48e-64	243
be08a9fd-a5ec-4d16-8727-d2342cf1be70	NR_116168.1	89.594	394	28	12	1	389	1100	1485	1.13e-137	488
be08a9fd-a5ec-4d16-8727-d2342cf1be70	NR_118762.1	88.974	390	30	12	1	385	1102	1483	3.17e-133	473
be08a9fd-a5ec-4d16-8727-d2342cf1be70	NR_024897.1	88.131	396	30	16	1	389	1099	1484	1.15e-127	455
be08a9fd-a5ec-4d16-8727-d2342cf1be70	NR_115546.2	87.848	395	33	14	1	389	1109	1494	5.34e-126	449
be08a9fd-a5ec-4d16-8727-d2342cf1be70	NR_179336.1	87.879	396	31	16	1	389	1045	1430	5.34e-126	449
20f40d11-2b5e-46c5-8992-1a9636cf1d6c	NR_115355.1	92.915	1369	32	35	1	1309	119	1482	0.0	1934
20f40d11-2b5e-46c5-8992-1a9636cf1d6c	NR_179325.1	92.920	1370	31	36	1	1309	92	1456	0.0	1932
20f40d11-2b5e-46c5-8992-1a9636cf1d6c	NR_119169.1	92.695	1369	35	35	1	1309	124	1487	0.0	1921
20f40d11-2b5e-46c5-8992-1a9636cf1d6c	NR_163639.1	92.701	1370	29	40	1	1309	138	1497	0.0	1910
20f40d11-2b5e-46c5-8992-1a9636cf1d6c	NR_113570.1	92.263	1370	41	39	1	1309	125	1490	0.0	1882
7b96b693-2ca9-47a9-848b-49714d194648	NR_024842.1	94.143	922	31	17	1	915	584	1489	0.0	1382
7b96b693-2ca9-47a9-848b-49714d194648	NR_115735.1	94.137	921	31	17	1	914	560	1464	0.0	1380
7b96b693-2ca9-47a9-848b-49714d194648	NR_036936.1	94.015	919	31	18	1	911	569	1471	0.0	1371
7b96b693-2ca9-47a9-848b-49714d194648	NR_156072.1	93.926	922	33	18	1	915	589	1494	0.0	1371
7b96b693-2ca9-47a9-848b-49714d194648	NR_165737.1	94.015	919	31	18	1	911	569	1471	0.0	1371
c2f98d9b-f1cd-45be-b3e9-89c7eb40f7d4	NR_180625.1	93.092	608	16	18	35	620	506	1109	0.0	867
c2f98d9b-f1cd-45be-b3e9-89c7eb40f7d4	NR_199541.1	93.092	608	16	18	35	620	502	1105	0.0	867
c2f98d9b-f1cd-45be-b3e9-89c7eb40f7d4	NR_028664.1	92.928	608	17	18	35	620	547	1150	0.0	861
c2f98d9b-f1cd-45be-b3e9-89c7eb40f7d4	NR_117719.1	92.928	608	17	18	35	620	544	1147	0.0	861
c2f98d9b-f1cd-45be-b3e9-89c7eb40f7d4	NR_165741.1	92.928	608	17	16	35	620	533	1136	0.0	861
2946bb88-64d7-4b25-bd6e-97495086abf8	NR_042776.1	98.630	292	0	3	5	293	1208	1498	1.38e-145	514
2946bb88-64d7-4b25-bd6e-97495086abf8	NR_042777.1	98.630	292	0	3	5	293	1207	1497	1.38e-145	514
2946bb88-64d7-4b25-bd6e-97495086abf8	NR_042052.1	97.945	292	2	3	5	293	1106	1396	2.99e-142	503
2946bb88-64d7-4b25-bd6e-97495086abf8	NR_042778.1	97.945	292	2	3	5	293	1208	1498	2.99e-142	503
2946bb88-64d7-4b25-bd6e-97495086abf8	NR_114642.1	97.945	292	2	3	5	293	1165	1455	2.99e-142	503
0e969260-9c6e-4713-a3bc-18129287fa96	NR_114537.1	90.452	199	10	6	10	203	345	151	2.23e-67	254
0e969260-9c6e-4713-a3bc-18129287fa96	NR_117719.1	90.050	201	11	6	10	205	376	180	8.02e-67	252
0e969260-9c6e-4713-a3bc-18129287fa96	NR_036936.1	89.950	199	11	6	10	203	358	164	2.88e-66	250
0e969260-9c6e-4713-a3bc-18129287fa96	NR_175455.1	89.950	199	11	6	10	203	364	170	1.04e-65	248
0e969260-9c6e-4713-a3bc-18129287fa96	NR_024659.1	89.848	197	11	6	12	203	337	145	1.34e-64	244
60565a8a-aced-415b-9932-3c81a51526f6	NR_041989.1	95.588	340	11	4	6	343	708	371	7.36e-154	542
60565a8a-aced-415b-9932-3c81a51526f6	NR_104947.1	94.690	339	16	2	6	343	723	386	7.41e-149	525
60565a8a-aced-415b-9932-3c81a51526f6	NR_117717.1	94.690	339	16	2	6	343	771	434	7.41e-149	525
60565a8a-aced-415b-9932-3c81a51526f6	NR_117696.1	94.690	339	16	2	6	343	737	400	7.41e-149	525
60565a8a-aced-415b-9932-3c81a51526f6	NR_117701.1	94.690	339	16	2	6	343	750	413	7.41e-149	525
b7fba461-5f3e-4cdc-af29-12389a236457	NR_042776.1	97.135	698	11	8	4	698	813	1504	0.0	1170
b7fba461-5f3e-4cdc-af29-12389a236457	NR_042777.1	97.135	698	11	8	4	698	812	1503	0.0	1170
b7fba461-5f3e-4cdc-af29-12389a236457	NR_042778.1	96.848	698	13	8	4	698	813	1504	0.0	1158
b7fba461-5f3e-4cdc-af29-12389a236457	NR_197695.1	96.562	698	15	8	4	698	812	1503	0.0	1147
b7fba461-5f3e-4cdc-af29-12389a236457	NR_118998.1	96.280	699	14	11	4	698	808	1498	0.0	1136
756e1932-10b7-4c72-90ca-a5d3faf28db8	NR_041236.1	81.234	794	112	33	22	790	786	5	6.27e-173	606
756e1932-10b7-4c72-90ca-a5d3faf28db8	NR_102884.1	82.278	711	108	15	22	718	795	89	1.05e-170	599
756e1932-10b7-4c72-90ca-a5d3faf28db8	NR_181389.1	81.946	709	110	14	22	716	759	55	2.94e-166	584
756e1932-10b7-4c72-90ca-a5d3faf28db8	NR_114889.1	81.831	710	112	14	22	718	740	35	3.80e-165	580
756e1932-10b7-4c72-90ca-a5d3faf28db8	NR_179547.1	81.857	711	110	15	22	718	811	106	3.80e-165	580
e641cd61-53fe-4818-9963-ca1ca1207fb4	NR_025892.1	91.221	262	15	7	1	256	737	996	3.52e-96	350
e641cd61-53fe-4818-9963-ca1ca1207fb4	NR_042976.1	91.221	262	15	7	1	256	720	979	3.52e-96	350
e641cd61-53fe-4818-9963-ca1ca1207fb4	NR_104685.1	91.221	262	15	7	1	256	733	992	3.52e-96	350
e641cd61-53fe-4818-9963-ca1ca1207fb4	NR_104830.1	91.221	262	15	7	1	256	727	986	3.52e-96	350
e641cd61-53fe-4818-9963-ca1ca1207fb4	NR_118697.1	91.221	262	15	7	1	256	735	994	3.52e-96	350
7f474bfa-5fb8-446d-a1f1-fb1cfb69707b	NR_043660.1	94.521	219	6	5	23	235	1249	1467	3.30e-91	333
7f474bfa-5fb8-446d-a1f1-fb1cfb69707b	NR_024634.1	94.495	218	6	5	24	235	1269	1486	1.19e-90	331
7f474bfa-5fb8-446d-a1f1-fb1cfb69707b	NR_134817.1	94.470	217	7	4	24	235	1271	1487	4.27e-90	329
7f474bfa-5fb8-446d-a1f1-fb1cfb69707b	NR_179540.1	94.470	217	7	4	24	235	1276	1492	4.27e-90	329
7f474bfa-5fb8-446d-a1f1-fb1cfb69707b	NR_180151.1	94.064	219	7	5	23	235	1257	1475	1.53e-89	327
e7b13efb-6624-4ab6-ace7-5e2f2017fb65	NR_042776.1	93.556	838	27	20	1	817	650	1481	0.0	1223
e7b13efb-6624-4ab6-ace7-5e2f2017fb65	NR_042777.1	93.556	838	27	20	1	817	649	1480	0.0	1223
e7b13efb-6624-4ab6-ace7-5e2f2017fb65	NR_042778.1	93.429	837	28	20	1	816	650	1480	0.0	1216
e7b13efb-6624-4ab6-ace7-5e2f2017fb65	NR_197695.1	93.079	838	31	20	1	817	649	1480	0.0	1201
e7b13efb-6624-4ab6-ace7-5e2f2017fb65	NR_118998.1	93.062	836	32	20	1	816	645	1474	0.0	1199
774241e5-bd14-4306-a2e8-6e391e45e42b	NR_136788.1	98.744	796	4	5	1	792	681	1474	0.0	1410
774241e5-bd14-4306-a2e8-6e391e45e42b	NR_026230.1	95.980	796	26	5	1	792	659	1452	0.0	1293
774241e5-bd14-4306-a2e8-6e391e45e42b	NR_113082.1	95.866	774	24	7	1	769	681	1451	0.0	1245
774241e5-bd14-4306-a2e8-6e391e45e42b	NR_136443.1	92.298	792	50	9	1	786	643	1429	0.0	1114
774241e5-bd14-4306-a2e8-6e391e45e42b	NR_152035.1	90.559	805	54	19	1	792	682	1477	0.0	1046
26a0da2b-74a1-44af-9041-3f5e5ee4fb0f	NR_024842.1	95.810	883	21	11	1	876	881	8	0.0	1415
26a0da2b-74a1-44af-9041-3f5e5ee4fb0f	NR_115241.1	96.114	875	18	11	1	868	866	1	0.0	1413
26a0da2b-74a1-44af-9041-3f5e5ee4fb0f	NR_115735.1	96.069	865	19	10	1	858	857	1	0.0	1395
26a0da2b-74a1-44af-9041-3f5e5ee4fb0f	NR_178515.1	95.434	876	22	13	1	868	866	1	0.0	1380
26a0da2b-74a1-44af-9041-3f5e5ee4fb0f	NR_165737.1	95.325	877	21	15	1	868	866	1	0.0	1375
26f35007-c9c5-464c-aab1-614e0f81e805	NR_042776.1	93.846	1430	51	27	1	1408	90	1504	0.0	2119
26f35007-c9c5-464c-aab1-614e0f81e805	NR_042777.1	93.702	1429	54	27	1	1408	90	1503	0.0	2108
26f35007-c9c5-464c-aab1-614e0f81e805	NR_042778.1	93.566	1430	55	27	1	1408	90	1504	0.0	2097
26f35007-c9c5-464c-aab1-614e0f81e805	NR_197695.1	93.217	1430	60	27	1	1408	89	1503	0.0	2069
26f35007-c9c5-464c-aab1-614e0f81e805	NR_118998.1	93.142	1429	62	26	1	1408	85	1498	0.0	2065
01ed1545-a40c-48f2-aea6-4380c2980882	NR_118512.1	87.847	864	47	42	1	823	1383	537	0.0	961
01ed1545-a40c-48f2-aea6-4380c2980882	NR_118513.1	87.037	864	54	43	1	823	1383	537	0.0	922
01ed1545-a40c-48f2-aea6-4380c2980882	NR_197757.1	86.690	864	57	42	1	823	1402	556	0.0	905
01ed1545-a40c-48f2-aea6-4380c2980882	NR_156802.1	86.590	865	56	44	1	823	1404	558	0.0	900
01ed1545-a40c-48f2-aea6-4380c2980882	NR_156805.1	86.590	865	56	44	1	823	1404	558	0.0	900
2fd2f9be-bcdb-49fc-bdbf-87355b896635	NR_029097.1	94.786	1170	37	18	1	1152	1164	1	0.0	1801
2fd2f9be-bcdb-49fc-bdbf-87355b896635	NR_125571.1	93.970	1194	48	19	1	1176	1188	1	0.0	1788
2fd2f9be-bcdb-49fc-bdbf-87355b896635	NR_125570.1	94.184	1152	43	19	1	1134	1146	1	0.0	1735
2fd2f9be-bcdb-49fc-bdbf-87355b896635	NR_025567.1	86.825	1222	121	32	1	1194	1223	14	0.0	1328
2fd2f9be-bcdb-49fc-bdbf-87355b896635	NR_044289.1	86.727	1213	123	30	1	1187	1201	1	0.0	1317
c6e1df0f-23f0-42a9-ba8a-b983dbe5052f	NR_024842.1	93.812	905	32	22	2	897	897	8	0.0	1343
c6e1df0f-23f0-42a9-ba8a-b983dbe5052f	NR_115241.1	93.980	897	30	21	2	889	882	1	0.0	1336
c6e1df0f-23f0-42a9-ba8a-b983dbe5052f	NR_115735.1	93.806	888	30	22	2	879	873	1	0.0	1312
c6e1df0f-23f0-42a9-ba8a-b983dbe5052f	NR_114413.1	92.053	906	46	22	2	897	905	16	0.0	1251
c6e1df0f-23f0-42a9-ba8a-b983dbe5052f	NR_117425.1	92.111	900	47	21	2	892	885	1	0.0	1247
5b6b6e22-71b3-4a68-b57e-fe05c3c5c366	NR_024842.1	93.594	640	23	15	5	634	858	1489	0.0	939
5b6b6e22-71b3-4a68-b57e-fe05c3c5c366	NR_115735.1	93.584	639	23	15	5	633	834	1464	0.0	937
5b6b6e22-71b3-4a68-b57e-fe05c3c5c366	NR_179540.1	93.438	640	24	15	5	634	861	1492	0.0	933
5b6b6e22-71b3-4a68-b57e-fe05c3c5c366	NR_036936.1	93.533	634	23	15	5	628	843	1468	0.0	928
5b6b6e22-71b3-4a68-b57e-fe05c3c5c366	NR_028664.1	93.292	641	24	16	5	634	864	1496	0.0	928
8079be4c-3130-486b-ac2c-33d7382b27a3	NR_136788.1	91.213	569	29	17	1	558	570	12	0.0	754
8079be4c-3130-486b-ac2c-33d7382b27a3	NR_113082.1	88.596	570	42	20	1	558	570	12	0.0	671
8079be4c-3130-486b-ac2c-33d7382b27a3	NR_026230.1	87.862	552	44	20	1	540	548	8	0.0	640
8079be4c-3130-486b-ac2c-33d7382b27a3	NR_113134.1	89.577	355	27	9	1	353	567	221	1.29e-123	442
8079be4c-3130-486b-ac2c-33d7382b27a3	NR_113133.1	89.356	357	24	12	1	353	569	223	5.99e-122	436
e1d8431a-2acc-41a3-8872-d2829262dc27	NR_163639.1	92.103	1165	40	43	7	1138	1149	4	0.0	1594
e1d8431a-2acc-41a3-8872-d2829262dc27	NR_115355.1	92.261	1150	40	40	7	1123	1134	1	0.0	1589
e1d8431a-2acc-41a3-8872-d2829262dc27	NR_119169.1	92.087	1150	42	40	7	1123	1139	6	0.0	1581
e1d8431a-2acc-41a3-8872-d2829262dc27	NR_179325.1	92.692	1122	33	39	7	1095	1108	3	0.0	1572
e1d8431a-2acc-41a3-8872-d2829262dc27	NR_119168.1	91.913	1150	44	40	7	1123	1139	6	0.0	1570
f754851c-f4c2-43cf-a79b-1b7ea6c03aa9	NR_117719.1	94.870	1345	36	27	1	1323	164	1497	0.0	2071
f754851c-f4c2-43cf-a79b-1b7ea6c03aa9	NR_199545.1	94.796	1345	36	27	1	1323	164	1496	0.0	2065
f754851c-f4c2-43cf-a79b-1b7ea6c03aa9	NR_028664.1	94.721	1345	38	27	1	1323	167	1500	0.0	2060
f754851c-f4c2-43cf-a79b-1b7ea6c03aa9	NR_179383.1	94.721	1345	38	27	1	1323	171	1504	0.0	2060
f754851c-f4c2-43cf-a79b-1b7ea6c03aa9	NR_175455.1	94.651	1346	38	28	1	1323	152	1486	0.0	2056
0d7dcca9-e4c7-41c8-b0ff-4e85901c4f6b	NR_024842.1	97.436	858	11	6	1	851	636	1489	0.0	1452
0d7dcca9-e4c7-41c8-b0ff-4e85901c4f6b	NR_115735.1	97.433	857	11	6	1	850	612	1464	0.0	1450
0d7dcca9-e4c7-41c8-b0ff-4e85901c4f6b	NR_165737.1	97.193	855	12	7	1	847	621	1471	0.0	1435
0d7dcca9-e4c7-41c8-b0ff-4e85901c4f6b	NR_115241.1	97.073	854	14	7	1	847	621	1470	0.0	1432
0d7dcca9-e4c7-41c8-b0ff-4e85901c4f6b	NR_036936.1	97.076	855	13	7	1	847	621	1471	0.0	1430
faa26be3-57ab-4f45-8313-81cda5e6103b	NR_115241.1	92.206	757	34	21	2	741	49	797	0.0	1048
faa26be3-57ab-4f45-8313-81cda5e6103b	NR_115735.1	92.084	758	34	22	2	741	39	788	0.0	1044
faa26be3-57ab-4f45-8313-81cda5e6103b	NR_024842.1	91.942	757	36	21	2	741	64	812	0.0	1040
faa26be3-57ab-4f45-8313-81cda5e6103b	NR_178515.1	91.425	758	38	23	2	741	49	797	0.0	1014
faa26be3-57ab-4f45-8313-81cda5e6103b	NR_165737.1	91.293	758	39	23	2	741	49	797	0.0	1009
35992142-ab03-4123-a337-57e89a675aee	NR_133752.1	96.382	691	7	14	1	679	1286	602	0.0	1122
35992142-ab03-4123-a337-57e89a675aee	NR_133753.1	96.382	691	7	14	1	679	1315	631	0.0	1122
35992142-ab03-4123-a337-57e89a675aee	NR_025903.1	96.382	691	7	14	1	679	1361	677	0.0	1122
35992142-ab03-4123-a337-57e89a675aee	NR_025904.1	95.948	691	10	14	1	679	1360	676	0.0	1105
35992142-ab03-4123-a337-57e89a675aee	NR_026419.1	95.224	691	15	14	1	679	1349	665	0.0	1077
78e388a0-2291-4170-82f9-75d331bfedea	NR_042927.1	93.588	577	22	8	3	564	237	813	0.0	846
78e388a0-2291-4170-82f9-75d331bfedea	NR_042928.1	93.588	577	22	8	3	564	235	811	0.0	846
78e388a0-2291-4170-82f9-75d331bfedea	NR_114413.1	93.588	577	22	8	3	564	260	836	0.0	846
78e388a0-2291-4170-82f9-75d331bfedea	NR_115734.1	93.588	577	22	8	3	564	238	814	0.0	846
78e388a0-2291-4170-82f9-75d331bfedea	NR_116210.1	93.588	577	22	8	3	564	100	676	0.0	846
85a8d5d2-2ff2-4dc7-a5df-117d5d9d92d6	NR_042776.1	94.661	693	19	14	1	682	1393	708	0.0	1059
85a8d5d2-2ff2-4dc7-a5df-117d5d9d92d6	NR_042777.1	94.661	693	19	14	1	682	1392	707	0.0	1059
85a8d5d2-2ff2-4dc7-a5df-117d5d9d92d6	NR_042778.1	94.517	693	20	14	1	682	1393	708	0.0	1053
85a8d5d2-2ff2-4dc7-a5df-117d5d9d92d6	NR_197695.1	94.228	693	22	14	1	682	1392	707	0.0	1042
85a8d5d2-2ff2-4dc7-a5df-117d5d9d92d6	NR_118998.1	93.795	693	24	15	1	682	1387	703	0.0	1024
9ada5805-a0b7-4c3e-b6eb-2beef9da9229	NR_042776.1	96.344	465	11	6	1	463	1042	1502	0.0	760
9ada5805-a0b7-4c3e-b6eb-2beef9da9229	NR_042777.1	96.344	465	11	6	1	463	1041	1501	0.0	760
9ada5805-a0b7-4c3e-b6eb-2beef9da9229	NR_042778.1	95.914	465	13	6	1	463	1042	1502	0.0	749
9ada5805-a0b7-4c3e-b6eb-2beef9da9229	NR_118998.1	95.914	465	13	6	1	463	1036	1496	0.0	749
9ada5805-a0b7-4c3e-b6eb-2beef9da9229	NR_197695.1	95.914	465	13	6	1	463	1041	1501	0.0	749
dbeb51f9-0170-45cf-bc8b-aaa4d844cd12	NR_178369.1	95.303	809	20	14	7	800	406	1211	0.0	1267
dbeb51f9-0170-45cf-bc8b-aaa4d844cd12	NR_041989.1	94.808	809	26	13	6	800	392	1198	0.0	1247
dbeb51f9-0170-45cf-bc8b-aaa4d844cd12	NR_117694.1	94.913	806	25	13	9	800	437	1240	0.0	1247
dbeb51f9-0170-45cf-bc8b-aaa4d844cd12	NR_157664.1	95.346	795	20	13	20	800	469	1260	0.0	1247
dbeb51f9-0170-45cf-bc8b-aaa4d844cd12	NR_116767.1	95.082	793	24	10	21	800	450	1240	0.0	1238
bd9c5217-2c30-4577-a188-7638a635ebd5	NR_115355.1	97.570	1317	17	11	7	1313	176	1487	0.0	2241
bd9c5217-2c30-4577-a188-7638a635ebd5	NR_179325.1	97.570	1317	17	11	7	1313	150	1461	0.0	2241
bd9c5217-2c30-4577-a188-7638a635ebd5	NR_119169.1	97.267	1317	21	11	7	1313	181	1492	0.0	2224
bd9c5217-2c30-4577-a188-7638a635ebd5	NR_163639.1	97.342	1317	16	15	7	1313	195	1502	0.0	2220
bd9c5217-2c30-4577-a188-7638a635ebd5	NR_113570.1	96.965	1318	24	12	7	1313	183	1495	0.0	2198
5587972e-efde-4d80-b708-86a545f8a586	NR_115355.1	96.305	1353	26	19	1	1336	141	1486	0.0	2204
5587972e-efde-4d80-b708-86a545f8a586	NR_179325.1	96.307	1354	25	20	1	1336	114	1460	0.0	2200
5587972e-efde-4d80-b708-86a545f8a586	NR_119169.1	96.083	1353	29	19	1	1336	146	1491	0.0	2191
5587972e-efde-4d80-b708-86a545f8a586	NR_163639.1	96.160	1354	22	25	1	1336	160	1501	0.0	2185
5587972e-efde-4d80-b708-86a545f8a586	NR_043332.1	95.565	1353	36	19	1	1336	141	1486	0.0	2150
bd78d52e-b582-4e5f-bde1-f3aa2bccef93	NR_042928.1	96.053	1140	23	16	1	1126	1132	1	0.0	1836
bd78d52e-b582-4e5f-bde1-f3aa2bccef93	NR_199547.1	96.592	1115	17	16	1	1101	1112	5	0.0	1829
bd78d52e-b582-4e5f-bde1-f3aa2bccef93	NR_112026.1	96.233	1115	19	18	1	1101	1114	9	0.0	1807
bd78d52e-b582-4e5f-bde1-f3aa2bccef93	NR_117719.1	95.122	1148	34	17	1	1134	1152	13	0.0	1790
bd78d52e-b582-4e5f-bde1-f3aa2bccef93	NR_199545.1	95.122	1148	34	17	1	1134	1152	13	0.0	1790
3eaddfbe-ebd7-4b88-b62a-204f7038b63d	NR_026419.1	96.235	1089	21	16	1	1083	1450	376	0.0	1766
3eaddfbe-ebd7-4b88-b62a-204f7038b63d	NR_133753.1	95.592	1089	28	16	1	1083	1416	342	0.0	1727
3eaddfbe-ebd7-4b88-b62a-204f7038b63d	NR_025903.1	95.592	1089	28	16	1	1083	1462	388	0.0	1727
3eaddfbe-ebd7-4b88-b62a-204f7038b63d	NR_133752.1	95.409	1089	30	16	1	1083	1387	313	0.0	1716
3eaddfbe-ebd7-4b88-b62a-204f7038b63d	NR_025904.1	95.050	1091	30	19	1	1083	1461	387	0.0	1694
86d30346-d254-4e71-865a-dc2cf696cfb1	NR_028664.1	92.262	840	37	23	17	838	847	18	0.0	1166
86d30346-d254-4e71-865a-dc2cf696cfb1	NR_179383.1	92.262	840	37	23	17	838	851	22	0.0	1166
86d30346-d254-4e71-865a-dc2cf696cfb1	NR_199545.1	92.143	840	38	23	17	838	844	15	0.0	1160
86d30346-d254-4e71-865a-dc2cf696cfb1	NR_115240.1	92.400	829	36	22	17	827	824	5	0.0	1157
86d30346-d254-4e71-865a-dc2cf696cfb1	NR_165744.1	92.024	840	39	24	17	838	833	4	0.0	1155
c6b4b91c-7190-4ad4-b2ef-c6c3d960999a	NR_042776.1	98.377	308	2	3	1	308	340	36	8.57e-153	538
c6b4b91c-7190-4ad4-b2ef-c6c3d960999a	NR_042778.1	98.052	308	3	3	1	308	340	36	3.99e-151	532
c6b4b91c-7190-4ad4-b2ef-c6c3d960999a	NR_042777.1	97.727	308	4	3	1	308	340	36	1.85e-149	527
c6b4b91c-7190-4ad4-b2ef-c6c3d960999a	NR_118998.1	97.403	308	5	3	1	308	335	31	2.40e-148	523
c6b4b91c-7190-4ad4-b2ef-c6c3d960999a	NR_197695.1	96.753	308	7	3	1	308	339	35	1.87e-144	510
516e83e2-349a-4aba-99bb-31630f28ffcb	NR_115355.1	97.091	1375	19	16	1	1361	120	1487	0.0	2300
516e83e2-349a-4aba-99bb-31630f28ffcb	NR_115355.1	75.319	940	188	35	1474	2387	1148	227	1.75e-113	411
516e83e2-349a-4aba-99bb-31630f28ffcb	NR_179325.1	97.093	1376	18	17	1	1361	93	1461	0.0	2300
516e83e2-349a-4aba-99bb-31630f28ffcb	NR_179325.1	75.106	940	190	35	1474	2387	1122	201	3.79e-110	399
516e83e2-349a-4aba-99bb-31630f28ffcb	NR_119169.1	96.800	1375	23	15	1	1361	125	1492	0.0	2283
516e83e2-349a-4aba-99bb-31630f28ffcb	NR_119169.1	75.106	940	190	35	1474	2387	1153	232	8.14e-112	405
516e83e2-349a-4aba-99bb-31630f28ffcb	NR_163639.1	96.802	1376	17	20	1	1361	139	1502	0.0	2272
516e83e2-349a-4aba-99bb-31630f28ffcb	NR_163639.1	74.787	940	189	39	1474	2387	1163	246	4.94e-104	379
516e83e2-349a-4aba-99bb-31630f28ffcb	NR_113570.1	96.369	1377	27	18	1	1361	126	1495	0.0	2244
516e83e2-349a-4aba-99bb-31630f28ffcb	NR_113570.1	75.213	940	189	35	1474	2387	1155	234	8.14e-112	405
cdfcce56-4c7e-483f-91e8-afcdb258d4aa	NR_024842.1	95.000	680	21	12	1	674	820	1492	0.0	1055
cdfcce56-4c7e-483f-91e8-afcdb258d4aa	NR_115735.1	94.970	676	21	12	1	670	796	1464	0.0	1048
cdfcce56-4c7e-483f-91e8-afcdb258d4aa	NR_036936.1	94.955	674	20	13	1	667	805	1471	0.0	1044
cdfcce56-4c7e-483f-91e8-afcdb258d4aa	NR_152678.1	94.567	681	23	13	1	674	825	1498	0.0	1040
cdfcce56-4c7e-483f-91e8-afcdb258d4aa	NR_199956.1	94.567	681	23	13	1	674	825	1498	0.0	1040
