1e5fd745-45d2-4827-9db8-630ad64b97c5	NR_042928.1	91.047	1251	66	37	38	1268	1225	1	0.0	1648
1e5fd745-45d2-4827-9db8-630ad64b97c5	NR_199547.1	91.212	1229	61	37	38	1245	1205	3	0.0	1628
1e5fd745-45d2-4827-9db8-630ad64b97c5	NR_112026.1	90.924	1234	65	38	38	1251	1207	1	0.0	1616
1e5fd745-45d2-4827-9db8-630ad64b97c5	NR_117719.1	90.079	1260	78	39	38	1277	1245	13	0.0	1591
1e5fd745-45d2-4827-9db8-630ad64b97c5	NR_165747.1	90.199	1255	74	41	38	1268	1230	1	0.0	1591
dbfb32b9-0644-458d-8c6b-0e6c9719b479	NR_074980.1	91.546	485	16	14	1	469	488	13	0.0	645
dbfb32b9-0644-458d-8c6b-0e6c9719b479	NR_113031.1	91.546	485	16	14	1	469	488	13	0.0	645
dbfb32b9-0644-458d-8c6b-0e6c9719b479	NR_119168.1	91.789	475	15	13	1	460	466	1	0.0	640
dbfb32b9-0644-458d-8c6b-0e6c9719b479	NR_163639.1	91.358	486	14	17	1	470	477	4	0.0	640
dbfb32b9-0644-458d-8c6b-0e6c9719b479	NR_119169.1	91.579	475	16	13	1	460	466	1	0.0	638
59146bac-33d1-471c-846c-532e54ef076a	NR_042776.1	91.158	1278	47	57	1	1241	1266	18	0.0	1674
59146bac-33d1-471c-846c-532e54ef076a	NR_042778.1	91.002	1278	49	57	1	1241	1266	18	0.0	1663
59146bac-33d1-471c-846c-532e54ef076a	NR_042777.1	91.002	1278	48	58	1	1241	1265	18	0.0	1661
59146bac-33d1-471c-846c-532e54ef076a	NR_197695.1	90.689	1278	53	56	1	1241	1265	17	0.0	1640
59146bac-33d1-471c-846c-532e54ef076a	NR_118998.1	90.368	1277	58	56	1	1241	1260	13	0.0	1618
704bc60e-c625-4b8f-85b1-db2e281134f9	NR_029181.1	100.000	40	0	0	45	84	1013	1052	6.28e-14	75.0
5698eb52-1a8c-4562-9b34-6027ac4c4eda	NR_121688.1	86.656	607	45	27	79	656	891	1490	0.0	640
5698eb52-1a8c-4562-9b34-6027ac4c4eda	NR_117701.1	86.656	607	45	27	79	656	871	1470	0.0	640
5698eb52-1a8c-4562-9b34-6027ac4c4eda	NR_117717.1	86.491	607	46	27	79	656	891	1490	0.0	634
5698eb52-1a8c-4562-9b34-6027ac4c4eda	NR_117694.1	86.513	608	44	28	79	656	871	1470	0.0	634
5698eb52-1a8c-4562-9b34-6027ac4c4eda	NR_117696.1	86.491	607	46	27	79	656	858	1457	0.0	634
e8cbf422-393d-485b-9cba-f304964d9dd3	NR_042776.1	94.921	315	7	7	1	309	786	475	1.14e-136	484
e8cbf422-393d-485b-9cba-f304964d9dd3	NR_042778.1	94.921	315	7	7	1	309	786	475	1.14e-136	484
e8cbf422-393d-485b-9cba-f304964d9dd3	NR_197695.1	94.921	315	7	7	1	309	785	474	1.14e-136	484
e8cbf422-393d-485b-9cba-f304964d9dd3	NR_042777.1	94.603	315	7	8	1	309	785	475	5.32e-135	479
e8cbf422-393d-485b-9cba-f304964d9dd3	NR_118998.1	94.603	315	8	7	1	309	781	470	5.32e-135	479
8811964c-8bb3-44b3-bd12-69f8b186649e	NR_024842.1	92.478	811	34	20	1	799	694	1489	0.0	1134
8811964c-8bb3-44b3-bd12-69f8b186649e	NR_036936.1	92.574	808	32	20	1	795	679	1471	0.0	1134
8811964c-8bb3-44b3-bd12-69f8b186649e	NR_156072.1	92.478	811	34	20	1	799	699	1494	0.0	1134
8811964c-8bb3-44b3-bd12-69f8b186649e	NR_165737.1	92.574	808	32	20	1	795	679	1471	0.0	1134
8811964c-8bb3-44b3-bd12-69f8b186649e	NR_115735.1	92.469	810	34	20	1	798	670	1464	0.0	1133
