dacd8a9a-7e3c-4966-aa87-228b828c60b0	NR_042776.1	98.961	1251	3	8	1	1243	1266	18	0.0	2230
dacd8a9a-7e3c-4966-aa87-228b828c60b0	NR_042778.1	98.801	1251	5	8	1	1243	1266	18	0.0	2218
dacd8a9a-7e3c-4966-aa87-228b828c60b0	NR_042777.1	98.721	1251	5	9	1	1243	1265	18	0.0	2211
dacd8a9a-7e3c-4966-aa87-228b828c60b0	NR_197695.1	98.401	1251	10	8	1	1243	1265	17	0.0	2191
dacd8a9a-7e3c-4966-aa87-228b828c60b0	NR_118998.1	98.160	1250	14	7	1	1243	1260	13	0.0	2174
1bc94004-e07d-4670-809f-6fa2fbe54ec3	NR_074980.1	95.536	448	13	6	1	443	458	13	0.0	710
1bc94004-e07d-4670-809f-6fa2fbe54ec3	NR_113031.1	95.536	448	13	6	1	443	458	13	0.0	710
1bc94004-e07d-4670-809f-6fa2fbe54ec3	NR_163639.1	95.100	449	12	9	1	444	447	4	0.0	699
1bc94004-e07d-4670-809f-6fa2fbe54ec3	NR_119168.1	95.662	438	12	6	1	433	436	1	0.0	697
1bc94004-e07d-4670-809f-6fa2fbe54ec3	NR_119169.1	95.205	438	14	6	1	433	436	1	0.0	689
7674c3dd-4a2d-4c85-a905-8c8e2a5ec297	NR_116168.1	95.033	1349	34	29	4	1332	1349	14	0.0	2089
7674c3dd-4a2d-4c85-a905-8c8e2a5ec297	NR_042878.1	94.780	1341	37	29	4	1324	1328	1	0.0	2069
7674c3dd-4a2d-4c85-a905-8c8e2a5ec297	NR_118762.1	93.318	1347	64	24	4	1334	1351	15	0.0	2004
7674c3dd-4a2d-4c85-a905-8c8e2a5ec297	NR_118143.1	92.841	1341	65	29	4	1324	1330	1	0.0	1917
7674c3dd-4a2d-4c85-a905-8c8e2a5ec297	NR_025423.1	92.021	1341	76	28	7	1327	1330	1	0.0	1855
52b31078-fcc7-449d-86b8-a6fdfe391177	NR_117719.1	85.486	813	77	33	1	793	807	16	0.0	809
52b31078-fcc7-449d-86b8-a6fdfe391177	NR_175455.1	85.521	815	73	35	1	793	795	4	0.0	809
52b31078-fcc7-449d-86b8-a6fdfe391177	NR_118234.1	85.417	816	74	36	1	793	806	13	0.0	806
52b31078-fcc7-449d-86b8-a6fdfe391177	NR_028664.1	85.240	813	79	33	1	793	810	19	0.0	798
52b31078-fcc7-449d-86b8-a6fdfe391177	NR_115560.1	85.240	813	79	33	1	793	807	16	0.0	798
0da78ed9-8829-4932-baa0-722d544a8738	NR_136788.1	97.416	1045	15	9	1	1039	441	1479	0.0	1770
0da78ed9-8829-4932-baa0-722d544a8738	NR_026230.1	95.064	1013	38	9	33	1039	451	1457	0.0	1589
0da78ed9-8829-4932-baa0-722d544a8738	NR_113082.1	94.929	986	36	11	33	1011	473	1451	0.0	1531
0da78ed9-8829-4932-baa0-722d544a8738	NR_152035.1	87.867	1055	98	24	1	1039	442	1482	0.0	1212
0da78ed9-8829-4932-baa0-722d544a8738	NR_113087.1	86.620	994	109	21	59	1039	500	1482	0.0	1077
caf8fd7f-d69c-4a8a-810e-3ed745ea9d3e	NR_117425.1	91.055	436	19	11	1	418	139	572	1.16e-162	571
caf8fd7f-d69c-4a8a-810e-3ed745ea9d3e	NR_115241.1	90.826	436	20	11	1	418	136	569	5.40e-161	566
caf8fd7f-d69c-4a8a-810e-3ed745ea9d3e	NR_115735.1	90.826	436	20	11	1	418	127	560	5.40e-161	566
caf8fd7f-d69c-4a8a-810e-3ed745ea9d3e	NR_116211.1	90.826	436	20	11	1	418	59	492	5.40e-161	566
caf8fd7f-d69c-4a8a-810e-3ed745ea9d3e	NR_024842.1	90.596	436	21	11	1	418	151	584	6.98e-160	562
5bbe2c74-e3e8-4693-a146-aad18b30ce5b	NR_136788.1	98.596	356	5	0	1	356	373	18	1.62e-180	630
5bbe2c74-e3e8-4693-a146-aad18b30ce5b	NR_113082.1	98.315	356	6	0	1	356	373	18	7.55e-179	625
5bbe2c74-e3e8-4693-a146-aad18b30ce5b	NR_026230.1	95.442	351	16	0	1	351	351	1	5.96e-165	579
5bbe2c74-e3e8-4693-a146-aad18b30ce5b	NR_074234.1	91.899	358	25	4	1	356	380	25	1.72e-140	497
5bbe2c74-e3e8-4693-a146-aad18b30ce5b	NR_113086.1	91.899	358	25	4	1	356	373	18	1.72e-140	497
6de570ae-e9bf-434d-acbe-abe763004ab2	NR_041879.1	97.101	552	6	9	1	544	689	140	0.0	922
6de570ae-e9bf-434d-acbe-abe763004ab2	NR_115355.1	97.101	552	6	9	1	544	732	183	0.0	922
6de570ae-e9bf-434d-acbe-abe763004ab2	NR_179325.1	97.101	552	6	9	1	544	706	157	0.0	922
6de570ae-e9bf-434d-acbe-abe763004ab2	NR_119169.1	96.920	552	7	9	1	544	737	188	0.0	918
6de570ae-e9bf-434d-acbe-abe763004ab2	NR_163639.1	96.915	551	6	10	1	544	748	202	0.0	913
eeeb237c-9ed7-49ae-b187-18da96bc2c74	NR_117694.1	93.523	880	25	22	1	856	596	1467	0.0	1280
eeeb237c-9ed7-49ae-b187-18da96bc2c74	NR_117692.1	93.182	880	28	22	1	856	596	1467	0.0	1264
eeeb237c-9ed7-49ae-b187-18da96bc2c74	NR_025902.1	92.955	880	30	22	1	856	574	1445	0.0	1253
eeeb237c-9ed7-49ae-b187-18da96bc2c74	NR_117696.1	92.841	880	31	22	1	856	583	1454	0.0	1247
eeeb237c-9ed7-49ae-b187-18da96bc2c74	NR_117717.1	92.727	880	31	23	1	856	617	1487	0.0	1240
ac99693f-8aca-4852-899e-3357e3e20f3a	NR_115355.1	98.634	1318	12	5	1	1315	171	1485	0.0	2331
ac99693f-8aca-4852-899e-3357e3e20f3a	NR_179325.1	98.634	1318	12	5	1	1315	145	1459	0.0	2329
ac99693f-8aca-4852-899e-3357e3e20f3a	NR_119169.1	98.407	1318	15	5	1	1315	176	1490	0.0	2318
ac99693f-8aca-4852-899e-3357e3e20f3a	NR_163639.1	98.332	1319	10	11	1	1315	190	1500	0.0	2303
ac99693f-8aca-4852-899e-3357e3e20f3a	NR_113570.1	98.029	1319	19	6	1	1315	178	1493	0.0	2285
449f442b-39c9-4cd7-81a9-4538039666f1	NR_042776.1	97.535	1136	16	12	1	1129	1244	114	0.0	1932
449f442b-39c9-4cd7-81a9-4538039666f1	NR_042778.1	97.359	1136	18	12	1	1129	1244	114	0.0	1921
449f442b-39c9-4cd7-81a9-4538039666f1	NR_042777.1	97.271	1136	18	13	1	1129	1243	114	0.0	1914
449f442b-39c9-4cd7-81a9-4538039666f1	NR_197695.1	97.007	1136	22	12	1	1129	1243	113	0.0	1899
449f442b-39c9-4cd7-81a9-4538039666f1	NR_118998.1	96.567	1136	26	13	1	1129	1238	109	0.0	1871
9aa38cb9-7773-457d-87c4-32b1b6ad46ee	NR_042928.1	95.860	1256	35	14	1	1248	1247	1	0.0	2015
9aa38cb9-7773-457d-87c4-32b1b6ad46ee	NR_028664.1	95.570	1264	39	14	1	1256	1270	16	0.0	2008
9aa38cb9-7773-457d-87c4-32b1b6ad46ee	NR_199545.1	95.570	1264	39	14	1	1256	1267	13	0.0	2008
9aa38cb9-7773-457d-87c4-32b1b6ad46ee	NR_165747.1	95.638	1261	33	19	1	1248	1252	1	0.0	2004
9aa38cb9-7773-457d-87c4-32b1b6ad46ee	NR_117719.1	95.491	1264	40	14	1	1256	1267	13	0.0	2002
a84ec4c8-68c3-4273-985e-b7c50824918a	NR_119170.1	91.952	584	31	11	18	593	576	1	0.0	806
a84ec4c8-68c3-4273-985e-b7c50824918a	NR_115354.1	92.055	579	30	11	18	588	571	1	0.0	800
a84ec4c8-68c3-4273-985e-b7c50824918a	NR_074980.1	91.275	596	35	12	18	604	598	11	0.0	797
a84ec4c8-68c3-4273-985e-b7c50824918a	NR_113031.1	91.275	596	35	12	18	604	598	11	0.0	797
a84ec4c8-68c3-4273-985e-b7c50824918a	NR_119168.1	91.610	584	33	11	18	593	576	1	0.0	793
af813c34-aa74-42c8-baaa-1ba7da2f761d	NR_042776.1	95.822	359	9	6	11	363	381	23	7.76e-164	575
af813c34-aa74-42c8-baaa-1ba7da2f761d	NR_042778.1	95.543	359	10	6	11	363	381	23	3.61e-162	569
af813c34-aa74-42c8-baaa-1ba7da2f761d	NR_042777.1	95.265	359	11	6	11	363	381	23	1.68e-160	564
af813c34-aa74-42c8-baaa-1ba7da2f761d	NR_118998.1	94.708	359	13	6	11	363	376	18	1.01e-157	555
af813c34-aa74-42c8-baaa-1ba7da2f761d	NR_197695.1	94.429	359	14	6	11	363	380	22	1.69e-155	547
36ec00be-2c80-4ff4-8c04-eefe648dae3c	NR_117694.1	95.921	1324	26	23	1	1310	158	1467	0.0	2121
36ec00be-2c80-4ff4-8c04-eefe648dae3c	NR_117692.1	95.537	1322	35	19	1	1310	158	1467	0.0	2093
36ec00be-2c80-4ff4-8c04-eefe648dae3c	NR_025902.1	95.386	1322	37	20	1	1310	136	1445	0.0	2082
36ec00be-2c80-4ff4-8c04-eefe648dae3c	NR_117696.1	95.386	1322	37	20	1	1310	145	1454	0.0	2082
36ec00be-2c80-4ff4-8c04-eefe648dae3c	NR_117717.1	95.310	1322	37	21	1	1310	179	1487	0.0	2074
dbe6eb0e-133e-4e44-9098-e993ffb4da02	NR_042776.1	94.701	585	17	9	1	575	598	18	0.0	896
dbe6eb0e-133e-4e44-9098-e993ffb4da02	NR_042777.1	94.521	584	19	8	1	575	597	18	0.0	889
dbe6eb0e-133e-4e44-9098-e993ffb4da02	NR_042778.1	94.359	585	19	9	1	575	598	18	0.0	885
dbe6eb0e-133e-4e44-9098-e993ffb4da02	NR_118998.1	93.504	585	24	9	1	575	593	13	0.0	859
dbe6eb0e-133e-4e44-9098-e993ffb4da02	NR_199974.1	88.699	584	48	15	4	575	597	20	0.0	697
13f750ae-b376-4dd9-a0ff-d9312491a3cc	NR_117425.1	88.455	589	36	24	1	563	652	70	0.0	682
13f750ae-b376-4dd9-a0ff-d9312491a3cc	NR_042928.1	87.627	590	39	25	1	563	647	65	0.0	654
13f750ae-b376-4dd9-a0ff-d9312491a3cc	NR_112026.1	87.627	590	39	25	1	563	630	48	0.0	654
13f750ae-b376-4dd9-a0ff-d9312491a3cc	NR_199547.1	87.479	591	40	25	1	564	627	44	0.0	651
13f750ae-b376-4dd9-a0ff-d9312491a3cc	NR_108477.1	87.543	586	41	25	1	560	580	1	0.0	649
a5a8755e-dce4-4ef6-accb-4f201ac6f3fd	NR_028682.1	92.751	607	31	12	1	600	686	1286	0.0	865
a5a8755e-dce4-4ef6-accb-4f201ac6f3fd	NR_026454.1	92.751	607	31	12	1	600	662	1262	0.0	865
a5a8755e-dce4-4ef6-accb-4f201ac6f3fd	NR_025862.1	92.586	607	32	12	1	600	685	1285	0.0	863
a5a8755e-dce4-4ef6-accb-4f201ac6f3fd	NR_116890.1	92.257	607	34	11	1	600	674	1274	0.0	848
a5a8755e-dce4-4ef6-accb-4f201ac6f3fd	NR_119263.1	92.491	586	34	8	19	600	704	1283	0.0	830
b24c19a6-e927-4c97-80dd-856176c0705a	NR_163639.1	90.933	386	19	12	17	394	380	3	1.12e-142	505
b24c19a6-e927-4c97-80dd-856176c0705a	NR_074980.1	90.885	384	20	11	17	392	389	13	1.45e-141	501
b24c19a6-e927-4c97-80dd-856176c0705a	NR_113031.1	90.885	384	20	11	17	392	389	13	1.45e-141	501
b24c19a6-e927-4c97-80dd-856176c0705a	NR_119168.1	91.105	371	19	10	17	379	367	3	3.14e-138	490
b24c19a6-e927-4c97-80dd-856176c0705a	NR_119169.1	90.836	371	20	10	17	379	367	3	4.06e-137	486
7a72cf50-dbf9-4dcd-a635-4c754a092b0f	NR_025862.1	94.153	1180	40	25	6	1172	1174	11	0.0	1779
7a72cf50-dbf9-4dcd-a635-4c754a092b0f	NR_028682.1	92.797	1180	53	28	6	1170	1175	13	0.0	1679
7a72cf50-dbf9-4dcd-a635-4c754a092b0f	NR_026454.1	91.681	1166	63	30	6	1152	1151	1	0.0	1585
7a72cf50-dbf9-4dcd-a635-4c754a092b0f	NR_180652.1	89.822	1179	83	30	6	1162	1164	1	0.0	1478
7a72cf50-dbf9-4dcd-a635-4c754a092b0f	NR_116890.1	89.746	1180	80	35	6	1161	1163	1	0.0	1472
85488075-caed-4e6f-bcf4-1d9f65733798	NR_042776.1	96.399	1222	19	16	1	1200	1236	18	0.0	1989
85488075-caed-4e6f-bcf4-1d9f65733798	NR_042778.1	96.236	1222	21	16	1	1200	1236	18	0.0	1978
85488075-caed-4e6f-bcf4-1d9f65733798	NR_042777.1	96.154	1222	21	17	1	1200	1235	18	0.0	1973
85488075-caed-4e6f-bcf4-1d9f65733798	NR_197695.1	95.990	1222	24	16	1	1200	1235	17	0.0	1962
85488075-caed-4e6f-bcf4-1d9f65733798	NR_118998.1	95.417	1222	30	17	1	1200	1230	13	0.0	1925
568fd763-ce60-4a9b-80fe-a410b8ec5d4e	NR_115355.1	90.861	1324	62	46	1	1304	1285	1	0.0	1724
568fd763-ce60-4a9b-80fe-a410b8ec5d4e	NR_179325.1	90.909	1298	58	46	1	1277	1259	1	0.0	1688
568fd763-ce60-4a9b-80fe-a410b8ec5d4e	NR_113570.1	90.113	1325	71	47	1	1304	1292	7	0.0	1666
568fd763-ce60-4a9b-80fe-a410b8ec5d4e	NR_041879.1	90.874	1282	58	46	1	1262	1243	1	0.0	1664
568fd763-ce60-4a9b-80fe-a410b8ec5d4e	NR_074980.1	89.761	1338	76	48	1	1316	1312	14	0.0	1655
5947c74d-8edf-4662-ad4c-2d9a97dfb796	NR_179540.1	91.113	1249	48	44	1	1215	273	1492	0.0	1633
5947c74d-8edf-4662-ad4c-2d9a97dfb796	NR_117719.1	91.033	1249	50	42	1	1215	273	1493	0.0	1629
5947c74d-8edf-4662-ad4c-2d9a97dfb796	NR_042927.1	91.084	1245	49	43	1	1211	255	1471	0.0	1628
5947c74d-8edf-4662-ad4c-2d9a97dfb796	NR_115734.1	91.084	1245	49	43	1	1211	256	1472	0.0	1628
5947c74d-8edf-4662-ad4c-2d9a97dfb796	NR_028664.1	90.953	1249	51	43	1	1215	276	1496	0.0	1624
d5eb1a8a-99c8-459f-a192-44f5a9ef024a	NR_041879.1	95.794	428	2	7	1	417	132	554	0.0	676
d5eb1a8a-99c8-459f-a192-44f5a9ef024a	NR_115355.1	95.794	428	2	7	1	417	175	597	0.0	676
d5eb1a8a-99c8-459f-a192-44f5a9ef024a	NR_179325.1	95.794	428	2	7	1	417	149	571	0.0	676
d5eb1a8a-99c8-459f-a192-44f5a9ef024a	NR_119169.1	95.561	428	3	7	1	417	180	602	0.0	673
d5eb1a8a-99c8-459f-a192-44f5a9ef024a	NR_113570.1	95.327	428	4	7	1	417	182	604	0.0	665
46ccf790-e1d3-4f59-98ae-876b9bcf60ed	NR_117694.1	96.674	902	20	10	13	908	898	1	0.0	1491
46ccf790-e1d3-4f59-98ae-876b9bcf60ed	NR_041989.1	98.019	858	11	6	13	866	856	1	0.0	1485
46ccf790-e1d3-4f59-98ae-876b9bcf60ed	NR_117692.1	95.556	900	34	6	13	908	898	1	0.0	1435
46ccf790-e1d3-4f59-98ae-876b9bcf60ed	NR_121688.1	95.270	909	35	8	13	916	918	13	0.0	1434
46ccf790-e1d3-4f59-98ae-876b9bcf60ed	NR_117717.1	95.154	908	37	7	13	916	918	14	0.0	1426
62ac6c9e-e9a9-4580-af00-38cb45a2baba	NR_042776.1	97.595	998	11	9	1	993	1007	18	0.0	1698
62ac6c9e-e9a9-4580-af00-38cb45a2baba	NR_042778.1	97.395	998	13	9	1	993	1007	18	0.0	1687
62ac6c9e-e9a9-4580-af00-38cb45a2baba	NR_042777.1	97.295	998	13	9	1	993	1006	18	0.0	1681
62ac6c9e-e9a9-4580-af00-38cb45a2baba	NR_197695.1	96.994	998	17	9	1	993	1006	17	0.0	1664
62ac6c9e-e9a9-4580-af00-38cb45a2baba	NR_118998.1	96.493	998	21	10	1	993	1001	13	0.0	1639
31c83309-4868-497f-8382-8f4a9cdafd30	NR_024842.1	96.154	1430	33	16	1	1412	64	1489	0.0	2320
31c83309-4868-497f-8382-8f4a9cdafd30	NR_115735.1	96.224	1430	31	17	1	1411	39	1464	0.0	2320
31c83309-4868-497f-8382-8f4a9cdafd30	NR_115241.1	96.073	1426	34	16	1	1408	49	1470	0.0	2309
31c83309-4868-497f-8382-8f4a9cdafd30	NR_165737.1	96.008	1428	32	18	1	1408	49	1471	0.0	2298
31c83309-4868-497f-8382-8f4a9cdafd30	NR_109720.1	95.652	1403	36	18	18	1400	60	1457	0.0	2230
3f6296df-81dd-4b2f-9571-a64f3e38b626	NR_042776.1	93.723	462	20	7	3	458	1041	1499	0.0	684
3f6296df-81dd-4b2f-9571-a64f3e38b626	NR_042777.1	93.723	462	20	7	3	458	1040	1498	0.0	684
3f6296df-81dd-4b2f-9571-a64f3e38b626	NR_197695.1	93.506	462	21	7	3	458	1040	1498	0.0	678
3f6296df-81dd-4b2f-9571-a64f3e38b626	NR_042052.1	93.290	462	22	7	3	458	939	1397	0.0	673
3f6296df-81dd-4b2f-9571-a64f3e38b626	NR_042778.1	93.290	462	22	7	3	458	1041	1499	0.0	673
fb05383a-6810-4517-aec7-38ab13e1c279	NR_113121.1	98.500	600	6	3	1	598	611	13	0.0	1055
fb05383a-6810-4517-aec7-38ab13e1c279	NR_026417.1	98.132	589	5	6	1	584	588	1	0.0	1024
fb05383a-6810-4517-aec7-38ab13e1c279	NR_112878.1	94.000	600	33	3	1	598	611	13	0.0	905
fb05383a-6810-4517-aec7-38ab13e1c279	NR_113116.1	92.424	594	42	3	1	592	598	6	0.0	845
fb05383a-6810-4517-aec7-38ab13e1c279	NR_114640.1	91.892	592	45	3	1	590	591	1	0.0	832
0d7dbd03-475e-4892-acb5-613aedba8b19	NR_042928.1	88.246	1106	63	46	1	1064	293	1373	0.0	1260
0d7dbd03-475e-4892-acb5-613aedba8b19	NR_116206.1	88.246	1106	63	46	1	1064	218	1298	0.0	1260
0d7dbd03-475e-4892-acb5-613aedba8b19	NR_028664.1	87.975	1106	66	46	1	1064	316	1396	0.0	1243
0d7dbd03-475e-4892-acb5-613aedba8b19	NR_042927.1	87.975	1106	66	46	1	1064	295	1375	0.0	1243
0d7dbd03-475e-4892-acb5-613aedba8b19	NR_114413.1	87.975	1106	66	46	1	1064	318	1398	0.0	1243
dfe85e9c-57cb-45b4-a7c2-94939b56a5a9	NR_028682.1	97.710	131	3	0	5	135	143	13	2.98e-59	226
dfe85e9c-57cb-45b4-a7c2-94939b56a5a9	NR_025862.1	96.947	131	4	0	5	135	143	13	1.07e-58	224
dfe85e9c-57cb-45b4-a7c2-94939b56a5a9	NR_025863.1	88.971	136	9	6	5	135	147	13	2.37e-40	163
dfe85e9c-57cb-45b4-a7c2-94939b56a5a9	NR_145620.1	90.244	123	6	6	15	135	131	13	3.97e-38	156
dfe85e9c-57cb-45b4-a7c2-94939b56a5a9	NR_179438.1	90.756	119	5	6	19	135	127	13	1.43e-37	154
0661293e-0efa-455b-ac2e-f28776833bb8	NR_024842.1	96.652	1344	29	13	12	1341	1349	8	0.0	2222
0661293e-0efa-455b-ac2e-f28776833bb8	NR_115241.1	96.781	1336	27	13	12	1333	1334	1	0.0	2218
0661293e-0efa-455b-ac2e-f28776833bb8	NR_115735.1	96.684	1327	27	14	12	1323	1325	1	0.0	2191
0661293e-0efa-455b-ac2e-f28776833bb8	NR_178515.1	96.260	1337	32	15	12	1333	1334	1	0.0	2176
0661293e-0efa-455b-ac2e-f28776833bb8	NR_165737.1	96.036	1337	35	15	12	1333	1334	1	0.0	2159
d4b8a1f8-b881-4dcf-b121-9bb48b6aa07d	NR_026419.1	97.201	1072	17	11	6	1070	1143	78	0.0	1801
d4b8a1f8-b881-4dcf-b121-9bb48b6aa07d	NR_133753.1	95.978	1069	29	12	9	1070	1106	45	0.0	1724
d4b8a1f8-b881-4dcf-b121-9bb48b6aa07d	NR_025903.1	95.978	1069	29	12	9	1070	1152	91	0.0	1724
d4b8a1f8-b881-4dcf-b121-9bb48b6aa07d	NR_133752.1	95.697	1069	32	12	9	1070	1077	16	0.0	1707
d4b8a1f8-b881-4dcf-b121-9bb48b6aa07d	NR_025904.1	95.145	1071	34	15	9	1070	1151	90	0.0	1674
8dc3e2ae-dd71-4298-8111-b1aeef1d6652	NR_026419.1	98.833	1200	5	7	1	1194	1201	5	0.0	2130
8dc3e2ae-dd71-4298-8111-b1aeef1d6652	NR_025903.1	97.362	1213	21	9	1	1207	1213	6	0.0	2052
8dc3e2ae-dd71-4298-8111-b1aeef1d6652	NR_025904.1	96.790	1215	24	12	1	1207	1212	5	0.0	2013
8dc3e2ae-dd71-4298-8111-b1aeef1d6652	NR_133753.1	97.609	1171	18	8	1	1165	1167	1	0.0	1999
8dc3e2ae-dd71-4298-8111-b1aeef1d6652	NR_133752.1	97.461	1142	20	7	1	1137	1138	1	0.0	1940
2beab1bd-3b49-451d-a98f-85f6c56f0416	NR_044873.1	93.373	498	10	16	1	484	976	1464	0.0	715
2beab1bd-3b49-451d-a98f-85f6c56f0416	NR_074568.1	92.944	496	12	17	2	484	987	1472	0.0	701
2beab1bd-3b49-451d-a98f-85f6c56f0416	NR_025361.1	92.105	494	17	18	3	484	984	1467	0.0	676
2beab1bd-3b49-451d-a98f-85f6c56f0416	NR_044895.1	92.121	495	16	17	3	484	972	1456	0.0	676
2beab1bd-3b49-451d-a98f-85f6c56f0416	NR_044712.2	94.235	451	10	13	2	445	996	1437	0.0	675
9a117267-f4d3-4855-b546-220d8fcd3490	NR_115560.1	94.589	499	14	11	8	501	730	240	0.0	760
9a117267-f4d3-4855-b546-220d8fcd3490	NR_028664.1	94.188	499	16	11	8	501	733	243	0.0	749
9a117267-f4d3-4855-b546-220d8fcd3490	NR_115240.1	94.188	499	16	11	8	501	710	220	0.0	749
9a117267-f4d3-4855-b546-220d8fcd3490	NR_115732.1	94.188	499	16	11	8	501	712	222	0.0	749
9a117267-f4d3-4855-b546-220d8fcd3490	NR_116207.1	94.188	499	16	11	8	501	575	85	0.0	749
45fcbf66-31de-44cb-a042-91545191ac6c	NR_102895.1	97.378	534	7	7	1	529	552	21	0.0	902
45fcbf66-31de-44cb-a042-91545191ac6c	NR_113113.1	97.191	534	8	7	1	529	532	1	0.0	896
45fcbf66-31de-44cb-a042-91545191ac6c	NR_042843.1	97.148	526	8	7	1	521	524	1	0.0	883
45fcbf66-31de-44cb-a042-91545191ac6c	NR_114305.1	95.693	534	16	7	1	529	544	13	0.0	852
45fcbf66-31de-44cb-a042-91545191ac6c	NR_116726.1	95.627	526	16	7	1	521	524	1	0.0	837
1802f9c6-2ba3-49d0-91ee-4abaacc1b967	NR_114040.1	96.429	308	4	7	6	308	1145	1450	1.19e-141	501
1802f9c6-2ba3-49d0-91ee-4abaacc1b967	NR_025902.1	96.117	309	4	8	6	308	1122	1428	1.54e-140	497
1802f9c6-2ba3-49d0-91ee-4abaacc1b967	NR_040933.1	96.117	309	4	8	6	308	1166	1472	1.54e-140	497
1802f9c6-2ba3-49d0-91ee-4abaacc1b967	NR_104947.1	96.117	309	4	8	6	308	1117	1423	1.54e-140	497
1802f9c6-2ba3-49d0-91ee-4abaacc1b967	NR_117717.1	96.117	309	4	8	6	308	1164	1470	1.54e-140	497
b85d4ab7-78e5-4a3b-be1f-d6326209b4b9	NR_026419.1	95.022	1125	32	22	1	1105	61	1181	0.0	1746
b85d4ab7-78e5-4a3b-be1f-d6326209b4b9	NR_133753.1	93.689	1125	46	24	1	1105	28	1147	0.0	1661
b85d4ab7-78e5-4a3b-be1f-d6326209b4b9	NR_025903.1	93.666	1121	46	24	5	1105	78	1193	0.0	1653
b85d4ab7-78e5-4a3b-be1f-d6326209b4b9	NR_133752.1	93.500	1123	48	24	3	1105	1	1118	0.0	1646
b85d4ab7-78e5-4a3b-be1f-d6326209b4b9	NR_025904.1	93.256	1127	47	27	1	1105	73	1192	0.0	1633
84f257bc-f8a6-4583-b03b-9d52360d6fe6	NR_041983.1	90.226	532	21	21	1	505	674	147	0.0	665
84f257bc-f8a6-4583-b03b-9d52360d6fe6	NR_114395.1	90.226	532	21	21	1	505	706	179	0.0	665
84f257bc-f8a6-4583-b03b-9d52360d6fe6	NR_119102.1	89.306	533	25	22	1	505	676	148	0.0	645
84f257bc-f8a6-4583-b03b-9d52360d6fe6	NR_179528.1	89.074	540	25	23	1	510	691	156	0.0	640
84f257bc-f8a6-4583-b03b-9d52360d6fe6	NR_029286.1	89.033	538	27	22	1	510	701	168	0.0	638
370f47ea-c86f-409c-bb33-cfe6aedad157	NR_163639.1	92.571	525	25	13	1	515	976	1496	0.0	741
370f47ea-c86f-409c-bb33-cfe6aedad157	NR_115355.1	92.381	525	26	13	1	515	961	1481	0.0	736
370f47ea-c86f-409c-bb33-cfe6aedad157	NR_179325.1	92.381	525	26	13	1	515	935	1455	0.0	736
370f47ea-c86f-409c-bb33-cfe6aedad157	NR_115354.1	92.000	525	28	13	1	515	961	1481	0.0	726
370f47ea-c86f-409c-bb33-cfe6aedad157	NR_119169.1	91.810	525	29	13	1	515	966	1486	0.0	723
751d4ca0-4437-4c32-b546-dc60a8bd9489	NR_163639.1	96.721	366	5	5	1	364	1137	1497	3.59e-172	603
751d4ca0-4437-4c32-b546-dc60a8bd9489	NR_179325.1	96.721	366	5	5	1	364	1096	1456	3.59e-172	603
751d4ca0-4437-4c32-b546-dc60a8bd9489	NR_115355.1	96.703	364	5	5	3	364	1124	1482	4.64e-171	599
751d4ca0-4437-4c32-b546-dc60a8bd9489	NR_119169.1	96.429	364	6	5	3	364	1129	1487	2.16e-169	593
751d4ca0-4437-4c32-b546-dc60a8bd9489	NR_115354.1	96.175	366	7	5	1	364	1122	1482	7.77e-169	592
4097f4aa-0690-4c90-bd90-db04e871b382	NR_025289.1	94.979	478	10	14	1	467	1338	864	0.0	737
4097f4aa-0690-4c90-bd90-db04e871b382	NR_118780.1	94.990	479	9	15	1	467	1345	870	0.0	737
4097f4aa-0690-4c90-bd90-db04e871b382	NR_144737.1	91.004	478	29	14	1	467	1364	890	0.0	632
4097f4aa-0690-4c90-bd90-db04e871b382	NR_133037.1	90.417	480	28	18	1	467	1363	889	6.01e-176	616
4097f4aa-0690-4c90-bd90-db04e871b382	NR_144749.1	89.583	480	32	18	1	467	1363	889	2.81e-169	593
ed8f53c0-60d9-45d0-97b4-ec757af80225	NR_028664.1	98.435	703	8	3	1	702	796	1496	0.0	1234
ed8f53c0-60d9-45d0-97b4-ec757af80225	NR_179383.1	98.293	703	9	3	1	702	800	1500	0.0	1229
ed8f53c0-60d9-45d0-97b4-ec757af80225	NR_042927.1	98.426	699	8	3	1	698	775	1471	0.0	1227
ed8f53c0-60d9-45d0-97b4-ec757af80225	NR_115240.1	98.426	699	8	3	1	698	773	1469	0.0	1227
ed8f53c0-60d9-45d0-97b4-ec757af80225	NR_115734.1	98.426	699	8	3	1	698	776	1472	0.0	1227
5efb111f-c2a6-47be-9e18-c68a04d8faf6	NR_028664.1	98.206	1282	15	8	1	1278	223	1500	0.0	2233
5efb111f-c2a6-47be-9e18-c68a04d8faf6	NR_117719.1	98.206	1282	15	8	1	1278	220	1497	0.0	2233
5efb111f-c2a6-47be-9e18-c68a04d8faf6	NR_179383.1	98.128	1282	16	8	1	1278	227	1504	0.0	2228
5efb111f-c2a6-47be-9e18-c68a04d8faf6	NR_042927.1	98.273	1274	14	8	1	1270	202	1471	0.0	2224
5efb111f-c2a6-47be-9e18-c68a04d8faf6	NR_115734.1	98.273	1274	14	8	1	1270	203	1472	0.0	2224
ef781557-cef0-4a9d-913f-a764c1233e93	NR_028664.1	94.519	748	21	18	5	736	756	1499	0.0	1136
ef781557-cef0-4a9d-913f-a764c1233e93	NR_179383.1	94.519	748	21	18	5	736	760	1503	0.0	1136
ef781557-cef0-4a9d-913f-a764c1233e93	NR_117719.1	94.385	748	22	18	5	736	753	1496	0.0	1131
ef781557-cef0-4a9d-913f-a764c1233e93	NR_175455.1	94.393	749	21	18	5	736	741	1485	0.0	1131
ef781557-cef0-4a9d-913f-a764c1233e93	NR_042927.1	94.580	738	21	17	5	727	735	1468	0.0	1123
fda88e3e-dfef-401d-acaa-dcaa7841dde5	NR_042375.1	89.460	797	72	12	1	791	694	1484	0.0	998
fda88e3e-dfef-401d-acaa-dcaa7841dde5	NR_025445.1	89.335	797	73	12	1	791	698	1488	0.0	990
fda88e3e-dfef-401d-acaa-dcaa7841dde5	NR_043240.1	89.196	796	75	10	1	791	600	1389	0.0	983
fda88e3e-dfef-401d-acaa-dcaa7841dde5	NR_074098.1	89.196	796	75	10	1	791	712	1501	0.0	983
fda88e3e-dfef-401d-acaa-dcaa7841dde5	NR_113314.1	89.196	796	75	10	1	791	692	1481	0.0	983
3c305d5d-7a5d-4ccd-8a49-1be6fd53efff	NR_199547.1	97.240	942	12	7	1	938	415	1346	0.0	1583
3c305d5d-7a5d-4ccd-8a49-1be6fd53efff	NR_179540.1	97.134	942	13	7	1	938	455	1386	0.0	1578
3c305d5d-7a5d-4ccd-8a49-1be6fd53efff	NR_028664.1	97.028	942	14	7	1	938	458	1389	0.0	1572
3c305d5d-7a5d-4ccd-8a49-1be6fd53efff	NR_042927.1	97.028	942	14	7	1	938	437	1368	0.0	1572
3c305d5d-7a5d-4ccd-8a49-1be6fd53efff	NR_042928.1	97.028	942	14	7	1	938	435	1366	0.0	1572
e9f4f057-48b7-40b7-9994-3fad8de16d32	NR_042776.1	98.000	700	6	5	1	693	716	18	0.0	1208
e9f4f057-48b7-40b7-9994-3fad8de16d32	NR_042778.1	97.714	700	8	5	1	693	716	18	0.0	1197
e9f4f057-48b7-40b7-9994-3fad8de16d32	NR_042777.1	97.571	700	8	6	1	693	715	18	0.0	1190
e9f4f057-48b7-40b7-9994-3fad8de16d32	NR_197695.1	97.286	700	11	5	1	693	715	17	0.0	1181
e9f4f057-48b7-40b7-9994-3fad8de16d32	NR_118998.1	97.000	700	13	5	1	693	711	13	0.0	1171
f4fa7f39-d9c7-4ea4-b836-36c63c2d7b2d	NR_044873.1	97.938	485	6	4	1	482	184	667	0.0	837
f4fa7f39-d9c7-4ea4-b836-36c63c2d7b2d	NR_109752.1	94.650	486	20	6	1	482	205	688	0.0	749
f4fa7f39-d9c7-4ea4-b836-36c63c2d7b2d	NR_178360.1	94.650	486	20	6	1	482	161	644	0.0	749
f4fa7f39-d9c7-4ea4-b836-36c63c2d7b2d	NR_025310.1	94.639	485	21	5	1	482	175	657	0.0	747
f4fa7f39-d9c7-4ea4-b836-36c63c2d7b2d	NR_043968.1	94.639	485	21	5	1	482	153	635	0.0	747
67e9a202-5575-4444-b7c2-d44d43d771a7	NR_042927.1	92.885	1279	54	29	1	1260	197	1457	0.0	1823
67e9a202-5575-4444-b7c2-d44d43d771a7	NR_115734.1	92.885	1279	54	29	1	1260	198	1458	0.0	1823
67e9a202-5575-4444-b7c2-d44d43d771a7	NR_028664.1	92.651	1279	57	29	1	1260	218	1478	0.0	1807
67e9a202-5575-4444-b7c2-d44d43d771a7	NR_115240.1	92.651	1279	57	29	1	1260	195	1455	0.0	1807
67e9a202-5575-4444-b7c2-d44d43d771a7	NR_179383.1	92.651	1279	57	29	1	1260	222	1482	0.0	1807
d7464ce3-ab7d-4e62-8345-2f54afd5786e	NR_042928.1	94.118	493	16	12	1	485	489	2	0.0	737
d7464ce3-ab7d-4e62-8345-2f54afd5786e	NR_165747.1	94.118	493	16	12	1	485	489	2	0.0	737
d7464ce3-ab7d-4e62-8345-2f54afd5786e	NR_199545.1	93.426	502	20	12	1	494	509	13	0.0	732
d7464ce3-ab7d-4e62-8345-2f54afd5786e	NR_112026.1	95.624	457	11	9	1	451	472	19	0.0	725
d7464ce3-ab7d-4e62-8345-2f54afd5786e	NR_028664.1	93.028	502	22	12	1	494	512	16	0.0	721
db5ff5aa-5081-4af1-98a1-73625ceece69	NR_113570.1	96.568	641	10	10	2	633	853	1490	0.0	1051
db5ff5aa-5081-4af1-98a1-73625ceece69	NR_043332.1	96.401	639	14	7	2	633	846	1482	0.0	1046
db5ff5aa-5081-4af1-98a1-73625ceece69	NR_074980.1	96.401	639	14	7	2	633	873	1509	0.0	1044
db5ff5aa-5081-4af1-98a1-73625ceece69	NR_113031.1	96.401	639	14	7	2	633	873	1509	0.0	1044
db5ff5aa-5081-4af1-98a1-73625ceece69	NR_115355.1	96.406	640	12	9	2	633	846	1482	0.0	1044
6b5538bb-2eb8-4dda-93d9-a5d37924421c	NR_074980.1	91.945	658	27	19	1	641	661	13	0.0	898
6b5538bb-2eb8-4dda-93d9-a5d37924421c	NR_113031.1	91.945	658	27	19	1	641	661	13	0.0	898
6b5538bb-2eb8-4dda-93d9-a5d37924421c	NR_119168.1	91.975	648	26	19	1	631	639	1	0.0	885
6b5538bb-2eb8-4dda-93d9-a5d37924421c	NR_117759.1	91.641	646	28	19	1	629	637	1	0.0	872
6b5538bb-2eb8-4dda-93d9-a5d37924421c	NR_113570.1	91.385	650	29	20	1	632	641	1	0.0	865
05787db3-3d1f-40cc-889e-ab49afb978ad	NR_119169.1	93.922	1020	27	27	20	1027	997	1	0.0	1511
05787db3-3d1f-40cc-889e-ab49afb978ad	NR_163639.1	93.774	1028	29	28	20	1037	1007	5	0.0	1511
05787db3-3d1f-40cc-889e-ab49afb978ad	NR_074980.1	93.372	1041	33	28	11	1038	1029	12	0.0	1507
05787db3-3d1f-40cc-889e-ab49afb978ad	NR_113031.1	93.372	1041	33	28	11	1038	1029	12	0.0	1507
05787db3-3d1f-40cc-889e-ab49afb978ad	NR_115355.1	93.892	1015	27	27	20	1022	992	1	0.0	1502
09708335-711d-489e-b977-67d33ee16703	NR_025862.1	97.245	363	7	3	1	362	372	12	4.54e-176	616
09708335-711d-489e-b977-67d33ee16703	NR_028682.1	96.676	361	12	0	1	361	373	13	1.27e-171	601
09708335-711d-489e-b977-67d33ee16703	NR_025863.1	88.315	368	35	8	1	362	377	12	1.06e-122	438
09708335-711d-489e-b977-67d33ee16703	NR_026454.1	89.625	347	32	4	1	343	347	1	1.06e-122	438
09708335-711d-489e-b977-67d33ee16703	NR_043221.1	86.188	362	46	4	1	359	378	18	3.00e-108	390
25644e82-7861-416c-8efe-7ed4525545ca	NR_024842.1	95.652	368	14	2	1	368	1129	1494	2.80e-168	590
25644e82-7861-416c-8efe-7ed4525545ca	NR_179720.1	95.664	369	13	3	1	368	1134	1500	2.80e-168	590
25644e82-7861-416c-8efe-7ed4525545ca	NR_115735.1	95.856	362	13	2	1	362	1105	1464	1.30e-166	584
25644e82-7861-416c-8efe-7ed4525545ca	NR_152678.1	95.393	369	14	3	1	368	1134	1500	1.30e-166	584
25644e82-7861-416c-8efe-7ed4525545ca	NR_178262.1	95.393	369	14	3	1	368	1008	1374	1.30e-166	584
00e074f4-f90b-4214-9eb9-d3b77b6f0e06	NR_199545.1	92.348	758	27	26	1	738	772	26	0.0	1050
00e074f4-f90b-4214-9eb9-d3b77b6f0e06	NR_179385.1	92.084	758	29	26	1	738	776	30	0.0	1038
00e074f4-f90b-4214-9eb9-d3b77b6f0e06	NR_179383.1	91.953	758	30	26	1	738	779	33	0.0	1033
00e074f4-f90b-4214-9eb9-d3b77b6f0e06	NR_028664.1	91.831	759	29	27	1	738	775	29	0.0	1027
00e074f4-f90b-4214-9eb9-d3b77b6f0e06	NR_115240.1	91.831	759	29	27	1	738	752	6	0.0	1027
a2420dee-5a0a-44f7-b50b-94db7ccef880	NR_040933.1	91.031	446	32	8	2	444	1483	1043	7.35e-170	595
a2420dee-5a0a-44f7-b50b-94db7ccef880	NR_117717.1	91.031	446	32	8	2	444	1481	1041	7.35e-170	595
a2420dee-5a0a-44f7-b50b-94db7ccef880	NR_121688.1	91.031	446	32	8	2	444	1481	1041	7.35e-170	595
a2420dee-5a0a-44f7-b50b-94db7ccef880	NR_117694.1	91.031	446	32	8	2	444	1461	1021	7.35e-170	595
a2420dee-5a0a-44f7-b50b-94db7ccef880	NR_117696.1	91.031	446	32	8	2	444	1448	1008	7.35e-170	595
3f58427a-297a-4e01-8878-356668b85d35	NR_042928.1	94.579	1033	30	20	1	1021	1019	1	0.0	1574
3f58427a-297a-4e01-8878-356668b85d35	NR_165747.1	94.493	1035	29	22	1	1021	1021	1	0.0	1570
3f58427a-297a-4e01-8878-356668b85d35	NR_199545.1	94.305	1036	33	20	1	1024	1039	18	0.0	1563
3f58427a-297a-4e01-8878-356668b85d35	NR_028664.1	94.208	1036	34	20	1	1024	1042	21	0.0	1557
3f58427a-297a-4e01-8878-356668b85d35	NR_117719.1	94.208	1036	34	20	1	1024	1039	18	0.0	1557
873c976f-4cc7-461c-a6c5-42d41446ae29	NR_074980.1	96.413	1143	24	15	8	1141	1147	13	0.0	1868
873c976f-4cc7-461c-a6c5-42d41446ae29	NR_113031.1	96.413	1143	24	15	8	1141	1147	13	0.0	1868
873c976f-4cc7-461c-a6c5-42d41446ae29	NR_119168.1	96.381	1133	24	15	8	1131	1125	1	0.0	1855
873c976f-4cc7-461c-a6c5-42d41446ae29	NR_113570.1	96.300	1135	24	15	8	1132	1127	1	0.0	1847
873c976f-4cc7-461c-a6c5-42d41446ae29	NR_117759.1	96.286	1131	25	15	8	1129	1123	1	0.0	1844
d6f197d0-8f7e-431e-8bc5-ed6454837d5b	NR_042928.1	92.577	485	15	17	15	483	162	641	0.0	676
d6f197d0-8f7e-431e-8bc5-ed6454837d5b	NR_112026.1	92.577	485	15	17	15	483	145	624	0.0	676
d6f197d0-8f7e-431e-8bc5-ed6454837d5b	NR_116206.1	92.371	485	16	17	15	483	87	566	0.0	673
d6f197d0-8f7e-431e-8bc5-ed6454837d5b	NR_199547.1	92.371	485	16	17	15	483	142	621	0.0	671
d6f197d0-8f7e-431e-8bc5-ed6454837d5b	NR_199541.1	92.340	483	16	17	17	483	142	619	0.0	667
fa55473a-04b9-4f27-8f78-eaa14ee4eb31	NR_043589.1	97.652	1235	18	9	6	1239	241	1465	0.0	2111
fa55473a-04b9-4f27-8f78-eaa14ee4eb31	NR_180817.1	96.940	1242	27	9	6	1246	238	1469	0.0	2073
fa55473a-04b9-4f27-8f78-eaa14ee4eb31	NR_042847.1	96.699	1242	30	9	6	1246	216	1447	0.0	2056
fa55473a-04b9-4f27-8f78-eaa14ee4eb31	NR_118652.1	96.188	1233	34	11	6	1237	242	1462	0.0	2015
fa55473a-04b9-4f27-8f78-eaa14ee4eb31	NR_117641.1	96.432	1205	30	11	6	1208	243	1436	0.0	1975
51477d65-8c7b-4d16-9d1b-49643d6e79dc	NR_042776.1	92.164	268	13	8	8	271	1091	1354	7.95e-103	372
51477d65-8c7b-4d16-9d1b-49643d6e79dc	NR_042777.1	92.164	268	13	8	8	271	1090	1353	7.95e-103	372
51477d65-8c7b-4d16-9d1b-49643d6e79dc	NR_042778.1	91.791	268	14	8	8	271	1091	1354	3.70e-101	366
51477d65-8c7b-4d16-9d1b-49643d6e79dc	NR_118998.1	91.791	268	14	8	8	271	1085	1348	3.70e-101	366
51477d65-8c7b-4d16-9d1b-49643d6e79dc	NR_197695.1	91.791	268	14	8	8	271	1090	1353	3.70e-101	366
c3f40ae2-65b0-4f68-882d-61e27e0a806c	NR_115355.1	96.627	1423	21	15	1	1404	68	1482	0.0	2338
c3f40ae2-65b0-4f68-882d-61e27e0a806c	NR_179325.1	96.559	1424	21	16	1	1404	41	1456	0.0	2333
c3f40ae2-65b0-4f68-882d-61e27e0a806c	NR_119169.1	96.346	1423	25	15	1	1404	73	1487	0.0	2322
c3f40ae2-65b0-4f68-882d-61e27e0a806c	NR_163639.1	96.278	1424	20	21	1	1404	87	1497	0.0	2305
c3f40ae2-65b0-4f68-882d-61e27e0a806c	NR_113570.1	96.140	1425	26	17	1	1404	74	1490	0.0	2300
67ef069f-97db-4fd2-a7d8-49fe787bd3b2	NR_026419.1	96.353	329	5	6	3	326	1161	1487	1.17e-151	534
67ef069f-97db-4fd2-a7d8-49fe787bd3b2	NR_025903.1	94.833	329	9	6	3	326	1173	1498	2.54e-143	507
67ef069f-97db-4fd2-a7d8-49fe787bd3b2	NR_025904.1	94.529	329	10	6	3	326	1172	1497	1.18e-141	501
67ef069f-97db-4fd2-a7d8-49fe787bd3b2	NR_133752.1	97.491	279	6	1	3	280	1098	1376	7.17e-134	475
67ef069f-97db-4fd2-a7d8-49fe787bd3b2	NR_133753.1	97.491	279	6	1	3	280	1127	1405	7.17e-134	475
4a37c136-d76c-407a-b25b-689038b4ed71	NR_115355.1	95.833	696	14	12	4	688	791	1482	0.0	1110
4a37c136-d76c-407a-b25b-689038b4ed71	NR_179325.1	95.833	696	14	12	4	688	765	1456	0.0	1110
4a37c136-d76c-407a-b25b-689038b4ed71	NR_163639.1	95.690	696	13	14	4	688	808	1497	0.0	1103
4a37c136-d76c-407a-b25b-689038b4ed71	NR_119169.1	95.402	696	17	12	4	688	796	1487	0.0	1098
4a37c136-d76c-407a-b25b-689038b4ed71	NR_115354.1	95.402	696	17	12	4	688	791	1482	0.0	1094
3268ad6a-cd17-42e2-b55a-8486061f7cc3	NR_116168.1	91.701	482	22	16	20	489	489	14	0.0	652
3268ad6a-cd17-42e2-b55a-8486061f7cc3	NR_042878.1	91.139	474	25	15	20	482	468	1	0.0	636
3268ad6a-cd17-42e2-b55a-8486061f7cc3	NR_118762.1	88.843	484	36	16	20	491	492	15	1.75e-171	601
3268ad6a-cd17-42e2-b55a-8486061f7cc3	NR_025423.1	89.144	479	33	17	20	485	473	1	8.21e-165	579
3268ad6a-cd17-42e2-b55a-8486061f7cc3	NR_118143.1	87.815	476	39	17	20	482	470	1	1.08e-153	542
1cdf2d3d-1a2e-4b14-904f-de6422c4c177	NR_042776.1	96.972	1420	22	21	1	1409	90	1499	0.0	2364
1cdf2d3d-1a2e-4b14-904f-de6422c4c177	NR_042777.1	96.758	1419	26	20	1	1409	90	1498	0.0	2348
1cdf2d3d-1a2e-4b14-904f-de6422c4c177	NR_042778.1	96.761	1420	25	21	1	1409	90	1499	0.0	2348
1cdf2d3d-1a2e-4b14-904f-de6422c4c177	NR_197695.1	96.338	1420	31	21	1	1409	89	1498	0.0	2314
1cdf2d3d-1a2e-4b14-904f-de6422c4c177	NR_118998.1	96.197	1420	32	22	1	1409	85	1493	0.0	2305
0c986758-68c5-4b7c-bf7e-d58278ab9b57	NR_024842.1	95.495	777	25	8	8	780	718	1488	0.0	1232
0c986758-68c5-4b7c-bf7e-d58278ab9b57	NR_115735.1	95.495	777	25	8	8	780	694	1464	0.0	1232
0c986758-68c5-4b7c-bf7e-d58278ab9b57	NR_165737.1	95.607	774	25	7	8	777	703	1471	0.0	1232
0c986758-68c5-4b7c-bf7e-d58278ab9b57	NR_036936.1	95.349	774	27	7	8	777	703	1471	0.0	1221
0c986758-68c5-4b7c-bf7e-d58278ab9b57	NR_028664.1	95.238	777	28	7	8	780	724	1495	0.0	1221
800b6159-683d-4539-8e82-070aa4265286	NR_113570.1	96.327	490	7	5	20	499	653	1141	0.0	795
800b6159-683d-4539-8e82-070aa4265286	NR_115354.1	96.122	490	8	5	20	499	646	1134	0.0	791
800b6159-683d-4539-8e82-070aa4265286	NR_041880.1	96.122	490	8	5	20	499	602	1090	0.0	789
800b6159-683d-4539-8e82-070aa4265286	NR_025762.1	96.122	490	8	5	20	499	624	1112	0.0	789
800b6159-683d-4539-8e82-070aa4265286	NR_115355.1	96.122	490	8	5	20	499	646	1134	0.0	789
aadf73a3-33af-49e4-87ff-55f6d2036a2e	NR_042776.1	97.363	455	5	6	7	457	1051	1502	0.0	767
aadf73a3-33af-49e4-87ff-55f6d2036a2e	NR_042777.1	97.363	455	5	6	7	457	1050	1501	0.0	767
aadf73a3-33af-49e4-87ff-55f6d2036a2e	NR_042778.1	96.923	455	7	6	7	457	1051	1502	0.0	756
aadf73a3-33af-49e4-87ff-55f6d2036a2e	NR_118998.1	96.923	455	7	6	7	457	1045	1496	0.0	756
aadf73a3-33af-49e4-87ff-55f6d2036a2e	NR_197695.1	96.923	455	7	6	7	457	1050	1501	0.0	756
9c90423a-bda1-4912-8ecf-4d5de9a01dd5	NR_025862.1	94.490	363	11	8	64	421	372	14	1.19e-157	555
9c90423a-bda1-4912-8ecf-4d5de9a01dd5	NR_028682.1	92.120	368	17	12	64	424	373	11	9.39e-144	508
9c90423a-bda1-4912-8ecf-4d5de9a01dd5	NR_026454.1	86.571	350	34	13	64	403	347	1	3.57e-103	374
9c90423a-bda1-4912-8ecf-4d5de9a01dd5	NR_028617.1	83.149	362	41	14	66	410	363	5	7.90e-85	313
9c90423a-bda1-4912-8ecf-4d5de9a01dd5	NR_148291.1	81.941	371	47	19	66	424	373	11	7.95e-80	296
c4ff16f6-e389-4a51-a541-30ce2581ea1c	NR_116168.1	93.950	562	19	12	1	552	645	89	0.0	835
c4ff16f6-e389-4a51-a541-30ce2581ea1c	NR_042878.1	93.594	562	21	12	1	552	624	68	0.0	830
c4ff16f6-e389-4a51-a541-30ce2581ea1c	NR_118762.1	91.993	562	30	12	1	552	648	92	0.0	793
c4ff16f6-e389-4a51-a541-30ce2581ea1c	NR_118143.1	91.800	561	31	12	1	551	626	71	0.0	769
c4ff16f6-e389-4a51-a541-30ce2581ea1c	NR_025423.1	91.697	554	31	12	8	551	622	74	0.0	754
e5625421-7b85-4aec-917c-7a22d8012c3d	NR_041880.1	97.163	282	3	4	3	279	523	242	8.08e-133	472
e5625421-7b85-4aec-917c-7a22d8012c3d	NR_115354.1	97.163	282	3	4	3	279	567	286	8.08e-133	472
e5625421-7b85-4aec-917c-7a22d8012c3d	NR_119170.1	97.163	282	3	4	3	279	572	291	8.08e-133	472
e5625421-7b85-4aec-917c-7a22d8012c3d	NR_025046.1	95.760	283	5	6	3	279	563	282	3.78e-126	449
e5625421-7b85-4aec-917c-7a22d8012c3d	NR_113376.1	95.760	283	5	6	3	279	594	313	3.78e-126	449
22dea81f-2bd8-433c-9c60-11dc1a890b5f	NR_028664.1	94.478	1340	51	22	1	1328	1344	16	0.0	2043
22dea81f-2bd8-433c-9c60-11dc1a890b5f	NR_165744.1	94.328	1340	53	22	1	1328	1330	2	0.0	2032
22dea81f-2bd8-433c-9c60-11dc1a890b5f	NR_179383.1	94.328	1340	53	22	1	1328	1348	20	0.0	2032
22dea81f-2bd8-433c-9c60-11dc1a890b5f	NR_115240.1	94.444	1332	51	22	1	1320	1321	1	0.0	2028
22dea81f-2bd8-433c-9c60-11dc1a890b5f	NR_179385.1	94.254	1340	54	22	1	1328	1345	17	0.0	2026
c04fa42d-e9e4-48ef-8a6d-605a0fdcaeb9	NR_116168.1	93.235	340	11	9	1	329	436	98	2.65e-138	490
c04fa42d-e9e4-48ef-8a6d-605a0fdcaeb9	NR_042878.1	92.647	340	13	9	1	329	415	77	1.23e-136	484
c04fa42d-e9e4-48ef-8a6d-605a0fdcaeb9	NR_118762.1	90.588	340	20	9	1	329	439	101	3.47e-127	453
c04fa42d-e9e4-48ef-8a6d-605a0fdcaeb9	NR_025423.1	91.176	340	18	9	1	329	420	82	1.25e-126	451
c04fa42d-e9e4-48ef-8a6d-605a0fdcaeb9	NR_042883.1	91.202	341	16	11	1	329	417	79	1.25e-126	451
493123b8-6108-40bd-9037-d3079965655f	NR_163639.1	95.194	645	19	12	3	638	861	1502	0.0	1009
493123b8-6108-40bd-9037-d3079965655f	NR_115355.1	95.046	646	19	12	3	638	845	1487	0.0	1003
493123b8-6108-40bd-9037-d3079965655f	NR_179325.1	95.046	646	19	12	3	638	819	1461	0.0	1003
493123b8-6108-40bd-9037-d3079965655f	NR_113570.1	94.900	647	19	13	3	638	852	1495	0.0	1000
493123b8-6108-40bd-9037-d3079965655f	NR_115354.1	94.892	646	20	12	3	638	845	1487	0.0	1000
0264f593-8ad9-4a26-a97a-3b2c05703e31	NR_179540.1	97.849	651	7	6	3	652	848	1492	0.0	1118
0264f593-8ad9-4a26-a97a-3b2c05703e31	NR_117719.1	97.696	651	9	6	3	652	848	1493	0.0	1114
0264f593-8ad9-4a26-a97a-3b2c05703e31	NR_028664.1	97.542	651	10	6	3	652	851	1496	0.0	1109
0264f593-8ad9-4a26-a97a-3b2c05703e31	NR_179383.1	97.542	651	10	6	3	652	855	1500	0.0	1109
0264f593-8ad9-4a26-a97a-3b2c05703e31	NR_042927.1	97.682	647	9	6	3	648	830	1471	0.0	1107
5b97156e-ffde-4526-9c27-15f019ff2a11	NR_042878.1	95.127	472	14	6	1	467	128	595	0.0	741
5b97156e-ffde-4526-9c27-15f019ff2a11	NR_116168.1	95.339	472	13	6	1	467	149	616	0.0	741
5b97156e-ffde-4526-9c27-15f019ff2a11	NR_118762.1	93.644	472	21	6	1	467	152	619	0.0	712
5b97156e-ffde-4526-9c27-15f019ff2a11	NR_025423.1	93.432	472	22	6	1	467	133	600	0.0	691
5b97156e-ffde-4526-9c27-15f019ff2a11	NR_118143.1	93.220	472	23	7	1	467	130	597	0.0	688
884a8ab3-1d14-49f3-8d4a-01b5e594e5cd	NR_041989.1	94.299	842	27	20	10	834	838	1	0.0	1269
884a8ab3-1d14-49f3-8d4a-01b5e594e5cd	NR_117696.1	92.180	844	45	21	10	836	867	28	0.0	1173
884a8ab3-1d14-49f3-8d4a-01b5e594e5cd	NR_117701.1	92.180	844	45	21	10	836	880	41	0.0	1173
884a8ab3-1d14-49f3-8d4a-01b5e594e5cd	NR_104947.1	92.062	844	46	21	10	836	853	14	0.0	1168
884a8ab3-1d14-49f3-8d4a-01b5e594e5cd	NR_117717.1	92.062	844	45	22	10	836	900	62	0.0	1168
073693b0-c9a0-4127-8ee4-7d1296d29a6f	NR_042776.1	95.545	606	13	9	1	599	814	216	0.0	957
073693b0-c9a0-4127-8ee4-7d1296d29a6f	NR_197695.1	95.688	603	12	9	1	596	813	218	0.0	957
073693b0-c9a0-4127-8ee4-7d1296d29a6f	NR_042777.1	95.380	606	13	10	1	599	813	216	0.0	950
073693b0-c9a0-4127-8ee4-7d1296d29a6f	NR_042778.1	95.215	606	15	9	1	599	814	216	0.0	946
073693b0-c9a0-4127-8ee4-7d1296d29a6f	NR_118998.1	94.719	606	18	9	1	599	809	211	0.0	929
83be9dde-5271-4c45-8b0e-0fa489372f33	NR_042776.1	97.136	1222	16	15	2	1208	1235	18	0.0	2045
83be9dde-5271-4c45-8b0e-0fa489372f33	NR_042778.1	96.972	1222	18	15	2	1208	1235	18	0.0	2034
83be9dde-5271-4c45-8b0e-0fa489372f33	NR_042777.1	96.890	1222	18	16	2	1208	1234	18	0.0	2028
83be9dde-5271-4c45-8b0e-0fa489372f33	NR_197695.1	96.563	1222	23	15	2	1208	1234	17	0.0	2006
83be9dde-5271-4c45-8b0e-0fa489372f33	NR_118998.1	96.154	1222	27	15	2	1208	1229	13	0.0	1980
17e58f56-250b-4dd3-b9c3-fec155fb5fa3	NR_125571.1	93.048	561	17	16	1	546	554	1	0.0	802
17e58f56-250b-4dd3-b9c3-fec155fb5fa3	NR_029097.1	92.924	537	16	15	1	522	530	1	0.0	761
17e58f56-250b-4dd3-b9c3-fec155fb5fa3	NR_125570.1	93.333	510	16	13	1	497	512	8	0.0	737
17e58f56-250b-4dd3-b9c3-fec155fb5fa3	NR_165739.1	84.991	573	64	17	1	557	567	1	9.62e-160	562
17e58f56-250b-4dd3-b9c3-fec155fb5fa3	NR_159147.1	84.655	580	65	19	1	563	574	2	4.47e-158	556
59a48582-43c2-4f79-91ff-0d62a2b3ea99	NR_025863.1	95.142	1338	35	24	10	1325	1351	22	0.0	2095
59a48582-43c2-4f79-91ff-0d62a2b3ea99	NR_044710.2	86.776	1346	132	38	10	1325	1358	29	0.0	1489
59a48582-43c2-4f79-91ff-0d62a2b3ea99	NR_036893.1	85.895	1347	139	46	10	1325	1327	1	0.0	1387
59a48582-43c2-4f79-91ff-0d62a2b3ea99	NR_118919.1	85.651	1345	141	46	10	1325	1348	27	0.0	1382
59a48582-43c2-4f79-91ff-0d62a2b3ea99	NR_118920.1	85.704	1343	143	44	10	1325	1347	27	0.0	1380
b278691a-49bd-46fc-a317-d6b9fe5f26c9	NR_041989.1	89.734	828	49	34	1	802	818	1	0.0	1026
b278691a-49bd-46fc-a317-d6b9fe5f26c9	NR_117694.1	88.303	872	59	42	1	841	860	1	0.0	1005
b278691a-49bd-46fc-a317-d6b9fe5f26c9	NR_121688.1	87.229	877	71	37	1	847	880	15	0.0	961
b278691a-49bd-46fc-a317-d6b9fe5f26c9	NR_117717.1	87.115	877	71	39	1	847	880	16	0.0	955
b278691a-49bd-46fc-a317-d6b9fe5f26c9	NR_117692.1	87.271	872	68	40	1	841	860	1	0.0	955
30f3c8c3-e948-489a-a924-60f758e00512	NR_199541.1	95.729	960	18	15	1	947	998	49	0.0	1524
30f3c8c3-e948-489a-a924-60f758e00512	NR_199544.1	95.521	960	20	15	1	947	998	49	0.0	1513
30f3c8c3-e948-489a-a924-60f758e00512	NR_165747.1	95.426	962	19	17	1	947	1022	71	0.0	1509
30f3c8c3-e948-489a-a924-60f758e00512	NR_028664.1	95.417	960	21	15	1	947	1043	94	0.0	1507
30f3c8c3-e948-489a-a924-60f758e00512	NR_042928.1	95.417	960	21	15	1	947	1020	71	0.0	1507
0c77a661-bc62-4764-8cee-33d36bf43f9b	NR_113570.1	94.703	944	23	22	29	952	558	1494	0.0	1441
0c77a661-bc62-4764-8cee-33d36bf43f9b	NR_043332.1	94.486	943	26	21	29	952	551	1486	0.0	1435
0c77a661-bc62-4764-8cee-33d36bf43f9b	NR_074980.1	94.592	943	25	21	29	952	578	1513	0.0	1435
0c77a661-bc62-4764-8cee-33d36bf43f9b	NR_113031.1	94.592	943	25	21	29	952	578	1513	0.0	1435
0c77a661-bc62-4764-8cee-33d36bf43f9b	NR_115354.1	94.168	943	29	21	29	952	551	1486	0.0	1417
6a5bb212-8b0f-4c4d-b66e-0df2075932e9	NR_179325.1	94.985	658	17	12	1	654	815	1460	0.0	1018
6a5bb212-8b0f-4c4d-b66e-0df2075932e9	NR_163639.1	94.825	657	19	11	1	654	857	1501	0.0	1011
6a5bb212-8b0f-4c4d-b66e-0df2075932e9	NR_115354.1	94.681	658	19	12	1	654	841	1486	0.0	1009
6a5bb212-8b0f-4c4d-b66e-0df2075932e9	NR_115355.1	94.681	658	19	12	1	654	841	1486	0.0	1007
6a5bb212-8b0f-4c4d-b66e-0df2075932e9	NR_074980.1	94.377	658	21	12	1	654	868	1513	0.0	996
1aa31634-a480-427c-aed5-ae096155035c	NR_024842.1	94.737	114	5	1	5	118	1378	1266	2.84e-44	176
1aa31634-a480-427c-aed5-ae096155035c	NR_036936.1	94.737	114	5	1	5	118	1363	1251	2.84e-44	176
1aa31634-a480-427c-aed5-ae096155035c	NR_025453.1	94.737	114	5	1	5	118	1363	1251	2.84e-44	176
1aa31634-a480-427c-aed5-ae096155035c	NR_028664.1	94.737	114	5	1	5	118	1384	1272	2.84e-44	176
1aa31634-a480-427c-aed5-ae096155035c	NR_028665.1	94.737	114	5	1	5	118	1378	1266	2.84e-44	176
6ec4cf85-6e75-4e63-aadb-7f2fd442253a	NR_042928.1	89.160	821	43	33	5	801	802	4	0.0	981
6ec4cf85-6e75-4e63-aadb-7f2fd442253a	NR_112026.1	88.958	806	43	33	5	786	784	1	0.0	955
6ec4cf85-6e75-4e63-aadb-7f2fd442253a	NR_036936.1	88.350	824	50	32	5	803	804	2	0.0	950
6ec4cf85-6e75-4e63-aadb-7f2fd442253a	NR_199547.1	89.027	802	40	36	5	780	782	3	0.0	950
6ec4cf85-6e75-4e63-aadb-7f2fd442253a	NR_117719.1	88.115	833	51	35	5	812	822	13	0.0	946
769bda3d-cf63-484c-b961-e6e7496fdb0f	NR_134818.1	96.765	371	10	2	1	371	1123	1491	1.30e-176	617
769bda3d-cf63-484c-b961-e6e7496fdb0f	NR_115802.1	97.245	363	8	2	1	363	1110	1470	1.68e-175	614
769bda3d-cf63-484c-b961-e6e7496fdb0f	NR_037101.1	96.496	371	11	2	1	371	1110	1478	6.05e-175	612
769bda3d-cf63-484c-b961-e6e7496fdb0f	NR_040821.1	96.496	371	11	2	1	371	1110	1478	6.05e-175	612
769bda3d-cf63-484c-b961-e6e7496fdb0f	NR_025148.1	96.496	371	11	2	1	371	1130	1498	6.05e-175	612
321c6a06-48ff-4e85-9c0f-f06a3285fe28	NR_042776.1	95.181	581	14	12	1	571	1361	785	0.0	905
321c6a06-48ff-4e85-9c0f-f06a3285fe28	NR_042777.1	95.181	581	14	12	1	571	1360	784	0.0	905
321c6a06-48ff-4e85-9c0f-f06a3285fe28	NR_042778.1	95.009	581	15	12	1	571	1361	785	0.0	900
321c6a06-48ff-4e85-9c0f-f06a3285fe28	NR_024659.1	94.664	581	17	12	1	571	1317	741	0.0	889
321c6a06-48ff-4e85-9c0f-f06a3285fe28	NR_116212.1	94.664	581	17	12	1	571	1259	683	0.0	889
1b8bc4af-53e2-4dc2-a92d-3a2b78d2d55f	NR_109720.1	95.137	946	25	17	1	937	521	1454	0.0	1472
1b8bc4af-53e2-4dc2-a92d-3a2b78d2d55f	NR_115735.1	94.485	961	29	19	1	952	518	1463	0.0	1459
1b8bc4af-53e2-4dc2-a92d-3a2b78d2d55f	NR_024842.1	94.215	968	31	20	1	958	542	1494	0.0	1456
1b8bc4af-53e2-4dc2-a92d-3a2b78d2d55f	NR_036936.1	94.820	946	28	17	1	937	527	1460	0.0	1456
1b8bc4af-53e2-4dc2-a92d-3a2b78d2d55f	NR_165737.1	94.820	946	28	17	1	937	527	1460	0.0	1456
c1677589-7c73-41d5-a4a4-0c9a1c5c52e3	NR_026419.1	95.572	1355	24	24	3	1330	139	1484	0.0	2137
c1677589-7c73-41d5-a4a4-0c9a1c5c52e3	NR_025903.1	94.313	1354	41	24	3	1330	152	1495	0.0	2041
c1677589-7c73-41d5-a4a4-0c9a1c5c52e3	NR_133753.1	94.365	1331	40	23	3	1308	106	1426	0.0	2010
c1677589-7c73-41d5-a4a4-0c9a1c5c52e3	NR_133752.1	94.219	1332	40	25	3	1308	77	1397	0.0	1999
c1677589-7c73-41d5-a4a4-0c9a1c5c52e3	NR_025904.1	93.658	1356	46	28	3	1330	151	1494	0.0	1991
30a2e2c3-c8df-4a78-9692-018cb06f38e3	NR_025036.1	99.237	131	0	1	1	130	1363	1493	5.00e-62	235
30a2e2c3-c8df-4a78-9692-018cb06f38e3	NR_044912.1	99.237	131	0	1	1	130	1299	1429	5.00e-62	235
30a2e2c3-c8df-4a78-9692-018cb06f38e3	NR_134817.1	99.237	131	0	1	1	130	1357	1487	5.00e-62	235
30a2e2c3-c8df-4a78-9692-018cb06f38e3	NR_179540.1	99.237	131	0	1	1	130	1362	1492	5.00e-62	235
30a2e2c3-c8df-4a78-9692-018cb06f38e3	NR_024634.1	98.485	132	0	2	1	130	1355	1486	6.47e-61	231
5aef72e8-9be9-4df3-a4f5-05dbb949088a	NR_042776.1	97.556	1350	13	13	1	1332	1365	18	0.0	2292
5aef72e8-9be9-4df3-a4f5-05dbb949088a	NR_042778.1	97.333	1350	16	13	1	1332	1365	18	0.0	2276
5aef72e8-9be9-4df3-a4f5-05dbb949088a	NR_042777.1	97.333	1350	15	14	1	1332	1364	18	0.0	2274
5aef72e8-9be9-4df3-a4f5-05dbb949088a	NR_197695.1	96.963	1350	21	13	1	1332	1364	17	0.0	2248
5aef72e8-9be9-4df3-a4f5-05dbb949088a	NR_118998.1	96.667	1350	24	14	1	1332	1359	13	0.0	2226
7f5f5f12-2202-42f3-9b4e-00f0bf8316c7	NR_117694.1	94.713	1305	37	26	1	1285	172	1464	0.0	1999
7f5f5f12-2202-42f3-9b4e-00f0bf8316c7	NR_121687.1	94.330	1305	42	26	1	1285	192	1484	0.0	1971
7f5f5f12-2202-42f3-9b4e-00f0bf8316c7	NR_117692.1	94.321	1303	46	22	1	1285	172	1464	0.0	1971
7f5f5f12-2202-42f3-9b4e-00f0bf8316c7	NR_117696.1	94.244	1303	47	22	1	1285	159	1451	0.0	1965
7f5f5f12-2202-42f3-9b4e-00f0bf8316c7	NR_025902.1	94.167	1303	48	22	1	1285	150	1442	0.0	1960
606e8a1f-9e9d-41bc-8665-3e92290c8f1b	NR_117719.1	94.964	1251	41	20	8	1249	256	1493	0.0	1941
606e8a1f-9e9d-41bc-8665-3e92290c8f1b	NR_028664.1	94.884	1251	42	20	8	1249	259	1496	0.0	1936
606e8a1f-9e9d-41bc-8665-3e92290c8f1b	NR_179383.1	94.884	1251	42	20	8	1249	263	1500	0.0	1936
606e8a1f-9e9d-41bc-8665-3e92290c8f1b	NR_042927.1	94.872	1248	42	20	7	1245	237	1471	0.0	1930
606e8a1f-9e9d-41bc-8665-3e92290c8f1b	NR_115734.1	94.872	1248	42	20	7	1245	238	1472	0.0	1930
b9446c57-4c9f-44ee-bfc5-6051b938cfe2	NR_117694.1	95.038	665	20	12	10	665	799	1459	0.0	1033
b9446c57-4c9f-44ee-bfc5-6051b938cfe2	NR_117692.1	94.887	665	21	12	10	665	799	1459	0.0	1027
b9446c57-4c9f-44ee-bfc5-6051b938cfe2	NR_043459.1	94.887	665	19	14	10	664	823	1482	0.0	1026
b9446c57-4c9f-44ee-bfc5-6051b938cfe2	NR_025892.1	94.586	665	23	12	10	665	824	1484	0.0	1022
b9446c57-4c9f-44ee-bfc5-6051b938cfe2	NR_025902.1	94.595	666	21	14	10	665	777	1437	0.0	1016
19a50b99-e9ae-45ab-84ea-dcd7aad06002	NR_025630.1	95.652	115	1	3	1	112	813	926	5.40e-46	182
19a50b99-e9ae-45ab-84ea-dcd7aad06002	NR_028665.1	95.652	115	1	3	1	112	829	942	5.40e-46	182
19a50b99-e9ae-45ab-84ea-dcd7aad06002	NR_042227.1	95.652	115	1	3	1	112	814	927	5.40e-46	182
19a50b99-e9ae-45ab-84ea-dcd7aad06002	NR_112026.1	95.652	115	1	3	1	112	794	907	5.40e-46	182
19a50b99-e9ae-45ab-84ea-dcd7aad06002	NR_114172.1	95.652	115	1	3	1	112	812	925	5.40e-46	182
763ffa2a-23f4-483d-97d2-b6670160e376	NR_044873.1	97.291	1218	18	13	1	1209	256	1467	0.0	2052
763ffa2a-23f4-483d-97d2-b6670160e376	NR_025310.1	95.659	1221	35	15	1	1211	247	1459	0.0	1945
763ffa2a-23f4-483d-97d2-b6670160e376	NR_109752.1	95.656	1220	37	13	1	1211	278	1490	0.0	1945
763ffa2a-23f4-483d-97d2-b6670160e376	NR_074568.1	95.659	1221	33	17	1	1211	267	1477	0.0	1943
763ffa2a-23f4-483d-97d2-b6670160e376	NR_043968.1	95.495	1221	35	17	1	1211	225	1435	0.0	1932
cf7f52a7-6ddd-4d69-a962-04d6e8ff13b9	NR_025862.1	94.667	450	15	8	1	441	1369	920	0.0	691
cf7f52a7-6ddd-4d69-a962-04d6e8ff13b9	NR_028682.1	94.222	450	17	8	1	441	1370	921	0.0	678
cf7f52a7-6ddd-4d69-a962-04d6e8ff13b9	NR_026454.1	94.000	450	18	8	1	441	1346	897	0.0	673
cf7f52a7-6ddd-4d69-a962-04d6e8ff13b9	NR_025396.1	93.111	450	22	8	1	441	1341	892	0.0	651
cf7f52a7-6ddd-4d69-a962-04d6e8ff13b9	NR_116890.1	93.111	450	22	9	1	441	1358	909	0.0	651
63b20e71-64de-4bb1-bc01-c47e01a0593e	NR_028664.1	96.247	453	8	7	1	446	1049	1499	0.0	734
63b20e71-64de-4bb1-bc01-c47e01a0593e	NR_117719.1	96.247	453	8	7	1	446	1046	1496	0.0	734
63b20e71-64de-4bb1-bc01-c47e01a0593e	NR_179383.1	96.247	453	8	7	1	446	1053	1503	0.0	734
63b20e71-64de-4bb1-bc01-c47e01a0593e	NR_175455.1	96.035	454	8	8	1	446	1034	1485	0.0	730
63b20e71-64de-4bb1-bc01-c47e01a0593e	NR_040821.1	96.026	453	9	7	1	446	1028	1478	0.0	728
252d650c-e2ce-4906-b763-a7492aa31793	NR_025903.1	97.018	436	5	8	1	429	440	6	0.0	726
252d650c-e2ce-4906-b763-a7492aa31793	NR_025904.1	94.279	437	15	10	1	429	439	5	0.0	660
252d650c-e2ce-4906-b763-a7492aa31793	NR_133753.1	96.954	394	6	6	1	388	394	1	0.0	656
252d650c-e2ce-4906-b763-a7492aa31793	NR_026419.1	94.406	429	15	9	1	421	428	1	0.0	651
252d650c-e2ce-4906-b763-a7492aa31793	NR_036920.1	92.874	435	22	9	1	429	433	2	3.24e-178	623
032ef8c6-75e4-4732-9b27-b94075f33807	NR_028682.1	94.444	306	6	9	4	304	1123	1422	1.94e-129	460
032ef8c6-75e4-4732-9b27-b94075f33807	NR_025435.1	93.092	304	8	11	7	304	1123	1419	4.23e-121	433
032ef8c6-75e4-4732-9b27-b94075f33807	NR_179652.1	92.484	306	12	10	4	304	1126	1425	1.97e-119	427
032ef8c6-75e4-4732-9b27-b94075f33807	NR_025862.1	93.471	291	8	9	4	289	1122	1406	9.16e-118	422
032ef8c6-75e4-4732-9b27-b94075f33807	NR_042060.1	92.434	304	10	11	7	304	1093	1389	9.16e-118	422
fdb43b48-1872-4a1f-bbee-7383adce030e	NR_036936.1	96.215	1374	29	20	1	1361	108	1471	0.0	2230
fdb43b48-1872-4a1f-bbee-7383adce030e	NR_109720.1	96.250	1360	29	19	1	1348	102	1451	0.0	2209
fdb43b48-1872-4a1f-bbee-7383adce030e	NR_165737.1	95.706	1374	36	20	1	1361	108	1471	0.0	2189
fdb43b48-1872-4a1f-bbee-7383adce030e	NR_180875.1	95.935	1353	33	19	1	1341	87	1429	0.0	2187
fdb43b48-1872-4a1f-bbee-7383adce030e	NR_028664.1	95.573	1378	38	19	1	1365	129	1496	0.0	2185
bc4cbde3-4121-4e09-b2d9-4985fc77f992	NR_118143.1	96.678	602	12	7	1	596	1226	627	0.0	994
bc4cbde3-4121-4e09-b2d9-4985fc77f992	NR_042878.1	96.512	602	13	7	1	596	1224	625	0.0	990
bc4cbde3-4121-4e09-b2d9-4985fc77f992	NR_116168.1	96.512	602	13	7	1	596	1245	646	0.0	989
bc4cbde3-4121-4e09-b2d9-4985fc77f992	NR_025423.1	95.183	602	21	8	1	596	1229	630	0.0	944
bc4cbde3-4121-4e09-b2d9-4985fc77f992	NR_118762.1	94.684	602	23	7	1	596	1247	649	0.0	944
a6f14af2-3b79-446f-af8b-e6e544ed206f	NR_115355.1	95.775	284	5	6	1	281	1203	1482	1.04e-126	451
a6f14af2-3b79-446f-af8b-e6e544ed206f	NR_119169.1	95.760	283	7	4	1	281	1208	1487	1.04e-126	451
a6f14af2-3b79-446f-af8b-e6e544ed206f	NR_163639.1	95.775	284	5	6	1	281	1218	1497	1.04e-126	451
a6f14af2-3b79-446f-af8b-e6e544ed206f	NR_179325.1	95.775	284	5	6	1	281	1177	1456	1.04e-126	451
a6f14af2-3b79-446f-af8b-e6e544ed206f	NR_115354.1	95.070	284	7	6	1	281	1203	1482	2.26e-123	440
bd9b3805-0746-44a3-b199-8f5e36fc062b	NR_042776.1	97.392	882	11	5	1	874	627	1504	0.0	1491
bd9b3805-0746-44a3-b199-8f5e36fc062b	NR_042777.1	97.392	882	11	5	1	874	626	1503	0.0	1491
bd9b3805-0746-44a3-b199-8f5e36fc062b	NR_042778.1	97.166	882	13	5	1	874	627	1504	0.0	1480
bd9b3805-0746-44a3-b199-8f5e36fc062b	NR_197695.1	96.939	882	15	5	1	874	626	1503	0.0	1469
bd9b3805-0746-44a3-b199-8f5e36fc062b	NR_118998.1	96.708	881	18	5	1	874	622	1498	0.0	1456
8107625a-8fcd-4789-9e5b-9d71ce7cfef2	NR_042776.1	98.354	243	3	1	1	242	260	18	5.34e-119	425
8107625a-8fcd-4789-9e5b-9d71ce7cfef2	NR_042778.1	98.354	243	3	1	1	242	260	18	5.34e-119	425
8107625a-8fcd-4789-9e5b-9d71ce7cfef2	NR_118998.1	97.531	243	5	1	1	242	255	13	3.21e-116	416
8107625a-8fcd-4789-9e5b-9d71ce7cfef2	NR_042777.1	97.531	243	5	1	1	242	260	18	1.16e-115	414
8107625a-8fcd-4789-9e5b-9d71ce7cfef2	NR_197695.1	96.296	243	8	1	1	242	259	17	1.16e-110	398
d46196c1-9bb4-442d-9c66-97516b503f71	NR_042928.1	97.647	170	2	1	1	170	1442	1275	1.39e-78	291
d46196c1-9bb4-442d-9c66-97516b503f71	NR_044912.1	97.647	170	2	1	1	170	1399	1232	1.39e-78	291
d46196c1-9bb4-442d-9c66-97516b503f71	NR_115730.1	97.647	170	2	1	1	170	1424	1257	1.39e-78	291
d46196c1-9bb4-442d-9c66-97516b503f71	NR_134817.1	97.647	170	2	1	1	170	1457	1290	1.39e-78	291
d46196c1-9bb4-442d-9c66-97516b503f71	NR_179540.1	97.647	170	2	1	1	170	1462	1295	1.39e-78	291
f334481f-4d94-44e2-a66a-acef9d19ffe4	NR_025862.1	92.417	1200	38	36	1	1162	93	1277	0.0	1668
f334481f-4d94-44e2-a66a-acef9d19ffe4	NR_028682.1	90.909	1199	59	35	1	1162	93	1278	0.0	1565
f334481f-4d94-44e2-a66a-acef9d19ffe4	NR_159145.1	88.711	1063	78	29	134	1165	200	1251	0.0	1260
f334481f-4d94-44e2-a66a-acef9d19ffe4	NR_025595.1	88.654	1040	74	30	131	1137	205	1233	0.0	1227
f334481f-4d94-44e2-a66a-acef9d19ffe4	NR_149289.1	88.224	1036	79	28	134	1137	175	1199	0.0	1197
64745ce5-8bf7-447d-bf48-e8ea03aaa6fe	NR_116168.1	91.406	1117	40	40	1	1086	396	1487	0.0	1480
64745ce5-8bf7-447d-bf48-e8ea03aaa6fe	NR_118762.1	90.541	1110	50	38	1	1080	399	1483	0.0	1437
64745ce5-8bf7-447d-bf48-e8ea03aaa6fe	NR_025423.1	88.809	1117	63	47	1	1083	380	1468	0.0	1314
64745ce5-8bf7-447d-bf48-e8ea03aaa6fe	NR_042878.1	90.622	1013	41	39	1	984	375	1362	0.0	1297
64745ce5-8bf7-447d-bf48-e8ea03aaa6fe	NR_181418.1	88.335	1123	63	45	1	1086	395	1486	0.0	1286
40b3e024-1418-426e-a2a9-67c8c0f0730a	NR_042928.1	97.203	1323	19	15	14	1330	158	1468	0.0	2222
40b3e024-1418-426e-a2a9-67c8c0f0730a	NR_117719.1	96.913	1328	24	14	16	1337	180	1496	0.0	2209
40b3e024-1418-426e-a2a9-67c8c0f0730a	NR_175455.1	96.830	1325	24	15	20	1337	172	1485	0.0	2198
40b3e024-1418-426e-a2a9-67c8c0f0730a	NR_179540.1	96.699	1333	23	18	13	1337	176	1495	0.0	2198
40b3e024-1418-426e-a2a9-67c8c0f0730a	NR_199547.1	97.377	1296	16	15	14	1303	138	1421	0.0	2189
5b88bc5f-db07-4be3-99a1-4d940db3b87b	NR_028682.1	93.514	555	18	16	1	546	1295	750	0.0	809
5b88bc5f-db07-4be3-99a1-4d940db3b87b	NR_025862.1	93.333	555	19	16	1	546	1294	749	0.0	808
5b88bc5f-db07-4be3-99a1-4d940db3b87b	NR_026454.1	93.153	555	20	17	1	546	1271	726	0.0	798
5b88bc5f-db07-4be3-99a1-4d940db3b87b	NR_116890.1	92.613	555	23	16	1	546	1283	738	0.0	782
5b88bc5f-db07-4be3-99a1-4d940db3b87b	NR_119263.1	92.252	555	25	16	1	546	1292	747	0.0	771
bf74a921-9c4d-4fbf-88c7-8078fff137c7	NR_036936.1	93.056	216	5	7	1	211	739	949	1.72e-83	307
bf74a921-9c4d-4fbf-88c7-8078fff137c7	NR_029052.1	93.056	216	5	7	1	211	727	937	1.72e-83	307
bf74a921-9c4d-4fbf-88c7-8078fff137c7	NR_103943.1	93.056	216	5	7	1	211	765	975	1.72e-83	307
bf74a921-9c4d-4fbf-88c7-8078fff137c7	NR_024842.1	92.593	216	6	7	1	211	754	964	8.02e-82	302
bf74a921-9c4d-4fbf-88c7-8078fff137c7	NR_025453.1	92.593	216	6	7	1	211	739	949	8.02e-82	302
cc2d8aab-d98e-40aa-a375-277aa47ca3fc	NR_115355.1	90.777	1442	80	42	1	1415	1416	1	0.0	1881
cc2d8aab-d98e-40aa-a375-277aa47ca3fc	NR_119169.1	90.588	1445	83	42	1	1418	1421	3	0.0	1873
cc2d8aab-d98e-40aa-a375-277aa47ca3fc	NR_163639.1	90.466	1458	82	45	1	1431	1431	4	0.0	1869
cc2d8aab-d98e-40aa-a375-277aa47ca3fc	NR_074980.1	90.338	1449	86	43	1	1422	1443	22	0.0	1851
cc2d8aab-d98e-40aa-a375-277aa47ca3fc	NR_113031.1	90.338	1449	86	43	1	1422	1443	22	0.0	1851
c5a8a051-5983-4223-b59f-016596ee2bab	NR_041879.1	94.645	803	17	21	19	806	1045	254	0.0	1221
c5a8a051-5983-4223-b59f-016596ee2bab	NR_115355.1	94.645	803	17	21	19	806	1088	297	0.0	1221
c5a8a051-5983-4223-b59f-016596ee2bab	NR_119169.1	94.521	803	18	21	19	806	1093	302	0.0	1218
c5a8a051-5983-4223-b59f-016596ee2bab	NR_179325.1	94.521	803	18	21	19	806	1062	271	0.0	1216
c5a8a051-5983-4223-b59f-016596ee2bab	NR_113570.1	94.396	803	19	21	19	806	1095	304	0.0	1210
46bc132c-b60d-496b-b081-c3d94084424e	NR_026419.1	93.779	1286	47	27	1	1270	216	1484	0.0	1901
46bc132c-b60d-496b-b081-c3d94084424e	NR_025903.1	92.935	1288	53	31	1	1270	228	1495	0.0	1840
46bc132c-b60d-496b-b081-c3d94084424e	NR_025904.1	92.624	1288	57	31	1	1270	227	1494	0.0	1818
46bc132c-b60d-496b-b081-c3d94084424e	NR_133753.1	92.880	1264	53	30	1	1246	182	1426	0.0	1801
46bc132c-b60d-496b-b081-c3d94084424e	NR_133752.1	92.727	1265	53	32	1	1246	153	1397	0.0	1790
46c187d7-448d-4fac-8752-af1d192fd904	NR_024842.1	99.237	131	0	1	1	130	1408	1278	4.92e-62	235
46c187d7-448d-4fac-8752-af1d192fd904	NR_036936.1	99.237	131	0	1	1	130	1393	1263	4.92e-62	235
46c187d7-448d-4fac-8752-af1d192fd904	NR_025453.1	99.237	131	0	1	1	130	1393	1263	4.92e-62	235
46c187d7-448d-4fac-8752-af1d192fd904	NR_028664.1	99.237	131	0	1	1	130	1414	1284	4.92e-62	235
46c187d7-448d-4fac-8752-af1d192fd904	NR_028665.1	99.237	131	0	1	1	130	1408	1278	4.92e-62	235
51e85567-1201-467e-9115-82da020bb69d	NR_024842.1	91.971	137	4	3	1	131	1359	1494	4.84e-47	185
51e85567-1201-467e-9115-82da020bb69d	NR_041706.1	91.971	137	4	3	1	131	1354	1489	4.84e-47	185
51e85567-1201-467e-9115-82da020bb69d	NR_042052.1	91.971	137	4	3	1	131	1267	1402	4.84e-47	185
51e85567-1201-467e-9115-82da020bb69d	NR_025625.1	91.971	137	4	3	1	131	1353	1488	4.84e-47	185
51e85567-1201-467e-9115-82da020bb69d	NR_028705.1	91.971	137	4	3	1	131	1357	1492	4.84e-47	185
af5d3714-f69c-49b3-ac60-8c8f33d5792f	NR_037101.1	100.000	82	0	0	1	82	1295	1376	2.73e-37	152
af5d3714-f69c-49b3-ac60-8c8f33d5792f	NR_024841.1	100.000	82	0	0	1	82	1309	1390	2.73e-37	152
af5d3714-f69c-49b3-ac60-8c8f33d5792f	NR_024842.1	100.000	82	0	0	1	82	1310	1391	2.73e-37	152
af5d3714-f69c-49b3-ac60-8c8f33d5792f	NR_025609.1	100.000	82	0	0	1	82	1244	1325	2.73e-37	152
af5d3714-f69c-49b3-ac60-8c8f33d5792f	NR_036936.1	100.000	82	0	0	1	82	1295	1376	2.73e-37	152
07341a28-00b9-4672-a6b3-2cd4de1a60a4	NR_026419.1	96.221	344	4	9	1	339	1148	1487	9.43e-158	555
07341a28-00b9-4672-a6b3-2cd4de1a60a4	NR_025904.1	94.477	344	9	10	1	339	1159	1497	9.56e-148	521
07341a28-00b9-4672-a6b3-2cd4de1a60a4	NR_025903.1	94.477	344	9	10	1	339	1160	1498	9.56e-148	521
07341a28-00b9-4672-a6b3-2cd4de1a60a4	NR_133752.1	94.322	317	9	9	1	312	1085	1397	2.10e-134	477
07341a28-00b9-4672-a6b3-2cd4de1a60a4	NR_133753.1	94.322	317	9	9	1	312	1114	1426	2.10e-134	477
30a70f4a-1d3d-4b78-8cc8-17687b2ffb4e	NR_024842.1	93.969	514	14	13	1	510	994	1494	0.0	761
30a70f4a-1d3d-4b78-8cc8-17687b2ffb4e	NR_028664.1	93.774	514	16	12	1	510	1000	1501	0.0	758
30a70f4a-1d3d-4b78-8cc8-17687b2ffb4e	NR_152678.1	93.774	514	16	12	1	510	999	1500	0.0	758
30a70f4a-1d3d-4b78-8cc8-17687b2ffb4e	NR_115735.1	94.094	508	13	13	1	504	970	1464	0.0	756
30a70f4a-1d3d-4b78-8cc8-17687b2ffb4e	NR_179540.1	93.774	514	15	12	1	510	997	1497	0.0	756
4df8ede1-e4d2-4dbd-99f1-ca9f2f9d1b20	NR_044873.1	85.987	471	30	30	1	448	459	2	1.31e-132	472
4df8ede1-e4d2-4dbd-99f1-ca9f2f9d1b20	NR_179993.1	82.875	473	44	31	2	450	470	11	3.77e-108	390
4df8ede1-e4d2-4dbd-99f1-ca9f2f9d1b20	NR_025310.1	82.684	462	45	30	2	441	449	1	2.93e-104	377
4df8ede1-e4d2-4dbd-99f1-ca9f2f9d1b20	NR_109752.1	82.378	471	46	32	2	448	480	23	1.06e-103	375
4df8ede1-e4d2-4dbd-99f1-ca9f2f9d1b20	NR_178360.1	82.540	441	41	31	2	419	436	9	1.37e-97	355
c092cb35-7739-4c80-9d2f-6c91eabef9cc	NR_042928.1	93.514	185	5	4	1	183	30	209	7.05e-72	268
c092cb35-7739-4c80-9d2f-6c91eabef9cc	NR_112026.1	93.514	185	5	4	1	183	13	192	7.05e-72	268
c092cb35-7739-4c80-9d2f-6c91eabef9cc	NR_165747.1	93.514	185	5	6	1	183	30	209	7.05e-72	268
c092cb35-7739-4c80-9d2f-6c91eabef9cc	NR_199547.1	93.443	183	5	7	4	183	11	189	9.12e-71	265
c092cb35-7739-4c80-9d2f-6c91eabef9cc	NR_117719.1	92.432	185	7	6	1	183	50	229	1.53e-68	257
32c7db61-b397-4f1d-9cf4-9658ed8610a6	NR_163639.1	98.305	118	2	0	1	118	121	4	9.29e-54	207
32c7db61-b397-4f1d-9cf4-9658ed8610a6	NR_074980.1	98.291	117	2	0	1	117	129	13	3.34e-53	206
32c7db61-b397-4f1d-9cf4-9658ed8610a6	NR_113031.1	98.291	117	2	0	1	117	129	13	3.34e-53	206
32c7db61-b397-4f1d-9cf4-9658ed8610a6	NR_113376.1	96.581	117	4	0	1	117	129	13	7.23e-50	195
32c7db61-b397-4f1d-9cf4-9658ed8610a6	NR_119168.1	98.131	107	2	0	1	107	107	1	1.21e-47	187
afe529a7-dca2-458f-be34-7a6b5f6ce834	NR_102980.1	98.374	123	2	0	1	123	274	396	1.62e-56	217
afe529a7-dca2-458f-be34-7a6b5f6ce834	NR_113305.1	98.374	123	2	0	1	123	137	259	1.62e-56	217
afe529a7-dca2-458f-be34-7a6b5f6ce834	NR_113306.1	98.374	123	2	0	1	123	137	259	1.62e-56	217
afe529a7-dca2-458f-be34-7a6b5f6ce834	NR_133027.1	98.374	123	2	0	1	123	272	394	1.62e-56	217
afe529a7-dca2-458f-be34-7a6b5f6ce834	NR_134080.1	98.374	123	2	0	1	123	277	399	1.62e-56	217
94638ad8-ebf0-4b1b-8a08-217f8b4ff07f	NR_028664.1	97.967	246	4	1	5	250	737	493	5.78e-119	425
94638ad8-ebf0-4b1b-8a08-217f8b4ff07f	NR_028666.1	97.967	246	4	1	5	250	740	496	5.78e-119	425
94638ad8-ebf0-4b1b-8a08-217f8b4ff07f	NR_028833.1	97.967	246	4	1	5	250	743	499	5.78e-119	425
94638ad8-ebf0-4b1b-8a08-217f8b4ff07f	NR_029052.1	97.967	246	4	1	5	250	704	460	5.78e-119	425
94638ad8-ebf0-4b1b-8a08-217f8b4ff07f	NR_042771.1	97.967	246	4	1	5	250	734	490	5.78e-119	425
e0ea01cc-d6c8-4c8d-9759-b579f7ce1c78	NR_145950.1	90.196	255	17	8	1	251	1214	1464	5.97e-89	326
e0ea01cc-d6c8-4c8d-9759-b579f7ce1c78	NR_134191.1	89.804	255	18	8	1	251	1229	1479	2.78e-87	320
e0ea01cc-d6c8-4c8d-9759-b579f7ce1c78	NR_109371.1	89.764	254	19	7	1	251	1243	1492	1.00e-86	318
e0ea01cc-d6c8-4c8d-9759-b579f7ce1c78	NR_036845.1	89.412	255	19	8	1	251	1232	1482	1.29e-85	315
e0ea01cc-d6c8-4c8d-9759-b579f7ce1c78	NR_115276.1	89.412	255	19	8	1	251	1223	1473	1.29e-85	315
85a0496a-651d-4d29-8694-745a78b83055	NR_145857.1	91.489	141	7	3	1	138	1313	1451	4.05e-48	189
85a0496a-651d-4d29-8694-745a78b83055	NR_178796.1	91.489	141	7	3	1	138	1339	1477	4.05e-48	189
85a0496a-651d-4d29-8694-745a78b83055	NR_178939.1	91.489	141	7	3	1	138	1340	1478	4.05e-48	189
85a0496a-651d-4d29-8694-745a78b83055	NR_044873.1	91.971	137	5	4	1	133	1331	1465	1.46e-47	187
85a0496a-651d-4d29-8694-745a78b83055	NR_042334.1	90.780	141	7	4	1	138	1337	1474	1.89e-46	183
5dda19ab-4eab-4415-94c2-83705a178cca	NR_025036.1	100.000	47	0	0	1	47	1447	1493	3.78e-18	87.9
5dda19ab-4eab-4415-94c2-83705a178cca	NR_044912.1	100.000	47	0	0	1	47	1383	1429	3.78e-18	87.9
5dda19ab-4eab-4415-94c2-83705a178cca	NR_134817.1	100.000	47	0	0	1	47	1441	1487	3.78e-18	87.9
5dda19ab-4eab-4415-94c2-83705a178cca	NR_179540.1	100.000	47	0	0	1	47	1446	1492	3.78e-18	87.9
5dda19ab-4eab-4415-94c2-83705a178cca	NR_024842.1	100.000	45	0	0	3	47	1445	1489	4.89e-17	84.2
c1da4304-6dee-463e-ae39-08f5b5d10954	NR_024842.1	98.947	190	1	1	11	200	1306	1494	5.76e-93	339
c1da4304-6dee-463e-ae39-08f5b5d10954	NR_042052.1	98.947	190	1	1	11	200	1214	1402	5.76e-93	339
c1da4304-6dee-463e-ae39-08f5b5d10954	NR_042776.1	98.947	190	1	1	11	200	1316	1504	5.76e-93	339
c1da4304-6dee-463e-ae39-08f5b5d10954	NR_042777.1	98.947	190	1	1	11	200	1315	1503	5.76e-93	339
c1da4304-6dee-463e-ae39-08f5b5d10954	NR_114642.1	98.947	190	1	1	11	200	1273	1461	5.76e-93	339
eab80de2-cef4-458b-9ee0-4fe860c70772	NR_042776.1	94.904	157	2	4	1	153	177	23	1.29e-63	241
eab80de2-cef4-458b-9ee0-4fe860c70772	NR_042777.1	94.904	157	2	4	1	153	177	23	1.29e-63	241
eab80de2-cef4-458b-9ee0-4fe860c70772	NR_042778.1	94.904	157	2	4	1	153	177	23	1.29e-63	241
eab80de2-cef4-458b-9ee0-4fe860c70772	NR_024841.1	94.268	157	3	4	1	153	166	12	6.01e-62	235
eab80de2-cef4-458b-9ee0-4fe860c70772	NR_118234.1	93.293	164	4	5	1	159	169	8	6.01e-62	235
a0c6474e-4465-4752-a4fb-b97a166a5e1c	NR_114413.1	93.750	160	5	5	17	171	175	16	6.54e-62	235
a0c6474e-4465-4752-a4fb-b97a166a5e1c	NR_199956.1	93.750	160	5	5	17	171	172	13	6.54e-62	235
a0c6474e-4465-4752-a4fb-b97a166a5e1c	NR_199974.1	93.750	160	5	5	17	171	179	20	6.54e-62	235
a0c6474e-4465-4752-a4fb-b97a166a5e1c	NR_024842.1	93.125	160	6	5	17	171	167	8	3.04e-60	230
a0c6474e-4465-4752-a4fb-b97a166a5e1c	NR_152678.1	93.125	160	6	5	17	171	172	13	3.04e-60	230
db845156-8187-4c16-8f6d-da67fc277590	NR_116814.1	99.048	105	0	1	1	105	1369	1266	1.04e-47	187
db845156-8187-4c16-8f6d-da67fc277590	NR_118086.1	99.048	105	0	1	1	105	1386	1283	1.04e-47	187
db845156-8187-4c16-8f6d-da67fc277590	NR_025207.1	98.095	105	1	1	1	105	1361	1258	4.82e-46	182
db845156-8187-4c16-8f6d-da67fc277590	NR_028883.1	98.095	105	1	1	1	105	1268	1165	4.82e-46	182
db845156-8187-4c16-8f6d-da67fc277590	NR_074613.1	98.095	105	1	1	1	105	1390	1287	4.82e-46	182
e16a0b47-b37a-4a12-82e8-129186bad306	NR_037101.1	100.000	51	0	0	6	56	1425	1475	2.96e-20	95.3
e16a0b47-b37a-4a12-82e8-129186bad306	NR_040821.1	100.000	51	0	0	6	56	1425	1475	2.96e-20	95.3
e16a0b47-b37a-4a12-82e8-129186bad306	NR_025148.1	100.000	51	0	0	6	56	1445	1495	2.96e-20	95.3
e16a0b47-b37a-4a12-82e8-129186bad306	NR_028664.1	100.000	51	0	0	6	56	1446	1496	2.96e-20	95.3
e16a0b47-b37a-4a12-82e8-129186bad306	NR_028666.1	100.000	51	0	0	6	56	1449	1499	2.96e-20	95.3
90094171-d516-4ac0-9d03-86e7dbe6235e	NR_037101.1	100.000	155	0	0	92	246	260	414	2.68e-77	287
90094171-d516-4ac0-9d03-86e7dbe6235e	NR_024659.1	100.000	155	0	0	92	246	241	395	2.68e-77	287
90094171-d516-4ac0-9d03-86e7dbe6235e	NR_042052.1	100.000	155	0	0	92	246	183	337	2.68e-77	287
90094171-d516-4ac0-9d03-86e7dbe6235e	NR_025630.1	100.000	155	0	0	92	246	259	413	2.68e-77	287
90094171-d516-4ac0-9d03-86e7dbe6235e	NR_025453.1	100.000	155	0	0	92	246	260	414	2.68e-77	287
71718bbb-ca9e-4f28-9d70-9ae15bcc7401	NR_024842.1	95.588	136	1	2	1	136	1408	1278	2.47e-55	213
71718bbb-ca9e-4f28-9d70-9ae15bcc7401	NR_036936.1	95.588	136	1	2	1	136	1393	1263	2.47e-55	213
71718bbb-ca9e-4f28-9d70-9ae15bcc7401	NR_025453.1	95.588	136	1	2	1	136	1393	1263	2.47e-55	213
71718bbb-ca9e-4f28-9d70-9ae15bcc7401	NR_028664.1	95.588	136	1	2	1	136	1414	1284	2.47e-55	213
71718bbb-ca9e-4f28-9d70-9ae15bcc7401	NR_028665.1	95.588	136	1	2	1	136	1408	1278	2.47e-55	213
6172ffb6-3947-4a7a-abf4-e6fcf3f48b4d	NR_133752.1	96.216	185	2	4	1	180	137	321	8.83e-81	298
6172ffb6-3947-4a7a-abf4-e6fcf3f48b4d	NR_133753.1	96.216	185	2	4	1	180	166	350	8.83e-81	298
6172ffb6-3947-4a7a-abf4-e6fcf3f48b4d	NR_026419.1	96.216	185	2	4	1	180	200	384	8.83e-81	298
6172ffb6-3947-4a7a-abf4-e6fcf3f48b4d	NR_025903.1	96.216	185	2	4	1	180	212	396	8.83e-81	298
6172ffb6-3947-4a7a-abf4-e6fcf3f48b4d	NR_025904.1	95.676	185	3	4	1	180	211	395	4.11e-79	292
f49bfa00-5fa7-499a-aa5d-861b588e2a1a	NR_042776.1	94.891	274	10	4	1	272	1270	999	6.13e-119	425
f49bfa00-5fa7-499a-aa5d-861b588e2a1a	NR_042777.1	94.891	274	10	4	1	272	1269	998	6.13e-119	425
f49bfa00-5fa7-499a-aa5d-861b588e2a1a	NR_042778.1	94.891	274	10	4	1	272	1270	999	6.13e-119	425
f49bfa00-5fa7-499a-aa5d-861b588e2a1a	NR_118998.1	94.526	274	11	4	1	272	1264	993	2.85e-117	420
f49bfa00-5fa7-499a-aa5d-861b588e2a1a	NR_197695.1	94.526	274	11	4	1	272	1269	998	2.85e-117	420
e35549a0-dd36-45c3-9c46-5b2a7e7025d3	NR_025338.1	92.195	205	8	6	1	198	968	1171	2.75e-76	283
e35549a0-dd36-45c3-9c46-5b2a7e7025d3	NR_041979.1	92.195	205	8	6	1	198	960	1163	2.75e-76	283
e35549a0-dd36-45c3-9c46-5b2a7e7025d3	NR_042878.1	92.195	205	8	6	1	198	956	1159	2.75e-76	283
e35549a0-dd36-45c3-9c46-5b2a7e7025d3	NR_112005.1	92.195	205	8	6	1	198	953	1156	2.75e-76	283
e35549a0-dd36-45c3-9c46-5b2a7e7025d3	NR_114155.1	92.195	205	8	6	1	198	958	1161	2.75e-76	283
24c4be67-c15c-422a-9ed9-b01a880c32ac	NR_025036.1	97.778	135	3	0	1	135	1359	1493	1.82e-61	233
24c4be67-c15c-422a-9ed9-b01a880c32ac	NR_044912.1	97.778	135	3	0	1	135	1295	1429	1.82e-61	233
24c4be67-c15c-422a-9ed9-b01a880c32ac	NR_134817.1	97.778	135	3	0	1	135	1353	1487	1.82e-61	233
24c4be67-c15c-422a-9ed9-b01a880c32ac	NR_179540.1	97.778	135	3	0	1	135	1358	1492	1.82e-61	233
24c4be67-c15c-422a-9ed9-b01a880c32ac	NR_024842.1	97.037	135	4	0	1	135	1355	1489	8.45e-60	228
0fd6c8c8-311e-475a-a338-e342a719c66a	NR_024842.1	96.831	284	6	2	1	281	1487	1204	7.89e-133	472
0fd6c8c8-311e-475a-a338-e342a719c66a	NR_115735.1	96.831	284	6	2	1	281	1463	1180	7.89e-133	472
0fd6c8c8-311e-475a-a338-e342a719c66a	NR_178262.1	96.491	285	6	3	1	281	1367	1083	1.02e-131	468
0fd6c8c8-311e-475a-a338-e342a719c66a	NR_179215.1	96.491	285	6	3	1	281	1489	1205	1.02e-131	468
0fd6c8c8-311e-475a-a338-e342a719c66a	NR_179720.1	96.491	285	6	3	1	281	1493	1209	1.02e-131	468
1fa959cf-0865-444e-89dd-53a492ce7807	NR_025902.1	91.975	162	8	4	1	159	1286	1445	4.82e-58	222
1fa959cf-0865-444e-89dd-53a492ce7807	NR_028844.1	91.975	162	8	4	1	159	1317	1476	4.82e-58	222
1fa959cf-0865-444e-89dd-53a492ce7807	NR_040933.1	91.975	162	8	4	1	159	1330	1489	4.82e-58	222
1fa959cf-0865-444e-89dd-53a492ce7807	NR_117717.1	91.975	162	8	4	1	159	1328	1487	4.82e-58	222
1fa959cf-0865-444e-89dd-53a492ce7807	NR_121688.1	91.975	162	8	4	1	159	1328	1487	4.82e-58	222
d0d65b46-9dd0-4e01-9987-15ae9aedfab9	NR_042776.1	98.225	169	1	2	3	170	185	18	1.06e-79	294
d0d65b46-9dd0-4e01-9987-15ae9aedfab9	NR_042778.1	98.225	169	1	2	3	170	185	18	1.06e-79	294
d0d65b46-9dd0-4e01-9987-15ae9aedfab9	NR_042777.1	97.661	171	2	2	1	170	187	18	3.83e-79	292
d0d65b46-9dd0-4e01-9987-15ae9aedfab9	NR_197695.1	97.661	171	2	2	1	170	186	17	3.83e-79	292
d0d65b46-9dd0-4e01-9987-15ae9aedfab9	NR_118234.1	97.076	171	2	3	3	172	176	8	6.40e-77	285
8ebcbf7f-dcbb-4403-9da7-024ef880fff4	NR_024897.1	92.466	146	4	6	1	140	1484	1340	5.52e-52	202
8ebcbf7f-dcbb-4403-9da7-024ef880fff4	NR_044741.1	92.466	146	4	6	1	140	1449	1305	5.52e-52	202
8ebcbf7f-dcbb-4403-9da7-024ef880fff4	NR_116168.1	92.466	146	4	6	1	140	1485	1341	5.52e-52	202
8ebcbf7f-dcbb-4403-9da7-024ef880fff4	NR_181418.1	92.466	146	4	6	1	140	1484	1340	5.52e-52	202
8ebcbf7f-dcbb-4403-9da7-024ef880fff4	NR_042932.1	92.908	141	4	5	5	140	1460	1321	1.99e-51	200
d4e7a058-c91f-48f2-8bb6-1e2fabde7d7a	NR_025863.1	98.347	121	1	1	1	120	132	12	7.33e-55	211
d4e7a058-c91f-48f2-8bb6-1e2fabde7d7a	NR_025862.1	90.678	118	6	5	4	120	125	12	1.25e-37	154
d4e7a058-c91f-48f2-8bb6-1e2fabde7d7a	NR_074997.2	91.228	114	7	3	1	114	136	26	4.50e-37	152
d4e7a058-c91f-48f2-8bb6-1e2fabde7d7a	NR_133769.1	91.228	114	7	3	1	114	129	19	4.50e-37	152
d4e7a058-c91f-48f2-8bb6-1e2fabde7d7a	NR_028777.1	91.150	113	7	3	1	113	110	1	1.62e-36	150
e6fda199-6ff3-4002-87f6-38faff495638	NR_043332.1	98.052	154	1	2	1	153	1330	1482	2.07e-71	267
e6fda199-6ff3-4002-87f6-38faff495638	NR_074980.1	98.052	154	1	2	1	153	1357	1509	2.07e-71	267
e6fda199-6ff3-4002-87f6-38faff495638	NR_113031.1	98.052	154	1	2	1	153	1357	1509	2.07e-71	267
e6fda199-6ff3-4002-87f6-38faff495638	NR_115354.1	98.052	154	1	2	1	153	1330	1482	2.07e-71	267
e6fda199-6ff3-4002-87f6-38faff495638	NR_115355.1	98.052	154	1	2	1	153	1330	1482	2.07e-71	267
19523647-4159-46d7-a631-8dbd6b3eb2d3	NR_037101.1	96.875	96	3	0	1	96	1313	1408	5.59e-40	161
19523647-4159-46d7-a631-8dbd6b3eb2d3	NR_024841.1	96.875	96	3	0	1	96	1327	1422	5.59e-40	161
19523647-4159-46d7-a631-8dbd6b3eb2d3	NR_024842.1	96.875	96	3	0	1	96	1328	1423	5.59e-40	161
19523647-4159-46d7-a631-8dbd6b3eb2d3	NR_025609.1	96.875	96	3	0	1	96	1262	1357	5.59e-40	161
19523647-4159-46d7-a631-8dbd6b3eb2d3	NR_036936.1	96.875	96	3	0	1	96	1313	1408	5.59e-40	161
5a9b539a-d956-43b6-9d92-f5229bdf7c5b	NR_025904.1	95.294	170	0	5	7	171	171	5	3.02e-70	263
5a9b539a-d956-43b6-9d92-f5229bdf7c5b	NR_026419.1	95.238	168	0	5	1	163	165	1	3.91e-69	259
5a9b539a-d956-43b6-9d92-f5229bdf7c5b	NR_025903.1	94.220	173	2	5	4	171	175	6	1.41e-68	257
5a9b539a-d956-43b6-9d92-f5229bdf7c5b	NR_036920.1	90.000	170	7	7	7	171	166	2	1.11e-54	211
5a9b539a-d956-43b6-9d92-f5229bdf7c5b	NR_133753.1	95.385	130	0	4	4	128	129	1	6.68e-52	202
e0627c81-b6e9-4954-949c-f89b801c32df	NR_042776.1	93.007	286	10	8	1	283	688	410	6.32e-114	409
e0627c81-b6e9-4954-949c-f89b801c32df	NR_197695.1	93.007	286	10	8	1	283	687	409	6.32e-114	409
e0627c81-b6e9-4954-949c-f89b801c32df	NR_042778.1	92.657	286	11	8	1	283	688	410	2.94e-112	403
e0627c81-b6e9-4954-949c-f89b801c32df	NR_042777.1	92.657	286	10	9	1	283	687	410	1.06e-111	401
e0627c81-b6e9-4954-949c-f89b801c32df	NR_118998.1	92.308	286	12	8	1	283	683	405	1.37e-110	398
c06fac31-85ca-44cf-ab6e-dd033a0bc8e6	NR_024842.1	99.115	113	0	1	1	112	1377	1489	4.14e-52	202
c06fac31-85ca-44cf-ab6e-dd033a0bc8e6	NR_041706.1	99.115	113	0	1	1	112	1372	1484	4.14e-52	202
c06fac31-85ca-44cf-ab6e-dd033a0bc8e6	NR_042052.1	99.115	113	0	1	1	112	1285	1397	4.14e-52	202
c06fac31-85ca-44cf-ab6e-dd033a0bc8e6	NR_025625.1	99.115	113	0	1	1	112	1371	1483	4.14e-52	202
c06fac31-85ca-44cf-ab6e-dd033a0bc8e6	NR_028705.1	99.115	113	0	1	1	112	1375	1487	4.14e-52	202
b41b6161-bf38-426f-9583-9a44f37efe04	NR_115355.1	95.076	264	5	7	1	259	1222	1482	5.86e-114	409
b41b6161-bf38-426f-9583-9a44f37efe04	NR_163639.1	95.076	264	5	7	1	259	1237	1497	5.86e-114	409
b41b6161-bf38-426f-9583-9a44f37efe04	NR_179325.1	95.076	264	5	7	1	259	1196	1456	5.86e-114	409
b41b6161-bf38-426f-9583-9a44f37efe04	NR_119169.1	94.697	264	6	7	1	259	1227	1487	2.73e-112	403
b41b6161-bf38-426f-9583-9a44f37efe04	NR_115354.1	94.318	264	7	7	1	259	1222	1482	1.27e-110	398
e8e28998-6cd3-483d-8697-ed268c386870	NR_025762.1	90.650	246	6	7	6	234	827	1072	1.52e-84	311
e8e28998-6cd3-483d-8697-ed268c386870	NR_041879.1	90.650	246	6	7	6	234	806	1051	1.52e-84	311
e8e28998-6cd3-483d-8697-ed268c386870	NR_113570.1	90.650	246	6	7	6	234	856	1101	1.52e-84	311
e8e28998-6cd3-483d-8697-ed268c386870	NR_043332.1	89.837	246	8	7	6	234	849	1094	2.54e-82	303
e8e28998-6cd3-483d-8697-ed268c386870	NR_115354.1	89.837	246	8	7	6	234	849	1094	9.13e-82	302
5a654b5c-44c3-4a76-abe2-3b9af40cfb75	NR_180043.1	85.185	81	7	5	1	76	1314	1234	4.46e-15	78.7
5a654b5c-44c3-4a76-abe2-3b9af40cfb75	NR_115961.1	90.000	60	5	1	15	74	1315	1257	1.61e-14	76.8
5a654b5c-44c3-4a76-abe2-3b9af40cfb75	NR_113041.1	84.906	53	7	1	24	76	1315	1264	2.71e-07	52.8
5a654b5c-44c3-4a76-abe2-3b9af40cfb75	NR_043273.1	84.906	53	7	1	24	76	1313	1262	2.71e-07	52.8
5a654b5c-44c3-4a76-abe2-3b9af40cfb75	NR_137212.1	84.906	53	7	1	24	76	1295	1244	2.71e-07	52.8
9ce51795-0438-4322-a58d-5644e34b3f26	NR_041880.1	91.373	255	16	6	12	262	842	1094	1.68e-94	344
9ce51795-0438-4322-a58d-5644e34b3f26	NR_044153.1	91.373	255	16	6	12	262	886	1138	1.68e-94	344
9ce51795-0438-4322-a58d-5644e34b3f26	NR_115354.1	90.980	255	17	6	12	262	886	1138	2.18e-93	340
9ce51795-0438-4322-a58d-5644e34b3f26	NR_074980.1	90.980	255	17	6	12	262	913	1165	7.84e-93	339
9ce51795-0438-4322-a58d-5644e34b3f26	NR_113031.1	90.980	255	17	6	12	262	913	1165	7.84e-93	339
db3d9a9a-28b7-4d24-96ce-edb0c78365cb	NR_025902.1	98.936	188	1	1	1	187	1263	1450	6.94e-92	335
db3d9a9a-28b7-4d24-96ce-edb0c78365cb	NR_028844.1	98.936	188	1	1	1	187	1294	1481	6.94e-92	335
db3d9a9a-28b7-4d24-96ce-edb0c78365cb	NR_117717.1	98.936	188	1	1	1	187	1305	1492	6.94e-92	335
db3d9a9a-28b7-4d24-96ce-edb0c78365cb	NR_121688.1	98.936	188	1	1	1	187	1305	1492	6.94e-92	335
db3d9a9a-28b7-4d24-96ce-edb0c78365cb	NR_159079.1	98.936	188	1	1	1	187	1281	1468	6.94e-92	335
7c8127b3-c396-4c3d-99fa-c7a0030555af	NR_044873.1	90.303	165	8	7	1	158	165	2	3.64e-54	209
7c8127b3-c396-4c3d-99fa-c7a0030555af	NR_074568.1	90.303	165	8	7	1	158	176	13	3.64e-54	209
7c8127b3-c396-4c3d-99fa-c7a0030555af	NR_044712.2	90.303	165	8	7	1	158	185	22	3.64e-54	209
7c8127b3-c396-4c3d-99fa-c7a0030555af	NR_109752.1	88.485	165	11	6	1	158	186	23	3.67e-49	193
7c8127b3-c396-4c3d-99fa-c7a0030555af	NR_179993.1	88.485	165	11	6	3	160	174	11	3.67e-49	193
4d7be22a-879b-4c27-b478-3834c4df0975	NR_041780.1	96.190	105	3	1	1	104	113	9	1.06e-42	171
4d7be22a-879b-4c27-b478-3834c4df0975	NR_028665.1	96.154	104	3	1	1	104	117	15	3.80e-42	169
4d7be22a-879b-4c27-b478-3834c4df0975	NR_042771.1	96.154	104	3	1	1	104	120	18	3.80e-42	169
4d7be22a-879b-4c27-b478-3834c4df0975	NR_117719.1	96.154	104	3	1	1	104	120	18	3.80e-42	169
4d7be22a-879b-4c27-b478-3834c4df0975	NR_175455.1	96.154	104	3	1	1	104	108	6	3.80e-42	169
5ce2e464-d22d-4e12-bad6-ccb10ad001c3	NR_042776.1	89.744	312	13	11	1	295	1206	897	1.49e-105	381
5ce2e464-d22d-4e12-bad6-ccb10ad001c3	NR_042777.1	89.744	312	13	11	1	295	1205	896	1.49e-105	381
5ce2e464-d22d-4e12-bad6-ccb10ad001c3	NR_042778.1	89.744	312	13	11	1	295	1206	897	1.49e-105	381
5ce2e464-d22d-4e12-bad6-ccb10ad001c3	NR_197695.1	89.744	312	13	11	1	295	1205	896	1.49e-105	381
5ce2e464-d22d-4e12-bad6-ccb10ad001c3	NR_024659.1	89.423	312	14	11	1	295	1162	853	6.94e-104	375
