3f3852f9-efce-47cb-bfc3-bb18355bcfe1	NR_115355.1	86.058	1248	96	65	38	1229	1228	3	0.0	1271
3f3852f9-efce-47cb-bfc3-bb18355bcfe1	NR_179325.1	86.453	1218	93	59	38	1203	1202	5	0.0	1269
3f3852f9-efce-47cb-bfc3-bb18355bcfe1	NR_074980.1	85.794	1260	101	65	38	1241	1255	18	0.0	1264
3f3852f9-efce-47cb-bfc3-bb18355bcfe1	NR_113031.1	85.794	1260	101	65	38	1241	1255	18	0.0	1264
3f3852f9-efce-47cb-bfc3-bb18355bcfe1	NR_119169.1	85.817	1248	99	65	38	1229	1233	8	0.0	1260
3f5966f7-7779-420d-99f2-34db9c9d62e3	NR_024842.1	92.795	1374	60	30	1	1353	1363	8	0.0	1956
3f5966f7-7779-420d-99f2-34db9c9d62e3	NR_115241.1	92.753	1366	60	30	1	1345	1348	1	0.0	1941
3f5966f7-7779-420d-99f2-34db9c9d62e3	NR_178515.1	92.753	1366	60	30	1	1345	1348	1	0.0	1938
3f5966f7-7779-420d-99f2-34db9c9d62e3	NR_115735.1	92.778	1357	58	31	1	1335	1339	1	0.0	1927
3f5966f7-7779-420d-99f2-34db9c9d62e3	NR_114413.1	91.776	1374	74	31	1	1353	1371	16	0.0	1875
93d99bf1-b2d1-4944-9838-3053138a6dad	NR_163639.1	98.467	261	2	2	1	260	264	5	5.67e-129	459
93d99bf1-b2d1-4944-9838-3053138a6dad	NR_074980.1	98.084	261	3	2	1	260	272	13	2.64e-127	453
93d99bf1-b2d1-4944-9838-3053138a6dad	NR_113031.1	98.084	261	3	2	1	260	272	13	2.64e-127	453
93d99bf1-b2d1-4944-9838-3053138a6dad	NR_119168.1	98.406	251	2	2	1	250	250	1	2.05e-123	440
93d99bf1-b2d1-4944-9838-3053138a6dad	NR_119169.1	98.008	251	3	2	1	250	250	1	2.66e-122	436
c7760d07-2eb0-4e89-8846-c654fa567f37	NR_025904.1	90.965	974	66	18	2	966	537	1497	0.0	1291
c7760d07-2eb0-4e89-8846-c654fa567f37	NR_026419.1	90.974	975	65	18	2	966	526	1487	0.0	1291
c7760d07-2eb0-4e89-8846-c654fa567f37	NR_025903.1	90.965	974	66	18	2	966	538	1498	0.0	1291
c7760d07-2eb0-4e89-8846-c654fa567f37	NR_133752.1	91.170	940	62	17	2	932	463	1390	0.0	1256
c7760d07-2eb0-4e89-8846-c654fa567f37	NR_133753.1	91.170	940	62	17	2	932	492	1419	0.0	1256
fa4a1d7d-90ea-49f4-aeb6-51da54a64225	NR_113570.1	95.021	703	18	15	1	693	798	1493	0.0	1088
fa4a1d7d-90ea-49f4-aeb6-51da54a64225	NR_043332.1	94.872	702	20	14	1	693	791	1485	0.0	1086
fa4a1d7d-90ea-49f4-aeb6-51da54a64225	NR_074980.1	94.872	702	20	14	1	693	818	1512	0.0	1083
fa4a1d7d-90ea-49f4-aeb6-51da54a64225	NR_113031.1	94.872	702	20	14	1	693	818	1512	0.0	1083
fa4a1d7d-90ea-49f4-aeb6-51da54a64225	NR_115355.1	94.729	702	21	14	1	693	791	1485	0.0	1077
1b31c6fd-4290-4d7b-9174-9a91bc12570e	NR_042776.1	91.674	1069	44	34	78	1122	455	1502	0.0	1439
1b31c6fd-4290-4d7b-9174-9a91bc12570e	NR_042777.1	91.573	1068	46	33	78	1122	455	1501	0.0	1434
1b31c6fd-4290-4d7b-9174-9a91bc12570e	NR_197695.1	91.581	1069	45	35	78	1122	454	1501	0.0	1434
1b31c6fd-4290-4d7b-9174-9a91bc12570e	NR_042778.1	91.635	1064	45	34	82	1122	460	1502	0.0	1432
1b31c6fd-4290-4d7b-9174-9a91bc12570e	NR_118998.1	91.071	1064	50	35	82	1122	455	1496	0.0	1397
83a643ed-3344-4b1a-86ca-85daa6da94f1	NR_041989.1	92.196	551	21	17	1	533	1175	629	0.0	760
83a643ed-3344-4b1a-86ca-85daa6da94f1	NR_117694.1	92.015	551	22	17	1	533	1217	671	0.0	754
83a643ed-3344-4b1a-86ca-85daa6da94f1	NR_025892.1	91.652	551	24	18	1	533	1242	696	0.0	749
83a643ed-3344-4b1a-86ca-85daa6da94f1	NR_178369.1	91.833	551	23	17	1	533	1188	642	0.0	749
83a643ed-3344-4b1a-86ca-85daa6da94f1	NR_028900.1	91.652	551	24	17	1	533	1175	629	0.0	743
a7a96c17-acce-4d7c-89b9-9f939680137e	NR_115241.1	91.962	734	22	31	6	715	721	1	0.0	994
a7a96c17-acce-4d7c-89b9-9f939680137e	NR_024842.1	91.723	737	24	31	6	718	736	13	0.0	992
a7a96c17-acce-4d7c-89b9-9f939680137e	NR_115735.1	91.862	725	22	31	6	706	712	1	0.0	977
a7a96c17-acce-4d7c-89b9-9f939680137e	NR_117425.1	91.328	738	27	31	5	718	725	1	0.0	974
a7a96c17-acce-4d7c-89b9-9f939680137e	NR_178515.1	91.281	734	27	31	6	715	721	1	0.0	966
aa155bdd-b2ef-4811-a647-0b021786ae28	NR_025903.1	87.666	827	64	29	45	848	817	6	0.0	928
aa155bdd-b2ef-4811-a647-0b021786ae28	NR_133753.1	87.150	786	64	28	45	808	771	1	0.0	857
aa155bdd-b2ef-4811-a647-0b021786ae28	NR_026419.1	86.098	820	75	30	45	840	805	1	0.0	846
aa155bdd-b2ef-4811-a647-0b021786ae28	NR_025904.1	85.887	829	75	33	45	848	816	5	0.0	845
aa155bdd-b2ef-4811-a647-0b021786ae28	NR_133752.1	87.384	753	61	25	45	778	742	5	0.0	833
918607ff-62c2-4b7d-b4ff-1ec517c85c42	NR_042776.1	94.529	786	24	18	1	779	238	1011	0.0	1195
918607ff-62c2-4b7d-b4ff-1ec517c85c42	NR_042777.1	94.402	786	24	19	1	779	238	1010	0.0	1190
918607ff-62c2-4b7d-b4ff-1ec517c85c42	NR_197695.1	94.402	786	25	18	1	779	237	1010	0.0	1190
918607ff-62c2-4b7d-b4ff-1ec517c85c42	NR_042778.1	94.275	786	26	18	1	779	238	1011	0.0	1184
918607ff-62c2-4b7d-b4ff-1ec517c85c42	NR_118998.1	93.511	786	31	19	1	779	233	1005	0.0	1151
152b938d-3bd7-4a98-9747-014810727ee1	NR_041880.1	85.921	483	21	28	1	440	600	1078	1.30e-132	472
152b938d-3bd7-4a98-9747-014810727ee1	NR_074980.1	85.921	483	21	28	1	440	671	1149	1.30e-132	472
152b938d-3bd7-4a98-9747-014810727ee1	NR_113031.1	85.921	483	21	28	1	440	671	1149	1.30e-132	472
152b938d-3bd7-4a98-9747-014810727ee1	NR_115354.1	85.714	483	22	28	1	440	644	1122	1.68e-131	468
152b938d-3bd7-4a98-9747-014810727ee1	NR_117759.1	85.714	483	22	28	1	440	647	1125	1.68e-131	468
85644d86-ed8f-4bd0-a4ea-0c9d35630cd7	NR_199547.1	96.565	1019	17	15	5	1007	1057	41	0.0	1672
85644d86-ed8f-4bd0-a4ea-0c9d35630cd7	NR_042928.1	96.369	1019	19	15	5	1007	1077	61	0.0	1661
85644d86-ed8f-4bd0-a4ea-0c9d35630cd7	NR_112026.1	96.271	1019	19	16	5	1007	1059	44	0.0	1655
85644d86-ed8f-4bd0-a4ea-0c9d35630cd7	NR_199541.1	96.071	1018	22	15	5	1006	1055	40	0.0	1642
85644d86-ed8f-4bd0-a4ea-0c9d35630cd7	NR_116206.1	96.315	1004	19	15	5	992	1002	1	0.0	1635
65d7f2c4-7fb5-46b4-91b8-27a81a0b3e15	NR_042776.1	94.710	397	13	7	1	391	412	18	2.30e-174	610
65d7f2c4-7fb5-46b4-91b8-27a81a0b3e15	NR_042778.1	94.458	397	14	7	1	391	412	18	1.07e-172	604
65d7f2c4-7fb5-46b4-91b8-27a81a0b3e15	NR_042777.1	94.207	397	15	7	1	391	412	18	4.98e-171	599
65d7f2c4-7fb5-46b4-91b8-27a81a0b3e15	NR_118998.1	93.687	396	17	7	2	391	406	13	1.08e-167	588
65d7f2c4-7fb5-46b4-91b8-27a81a0b3e15	NR_197695.1	93.703	397	17	7	1	391	411	17	1.08e-167	588
cb78883b-ce02-4280-b438-0a98b71c578d	NR_025892.1	97.549	204	3	2	1	203	1414	1212	9.73e-96	348
cb78883b-ce02-4280-b438-0a98b71c578d	NR_025902.1	97.549	204	3	2	1	203	1367	1165	9.73e-96	348
cb78883b-ce02-4280-b438-0a98b71c578d	NR_040933.1	97.549	204	3	2	1	203	1411	1209	9.73e-96	348
cb78883b-ce02-4280-b438-0a98b71c578d	NR_041988.1	97.549	204	3	2	1	203	1347	1145	9.73e-96	348
cb78883b-ce02-4280-b438-0a98b71c578d	NR_104947.1	97.549	204	3	2	1	203	1362	1160	9.73e-96	348
f613f954-ade8-41e4-b648-c846e7286bec	NR_026419.1	95.932	885	21	13	1	874	881	1	0.0	1421
f613f954-ade8-41e4-b648-c846e7286bec	NR_025903.1	94.625	893	31	15	1	881	893	6	0.0	1367
f613f954-ade8-41e4-b648-c846e7286bec	NR_025904.1	93.966	895	33	18	1	881	892	5	0.0	1334
f613f954-ade8-41e4-b648-c846e7286bec	NR_133753.1	95.136	843	26	13	1	833	847	10	0.0	1315
f613f954-ade8-41e4-b648-c846e7286bec	NR_133752.1	94.769	822	29	12	1	812	818	1	0.0	1267
e8263a7f-da2c-4c8c-a5d6-87cf3a4e71ac	NR_042927.1	88.821	823	51	33	1	790	1467	653	0.0	972
e8263a7f-da2c-4c8c-a5d6-87cf3a4e71ac	NR_115734.1	88.821	823	51	33	1	790	1468	654	0.0	972
e8263a7f-da2c-4c8c-a5d6-87cf3a4e71ac	NR_175455.1	88.821	823	51	33	1	790	1473	659	0.0	972
e8263a7f-da2c-4c8c-a5d6-87cf3a4e71ac	NR_179383.1	88.821	823	51	33	1	790	1492	678	0.0	972
e8263a7f-da2c-4c8c-a5d6-87cf3a4e71ac	NR_165744.1	88.578	823	52	34	1	790	1473	660	0.0	961
23551e37-c336-4389-a478-95aff500dfe0	NR_041989.1	89.416	822	47	26	1	801	531	1333	0.0	1000
23551e37-c336-4389-a478-95aff500dfe0	NR_117694.1	89.294	822	48	26	1	801	573	1375	0.0	994
23551e37-c336-4389-a478-95aff500dfe0	NR_121687.1	89.186	823	47	28	1	801	593	1395	0.0	989
23551e37-c336-4389-a478-95aff500dfe0	NR_028900.1	88.808	822	52	26	1	801	531	1333	0.0	972
23551e37-c336-4389-a478-95aff500dfe0	NR_041988.1	88.808	822	52	26	1	801	531	1333	0.0	972
03bd70e6-82d8-49b9-9c8e-c16fae002d9c	NR_042776.1	98.161	435	5	3	4	435	452	18	0.0	756
03bd70e6-82d8-49b9-9c8e-c16fae002d9c	NR_042778.1	97.931	435	6	3	4	435	452	18	0.0	750
03bd70e6-82d8-49b9-9c8e-c16fae002d9c	NR_042777.1	97.701	435	7	3	4	435	452	18	0.0	745
03bd70e6-82d8-49b9-9c8e-c16fae002d9c	NR_118998.1	97.011	435	10	3	4	435	447	13	0.0	730
03bd70e6-82d8-49b9-9c8e-c16fae002d9c	NR_197695.1	97.011	435	10	3	4	435	451	17	0.0	728
cc6de9da-e6e8-4df3-86f0-0c648a603ea8	NR_116168.1	96.229	822	18	11	6	823	679	1491	0.0	1334
cc6de9da-e6e8-4df3-86f0-0c648a603ea8	NR_118762.1	95.074	812	26	12	6	813	682	1483	0.0	1282
cc6de9da-e6e8-4df3-86f0-0c648a603ea8	NR_024897.1	93.568	824	36	15	6	823	678	1490	0.0	1212
cc6de9da-e6e8-4df3-86f0-0c648a603ea8	NR_181418.1	93.576	825	34	15	6	823	678	1490	0.0	1212
cc6de9da-e6e8-4df3-86f0-0c648a603ea8	NR_024898.1	93.196	823	41	13	6	823	678	1490	0.0	1195
1e7780cf-7156-4adf-8d36-9879403aec88	NR_113570.1	97.201	1322	19	16	10	1321	177	1490	0.0	2220
1e7780cf-7156-4adf-8d36-9879403aec88	NR_074980.1	97.123	1321	21	15	10	1321	197	1509	0.0	2213
1e7780cf-7156-4adf-8d36-9879403aec88	NR_113031.1	97.123	1321	21	15	10	1321	197	1509	0.0	2213
1e7780cf-7156-4adf-8d36-9879403aec88	NR_043332.1	97.048	1321	22	15	10	1321	170	1482	0.0	2211
1e7780cf-7156-4adf-8d36-9879403aec88	NR_115354.1	96.963	1317	23	15	14	1321	174	1482	0.0	2198
3371721a-77f1-40de-bcfa-021b5cc99a48	NR_136788.1	93.630	832	31	18	1	815	839	13	0.0	1223
3371721a-77f1-40de-bcfa-021b5cc99a48	NR_113082.1	90.876	833	52	20	1	815	839	13	0.0	1096
3371721a-77f1-40de-bcfa-021b5cc99a48	NR_026230.1	90.036	823	58	20	1	805	817	1	0.0	1062
3371721a-77f1-40de-bcfa-021b5cc99a48	NR_152035.1	84.293	834	101	25	3	815	838	14	0.0	787
3371721a-77f1-40de-bcfa-021b5cc99a48	NR_179662.1	82.754	835	113	26	1	815	839	16	0.0	715
6a6bbf45-c7b9-44ac-bd1f-357547a61c5e	NR_136788.1	93.548	217	9	5	1	215	1266	1479	8.22e-87	318
6a6bbf45-c7b9-44ac-bd1f-357547a61c5e	NR_026230.1	90.783	217	15	5	1	215	1244	1457	8.34e-77	285
6a6bbf45-c7b9-44ac-bd1f-357547a61c5e	NR_136443.1	92.893	197	11	3	1	196	1228	1422	3.00e-76	283
6a6bbf45-c7b9-44ac-bd1f-357547a61c5e	NR_113082.1	92.973	185	10	3	1	184	1266	1448	3.02e-71	267
6a6bbf45-c7b9-44ac-bd1f-357547a61c5e	NR_117913.1	88.940	217	19	5	1	215	1255	1468	3.91e-70	263
1ceeea81-34e5-4ffb-ae8e-cad524c2b365	NR_042776.1	92.862	1359	61	27	1	1339	1360	18	0.0	1940
1ceeea81-34e5-4ffb-ae8e-cad524c2b365	NR_042777.1	92.873	1361	56	29	1	1339	1359	18	0.0	1938
1ceeea81-34e5-4ffb-ae8e-cad524c2b365	NR_042778.1	92.642	1359	64	29	1	1339	1360	18	0.0	1923
1ceeea81-34e5-4ffb-ae8e-cad524c2b365	NR_117425.1	92.541	1354	65	29	1	1334	1338	1	0.0	1908
1ceeea81-34e5-4ffb-ae8e-cad524c2b365	NR_118998.1	91.979	1359	72	30	1	1339	1354	13	0.0	1873
3cc25d63-7ebb-448b-acac-b86505149c88	NR_028664.1	95.571	1445	37	24	2	1427	1452	16	0.0	2289
3cc25d63-7ebb-448b-acac-b86505149c88	NR_042928.1	95.936	1427	31	24	12	1419	1419	1	0.0	2289
3cc25d63-7ebb-448b-acac-b86505149c88	NR_199545.1	95.679	1435	35	24	12	1427	1439	13	0.0	2281
3cc25d63-7ebb-448b-acac-b86505149c88	NR_117719.1	95.433	1445	39	24	2	1427	1449	13	0.0	2278
3cc25d63-7ebb-448b-acac-b86505149c88	NR_179385.1	95.610	1435	36	24	12	1427	1443	17	0.0	2276
046f9e54-610c-49e5-beb4-266251d0e558	NR_115241.1	90.928	959	35	36	11	925	952	2	0.0	1242
046f9e54-610c-49e5-beb4-266251d0e558	NR_115735.1	91.453	936	31	34	11	904	943	15	0.0	1240
046f9e54-610c-49e5-beb4-266251d0e558	NR_024842.1	90.719	959	37	36	11	925	967	17	0.0	1234
046f9e54-610c-49e5-beb4-266251d0e558	NR_178515.1	90.208	960	40	38	11	925	952	2	0.0	1203
046f9e54-610c-49e5-beb4-266251d0e558	NR_165737.1	90.000	960	42	38	11	925	952	2	0.0	1192
6ab5fd3d-3626-4f54-9a72-29f50962e206	NR_026419.1	96.681	1386	26	15	1	1372	105	1484	0.0	2287
6ab5fd3d-3626-4f54-9a72-29f50962e206	NR_025903.1	95.235	1385	46	15	1	1372	118	1495	0.0	2174
6ab5fd3d-3626-4f54-9a72-29f50962e206	NR_133753.1	95.301	1362	44	15	1	1349	72	1426	0.0	2143
6ab5fd3d-3626-4f54-9a72-29f50962e206	NR_133752.1	95.081	1362	47	15	1	1349	43	1397	0.0	2126
6ab5fd3d-3626-4f54-9a72-29f50962e206	NR_025904.1	94.593	1387	51	18	1	1372	117	1494	0.0	2124
10d45ac8-fbc9-4065-a84b-ad430d724d28	NR_025862.1	87.112	1288	95	50	10	1245	1282	14	0.0	1402
10d45ac8-fbc9-4065-a84b-ad430d724d28	NR_044710.2	84.252	1143	118	47	77	1172	1229	102	0.0	1081
10d45ac8-fbc9-4065-a84b-ad430d724d28	NR_118906.1	83.971	1098	119	39	77	1133	1227	146	0.0	1031
10d45ac8-fbc9-4065-a84b-ad430d724d28	NR_118905.1	83.894	1099	118	43	77	1133	1227	146	0.0	1024
10d45ac8-fbc9-4065-a84b-ad430d724d28	NR_118918.1	84.230	1078	110	49	10	1045	1106	47	0.0	1020
4033eca6-4a3e-410f-8316-25a9cd57ef73	NR_133753.1	91.667	552	21	19	1	532	661	115	0.0	741
4033eca6-4a3e-410f-8316-25a9cd57ef73	NR_025903.1	91.667	552	21	19	1	532	707	161	0.0	741
4033eca6-4a3e-410f-8316-25a9cd57ef73	NR_133752.1	91.304	552	23	19	1	532	632	86	0.0	730
4033eca6-4a3e-410f-8316-25a9cd57ef73	NR_026419.1	90.072	554	27	22	1	532	695	148	0.0	693
4033eca6-4a3e-410f-8316-25a9cd57ef73	NR_025904.1	89.331	553	32	21	1	532	706	160	0.0	669
57c1eaac-ebfc-4788-afe1-ee7471bae8e2	NR_042878.1	96.809	376	7	5	1	372	1014	640	7.82e-179	625
57c1eaac-ebfc-4788-afe1-ee7471bae8e2	NR_116168.1	96.809	376	7	5	1	372	1035	661	2.81e-178	623
57c1eaac-ebfc-4788-afe1-ee7471bae8e2	NR_118143.1	96.277	376	9	5	1	372	1016	642	6.09e-175	612
57c1eaac-ebfc-4788-afe1-ee7471bae8e2	NR_118762.1	94.681	376	14	5	1	372	1037	664	2.20e-169	593
57c1eaac-ebfc-4788-afe1-ee7471bae8e2	NR_025423.1	94.149	376	17	5	1	372	1019	645	1.34e-161	568
e50e8cbd-f99a-4021-a7bc-3d3ea90698ed	NR_028664.1	84.200	500	47	27	1	480	882	395	3.92e-128	457
e50e8cbd-f99a-4021-a7bc-3d3ea90698ed	NR_028665.1	84.200	500	47	27	1	480	876	389	3.92e-128	457
e50e8cbd-f99a-4021-a7bc-3d3ea90698ed	NR_042927.1	84.200	500	47	27	1	480	861	374	3.92e-128	457
e50e8cbd-f99a-4021-a7bc-3d3ea90698ed	NR_028736.1	83.034	501	51	27	1	480	885	398	3.98e-118	424
e50e8cbd-f99a-4021-a7bc-3d3ea90698ed	NR_109371.1	83.068	502	49	29	1	480	889	402	3.98e-118	424
715fed2b-4daf-4f08-a545-d515bd3e9a10	NR_163639.1	93.750	352	9	9	1	346	1467	1123	4.60e-146	516
715fed2b-4daf-4f08-a545-d515bd3e9a10	NR_179325.1	93.750	352	9	9	1	346	1426	1082	4.60e-146	516
715fed2b-4daf-4f08-a545-d515bd3e9a10	NR_115355.1	93.466	352	10	9	1	346	1452	1108	2.14e-144	510
715fed2b-4daf-4f08-a545-d515bd3e9a10	NR_115354.1	93.201	353	9	10	1	346	1452	1108	9.96e-143	505
715fed2b-4daf-4f08-a545-d515bd3e9a10	NR_119169.1	92.898	352	12	9	1	346	1457	1113	1.29e-141	501
2922d542-67f0-4814-8bf3-80a6bddb8e6f	NR_044873.1	92.736	881	39	22	1	865	1246	375	0.0	1249
2922d542-67f0-4814-8bf3-80a6bddb8e6f	NR_074568.1	91.033	881	53	23	1	865	1256	386	0.0	1166
2922d542-67f0-4814-8bf3-80a6bddb8e6f	NR_043968.1	90.930	882	52	25	1	865	1214	344	0.0	1160
2922d542-67f0-4814-8bf3-80a6bddb8e6f	NR_044712.2	90.795	880	57	21	1	865	1265	395	0.0	1158
2922d542-67f0-4814-8bf3-80a6bddb8e6f	NR_025310.1	90.816	882	53	25	1	865	1236	366	0.0	1155
a66dabad-40da-4263-8efb-39a7033337b9	NR_163639.1	87.097	496	28	30	1	481	478	4	8.23e-150	529
a66dabad-40da-4263-8efb-39a7033337b9	NR_074980.1	86.922	497	28	30	1	480	489	13	3.83e-148	523
a66dabad-40da-4263-8efb-39a7033337b9	NR_113031.1	86.922	497	28	30	1	480	489	13	3.83e-148	523
a66dabad-40da-4263-8efb-39a7033337b9	NR_119168.1	86.653	487	28	31	1	470	467	1	1.39e-142	505
a66dabad-40da-4263-8efb-39a7033337b9	NR_119169.1	86.448	487	29	31	1	470	467	1	4.99e-142	503
72a43fe9-5ca2-444f-826e-ee3b2ea4e417	NR_163639.1	95.840	601	12	13	1	597	595	4	0.0	959
72a43fe9-5ca2-444f-826e-ee3b2ea4e417	NR_115355.1	96.410	585	9	12	1	579	579	1	0.0	957
72a43fe9-5ca2-444f-826e-ee3b2ea4e417	NR_119169.1	96.259	588	10	12	1	582	584	3	0.0	957
72a43fe9-5ca2-444f-826e-ee3b2ea4e417	NR_119168.1	96.239	585	10	12	4	582	581	3	0.0	948
72a43fe9-5ca2-444f-826e-ee3b2ea4e417	NR_074980.1	95.492	599	13	14	4	596	603	13	0.0	944
8f480885-b244-4ac7-b525-89c8f948ca36	NR_179325.1	93.435	655	13	26	1	628	1319	668	0.0	944
8f480885-b244-4ac7-b525-89c8f948ca36	NR_041880.1	93.272	654	16	22	1	628	1301	650	0.0	939
8f480885-b244-4ac7-b525-89c8f948ca36	NR_115354.1	93.119	654	17	22	1	628	1345	694	0.0	935
8f480885-b244-4ac7-b525-89c8f948ca36	NR_115355.1	93.119	654	17	22	1	628	1345	694	0.0	933
8f480885-b244-4ac7-b525-89c8f948ca36	NR_041879.1	92.977	655	17	23	1	628	1303	651	0.0	928
97ea8e24-6e79-414d-bf67-9859d6c9ba09	NR_042776.1	90.750	627	29	19	14	616	651	30	0.0	809
97ea8e24-6e79-414d-bf67-9859d6c9ba09	NR_042778.1	90.431	627	31	19	14	616	651	30	0.0	798
97ea8e24-6e79-414d-bf67-9859d6c9ba09	NR_042777.1	90.271	627	31	21	14	616	650	30	0.0	793
97ea8e24-6e79-414d-bf67-9859d6c9ba09	NR_197695.1	90.112	627	33	19	14	616	650	29	0.0	787
97ea8e24-6e79-414d-bf67-9859d6c9ba09	NR_118998.1	89.633	627	36	19	14	616	646	25	0.0	773
8d59dee4-a7fc-4d73-85a8-da693bb9e741	NR_040821.1	97.500	320	5	3	1	319	1161	1478	1.90e-154	544
8d59dee4-a7fc-4d73-85a8-da693bb9e741	NR_025148.1	97.500	320	5	3	1	319	1181	1498	1.90e-154	544
8d59dee4-a7fc-4d73-85a8-da693bb9e741	NR_040820.1	97.500	320	5	3	1	319	1161	1478	1.90e-154	544
8d59dee4-a7fc-4d73-85a8-da693bb9e741	NR_134818.1	97.500	320	5	3	1	319	1174	1491	1.90e-154	544
8d59dee4-a7fc-4d73-85a8-da693bb9e741	NR_126177.1	97.500	320	5	3	1	319	1163	1480	1.90e-154	544
4b9acd42-804f-4842-a63b-0be84712efa0	NR_025862.1	95.085	590	17	10	14	592	599	11	0.0	926
4b9acd42-804f-4842-a63b-0be84712efa0	NR_028682.1	92.386	591	28	15	14	590	600	13	0.0	826
4b9acd42-804f-4842-a63b-0be84712efa0	NR_026454.1	89.446	578	40	19	14	572	576	1	0.0	710
4b9acd42-804f-4842-a63b-0be84712efa0	NR_180911.1	87.395	595	52	22	14	590	590	1	0.0	662
4b9acd42-804f-4842-a63b-0be84712efa0	NR_119263.1	87.167	600	50	23	14	589	597	1	0.0	656
65ab773f-25de-44ba-b431-4ad8093d0ce1	NR_152678.1	93.320	509	18	11	1	503	997	1495	0.0	737
65ab773f-25de-44ba-b431-4ad8093d0ce1	NR_036936.1	93.267	505	18	11	1	499	977	1471	0.0	730
65ab773f-25de-44ba-b431-4ad8093d0ce1	NR_028664.1	92.927	509	20	11	1	503	998	1496	0.0	726
65ab773f-25de-44ba-b431-4ad8093d0ce1	NR_199956.1	92.927	509	20	11	1	503	997	1495	0.0	726
65ab773f-25de-44ba-b431-4ad8093d0ce1	NR_117719.1	92.731	509	21	11	1	503	995	1493	0.0	721
856e0b00-0891-4cf6-b89a-4c733640a0f1	NR_113570.1	91.179	975	42	35	1	950	535	1490	0.0	1284
856e0b00-0891-4cf6-b89a-4c733640a0f1	NR_043332.1	90.862	974	46	34	1	950	528	1482	0.0	1271
856e0b00-0891-4cf6-b89a-4c733640a0f1	NR_074980.1	90.965	974	45	34	1	950	555	1509	0.0	1271
856e0b00-0891-4cf6-b89a-4c733640a0f1	NR_113031.1	90.965	974	45	34	1	950	555	1509	0.0	1271
856e0b00-0891-4cf6-b89a-4c733640a0f1	NR_115354.1	90.760	974	47	30	1	950	528	1482	0.0	1264
de533337-de46-44bb-91c1-76ce4b814c59	NR_042776.1	90.868	219	11	8	1	215	231	18	8.34e-77	285
de533337-de46-44bb-91c1-76ce4b814c59	NR_042778.1	90.868	219	11	8	1	215	231	18	8.34e-77	285
de533337-de46-44bb-91c1-76ce4b814c59	NR_042777.1	90.411	219	12	8	1	215	231	18	3.88e-75	279
de533337-de46-44bb-91c1-76ce4b814c59	NR_118998.1	89.954	219	13	8	1	215	226	13	5.02e-74	276
de533337-de46-44bb-91c1-76ce4b814c59	NR_197695.1	89.041	219	15	8	1	215	230	17	3.91e-70	263
d96b50a1-64d3-43a8-8686-30962aaf6633	NR_042776.1	94.118	765	17	21	49	798	1005	254	0.0	1138
d96b50a1-64d3-43a8-8686-30962aaf6633	NR_178515.1	92.565	807	33	20	6	798	1022	229	0.0	1133
d96b50a1-64d3-43a8-8686-30962aaf6633	NR_197695.1	93.987	765	18	21	49	798	1004	253	0.0	1133
d96b50a1-64d3-43a8-8686-30962aaf6633	NR_042777.1	93.987	765	17	22	49	798	1004	254	0.0	1131
d96b50a1-64d3-43a8-8686-30962aaf6633	NR_042778.1	93.856	765	19	21	49	798	1005	254	0.0	1127
dd836feb-9d2d-4f12-b37e-4c80241a1ecf	NR_117696.1	96.921	1234	24	11	1	1226	227	1454	0.0	2056
dd836feb-9d2d-4f12-b37e-4c80241a1ecf	NR_117717.1	96.840	1234	24	12	1	1226	261	1487	0.0	2049
dd836feb-9d2d-4f12-b37e-4c80241a1ecf	NR_117694.1	96.764	1236	22	15	1	1226	240	1467	0.0	2045
dd836feb-9d2d-4f12-b37e-4c80241a1ecf	NR_117701.1	96.759	1234	26	11	1	1226	240	1467	0.0	2045
dd836feb-9d2d-4f12-b37e-4c80241a1ecf	NR_121688.1	96.677	1234	27	11	1	1226	260	1487	0.0	2039
be9df67d-34d0-43cd-8f7c-ee32ca651cfb	NR_025862.1	94.015	518	22	8	12	524	1406	893	0.0	778
be9df67d-34d0-43cd-8f7c-ee32ca651cfb	NR_028682.1	93.384	529	26	8	1	524	1418	894	0.0	774
be9df67d-34d0-43cd-8f7c-ee32ca651cfb	NR_026454.1	93.050	518	27	8	12	524	1383	870	0.0	749
be9df67d-34d0-43cd-8f7c-ee32ca651cfb	NR_113798.1	92.075	530	32	9	1	524	1403	878	0.0	737
be9df67d-34d0-43cd-8f7c-ee32ca651cfb	NR_116890.1	92.075	530	31	9	1	524	1406	882	0.0	736
89794001-fff1-48ce-b54a-46eb90e3549a	NR_042776.1	96.074	1452	29	25	1	1433	60	1502	0.0	2340
89794001-fff1-48ce-b54a-46eb90e3549a	NR_042777.1	95.937	1452	30	26	1	1433	60	1501	0.0	2327
89794001-fff1-48ce-b54a-46eb90e3549a	NR_042778.1	95.799	1452	33	25	1	1433	60	1502	0.0	2318
89794001-fff1-48ce-b54a-46eb90e3549a	NR_197695.1	95.523	1452	37	26	1	1433	59	1501	0.0	2296
89794001-fff1-48ce-b54a-46eb90e3549a	NR_118998.1	95.179	1452	41	26	1	1433	55	1496	0.0	2268
066852f5-1919-4791-89dc-331c1b4c62b3	NR_042776.1	99.065	535	1	4	1	532	551	18	0.0	957
066852f5-1919-4791-89dc-331c1b4c62b3	NR_042778.1	98.692	535	3	4	1	532	551	18	0.0	946
066852f5-1919-4791-89dc-331c1b4c62b3	NR_042777.1	98.505	535	3	5	1	532	550	18	0.0	939
066852f5-1919-4791-89dc-331c1b4c62b3	NR_197695.1	98.131	535	6	4	1	532	550	17	0.0	929
066852f5-1919-4791-89dc-331c1b4c62b3	NR_118998.1	97.757	535	8	4	1	532	546	13	0.0	920
8389f985-6b5e-400b-8d1b-70c34c8850c5	NR_116206.1	94.622	688	21	12	9	687	475	1155	0.0	1053
8389f985-6b5e-400b-8d1b-70c34c8850c5	NR_042928.1	94.622	688	21	12	9	687	550	1230	0.0	1051
8389f985-6b5e-400b-8d1b-70c34c8850c5	NR_179540.1	94.614	687	23	12	9	687	570	1250	0.0	1051
8389f985-6b5e-400b-8d1b-70c34c8850c5	NR_042927.1	94.469	687	24	12	9	687	552	1232	0.0	1046
8389f985-6b5e-400b-8d1b-70c34c8850c5	NR_114413.1	94.469	687	24	12	9	687	575	1255	0.0	1046
9d02073d-e87e-4f93-bcd6-e3b0fa82ecd1	NR_165737.1	95.972	1266	29	17	4	1252	205	1465	0.0	2036
9d02073d-e87e-4f93-bcd6-e3b0fa82ecd1	NR_113260.1	95.652	1265	34	16	4	1252	205	1464	0.0	2012
9d02073d-e87e-4f93-bcd6-e3b0fa82ecd1	NR_115736.1	95.362	1272	38	16	4	1259	152	1418	0.0	2006
9d02073d-e87e-4f93-bcd6-e3b0fa82ecd1	NR_024841.1	95.827	1246	32	15	4	1233	219	1460	0.0	1995
9d02073d-e87e-4f93-bcd6-e3b0fa82ecd1	NR_028833.1	95.067	1277	41	17	1	1260	229	1500	0.0	1989
111bcab7-446c-4e81-bebe-83ef1daaf1e9	NR_165737.1	98.153	1462	15	10	8	1465	18	1471	0.0	2540
111bcab7-446c-4e81-bebe-83ef1daaf1e9	NR_036936.1	97.880	1462	19	10	8	1465	18	1471	0.0	2519
111bcab7-446c-4e81-bebe-83ef1daaf1e9	NR_115735.1	97.682	1467	18	14	8	1468	8	1464	0.0	2507
111bcab7-446c-4e81-bebe-83ef1daaf1e9	NR_024842.1	97.614	1467	20	13	8	1469	33	1489	0.0	2505
111bcab7-446c-4e81-bebe-83ef1daaf1e9	NR_109720.1	97.997	1448	18	9	8	1452	12	1451	0.0	2503
6164ae51-8a4e-4121-b594-a3b87f17d454	NR_165741.1	96.223	1271	20	20	2	1247	210	1477	0.0	2056
6164ae51-8a4e-4121-b594-a3b87f17d454	NR_042772.1	91.315	1278	79	24	5	1255	237	1509	0.0	1716
6164ae51-8a4e-4121-b594-a3b87f17d454	NR_114726.1	91.315	1278	79	24	5	1255	215	1487	0.0	1716
6164ae51-8a4e-4121-b594-a3b87f17d454	NR_113641.1	91.280	1273	79	24	5	1250	215	1482	0.0	1707
6164ae51-8a4e-4121-b594-a3b87f17d454	NR_115733.1	91.216	1275	79	25	5	1252	213	1481	0.0	1703
45efbdd6-b34a-4833-8a5e-9d15de5ac494	NR_025289.1	97.393	537	6	7	4	535	902	1435	0.0	909
45efbdd6-b34a-4833-8a5e-9d15de5ac494	NR_118780.1	97.222	540	6	7	4	537	908	1444	0.0	905
45efbdd6-b34a-4833-8a5e-9d15de5ac494	NR_133037.1	90.959	542	35	12	4	537	927	1462	0.0	717
45efbdd6-b34a-4833-8a5e-9d15de5ac494	NR_144737.1	90.758	541	38	10	4	537	928	1463	0.0	712
45efbdd6-b34a-4833-8a5e-9d15de5ac494	NR_173621.1	90.275	545	36	15	4	537	935	1473	0.0	697
a837e3c7-6188-4427-a2c6-cd36026222eb	NR_043332.1	92.583	391	13	13	1	386	1103	1482	1.84e-155	547
a837e3c7-6188-4427-a2c6-cd36026222eb	NR_074980.1	92.583	391	13	13	1	386	1130	1509	1.84e-155	547
a837e3c7-6188-4427-a2c6-cd36026222eb	NR_113031.1	92.583	391	13	13	1	386	1130	1509	1.84e-155	547
a837e3c7-6188-4427-a2c6-cd36026222eb	NR_113570.1	92.347	392	13	14	1	386	1110	1490	8.56e-154	542
a837e3c7-6188-4427-a2c6-cd36026222eb	NR_115354.1	92.072	391	15	13	1	386	1103	1482	3.98e-152	536
b685ce5a-a1ae-40b8-a12e-3b7f70924784	NR_179325.1	95.746	1387	30	26	23	1390	84	1460	0.0	2207
b685ce5a-a1ae-40b8-a12e-3b7f70924784	NR_115355.1	95.599	1386	33	25	23	1390	111	1486	0.0	2200
b685ce5a-a1ae-40b8-a12e-3b7f70924784	NR_119169.1	95.382	1386	36	26	23	1390	116	1491	0.0	2187
b685ce5a-a1ae-40b8-a12e-3b7f70924784	NR_113570.1	95.317	1388	35	27	23	1390	117	1494	0.0	2176
b685ce5a-a1ae-40b8-a12e-3b7f70924784	NR_163639.1	95.310	1386	33	29	23	1390	130	1501	0.0	2170
c4927d96-79d8-45e8-a64f-6eaa2b49aabd	NR_117694.1	94.613	1355	43	27	11	1353	1337	1	0.0	2071
c4927d96-79d8-45e8-a64f-6eaa2b49aabd	NR_041989.1	95.198	1312	35	24	11	1311	1295	1	0.0	2049
c4927d96-79d8-45e8-a64f-6eaa2b49aabd	NR_121687.1	93.727	1355	55	27	11	1353	1357	21	0.0	2004
c4927d96-79d8-45e8-a64f-6eaa2b49aabd	NR_025892.1	93.358	1355	59	28	11	1353	1362	27	0.0	2001
c4927d96-79d8-45e8-a64f-6eaa2b49aabd	NR_117717.1	93.648	1354	57	25	11	1353	1357	22	0.0	1997
5eecd2bf-84a0-456e-a1ee-440b73319d9a	NR_115355.1	96.424	867	16	14	10	866	626	1487	0.0	1415
5eecd2bf-84a0-456e-a1ee-440b73319d9a	NR_179325.1	96.424	867	16	14	10	866	600	1461	0.0	1415
5eecd2bf-84a0-456e-a1ee-440b73319d9a	NR_115354.1	96.604	854	16	12	23	866	637	1487	0.0	1404
5eecd2bf-84a0-456e-a1ee-440b73319d9a	NR_163639.1	96.198	868	15	17	10	866	642	1502	0.0	1404
5eecd2bf-84a0-456e-a1ee-440b73319d9a	NR_119169.1	96.078	867	19	14	10	866	631	1492	0.0	1402
e307c35a-e70a-4c4f-97b4-3657604a3170	NR_115355.1	91.850	1227	52	36	1	1194	1212	1	0.0	1672
e307c35a-e70a-4c4f-97b4-3657604a3170	NR_119169.1	91.606	1227	55	36	1	1194	1217	6	0.0	1659
e307c35a-e70a-4c4f-97b4-3657604a3170	NR_163639.1	91.443	1227	53	39	1	1194	1227	20	0.0	1637
e307c35a-e70a-4c4f-97b4-3657604a3170	NR_113570.1	91.368	1228	57	37	1	1194	1219	7	0.0	1635
e307c35a-e70a-4c4f-97b4-3657604a3170	NR_179325.1	91.757	1201	51	36	1	1168	1186	1	0.0	1626
e0a73d76-6b2d-47af-962c-f32b9617bc29	NR_042776.1	95.763	236	6	4	39	273	250	18	1.73e-104	377
e0a73d76-6b2d-47af-962c-f32b9617bc29	NR_042778.1	95.763	236	6	4	39	273	250	18	1.73e-104	377
e0a73d76-6b2d-47af-962c-f32b9617bc29	NR_118998.1	94.915	236	8	4	39	273	245	13	1.04e-101	368
e0a73d76-6b2d-47af-962c-f32b9617bc29	NR_042777.1	94.915	236	8	4	39	273	250	18	3.74e-101	366
e0a73d76-6b2d-47af-962c-f32b9617bc29	NR_197695.1	94.915	236	8	4	39	273	249	17	3.74e-101	366
7a867a52-e2bf-4795-93b5-160e5a496700	NR_042776.1	96.095	461	9	8	2	456	1042	1499	0.0	743
7a867a52-e2bf-4795-93b5-160e5a496700	NR_042777.1	96.095	461	9	8	2	456	1041	1498	0.0	743
7a867a52-e2bf-4795-93b5-160e5a496700	NR_042778.1	95.662	461	11	7	2	456	1042	1499	0.0	732
7a867a52-e2bf-4795-93b5-160e5a496700	NR_118998.1	95.662	461	11	7	2	456	1036	1493	0.0	732
7a867a52-e2bf-4795-93b5-160e5a496700	NR_197695.1	95.652	460	13	6	2	456	1041	1498	0.0	732
29b8b8f1-dd9a-405a-bec2-3067eda437e2	NR_116168.1	99.628	269	1	0	1	269	1223	1491	5.85e-139	492
29b8b8f1-dd9a-405a-bec2-3067eda437e2	NR_118762.1	100.000	259	0	0	1	259	1225	1483	4.55e-135	479
29b8b8f1-dd9a-405a-bec2-3067eda437e2	NR_024897.1	96.667	270	7	2	1	269	1222	1490	1.28e-125	448
29b8b8f1-dd9a-405a-bec2-3067eda437e2	NR_181418.1	96.667	270	7	2	1	269	1222	1490	1.28e-125	448
29b8b8f1-dd9a-405a-bec2-3067eda437e2	NR_115136.1	97.318	261	7	0	1	261	1208	1468	1.66e-124	444
e49ddd68-f6c8-40f3-bb6b-e3b7f395b3e0	NR_115735.1	93.056	1368	58	31	2	1344	105	1460	0.0	1965
e49ddd68-f6c8-40f3-bb6b-e3b7f395b3e0	NR_024842.1	92.988	1369	57	32	2	1344	129	1484	0.0	1962
e49ddd68-f6c8-40f3-bb6b-e3b7f395b3e0	NR_115241.1	92.836	1368	61	31	2	1344	114	1469	0.0	1954
e49ddd68-f6c8-40f3-bb6b-e3b7f395b3e0	NR_165737.1	92.779	1371	57	35	2	1344	114	1470	0.0	1945
e49ddd68-f6c8-40f3-bb6b-e3b7f395b3e0	NR_109720.1	92.584	1362	63	34	2	1337	108	1457	0.0	1921
59d6ef19-16cf-423c-a446-e0c2205a6d8e	NR_116168.1	96.824	850	19	6	1	843	862	14	0.0	1413
59d6ef19-16cf-423c-a446-e0c2205a6d8e	NR_042878.1	96.437	842	22	6	1	835	841	1	0.0	1393
59d6ef19-16cf-423c-a446-e0c2205a6d8e	NR_118762.1	94.824	850	36	6	1	843	865	17	0.0	1347
59d6ef19-16cf-423c-a446-e0c2205a6d8e	NR_118143.1	94.194	844	39	8	1	835	843	1	0.0	1280
59d6ef19-16cf-423c-a446-e0c2205a6d8e	NR_025423.1	93.861	847	42	8	1	838	846	1	0.0	1267
45d1f3b3-c4c1-461c-8813-77d66722217a	NR_024842.1	97.248	109	1	1	1	107	1381	1489	1.42e-46	183
45d1f3b3-c4c1-461c-8813-77d66722217a	NR_041706.1	97.248	109	1	1	1	107	1376	1484	1.42e-46	183
45d1f3b3-c4c1-461c-8813-77d66722217a	NR_042052.1	97.248	109	1	1	1	107	1289	1397	1.42e-46	183
45d1f3b3-c4c1-461c-8813-77d66722217a	NR_025625.1	97.248	109	1	1	1	107	1375	1483	1.42e-46	183
45d1f3b3-c4c1-461c-8813-77d66722217a	NR_028705.1	97.248	109	1	1	1	107	1379	1487	1.42e-46	183
246796ea-bfd1-4b64-b5ba-5d725ce2834f	NR_025862.1	97.758	1338	23	7	1	1336	1344	12	0.0	2309
246796ea-bfd1-4b64-b5ba-5d725ce2834f	NR_028682.1	96.122	1341	38	14	1	1335	1345	13	0.0	2176
246796ea-bfd1-4b64-b5ba-5d725ce2834f	NR_026454.1	95.019	1325	54	12	1	1317	1321	1	0.0	2071
246796ea-bfd1-4b64-b5ba-5d725ce2834f	NR_119263.1	92.809	1349	75	17	1	1334	1342	1	0.0	1934
246796ea-bfd1-4b64-b5ba-5d725ce2834f	NR_042093.1	92.068	1349	80	23	1	1335	1348	13	0.0	1873
e0badcfc-35c4-43a0-9132-4926b47c5954	NR_118998.1	96.171	1358	33	17	4	1350	144	1493	0.0	2202
e0badcfc-35c4-43a0-9132-4926b47c5954	NR_118938.1	86.538	1300	148	25	4	1288	47	1334	0.0	1563
e0badcfc-35c4-43a0-9132-4926b47c5954	NR_041708.1	87.253	1365	135	35	8	1350	108	1455	0.0	1520
e0badcfc-35c4-43a0-9132-4926b47c5954	NR_113926.1	87.243	1364	135	35	8	1349	138	1484	0.0	1520
e0badcfc-35c4-43a0-9132-4926b47c5954	NR_114780.2	86.886	1365	137	37	8	1350	158	1502	0.0	1491
a8c1ccd8-e8e8-4509-84a5-f601c0b0238b	NR_041989.1	94.336	459	7	14	1	443	1347	892	0.0	686
a8c1ccd8-e8e8-4509-84a5-f601c0b0238b	NR_104947.1	94.118	459	8	14	1	443	1362	907	0.0	680
a8c1ccd8-e8e8-4509-84a5-f601c0b0238b	NR_117717.1	94.118	459	8	14	1	443	1409	954	0.0	680
a8c1ccd8-e8e8-4509-84a5-f601c0b0238b	NR_121687.1	94.118	459	8	14	1	443	1409	954	0.0	680
a8c1ccd8-e8e8-4509-84a5-f601c0b0238b	NR_117694.1	94.118	459	8	14	1	443	1389	934	0.0	680
4a66e8de-88c0-43e0-aa9d-fad3277792aa	NR_024659.1	95.331	257	9	2	1	256	337	591	7.37e-113	405
4a66e8de-88c0-43e0-aa9d-fad3277792aa	NR_024841.1	95.331	257	9	2	1	256	370	624	7.37e-113	405
4a66e8de-88c0-43e0-aa9d-fad3277792aa	NR_028833.1	95.331	257	9	2	1	256	383	637	7.37e-113	405
4a66e8de-88c0-43e0-aa9d-fad3277792aa	NR_111994.1	95.331	257	9	2	1	256	302	556	7.37e-113	405
4a66e8de-88c0-43e0-aa9d-fad3277792aa	NR_113260.1	95.331	257	9	2	1	256	356	610	7.37e-113	405
6e299f5a-6936-4b41-ab51-8d70ab8dcade	NR_042927.1	97.124	1217	22	13	1	1210	255	1465	0.0	2041
6e299f5a-6936-4b41-ab51-8d70ab8dcade	NR_115734.1	97.124	1217	22	13	1	1210	256	1466	0.0	2041
6e299f5a-6936-4b41-ab51-8d70ab8dcade	NR_028664.1	96.675	1233	27	14	1	1226	276	1501	0.0	2037
6e299f5a-6936-4b41-ab51-8d70ab8dcade	NR_175455.1	96.675	1233	28	13	1	1226	261	1487	0.0	2037
6e299f5a-6936-4b41-ab51-8d70ab8dcade	NR_179383.1	96.675	1233	27	14	1	1226	280	1505	0.0	2037
690fdc5d-bdec-460f-a0e9-ea1453778c68	NR_042777.1	91.475	305	17	8	50	348	767	466	2.23e-114	411
690fdc5d-bdec-460f-a0e9-ea1453778c68	NR_042776.1	91.205	307	15	11	50	348	768	466	2.88e-113	407
690fdc5d-bdec-460f-a0e9-ea1453778c68	NR_042778.1	91.205	307	15	11	50	348	768	466	2.88e-113	407
690fdc5d-bdec-460f-a0e9-ea1453778c68	NR_197695.1	91.205	307	15	11	50	348	767	465	2.88e-113	407
690fdc5d-bdec-460f-a0e9-ea1453778c68	NR_118998.1	90.879	307	16	11	50	348	763	461	1.34e-111	401
36f8dfa3-df04-4e43-9b4f-ea4c7c41d88a	NR_042776.1	94.490	363	12	8	10	369	375	18	3.70e-157	553
36f8dfa3-df04-4e43-9b4f-ea4c7c41d88a	NR_042778.1	94.215	363	13	8	10	369	375	18	1.72e-155	547
36f8dfa3-df04-4e43-9b4f-ea4c7c41d88a	NR_042777.1	93.939	363	14	8	10	369	375	18	8.01e-154	542
36f8dfa3-df04-4e43-9b4f-ea4c7c41d88a	NR_118998.1	93.664	363	15	8	10	369	370	13	3.73e-152	536
36f8dfa3-df04-4e43-9b4f-ea4c7c41d88a	NR_197695.1	93.113	363	17	8	10	369	374	17	8.06e-149	525
8a9600ff-5c86-4565-9080-2388f4e54007	NR_036936.1	97.275	1321	23	12	1	1313	156	1471	0.0	2230
8a9600ff-5c86-4565-9080-2388f4e54007	NR_109720.1	97.182	1313	24	12	1	1305	150	1457	0.0	2207
8a9600ff-5c86-4565-9080-2388f4e54007	NR_165737.1	96.821	1321	29	12	1	1313	156	1471	0.0	2194
8a9600ff-5c86-4565-9080-2388f4e54007	NR_115735.1	96.679	1325	28	15	1	1316	147	1464	0.0	2189
8a9600ff-5c86-4565-9080-2388f4e54007	NR_024842.1	96.531	1326	30	15	1	1317	171	1489	0.0	2183
90f677ad-03d9-4733-a239-8e9daf8b7dfa	NR_115355.1	96.073	662	12	11	1	658	668	17	0.0	1070
90f677ad-03d9-4733-a239-8e9daf8b7dfa	NR_163639.1	94.964	695	13	16	1	687	684	4	0.0	1070
90f677ad-03d9-4733-a239-8e9daf8b7dfa	NR_119169.1	95.921	662	13	11	1	658	673	22	0.0	1064
90f677ad-03d9-4733-a239-8e9daf8b7dfa	NR_179325.1	96.012	652	11	12	1	647	642	1	0.0	1046
90f677ad-03d9-4733-a239-8e9daf8b7dfa	NR_074980.1	94.236	694	21	14	1	686	695	13	0.0	1042
c274aaf8-2712-4edf-bb3d-049d2be95827	NR_028682.1	94.157	890	30	16	1	871	611	1497	0.0	1336
c274aaf8-2712-4edf-bb3d-049d2be95827	NR_125494.1	89.933	894	71	15	1	878	608	1498	0.0	1134
c274aaf8-2712-4edf-bb3d-049d2be95827	NR_024694.1	89.821	894	72	15	1	878	616	1506	0.0	1131
c274aaf8-2712-4edf-bb3d-049d2be95827	NR_104681.1	89.016	874	82	13	6	869	614	1483	0.0	1070
c274aaf8-2712-4edf-bb3d-049d2be95827	NR_036770.1	88.479	894	82	17	1	878	606	1494	0.0	1062
78df7151-0295-4161-a5f3-8fc8e903d2b4	NR_028664.1	98.553	622	8	1	24	645	876	1496	0.0	1098
78df7151-0295-4161-a5f3-8fc8e903d2b4	NR_024842.1	98.392	622	8	2	24	645	870	1489	0.0	1092
78df7151-0295-4161-a5f3-8fc8e903d2b4	NR_117719.1	98.392	622	9	1	24	645	873	1493	0.0	1092
78df7151-0295-4161-a5f3-8fc8e903d2b4	NR_179383.1	98.392	622	9	1	24	645	880	1500	0.0	1092
78df7151-0295-4161-a5f3-8fc8e903d2b4	NR_115240.1	98.544	618	8	1	24	641	853	1469	0.0	1090
3eb6109e-3417-4aec-a625-a24cf97e9d4b	NR_024842.1	98.185	496	7	2	1	495	995	1489	0.0	865
3eb6109e-3417-4aec-a625-a24cf97e9d4b	NR_117719.1	98.189	497	6	3	1	495	998	1493	0.0	865
3eb6109e-3417-4aec-a625-a24cf97e9d4b	NR_179383.1	98.189	497	6	3	1	495	1005	1500	0.0	865
3eb6109e-3417-4aec-a625-a24cf97e9d4b	NR_115735.1	98.182	495	7	2	1	494	971	1464	0.0	863
3eb6109e-3417-4aec-a625-a24cf97e9d4b	NR_175455.1	97.992	498	6	4	1	495	986	1482	0.0	861
ddb26da7-8c50-42d5-82b4-525e039a8506	NR_179540.1	95.408	1067	24	21	5	1063	446	1495	0.0	1676
ddb26da7-8c50-42d5-82b4-525e039a8506	NR_028664.1	95.220	1067	27	21	5	1063	449	1499	0.0	1666
ddb26da7-8c50-42d5-82b4-525e039a8506	NR_117719.1	95.220	1067	27	21	5	1063	446	1496	0.0	1666
ddb26da7-8c50-42d5-82b4-525e039a8506	NR_179383.1	95.220	1067	27	21	5	1063	453	1503	0.0	1666
ddb26da7-8c50-42d5-82b4-525e039a8506	NR_042928.1	95.377	1060	24	21	5	1056	426	1468	0.0	1663
326016cd-9f4a-4739-9580-53c69ac631b4	NR_163639.1	92.972	683	26	17	1	670	681	8	0.0	976
326016cd-9f4a-4739-9580-53c69ac631b4	NR_115355.1	93.393	666	26	14	1	655	665	7	0.0	974
326016cd-9f4a-4739-9580-53c69ac631b4	NR_119169.1	93.058	677	26	16	1	663	670	1	0.0	974
326016cd-9f4a-4739-9580-53c69ac631b4	NR_074980.1	92.690	684	29	16	1	670	692	16	0.0	966
326016cd-9f4a-4739-9580-53c69ac631b4	NR_113031.1	92.690	684	29	16	1	670	692	16	0.0	966
bde7b381-81c1-468f-92bd-348bc659de23	NR_115355.1	91.436	794	28	29	1	770	778	1	0.0	1057
bde7b381-81c1-468f-92bd-348bc659de23	NR_119169.1	91.228	798	30	29	1	774	783	2	0.0	1053
bde7b381-81c1-468f-92bd-348bc659de23	NR_163639.1	90.977	809	33	30	1	786	795	4	0.0	1053
bde7b381-81c1-468f-92bd-348bc659de23	NR_074980.1	90.606	809	36	29	1	785	805	13	0.0	1037
bde7b381-81c1-468f-92bd-348bc659de23	NR_113031.1	90.606	809	36	29	1	785	805	13	0.0	1037
039b4b9c-9745-4c54-a081-5fafff738e36	NR_042776.1	99.403	335	2	0	15	349	1165	1499	7.43e-174	608
039b4b9c-9745-4c54-a081-5fafff738e36	NR_042777.1	99.403	335	2	0	15	349	1164	1498	7.43e-174	608
039b4b9c-9745-4c54-a081-5fafff738e36	NR_042052.1	98.806	335	4	0	15	349	1063	1397	1.61e-170	597
039b4b9c-9745-4c54-a081-5fafff738e36	NR_042778.1	98.806	335	4	0	15	349	1165	1499	1.61e-170	597
039b4b9c-9745-4c54-a081-5fafff738e36	NR_114642.1	98.806	335	4	0	15	349	1122	1456	1.61e-170	597
1c473716-2695-44f7-8502-8aa19b150232	NR_117694.1	97.001	867	13	11	1	859	606	1467	0.0	1445
1c473716-2695-44f7-8502-8aa19b150232	NR_121687.1	96.540	867	17	11	1	859	626	1487	0.0	1423
1c473716-2695-44f7-8502-8aa19b150232	NR_117692.1	96.540	867	17	11	1	859	606	1467	0.0	1423
1c473716-2695-44f7-8502-8aa19b150232	NR_025892.1	96.516	861	17	11	1	853	631	1486	0.0	1417
1c473716-2695-44f7-8502-8aa19b150232	NR_025902.1	96.309	867	19	11	1	859	584	1445	0.0	1411
9119406a-ff44-4806-a63e-186a82da3d7a	NR_028664.1	97.193	570	9	7	24	590	934	1499	0.0	957
9119406a-ff44-4806-a63e-186a82da3d7a	NR_117719.1	97.193	570	9	7	24	590	931	1496	0.0	957
9119406a-ff44-4806-a63e-186a82da3d7a	NR_179383.1	97.193	570	9	7	24	590	938	1503	0.0	957
9119406a-ff44-4806-a63e-186a82da3d7a	NR_175455.1	97.023	571	9	8	24	590	919	1485	0.0	953
9119406a-ff44-4806-a63e-186a82da3d7a	NR_179540.1	97.018	570	9	8	24	590	931	1495	0.0	952
a6dffa4b-6616-4d27-ba01-e81fe9dcf265	NR_042878.1	96.705	607	16	3	1	604	1346	741	0.0	1009
a6dffa4b-6616-4d27-ba01-e81fe9dcf265	NR_116168.1	96.705	607	16	3	1	604	1367	762	0.0	1007
a6dffa4b-6616-4d27-ba01-e81fe9dcf265	NR_118762.1	95.222	607	24	4	1	604	1369	765	0.0	972
a6dffa4b-6616-4d27-ba01-e81fe9dcf265	NR_118143.1	95.222	607	25	3	1	604	1348	743	0.0	957
a6dffa4b-6616-4d27-ba01-e81fe9dcf265	NR_024898.1	93.586	608	33	5	1	604	1366	761	0.0	902
3d2830f8-f079-4d5d-8f16-4d9c649ba844	NR_028664.1	89.256	363	21	16	5	357	370	16	1.05e-122	438
3d2830f8-f079-4d5d-8f16-4d9c649ba844	NR_179383.1	89.256	363	21	16	5	357	374	20	1.05e-122	438
3d2830f8-f079-4d5d-8f16-4d9c649ba844	NR_179385.1	88.981	363	22	16	5	357	371	17	4.87e-121	433
3d2830f8-f079-4d5d-8f16-4d9c649ba844	NR_199545.1	88.981	363	22	16	5	357	367	13	4.87e-121	433
3d2830f8-f079-4d5d-8f16-4d9c649ba844	NR_028665.1	88.705	363	23	16	5	357	364	10	6.30e-120	429
d8b026a7-0ada-43cb-a78d-7ab5e5b05d97	NR_042776.1	98.713	777	4	6	3	775	717	1491	0.0	1375
d8b026a7-0ada-43cb-a78d-7ab5e5b05d97	NR_042777.1	98.713	777	4	6	3	775	716	1490	0.0	1375
d8b026a7-0ada-43cb-a78d-7ab5e5b05d97	NR_042778.1	98.456	777	6	6	3	775	717	1491	0.0	1363
d8b026a7-0ada-43cb-a78d-7ab5e5b05d97	NR_197695.1	98.198	777	8	6	3	775	716	1490	0.0	1352
d8b026a7-0ada-43cb-a78d-7ab5e5b05d97	NR_118998.1	97.812	777	10	7	3	775	712	1485	0.0	1334
d2daaaef-fb4a-42bf-a8c2-4e5e17b5c8dd	NR_042928.1	94.296	1420	42	33	3	1399	65	1468	0.0	2137
d2daaaef-fb4a-42bf-a8c2-4e5e17b5c8dd	NR_199547.1	94.480	1395	38	33	1	1372	43	1421	0.0	2113
d2daaaef-fb4a-42bf-a8c2-4e5e17b5c8dd	NR_117719.1	93.820	1424	50	32	3	1403	85	1493	0.0	2108
d2daaaef-fb4a-42bf-a8c2-4e5e17b5c8dd	NR_028664.1	93.759	1426	51	32	1	1403	86	1496	0.0	2106
d2daaaef-fb4a-42bf-a8c2-4e5e17b5c8dd	NR_042927.1	93.807	1421	50	32	2	1399	66	1471	0.0	2102
5c501efe-3dc6-4677-aa89-9ad61178d417	NR_179540.1	91.308	1277	57	31	17	1264	244	1495	0.0	1694
5c501efe-3dc6-4677-aa89-9ad61178d417	NR_117719.1	91.229	1277	59	30	17	1264	244	1496	0.0	1688
5c501efe-3dc6-4677-aa89-9ad61178d417	NR_028664.1	91.151	1277	60	30	17	1264	247	1499	0.0	1683
5c501efe-3dc6-4677-aa89-9ad61178d417	NR_179383.1	91.151	1277	60	30	17	1264	251	1503	0.0	1683
5c501efe-3dc6-4677-aa89-9ad61178d417	NR_042927.1	91.260	1270	58	30	17	1257	226	1471	0.0	1681
c15d849d-f93c-4052-9a20-1128bb4b3fd4	NR_024842.1	98.596	356	2	2	11	366	1137	1489	2.14e-179	627
c15d849d-f93c-4052-9a20-1128bb4b3fd4	NR_115735.1	98.592	355	2	2	11	365	1113	1464	7.68e-179	625
c15d849d-f93c-4052-9a20-1128bb4b3fd4	NR_178262.1	98.319	357	2	3	11	366	1016	1369	2.76e-178	623
c15d849d-f93c-4052-9a20-1128bb4b3fd4	NR_179215.1	98.319	357	2	3	11	366	1138	1491	2.76e-178	623
c15d849d-f93c-4052-9a20-1128bb4b3fd4	NR_179720.1	98.319	357	2	3	11	366	1142	1495	2.76e-178	623
4fe02ff7-d347-43cd-ab25-15f5f0a29fb5	NR_042776.1	92.774	1370	61	31	1	1352	150	1499	0.0	1947
4fe02ff7-d347-43cd-ab25-15f5f0a29fb5	NR_042777.1	92.701	1370	61	32	1	1352	150	1498	0.0	1940
4fe02ff7-d347-43cd-ab25-15f5f0a29fb5	NR_197695.1	92.633	1371	61	33	1	1352	149	1498	0.0	1936
4fe02ff7-d347-43cd-ab25-15f5f0a29fb5	NR_042778.1	92.482	1370	65	31	1	1352	150	1499	0.0	1925
4fe02ff7-d347-43cd-ab25-15f5f0a29fb5	NR_118998.1	91.898	1370	72	31	1	1352	145	1493	0.0	1879
7e1f40bf-115d-406e-8837-457077b97b4e	NR_115354.1	92.105	494	19	15	5	488	999	1482	0.0	678
7e1f40bf-115d-406e-8837-457077b97b4e	NR_179325.1	91.767	498	21	15	1	488	969	1456	0.0	675
7e1f40bf-115d-406e-8837-457077b97b4e	NR_163639.1	92.678	478	18	12	19	488	1029	1497	0.0	673
7e1f40bf-115d-406e-8837-457077b97b4e	NR_074980.1	91.566	498	22	16	1	488	1022	1509	0.0	669
7e1f40bf-115d-406e-8837-457077b97b4e	NR_113031.1	91.566	498	22	16	1	488	1022	1509	0.0	669
7b294f73-cdaf-439a-bfad-b9a058ed47cc	NR_115355.1	87.271	1092	60	61	15	1056	408	1470	0.0	1173
7b294f73-cdaf-439a-bfad-b9a058ed47cc	NR_179325.1	87.271	1092	60	61	15	1056	382	1444	0.0	1173
7b294f73-cdaf-439a-bfad-b9a058ed47cc	NR_113570.1	86.996	1092	63	62	15	1056	415	1477	0.0	1157
7b294f73-cdaf-439a-bfad-b9a058ed47cc	NR_115354.1	86.642	1093	65	63	15	1056	408	1470	0.0	1134
7b294f73-cdaf-439a-bfad-b9a058ed47cc	NR_043332.1	86.551	1093	66	63	15	1056	408	1470	0.0	1131
9c6591d2-38ef-4a91-9e67-1e64bdacd39b	NR_044873.1	92.821	195	9	5	1	191	1451	1258	1.22e-74	278
9c6591d2-38ef-4a91-9e67-1e64bdacd39b	NR_165019.1	92.784	194	10	4	1	191	1435	1243	1.22e-74	278
9c6591d2-38ef-4a91-9e67-1e64bdacd39b	NR_178796.1	92.268	194	11	4	1	191	1458	1266	5.65e-73	272
9c6591d2-38ef-4a91-9e67-1e64bdacd39b	NR_178939.1	92.268	194	11	4	1	191	1459	1267	5.65e-73	272
9c6591d2-38ef-4a91-9e67-1e64bdacd39b	NR_042334.1	92.268	194	10	5	1	191	1455	1264	2.03e-72	270
da6010fe-60d4-4f13-924a-0f66eb8e0f01	NR_044873.1	88.419	544	34	23	1	531	1230	703	8.76e-180	628
da6010fe-60d4-4f13-924a-0f66eb8e0f01	NR_074568.1	88.051	544	36	24	1	531	1240	713	1.90e-176	617
da6010fe-60d4-4f13-924a-0f66eb8e0f01	NR_044712.2	87.684	544	38	24	1	531	1249	722	3.17e-174	610
da6010fe-60d4-4f13-924a-0f66eb8e0f01	NR_025310.1	87.500	544	39	23	1	531	1220	693	1.91e-171	601
da6010fe-60d4-4f13-924a-0f66eb8e0f01	NR_043968.1	87.500	544	39	24	1	531	1198	671	1.91e-171	601
b7996aaa-68b3-496f-9aeb-26625f3b56eb	NR_042776.1	94.088	1370	52	22	17	1372	99	1453	0.0	2054
b7996aaa-68b3-496f-9aeb-26625f3b56eb	NR_042777.1	94.015	1370	52	23	17	1372	99	1452	0.0	2049
b7996aaa-68b3-496f-9aeb-26625f3b56eb	NR_042778.1	93.869	1370	55	22	17	1372	99	1453	0.0	2037
b7996aaa-68b3-496f-9aeb-26625f3b56eb	NR_109720.1	93.723	1370	57	21	17	1372	68	1422	0.0	2026
b7996aaa-68b3-496f-9aeb-26625f3b56eb	NR_199547.1	93.650	1370	58	21	17	1372	52	1406	0.0	2021
b14bc8df-4a61-4745-92ab-8843892971b0	NR_125571.1	92.678	519	22	13	1	505	517	1	0.0	736
b14bc8df-4a61-4745-92ab-8843892971b0	NR_029097.1	92.121	495	23	13	1	481	493	1	0.0	684
b14bc8df-4a61-4745-92ab-8843892971b0	NR_125570.1	93.082	477	17	13	1	463	475	1	0.0	684
b14bc8df-4a61-4745-92ab-8843892971b0	NR_179447.1	86.876	541	49	16	1	523	553	17	5.30e-167	586
b14bc8df-4a61-4745-92ab-8843892971b0	NR_180800.1	85.793	542	52	19	1	523	549	14	1.93e-156	551
774ed570-d633-4c0f-8e29-705c40de8171	NR_044873.1	92.581	310	10	11	10	308	1158	1465	4.17e-121	433
774ed570-d633-4c0f-8e29-705c40de8171	NR_074568.1	92.233	309	11	11	10	308	1168	1473	6.98e-119	425
774ed570-d633-4c0f-8e29-705c40de8171	NR_026187.1	91.909	309	14	9	10	308	1155	1462	9.03e-118	422
774ed570-d633-4c0f-8e29-705c40de8171	NR_028925.1	91.909	309	14	9	10	308	1161	1468	9.03e-118	422
774ed570-d633-4c0f-8e29-705c40de8171	NR_044871.1	91.909	309	14	9	10	308	1157	1464	9.03e-118	422
12a59390-e188-476d-bc7e-003ffc84c4df	NR_042776.1	94.681	564	16	13	1	558	944	1499	0.0	863
12a59390-e188-476d-bc7e-003ffc84c4df	NR_042777.1	94.681	564	16	13	1	558	943	1498	0.0	863
12a59390-e188-476d-bc7e-003ffc84c4df	NR_042778.1	94.326	564	18	13	1	558	944	1499	0.0	852
12a59390-e188-476d-bc7e-003ffc84c4df	NR_197695.1	94.159	565	17	15	1	558	943	1498	0.0	846
12a59390-e188-476d-bc7e-003ffc84c4df	NR_118998.1	93.794	564	21	13	1	558	938	1493	0.0	835
cad2560d-088d-44fb-b2bb-05323dba868d	NR_163639.1	91.667	1296	41	53	9	1254	1282	4	0.0	1733
cad2560d-088d-44fb-b2bb-05323dba868d	NR_119169.1	91.602	1286	43	50	9	1243	1272	1	0.0	1724
cad2560d-088d-44fb-b2bb-05323dba868d	NR_115355.1	91.647	1281	42	50	9	1238	1267	1	0.0	1716
cad2560d-088d-44fb-b2bb-05323dba868d	NR_179325.1	91.713	1255	39	52	9	1212	1241	1	0.0	1681
cad2560d-088d-44fb-b2bb-05323dba868d	NR_117759.1	91.051	1285	48	53	9	1241	1270	1	0.0	1677
b8c4b716-2f84-44d2-b718-2a7e6e457b84	NR_027203.1	92.277	1010	34	32	1	991	1222	238	0.0	1393
b8c4b716-2f84-44d2-b718-2a7e6e457b84	NR_027191.1	91.798	1012	39	34	1	991	1205	217	0.0	1373
b8c4b716-2f84-44d2-b718-2a7e6e457b84	NR_024712.1	91.889	1011	35	35	1	991	1222	239	0.0	1369
b8c4b716-2f84-44d2-b718-2a7e6e457b84	NR_028608.1	91.494	1011	38	37	1	991	1216	234	0.0	1349
b8c4b716-2f84-44d2-b718-2a7e6e457b84	NR_036995.1	90.387	1009	51	36	1	991	1233	253	0.0	1284
10b3b623-3939-45a4-af9d-33ae70776099	NR_119169.1	97.810	959	14	6	1	953	958	1	0.0	1652
10b3b623-3939-45a4-af9d-33ae70776099	NR_074980.1	97.420	969	18	6	1	963	980	13	0.0	1644
10b3b623-3939-45a4-af9d-33ae70776099	NR_113031.1	97.420	969	18	6	1	963	980	13	0.0	1644
10b3b623-3939-45a4-af9d-33ae70776099	NR_115355.1	97.799	954	14	6	1	948	953	1	0.0	1642
10b3b623-3939-45a4-af9d-33ae70776099	NR_163639.1	97.425	971	12	12	1	964	968	4	0.0	1642
2d2df400-29b1-46ed-b319-614a22ddc48c	NR_074980.1	94.971	1372	42	23	7	1363	1373	14	0.0	2126
2d2df400-29b1-46ed-b319-614a22ddc48c	NR_113031.1	94.971	1372	42	23	7	1363	1373	14	0.0	2126
2d2df400-29b1-46ed-b319-614a22ddc48c	NR_113570.1	94.945	1365	42	23	7	1356	1353	1	0.0	2113
2d2df400-29b1-46ed-b319-614a22ddc48c	NR_043332.1	94.919	1358	43	22	7	1350	1346	1	0.0	2108
2d2df400-29b1-46ed-b319-614a22ddc48c	NR_117759.1	94.915	1357	43	22	11	1353	1345	1	0.0	2104
140c8198-d475-4af9-9c5d-e7718708a71f	NR_028664.1	94.488	1270	32	33	1	1237	232	1496	0.0	1923
140c8198-d475-4af9-9c5d-e7718708a71f	NR_179383.1	94.488	1270	32	33	1	1237	236	1500	0.0	1923
140c8198-d475-4af9-9c5d-e7718708a71f	NR_117719.1	94.414	1271	31	34	1	1237	229	1493	0.0	1917
140c8198-d475-4af9-9c5d-e7718708a71f	NR_175455.1	94.414	1271	32	34	1	1237	217	1482	0.0	1917
140c8198-d475-4af9-9c5d-e7718708a71f	NR_115240.1	94.471	1266	32	33	1	1233	209	1469	0.0	1916
79313a1c-6790-4bca-a0b1-966563ccb369	NR_026419.1	97.919	1105	14	9	1	1098	372	1474	0.0	1905
79313a1c-6790-4bca-a0b1-966563ccb369	NR_025903.1	96.923	1105	24	10	1	1098	384	1485	0.0	1844
79313a1c-6790-4bca-a0b1-966563ccb369	NR_133753.1	97.067	1091	23	9	1	1084	338	1426	0.0	1829
79313a1c-6790-4bca-a0b1-966563ccb369	NR_133752.1	96.884	1091	25	9	1	1084	309	1397	0.0	1818
79313a1c-6790-4bca-a0b1-966563ccb369	NR_025904.1	96.387	1107	26	13	1	1098	383	1484	0.0	1810
cbca1c6c-d9e5-4119-9efa-537acb2fd782	NR_113570.1	90.946	1248	60	45	1	1215	261	1488	0.0	1629
cbca1c6c-d9e5-4119-9efa-537acb2fd782	NR_074980.1	90.858	1247	62	44	1	1215	281	1507	0.0	1624
cbca1c6c-d9e5-4119-9efa-537acb2fd782	NR_113031.1	90.858	1247	62	44	1	1215	281	1507	0.0	1624
cbca1c6c-d9e5-4119-9efa-537acb2fd782	NR_043332.1	90.778	1247	63	44	1	1215	254	1480	0.0	1622
cbca1c6c-d9e5-4119-9efa-537acb2fd782	NR_115354.1	90.698	1247	64	44	1	1215	254	1480	0.0	1616
a94f6996-5205-4e78-b680-3a07c769e6b8	NR_042776.1	97.023	1243	17	15	1	1232	1251	18	0.0	2073
a94f6996-5205-4e78-b680-3a07c769e6b8	NR_042778.1	96.862	1243	19	15	1	1232	1251	18	0.0	2061
a94f6996-5205-4e78-b680-3a07c769e6b8	NR_042777.1	96.865	1244	16	18	1	1232	1250	18	0.0	2060
a94f6996-5205-4e78-b680-3a07c769e6b8	NR_197695.1	96.541	1243	23	15	1	1232	1250	17	0.0	2039
a94f6996-5205-4e78-b680-3a07c769e6b8	NR_118998.1	96.058	1243	28	16	1	1232	1245	13	0.0	2006
1965b329-d341-46f9-99e5-0ef7fe7ef8ef	NR_042776.1	93.665	442	13	10	1	435	453	20	0.0	647
1965b329-d341-46f9-99e5-0ef7fe7ef8ef	NR_042778.1	93.439	442	14	10	1	435	453	20	0.0	641
1965b329-d341-46f9-99e5-0ef7fe7ef8ef	NR_042777.1	93.213	442	15	10	1	435	453	20	0.0	636
1965b329-d341-46f9-99e5-0ef7fe7ef8ef	NR_197695.1	92.760	442	17	10	1	435	452	19	9.22e-179	625
1965b329-d341-46f9-99e5-0ef7fe7ef8ef	NR_118998.1	92.534	442	18	10	1	435	448	15	1.19e-177	621
b139f712-6052-419e-8a15-50845dd82c27	NR_024842.1	96.949	295	7	1	36	330	302	10	5.59e-140	496
b139f712-6052-419e-8a15-50845dd82c27	NR_115241.1	97.232	289	6	1	36	324	287	1	9.36e-138	488
b139f712-6052-419e-8a15-50845dd82c27	NR_115735.1	96.786	280	6	2	36	314	278	1	1.58e-130	464
b139f712-6052-419e-8a15-50845dd82c27	NR_165737.1	95.517	290	9	3	36	324	287	1	2.04e-129	460
b139f712-6052-419e-8a15-50845dd82c27	NR_178515.1	95.517	290	9	3	36	324	287	1	2.04e-129	460
409b4b2f-cd12-4c90-82f0-ab9d7e30cf93	NR_029148.1	94.595	740	26	11	5	740	1292	563	0.0	1133
409b4b2f-cd12-4c90-82f0-ab9d7e30cf93	NR_113124.1	94.595	740	27	10	5	740	1285	555	0.0	1133
409b4b2f-cd12-4c90-82f0-ab9d7e30cf93	NR_115327.1	94.595	740	27	10	5	740	1265	535	0.0	1133
409b4b2f-cd12-4c90-82f0-ab9d7e30cf93	NR_109628.1	94.595	740	27	10	5	740	1266	536	0.0	1133
409b4b2f-cd12-4c90-82f0-ab9d7e30cf93	NR_175509.1	94.324	740	29	10	5	740	1285	555	0.0	1122
117ba3bd-2a0c-47a9-b45f-36acf6b30097	NR_116168.1	92.561	1304	54	39	1	1277	149	1436	0.0	1831
117ba3bd-2a0c-47a9-b45f-36acf6b30097	NR_118762.1	91.104	1304	72	40	1	1277	152	1438	0.0	1759
117ba3bd-2a0c-47a9-b45f-36acf6b30097	NR_042878.1	92.406	1251	53	38	1	1225	128	1362	0.0	1753
117ba3bd-2a0c-47a9-b45f-36acf6b30097	NR_025423.1	90.728	1305	76	40	1	1277	133	1420	0.0	1698
117ba3bd-2a0c-47a9-b45f-36acf6b30097	NR_118143.1	91.040	1250	72	36	1	1225	130	1364	0.0	1653
26e5230c-2779-4faa-9e92-e322d7965e2c	NR_024842.1	89.927	546	28	17	1	536	536	8	0.0	680
26e5230c-2779-4faa-9e92-e322d7965e2c	NR_115241.1	90.299	536	27	15	1	527	521	2	0.0	678
26e5230c-2779-4faa-9e92-e322d7965e2c	NR_115735.1	89.962	528	27	16	1	518	512	1	0.0	658
26e5230c-2779-4faa-9e92-e322d7965e2c	NR_178515.1	89.552	536	31	15	1	527	521	2	0.0	656
26e5230c-2779-4faa-9e92-e322d7965e2c	NR_114413.1	89.011	546	33	17	1	536	544	16	0.0	651
3a5a3863-a0c0-4843-ad69-5451eaee5812	NR_117719.1	92.954	667	18	19	4	648	834	1493	0.0	944
3a5a3863-a0c0-4843-ad69-5451eaee5812	NR_028664.1	92.793	666	21	20	4	648	837	1496	0.0	939
3a5a3863-a0c0-4843-ad69-5451eaee5812	NR_179383.1	92.804	667	19	22	4	648	841	1500	0.0	939
3a5a3863-a0c0-4843-ad69-5451eaee5812	NR_175455.1	92.665	668	19	23	4	648	822	1482	0.0	935
3a5a3863-a0c0-4843-ad69-5451eaee5812	NR_028665.1	92.643	666	21	19	4	648	831	1489	0.0	933
1ff5970c-db9d-47d6-a97c-e2609978ade4	NR_041989.1	94.853	272	6	7	1	270	1210	945	1.02e-116	418
1ff5970c-db9d-47d6-a97c-e2609978ade4	NR_043458.1	94.485	272	7	7	1	270	1273	1008	4.76e-115	412
1ff5970c-db9d-47d6-a97c-e2609978ade4	NR_043459.1	94.485	272	7	7	1	270	1276	1011	4.76e-115	412
1ff5970c-db9d-47d6-a97c-e2609978ade4	NR_040933.1	94.485	272	7	7	1	270	1274	1009	4.76e-115	412
1ff5970c-db9d-47d6-a97c-e2609978ade4	NR_104947.1	94.485	272	7	7	1	270	1225	960	4.76e-115	412
d4075c61-7e89-4a7c-98e4-5154b8c0eef4	NR_113105.1	96.082	1276	28	20	1	1259	1271	1	0.0	2060
d4075c61-7e89-4a7c-98e4-5154b8c0eef4	NR_044407.1	96.057	1268	28	20	1	1251	1263	1	0.0	2045
d4075c61-7e89-4a7c-98e4-5154b8c0eef4	NR_113124.1	94.127	1277	51	22	1	1259	1283	13	0.0	1921
d4075c61-7e89-4a7c-98e4-5154b8c0eef4	NR_109628.1	94.252	1270	49	21	1	1252	1264	1	0.0	1919
d4075c61-7e89-4a7c-98e4-5154b8c0eef4	NR_029148.1	93.892	1277	53	23	1	1259	1290	21	0.0	1910
341149fe-50c0-4178-9bac-08f6f3732ae5	NR_028664.1	95.699	558	19	5	5	560	942	1496	0.0	893
341149fe-50c0-4178-9bac-08f6f3732ae5	NR_117719.1	95.699	558	19	5	5	560	939	1493	0.0	893
341149fe-50c0-4178-9bac-08f6f3732ae5	NR_179383.1	95.699	558	19	5	5	560	946	1500	0.0	893
341149fe-50c0-4178-9bac-08f6f3732ae5	NR_042927.1	95.848	554	18	5	5	556	921	1471	0.0	891
341149fe-50c0-4178-9bac-08f6f3732ae5	NR_115734.1	95.848	554	18	5	5	556	922	1472	0.0	891
4bcca08a-d8c6-4db4-af30-e685e18fbf17	NR_042776.1	92.164	536	20	16	1	522	482	1009	0.0	737
4bcca08a-d8c6-4db4-af30-e685e18fbf17	NR_042778.1	92.164	536	20	16	1	522	482	1009	0.0	737
4bcca08a-d8c6-4db4-af30-e685e18fbf17	NR_197695.1	91.978	536	21	16	1	522	481	1008	0.0	732
4bcca08a-d8c6-4db4-af30-e685e18fbf17	NR_042777.1	91.978	536	20	17	1	522	482	1008	0.0	730
4bcca08a-d8c6-4db4-af30-e685e18fbf17	NR_118998.1	91.917	532	24	16	3	522	479	1003	0.0	726
70ff1e55-f10e-4d5b-bf37-fc60b2b3e410	NR_042776.1	96.814	1287	22	12	1	1282	227	1499	0.0	2132
70ff1e55-f10e-4d5b-bf37-fc60b2b3e410	NR_042777.1	96.737	1287	22	13	1	1282	227	1498	0.0	2126
70ff1e55-f10e-4d5b-bf37-fc60b2b3e410	NR_042778.1	96.503	1287	26	14	1	1282	227	1499	0.0	2109
70ff1e55-f10e-4d5b-bf37-fc60b2b3e410	NR_197695.1	96.503	1287	26	14	1	1282	226	1498	0.0	2109
70ff1e55-f10e-4d5b-bf37-fc60b2b3e410	NR_118998.1	95.882	1287	33	14	1	1282	222	1493	0.0	2065
827d503f-e455-4e7c-be76-587d0c8775c0	NR_178369.1	92.922	551	18	18	2	536	699	1244	0.0	782
827d503f-e455-4e7c-be76-587d0c8775c0	NR_041989.1	92.740	551	19	18	2	536	686	1231	0.0	776
827d503f-e455-4e7c-be76-587d0c8775c0	NR_028900.1	92.559	551	20	18	2	536	686	1231	0.0	771
827d503f-e455-4e7c-be76-587d0c8775c0	NR_041988.1	92.559	551	20	18	2	536	686	1231	0.0	771
827d503f-e455-4e7c-be76-587d0c8775c0	NR_121687.1	92.559	551	20	19	2	536	748	1293	0.0	771
85365902-d7f1-4fc2-80a9-8cceb91b43cf	NR_042776.1	95.879	461	11	8	1	456	1042	1499	0.0	739
85365902-d7f1-4fc2-80a9-8cceb91b43cf	NR_042777.1	95.879	461	11	8	1	456	1041	1498	0.0	739
85365902-d7f1-4fc2-80a9-8cceb91b43cf	NR_042778.1	95.445	461	13	8	1	456	1042	1499	0.0	728
85365902-d7f1-4fc2-80a9-8cceb91b43cf	NR_118998.1	95.445	461	13	8	1	456	1036	1493	0.0	728
85365902-d7f1-4fc2-80a9-8cceb91b43cf	NR_197695.1	95.445	461	13	8	1	456	1041	1498	0.0	728
78d9ebd4-568f-470c-8cc6-e0569a5b8463	NR_165737.1	96.406	1252	21	18	7	1246	232	1471	0.0	2041
78d9ebd4-568f-470c-8cc6-e0569a5b8463	NR_024842.1	96.184	1258	25	17	7	1253	247	1492	0.0	2039
78d9ebd4-568f-470c-8cc6-e0569a5b8463	NR_115735.1	96.332	1254	23	17	7	1249	223	1464	0.0	2039
78d9ebd4-568f-470c-8cc6-e0569a5b8463	NR_115241.1	96.083	1251	26	17	7	1246	232	1470	0.0	2023
78d9ebd4-568f-470c-8cc6-e0569a5b8463	NR_036936.1	96.006	1252	26	18	7	1246	232	1471	0.0	2013
50e85f3b-9c28-4fdc-b479-e5d808b7e435	NR_042928.1	95.372	605	13	10	1	598	601	5	0.0	948
50e85f3b-9c28-4fdc-b479-e5d808b7e435	NR_109720.1	95.183	602	16	8	1	595	597	2	0.0	939
50e85f3b-9c28-4fdc-b479-e5d808b7e435	NR_199547.1	95.904	586	10	9	1	579	581	3	0.0	937
50e85f3b-9c28-4fdc-b479-e5d808b7e435	NR_112026.1	95.439	592	12	10	1	585	584	1	0.0	929
50e85f3b-9c28-4fdc-b479-e5d808b7e435	NR_165747.1	94.545	605	18	10	1	598	601	5	0.0	920
141a892a-ff21-4e9e-913e-d0fdeba67a89	NR_028682.1	94.812	906	21	21	47	928	594	1497	0.0	1389
141a892a-ff21-4e9e-913e-d0fdeba67a89	NR_113798.1	93.502	908	34	19	45	929	576	1481	0.0	1327
141a892a-ff21-4e9e-913e-d0fdeba67a89	NR_116890.1	93.827	891	32	18	47	916	582	1470	0.0	1319
141a892a-ff21-4e9e-913e-d0fdeba67a89	NR_180652.1	93.466	903	36	18	45	926	581	1481	0.0	1319
141a892a-ff21-4e9e-913e-d0fdeba67a89	NR_025211.1	93.275	907	36	22	45	928	582	1486	0.0	1314
1482578f-4120-4e45-9d0f-027d86bdd87c	NR_044873.1	97.443	743	11	8	1	738	152	891	0.0	1260
1482578f-4120-4e45-9d0f-027d86bdd87c	NR_074568.1	95.155	743	27	9	1	738	163	901	0.0	1164
1482578f-4120-4e45-9d0f-027d86bdd87c	NR_024785.1	95.020	743	27	10	1	738	120	857	0.0	1158
1482578f-4120-4e45-9d0f-027d86bdd87c	NR_025310.1	94.886	743	29	9	1	738	143	881	0.0	1153
1482578f-4120-4e45-9d0f-027d86bdd87c	NR_044712.2	94.751	743	30	9	1	738	172	910	0.0	1153
61b58c1f-74ef-43aa-8135-3f0b07d89bd3	NR_042928.1	94.829	1315	39	20	1	1294	161	1467	0.0	2025
61b58c1f-74ef-43aa-8135-3f0b07d89bd3	NR_117719.1	94.605	1316	41	20	1	1294	181	1488	0.0	2010
61b58c1f-74ef-43aa-8135-3f0b07d89bd3	NR_175455.1	94.652	1309	40	20	4	1290	172	1472	0.0	2002
61b58c1f-74ef-43aa-8135-3f0b07d89bd3	NR_028664.1	94.521	1314	40	21	4	1294	187	1491	0.0	1999
61b58c1f-74ef-43aa-8135-3f0b07d89bd3	NR_115240.1	94.521	1314	40	21	4	1294	164	1468	0.0	1999
b18d2800-a77e-48ef-b923-ea99457097e8	NR_113570.1	93.445	717	21	23	1	698	1361	652	0.0	1040
b18d2800-a77e-48ef-b923-ea99457097e8	NR_115355.1	93.445	717	21	23	1	698	1354	645	0.0	1040
b18d2800-a77e-48ef-b923-ea99457097e8	NR_179325.1	93.445	717	21	23	1	698	1328	619	0.0	1040
b18d2800-a77e-48ef-b923-ea99457097e8	NR_025762.1	93.305	717	22	22	1	698	1332	623	0.0	1035
b18d2800-a77e-48ef-b923-ea99457097e8	NR_041879.1	93.315	718	21	24	1	698	1312	602	0.0	1035
6bed8231-cbed-418b-9481-36abe34c55de	NR_025862.1	95.460	859	25	9	1	850	1294	441	0.0	1363
6bed8231-cbed-418b-9481-36abe34c55de	NR_026454.1	94.670	863	26	14	1	850	1271	416	0.0	1321
6bed8231-cbed-418b-9481-36abe34c55de	NR_028682.1	94.425	861	30	13	1	850	1295	442	0.0	1308
6bed8231-cbed-418b-9481-36abe34c55de	NR_180652.1	94.063	859	37	9	1	850	1284	431	0.0	1291
6bed8231-cbed-418b-9481-36abe34c55de	NR_116890.1	93.968	862	32	16	1	850	1283	430	0.0	1286
6018ca2f-ea21-42d6-acce-306173408bcb	NR_116168.1	90.859	361	23	8	1	352	1128	1487	7.88e-134	475
6018ca2f-ea21-42d6-acce-306173408bcb	NR_118762.1	91.445	339	19	8	1	330	1130	1467	2.21e-129	460
6018ca2f-ea21-42d6-acce-306173408bcb	NR_114764.1	89.744	351	28	7	6	349	1117	1466	7.99e-124	442
6018ca2f-ea21-42d6-acce-306173408bcb	NR_126284.1	90.964	332	22	7	6	330	1115	1445	2.87e-123	440
6018ca2f-ea21-42d6-acce-306173408bcb	NR_180040.1	89.296	355	28	9	6	352	1141	1493	3.72e-122	436
1c4e4dab-0bcf-445f-b307-6345d5e4296a	NR_115735.1	94.102	1102	29	27	10	1085	373	1464	0.0	1642
1c4e4dab-0bcf-445f-b307-6345d5e4296a	NR_024842.1	94.016	1103	30	27	10	1086	397	1489	0.0	1640
1c4e4dab-0bcf-445f-b307-6345d5e4296a	NR_036936.1	93.909	1100	30	28	10	1082	382	1471	0.0	1626
1c4e4dab-0bcf-445f-b307-6345d5e4296a	NR_115241.1	93.813	1099	32	27	10	1082	382	1470	0.0	1626
1c4e4dab-0bcf-445f-b307-6345d5e4296a	NR_165737.1	93.636	1100	33	28	10	1082	382	1471	0.0	1609
33ff91bc-8458-4e14-aece-ff62f56fd1a4	NR_115355.1	88.805	1465	99	49	1	1426	44	1482	0.0	1740
33ff91bc-8458-4e14-aece-ff62f56fd1a4	NR_179325.1	88.737	1465	101	48	1	1426	17	1456	0.0	1733
33ff91bc-8458-4e14-aece-ff62f56fd1a4	NR_119169.1	88.601	1465	102	49	1	1426	49	1487	0.0	1725
33ff91bc-8458-4e14-aece-ff62f56fd1a4	NR_163639.1	88.601	1465	98	54	1	1426	63	1497	0.0	1716
33ff91bc-8458-4e14-aece-ff62f56fd1a4	NR_113570.1	88.207	1467	106	51	1	1426	50	1490	0.0	1688
335b3262-d282-4f1b-9ea0-f1bb25a78b81	NR_044091.1	91.426	1213	65	31	7	1185	1340	133	0.0	1628
335b3262-d282-4f1b-9ea0-f1bb25a78b81	NR_113570.1	91.006	1223	63	38	1	1185	1439	226	0.0	1605
335b3262-d282-4f1b-9ea0-f1bb25a78b81	NR_043332.1	90.753	1222	68	37	1	1185	1432	219	0.0	1594
335b3262-d282-4f1b-9ea0-f1bb25a78b81	NR_074980.1	90.835	1222	67	37	1	1185	1459	246	0.0	1594
335b3262-d282-4f1b-9ea0-f1bb25a78b81	NR_113031.1	90.835	1222	67	37	1	1185	1459	246	0.0	1594
eb54cf3b-ebde-41bc-8df9-aa00b1dca852	NR_134818.1	97.044	406	5	6	1	405	1089	1488	0.0	676
eb54cf3b-ebde-41bc-8df9-aa00b1dca852	NR_040821.1	96.798	406	6	6	1	405	1076	1475	0.0	671
eb54cf3b-ebde-41bc-8df9-aa00b1dca852	NR_025148.1	96.798	406	6	6	1	405	1096	1495	0.0	671
eb54cf3b-ebde-41bc-8df9-aa00b1dca852	NR_040820.1	96.798	406	6	6	1	405	1076	1475	0.0	671
eb54cf3b-ebde-41bc-8df9-aa00b1dca852	NR_126177.1	96.798	406	6	6	1	405	1078	1477	0.0	671
8ed8141d-7456-4186-9c5a-a8ece3a5f98e	NR_025862.1	87.569	362	31	13	1	353	381	25	2.35e-114	411
8ed8141d-7456-4186-9c5a-a8ece3a5f98e	NR_028682.1	87.535	361	34	10	1	353	382	25	3.04e-113	407
8ed8141d-7456-4186-9c5a-a8ece3a5f98e	NR_026454.1	85.211	284	32	10	11	287	346	66	5.34e-76	283
8ed8141d-7456-4186-9c5a-a8ece3a5f98e	NR_041393.1	82.857	280	39	9	15	287	336	59	9.07e-64	243
8ed8141d-7456-4186-9c5a-a8ece3a5f98e	NR_114313.1	79.772	351	53	16	15	353	359	15	1.17e-62	239
5fd0f3f5-ee2a-4095-88d6-a97510dfafa9	NR_042776.1	98.098	1367	12	11	7	1365	142	1502	0.0	2368
5fd0f3f5-ee2a-4095-88d6-a97510dfafa9	NR_042777.1	97.879	1367	14	12	7	1365	142	1501	0.0	2350
5fd0f3f5-ee2a-4095-88d6-a97510dfafa9	NR_042778.1	97.805	1367	16	11	7	1365	142	1502	0.0	2346
5fd0f3f5-ee2a-4095-88d6-a97510dfafa9	NR_197695.1	97.586	1367	19	11	7	1365	141	1501	0.0	2329
5fd0f3f5-ee2a-4095-88d6-a97510dfafa9	NR_118998.1	97.220	1367	23	12	7	1365	137	1496	0.0	2300
aa1128ad-3a12-485b-ac81-40f49f4cbc38	NR_036819.1	88.945	796	47	30	1	770	659	1439	0.0	944
aa1128ad-3a12-485b-ac81-40f49f4cbc38	NR_113038.1	88.945	796	47	30	1	770	679	1459	0.0	944
aa1128ad-3a12-485b-ac81-40f49f4cbc38	NR_102936.1	86.935	796	63	30	1	770	678	1458	0.0	856
aa1128ad-3a12-485b-ac81-40f49f4cbc38	NR_113159.1	86.935	796	63	30	1	770	678	1458	0.0	856
aa1128ad-3a12-485b-ac81-40f49f4cbc38	NR_026093.1	86.428	781	63	32	1	755	585	1348	0.0	815
71cec9ff-e684-48f2-a47a-164099babc98	NR_041989.1	92.848	755	23	26	2	736	744	1	0.0	1066
71cec9ff-e684-48f2-a47a-164099babc98	NR_117717.1	90.932	783	40	27	2	764	807	36	0.0	1024
71cec9ff-e684-48f2-a47a-164099babc98	NR_117696.1	90.932	783	40	27	2	764	773	2	0.0	1024
71cec9ff-e684-48f2-a47a-164099babc98	NR_117701.1	90.932	783	40	27	2	764	786	15	0.0	1024
71cec9ff-e684-48f2-a47a-164099babc98	NR_121688.1	90.805	783	41	27	2	764	806	35	0.0	1018
cfaf1d0a-760b-49d1-9849-150aa396e0ad	NR_042776.1	94.725	1308	33	28	1	1282	202	1499	0.0	2001
cfaf1d0a-760b-49d1-9849-150aa396e0ad	NR_042777.1	94.648	1308	33	29	1	1282	202	1498	0.0	1993
cfaf1d0a-760b-49d1-9849-150aa396e0ad	NR_042778.1	94.495	1308	36	28	1	1282	202	1499	0.0	1984
cfaf1d0a-760b-49d1-9849-150aa396e0ad	NR_197695.1	94.343	1308	38	28	1	1282	201	1498	0.0	1973
cfaf1d0a-760b-49d1-9849-150aa396e0ad	NR_118998.1	93.884	1308	43	29	1	1282	197	1493	0.0	1938
4a445a82-3f0c-45c2-93f4-b4d9fc849575	NR_115355.1	95.756	919	24	12	1	908	1251	337	0.0	1467
4a445a82-3f0c-45c2-93f4-b4d9fc849575	NR_179325.1	95.756	919	24	12	1	908	1225	311	0.0	1467
4a445a82-3f0c-45c2-93f4-b4d9fc849575	NR_041879.1	95.652	920	24	13	1	908	1209	294	0.0	1463
4a445a82-3f0c-45c2-93f4-b4d9fc849575	NR_119169.1	95.430	919	27	12	1	908	1256	342	0.0	1454
4a445a82-3f0c-45c2-93f4-b4d9fc849575	NR_113570.1	95.405	914	27	12	6	908	1253	344	0.0	1441
b439e0f0-37b6-45b3-b03d-8c90c6dddedd	NR_179385.1	95.293	956	21	17	1	943	556	1500	0.0	1495
b439e0f0-37b6-45b3-b03d-8c90c6dddedd	NR_199545.1	95.293	956	21	17	1	943	552	1496	0.0	1495
b439e0f0-37b6-45b3-b03d-8c90c6dddedd	NR_179383.1	95.188	956	23	17	1	943	559	1504	0.0	1489
b439e0f0-37b6-45b3-b03d-8c90c6dddedd	NR_175455.1	95.089	957	23	18	1	943	540	1486	0.0	1485
b439e0f0-37b6-45b3-b03d-8c90c6dddedd	NR_028664.1	95.084	956	24	17	1	943	555	1500	0.0	1483
ee75d716-b5ce-47d9-a86f-7b36ae877cc3	NR_042776.1	89.498	219	17	6	1	217	232	18	6.56e-73	272
ee75d716-b5ce-47d9-a86f-7b36ae877cc3	NR_042778.1	89.498	219	17	6	1	217	232	18	6.56e-73	272
ee75d716-b5ce-47d9-a86f-7b36ae877cc3	NR_118998.1	88.584	219	19	6	1	217	227	13	3.95e-70	263
ee75d716-b5ce-47d9-a86f-7b36ae877cc3	NR_042777.1	88.584	219	19	6	1	217	232	18	1.42e-69	261
ee75d716-b5ce-47d9-a86f-7b36ae877cc3	NR_197695.1	87.215	219	22	5	1	217	231	17	1.43e-64	244
ae01d6c0-523d-4f97-a98d-ee0b102b36f7	NR_042776.1	94.227	1126	29	23	1	1097	381	1499	0.0	1687
ae01d6c0-523d-4f97-a98d-ee0b102b36f7	NR_024842.1	92.122	1117	52	24	10	1097	380	1489	0.0	1544
ae01d6c0-523d-4f97-a98d-ee0b102b36f7	NR_199546.1	91.925	1127	54	24	1	1097	391	1510	0.0	1543
ae01d6c0-523d-4f97-a98d-ee0b102b36f7	NR_115735.1	92.115	1116	52	24	10	1096	356	1464	0.0	1541
ae01d6c0-523d-4f97-a98d-ee0b102b36f7	NR_036936.1	92.011	1114	52	25	10	1093	365	1471	0.0	1530
951adc55-67e0-47e4-adb7-f46ce8e64454	NR_024842.1	88.256	281	27	6	1	278	1212	1489	1.40e-90	331
951adc55-67e0-47e4-adb7-f46ce8e64454	NR_028666.1	88.298	282	26	7	1	278	1221	1499	1.40e-90	331
951adc55-67e0-47e4-adb7-f46ce8e64454	NR_028833.1	88.298	282	26	7	1	278	1224	1502	1.40e-90	331
951adc55-67e0-47e4-adb7-f46ce8e64454	NR_029052.1	88.298	282	26	7	1	278	1185	1463	1.40e-90	331
951adc55-67e0-47e4-adb7-f46ce8e64454	NR_036918.1	88.298	282	26	7	1	278	1214	1492	1.40e-90	331
ad4d2ed2-c86d-4e6e-8848-fecbded10eba	NR_044873.1	98.189	497	6	3	1	494	591	95	0.0	865
ad4d2ed2-c86d-4e6e-8848-fecbded10eba	NR_024785.1	95.565	496	18	4	2	494	557	63	0.0	791
ad4d2ed2-c86d-4e6e-8848-fecbded10eba	NR_074568.1	95.732	492	18	3	6	494	597	106	0.0	789
ad4d2ed2-c86d-4e6e-8848-fecbded10eba	NR_044712.2	95.122	492	21	3	6	494	606	115	0.0	778
ad4d2ed2-c86d-4e6e-8848-fecbded10eba	NR_178360.1	94.366	497	24	4	2	494	568	72	0.0	760
3c3b0202-15b5-47b4-9990-e4a1fffaa233	NR_025862.1	93.823	858	30	19	1	844	860	12	0.0	1277
3c3b0202-15b5-47b4-9990-e4a1fffaa233	NR_028682.1	92.424	858	41	20	1	843	861	13	0.0	1203
3c3b0202-15b5-47b4-9990-e4a1fffaa233	NR_026454.1	90.071	846	54	26	1	825	837	1	0.0	1070
3c3b0202-15b5-47b4-9990-e4a1fffaa233	NR_025863.1	88.310	864	69	28	2	844	864	12	0.0	1011
3c3b0202-15b5-47b4-9990-e4a1fffaa233	NR_180911.1	88.283	862	69	28	2	843	850	1	0.0	1003
4fac701c-54b7-4340-a399-a16d0b1e9bac	NR_042776.1	98.300	706	5	6	1	701	1255	552	0.0	1230
4fac701c-54b7-4340-a399-a16d0b1e9bac	NR_042777.1	98.300	706	5	6	1	701	1254	551	0.0	1230
4fac701c-54b7-4340-a399-a16d0b1e9bac	NR_042778.1	98.300	706	5	6	1	701	1255	552	0.0	1230
4fac701c-54b7-4340-a399-a16d0b1e9bac	NR_197695.1	98.017	706	7	6	1	701	1254	551	0.0	1219
4fac701c-54b7-4340-a399-a16d0b1e9bac	NR_118998.1	97.592	706	9	7	1	701	1249	547	0.0	1203
5c679c5a-fa39-443c-800a-91dc9d4a44fb	NR_042776.1	97.431	545	6	6	8	549	652	1191	0.0	922
5c679c5a-fa39-443c-800a-91dc9d4a44fb	NR_042777.1	97.431	545	6	6	8	549	651	1190	0.0	922
5c679c5a-fa39-443c-800a-91dc9d4a44fb	NR_042778.1	97.431	545	6	6	8	549	652	1191	0.0	922
5c679c5a-fa39-443c-800a-91dc9d4a44fb	NR_197695.1	97.431	545	6	6	8	549	651	1190	0.0	922
5c679c5a-fa39-443c-800a-91dc9d4a44fb	NR_126177.1	96.697	545	10	6	8	549	629	1168	0.0	900
d711a444-1ad4-40ba-8a7a-413e4a232654	NR_026419.1	98.087	784	7	6	1	777	702	1484	0.0	1358
d711a444-1ad4-40ba-8a7a-413e4a232654	NR_025903.1	97.066	784	14	7	1	777	714	1495	0.0	1312
d711a444-1ad4-40ba-8a7a-413e4a232654	NR_025904.1	96.939	784	15	7	1	777	713	1494	0.0	1306
d711a444-1ad4-40ba-8a7a-413e4a232654	NR_133752.1	97.105	760	14	6	1	753	639	1397	0.0	1275
d711a444-1ad4-40ba-8a7a-413e4a232654	NR_133753.1	97.105	760	14	6	1	753	668	1426	0.0	1275
2bc22e61-71f8-4938-b8f9-038040ee95b7	NR_125571.1	94.227	537	14	14	4	528	532	1	0.0	808
2bc22e61-71f8-4938-b8f9-038040ee95b7	NR_125571.1	88.571	140	9	6	551	688	309	443	1.41e-39	163
2bc22e61-71f8-4938-b8f9-038040ee95b7	NR_125570.1	93.939	495	13	14	4	486	490	1	0.0	732
2bc22e61-71f8-4938-b8f9-038040ee95b7	NR_125570.1	88.571	140	9	6	551	688	267	401	1.41e-39	163
2bc22e61-71f8-4938-b8f9-038040ee95b7	NR_029097.1	92.398	513	22	13	4	504	508	1	0.0	715
2bc22e61-71f8-4938-b8f9-038040ee95b7	NR_029097.1	88.571	140	9	6	551	688	285	419	1.41e-39	163
2bc22e61-71f8-4938-b8f9-038040ee95b7	NR_151895.1	85.383	561	57	21	4	547	553	1	1.53e-158	558
2bc22e61-71f8-4938-b8f9-038040ee95b7	NR_151895.1	88.571	140	9	6	551	688	330	464	1.41e-39	163
2bc22e61-71f8-4938-b8f9-038040ee95b7	NR_159147.1	85.278	557	60	19	4	544	552	2	1.98e-157	555
2bc22e61-71f8-4938-b8f9-038040ee95b7	NR_159147.1	88.571	140	9	6	551	688	329	463	1.41e-39	163
09a05337-21a8-4226-8728-b2cd27e452e5	NR_115354.1	95.543	359	9	7	1	356	1128	1482	1.28e-161	568
09a05337-21a8-4226-8728-b2cd27e452e5	NR_115355.1	95.543	359	9	7	1	356	1128	1482	1.28e-161	568
09a05337-21a8-4226-8728-b2cd27e452e5	NR_163639.1	95.543	359	9	7	1	356	1143	1497	1.28e-161	568
09a05337-21a8-4226-8728-b2cd27e452e5	NR_179325.1	95.543	359	9	7	1	356	1102	1456	1.28e-161	568
09a05337-21a8-4226-8728-b2cd27e452e5	NR_119169.1	95.265	359	10	7	1	356	1133	1487	5.93e-160	562
2af6adec-490e-42c4-900c-a7f844b9579d	NR_025762.1	93.701	254	11	5	1	252	1095	845	5.70e-104	375
2af6adec-490e-42c4-900c-a7f844b9579d	NR_041879.1	93.701	254	11	5	1	252	1074	824	5.70e-104	375
2af6adec-490e-42c4-900c-a7f844b9579d	NR_113570.1	93.701	254	11	5	1	252	1124	874	5.70e-104	375
2af6adec-490e-42c4-900c-a7f844b9579d	NR_115355.1	93.701	254	11	5	1	252	1117	867	5.70e-104	375
2af6adec-490e-42c4-900c-a7f844b9579d	NR_044091.1	93.701	254	11	5	1	252	1031	781	5.70e-104	375
4fc60380-1ea0-4192-a7ea-c260b870abca	NR_042776.1	98.367	245	0	3	1	244	1472	1231	1.49e-119	427
4fc60380-1ea0-4192-a7ea-c260b870abca	NR_042777.1	98.367	245	0	3	1	244	1471	1230	1.49e-119	427
4fc60380-1ea0-4192-a7ea-c260b870abca	NR_042778.1	97.959	245	1	3	1	244	1472	1231	6.94e-118	422
4fc60380-1ea0-4192-a7ea-c260b870abca	NR_118998.1	97.959	245	1	3	1	244	1466	1225	6.94e-118	422
4fc60380-1ea0-4192-a7ea-c260b870abca	NR_042052.1	97.551	245	2	3	1	244	1370	1129	3.23e-116	416
41de7be8-9046-467c-ab32-67a0d400bcfd	NR_024842.1	92.899	1014	40	26	1	999	1006	10	0.0	1448
41de7be8-9046-467c-ab32-67a0d400bcfd	NR_115241.1	93.056	1008	38	26	1	993	991	1	0.0	1445
41de7be8-9046-467c-ab32-67a0d400bcfd	NR_115735.1	93.180	997	37	25	1	982	982	2	0.0	1435
41de7be8-9046-467c-ab32-67a0d400bcfd	NR_178515.1	92.666	1009	40	28	1	993	991	1	0.0	1423
41de7be8-9046-467c-ab32-67a0d400bcfd	NR_165737.1	92.574	1010	39	29	1	993	991	1	0.0	1417
f42c6444-7a8c-4764-ba2a-ae1220044889	NR_026419.1	97.135	1396	18	13	1	1379	97	1487	0.0	2337
f42c6444-7a8c-4764-ba2a-ae1220044889	NR_025903.1	95.845	1396	34	16	1	1379	110	1498	0.0	2235
f42c6444-7a8c-4764-ba2a-ae1220044889	NR_133753.1	95.836	1369	34	15	1	1352	64	1426	0.0	2191
f42c6444-7a8c-4764-ba2a-ae1220044889	NR_025904.1	95.211	1399	37	20	1	1379	109	1497	0.0	2185
f42c6444-7a8c-4764-ba2a-ae1220044889	NR_133752.1	95.617	1369	37	15	1	1352	35	1397	0.0	2174
ef5d4888-bfe6-48d8-9c10-b8c19367ca5f	NR_152678.1	91.522	1156	55	38	1	1137	1144	13	0.0	1552
ef5d4888-bfe6-48d8-9c10-b8c19367ca5f	NR_114537.1	91.534	1134	55	37	1	1114	1113	1	0.0	1528
ef5d4888-bfe6-48d8-9c10-b8c19367ca5f	NR_024974.1	89.229	1077	76	36	1	1059	1118	64	0.0	1310
ef5d4888-bfe6-48d8-9c10-b8c19367ca5f	NR_118938.1	84.659	1069	120	39	1	1049	1046	2	0.0	1158
ef5d4888-bfe6-48d8-9c10-b8c19367ca5f	NR_199918.1	83.234	1175	128	56	1	1137	1163	20	0.0	1014
5e4669ee-c40b-4743-aa86-930fadb08667	NR_074980.1	92.431	436	18	11	1	433	436	13	9.22e-174	608
5e4669ee-c40b-4743-aa86-930fadb08667	NR_113031.1	92.431	436	18	11	1	433	436	13	9.22e-174	608
5e4669ee-c40b-4743-aa86-930fadb08667	NR_119168.1	92.908	423	16	10	1	420	414	3	4.29e-172	603
5e4669ee-c40b-4743-aa86-930fadb08667	NR_115355.1	92.995	414	17	8	1	413	409	7	2.00e-170	597
5e4669ee-c40b-4743-aa86-930fadb08667	NR_117759.1	92.671	423	17	10	1	420	412	1	2.00e-170	597
374dcc4c-9944-4f05-8bd1-7ba6d840d882	NR_042776.1	97.578	289	5	2	1	289	1211	1497	1.75e-139	494
374dcc4c-9944-4f05-8bd1-7ba6d840d882	NR_042777.1	97.578	289	5	2	1	289	1210	1496	1.75e-139	494
374dcc4c-9944-4f05-8bd1-7ba6d840d882	NR_042052.1	96.886	289	7	2	1	289	1109	1395	3.79e-136	483
374dcc4c-9944-4f05-8bd1-7ba6d840d882	NR_042778.1	96.886	289	7	2	1	289	1211	1497	3.79e-136	483
374dcc4c-9944-4f05-8bd1-7ba6d840d882	NR_114642.1	96.886	289	7	2	1	289	1168	1454	3.79e-136	483
0834a58f-038e-46a6-a911-65c63a9bc71b	NR_024842.1	95.043	585	15	11	1	575	588	8	0.0	911
0834a58f-038e-46a6-a911-65c63a9bc71b	NR_115241.1	95.321	577	13	11	1	567	573	1	0.0	904
0834a58f-038e-46a6-a911-65c63a9bc71b	NR_115735.1	95.070	568	13	12	1	557	564	1	0.0	880
0834a58f-038e-46a6-a911-65c63a9bc71b	NR_117425.1	93.966	580	21	11	1	570	576	1	0.0	865
0834a58f-038e-46a6-a911-65c63a9bc71b	NR_178515.1	94.118	578	18	14	1	567	573	1	0.0	865
2c307120-23d6-4f6d-8bd6-fe239d42c068	NR_115241.1	93.704	540	20	11	1	527	539	1	0.0	797
2c307120-23d6-4f6d-8bd6-fe239d42c068	NR_024842.1	93.223	546	23	11	1	533	554	10	0.0	795
2c307120-23d6-4f6d-8bd6-fe239d42c068	NR_115735.1	93.409	531	20	12	1	517	530	1	0.0	773
2c307120-23d6-4f6d-8bd6-fe239d42c068	NR_178515.1	92.606	541	24	13	1	527	539	1	0.0	763
2c307120-23d6-4f6d-8bd6-fe239d42c068	NR_117425.1	92.081	543	29	11	1	530	542	1	0.0	752
b3ccd90f-0af2-4589-9674-8debc5584469	NR_044091.1	96.552	319	3	7	1	316	175	488	8.96e-148	521
b3ccd90f-0af2-4589-9674-8debc5584469	NR_025762.1	95.912	318	7	4	1	316	239	552	1.94e-144	510
b3ccd90f-0af2-4589-9674-8debc5584469	NR_044153.1	95.298	319	7	7	1	316	261	574	4.20e-141	499
b3ccd90f-0af2-4589-9674-8debc5584469	NR_041879.1	94.984	319	8	7	1	316	218	531	1.95e-139	494
b3ccd90f-0af2-4589-9674-8debc5584469	NR_042940.1	94.969	318	10	5	1	316	173	486	1.95e-139	494
c221c8bb-f4a6-4e41-960a-14e99cad8ed9	NR_115355.1	91.389	1080	48	34	6	1052	1373	306	0.0	1437
c221c8bb-f4a6-4e41-960a-14e99cad8ed9	NR_179325.1	91.389	1080	48	34	6	1052	1347	280	0.0	1437
c221c8bb-f4a6-4e41-960a-14e99cad8ed9	NR_041879.1	91.304	1081	48	35	6	1052	1331	263	0.0	1434
c221c8bb-f4a6-4e41-960a-14e99cad8ed9	NR_119169.1	91.019	1080	52	34	6	1052	1378	311	0.0	1421
c221c8bb-f4a6-4e41-960a-14e99cad8ed9	NR_163639.1	91.002	1078	52	35	6	1052	1388	325	0.0	1411
1cb38343-68d6-4321-9b9e-e3ca5a2e1e6f	NR_025893.1	95.522	134	3	3	4	135	291	423	8.28e-55	211
1cb38343-68d6-4321-9b9e-e3ca5a2e1e6f	NR_025902.1	95.522	134	3	3	4	135	245	377	8.28e-55	211
1cb38343-68d6-4321-9b9e-e3ca5a2e1e6f	NR_028900.1	95.522	134	3	3	4	135	225	357	8.28e-55	211
1cb38343-68d6-4321-9b9e-e3ca5a2e1e6f	NR_041821.1	95.522	134	3	3	4	135	268	400	8.28e-55	211
1cb38343-68d6-4321-9b9e-e3ca5a2e1e6f	NR_043459.1	95.522	134	3	3	4	135	289	421	8.28e-55	211
82856612-8671-4091-85ce-09a6cc902e59	NR_025902.1	91.901	284	10	6	1	272	1168	1450	1.03e-106	385
82856612-8671-4091-85ce-09a6cc902e59	NR_117717.1	91.901	284	10	6	1	272	1210	1492	1.03e-106	385
82856612-8671-4091-85ce-09a6cc902e59	NR_121688.1	91.901	284	10	6	1	272	1210	1492	1.03e-106	385
82856612-8671-4091-85ce-09a6cc902e59	NR_117692.1	91.901	284	10	6	1	272	1190	1472	1.03e-106	385
82856612-8671-4091-85ce-09a6cc902e59	NR_117696.1	91.901	284	10	6	1	272	1177	1459	1.03e-106	385
0b3a54e3-ba8c-40ab-89ed-7281c3d9c6dd	NR_042776.1	93.688	507	21	9	1	497	98	603	0.0	749
0b3a54e3-ba8c-40ab-89ed-7281c3d9c6dd	NR_042777.1	93.491	507	21	10	1	497	98	602	0.0	743
0b3a54e3-ba8c-40ab-89ed-7281c3d9c6dd	NR_042778.1	93.294	507	23	9	1	497	98	603	0.0	737
0b3a54e3-ba8c-40ab-89ed-7281c3d9c6dd	NR_197695.1	93.294	507	23	9	1	497	97	602	0.0	737
0b3a54e3-ba8c-40ab-89ed-7281c3d9c6dd	NR_118998.1	92.505	507	27	9	1	497	93	598	0.0	717
484592b4-7af7-46b6-92e2-55a644563736	NR_028664.1	90.192	1040	56	34	1	1021	1028	16	0.0	1314
484592b4-7af7-46b6-92e2-55a644563736	NR_117719.1	90.192	1040	56	34	1	1021	1025	13	0.0	1314
484592b4-7af7-46b6-92e2-55a644563736	NR_179540.1	89.827	1042	56	38	1	1021	1025	13	0.0	1291
484592b4-7af7-46b6-92e2-55a644563736	NR_199547.1	90.504	1011	47	37	1	990	985	3	0.0	1290
484592b4-7af7-46b6-92e2-55a644563736	NR_114172.1	89.922	1032	58	34	1	1013	1005	1	0.0	1288
8457c53a-808e-4133-be5c-15d08127f94e	NR_117694.1	92.245	735	29	19	1	711	1441	711	0.0	1016
8457c53a-808e-4133-be5c-15d08127f94e	NR_025892.1	91.962	734	33	19	1	711	1466	736	0.0	1011
8457c53a-808e-4133-be5c-15d08127f94e	NR_121687.1	92.109	735	30	19	1	711	1461	731	0.0	1011
8457c53a-808e-4133-be5c-15d08127f94e	NR_025902.1	91.870	738	29	22	1	712	1419	687	0.0	1002
8457c53a-808e-4133-be5c-15d08127f94e	NR_043459.1	91.859	737	31	20	1	712	1465	733	0.0	1002
f2bd9f85-1c3c-4177-bb24-3ecb73558548	NR_115355.1	92.532	616	30	14	1	605	1341	731	0.0	869
f2bd9f85-1c3c-4177-bb24-3ecb73558548	NR_179325.1	92.532	616	30	14	1	605	1315	705	0.0	869
f2bd9f85-1c3c-4177-bb24-3ecb73558548	NR_163639.1	92.520	615	31	14	1	605	1356	747	0.0	867
f2bd9f85-1c3c-4177-bb24-3ecb73558548	NR_041879.1	92.382	617	30	15	1	605	1299	688	0.0	863
f2bd9f85-1c3c-4177-bb24-3ecb73558548	NR_119169.1	92.208	616	32	14	1	605	1346	736	0.0	861
c2cec973-cab7-41c4-a86c-14ee65349d53	NR_044873.1	90.844	841	30	36	7	825	652	1467	0.0	1083
c2cec973-cab7-41c4-a86c-14ee65349d53	NR_074568.1	90.238	840	37	36	7	826	662	1476	0.0	1055
c2cec973-cab7-41c4-a86c-14ee65349d53	NR_025310.1	89.442	843	40	38	7	826	642	1458	0.0	1018
c2cec973-cab7-41c4-a86c-14ee65349d53	NR_042311.1	86.817	842	61	41	7	826	660	1473	0.0	894
c2cec973-cab7-41c4-a86c-14ee65349d53	NR_145620.1	86.754	838	68	34	7	826	659	1471	0.0	893
02844a17-7056-439d-b059-b52f36ad533a	NR_179325.1	87.633	1318	85	59	29	1295	166	1456	0.0	1459
02844a17-7056-439d-b059-b52f36ad533a	NR_115355.1	87.472	1317	89	57	29	1295	192	1482	0.0	1448
02844a17-7056-439d-b059-b52f36ad533a	NR_119169.1	87.158	1316	95	55	29	1295	197	1487	0.0	1432
02844a17-7056-439d-b059-b52f36ad533a	NR_074980.1	87.026	1318	93	59	29	1295	219	1509	0.0	1415
02844a17-7056-439d-b059-b52f36ad533a	NR_113031.1	87.026	1318	93	59	29	1295	219	1509	0.0	1415
7dbe62b2-fba7-407f-862a-ca46f1956e88	NR_024912.1	93.750	448	12	15	123	561	446	6	0.0	658
7dbe62b2-fba7-407f-862a-ca46f1956e88	NR_156986.1	93.750	448	12	15	123	561	441	1	0.0	658
7dbe62b2-fba7-407f-862a-ca46f1956e88	NR_024901.1	93.527	448	13	15	123	561	446	6	0.0	652
7dbe62b2-fba7-407f-862a-ca46f1956e88	NR_024928.1	93.527	448	13	15	123	561	446	6	0.0	652
7dbe62b2-fba7-407f-862a-ca46f1956e88	NR_043425.1	93.527	448	13	15	123	561	451	11	0.0	652
f11bb978-413a-4790-a472-829d16cfaffd	NR_117694.1	95.837	1225	26	20	1	1216	262	1470	0.0	1956
f11bb978-413a-4790-a472-829d16cfaffd	NR_117696.1	95.748	1223	31	17	1	1216	249	1457	0.0	1951
f11bb978-413a-4790-a472-829d16cfaffd	NR_117717.1	95.666	1223	31	18	1	1216	283	1490	0.0	1945
f11bb978-413a-4790-a472-829d16cfaffd	NR_117701.1	95.585	1223	33	17	1	1216	262	1470	0.0	1940
f11bb978-413a-4790-a472-829d16cfaffd	NR_121688.1	95.503	1223	34	17	1	1216	282	1490	0.0	1934
83b1eff2-d7fd-42a0-9647-f5fef6969825	NR_026419.1	91.440	1285	52	46	1	1253	1296	38	0.0	1711
83b1eff2-d7fd-42a0-9647-f5fef6969825	NR_133753.1	90.257	1283	70	45	1	1253	1262	5	0.0	1626
83b1eff2-d7fd-42a0-9647-f5fef6969825	NR_025903.1	90.101	1283	72	45	1	1253	1308	51	0.0	1615
83b1eff2-d7fd-42a0-9647-f5fef6969825	NR_025904.1	89.425	1286	75	49	1	1253	1307	50	0.0	1565
83b1eff2-d7fd-42a0-9647-f5fef6969825	NR_133752.1	89.825	1258	73	45	1	1228	1233	1	0.0	1563
90768664-aa80-4c45-9f74-254f439292d0	NR_026419.1	95.089	448	12	10	1	442	444	1	0.0	697
90768664-aa80-4c45-9f74-254f439292d0	NR_025903.1	92.952	454	21	11	3	450	454	6	0.0	651
90768664-aa80-4c45-9f74-254f439292d0	NR_025904.1	92.779	457	20	13	2	450	456	5	0.0	649
90768664-aa80-4c45-9f74-254f439292d0	NR_133753.1	93.766	401	16	9	3	399	408	13	2.69e-169	593
90768664-aa80-4c45-9f74-254f439292d0	NR_036920.1	90.508	453	31	12	3	450	447	2	1.25e-167	588
8b4bd0ed-e968-4f11-b107-c10b94fd9915	NR_024842.1	96.325	1143	22	14	1	1132	359	1492	0.0	1862
8b4bd0ed-e968-4f11-b107-c10b94fd9915	NR_115735.1	96.485	1138	21	13	1	1128	335	1463	0.0	1862
8b4bd0ed-e968-4f11-b107-c10b94fd9915	NR_115241.1	96.215	1136	24	13	1	1126	344	1470	0.0	1847
8b4bd0ed-e968-4f11-b107-c10b94fd9915	NR_036936.1	96.130	1137	24	14	1	1126	344	1471	0.0	1838
8b4bd0ed-e968-4f11-b107-c10b94fd9915	NR_109720.1	96.191	1129	23	14	1	1118	338	1457	0.0	1829
e94086f2-54d3-46b8-b740-e53c9de35f65	NR_042776.1	91.570	1115	43	41	1	1088	372	1462	0.0	1491
e94086f2-54d3-46b8-b740-e53c9de35f65	NR_042777.1	91.480	1115	43	42	1	1088	372	1461	0.0	1485
e94086f2-54d3-46b8-b740-e53c9de35f65	NR_042778.1	91.375	1113	49	39	1	1088	372	1462	0.0	1480
e94086f2-54d3-46b8-b740-e53c9de35f65	NR_197695.1	91.211	1115	47	40	1	1088	371	1461	0.0	1469
e94086f2-54d3-46b8-b740-e53c9de35f65	NR_118998.1	90.746	1113	55	40	1	1088	367	1456	0.0	1441
79d22a1a-9399-4393-beeb-a23228f04ce6	NR_042776.1	95.623	891	25	12	1	880	227	1114	0.0	1417
79d22a1a-9399-4393-beeb-a23228f04ce6	NR_042777.1	95.506	890	27	12	1	880	227	1113	0.0	1410
79d22a1a-9399-4393-beeb-a23228f04ce6	NR_042778.1	95.398	891	27	12	1	880	227	1114	0.0	1406
79d22a1a-9399-4393-beeb-a23228f04ce6	NR_197695.1	95.398	891	27	12	1	880	226	1113	0.0	1406
79d22a1a-9399-4393-beeb-a23228f04ce6	NR_118998.1	94.501	891	34	13	1	880	222	1108	0.0	1360
bb509828-9178-4cee-9b12-3f2677a2b8d4	NR_044873.1	95.899	829	16	15	1	818	644	1465	0.0	1327
bb509828-9178-4cee-9b12-3f2677a2b8d4	NR_074568.1	95.169	828	22	15	1	818	654	1473	0.0	1291
bb509828-9178-4cee-9b12-3f2677a2b8d4	NR_044712.2	94.762	821	25	15	1	811	663	1475	0.0	1267
bb509828-9178-4cee-9b12-3f2677a2b8d4	NR_025310.1	94.210	829	30	16	1	818	634	1455	0.0	1249
bb509828-9178-4cee-9b12-3f2677a2b8d4	NR_109752.1	94.210	829	30	16	1	818	665	1486	0.0	1249
af966407-7da1-4b16-8448-78eead491132	NR_040821.1	91.549	355	16	13	1	352	1136	1479	2.16e-134	477
af966407-7da1-4b16-8448-78eead491132	NR_025148.1	91.549	355	16	13	1	352	1156	1499	2.16e-134	477
af966407-7da1-4b16-8448-78eead491132	NR_040820.1	91.549	355	16	13	1	352	1136	1479	2.16e-134	477
af966407-7da1-4b16-8448-78eead491132	NR_134818.1	91.549	355	16	13	1	352	1149	1492	2.16e-134	477
af966407-7da1-4b16-8448-78eead491132	NR_126177.1	91.549	355	16	13	1	352	1138	1481	2.16e-134	477
92afe59b-1443-40bb-a2ce-5393e10ee2a7	NR_026419.1	94.118	459	13	9	1	452	1033	1484	0.0	686
92afe59b-1443-40bb-a2ce-5393e10ee2a7	NR_025903.1	92.375	459	20	12	1	452	1045	1495	0.0	640
92afe59b-1443-40bb-a2ce-5393e10ee2a7	NR_025904.1	92.157	459	21	12	1	452	1044	1494	0.0	634
92afe59b-1443-40bb-a2ce-5393e10ee2a7	NR_026420.1	91.028	457	30	8	1	452	1032	1482	3.48e-173	606
92afe59b-1443-40bb-a2ce-5393e10ee2a7	NR_133752.1	92.184	435	20	9	1	428	970	1397	4.50e-172	603
e5d1dd9b-2d31-4fd3-9bb6-91f8d2bc24eb	NR_044873.1	93.052	403	14	8	1	400	463	854	2.41e-164	577
e5d1dd9b-2d31-4fd3-9bb6-91f8d2bc24eb	NR_043968.1	92.804	403	14	9	1	400	432	822	4.03e-162	569
e5d1dd9b-2d31-4fd3-9bb6-91f8d2bc24eb	NR_024785.1	92.556	403	15	9	1	400	430	820	1.88e-160	564
e5d1dd9b-2d31-4fd3-9bb6-91f8d2bc24eb	NR_025310.1	92.308	403	16	9	1	400	454	844	8.73e-159	558
e5d1dd9b-2d31-4fd3-9bb6-91f8d2bc24eb	NR_179993.1	92.308	403	16	9	1	400	475	865	8.73e-159	558
7a319086-e933-4a74-b4eb-e041592bb8f4	NR_074980.1	95.024	1266	38	23	1	1252	1267	13	0.0	1965
7a319086-e933-4a74-b4eb-e041592bb8f4	NR_113031.1	95.024	1266	38	23	1	1252	1267	13	0.0	1965
7a319086-e933-4a74-b4eb-e041592bb8f4	NR_043332.1	95.200	1250	37	21	1	1237	1240	1	0.0	1960
7a319086-e933-4a74-b4eb-e041592bb8f4	NR_115355.1	95.200	1250	37	21	1	1237	1240	1	0.0	1958
7a319086-e933-4a74-b4eb-e041592bb8f4	NR_117759.1	95.132	1253	38	21	1	1240	1243	1	0.0	1958
7a5f9a6c-bc6f-423c-9f2f-733255fabce2	NR_042776.1	95.560	518	11	9	19	527	532	18	0.0	819
7a5f9a6c-bc6f-423c-9f2f-733255fabce2	NR_042778.1	95.174	518	13	9	19	527	532	18	0.0	808
7a5f9a6c-bc6f-423c-9f2f-733255fabce2	NR_042777.1	94.981	518	13	10	19	527	531	18	0.0	800
7a5f9a6c-bc6f-423c-9f2f-733255fabce2	NR_197695.1	94.595	518	16	9	19	527	531	17	0.0	791
7a5f9a6c-bc6f-423c-9f2f-733255fabce2	NR_118998.1	94.208	518	18	9	19	527	527	13	0.0	782
45111024-a025-4726-ae3d-5d44a86a7850	NR_113570.1	91.103	798	35	27	7	777	702	1490	0.0	1048
45111024-a025-4726-ae3d-5d44a86a7850	NR_043332.1	90.966	797	37	27	7	777	695	1482	0.0	1044
45111024-a025-4726-ae3d-5d44a86a7850	NR_074980.1	90.966	797	37	27	7	777	722	1509	0.0	1040
45111024-a025-4726-ae3d-5d44a86a7850	NR_113031.1	90.966	797	37	27	7	777	722	1509	0.0	1040
45111024-a025-4726-ae3d-5d44a86a7850	NR_115355.1	90.966	797	37	26	7	777	695	1482	0.0	1040
8ec51b42-a077-4b22-83c0-315fcc1546ab	NR_044873.1	95.154	1424	38	23	125	1522	1420	2	0.0	2218
8ec51b42-a077-4b22-83c0-315fcc1546ab	NR_074568.1	93.671	1422	59	23	126	1522	1428	13	0.0	2098
8ec51b42-a077-4b22-83c0-315fcc1546ab	NR_044712.2	93.390	1422	63	23	126	1522	1437	22	0.0	2084
8ec51b42-a077-4b22-83c0-315fcc1546ab	NR_109752.1	92.837	1424	66	29	127	1522	1438	23	0.0	2032
8ec51b42-a077-4b22-83c0-315fcc1546ab	NR_025310.1	92.797	1416	65	28	127	1514	1407	1	0.0	2015
717c5e85-992f-4384-93f6-b565e8baf8c1	NR_025862.1	88.929	551	32	29	1	536	548	12	0.0	658
717c5e85-992f-4384-93f6-b565e8baf8c1	NR_028682.1	85.971	556	38	39	1	535	549	13	1.18e-158	558
717c5e85-992f-4384-93f6-b565e8baf8c1	NR_026454.1	84.045	539	50	32	1	517	525	1	5.63e-137	486
717c5e85-992f-4384-93f6-b565e8baf8c1	NR_025863.1	82.310	554	62	34	4	536	550	12	2.05e-126	451
717c5e85-992f-4384-93f6-b565e8baf8c1	NR_152056.1	82.418	546	50	39	1	518	531	4	5.75e-122	436
8c7e567c-9797-410d-9c0c-f8fb35d7d8fa	NR_042776.1	98.007	853	10	4	1	848	649	1499	0.0	1474
8c7e567c-9797-410d-9c0c-f8fb35d7d8fa	NR_042777.1	98.007	853	10	4	1	848	648	1498	0.0	1474
8c7e567c-9797-410d-9c0c-f8fb35d7d8fa	NR_042778.1	97.773	853	12	4	1	848	649	1499	0.0	1463
8c7e567c-9797-410d-9c0c-f8fb35d7d8fa	NR_197695.1	97.538	853	14	4	1	848	648	1498	0.0	1452
8c7e567c-9797-410d-9c0c-f8fb35d7d8fa	NR_118998.1	97.418	852	16	4	1	848	644	1493	0.0	1447
67015ebb-4b96-421c-86f2-1cda1e132cdc	NR_178262.1	96.755	339	5	6	1	334	1022	1359	2.06e-159	560
67015ebb-4b96-421c-86f2-1cda1e132cdc	NR_179215.1	96.755	339	5	6	1	334	1144	1481	2.06e-159	560
67015ebb-4b96-421c-86f2-1cda1e132cdc	NR_024842.1	96.746	338	6	5	1	334	1143	1479	7.42e-159	558
67015ebb-4b96-421c-86f2-1cda1e132cdc	NR_115735.1	96.746	338	6	5	1	334	1119	1455	7.42e-159	558
67015ebb-4b96-421c-86f2-1cda1e132cdc	NR_036936.1	96.460	339	6	6	1	334	1128	1465	9.60e-158	555
