7ed7f913-eaf6-4887-88f8-5918a38afc1c	NR_199543.1	94.465	271	5	10	1	267	1496	1232	5.99e-114	409
7ed7f913-eaf6-4887-88f8-5918a38afc1c	NR_036936.1	94.096	271	6	10	1	267	1461	1197	2.79e-112	403
7ed7f913-eaf6-4887-88f8-5918a38afc1c	NR_025453.1	94.096	271	6	10	1	267	1461	1197	2.79e-112	403
7ed7f913-eaf6-4887-88f8-5918a38afc1c	NR_028666.1	94.096	271	6	10	1	267	1485	1221	2.79e-112	403
7ed7f913-eaf6-4887-88f8-5918a38afc1c	NR_028833.1	94.096	271	6	10	1	267	1488	1224	2.79e-112	403
fcd5bb9b-ff33-4a0f-855f-5878981bb22a	NR_116168.1	90.368	1277	69	50	1	1244	232	1487	0.0	1628
fcd5bb9b-ff33-4a0f-855f-5878981bb22a	NR_118762.1	89.064	1271	84	52	1	1238	235	1483	0.0	1555
fcd5bb9b-ff33-4a0f-855f-5878981bb22a	NR_025423.1	88.619	1274	91	50	1	1241	216	1468	0.0	1500
fcd5bb9b-ff33-4a0f-855f-5878981bb22a	NR_042878.1	90.350	1171	64	46	1	1141	211	1362	0.0	1493
fcd5bb9b-ff33-4a0f-855f-5878981bb22a	NR_115138.1	87.226	1276	103	56	1	1240	217	1468	0.0	1399
9e1e7534-d373-4435-acce-596dfadf39fd	NR_116168.1	88.000	1450	94	69	1	1385	1479	45	0.0	1640
9e1e7534-d373-4435-acce-596dfadf39fd	NR_118762.1	86.759	1450	111	68	1	1385	1481	48	0.0	1572
9e1e7534-d373-4435-acce-596dfadf39fd	NR_042878.1	88.336	1346	90	62	92	1385	1354	24	0.0	1565
9e1e7534-d373-4435-acce-596dfadf39fd	NR_025423.1	85.891	1453	121	74	1	1385	1463	27	0.0	1471
9e1e7534-d373-4435-acce-596dfadf39fd	NR_118143.1	86.944	1348	107	64	92	1385	1356	24	0.0	1452
6d9bfde6-b123-4b94-8bb7-aec7ab5708d9	NR_115355.1	91.228	342	17	9	2	334	338	1	2.79e-128	457
6d9bfde6-b123-4b94-8bb7-aec7ab5708d9	NR_119169.1	91.228	342	17	9	2	334	343	6	1.01e-127	455
6d9bfde6-b123-4b94-8bb7-aec7ab5708d9	NR_163639.1	90.625	352	19	10	2	343	357	10	1.01e-127	455
6d9bfde6-b123-4b94-8bb7-aec7ab5708d9	NR_119168.1	91.228	342	17	9	2	334	343	6	3.61e-127	453
6d9bfde6-b123-4b94-8bb7-aec7ab5708d9	NR_074980.1	90.341	352	20	10	2	343	365	18	4.68e-126	449
