c3369306-ec8e-4f4e-8916-917ba34dccae	NR_119169.1	94.028	854	28	19	5	841	850	3	0.0	1277
c3369306-ec8e-4f4e-8916-917ba34dccae	NR_115355.1	94.007	851	28	19	5	838	845	1	0.0	1271
c3369306-ec8e-4f4e-8916-917ba34dccae	NR_163639.1	93.556	869	27	23	5	855	861	4	0.0	1267
c3369306-ec8e-4f4e-8916-917ba34dccae	NR_074980.1	93.426	867	33	20	5	854	872	13	0.0	1264
c3369306-ec8e-4f4e-8916-917ba34dccae	NR_113031.1	93.426	867	33	20	5	854	872	13	0.0	1264
a4ef3cf8-e143-4c96-bc61-9c3ef76ef9d3	NR_118941.1	91.512	1237	87	12	23	1245	102	1334	0.0	1757
a4ef3cf8-e143-4c96-bc61-9c3ef76ef9d3	NR_118935.1	90.534	1236	99	14	22	1243	101	1332	0.0	1670
a4ef3cf8-e143-4c96-bc61-9c3ef76ef9d3	NR_044754.1	87.729	1255	123	24	50	1285	227	1469	0.0	1445
a4ef3cf8-e143-4c96-bc61-9c3ef76ef9d3	NR_044709.2	86.932	1255	139	21	50	1286	244	1491	0.0	1419
a4ef3cf8-e143-4c96-bc61-9c3ef76ef9d3	NR_112754.1	87.186	1272	134	26	50	1301	215	1477	0.0	1419
a323927f-b99c-4ab1-8a39-7b88124ec99b	NR_036936.1	94.792	1056	27	22	1	1034	422	1471	0.0	1620
a323927f-b99c-4ab1-8a39-7b88124ec99b	NR_115736.1	94.493	1035	37	16	16	1035	389	1418	0.0	1578
a323927f-b99c-4ab1-8a39-7b88124ec99b	NR_113260.1	94.487	1034	37	16	16	1034	442	1470	0.0	1576
a323927f-b99c-4ab1-8a39-7b88124ec99b	NR_028666.1	94.242	1042	39	17	16	1041	466	1502	0.0	1572
a323927f-b99c-4ab1-8a39-7b88124ec99b	NR_029052.1	93.791	1063	38	22	1	1041	410	1466	0.0	1572
f16e2baa-2de6-4509-a07b-bfa29eff3b69	NR_115355.1	93.615	1300	38	32	9	1280	1283	1	0.0	1903
f16e2baa-2de6-4509-a07b-bfa29eff3b69	NR_119169.1	93.400	1303	41	31	9	1283	1288	3	0.0	1895
f16e2baa-2de6-4509-a07b-bfa29eff3b69	NR_179325.1	93.642	1274	35	33	9	1253	1257	1	0.0	1862
f16e2baa-2de6-4509-a07b-bfa29eff3b69	NR_074980.1	92.765	1313	50	32	9	1293	1310	15	0.0	1857
f16e2baa-2de6-4509-a07b-bfa29eff3b69	NR_113031.1	92.765	1313	50	32	9	1293	1310	15	0.0	1857
6b64ede7-79f5-4d92-b064-46471d93bbcb	NR_119169.1	93.062	663	20	21	1	644	656	1	0.0	950
6b64ede7-79f5-4d92-b064-46471d93bbcb	NR_163639.1	93.103	667	17	24	1	648	667	11	0.0	950
6b64ede7-79f5-4d92-b064-46471d93bbcb	NR_074980.1	92.804	667	22	21	1	648	678	19	0.0	942
6b64ede7-79f5-4d92-b064-46471d93bbcb	NR_113031.1	92.804	667	22	21	1	648	678	19	0.0	942
6b64ede7-79f5-4d92-b064-46471d93bbcb	NR_115355.1	93.009	658	20	21	1	639	651	1	0.0	941
9e983f84-7398-473f-8645-d44d0a0bbd45	NR_025862.1	92.188	192	9	6	1	190	199	12	2.02e-72	270
9e983f84-7398-473f-8645-d44d0a0bbd45	NR_028682.1	91.860	172	7	7	21	189	180	13	2.65e-61	233
9e983f84-7398-473f-8645-d44d0a0bbd45	NR_025863.1	83.815	173	16	12	25	190	179	12	2.12e-37	154
9e983f84-7398-473f-8645-d44d0a0bbd45	NR_026454.1	82.530	166	20	9	10	168	164	1	2.14e-32	137
9e983f84-7398-473f-8645-d44d0a0bbd45	NR_044938.1	81.176	170	25	7	21	187	166	1	3.58e-30	130
9ed8a14b-267f-40d5-9258-53e595e1f13e	NR_114395.1	93.241	503	12	12	1	485	988	1486	0.0	721
9ed8a14b-267f-40d5-9258-53e595e1f13e	NR_179528.1	93.159	497	15	10	1	481	973	1466	0.0	712
9ed8a14b-267f-40d5-9258-53e595e1f13e	NR_179535.1	92.615	501	14	12	1	485	991	1484	0.0	699
9ed8a14b-267f-40d5-9258-53e595e1f13e	NR_144691.1	91.235	502	22	13	1	485	1003	1499	0.0	664
9ed8a14b-267f-40d5-9258-53e595e1f13e	NR_041983.1	93.261	460	11	11	1	444	956	1411	0.0	662
294acfae-b5b6-4ad0-992f-2e9d5a30d48b	NR_179540.1	95.143	350	8	7	8	352	1029	684	2.17e-154	544
294acfae-b5b6-4ad0-992f-2e9d5a30d48b	NR_199547.1	95.143	350	8	7	8	352	989	644	2.17e-154	544
294acfae-b5b6-4ad0-992f-2e9d5a30d48b	NR_028664.1	94.857	350	9	7	8	352	1032	687	1.01e-152	538
294acfae-b5b6-4ad0-992f-2e9d5a30d48b	NR_028665.1	94.857	350	9	7	8	352	1026	681	1.01e-152	538
294acfae-b5b6-4ad0-992f-2e9d5a30d48b	NR_042927.1	94.857	350	9	7	8	352	1011	666	1.01e-152	538
03f6f64e-eca9-4f4a-98d4-43411de6cece	NR_116168.1	92.154	803	22	31	1	772	806	14	0.0	1096
03f6f64e-eca9-4f4a-98d4-43411de6cece	NR_042878.1	91.824	795	24	31	1	764	785	1	0.0	1077
03f6f64e-eca9-4f4a-98d4-43411de6cece	NR_118762.1	90.435	805	36	31	1	774	809	15	0.0	1050
03f6f64e-eca9-4f4a-98d4-43411de6cece	NR_025423.1	90.113	799	38	32	1	767	790	1	0.0	1000
03f6f64e-eca9-4f4a-98d4-43411de6cece	NR_118143.1	89.335	797	42	32	1	764	787	1	0.0	961
d85ef941-0fbc-4b96-a1c4-3dea573724e1	NR_042776.1	94.209	449	12	6	1	436	598	151	0.0	673
d85ef941-0fbc-4b96-a1c4-3dea573724e1	NR_042778.1	93.987	449	13	6	1	436	598	151	0.0	667
d85ef941-0fbc-4b96-a1c4-3dea573724e1	NR_118998.1	93.541	449	15	6	1	436	593	146	0.0	656
d85ef941-0fbc-4b96-a1c4-3dea573724e1	NR_197695.1	93.556	450	13	8	1	436	597	150	0.0	656
d85ef941-0fbc-4b96-a1c4-3dea573724e1	NR_042777.1	93.541	449	14	7	1	436	597	151	0.0	654
f6520b9d-0c65-4697-80ac-228d4c52bfcf	NR_199974.1	93.232	1049	50	18	14	1047	464	1506	0.0	1524
f6520b9d-0c65-4697-80ac-228d4c52bfcf	NR_025453.1	93.143	1050	50	19	14	1047	437	1480	0.0	1520
f6520b9d-0c65-4697-80ac-228d4c52bfcf	NR_199546.1	93.501	1031	48	16	31	1047	489	1514	0.0	1515
f6520b9d-0c65-4697-80ac-228d4c52bfcf	NR_199956.1	93.580	1028	43	21	36	1047	479	1499	0.0	1511
f6520b9d-0c65-4697-80ac-228d4c52bfcf	NR_152678.1	93.574	1027	43	21	37	1047	480	1499	0.0	1509
c1b6dd95-4ab3-437f-b96b-0985d96a5c2b	NR_028664.1	97.611	586	3	9	6	584	848	267	0.0	994
c1b6dd95-4ab3-437f-b96b-0985d96a5c2b	NR_115240.1	97.611	586	3	9	6	584	825	244	0.0	994
c1b6dd95-4ab3-437f-b96b-0985d96a5c2b	NR_115732.1	97.611	586	3	9	6	584	827	246	0.0	994
c1b6dd95-4ab3-437f-b96b-0985d96a5c2b	NR_116207.1	97.611	586	3	9	6	584	690	109	0.0	994
c1b6dd95-4ab3-437f-b96b-0985d96a5c2b	NR_116209.1	97.611	586	3	9	6	584	750	169	0.0	994
2d7c0d99-f281-471b-b219-d1ca93136da0	NR_025762.1	93.548	465	15	11	15	473	645	1100	0.0	678
2d7c0d99-f281-471b-b219-d1ca93136da0	NR_041879.1	93.548	465	15	11	15	473	624	1079	0.0	678
2d7c0d99-f281-471b-b219-d1ca93136da0	NR_113570.1	93.548	465	15	11	15	473	674	1129	0.0	678
2d7c0d99-f281-471b-b219-d1ca93136da0	NR_115355.1	93.548	465	15	11	15	473	667	1122	0.0	678
2d7c0d99-f281-471b-b219-d1ca93136da0	NR_044091.1	93.521	463	15	11	15	471	581	1034	0.0	675
b7b4ba41-3f06-43ae-a944-f56c3c8dd0db	NR_042928.1	90.738	637	27	23	2	617	626	1	0.0	821
b7b4ba41-3f06-43ae-a944-f56c3c8dd0db	NR_199547.1	91.860	602	21	19	2	584	606	14	0.0	815
b7b4ba41-3f06-43ae-a944-f56c3c8dd0db	NR_109720.1	90.491	631	30	23	2	611	622	1	0.0	806
b7b4ba41-3f06-43ae-a944-f56c3c8dd0db	NR_165747.1	89.953	637	32	25	2	617	626	1	0.0	793
b7b4ba41-3f06-43ae-a944-f56c3c8dd0db	NR_036936.1	89.796	637	35	23	2	617	628	1	0.0	791
b0028f90-dc54-432c-9c49-fa7cf0a3ce9d	NR_042928.1	95.817	1243	28	20	11	1243	1229	1	0.0	1986
b0028f90-dc54-432c-9c49-fa7cf0a3ce9d	NR_199547.1	96.148	1220	25	18	11	1220	1209	2	0.0	1973
b0028f90-dc54-432c-9c49-fa7cf0a3ce9d	NR_117719.1	95.284	1251	35	20	11	1251	1249	13	0.0	1962
b0028f90-dc54-432c-9c49-fa7cf0a3ce9d	NR_112026.1	95.759	1226	27	21	11	1226	1211	1	0.0	1954
b0028f90-dc54-432c-9c49-fa7cf0a3ce9d	NR_028664.1	95.124	1251	37	20	11	1251	1252	16	0.0	1951
1c177fd9-e617-4a40-a6a1-7515ac646f85	NR_074980.1	97.048	1423	28	11	1	1413	1431	13	0.0	2383
1c177fd9-e617-4a40-a6a1-7515ac646f85	NR_113031.1	97.048	1423	28	11	1	1413	1431	13	0.0	2383
1c177fd9-e617-4a40-a6a1-7515ac646f85	NR_113570.1	96.961	1415	28	12	1	1404	1411	1	0.0	2361
1c177fd9-e617-4a40-a6a1-7515ac646f85	NR_043332.1	96.946	1408	29	11	1	1398	1404	1	0.0	2355
1c177fd9-e617-4a40-a6a1-7515ac646f85	NR_115355.1	96.875	1408	30	11	1	1398	1404	1	0.0	2348
cf3a96a2-6114-4e41-acc3-515ed2139eaa	NR_117694.1	92.694	1314	46	43	1	1277	171	1471	0.0	1849
cf3a96a2-6114-4e41-acc3-515ed2139eaa	NR_117696.1	92.519	1310	56	35	1	1277	158	1458	0.0	1838
cf3a96a2-6114-4e41-acc3-515ed2139eaa	NR_117717.1	92.443	1310	56	36	1	1277	192	1491	0.0	1831
cf3a96a2-6114-4e41-acc3-515ed2139eaa	NR_117701.1	92.366	1310	58	35	1	1277	171	1471	0.0	1827
cf3a96a2-6114-4e41-acc3-515ed2139eaa	NR_121687.1	92.314	1314	51	43	1	1277	191	1491	0.0	1821
9ff0258d-4407-44c3-a7c9-111d8a73f6ee	NR_044873.1	93.490	384	15	9	1	378	381	2	6.29e-160	562
9ff0258d-4407-44c3-a7c9-111d8a73f6ee	NR_074568.1	92.969	384	17	8	1	378	392	13	1.36e-156	551
9ff0258d-4407-44c3-a7c9-111d8a73f6ee	NR_044712.2	92.188	384	20	8	1	378	401	22	2.95e-153	540
9ff0258d-4407-44c3-a7c9-111d8a73f6ee	NR_179993.1	90.415	386	26	9	1	379	393	12	1.80e-140	497
9ff0258d-4407-44c3-a7c9-111d8a73f6ee	NR_109752.1	90.390	385	26	9	1	378	403	23	6.47e-140	496
f2aaaebb-12f3-4c28-a207-b67d169c1336	NR_117694.1	89.867	1283	74	46	1	1244	202	1467	0.0	1598
f2aaaebb-12f3-4c28-a207-b67d169c1336	NR_117696.1	89.774	1281	79	42	1	1244	189	1454	0.0	1592
f2aaaebb-12f3-4c28-a207-b67d169c1336	NR_117701.1	89.704	1282	78	43	1	1244	202	1467	0.0	1587
f2aaaebb-12f3-4c28-a207-b67d169c1336	NR_117717.1	89.696	1281	79	43	1	1244	223	1487	0.0	1585
f2aaaebb-12f3-4c28-a207-b67d169c1336	NR_121688.1	89.626	1282	79	43	1	1244	222	1487	0.0	1581
3d399078-83fb-451d-ac50-9c583d981926	NR_042776.1	97.161	1127	12	13	1	1115	381	1499	0.0	1886
3d399078-83fb-451d-ac50-9c583d981926	NR_042777.1	97.072	1127	12	14	1	1115	381	1498	0.0	1879
3d399078-83fb-451d-ac50-9c583d981926	NR_042778.1	96.980	1126	16	12	1	1115	381	1499	0.0	1875
3d399078-83fb-451d-ac50-9c583d981926	NR_197695.1	96.806	1127	16	13	1	1115	380	1498	0.0	1864
3d399078-83fb-451d-ac50-9c583d981926	NR_118998.1	96.359	1126	22	13	1	1115	376	1493	0.0	1834
b1159c62-cdba-4432-ad10-a2a43e8b0578	NR_042776.1	96.728	489	8	6	7	488	505	18	0.0	808
b1159c62-cdba-4432-ad10-a2a43e8b0578	NR_042778.1	96.319	489	10	6	7	488	505	18	0.0	797
b1159c62-cdba-4432-ad10-a2a43e8b0578	NR_042777.1	96.304	487	10	6	9	488	503	18	0.0	793
b1159c62-cdba-4432-ad10-a2a43e8b0578	NR_197695.1	95.910	489	12	6	7	488	504	17	0.0	785
b1159c62-cdba-4432-ad10-a2a43e8b0578	NR_118998.1	95.297	489	15	6	7	488	500	13	0.0	771
fc2fc71e-fae0-4ee2-88d0-6bc0cc9f20a3	NR_042311.1	91.747	727	44	14	1	715	670	1392	0.0	996
fc2fc71e-fae0-4ee2-88d0-6bc0cc9f20a3	NR_145948.1	91.576	736	38	20	1	715	673	1405	0.0	994
fc2fc71e-fae0-4ee2-88d0-6bc0cc9f20a3	NR_157612.1	90.809	729	48	15	1	715	668	1391	0.0	957
fc2fc71e-fae0-4ee2-88d0-6bc0cc9f20a3	NR_025461.1	90.522	728	52	14	1	715	656	1379	0.0	946
fc2fc71e-fae0-4ee2-88d0-6bc0cc9f20a3	NR_115036.1	90.522	728	52	14	1	715	676	1399	0.0	946
d6afa62e-5255-4d81-8ca9-65464115f9b6	NR_042776.1	94.266	1273	32	30	5	1254	245	1499	0.0	1908
d6afa62e-5255-4d81-8ca9-65464115f9b6	NR_042777.1	94.187	1273	32	31	5	1254	245	1498	0.0	1903
d6afa62e-5255-4d81-8ca9-65464115f9b6	NR_042778.1	93.951	1273	36	30	5	1254	245	1499	0.0	1886
d6afa62e-5255-4d81-8ca9-65464115f9b6	NR_197695.1	93.951	1273	36	30	5	1254	244	1498	0.0	1886
d6afa62e-5255-4d81-8ca9-65464115f9b6	NR_118998.1	93.401	1273	42	31	5	1254	240	1493	0.0	1847
3e52878f-715b-4756-808f-ce07852cc277	NR_117719.1	96.154	442	11	5	7	444	134	573	0.0	717
3e52878f-715b-4756-808f-ce07852cc277	NR_175455.1	95.928	442	12	5	7	444	122	561	0.0	712
3e52878f-715b-4756-808f-ce07852cc277	NR_180625.1	95.721	444	13	5	5	444	94	535	0.0	710
3e52878f-715b-4756-808f-ce07852cc277	NR_114537.1	95.475	442	14	5	7	444	103	542	0.0	701
3e52878f-715b-4756-808f-ce07852cc277	NR_036936.1	95.249	442	15	5	7	444	116	555	0.0	697
2d755cc2-8a30-4604-8f7d-f7b5e245a9b3	NR_028664.1	96.822	1479	29	14	1	1473	1483	17	0.0	2455
2d755cc2-8a30-4604-8f7d-f7b5e245a9b3	NR_117719.1	96.755	1479	30	14	1	1473	1480	14	0.0	2449
2d755cc2-8a30-4604-8f7d-f7b5e245a9b3	NR_179383.1	96.687	1479	31	14	1	1473	1487	21	0.0	2444
2d755cc2-8a30-4604-8f7d-f7b5e245a9b3	NR_115240.1	96.807	1472	29	14	1	1466	1460	1	0.0	2442
2d755cc2-8a30-4604-8f7d-f7b5e245a9b3	NR_042928.1	96.807	1472	28	15	1	1466	1459	1	0.0	2440
028bdde4-d1b7-42e4-b17f-7c0bc30123ac	NR_042776.1	95.367	885	20	16	1	873	905	30	0.0	1387
028bdde4-d1b7-42e4-b17f-7c0bc30123ac	NR_042778.1	95.141	885	22	16	1	873	905	30	0.0	1376
028bdde4-d1b7-42e4-b17f-7c0bc30123ac	NR_042777.1	95.028	885	22	17	1	873	904	30	0.0	1371
028bdde4-d1b7-42e4-b17f-7c0bc30123ac	NR_197695.1	94.689	885	26	16	1	873	904	29	0.0	1354
028bdde4-d1b7-42e4-b17f-7c0bc30123ac	NR_118998.1	94.564	883	27	16	3	873	898	25	0.0	1347
48e11a4c-d3aa-4f63-a636-244429e370b7	NR_041989.1	96.039	1136	23	20	1	1123	1127	1	0.0	1829
48e11a4c-d3aa-4f63-a636-244429e370b7	NR_117694.1	95.259	1160	29	24	1	1145	1169	21	0.0	1814
48e11a4c-d3aa-4f63-a636-244429e370b7	NR_117692.1	94.387	1158	43	19	1	1145	1169	21	0.0	1759
48e11a4c-d3aa-4f63-a636-244429e370b7	NR_121687.1	94.138	1160	42	23	1	1145	1189	41	0.0	1742
48e11a4c-d3aa-4f63-a636-244429e370b7	NR_117696.1	94.128	1158	46	19	1	1145	1156	8	0.0	1742
d77dd2cd-0651-4f91-8d3e-dffc9083c4cb	NR_116168.1	97.294	813	11	9	1	805	682	1491	0.0	1369
d77dd2cd-0651-4f91-8d3e-dffc9083c4cb	NR_118762.1	96.264	803	18	10	1	795	685	1483	0.0	1323
d77dd2cd-0651-4f91-8d3e-dffc9083c4cb	NR_025423.1	94.919	807	28	11	1	798	666	1468	0.0	1251
d77dd2cd-0651-4f91-8d3e-dffc9083c4cb	NR_024897.1	94.601	815	29	13	1	805	681	1490	0.0	1247
d77dd2cd-0651-4f91-8d3e-dffc9083c4cb	NR_181418.1	94.595	814	31	11	1	805	681	1490	0.0	1247
c2fb6723-37c7-4904-aef7-300247cefda9	NR_042928.1	91.042	1373	59	44	2	1327	113	1468	0.0	1796
c2fb6723-37c7-4904-aef7-300247cefda9	NR_199547.1	91.085	1346	56	44	2	1300	93	1421	0.0	1762
c2fb6723-37c7-4904-aef7-300247cefda9	NR_116206.1	90.673	1308	59	43	2	1262	38	1329	0.0	1685
c2fb6723-37c7-4904-aef7-300247cefda9	NR_112026.1	90.397	1260	57	44	2	1214	96	1338	0.0	1600
c2fb6723-37c7-4904-aef7-300247cefda9	NR_118998.1	87.200	1375	115	45	2	1331	135	1493	0.0	1507
bf7b86fe-4d6d-4f8f-bb18-9ef56ca652b9	NR_042776.1	99.065	214	2	0	1	214	231	18	7.99e-107	385
bf7b86fe-4d6d-4f8f-bb18-9ef56ca652b9	NR_042778.1	99.065	214	2	0	1	214	231	18	7.99e-107	385
bf7b86fe-4d6d-4f8f-bb18-9ef56ca652b9	NR_118998.1	98.131	214	4	0	1	214	226	13	4.81e-104	375
bf7b86fe-4d6d-4f8f-bb18-9ef56ca652b9	NR_042777.1	98.131	214	4	0	1	214	231	18	1.73e-103	374
bf7b86fe-4d6d-4f8f-bb18-9ef56ca652b9	NR_197695.1	96.729	214	7	0	1	214	230	17	1.74e-98	357
49de6466-c8db-47fa-970c-63887b022087	NR_044873.1	96.493	827	16	12	1	818	644	1466	0.0	1354
49de6466-c8db-47fa-970c-63887b022087	NR_074568.1	95.879	825	23	11	1	818	654	1474	0.0	1325
49de6466-c8db-47fa-970c-63887b022087	NR_044712.2	95.349	817	27	11	1	810	663	1475	0.0	1295
49de6466-c8db-47fa-970c-63887b022087	NR_025310.1	94.928	828	27	14	1	818	634	1456	0.0	1282
49de6466-c8db-47fa-970c-63887b022087	NR_043968.1	94.915	826	29	12	1	818	612	1432	0.0	1280
5b2089f9-5d04-433f-ba24-e2e50822c83a	NR_136788.1	94.837	368	9	8	1	361	379	15	4.64e-161	566
5b2089f9-5d04-433f-ba24-e2e50822c83a	NR_113082.1	94.565	368	10	8	1	361	379	15	2.16e-159	560
5b2089f9-5d04-433f-ba24-e2e50822c83a	NR_026230.1	91.667	360	20	8	1	353	357	1	7.93e-144	508
5b2089f9-5d04-433f-ba24-e2e50822c83a	NR_074234.1	89.459	370	25	12	1	361	386	22	1.05e-127	455
5b2089f9-5d04-433f-ba24-e2e50822c83a	NR_113086.1	89.459	370	25	12	1	361	379	15	1.05e-127	455
093f2742-0f6e-40b0-8fbc-100da70eb9f5	NR_024842.1	96.956	854	20	4	1	852	857	8	0.0	1432
093f2742-0f6e-40b0-8fbc-100da70eb9f5	NR_115241.1	97.163	846	18	4	1	844	842	1	0.0	1424
093f2742-0f6e-40b0-8fbc-100da70eb9f5	NR_115735.1	97.013	837	18	4	1	834	833	1	0.0	1400
093f2742-0f6e-40b0-8fbc-100da70eb9f5	NR_178515.1	96.576	847	21	6	1	844	842	1	0.0	1397
093f2742-0f6e-40b0-8fbc-100da70eb9f5	NR_165737.1	96.340	847	23	6	1	844	842	1	0.0	1386
93a71685-2b59-4f95-bc08-1a8f848a6b4c	NR_179540.1	97.748	755	11	5	1	752	1269	518	0.0	1295
93a71685-2b59-4f95-bc08-1a8f848a6b4c	NR_028665.1	97.616	755	12	5	1	752	1266	515	0.0	1290
93a71685-2b59-4f95-bc08-1a8f848a6b4c	NR_115239.1	97.616	755	12	5	1	752	1249	498	0.0	1290
93a71685-2b59-4f95-bc08-1a8f848a6b4c	NR_117496.1	97.616	755	12	5	1	752	1249	498	0.0	1290
93a71685-2b59-4f95-bc08-1a8f848a6b4c	NR_199547.1	97.616	755	12	5	1	752	1229	478	0.0	1290
36cf5d77-6cae-48c9-bca1-11a87fc2920f	NR_042776.1	97.335	638	5	8	20	647	864	1499	0.0	1074
36cf5d77-6cae-48c9-bca1-11a87fc2920f	NR_042777.1	97.335	638	5	8	20	647	863	1498	0.0	1074
36cf5d77-6cae-48c9-bca1-11a87fc2920f	NR_042778.1	97.022	638	7	8	20	647	864	1499	0.0	1062
36cf5d77-6cae-48c9-bca1-11a87fc2920f	NR_197695.1	96.865	638	8	8	20	647	863	1498	0.0	1057
36cf5d77-6cae-48c9-bca1-11a87fc2920f	NR_042052.1	96.395	638	11	8	20	647	762	1397	0.0	1040
664cbb5e-3df2-4b68-bc7e-2ddb497ff373	NR_042878.1	95.644	528	11	9	1	522	1189	668	0.0	839
664cbb5e-3df2-4b68-bc7e-2ddb497ff373	NR_116168.1	95.644	528	11	9	1	522	1210	689	0.0	837
664cbb5e-3df2-4b68-bc7e-2ddb497ff373	NR_118143.1	95.644	528	11	9	1	522	1191	670	0.0	837
664cbb5e-3df2-4b68-bc7e-2ddb497ff373	NR_025423.1	94.318	528	18	9	1	522	1194	673	0.0	798
664cbb5e-3df2-4b68-bc7e-2ddb497ff373	NR_118762.1	93.750	528	20	10	1	522	1212	692	0.0	797
fde2cfe0-bb7a-4a7c-94b9-1088c41679f1	NR_024842.1	100.000	189	0	0	24	212	1301	1489	2.90e-96	350
fde2cfe0-bb7a-4a7c-94b9-1088c41679f1	NR_042052.1	100.000	189	0	0	24	212	1209	1397	2.90e-96	350
fde2cfe0-bb7a-4a7c-94b9-1088c41679f1	NR_042776.1	100.000	189	0	0	24	212	1311	1499	2.90e-96	350
fde2cfe0-bb7a-4a7c-94b9-1088c41679f1	NR_042777.1	100.000	189	0	0	24	212	1310	1498	2.90e-96	350
fde2cfe0-bb7a-4a7c-94b9-1088c41679f1	NR_114642.1	100.000	189	0	0	24	212	1268	1456	2.90e-96	350
552723a5-71e3-43b6-af3f-60291bb265a8	NR_041989.1	99.222	257	0	2	1	256	1125	870	4.31e-130	462
552723a5-71e3-43b6-af3f-60291bb265a8	NR_028900.1	98.833	257	1	2	1	256	1125	870	2.00e-128	457
552723a5-71e3-43b6-af3f-60291bb265a8	NR_043458.1	98.833	257	1	2	1	256	1188	933	2.00e-128	457
552723a5-71e3-43b6-af3f-60291bb265a8	NR_043459.1	98.833	257	1	2	1	256	1191	936	2.00e-128	457
552723a5-71e3-43b6-af3f-60291bb265a8	NR_104947.1	98.833	257	1	2	1	256	1140	885	2.00e-128	457
df3d02e7-a06f-47aa-9a2c-c442b4d6ef80	NR_024842.1	100.000	69	0	0	69	137	79	11	8.89e-30	128
df3d02e7-a06f-47aa-9a2c-c442b4d6ef80	NR_114413.1	98.551	69	1	0	69	137	87	19	4.14e-28	122
df3d02e7-a06f-47aa-9a2c-c442b4d6ef80	NR_152678.1	98.551	69	1	0	69	137	84	16	4.14e-28	122
df3d02e7-a06f-47aa-9a2c-c442b4d6ef80	NR_156072.1	98.551	69	1	0	69	137	84	16	4.14e-28	122
df3d02e7-a06f-47aa-9a2c-c442b4d6ef80	NR_179720.1	98.551	69	1	0	69	137	84	16	4.14e-28	122
0739c414-600b-4798-8ab3-48e74d7bc878	NR_042776.1	96.748	123	1	1	1	120	398	520	4.59e-52	202
0739c414-600b-4798-8ab3-48e74d7bc878	NR_197695.1	96.748	123	1	1	1	120	397	519	4.59e-52	202
0739c414-600b-4798-8ab3-48e74d7bc878	NR_042777.1	95.935	123	1	2	1	120	398	519	2.13e-50	196
0739c414-600b-4798-8ab3-48e74d7bc878	NR_042778.1	95.935	123	2	1	1	120	398	520	2.13e-50	196
0739c414-600b-4798-8ab3-48e74d7bc878	NR_042772.1	95.122	123	3	1	1	120	403	525	9.93e-49	191
453be1a5-1cce-4b58-bbb7-57de74082662	NR_024842.1	97.633	169	1	3	1	167	176	9	1.76e-77	287
453be1a5-1cce-4b58-bbb7-57de74082662	NR_115241.1	98.148	162	1	2	1	161	161	1	8.17e-76	281
453be1a5-1cce-4b58-bbb7-57de74082662	NR_115735.1	98.684	152	1	1	1	151	152	1	6.36e-72	268
453be1a5-1cce-4b58-bbb7-57de74082662	NR_114413.1	95.783	166	4	3	4	167	181	17	8.23e-71	265
453be1a5-1cce-4b58-bbb7-57de74082662	NR_165737.1	96.855	159	3	2	4	161	158	1	8.23e-71	265
c1ce004a-e96a-4ad1-9147-97ea13d4e2a3	NR_042928.1	90.000	200	9	9	1	196	193	1	1.01e-65	248
c1ce004a-e96a-4ad1-9147-97ea13d4e2a3	NR_199547.1	92.090	177	6	7	1	175	173	3	4.72e-64	243
c1ce004a-e96a-4ad1-9147-97ea13d4e2a3	NR_109720.1	89.691	194	11	7	1	190	189	1	6.11e-63	239
c1ce004a-e96a-4ad1-9147-97ea13d4e2a3	NR_036936.1	88.000	200	15	7	1	196	195	1	3.68e-60	230
c1ce004a-e96a-4ad1-9147-97ea13d4e2a3	NR_112026.1	90.449	178	8	8	1	176	176	6	4.75e-59	226
1e8e909a-6423-4927-ba1a-4fd37d9ec60d	NR_026419.1	95.885	243	8	2	1	243	464	224	5.41e-109	392
1e8e909a-6423-4927-ba1a-4fd37d9ec60d	NR_133753.1	95.062	243	10	2	1	243	430	190	1.17e-105	381
1e8e909a-6423-4927-ba1a-4fd37d9ec60d	NR_025903.1	95.062	243	10	2	1	243	476	236	1.17e-105	381
1e8e909a-6423-4927-ba1a-4fd37d9ec60d	NR_133752.1	94.239	243	12	2	1	243	401	161	2.54e-102	370
1e8e909a-6423-4927-ba1a-4fd37d9ec60d	NR_026469.1	94.239	243	12	2	1	243	466	226	2.54e-102	370
0cffc78c-1bdd-4801-b9c5-187dca18f2e2	NR_043001.1	98.230	113	0	1	20	130	1004	1116	2.32e-50	196
0cffc78c-1bdd-4801-b9c5-187dca18f2e2	NR_024841.1	98.214	112	0	1	20	129	1018	1129	8.34e-50	195
0cffc78c-1bdd-4801-b9c5-187dca18f2e2	NR_024842.1	98.214	112	0	1	20	129	1019	1130	8.34e-50	195
0cffc78c-1bdd-4801-b9c5-187dca18f2e2	NR_036936.1	98.214	112	0	1	20	129	1004	1115	8.34e-50	195
0cffc78c-1bdd-4801-b9c5-187dca18f2e2	NR_025729.1	98.214	112	0	1	20	129	1022	1133	8.34e-50	195
dafc4672-8fa7-4c02-b117-fa6fdbe87969	NR_163639.1	95.980	199	5	2	1	196	201	3	2.04e-87	320
dafc4672-8fa7-4c02-b117-fa6fdbe87969	NR_074980.1	95.431	197	6	2	1	194	209	13	1.23e-84	311
dafc4672-8fa7-4c02-b117-fa6fdbe87969	NR_113031.1	95.431	197	6	2	1	194	209	13	1.23e-84	311
dafc4672-8fa7-4c02-b117-fa6fdbe87969	NR_119168.1	95.722	187	5	2	1	184	187	1	9.55e-81	298
dafc4672-8fa7-4c02-b117-fa6fdbe87969	NR_119169.1	95.187	187	6	2	1	184	187	1	1.24e-79	294
ad5503d8-86e7-4bc0-b874-1367a53df014	NR_042776.1	98.817	169	0	2	1	167	398	230	2.41e-81	300
ad5503d8-86e7-4bc0-b874-1367a53df014	NR_042777.1	98.817	169	0	2	1	167	398	230	2.41e-81	300
ad5503d8-86e7-4bc0-b874-1367a53df014	NR_197695.1	98.817	169	0	2	1	167	397	229	2.41e-81	300
ad5503d8-86e7-4bc0-b874-1367a53df014	NR_042051.1	96.216	185	2	4	1	180	325	141	8.66e-81	298
ad5503d8-86e7-4bc0-b874-1367a53df014	NR_104991.1	96.216	185	2	4	1	180	353	169	8.66e-81	298
0778a4fb-05a1-4ca5-9199-bf654fc67e17	NR_043332.1	93.785	177	8	3	1	175	1307	1482	3.18e-70	263
0778a4fb-05a1-4ca5-9199-bf654fc67e17	NR_074980.1	93.785	177	8	3	1	175	1334	1509	3.18e-70	263
0778a4fb-05a1-4ca5-9199-bf654fc67e17	NR_113031.1	93.785	177	8	3	1	175	1334	1509	3.18e-70	263
0778a4fb-05a1-4ca5-9199-bf654fc67e17	NR_115354.1	93.785	177	8	3	1	175	1307	1482	3.18e-70	263
0778a4fb-05a1-4ca5-9199-bf654fc67e17	NR_115355.1	93.785	177	8	3	1	175	1307	1482	3.18e-70	263
413e66e8-235d-46e9-9f6d-9b8c89526a37	NR_116168.1	91.266	229	9	6	2	229	254	36	9.68e-82	302
413e66e8-235d-46e9-9f6d-9b8c89526a37	NR_042878.1	89.956	229	12	6	2	229	233	15	5.83e-79	292
413e66e8-235d-46e9-9f6d-9b8c89526a37	NR_118762.1	89.083	229	14	6	2	229	257	39	4.54e-75	279
413e66e8-235d-46e9-9f6d-9b8c89526a37	NR_025423.1	86.957	230	19	7	2	229	238	18	1.28e-65	248
413e66e8-235d-46e9-9f6d-9b8c89526a37	NR_026030.1	85.714	231	20	8	2	229	237	17	9.96e-62	235
516ac33b-1af7-42b1-b7c3-834ecedf5f56	NR_043332.1	99.237	131	0	1	1	130	1352	1482	4.83e-62	235
516ac33b-1af7-42b1-b7c3-834ecedf5f56	NR_074980.1	99.237	131	0	1	1	130	1379	1509	4.83e-62	235
516ac33b-1af7-42b1-b7c3-834ecedf5f56	NR_113031.1	99.237	131	0	1	1	130	1379	1509	4.83e-62	235
516ac33b-1af7-42b1-b7c3-834ecedf5f56	NR_115354.1	99.237	131	0	1	1	130	1352	1482	4.83e-62	235
516ac33b-1af7-42b1-b7c3-834ecedf5f56	NR_115355.1	99.237	131	0	1	1	130	1352	1482	4.83e-62	235
7f811c8a-095b-43bf-aba5-f412d76f90f0	NR_042776.1	100.000	146	0	0	1	146	165	20	1.53e-72	270
7f811c8a-095b-43bf-aba5-f412d76f90f0	NR_042777.1	100.000	146	0	0	1	146	165	20	1.53e-72	270
7f811c8a-095b-43bf-aba5-f412d76f90f0	NR_042778.1	100.000	146	0	0	1	146	165	20	1.53e-72	270
7f811c8a-095b-43bf-aba5-f412d76f90f0	NR_118234.1	98.667	150	2	0	1	150	157	8	1.98e-71	267
7f811c8a-095b-43bf-aba5-f412d76f90f0	NR_024841.1	99.315	146	1	0	1	146	154	9	7.11e-71	265
6a1bbe8d-2e08-4b72-b7d3-03f5e99fb2b0	NR_042776.1	94.702	151	6	2	8	157	167	18	2.15e-61	233
6a1bbe8d-2e08-4b72-b7d3-03f5e99fb2b0	NR_042777.1	94.702	151	6	2	8	157	167	18	2.15e-61	233
6a1bbe8d-2e08-4b72-b7d3-03f5e99fb2b0	NR_042778.1	94.702	151	6	2	8	157	167	18	2.15e-61	233
6a1bbe8d-2e08-4b72-b7d3-03f5e99fb2b0	NR_118234.1	94.079	152	7	2	8	158	159	9	2.78e-60	230
6a1bbe8d-2e08-4b72-b7d3-03f5e99fb2b0	NR_024841.1	94.040	151	7	2	8	157	156	7	9.99e-60	228
ea6dcdea-8bb8-4f44-b3c5-108380b3b8b4	NR_025036.1	95.489	133	2	2	1	129	1361	1493	2.95e-54	209
ea6dcdea-8bb8-4f44-b3c5-108380b3b8b4	NR_044912.1	95.489	133	2	2	1	129	1297	1429	2.95e-54	209
ea6dcdea-8bb8-4f44-b3c5-108380b3b8b4	NR_134817.1	95.489	133	2	2	1	129	1355	1487	2.95e-54	209
ea6dcdea-8bb8-4f44-b3c5-108380b3b8b4	NR_179540.1	95.489	133	2	2	1	129	1360	1492	2.95e-54	209
ea6dcdea-8bb8-4f44-b3c5-108380b3b8b4	NR_024842.1	94.737	133	3	2	1	129	1357	1489	1.37e-52	204
b6208f73-f13d-4145-a02a-95a62c03f5e1	NR_179720.1	99.163	239	2	0	2	240	1257	1495	1.15e-120	431
b6208f73-f13d-4145-a02a-95a62c03f5e1	NR_028666.1	98.745	239	3	0	2	240	1261	1499	5.36e-119	425
b6208f73-f13d-4145-a02a-95a62c03f5e1	NR_028833.1	98.745	239	3	0	2	240	1264	1502	5.36e-119	425
b6208f73-f13d-4145-a02a-95a62c03f5e1	NR_029052.1	98.745	239	3	0	2	240	1225	1463	5.36e-119	425
b6208f73-f13d-4145-a02a-95a62c03f5e1	NR_036918.1	98.745	239	3	0	2	240	1254	1492	5.36e-119	425
ce1c2ee8-9a40-444e-9331-f3697ba7c633	NR_133752.1	97.802	182	1	3	1	181	362	183	1.13e-84	311
ce1c2ee8-9a40-444e-9331-f3697ba7c633	NR_133753.1	97.802	182	1	3	1	181	391	212	1.13e-84	311
ce1c2ee8-9a40-444e-9331-f3697ba7c633	NR_026419.1	97.802	182	1	3	1	181	425	246	1.13e-84	311
ce1c2ee8-9a40-444e-9331-f3697ba7c633	NR_025903.1	97.802	182	1	3	1	181	437	258	1.13e-84	311
ce1c2ee8-9a40-444e-9331-f3697ba7c633	NR_025904.1	97.253	182	2	3	1	181	436	257	5.24e-83	305
e17be053-f152-4c69-9bbf-3c79a491d257	NR_115355.1	90.476	273	15	9	1	266	1277	1009	3.84e-96	350
e17be053-f152-4c69-9bbf-3c79a491d257	NR_163639.1	90.511	274	13	11	1	266	1292	1024	3.84e-96	350
e17be053-f152-4c69-9bbf-3c79a491d257	NR_179325.1	90.511	274	13	11	1	266	1251	983	3.84e-96	350
e17be053-f152-4c69-9bbf-3c79a491d257	NR_041879.1	90.146	274	15	10	1	266	1235	966	4.97e-95	346
e17be053-f152-4c69-9bbf-3c79a491d257	NR_041880.1	90.146	274	14	11	1	266	1233	965	1.79e-94	344
ff57a555-fd6b-4995-8de9-1323615a41a5	NR_025036.1	99.237	131	1	0	1	131	1363	1493	1.39e-62	237
ff57a555-fd6b-4995-8de9-1323615a41a5	NR_044912.1	99.237	131	1	0	1	131	1299	1429	1.39e-62	237
ff57a555-fd6b-4995-8de9-1323615a41a5	NR_134817.1	99.237	131	1	0	1	131	1357	1487	1.39e-62	237
ff57a555-fd6b-4995-8de9-1323615a41a5	NR_179540.1	99.237	131	1	0	1	131	1362	1492	1.39e-62	237
ff57a555-fd6b-4995-8de9-1323615a41a5	NR_024842.1	98.473	131	2	0	1	131	1359	1489	6.47e-61	231
a224e7b2-19ae-4941-8d02-10152540ac93	NR_042843.1	98.773	163	1	1	1	163	1211	1050	4.68e-78	289
a224e7b2-19ae-4941-8d02-10152540ac93	NR_102895.1	98.773	163	1	1	1	163	1239	1078	4.68e-78	289
a224e7b2-19ae-4941-8d02-10152540ac93	NR_113113.1	98.773	163	1	1	1	163	1219	1058	4.68e-78	289
a224e7b2-19ae-4941-8d02-10152540ac93	NR_175509.1	98.160	163	2	1	1	163	1231	1070	2.18e-76	283
a224e7b2-19ae-4941-8d02-10152540ac93	NR_041954.1	97.546	163	3	1	1	163	1230	1069	2.82e-75	279
718d941b-d811-4b68-b6e7-ad5d52cea462	NR_114787.2	95.455	154	5	2	1	153	1356	1508	9.84e-65	244
718d941b-d811-4b68-b6e7-ad5d52cea462	NR_025036.1	95.484	155	2	4	1	153	1342	1493	3.54e-64	243
718d941b-d811-4b68-b6e7-ad5d52cea462	NR_044912.1	95.484	155	2	4	1	153	1278	1429	3.54e-64	243
718d941b-d811-4b68-b6e7-ad5d52cea462	NR_134817.1	95.484	155	2	4	1	153	1336	1487	3.54e-64	243
718d941b-d811-4b68-b6e7-ad5d52cea462	NR_179540.1	95.484	155	2	4	1	153	1341	1492	3.54e-64	243
d2bfc4d2-9262-4ef5-a025-79b5ee3335ff	NR_118086.1	97.143	140	3	1	5	144	146	8	5.31e-62	235
d2bfc4d2-9262-4ef5-a025-79b5ee3335ff	NR_165739.1	99.231	130	0	1	5	134	129	1	1.91e-61	233
d2bfc4d2-9262-4ef5-a025-79b5ee3335ff	NR_104684.1	94.928	138	6	1	5	142	149	13	6.92e-56	215
d2bfc4d2-9262-4ef5-a025-79b5ee3335ff	NR_116814.1	93.846	130	7	1	5	134	129	1	9.01e-50	195
d2bfc4d2-9262-4ef5-a025-79b5ee3335ff	NR_037068.1	91.304	138	11	1	5	142	142	6	1.51e-47	187
2ac15b5b-de5e-4d5d-885c-e4efe7df65c8	NR_042776.1	93.678	174	6	4	10	182	187	18	5.42e-68	255
2ac15b5b-de5e-4d5d-885c-e4efe7df65c8	NR_042778.1	93.678	174	6	4	10	182	187	18	5.42e-68	255
2ac15b5b-de5e-4d5d-885c-e4efe7df65c8	NR_197695.1	93.605	172	6	4	12	182	184	17	7.02e-67	252
2ac15b5b-de5e-4d5d-885c-e4efe7df65c8	NR_042777.1	93.529	170	6	4	14	182	183	18	9.08e-66	248
2ac15b5b-de5e-4d5d-885c-e4efe7df65c8	NR_118234.1	92.614	176	7	5	10	184	178	8	9.08e-66	248
52cacf6b-fd17-4e2b-a9b7-4801d5b3fde6	NR_112026.1	98.718	234	2	1	1	234	1029	1261	1.13e-115	414
52cacf6b-fd17-4e2b-a9b7-4801d5b3fde6	NR_115802.1	98.718	234	2	1	1	234	1049	1281	1.13e-115	414
52cacf6b-fd17-4e2b-a9b7-4801d5b3fde6	NR_134818.1	98.718	234	2	1	1	234	1062	1294	1.13e-115	414
52cacf6b-fd17-4e2b-a9b7-4801d5b3fde6	NR_044189.1	98.718	234	2	1	1	234	1025	1257	1.13e-115	414
52cacf6b-fd17-4e2b-a9b7-4801d5b3fde6	NR_179540.1	98.718	234	2	1	1	234	1067	1299	1.13e-115	414
c7c5a8ba-095b-4a6d-a4cd-a519e3865677	NR_041880.1	96.396	111	0	3	1	109	1163	1055	1.82e-45	180
c7c5a8ba-095b-4a6d-a4cd-a519e3865677	NR_113570.1	96.396	111	0	3	1	109	1214	1106	1.82e-45	180
c7c5a8ba-095b-4a6d-a4cd-a519e3865677	NR_115354.1	96.396	111	0	3	1	109	1207	1099	1.82e-45	180
c7c5a8ba-095b-4a6d-a4cd-a519e3865677	NR_163639.1	96.396	111	0	3	1	109	1222	1114	1.82e-45	180
c7c5a8ba-095b-4a6d-a4cd-a519e3865677	NR_179325.1	96.396	111	0	3	1	109	1181	1073	1.82e-45	180
6b0c5ca1-1b43-49d6-bd50-54187d7a3336	NR_042776.1	97.931	290	2	3	1	288	1212	1499	3.73e-141	499
6b0c5ca1-1b43-49d6-bd50-54187d7a3336	NR_042777.1	97.931	290	2	3	1	288	1211	1498	3.73e-141	499
6b0c5ca1-1b43-49d6-bd50-54187d7a3336	NR_042052.1	97.241	290	4	3	1	288	1110	1397	8.08e-138	488
6b0c5ca1-1b43-49d6-bd50-54187d7a3336	NR_042778.1	97.241	290	4	3	1	288	1212	1499	8.08e-138	488
6b0c5ca1-1b43-49d6-bd50-54187d7a3336	NR_114642.1	97.241	290	4	3	1	288	1169	1456	8.08e-138	488
14e9ce80-0e54-406e-b01b-f012fa579402	NR_028682.1	98.113	212	0	4	1	208	861	650	3.00e-101	366
14e9ce80-0e54-406e-b01b-f012fa579402	NR_025862.1	98.104	211	0	4	1	207	860	650	1.08e-100	364
14e9ce80-0e54-406e-b01b-f012fa579402	NR_026454.1	98.104	211	0	4	1	207	837	627	1.08e-100	364
14e9ce80-0e54-406e-b01b-f012fa579402	NR_116890.1	98.104	211	0	4	1	207	849	639	1.08e-100	364
14e9ce80-0e54-406e-b01b-f012fa579402	NR_157692.1	97.653	213	1	4	1	209	868	656	3.88e-100	363
45b415f7-bbed-4443-a066-465d512db6ad	NR_025902.1	92.708	288	8	12	1	280	1167	1449	2.91e-112	403
45b415f7-bbed-4443-a066-465d512db6ad	NR_040933.1	92.708	288	8	12	1	280	1211	1493	2.91e-112	403
45b415f7-bbed-4443-a066-465d512db6ad	NR_117717.1	92.708	288	8	12	1	280	1209	1491	2.91e-112	403
45b415f7-bbed-4443-a066-465d512db6ad	NR_121688.1	92.708	288	8	12	1	280	1209	1491	2.91e-112	403
45b415f7-bbed-4443-a066-465d512db6ad	NR_159079.1	92.708	288	8	12	1	280	1185	1467	2.91e-112	403
87b74c12-7569-4b53-8248-fb07526dcb76	NR_042776.1	94.007	267	7	5	1	258	284	18	4.51e-110	396
87b74c12-7569-4b53-8248-fb07526dcb76	NR_042778.1	93.633	267	8	5	1	258	284	18	2.10e-108	390
87b74c12-7569-4b53-8248-fb07526dcb76	NR_042777.1	93.258	267	9	5	1	258	284	18	9.76e-107	385
87b74c12-7569-4b53-8248-fb07526dcb76	NR_118998.1	92.509	267	11	5	1	258	279	13	5.87e-104	375
87b74c12-7569-4b53-8248-fb07526dcb76	NR_197695.1	92.509	267	11	5	1	258	283	17	2.11e-103	374
662ffc96-1655-4a2c-ab1e-63a2cbfda4a8	NR_024842.1	96.774	186	5	1	1	186	192	8	4.16e-84	309
662ffc96-1655-4a2c-ab1e-63a2cbfda4a8	NR_115241.1	96.629	178	5	1	1	178	177	1	1.16e-79	294
662ffc96-1655-4a2c-ab1e-63a2cbfda4a8	NR_115735.1	95.858	169	5	2	1	168	168	1	5.45e-73	272
662ffc96-1655-4a2c-ab1e-63a2cbfda4a8	NR_114413.1	93.333	180	11	1	7	186	194	16	9.12e-71	265
662ffc96-1655-4a2c-ab1e-63a2cbfda4a8	NR_165737.1	94.220	173	9	1	6	178	172	1	3.28e-70	263
7dd3ffcc-7655-4db4-aa54-d972dfb31d93	NR_024842.1	90.265	226	12	10	1	219	1266	1488	2.41e-77	287
7dd3ffcc-7655-4db4-aa54-d972dfb31d93	NR_115735.1	90.265	226	12	10	1	219	1242	1464	2.41e-77	287
7dd3ffcc-7655-4db4-aa54-d972dfb31d93	NR_134817.1	90.265	226	12	10	1	219	1264	1486	2.41e-77	287
7dd3ffcc-7655-4db4-aa54-d972dfb31d93	NR_178262.1	90.308	227	11	11	1	219	1145	1368	2.41e-77	287
7dd3ffcc-7655-4db4-aa54-d972dfb31d93	NR_179215.1	90.308	227	11	11	1	219	1267	1490	2.41e-77	287
d69c7d4b-0022-4467-a5e0-4082f2459830	NR_042776.1	97.386	306	4	3	1	305	866	564	1.10e-146	518
d69c7d4b-0022-4467-a5e0-4082f2459830	NR_042777.1	97.386	306	4	3	1	305	865	563	1.10e-146	518
d69c7d4b-0022-4467-a5e0-4082f2459830	NR_042778.1	97.386	306	4	3	1	305	866	564	1.10e-146	518
d69c7d4b-0022-4467-a5e0-4082f2459830	NR_118998.1	97.386	306	4	3	1	305	861	559	1.10e-146	518
d69c7d4b-0022-4467-a5e0-4082f2459830	NR_197695.1	97.059	306	5	3	1	305	865	563	5.10e-145	512
17cf754c-2d4c-4b8a-b670-430daedd33ef	NR_025892.1	95.597	159	4	3	1	157	176	19	5.93e-67	252
17cf754c-2d4c-4b8a-b670-430daedd33ef	NR_117717.1	93.711	159	7	3	1	157	171	14	5.97e-62	235
17cf754c-2d4c-4b8a-b670-430daedd33ef	NR_121687.1	93.711	159	7	3	1	157	170	13	5.97e-62	235
17cf754c-2d4c-4b8a-b670-430daedd33ef	NR_121688.1	93.711	159	7	3	1	157	170	13	5.97e-62	235
17cf754c-2d4c-4b8a-b670-430daedd33ef	NR_117694.1	94.702	151	5	3	1	149	150	1	7.72e-61	231
608387e4-454d-48a9-a93a-7836d9b9e5db	NR_074980.1	97.931	145	0	2	1	142	162	18	7.10e-66	248
608387e4-454d-48a9-a93a-7836d9b9e5db	NR_113031.1	97.931	145	0	2	1	142	162	18	7.10e-66	248
608387e4-454d-48a9-a93a-7836d9b9e5db	NR_163639.1	97.931	145	0	2	1	142	154	10	7.10e-66	248
608387e4-454d-48a9-a93a-7836d9b9e5db	NR_119168.1	97.857	140	0	2	1	137	140	1	4.28e-63	239
608387e4-454d-48a9-a93a-7836d9b9e5db	NR_119169.1	97.857	140	0	2	1	137	140	1	4.28e-63	239
66f9125b-d88e-4276-850f-2d5cff942f04	NR_025902.1	98.795	83	0	1	1	82	1363	1445	1.40e-35	147
66f9125b-d88e-4276-850f-2d5cff942f04	NR_028844.1	98.795	83	0	1	1	82	1394	1476	1.40e-35	147
66f9125b-d88e-4276-850f-2d5cff942f04	NR_040933.1	98.795	83	0	1	1	82	1407	1489	1.40e-35	147
66f9125b-d88e-4276-850f-2d5cff942f04	NR_117717.1	98.795	83	0	1	1	82	1405	1487	1.40e-35	147
66f9125b-d88e-4276-850f-2d5cff942f04	NR_121688.1	98.795	83	0	1	1	82	1405	1487	1.40e-35	147
64270e44-8b3b-469b-b46c-6495d25be7d7	NR_024842.1	87.607	234	17	11	1	223	1257	1489	1.50e-69	261
64270e44-8b3b-469b-b46c-6495d25be7d7	NR_104972.1	87.607	234	17	11	1	223	1242	1474	1.50e-69	261
64270e44-8b3b-469b-b46c-6495d25be7d7	NR_134817.1	87.879	231	16	11	4	223	1258	1487	1.50e-69	261
64270e44-8b3b-469b-b46c-6495d25be7d7	NR_178262.1	87.660	235	16	11	1	223	1136	1369	1.50e-69	261
64270e44-8b3b-469b-b46c-6495d25be7d7	NR_179215.1	87.660	235	16	11	1	223	1258	1491	1.50e-69	261
12ff3072-3673-42ad-a04d-fbb0041ba10b	NR_042052.1	96.744	215	6	1	1	214	1183	1397	1.78e-98	357
12ff3072-3673-42ad-a04d-fbb0041ba10b	NR_042776.1	96.744	215	6	1	1	214	1285	1499	1.78e-98	357
12ff3072-3673-42ad-a04d-fbb0041ba10b	NR_042777.1	96.744	215	6	1	1	214	1284	1498	1.78e-98	357
12ff3072-3673-42ad-a04d-fbb0041ba10b	NR_114642.1	96.744	215	6	1	1	214	1242	1456	1.78e-98	357
12ff3072-3673-42ad-a04d-fbb0041ba10b	NR_037101.1	96.296	216	6	2	1	214	1260	1475	2.30e-97	353
85fe06fb-fa5e-433f-914b-c403b9eb9fa6	NR_041879.1	96.296	189	3	3	1	185	1314	1126	1.49e-83	307
85fe06fb-fa5e-433f-914b-c403b9eb9fa6	NR_115355.1	96.296	189	3	3	1	185	1356	1168	1.49e-83	307
85fe06fb-fa5e-433f-914b-c403b9eb9fa6	NR_119169.1	96.296	189	3	3	1	185	1361	1173	1.49e-83	307
85fe06fb-fa5e-433f-914b-c403b9eb9fa6	NR_163639.1	96.296	189	3	3	1	185	1371	1183	1.49e-83	307
85fe06fb-fa5e-433f-914b-c403b9eb9fa6	NR_179325.1	96.296	189	3	3	1	185	1330	1142	1.49e-83	307
8cf4043c-737e-4a59-9863-2a94e91924bd	NR_042776.1	99.222	257	1	1	1	257	1225	970	4.44e-130	462
8cf4043c-737e-4a59-9863-2a94e91924bd	NR_042777.1	99.222	257	1	1	1	257	1224	969	4.44e-130	462
8cf4043c-737e-4a59-9863-2a94e91924bd	NR_042778.1	99.222	257	1	1	1	257	1225	970	4.44e-130	462
8cf4043c-737e-4a59-9863-2a94e91924bd	NR_197695.1	98.833	257	2	1	1	257	1224	969	2.07e-128	457
8cf4043c-737e-4a59-9863-2a94e91924bd	NR_024659.1	98.444	257	3	1	1	257	1181	926	9.61e-127	451
1e6599a3-e8c8-4bbc-ba77-12cd9608da90	NR_024842.1	99.091	110	0	1	1	110	1459	1351	1.84e-50	196
1e6599a3-e8c8-4bbc-ba77-12cd9608da90	NR_041706.1	99.091	110	0	1	1	110	1454	1346	1.84e-50	196
1e6599a3-e8c8-4bbc-ba77-12cd9608da90	NR_042052.1	99.091	110	0	1	1	110	1367	1259	1.84e-50	196
1e6599a3-e8c8-4bbc-ba77-12cd9608da90	NR_025625.1	99.091	110	0	1	1	110	1453	1345	1.84e-50	196
1e6599a3-e8c8-4bbc-ba77-12cd9608da90	NR_028705.1	99.091	110	0	1	1	110	1457	1349	1.84e-50	196
1d78c6de-7e38-4d56-9130-be311a3c01ff	NR_119169.1	97.938	291	5	1	9	298	1202	1492	3.01e-142	503
1d78c6de-7e38-4d56-9130-be311a3c01ff	NR_115355.1	97.595	291	6	1	9	298	1197	1487	1.40e-140	497
1d78c6de-7e38-4d56-9130-be311a3c01ff	NR_163639.1	97.595	291	6	1	9	298	1212	1502	1.40e-140	497
1d78c6de-7e38-4d56-9130-be311a3c01ff	NR_179325.1	97.595	291	6	1	9	298	1171	1461	1.40e-140	497
1d78c6de-7e38-4d56-9130-be311a3c01ff	NR_119170.1	97.251	291	7	1	9	298	1202	1492	6.51e-139	492
176cebfa-c681-40b4-8dd9-dc3852483ef9	NR_024842.1	96.708	243	5	3	1	240	860	618	8.87e-112	401
176cebfa-c681-40b4-8dd9-dc3852483ef9	NR_028833.1	96.708	243	5	3	1	240	872	630	8.87e-112	401
176cebfa-c681-40b4-8dd9-dc3852483ef9	NR_042771.1	96.708	243	5	3	1	240	863	621	8.87e-112	401
176cebfa-c681-40b4-8dd9-dc3852483ef9	NR_109720.1	96.708	243	5	3	1	240	839	597	8.87e-112	401
176cebfa-c681-40b4-8dd9-dc3852483ef9	NR_112025.1	96.708	243	5	3	1	240	863	621	8.87e-112	401
0f92677b-a6fa-4c85-bd92-6f03b8aac31c	NR_043332.1	96.281	242	6	3	1	241	1247	1486	1.50e-109	394
0f92677b-a6fa-4c85-bd92-6f03b8aac31c	NR_074980.1	96.281	242	6	3	1	241	1274	1513	1.50e-109	394
0f92677b-a6fa-4c85-bd92-6f03b8aac31c	NR_113031.1	96.281	242	6	3	1	241	1274	1513	1.50e-109	394
0f92677b-a6fa-4c85-bd92-6f03b8aac31c	NR_113570.1	95.885	243	6	4	1	241	1254	1494	1.94e-108	390
0f92677b-a6fa-4c85-bd92-6f03b8aac31c	NR_119168.1	95.868	242	7	3	1	241	1252	1491	1.94e-108	390
5c16cace-9fe3-45e7-85aa-6ea1c02d8c5b	NR_119168.1	95.122	82	3	1	5	85	141	222	5.14e-30	128
5c16cace-9fe3-45e7-85aa-6ea1c02d8c5b	NR_163639.1	95.122	82	3	1	5	85	155	236	5.14e-30	128
5c16cace-9fe3-45e7-85aa-6ea1c02d8c5b	NR_119169.1	93.902	82	4	1	5	85	141	222	6.65e-29	124
5c16cace-9fe3-45e7-85aa-6ea1c02d8c5b	NR_044153.1	93.976	83	2	3	5	85	136	217	2.39e-28	122
5c16cace-9fe3-45e7-85aa-6ea1c02d8c5b	NR_115355.1	92.683	82	5	1	5	85	136	217	8.60e-28	121
62a20c25-bfce-493c-b2e8-72e612d6cc6e	NR_118086.1	89.925	268	9	13	1	250	275	8	4.46e-90	329
62a20c25-bfce-493c-b2e8-72e612d6cc6e	NR_165739.1	92.766	235	5	9	1	223	258	24	4.46e-90	329
62a20c25-bfce-493c-b2e8-72e612d6cc6e	NR_104684.1	87.970	266	14	13	1	248	278	13	1.26e-80	298
62a20c25-bfce-493c-b2e8-72e612d6cc6e	NR_116814.1	89.787	235	12	9	1	223	258	24	2.11e-78	291
62a20c25-bfce-493c-b2e8-72e612d6cc6e	NR_104799.1	80.970	268	31	14	1	248	268	1	1.70e-49	195
d94f67ff-aa3d-486d-b192-366e1b5061e1	NR_028835.1	94.091	220	9	4	1	216	969	750	1.06e-90	331
d94f67ff-aa3d-486d-b192-366e1b5061e1	NR_113771.1	93.636	220	10	4	1	216	948	729	4.91e-89	326
d94f67ff-aa3d-486d-b192-366e1b5061e1	NR_026454.1	93.981	216	10	3	1	213	945	730	1.77e-88	324
d94f67ff-aa3d-486d-b192-366e1b5061e1	NR_025307.1	93.981	216	10	3	1	213	957	742	1.77e-88	324
d94f67ff-aa3d-486d-b192-366e1b5061e1	NR_116890.1	93.981	216	10	3	1	213	957	742	1.77e-88	324
c43f529b-7ac3-4f34-b668-8c5bc91d896d	NR_028665.1	98.639	147	1	1	6	151	156	10	3.39e-69	259
c43f529b-7ac3-4f34-b668-8c5bc91d896d	NR_117719.1	98.639	147	1	1	6	151	159	13	3.39e-69	259
c43f529b-7ac3-4f34-b668-8c5bc91d896d	NR_179383.1	98.639	147	1	1	6	151	166	20	3.39e-69	259
c43f529b-7ac3-4f34-b668-8c5bc91d896d	NR_179540.1	98.639	147	1	1	6	151	159	13	3.39e-69	259
c43f529b-7ac3-4f34-b668-8c5bc91d896d	NR_115560.1	97.987	149	2	1	6	153	159	11	1.22e-68	257
4ba53395-a667-4242-b043-d94605f39df3	NR_025611.1	96.078	102	3	1	1	101	1390	1289	4.62e-41	165
4ba53395-a667-4242-b043-d94605f39df3	NR_028828.1	96.078	102	3	1	1	101	1401	1300	4.62e-41	165
4ba53395-a667-4242-b043-d94605f39df3	NR_029274.1	96.078	102	3	1	1	101	1418	1317	4.62e-41	165
4ba53395-a667-4242-b043-d94605f39df3	NR_041990.1	96.078	102	3	1	1	101	1390	1289	4.62e-41	165
4ba53395-a667-4242-b043-d94605f39df3	NR_026187.1	96.078	102	3	1	1	101	1393	1292	4.62e-41	165
9c5278ce-02d8-419b-910f-fe8710a2d0ba	NR_025904.1	98.291	117	1	1	1	116	126	10	1.23e-52	204
9c5278ce-02d8-419b-910f-fe8710a2d0ba	NR_026419.1	98.246	114	1	1	1	113	114	1	5.70e-51	198
9c5278ce-02d8-419b-910f-fe8710a2d0ba	NR_025903.1	96.581	117	3	1	1	116	127	11	2.65e-49	193
9c5278ce-02d8-419b-910f-fe8710a2d0ba	NR_036920.1	94.828	116	5	1	1	116	121	7	2.07e-45	180
9c5278ce-02d8-419b-910f-fe8710a2d0ba	NR_026420.1	94.595	111	5	1	4	113	111	1	1.24e-42	171
175a3157-9587-4f54-9c0e-5aaaa192e48f	NR_044873.1	97.500	120	2	1	4	122	1276	1157	1.24e-52	204
175a3157-9587-4f54-9c0e-5aaaa192e48f	NR_074568.1	97.500	120	2	1	4	122	1286	1167	1.24e-52	204
175a3157-9587-4f54-9c0e-5aaaa192e48f	NR_044712.2	96.667	120	3	1	4	122	1295	1176	1.60e-51	200
175a3157-9587-4f54-9c0e-5aaaa192e48f	NR_024785.1	96.667	120	3	1	4	122	1241	1122	5.76e-51	198
175a3157-9587-4f54-9c0e-5aaaa192e48f	NR_036769.1	95.833	120	4	1	4	122	1289	1170	2.68e-49	193
51dc8746-7230-464d-86da-f30ae65e6c20	NR_044153.1	98.276	58	1	0	1	58	58	1	2.32e-22	102
51dc8746-7230-464d-86da-f30ae65e6c20	NR_043332.1	96.552	58	2	0	1	58	58	1	1.08e-20	97.1
51dc8746-7230-464d-86da-f30ae65e6c20	NR_074980.1	95.082	61	3	0	1	61	85	25	1.08e-20	97.1
51dc8746-7230-464d-86da-f30ae65e6c20	NR_113031.1	95.082	61	3	0	1	61	85	25	1.08e-20	97.1
51dc8746-7230-464d-86da-f30ae65e6c20	NR_115354.1	96.552	58	2	0	1	58	58	1	1.08e-20	97.1
2826a770-2398-4a79-8e2d-7d09fe391fc5	NR_037101.1	91.379	116	2	5	1	115	1385	1277	4.50e-37	152
2826a770-2398-4a79-8e2d-7d09fe391fc5	NR_024841.1	91.379	116	2	5	1	115	1399	1291	4.50e-37	152
2826a770-2398-4a79-8e2d-7d09fe391fc5	NR_024842.1	91.379	116	2	5	1	115	1400	1292	4.50e-37	152
2826a770-2398-4a79-8e2d-7d09fe391fc5	NR_025609.1	91.379	116	2	5	1	115	1334	1226	4.50e-37	152
2826a770-2398-4a79-8e2d-7d09fe391fc5	NR_036936.1	91.379	116	2	5	1	115	1385	1277	4.50e-37	152
27011633-2ae7-4dd8-b304-2a20b25b32cf	NR_028664.1	96.026	755	16	13	1	742	741	1494	0.0	1216
27011633-2ae7-4dd8-b304-2a20b25b32cf	NR_117719.1	96.026	755	16	13	1	742	738	1491	0.0	1216
27011633-2ae7-4dd8-b304-2a20b25b32cf	NR_115240.1	96.016	753	16	13	1	740	718	1469	0.0	1212
27011633-2ae7-4dd8-b304-2a20b25b32cf	NR_179383.1	95.894	755	17	13	1	742	745	1498	0.0	1210
27011633-2ae7-4dd8-b304-2a20b25b32cf	NR_042927.1	95.883	753	17	13	1	740	720	1471	0.0	1206
51959868-256c-4172-ab5c-c3eedc87c005	NR_042776.1	95.898	1292	31	17	40	1320	222	1502	0.0	2073
51959868-256c-4172-ab5c-c3eedc87c005	NR_042777.1	95.820	1292	31	17	40	1320	222	1501	0.0	2065
51959868-256c-4172-ab5c-c3eedc87c005	NR_042778.1	95.588	1292	35	17	40	1320	222	1502	0.0	2050
51959868-256c-4172-ab5c-c3eedc87c005	NR_197695.1	95.588	1292	35	17	40	1320	221	1501	0.0	2050
51959868-256c-4172-ab5c-c3eedc87c005	NR_028666.1	94.348	1327	53	17	6	1320	186	1502	0.0	2015
e448427b-6cf3-4989-bc02-a3e4f4224517	NR_104897.1	97.101	138	0	2	1	135	1177	1313	2.37e-60	230
e448427b-6cf3-4989-bc02-a3e4f4224517	NR_144576.1	95.588	136	2	2	3	135	1191	1325	6.63e-56	215
e448427b-6cf3-4989-bc02-a3e4f4224517	NR_149814.1	95.588	136	2	2	3	135	1185	1319	6.63e-56	215
e448427b-6cf3-4989-bc02-a3e4f4224517	NR_165738.1	94.928	138	3	2	1	135	1178	1314	2.39e-55	213
e448427b-6cf3-4989-bc02-a3e4f4224517	NR_025725.1	94.853	136	3	2	3	135	1206	1340	3.09e-54	209
6c1c2004-067f-4266-bf50-0e549e2b8c9d	NR_026419.1	99.099	222	1	1	1	221	1233	1012	1.06e-110	398
6c1c2004-067f-4266-bf50-0e549e2b8c9d	NR_133752.1	97.297	222	5	1	1	221	1170	949	4.96e-104	375
6c1c2004-067f-4266-bf50-0e549e2b8c9d	NR_133753.1	97.297	222	5	1	1	221	1199	978	4.96e-104	375
6c1c2004-067f-4266-bf50-0e549e2b8c9d	NR_025904.1	97.297	222	5	1	1	221	1244	1023	4.96e-104	375
6c1c2004-067f-4266-bf50-0e549e2b8c9d	NR_025903.1	97.297	222	5	1	1	221	1245	1024	4.96e-104	375
881016e9-0f22-404e-9c44-7fe546d5e351	NR_116168.1	91.342	231	16	4	2	231	243	16	4.22e-85	313
881016e9-0f22-404e-9c44-7fe546d5e351	NR_042878.1	89.778	225	19	4	2	225	222	1	1.53e-79	294
881016e9-0f22-404e-9c44-7fe546d5e351	NR_118762.1	88.608	237	23	4	2	237	246	13	5.50e-79	292
881016e9-0f22-404e-9c44-7fe546d5e351	NR_179979.1	87.552	241	20	7	2	237	248	13	2.57e-72	270
881016e9-0f22-404e-9c44-7fe546d5e351	NR_024896.1	87.983	233	20	5	2	231	242	15	9.26e-72	268
f81e79dc-9a4f-4ad5-8f2b-9577d2437db4	NR_041880.1	92.500	80	3	3	1	78	1304	1226	4.94e-25	111
f81e79dc-9a4f-4ad5-8f2b-9577d2437db4	NR_025762.1	92.500	80	3	3	1	78	1326	1248	4.94e-25	111
f81e79dc-9a4f-4ad5-8f2b-9577d2437db4	NR_041879.1	92.500	80	3	3	1	78	1306	1228	4.94e-25	111
f81e79dc-9a4f-4ad5-8f2b-9577d2437db4	NR_042940.1	92.500	80	3	3	1	78	1261	1183	4.94e-25	111
f81e79dc-9a4f-4ad5-8f2b-9577d2437db4	NR_043332.1	92.500	80	3	3	1	78	1348	1270	4.94e-25	111
b0571685-ef86-4557-bfe9-45ab82d5b40a	NR_115355.1	97.387	1454	15	15	12	1454	46	1487	0.0	2457
b0571685-ef86-4557-bfe9-45ab82d5b40a	NR_179325.1	97.388	1455	14	16	12	1454	19	1461	0.0	2455
b0571685-ef86-4557-bfe9-45ab82d5b40a	NR_119169.1	97.111	1454	19	15	12	1454	51	1492	0.0	2438
b0571685-ef86-4557-bfe9-45ab82d5b40a	NR_163639.1	97.045	1455	14	21	12	1454	65	1502	0.0	2422
b0571685-ef86-4557-bfe9-45ab82d5b40a	NR_113570.1	96.841	1456	21	17	12	1454	52	1495	0.0	2410
28218d90-2789-439a-b99b-3e956d9861ce	NR_043332.1	99.422	173	1	0	1	173	1310	1482	8.66e-86	315
28218d90-2789-439a-b99b-3e956d9861ce	NR_074980.1	99.422	173	1	0	1	173	1337	1509	8.66e-86	315
28218d90-2789-439a-b99b-3e956d9861ce	NR_113031.1	99.422	173	1	0	1	173	1337	1509	8.66e-86	315
28218d90-2789-439a-b99b-3e956d9861ce	NR_115354.1	99.422	173	1	0	1	173	1310	1482	8.66e-86	315
28218d90-2789-439a-b99b-3e956d9861ce	NR_115355.1	99.422	173	1	0	1	173	1310	1482	8.66e-86	315
e71e2cb9-1839-4325-af59-96ab08957c4d	NR_180875.1	95.161	186	4	4	1	181	808	623	1.49e-78	291
e71e2cb9-1839-4325-af59-96ab08957c4d	NR_024842.1	94.624	186	5	4	1	181	844	659	2.49e-76	283
e71e2cb9-1839-4325-af59-96ab08957c4d	NR_036936.1	94.624	186	5	4	1	181	829	644	2.49e-76	283
e71e2cb9-1839-4325-af59-96ab08957c4d	NR_026471.1	94.624	186	5	4	1	181	839	654	2.49e-76	283
e71e2cb9-1839-4325-af59-96ab08957c4d	NR_028833.1	94.624	186	5	4	1	181	856	671	2.49e-76	283
aade2a53-aa59-43d5-b089-d6e1d708b099	NR_024842.1	96.279	215	2	4	1	210	1245	1032	1.02e-95	348
aade2a53-aa59-43d5-b089-d6e1d708b099	NR_028664.1	96.279	215	2	4	1	210	1251	1038	1.02e-95	348
aade2a53-aa59-43d5-b089-d6e1d708b099	NR_114172.1	96.279	215	2	4	1	210	1228	1015	1.02e-95	348
aade2a53-aa59-43d5-b089-d6e1d708b099	NR_115240.1	96.279	215	2	4	1	210	1228	1015	1.02e-95	348
aade2a53-aa59-43d5-b089-d6e1d708b099	NR_115560.1	96.279	215	2	4	1	210	1248	1035	1.02e-95	348
0a169479-de7a-43b1-8ac2-5797140dee9b	NR_025938.1	93.889	180	11	0	1	180	1466	1287	6.26e-73	272
0a169479-de7a-43b1-8ac2-5797140dee9b	NR_024898.1	93.889	180	11	0	1	180	1462	1283	6.26e-73	272
0a169479-de7a-43b1-8ac2-5797140dee9b	NR_036871.1	91.133	203	14	3	1	203	1441	1243	6.26e-73	272
0a169479-de7a-43b1-8ac2-5797140dee9b	NR_114558.1	91.133	203	15	2	1	203	1441	1242	6.26e-73	272
0a169479-de7a-43b1-8ac2-5797140dee9b	NR_118758.1	91.133	203	15	2	1	203	1469	1270	6.26e-73	272
9a587d56-5a4f-4d5a-a3f8-986bb0a6a0e5	NR_025862.1	94.090	643	25	9	7	647	642	11	0.0	972
9a587d56-5a4f-4d5a-a3f8-986bb0a6a0e5	NR_028682.1	91.900	642	38	10	7	645	643	13	0.0	885
9a587d56-5a4f-4d5a-a3f8-986bb0a6a0e5	NR_026454.1	88.571	630	52	16	7	627	619	1	0.0	747
9a587d56-5a4f-4d5a-a3f8-986bb0a6a0e5	NR_025863.1	86.462	650	66	18	7	647	647	11	0.0	697
9a587d56-5a4f-4d5a-a3f8-986bb0a6a0e5	NR_114779.2	86.585	656	55	24	7	645	652	13	0.0	693
fa6da675-cc72-430e-a867-da6d416f50b9	NR_036936.1	95.745	235	6	4	22	254	237	5	1.70e-104	377
fa6da675-cc72-430e-a867-da6d416f50b9	NR_114537.1	96.903	226	4	3	22	246	224	1	6.12e-104	375
fa6da675-cc72-430e-a867-da6d416f50b9	NR_042928.1	94.017	234	10	4	22	254	235	5	1.03e-96	351
fa6da675-cc72-430e-a867-da6d416f50b9	NR_109720.1	94.348	230	10	3	22	250	231	4	3.71e-96	350
fa6da675-cc72-430e-a867-da6d416f50b9	NR_112026.1	94.570	221	9	3	22	242	218	1	8.03e-93	339
4629f182-9696-43b7-a54a-61cea3a067c1	NR_114413.1	92.153	1096	44	31	1	1061	1103	15	0.0	1509
4629f182-9696-43b7-a54a-61cea3a067c1	NR_042927.1	92.088	1087	44	31	1	1052	1080	1	0.0	1493
4629f182-9696-43b7-a54a-61cea3a067c1	NR_115734.1	91.904	1087	46	31	1	1052	1081	2	0.0	1485
4629f182-9696-43b7-a54a-61cea3a067c1	NR_028664.1	91.241	1096	52	33	1	1061	1101	15	0.0	1452
4629f182-9696-43b7-a54a-61cea3a067c1	NR_179540.1	91.158	1097	51	35	1	1061	1098	12	0.0	1447
bb5fd7ac-6750-4f63-8398-6714c7504f76	NR_026419.1	96.362	1292	19	17	1	1274	1282	1	0.0	2100
bb5fd7ac-6750-4f63-8398-6714c7504f76	NR_025903.1	94.826	1295	38	18	1	1277	1294	11	0.0	1993
bb5fd7ac-6750-4f63-8398-6714c7504f76	NR_025904.1	94.295	1297	41	20	1	1277	1293	10	0.0	1954
bb5fd7ac-6750-4f63-8398-6714c7504f76	NR_133753.1	94.837	1259	36	18	1	1241	1248	1	0.0	1938
bb5fd7ac-6750-4f63-8398-6714c7504f76	NR_133752.1	94.472	1230	39	18	1	1212	1219	1	0.0	1868
9cd7ce13-2284-4b56-b65b-205100f9a4a6	NR_042776.1	96.905	1357	20	15	1	1346	1351	6	0.0	2254
9cd7ce13-2284-4b56-b65b-205100f9a4a6	NR_042776.1	83.086	1348	90	101	1325	2561	15	1335	0.0	1099
9cd7ce13-2284-4b56-b65b-205100f9a4a6	NR_042778.1	96.684	1357	23	15	1	1346	1351	6	0.0	2237
9cd7ce13-2284-4b56-b65b-205100f9a4a6	NR_042778.1	82.876	1349	91	102	1325	2561	15	1335	0.0	1083
9cd7ce13-2284-4b56-b65b-205100f9a4a6	NR_042777.1	96.684	1357	22	16	1	1346	1350	6	0.0	2235
9cd7ce13-2284-4b56-b65b-205100f9a4a6	NR_042777.1	82.864	1348	92	102	1325	2561	15	1334	0.0	1081
9cd7ce13-2284-4b56-b65b-205100f9a4a6	NR_197695.1	96.389	1357	27	14	1	1346	1350	5	0.0	2215
9cd7ce13-2284-4b56-b65b-205100f9a4a6	NR_197695.1	82.580	1349	95	101	1325	2561	14	1334	0.0	1061
9cd7ce13-2284-4b56-b65b-205100f9a4a6	NR_118998.1	95.947	1357	32	16	1	1346	1345	1	0.0	2182
9cd7ce13-2284-4b56-b65b-205100f9a4a6	NR_118998.1	82.357	1349	97	103	1325	2561	10	1329	0.0	1042
d5277f68-8bae-45b7-9db3-f617a310bca9	NR_024842.1	88.660	970	71	31	29	977	961	10	0.0	1149
d5277f68-8bae-45b7-9db3-f617a310bca9	NR_115241.1	88.797	964	69	31	29	971	946	1	0.0	1146
d5277f68-8bae-45b7-9db3-f617a310bca9	NR_115735.1	88.889	954	67	31	29	960	937	1	0.0	1138
d5277f68-8bae-45b7-9db3-f617a310bca9	NR_178515.1	88.485	964	72	31	29	971	946	1	0.0	1129
d5277f68-8bae-45b7-9db3-f617a310bca9	NR_117425.1	88.223	968	73	33	29	974	949	1	0.0	1118
3b37a33f-965e-42fe-ab08-92f89b084626	NR_115735.1	96.164	1095	21	14	17	1097	377	1464	0.0	1770
3b37a33f-965e-42fe-ab08-92f89b084626	NR_024842.1	96.077	1096	22	14	17	1098	401	1489	0.0	1768
3b37a33f-965e-42fe-ab08-92f89b084626	NR_115241.1	95.879	1092	24	14	17	1094	386	1470	0.0	1753
3b37a33f-965e-42fe-ab08-92f89b084626	NR_036936.1	95.791	1093	24	15	17	1094	386	1471	0.0	1744
3b37a33f-965e-42fe-ab08-92f89b084626	NR_165737.1	95.700	1093	25	15	17	1094	386	1471	0.0	1738
e10799d0-abd3-4996-8791-de3c2b352273	NR_133752.1	97.985	397	4	3	1	396	884	491	0.0	686
e10799d0-abd3-4996-8791-de3c2b352273	NR_133753.1	97.985	397	4	3	1	396	913	520	0.0	686
e10799d0-abd3-4996-8791-de3c2b352273	NR_025904.1	97.985	397	4	3	1	396	958	565	0.0	686
e10799d0-abd3-4996-8791-de3c2b352273	NR_026419.1	97.985	397	4	3	1	396	947	554	0.0	686
e10799d0-abd3-4996-8791-de3c2b352273	NR_025903.1	97.985	397	4	3	1	396	959	566	0.0	686
5d351b37-610c-4134-a04d-175f8f122101	NR_026419.1	90.252	595	29	24	5	579	586	1	0.0	750
5d351b37-610c-4134-a04d-175f8f122101	NR_025903.1	88.391	603	40	25	5	587	598	6	0.0	699
5d351b37-610c-4134-a04d-175f8f122101	NR_025904.1	88.079	604	40	26	5	587	597	5	0.0	688
5d351b37-610c-4134-a04d-175f8f122101	NR_133753.1	88.434	562	36	24	5	547	552	1	0.0	651
5d351b37-610c-4134-a04d-175f8f122101	NR_036920.1	86.897	580	49	22	25	587	571	2	1.26e-178	625
e8ea9aa0-fdcc-4986-aba3-377e5f83d48c	NR_117694.1	93.707	874	28	23	67	929	610	1467	0.0	1284
e8ea9aa0-fdcc-4986-aba3-377e5f83d48c	NR_121687.1	93.593	874	29	24	67	929	630	1487	0.0	1279
e8ea9aa0-fdcc-4986-aba3-377e5f83d48c	NR_026079.2	93.249	874	32	23	67	929	637	1494	0.0	1262
e8ea9aa0-fdcc-4986-aba3-377e5f83d48c	NR_025892.1	93.203	868	32	23	67	923	635	1486	0.0	1256
e8ea9aa0-fdcc-4986-aba3-377e5f83d48c	NR_117692.1	93.143	875	31	24	67	929	610	1467	0.0	1256
5ecf5bb3-a66e-4e51-8e95-1ac085daff88	NR_115241.1	93.447	351	13	7	1	341	429	79	5.77e-145	512
5ecf5bb3-a66e-4e51-8e95-1ac085daff88	NR_115735.1	93.447	351	13	7	1	341	420	70	5.77e-145	512
5ecf5bb3-a66e-4e51-8e95-1ac085daff88	NR_116211.1	93.447	351	13	7	1	341	352	2	5.77e-145	512
5ecf5bb3-a66e-4e51-8e95-1ac085daff88	NR_117425.1	93.447	351	13	8	1	341	432	82	5.77e-145	512
5ecf5bb3-a66e-4e51-8e95-1ac085daff88	NR_024842.1	93.162	351	14	7	1	341	444	94	7.47e-144	508
874f6128-afce-4b85-a0a2-4d0b0c186a24	NR_042928.1	95.377	584	15	10	3	581	581	5	0.0	918
874f6128-afce-4b85-a0a2-4d0b0c186a24	NR_109720.1	95.017	582	19	8	3	579	577	1	0.0	905
874f6128-afce-4b85-a0a2-4d0b0c186a24	NR_199547.1	95.929	565	12	9	3	562	561	3	0.0	905
874f6128-afce-4b85-a0a2-4d0b0c186a24	NR_112026.1	95.271	571	15	10	3	568	564	1	0.0	894
874f6128-afce-4b85-a0a2-4d0b0c186a24	NR_036936.1	94.349	584	23	8	3	581	583	5	0.0	889
4e4055ff-e2aa-4133-9cc1-bd15b84ece81	NR_044873.1	95.141	391	13	6	1	389	1079	1465	6.45e-175	612
4e4055ff-e2aa-4133-9cc1-bd15b84ece81	NR_178796.1	94.430	395	17	5	1	394	1087	1477	3.88e-172	603
4e4055ff-e2aa-4133-9cc1-bd15b84ece81	NR_178939.1	94.430	395	17	5	1	394	1088	1478	3.88e-172	603
4e4055ff-e2aa-4133-9cc1-bd15b84ece81	NR_074568.1	93.924	395	18	6	1	394	1089	1478	8.40e-169	592
4e4055ff-e2aa-4133-9cc1-bd15b84ece81	NR_028925.1	93.434	396	20	6	1	394	1082	1473	5.06e-166	582
8da60529-b954-4ee0-944e-7d6615979d86	NR_115241.1	91.726	1402	73	33	1	1369	1393	2	0.0	1908
8da60529-b954-4ee0-944e-7d6615979d86	NR_024842.1	91.583	1402	75	33	1	1369	1408	17	0.0	1899
8da60529-b954-4ee0-944e-7d6615979d86	NR_115735.1	91.607	1394	73	34	1	1360	1384	1	0.0	1886
8da60529-b954-4ee0-944e-7d6615979d86	NR_117425.1	91.369	1402	78	34	1	1369	1396	5	0.0	1879
8da60529-b954-4ee0-944e-7d6615979d86	NR_042776.1	90.929	1400	84	34	1	1367	1418	29	0.0	1842
c9bb56b8-0d0f-4382-a468-6da0a460bf97	NR_042776.1	95.925	1227	23	24	1	1208	1236	18	0.0	1964
c9bb56b8-0d0f-4382-a468-6da0a460bf97	NR_042778.1	95.762	1227	25	24	1	1208	1236	18	0.0	1953
c9bb56b8-0d0f-4382-a468-6da0a460bf97	NR_042777.1	95.681	1227	25	24	1	1208	1235	18	0.0	1947
c9bb56b8-0d0f-4382-a468-6da0a460bf97	NR_197695.1	95.355	1227	30	24	1	1208	1235	17	0.0	1925
c9bb56b8-0d0f-4382-a468-6da0a460bf97	NR_118998.1	95.106	1226	34	23	1	1208	1230	13	0.0	1910
b3c6467d-08d3-4b9c-9471-1161ba4f2d99	NR_028665.1	96.926	553	10	6	103	650	942	1492	0.0	920
b3c6467d-08d3-4b9c-9471-1161ba4f2d99	NR_179385.1	96.926	553	10	6	103	650	949	1499	0.0	920
b3c6467d-08d3-4b9c-9471-1161ba4f2d99	NR_199545.1	96.926	553	10	6	103	650	945	1495	0.0	920
b3c6467d-08d3-4b9c-9471-1161ba4f2d99	NR_156072.1	96.745	553	11	6	103	650	947	1497	0.0	915
b3c6467d-08d3-4b9c-9471-1161ba4f2d99	NR_115239.1	96.886	546	10	6	103	643	925	1468	0.0	907
69aea947-3ffd-483f-8c7c-f9bda4f44fb4	NR_042776.1	92.749	331	10	13	1	323	790	466	4.41e-131	466
69aea947-3ffd-483f-8c7c-f9bda4f44fb4	NR_042778.1	92.749	331	10	13	1	323	790	466	4.41e-131	466
69aea947-3ffd-483f-8c7c-f9bda4f44fb4	NR_197695.1	92.749	331	10	13	1	323	789	465	4.41e-131	466
69aea947-3ffd-483f-8c7c-f9bda4f44fb4	NR_118998.1	92.447	331	11	13	1	323	785	461	2.05e-129	460
69aea947-3ffd-483f-8c7c-f9bda4f44fb4	NR_042777.1	92.447	331	10	13	1	323	789	466	7.39e-129	459
828c17b4-bb7e-43fe-ba66-1f1bf519d869	NR_028664.1	97.106	311	5	4	1	308	1243	934	8.96e-148	521
828c17b4-bb7e-43fe-ba66-1f1bf519d869	NR_115240.1	97.106	311	5	4	1	308	1220	911	8.96e-148	521
828c17b4-bb7e-43fe-ba66-1f1bf519d869	NR_115560.1	97.106	311	5	4	1	308	1240	931	8.96e-148	521
828c17b4-bb7e-43fe-ba66-1f1bf519d869	NR_115732.1	97.106	311	5	4	1	308	1222	913	8.96e-148	521
828c17b4-bb7e-43fe-ba66-1f1bf519d869	NR_116207.1	97.106	311	5	4	1	308	1085	776	8.96e-148	521
ac5e3734-ab43-4008-a083-8515d3effa97	NR_199974.1	94.254	818	27	18	1	807	694	1502	0.0	1232
ac5e3734-ab43-4008-a083-8515d3effa97	NR_036936.1	94.349	814	26	18	1	803	667	1471	0.0	1230
ac5e3734-ab43-4008-a083-8515d3effa97	NR_165737.1	94.349	814	26	18	1	803	667	1471	0.0	1230
ac5e3734-ab43-4008-a083-8515d3effa97	NR_024842.1	94.132	818	27	19	1	807	682	1489	0.0	1225
ac5e3734-ab43-4008-a083-8515d3effa97	NR_156072.1	94.132	818	27	19	1	807	687	1494	0.0	1225
0c73e58a-0022-4095-86e6-2aab271adaea	NR_117719.1	97.108	1072	20	10	1	1066	1079	13	0.0	1797
0c73e58a-0022-4095-86e6-2aab271adaea	NR_175455.1	97.103	1070	20	10	1	1064	1067	3	0.0	1794
0c73e58a-0022-4095-86e6-2aab271adaea	NR_028664.1	96.455	1072	27	10	1	1066	1082	16	0.0	1759
0c73e58a-0022-4095-86e6-2aab271adaea	NR_199545.1	96.362	1072	28	10	1	1066	1079	13	0.0	1753
0c73e58a-0022-4095-86e6-2aab271adaea	NR_165744.1	96.272	1073	29	10	1	1067	1068	1	0.0	1749
919d5059-4c03-4515-a5ae-9a67a7731dee	NR_117719.1	93.797	790	32	15	1	778	797	13	0.0	1171
919d5059-4c03-4515-a5ae-9a67a7731dee	NR_175455.1	93.655	788	33	15	1	776	785	3	0.0	1162
919d5059-4c03-4515-a5ae-9a67a7731dee	NR_178515.1	93.734	782	34	13	1	770	779	1	0.0	1158
919d5059-4c03-4515-a5ae-9a67a7731dee	NR_179540.1	93.300	791	34	18	1	778	797	13	0.0	1149
919d5059-4c03-4515-a5ae-9a67a7731dee	NR_165737.1	93.350	782	37	14	1	770	779	1	0.0	1142
97f9cf05-4dc9-48b6-a12e-6beacea75835	NR_178515.1	96.748	984	19	13	7	980	1160	180	0.0	1628
97f9cf05-4dc9-48b6-a12e-6beacea75835	NR_115735.1	96.545	984	21	13	7	980	1151	171	0.0	1616
97f9cf05-4dc9-48b6-a12e-6beacea75835	NR_116211.1	96.545	984	21	13	7	980	1083	103	0.0	1616
97f9cf05-4dc9-48b6-a12e-6beacea75835	NR_165737.1	96.443	984	22	13	7	980	1160	180	0.0	1611
97f9cf05-4dc9-48b6-a12e-6beacea75835	NR_024842.1	96.341	984	23	13	7	980	1175	195	0.0	1609
ca3d20d4-0d80-4179-9340-ca15040f1496	NR_025862.1	93.387	499	14	14	1	487	504	13	0.0	726
ca3d20d4-0d80-4179-9340-ca15040f1496	NR_028682.1	90.060	503	24	21	1	487	505	13	7.99e-180	628
ca3d20d4-0d80-4179-9340-ca15040f1496	NR_026454.1	86.094	489	39	23	1	468	481	1	6.54e-141	499
ca3d20d4-0d80-4179-9340-ca15040f1496	NR_025863.1	84.615	507	48	23	1	487	509	13	2.37e-135	481
ca3d20d4-0d80-4179-9340-ca15040f1496	NR_180911.1	84.190	506	50	24	1	487	495	1	2.38e-130	464
cc577034-89ce-43f5-bc62-c110dd52e11a	NR_042776.1	97.451	863	8	10	1	857	649	1503	0.0	1459
cc577034-89ce-43f5-bc62-c110dd52e11a	NR_042777.1	97.451	863	8	10	1	857	648	1502	0.0	1459
cc577034-89ce-43f5-bc62-c110dd52e11a	NR_042778.1	97.219	863	10	10	1	857	649	1503	0.0	1448
cc577034-89ce-43f5-bc62-c110dd52e11a	NR_197695.1	96.987	863	12	10	1	857	648	1502	0.0	1437
cc577034-89ce-43f5-bc62-c110dd52e11a	NR_118998.1	96.640	863	14	10	1	857	644	1497	0.0	1419
9031d405-77e2-4940-a278-35e0ca9a5aee	NR_028664.1	98.223	844	9	4	1	841	661	1501	0.0	1471
9031d405-77e2-4940-a278-35e0ca9a5aee	NR_117719.1	98.223	844	9	4	1	841	658	1498	0.0	1471
9031d405-77e2-4940-a278-35e0ca9a5aee	NR_179383.1	98.104	844	10	4	1	841	665	1505	0.0	1465
9031d405-77e2-4940-a278-35e0ca9a5aee	NR_115240.1	98.671	828	6	3	1	826	638	1462	0.0	1463
9031d405-77e2-4940-a278-35e0ca9a5aee	NR_175455.1	97.988	845	10	5	1	841	646	1487	0.0	1459
ecf58ede-5bf3-45bb-9115-9e850f015c1d	NR_074980.1	94.764	1375	42	27	1	1363	1369	13	0.0	2113
ecf58ede-5bf3-45bb-9115-9e850f015c1d	NR_113031.1	94.764	1375	42	27	1	1363	1369	13	0.0	2113
ecf58ede-5bf3-45bb-9115-9e850f015c1d	NR_117759.1	94.644	1363	43	27	1	1351	1345	1	0.0	2089
ecf58ede-5bf3-45bb-9115-9e850f015c1d	NR_043332.1	94.632	1360	43	27	1	1348	1342	1	0.0	2085
ecf58ede-5bf3-45bb-9115-9e850f015c1d	NR_113570.1	94.587	1367	43	27	1	1354	1349	1	0.0	2085
ad9af2d8-cf9e-4555-a5c1-6bb62c5146d5	NR_044091.1	94.947	1029	28	19	16	1031	305	1322	0.0	1591
ad9af2d8-cf9e-4555-a5c1-6bb62c5146d5	NR_113570.1	92.799	1111	50	25	16	1110	398	1494	0.0	1581
ad9af2d8-cf9e-4555-a5c1-6bb62c5146d5	NR_043332.1	92.523	1110	54	24	16	1110	391	1486	0.0	1568
ad9af2d8-cf9e-4555-a5c1-6bb62c5146d5	NR_074980.1	92.613	1110	53	24	16	1110	418	1513	0.0	1568
ad9af2d8-cf9e-4555-a5c1-6bb62c5146d5	NR_113031.1	92.613	1110	53	24	16	1110	418	1513	0.0	1568
4170bd25-a5f8-4c6c-8a10-6c9926cf9b0b	NR_109628.1	95.856	724	21	7	4	722	661	1380	0.0	1162
4170bd25-a5f8-4c6c-8a10-6c9926cf9b0b	NR_029148.1	95.442	724	23	8	4	722	688	1406	0.0	1146
4170bd25-a5f8-4c6c-8a10-6c9926cf9b0b	NR_113124.1	95.442	724	24	7	4	722	680	1399	0.0	1146
4170bd25-a5f8-4c6c-8a10-6c9926cf9b0b	NR_115327.1	95.442	724	24	7	4	722	660	1379	0.0	1146
4170bd25-a5f8-4c6c-8a10-6c9926cf9b0b	NR_042843.1	95.166	724	26	7	4	722	660	1379	0.0	1134
04d7ce37-dea3-41df-a2bf-8bd01f2ba248	NR_042777.1	92.947	879	33	26	1	858	1142	272	0.0	1253
04d7ce37-dea3-41df-a2bf-8bd01f2ba248	NR_042776.1	92.841	880	33	27	1	858	1143	272	0.0	1249
04d7ce37-dea3-41df-a2bf-8bd01f2ba248	NR_042778.1	92.727	880	34	27	1	858	1143	272	0.0	1243
04d7ce37-dea3-41df-a2bf-8bd01f2ba248	NR_197695.1	92.614	880	35	27	1	858	1142	271	0.0	1238
04d7ce37-dea3-41df-a2bf-8bd01f2ba248	NR_108477.1	91.477	880	45	26	1	858	1049	178	0.0	1182
a5757df8-4d5b-4b11-a9f5-2436762f8419	NR_042776.1	91.246	1348	60	40	2	1311	172	1499	0.0	1783
a5757df8-4d5b-4b11-a9f5-2436762f8419	NR_042777.1	91.024	1348	62	41	2	1311	172	1498	0.0	1764
a5757df8-4d5b-4b11-a9f5-2436762f8419	NR_042778.1	90.950	1348	64	40	2	1311	172	1499	0.0	1760
a5757df8-4d5b-4b11-a9f5-2436762f8419	NR_197695.1	90.727	1348	67	40	2	1311	171	1498	0.0	1744
a5757df8-4d5b-4b11-a9f5-2436762f8419	NR_118998.1	90.430	1348	70	41	2	1311	167	1493	0.0	1720
b76f6beb-ba9a-4783-a52c-283548908b2c	NR_115355.1	97.715	1094	13	11	1	1083	390	1482	0.0	1871
b76f6beb-ba9a-4783-a52c-283548908b2c	NR_179325.1	97.715	1094	13	11	1	1083	364	1456	0.0	1871
b76f6beb-ba9a-4783-a52c-283548908b2c	NR_119169.1	97.441	1094	16	11	1	1083	395	1487	0.0	1858
b76f6beb-ba9a-4783-a52c-283548908b2c	NR_163639.1	97.534	1095	12	14	1	1083	406	1497	0.0	1858
b76f6beb-ba9a-4783-a52c-283548908b2c	NR_113570.1	96.986	1095	20	12	1	1083	397	1490	0.0	1827
0b1b2ff7-6157-48d6-a1a4-ef6aeb11b262	NR_117694.1	93.658	883	21	32	1	859	872	1	0.0	1288
0b1b2ff7-6157-48d6-a1a4-ef6aeb11b262	NR_025892.1	92.377	892	31	33	1	868	897	19	0.0	1247
0b1b2ff7-6157-48d6-a1a4-ef6aeb11b262	NR_121687.1	92.377	892	32	34	1	868	892	13	0.0	1238
0b1b2ff7-6157-48d6-a1a4-ef6aeb11b262	NR_117692.1	91.837	882	39	30	1	859	872	1	0.0	1199
0b1b2ff7-6157-48d6-a1a4-ef6aeb11b262	NR_041989.1	92.390	841	29	32	1	817	830	1	0.0	1166
1ca6ba11-db50-4c20-82c1-fed966174f35	NR_026419.1	90.222	992	56	36	1	968	510	1484	0.0	1256
1ca6ba11-db50-4c20-82c1-fed966174f35	NR_025904.1	89.415	992	63	37	1	968	521	1494	0.0	1212
1ca6ba11-db50-4c20-82c1-fed966174f35	NR_025903.1	89.415	992	63	37	1	968	522	1495	0.0	1212
1ca6ba11-db50-4c20-82c1-fed966174f35	NR_133752.1	89.566	968	60	36	1	944	447	1397	0.0	1190
1ca6ba11-db50-4c20-82c1-fed966174f35	NR_133753.1	89.566	968	60	36	1	944	476	1426	0.0	1190
f31afc83-e190-4c8a-86ab-a6885afdc437	NR_042776.1	98.477	394	5	1	19	411	1106	1499	0.0	693
f31afc83-e190-4c8a-86ab-a6885afdc437	NR_042777.1	98.477	394	5	1	19	411	1105	1498	0.0	693
f31afc83-e190-4c8a-86ab-a6885afdc437	NR_042778.1	97.970	394	7	1	19	411	1106	1499	0.0	682
f31afc83-e190-4c8a-86ab-a6885afdc437	NR_118998.1	97.970	394	7	1	19	411	1100	1493	0.0	682
f31afc83-e190-4c8a-86ab-a6885afdc437	NR_197695.1	97.970	394	7	1	19	411	1105	1498	0.0	682
287f51ad-568c-4993-8f07-e934a7be68a1	NR_036936.1	98.144	970	15	3	1	970	505	1471	0.0	1688
287f51ad-568c-4993-8f07-e934a7be68a1	NR_024842.1	97.851	977	17	4	1	977	520	1492	0.0	1687
287f51ad-568c-4993-8f07-e934a7be68a1	NR_028664.1	97.851	977	18	3	1	977	526	1499	0.0	1685
287f51ad-568c-4993-8f07-e934a7be68a1	NR_179383.1	97.851	977	18	3	1	977	530	1503	0.0	1685
287f51ad-568c-4993-8f07-e934a7be68a1	NR_115735.1	97.945	973	16	4	1	973	496	1464	0.0	1683
b2691eb4-7dae-4851-ad7a-e3b5cf5f8325	NR_026419.1	96.757	1141	21	14	6	1134	1137	1	0.0	1888
b2691eb4-7dae-4851-ad7a-e3b5cf5f8325	NR_025903.1	95.379	1147	36	15	6	1140	1149	8	0.0	1808
b2691eb4-7dae-4851-ad7a-e3b5cf5f8325	NR_025904.1	94.778	1149	39	18	6	1140	1148	7	0.0	1770
b2691eb4-7dae-4851-ad7a-e3b5cf5f8325	NR_133753.1	95.578	1108	32	15	6	1101	1103	1	0.0	1759
b2691eb4-7dae-4851-ad7a-e3b5cf5f8325	NR_133752.1	95.644	1079	30	15	6	1072	1074	1	0.0	1716
773f2600-3b07-466e-86b1-0e75b434598b	NR_115355.1	95.943	912	15	17	1	899	579	1481	0.0	1459
773f2600-3b07-466e-86b1-0e75b434598b	NR_179325.1	95.943	912	15	17	1	899	553	1455	0.0	1459
773f2600-3b07-466e-86b1-0e75b434598b	NR_163639.1	95.728	913	14	20	1	899	595	1496	0.0	1447
773f2600-3b07-466e-86b1-0e75b434598b	NR_119169.1	95.614	912	18	17	1	899	584	1486	0.0	1445
773f2600-3b07-466e-86b1-0e75b434598b	NR_115354.1	95.285	912	21	17	1	899	579	1481	0.0	1430
9259ef81-9578-429f-ae36-aa24c7a0cecf	NR_136788.1	94.621	818	17	21	25	824	1252	444	0.0	1242
9259ef81-9578-429f-ae36-aa24c7a0cecf	NR_026230.1	92.142	789	35	21	25	795	1230	451	0.0	1094
9259ef81-9578-429f-ae36-aa24c7a0cecf	NR_113082.1	92.152	790	33	23	25	795	1252	473	0.0	1088
9259ef81-9578-429f-ae36-aa24c7a0cecf	NR_199471.1	84.741	793	86	24	21	791	1256	477	0.0	761
9259ef81-9578-429f-ae36-aa24c7a0cecf	NR_175501.1	84.557	790	94	18	25	795	1231	451	0.0	758
0fc50033-3681-4ddf-87ab-cb740d3d6b71	NR_024842.1	95.492	1087	38	10	9	1091	1087	8	0.0	1729
0fc50033-3681-4ddf-87ab-cb740d3d6b71	NR_178515.1	95.556	1080	35	12	9	1083	1072	1	0.0	1716
0fc50033-3681-4ddf-87ab-cb740d3d6b71	NR_115241.1	95.459	1079	38	10	9	1083	1072	1	0.0	1714
0fc50033-3681-4ddf-87ab-cb740d3d6b71	NR_115735.1	95.514	1070	36	11	9	1073	1063	1	0.0	1700
0fc50033-3681-4ddf-87ab-cb740d3d6b71	NR_165737.1	95.278	1080	38	12	9	1083	1072	1	0.0	1700
66a8f36a-5d2a-4bae-b1e5-ab4a75c44952	NR_117694.1	99.643	280	1	0	1	280	284	5	4.81e-145	512
66a8f36a-5d2a-4bae-b1e5-ab4a75c44952	NR_025892.1	99.286	280	2	0	1	280	310	31	6.23e-144	508
66a8f36a-5d2a-4bae-b1e5-ab4a75c44952	NR_117692.1	96.429	280	10	0	1	280	284	5	4.92e-130	462
66a8f36a-5d2a-4bae-b1e5-ab4a75c44952	NR_121687.1	96.085	281	9	2	1	280	304	25	2.29e-128	457
66a8f36a-5d2a-4bae-b1e5-ab4a75c44952	NR_041989.1	100.000	242	0	0	1	242	242	1	1.38e-125	448
7e4cbcfb-a5a6-499b-a6bb-4c4c5d0b4889	NR_042776.1	94.118	1360	43	29	1	1342	159	1499	0.0	2034
7e4cbcfb-a5a6-499b-a6bb-4c4c5d0b4889	NR_042777.1	93.897	1360	45	30	1	1342	159	1498	0.0	2017
7e4cbcfb-a5a6-499b-a6bb-4c4c5d0b4889	NR_042778.1	93.824	1360	47	29	1	1342	159	1499	0.0	2012
7e4cbcfb-a5a6-499b-a6bb-4c4c5d0b4889	NR_197695.1	93.603	1360	50	29	1	1342	158	1498	0.0	1995
7e4cbcfb-a5a6-499b-a6bb-4c4c5d0b4889	NR_118998.1	93.304	1359	55	30	1	1342	154	1493	0.0	1973
