5ae30c91-870a-4578-90a7-fe6bc2211f6e	NR_025903.1	92.803	264	7	8	1	260	1240	1495	7.73e-103	372
5ae30c91-870a-4578-90a7-fe6bc2211f6e	NR_025904.1	91.288	264	11	8	1	260	1239	1494	3.62e-96	350
5ae30c91-870a-4578-90a7-fe6bc2211f6e	NR_026419.1	91.288	264	12	7	1	260	1228	1484	3.62e-96	350
5ae30c91-870a-4578-90a7-fe6bc2211f6e	NR_133752.1	93.305	239	6	6	1	235	1165	1397	1.68e-94	344
5ae30c91-870a-4578-90a7-fe6bc2211f6e	NR_133753.1	93.305	239	6	6	1	235	1194	1426	1.68e-94	344
9babcc20-69bf-431e-b56b-5f374f8ab625	NR_179540.1	94.566	1233	29	30	1	1208	273	1492	0.0	1871
9babcc20-69bf-431e-b56b-5f374f8ab625	NR_028664.1	94.485	1233	31	29	1	1208	276	1496	0.0	1866
9babcc20-69bf-431e-b56b-5f374f8ab625	NR_117719.1	94.485	1233	31	29	1	1208	273	1493	0.0	1866
9babcc20-69bf-431e-b56b-5f374f8ab625	NR_042927.1	94.548	1229	30	29	1	1204	255	1471	0.0	1864
9babcc20-69bf-431e-b56b-5f374f8ab625	NR_042928.1	94.548	1229	29	30	1	1204	253	1468	0.0	1864
cbcccaef-3538-4dbc-a83f-87a14d879601	NR_042776.1	89.262	447	29	16	1	435	463	24	9.60e-154	542
cbcccaef-3538-4dbc-a83f-87a14d879601	NR_042778.1	89.318	440	29	15	7	435	456	24	4.47e-152	536
cbcccaef-3538-4dbc-a83f-87a14d879601	NR_042777.1	88.814	447	31	16	1	435	463	24	2.08e-150	531
cbcccaef-3538-4dbc-a83f-87a14d879601	NR_118998.1	88.409	440	33	15	7	435	451	19	5.82e-146	516
cbcccaef-3538-4dbc-a83f-87a14d879601	NR_197695.1	88.143	447	34	16	1	435	462	23	2.09e-145	514
14e728d5-0118-4c1c-a1ec-3f55fc3f8125	NR_074980.1	91.489	423	22	12	5	418	430	13	4.19e-162	569
14e728d5-0118-4c1c-a1ec-3f55fc3f8125	NR_113031.1	91.489	423	22	12	5	418	430	13	4.19e-162	569
14e728d5-0118-4c1c-a1ec-3f55fc3f8125	NR_119170.1	91.525	413	21	12	5	408	408	1	9.07e-159	558
14e728d5-0118-4c1c-a1ec-3f55fc3f8125	NR_119168.1	91.525	413	21	12	5	408	408	1	3.26e-158	556
14e728d5-0118-4c1c-a1ec-3f55fc3f8125	NR_163639.1	91.038	424	21	14	5	419	419	4	3.26e-158	556
5fd87bfc-3159-4ca8-b165-26b71c477ab7	NR_042776.1	95.772	473	6	11	1	463	1035	1503	0.0	750
5fd87bfc-3159-4ca8-b165-26b71c477ab7	NR_042777.1	95.772	473	6	11	1	463	1034	1502	0.0	750
5fd87bfc-3159-4ca8-b165-26b71c477ab7	NR_042778.1	95.349	473	8	11	1	463	1035	1503	0.0	739
5fd87bfc-3159-4ca8-b165-26b71c477ab7	NR_197695.1	95.349	473	8	11	1	463	1034	1502	0.0	739
5fd87bfc-3159-4ca8-b165-26b71c477ab7	NR_118998.1	95.329	471	8	11	3	463	1031	1497	0.0	736
88eebf97-aa46-43eb-8cc8-beb425bdaf2a	NR_173532.1	85.798	852	87	25	16	851	625	1458	0.0	872
88eebf97-aa46-43eb-8cc8-beb425bdaf2a	NR_173530.1	85.546	851	91	22	16	851	643	1476	0.0	861
88eebf97-aa46-43eb-8cc8-beb425bdaf2a	NR_027190.1	85.463	853	90	23	16	851	639	1474	0.0	857
88eebf97-aa46-43eb-8cc8-beb425bdaf2a	NR_026438.1	85.346	853	91	24	16	851	649	1484	0.0	852
88eebf97-aa46-43eb-8cc8-beb425bdaf2a	NR_181576.1	83.063	862	110	25	8	851	646	1489	0.0	750
80e11835-8086-4b55-a672-1a929bf72cf9	NR_024842.1	95.192	208	8	2	7	213	215	9	1.37e-89	327
80e11835-8086-4b55-a672-1a929bf72cf9	NR_115241.1	95.025	201	8	2	7	206	200	1	1.07e-85	315
80e11835-8086-4b55-a672-1a929bf72cf9	NR_115735.1	94.764	191	8	2	7	195	191	1	3.87e-80	296
80e11835-8086-4b55-a672-1a929bf72cf9	NR_114413.1	91.827	208	15	2	7	213	223	17	6.48e-78	289
80e11835-8086-4b55-a672-1a929bf72cf9	NR_165737.1	92.574	202	11	4	7	206	200	1	2.33e-77	287
2e3089ed-bc20-4b0f-82f6-1d9eab38f558	NR_115735.1	90.863	1390	66	48	1	1353	99	1464	0.0	1807
2e3089ed-bc20-4b0f-82f6-1d9eab38f558	NR_024842.1	90.798	1391	67	48	1	1354	123	1489	0.0	1805
2e3089ed-bc20-4b0f-82f6-1d9eab38f558	NR_115241.1	90.627	1387	69	48	1	1350	108	1470	0.0	1790
2e3089ed-bc20-4b0f-82f6-1d9eab38f558	NR_036936.1	91.261	1316	59	44	69	1350	178	1471	0.0	1742
2e3089ed-bc20-4b0f-82f6-1d9eab38f558	NR_165737.1	91.255	1315	61	45	69	1350	178	1471	0.0	1742
f6fc64d3-4eda-45fd-8fa8-b1e95eab6f75	NR_165744.1	88.045	987	57	51	2	948	509	1474	0.0	1112
f6fc64d3-4eda-45fd-8fa8-b1e95eab6f75	NR_179385.1	87.943	987	58	51	2	948	524	1489	0.0	1107
f6fc64d3-4eda-45fd-8fa8-b1e95eab6f75	NR_199545.1	87.943	987	58	51	2	948	520	1485	0.0	1107
f6fc64d3-4eda-45fd-8fa8-b1e95eab6f75	NR_027214.1	87.842	987	59	51	2	948	500	1465	0.0	1101
f6fc64d3-4eda-45fd-8fa8-b1e95eab6f75	NR_175455.1	87.753	988	59	53	2	948	508	1474	0.0	1098
e602e7d0-3b12-4fa1-a8f9-cd49db500fae	NR_156993.1	84.643	840	98	23	2	814	1393	558	0.0	809
e602e7d0-3b12-4fa1-a8f9-cd49db500fae	NR_156998.1	84.661	841	96	24	2	814	1378	543	0.0	808
e602e7d0-3b12-4fa1-a8f9-cd49db500fae	NR_042776.1	86.846	745	62	26	1	714	1418	679	0.0	800
e602e7d0-3b12-4fa1-a8f9-cd49db500fae	NR_042777.1	86.846	745	62	26	1	714	1417	678	0.0	800
e602e7d0-3b12-4fa1-a8f9-cd49db500fae	NR_042778.1	86.711	745	63	26	1	714	1418	679	0.0	795
46c79564-9370-43d0-89ad-72d7597b2c2f	NR_117694.1	91.081	370	24	7	4	366	368	1	8.27e-139	492
46c79564-9370-43d0-89ad-72d7597b2c2f	NR_025892.1	89.730	370	29	7	4	366	394	27	3.00e-133	473
46c79564-9370-43d0-89ad-72d7597b2c2f	NR_117692.1	88.649	370	33	7	4	366	368	1	8.45e-124	442
46c79564-9370-43d0-89ad-72d7597b2c2f	NR_117717.1	88.378	370	34	7	4	366	389	22	3.93e-122	436
46c79564-9370-43d0-89ad-72d7597b2c2f	NR_121687.1	88.410	371	32	9	4	366	388	21	3.93e-122	436
07abb65d-a491-4107-91c4-22e42df65b9c	NR_042928.1	95.880	534	8	10	1	529	525	1	0.0	852
07abb65d-a491-4107-91c4-22e42df65b9c	NR_112026.1	95.745	517	8	10	1	512	508	1	0.0	821
07abb65d-a491-4107-91c4-22e42df65b9c	NR_165747.1	94.757	534	14	10	1	529	525	1	0.0	819
07abb65d-a491-4107-91c4-22e42df65b9c	NR_117719.1	94.238	538	17	10	1	533	545	17	0.0	809
07abb65d-a491-4107-91c4-22e42df65b9c	NR_199545.1	94.238	538	17	10	1	533	545	17	0.0	809
f1c1b4e1-6beb-469a-89e0-18bc9385d7d3	NR_024842.1	95.489	266	4	6	6	267	1231	1492	9.95e-117	418
f1c1b4e1-6beb-469a-89e0-18bc9385d7d3	NR_178262.1	95.506	267	3	7	6	267	1110	1372	9.95e-117	418
f1c1b4e1-6beb-469a-89e0-18bc9385d7d3	NR_179215.1	95.506	267	3	7	6	267	1232	1494	9.95e-117	418
f1c1b4e1-6beb-469a-89e0-18bc9385d7d3	NR_028666.1	95.131	267	4	7	6	267	1240	1502	4.63e-115	412
f1c1b4e1-6beb-469a-89e0-18bc9385d7d3	NR_028833.1	95.131	267	4	7	6	267	1243	1505	4.63e-115	412
61d2240a-b335-4eaa-bc1f-6be68280a759	NR_042776.1	95.097	1489	35	29	1	1466	1491	18	0.0	2311
61d2240a-b335-4eaa-bc1f-6be68280a759	NR_042777.1	94.896	1489	37	31	1	1466	1490	18	0.0	2292
61d2240a-b335-4eaa-bc1f-6be68280a759	NR_042778.1	94.829	1489	39	29	1	1466	1491	18	0.0	2289
61d2240a-b335-4eaa-bc1f-6be68280a759	NR_197695.1	94.493	1489	44	30	1	1466	1490	17	0.0	2261
61d2240a-b335-4eaa-bc1f-6be68280a759	NR_118998.1	94.157	1489	48	30	1	1466	1485	13	0.0	2233
205f2175-dcd1-4c97-9dc8-24224c79bf5a	NR_024842.1	90.323	372	19	15	1	367	1130	1489	1.07e-132	472
205f2175-dcd1-4c97-9dc8-24224c79bf5a	NR_115735.1	90.296	371	19	15	1	366	1106	1464	3.84e-132	470
205f2175-dcd1-4c97-9dc8-24224c79bf5a	NR_179720.1	90.463	367	20	14	6	367	1139	1495	3.84e-132	470
205f2175-dcd1-4c97-9dc8-24224c79bf5a	NR_042771.1	90.054	372	21	15	1	367	1133	1493	1.38e-131	468
205f2175-dcd1-4c97-9dc8-24224c79bf5a	NR_199956.1	90.054	372	21	15	1	367	1135	1495	1.38e-131	468
466db73b-d9da-4578-8970-2d3c06bf25a4	NR_042843.1	93.078	549	19	14	1	541	920	1457	0.0	785
466db73b-d9da-4578-8970-2d3c06bf25a4	NR_102895.1	93.078	549	19	14	1	541	948	1485	0.0	785
466db73b-d9da-4578-8970-2d3c06bf25a4	NR_113113.1	93.078	549	19	14	1	541	928	1465	0.0	785
466db73b-d9da-4578-8970-2d3c06bf25a4	NR_109628.1	92.896	549	20	14	1	541	921	1458	0.0	780
466db73b-d9da-4578-8970-2d3c06bf25a4	NR_113124.1	92.532	549	22	14	1	541	940	1477	0.0	769
4d4d67ef-3b27-47a9-9ba4-688d7b531b8d	NR_118998.1	89.980	1507	105	37	1	1486	16	1497	0.0	1906
4d4d67ef-3b27-47a9-9ba4-688d7b531b8d	NR_118937.1	89.388	1357	98	38	82	1415	1	1334	0.0	1709
4d4d67ef-3b27-47a9-9ba4-688d7b531b8d	NR_118942.1	88.174	1353	120	33	82	1415	1	1332	0.0	1664
4d4d67ef-3b27-47a9-9ba4-688d7b531b8d	NR_118941.1	88.357	1357	112	38	82	1415	1	1334	0.0	1661
4d4d67ef-3b27-47a9-9ba4-688d7b531b8d	NR_118933.1	87.767	1357	120	37	82	1415	1	1334	0.0	1592
d04b9572-f1bc-4985-9298-408724db223d	NR_117694.1	94.521	730	21	15	1	715	1441	716	0.0	1109
d04b9572-f1bc-4985-9298-408724db223d	NR_159079.1	94.376	729	24	14	1	715	1437	712	0.0	1103
d04b9572-f1bc-4985-9298-408724db223d	NR_117692.1	94.384	730	22	15	1	715	1441	716	0.0	1103
d04b9572-f1bc-4985-9298-408724db223d	NR_025892.1	94.110	730	24	15	1	715	1466	741	0.0	1098
d04b9572-f1bc-4985-9298-408724db223d	NR_104947.1	94.247	730	23	16	1	715	1414	689	0.0	1098
16d5c9af-f0b8-4a3c-86e9-a0a3686a50f9	NR_042776.1	95.349	817	19	13	23	828	826	18	0.0	1280
16d5c9af-f0b8-4a3c-86e9-a0a3686a50f9	NR_042778.1	95.104	817	21	13	23	828	826	18	0.0	1269
16d5c9af-f0b8-4a3c-86e9-a0a3686a50f9	NR_042777.1	94.982	817	21	14	23	828	825	18	0.0	1264
16d5c9af-f0b8-4a3c-86e9-a0a3686a50f9	NR_197695.1	94.859	817	23	13	23	828	825	17	0.0	1258
16d5c9af-f0b8-4a3c-86e9-a0a3686a50f9	NR_118998.1	94.492	817	26	13	23	828	821	13	0.0	1243
21075620-f718-4fc7-8a39-48277808a058	NR_117425.1	93.777	466	16	6	1	460	605	147	0.0	688
21075620-f718-4fc7-8a39-48277808a058	NR_115241.1	93.562	466	17	6	1	460	602	144	0.0	682
21075620-f718-4fc7-8a39-48277808a058	NR_178515.1	93.362	467	16	8	1	460	602	144	0.0	676
21075620-f718-4fc7-8a39-48277808a058	NR_165737.1	92.934	467	18	8	1	460	602	144	0.0	665
21075620-f718-4fc7-8a39-48277808a058	NR_024841.1	92.719	467	19	8	1	460	616	158	0.0	660
11a2cec9-5726-42b3-ba10-fe2acce42a41	NR_043332.1	94.662	281	10	5	1	278	1209	1487	1.33e-120	431
11a2cec9-5726-42b3-ba10-fe2acce42a41	NR_074980.1	94.662	281	10	5	1	278	1236	1514	1.33e-120	431
11a2cec9-5726-42b3-ba10-fe2acce42a41	NR_113031.1	94.662	281	10	5	1	278	1236	1514	1.33e-120	431
11a2cec9-5726-42b3-ba10-fe2acce42a41	NR_113570.1	94.326	282	10	6	1	278	1216	1495	1.72e-119	427
11a2cec9-5726-42b3-ba10-fe2acce42a41	NR_119168.1	93.950	281	12	5	1	278	1214	1492	2.22e-118	424
25ec2c90-6340-43b1-86da-8a5ef2feca5c	NR_044873.1	89.594	1009	50	42	1	964	417	1415	0.0	1230
25ec2c90-6340-43b1-86da-8a5ef2feca5c	NR_044712.2	87.667	1046	67	49	1	1001	437	1465	0.0	1164
25ec2c90-6340-43b1-86da-8a5ef2feca5c	NR_074568.1	87.667	1046	67	49	1	1001	428	1456	0.0	1160
25ec2c90-6340-43b1-86da-8a5ef2feca5c	NR_043968.1	88.229	1011	59	45	1	964	386	1383	0.0	1153
25ec2c90-6340-43b1-86da-8a5ef2feca5c	NR_025310.1	87.902	1025	62	47	1	976	408	1419	0.0	1149
64956a3d-34f8-4a86-ae72-6ffbaf3348dc	NR_042928.1	95.197	583	13	13	1	579	572	1	0.0	907
64956a3d-34f8-4a86-ae72-6ffbaf3348dc	NR_199547.1	96.709	547	7	9	1	544	552	14	0.0	900
64956a3d-34f8-4a86-ae72-6ffbaf3348dc	NR_109720.1	94.801	577	17	11	1	573	568	1	0.0	887
64956a3d-34f8-4a86-ae72-6ffbaf3348dc	NR_112026.1	95.053	566	13	13	1	562	555	1	0.0	876
64956a3d-34f8-4a86-ae72-6ffbaf3348dc	NR_165747.1	94.168	583	19	13	1	579	572	1	0.0	874
7adf3188-fe0f-4d2b-9412-17bf367c3177	NR_199547.1	91.545	615	32	20	15	619	609	5	0.0	830
7adf3188-fe0f-4d2b-9412-17bf367c3177	NR_042928.1	90.469	640	39	21	15	643	629	1	0.0	824
7adf3188-fe0f-4d2b-9412-17bf367c3177	NR_109720.1	90.551	635	38	22	15	637	625	1	0.0	821
7adf3188-fe0f-4d2b-9412-17bf367c3177	NR_112026.1	91.057	615	34	20	15	619	612	9	0.0	811
7adf3188-fe0f-4d2b-9412-17bf367c3177	NR_165747.1	89.531	640	45	21	15	643	629	1	0.0	791
3b302e1a-2cc4-4d41-b997-123296bef8a8	NR_042776.1	94.404	679	19	16	1	670	831	1499	0.0	1026
3b302e1a-2cc4-4d41-b997-123296bef8a8	NR_042777.1	94.404	679	19	16	1	670	830	1498	0.0	1026
3b302e1a-2cc4-4d41-b997-123296bef8a8	NR_042778.1	94.109	679	21	16	1	670	831	1499	0.0	1014
3b302e1a-2cc4-4d41-b997-123296bef8a8	NR_197695.1	93.814	679	23	16	1	670	830	1498	0.0	1003
3b302e1a-2cc4-4d41-b997-123296bef8a8	NR_118998.1	93.667	679	23	17	1	670	826	1493	0.0	998
37e7935c-364d-4574-bda2-dffa2f75c98a	NR_042928.1	97.166	1376	17	20	1	1367	106	1468	0.0	2305
37e7935c-364d-4574-bda2-dffa2f75c98a	NR_117719.1	96.676	1384	25	20	1	1375	126	1497	0.0	2281
37e7935c-364d-4574-bda2-dffa2f75c98a	NR_199547.1	97.331	1349	14	21	1	1340	86	1421	0.0	2272
37e7935c-364d-4574-bda2-dffa2f75c98a	NR_175455.1	96.462	1385	27	20	1	1375	114	1486	0.0	2266
37e7935c-364d-4574-bda2-dffa2f75c98a	NR_028664.1	96.460	1384	28	19	1	1375	129	1500	0.0	2265
18ffece2-e39d-4b60-8e57-bba74871ec5d	NR_028682.1	93.264	386	14	12	2	378	1115	1497	8.32e-159	558
18ffece2-e39d-4b60-8e57-bba74871ec5d	NR_119263.1	92.246	374	22	7	12	380	1124	1495	3.03e-148	523
18ffece2-e39d-4b60-8e57-bba74871ec5d	NR_024817.1	91.623	382	20	10	5	380	1104	1479	3.92e-147	520
18ffece2-e39d-4b60-8e57-bba74871ec5d	NR_025435.1	91.979	374	22	8	12	380	1124	1494	1.41e-146	518
18ffece2-e39d-4b60-8e57-bba74871ec5d	NR_156899.1	91.711	374	24	7	12	380	1061	1432	6.57e-145	512
d70a918d-435a-4703-9f8b-8f5cae52aaae	NR_109720.1	97.178	1205	22	12	5	1201	1201	1	0.0	2026
d70a918d-435a-4703-9f8b-8f5cae52aaae	NR_036936.1	96.945	1211	25	12	5	1207	1207	1	0.0	2023
d70a918d-435a-4703-9f8b-8f5cae52aaae	NR_179383.1	96.549	1217	30	12	5	1214	1232	21	0.0	2004
d70a918d-435a-4703-9f8b-8f5cae52aaae	NR_199545.1	96.549	1217	30	12	5	1214	1225	14	0.0	2004
d70a918d-435a-4703-9f8b-8f5cae52aaae	NR_117719.1	96.467	1217	31	12	5	1214	1225	14	0.0	1999
25547119-dcf0-4d4f-b143-a4bf03ef73a7	NR_024842.1	90.442	1266	77	39	1	1235	1260	8	0.0	1631
25547119-dcf0-4d4f-b143-a4bf03ef73a7	NR_115241.1	90.382	1258	77	39	1	1227	1245	1	0.0	1616
25547119-dcf0-4d4f-b143-a4bf03ef73a7	NR_115735.1	90.465	1248	75	39	1	1216	1236	1	0.0	1605
25547119-dcf0-4d4f-b143-a4bf03ef73a7	NR_178515.1	90.151	1259	78	41	1	1227	1245	1	0.0	1596
25547119-dcf0-4d4f-b143-a4bf03ef73a7	NR_165737.1	89.913	1259	81	41	1	1227	1245	1	0.0	1580
f8600c05-3d7a-42eb-befb-f5743ff3970c	NR_180625.1	96.921	747	7	11	6	741	387	1128	0.0	1238
f8600c05-3d7a-42eb-befb-f5743ff3970c	NR_199541.1	96.921	747	7	11	6	741	383	1124	0.0	1238
f8600c05-3d7a-42eb-befb-f5743ff3970c	NR_028664.1	96.787	747	8	11	6	741	428	1169	0.0	1232
f8600c05-3d7a-42eb-befb-f5743ff3970c	NR_042928.1	96.787	747	8	11	6	741	405	1146	0.0	1232
f8600c05-3d7a-42eb-befb-f5743ff3970c	NR_115240.1	96.787	747	8	11	6	741	405	1146	0.0	1232
d3fce4d8-faa0-4cda-a27e-2c311da656c9	NR_028665.1	93.154	818	17	33	1	794	1191	389	0.0	1164
d3fce4d8-faa0-4cda-a27e-2c311da656c9	NR_042927.1	93.154	818	17	33	1	794	1176	374	0.0	1164
d3fce4d8-faa0-4cda-a27e-2c311da656c9	NR_114413.1	93.154	818	17	33	1	794	1199	397	0.0	1164
d3fce4d8-faa0-4cda-a27e-2c311da656c9	NR_116206.1	93.032	818	18	34	1	794	1099	297	0.0	1160
d3fce4d8-faa0-4cda-a27e-2c311da656c9	NR_028664.1	93.032	818	18	33	1	794	1197	395	0.0	1158
4d871d38-ad9c-4c6e-85d7-f9cc049c8d63	NR_025762.1	92.593	189	9	5	1	185	1064	877	3.07e-71	267
4d871d38-ad9c-4c6e-85d7-f9cc049c8d63	NR_041879.1	92.593	189	9	5	1	185	1043	856	3.07e-71	267
4d871d38-ad9c-4c6e-85d7-f9cc049c8d63	NR_113570.1	92.593	189	9	5	1	185	1093	906	3.07e-71	267
4d871d38-ad9c-4c6e-85d7-f9cc049c8d63	NR_115355.1	92.593	189	9	5	1	185	1086	899	3.07e-71	267
4d871d38-ad9c-4c6e-85d7-f9cc049c8d63	NR_119169.1	92.593	189	9	5	1	185	1091	904	3.07e-71	267
312e2989-9f22-4bbb-8e4c-5fa11bbab4e9	NR_042928.1	96.381	1437	28	20	75	1497	42	1468	0.0	2344
312e2989-9f22-4bbb-8e4c-5fa11bbab4e9	NR_199547.1	96.598	1411	24	20	75	1470	20	1421	0.0	2318
312e2989-9f22-4bbb-8e4c-5fa11bbab4e9	NR_117719.1	95.897	1438	36	20	75	1498	62	1490	0.0	2307
312e2989-9f22-4bbb-8e4c-5fa11bbab4e9	NR_028664.1	95.758	1438	38	20	75	1498	65	1493	0.0	2296
312e2989-9f22-4bbb-8e4c-5fa11bbab4e9	NR_115240.1	95.755	1437	38	20	75	1497	42	1469	0.0	2294
fbd87f78-12a1-4d54-816b-17f337f6de64	NR_113570.1	89.891	366	22	12	1	355	1408	1047	2.85e-128	457
fbd87f78-12a1-4d54-816b-17f337f6de64	NR_163639.1	89.344	366	24	12	1	355	1416	1055	6.16e-125	446
fbd87f78-12a1-4d54-816b-17f337f6de64	NR_179325.1	89.344	366	24	12	1	355	1375	1014	6.16e-125	446
fbd87f78-12a1-4d54-816b-17f337f6de64	NR_041880.1	89.071	366	25	12	1	355	1357	996	2.87e-123	440
fbd87f78-12a1-4d54-816b-17f337f6de64	NR_115354.1	89.071	366	25	12	1	355	1401	1040	2.87e-123	440
20956bc6-7ba9-446e-a474-3e91293ccd91	NR_042776.1	93.128	1397	42	43	7	1373	1395	23	0.0	1999
20956bc6-7ba9-446e-a474-3e91293ccd91	NR_042778.1	92.913	1397	45	43	7	1373	1395	23	0.0	1982
20956bc6-7ba9-446e-a474-3e91293ccd91	NR_042777.1	92.913	1397	44	44	7	1373	1394	23	0.0	1980
20956bc6-7ba9-446e-a474-3e91293ccd91	NR_197695.1	92.627	1397	49	43	7	1373	1394	22	0.0	1960
20956bc6-7ba9-446e-a474-3e91293ccd91	NR_118998.1	92.335	1396	54	44	7	1373	1389	18	0.0	1938
5f0e285c-221c-4b2c-aec8-3b2b3ea91a39	NR_116814.1	91.892	518	22	16	9	513	1206	696	0.0	706
5f0e285c-221c-4b2c-aec8-3b2b3ea91a39	NR_118086.1	91.876	517	24	15	9	513	1223	713	0.0	706
5f0e285c-221c-4b2c-aec8-3b2b3ea91a39	NR_104684.1	91.313	518	25	17	9	513	1226	716	0.0	693
5f0e285c-221c-4b2c-aec8-3b2b3ea91a39	NR_165739.1	91.137	519	24	19	9	513	1206	696	0.0	684
5f0e285c-221c-4b2c-aec8-3b2b3ea91a39	NR_148620.1	86.042	523	43	26	9	513	1073	563	1.90e-151	534
332d952f-90d0-43bc-aa6b-66cb3039bb83	NR_115355.1	89.655	1508	85	61	1	1466	7	1485	0.0	1858
332d952f-90d0-43bc-aa6b-66cb3039bb83	NR_119169.1	89.390	1508	89	61	1	1466	12	1490	0.0	1840
332d952f-90d0-43bc-aa6b-66cb3039bb83	NR_163639.1	89.516	1507	85	63	1	1466	26	1500	0.0	1840
332d952f-90d0-43bc-aa6b-66cb3039bb83	NR_179325.1	89.718	1488	81	62	22	1466	1	1459	0.0	1834
332d952f-90d0-43bc-aa6b-66cb3039bb83	NR_043332.1	88.992	1508	95	61	1	1466	7	1485	0.0	1805
a1d6bc41-be1a-4118-a450-bd3120998df2	NR_115735.1	95.429	1050	21	19	1	1029	1229	186	0.0	1648
a1d6bc41-be1a-4118-a450-bd3120998df2	NR_116211.1	95.429	1050	21	19	1	1029	1161	118	0.0	1648
a1d6bc41-be1a-4118-a450-bd3120998df2	NR_178515.1	95.333	1050	22	19	1	1029	1238	195	0.0	1642
a1d6bc41-be1a-4118-a450-bd3120998df2	NR_024842.1	95.238	1050	23	19	1	1029	1253	210	0.0	1640
a1d6bc41-be1a-4118-a450-bd3120998df2	NR_115241.1	95.238	1050	23	19	1	1029	1238	195	0.0	1640
d4c6d657-6f58-4b62-962f-947778193dd1	NR_042776.1	97.236	1230	15	15	1	1223	1236	19	0.0	2065
d4c6d657-6f58-4b62-962f-947778193dd1	NR_042778.1	97.073	1230	17	15	1	1223	1236	19	0.0	2054
d4c6d657-6f58-4b62-962f-947778193dd1	NR_042777.1	96.992	1230	17	16	1	1223	1235	19	0.0	2049
d4c6d657-6f58-4b62-962f-947778193dd1	NR_197695.1	96.667	1230	22	15	1	1223	1235	18	0.0	2026
d4c6d657-6f58-4b62-962f-947778193dd1	NR_118998.1	96.260	1230	26	16	1	1223	1230	14	0.0	2001
813b6894-92fc-4e80-a8c7-e37a3afbe925	NR_028664.1	94.855	311	6	9	1	303	513	821	1.85e-134	477
813b6894-92fc-4e80-a8c7-e37a3afbe925	NR_042927.1	94.855	311	6	9	1	303	492	800	1.85e-134	477
813b6894-92fc-4e80-a8c7-e37a3afbe925	NR_042928.1	94.855	311	6	9	1	303	490	798	1.85e-134	477
813b6894-92fc-4e80-a8c7-e37a3afbe925	NR_114413.1	94.855	311	6	9	1	303	515	823	1.85e-134	477
813b6894-92fc-4e80-a8c7-e37a3afbe925	NR_115240.1	94.855	311	6	9	1	303	490	798	1.85e-134	477
ef85f4d9-e721-44f1-9181-6eef9c66c28e	NR_036936.1	97.643	976	8	8	2	967	424	1394	0.0	1661
ef85f4d9-e721-44f1-9181-6eef9c66c28e	NR_036936.1	82.315	933	66	68	1020	1879	1350	444	0.0	717
ef85f4d9-e721-44f1-9181-6eef9c66c28e	NR_115735.1	97.643	976	8	8	2	967	415	1385	0.0	1661
ef85f4d9-e721-44f1-9181-6eef9c66c28e	NR_115735.1	82.422	933	65	69	1020	1879	1341	435	0.0	723
ef85f4d9-e721-44f1-9181-6eef9c66c28e	NR_116211.1	97.643	976	8	8	2	967	347	1317	0.0	1661
ef85f4d9-e721-44f1-9181-6eef9c66c28e	NR_116211.1	82.422	933	65	69	1020	1879	1273	367	0.0	723
ef85f4d9-e721-44f1-9181-6eef9c66c28e	NR_024842.1	97.541	976	9	8	2	967	439	1409	0.0	1657
ef85f4d9-e721-44f1-9181-6eef9c66c28e	NR_024842.1	82.422	933	65	69	1020	1879	1365	459	0.0	723
ef85f4d9-e721-44f1-9181-6eef9c66c28e	NR_109720.1	97.541	976	9	8	2	967	418	1388	0.0	1655
ef85f4d9-e721-44f1-9181-6eef9c66c28e	NR_109720.1	82.422	933	65	69	1020	1879	1344	438	0.0	723
12648dbb-f9f2-4bda-90a0-126d3009c21e	NR_115355.1	96.944	1047	10	16	1	1035	171	1207	0.0	1738
12648dbb-f9f2-4bda-90a0-126d3009c21e	NR_179325.1	96.944	1047	10	16	1	1035	145	1181	0.0	1736
12648dbb-f9f2-4bda-90a0-126d3009c21e	NR_041879.1	96.851	1048	10	17	1	1035	128	1165	0.0	1731
12648dbb-f9f2-4bda-90a0-126d3009c21e	NR_119169.1	96.753	1047	12	16	1	1035	176	1212	0.0	1731
12648dbb-f9f2-4bda-90a0-126d3009c21e	NR_163639.1	96.746	1045	12	18	1	1035	190	1222	0.0	1722
757bdd8e-da7a-473d-b2c9-ab7425511eeb	NR_117717.1	86.689	586	44	24	29	594	584	13	5.91e-177	619
757bdd8e-da7a-473d-b2c9-ab7425511eeb	NR_121688.1	86.712	587	42	26	29	594	583	12	5.91e-177	619
757bdd8e-da7a-473d-b2c9-ab7425511eeb	NR_041989.1	88.577	534	29	22	29	543	521	1	5.91e-177	619
757bdd8e-da7a-473d-b2c9-ab7425511eeb	NR_117701.1	86.828	577	43	23	29	586	563	1	2.75e-175	614
757bdd8e-da7a-473d-b2c9-ab7425511eeb	NR_117692.1	86.678	578	42	24	29	586	563	1	1.28e-173	608
d7c35ae9-da17-46a8-9e42-c0c422bbcc73	NR_118998.1	91.680	1274	72	25	32	1274	225	1495	0.0	1735
d7c35ae9-da17-46a8-9e42-c0c422bbcc73	NR_118937.1	90.407	1230	82	29	13	1211	110	1334	0.0	1620
d7c35ae9-da17-46a8-9e42-c0c422bbcc73	NR_118941.1	89.422	1229	96	26	13	1211	110	1334	0.0	1587
d7c35ae9-da17-46a8-9e42-c0c422bbcc73	NR_118942.1	89.669	1210	90	28	32	1211	128	1332	0.0	1578
d7c35ae9-da17-46a8-9e42-c0c422bbcc73	NR_118933.1	88.537	1230	105	28	13	1211	110	1334	0.0	1493
15b7b8f4-483a-4d7f-acb0-5326f06d8e90	NR_042776.1	96.474	397	7	7	1	391	1236	841	0.0	649
15b7b8f4-483a-4d7f-acb0-5326f06d8e90	NR_042777.1	96.474	397	7	7	1	391	1235	840	0.0	649
15b7b8f4-483a-4d7f-acb0-5326f06d8e90	NR_042778.1	96.474	397	7	7	1	391	1236	841	0.0	649
15b7b8f4-483a-4d7f-acb0-5326f06d8e90	NR_197695.1	96.212	396	8	7	1	390	1235	841	0.0	641
15b7b8f4-483a-4d7f-acb0-5326f06d8e90	NR_118998.1	95.707	396	11	6	1	391	1230	836	0.0	632
c8bd6a18-eb18-4576-88e8-a0d86c71d3da	NR_024842.1	96.203	790	12	13	12	795	715	1492	0.0	1277
c8bd6a18-eb18-4576-88e8-a0d86c71d3da	NR_134817.1	96.203	790	12	13	12	795	713	1490	0.0	1277
c8bd6a18-eb18-4576-88e8-a0d86c71d3da	NR_036936.1	96.296	783	12	13	12	788	700	1471	0.0	1269
c8bd6a18-eb18-4576-88e8-a0d86c71d3da	NR_115735.1	96.183	786	12	13	12	791	691	1464	0.0	1269
c8bd6a18-eb18-4576-88e8-a0d86c71d3da	NR_165737.1	96.296	783	12	13	12	788	700	1471	0.0	1269
f264d24b-3274-40d0-a834-852a18619376	NR_115735.1	92.951	1291	55	27	1	1275	194	1464	0.0	1847
f264d24b-3274-40d0-a834-852a18619376	NR_024842.1	92.753	1297	58	27	1	1281	218	1494	0.0	1845
f264d24b-3274-40d0-a834-852a18619376	NR_165737.1	93.074	1285	52	27	5	1272	207	1471	0.0	1845
f264d24b-3274-40d0-a834-852a18619376	NR_036936.1	92.918	1285	54	27	5	1272	207	1471	0.0	1834
f264d24b-3274-40d0-a834-852a18619376	NR_115241.1	92.702	1288	58	27	1	1272	203	1470	0.0	1831
7eb9cbe3-e2c3-43b8-be88-93559b46eb00	NR_042776.1	93.142	1254	49	32	1	1234	1251	15	0.0	1805
7eb9cbe3-e2c3-43b8-be88-93559b46eb00	NR_042777.1	92.977	1253	52	31	1	1234	1250	15	0.0	1794
7eb9cbe3-e2c3-43b8-be88-93559b46eb00	NR_042778.1	92.982	1254	51	31	1	1234	1251	15	0.0	1794
7eb9cbe3-e2c3-43b8-be88-93559b46eb00	NR_197695.1	92.663	1254	55	32	1	1234	1250	14	0.0	1772
7eb9cbe3-e2c3-43b8-be88-93559b46eb00	NR_118998.1	92.185	1254	60	32	1	1234	1245	10	0.0	1740
0b360403-3071-4830-8ec7-64fe64613128	NR_042776.1	94.237	590	17	13	1	581	598	17	0.0	885
0b360403-3071-4830-8ec7-64fe64613128	NR_042778.1	93.898	590	19	13	1	581	598	17	0.0	874
0b360403-3071-4830-8ec7-64fe64613128	NR_042777.1	93.729	590	19	13	1	581	597	17	0.0	869
0b360403-3071-4830-8ec7-64fe64613128	NR_197695.1	93.729	590	20	13	1	581	597	16	0.0	869
0b360403-3071-4830-8ec7-64fe64613128	NR_118998.1	93.039	589	26	11	1	581	593	12	0.0	848
5e3928eb-b67d-4503-868d-0027e59b8601	NR_026419.1	90.251	359	21	9	1	349	1127	1481	2.82e-128	457
5e3928eb-b67d-4503-868d-0027e59b8601	NR_025904.1	88.858	359	25	10	1	349	1138	1491	2.21e-119	427
5e3928eb-b67d-4503-868d-0027e59b8601	NR_025903.1	88.858	359	25	10	1	349	1139	1492	2.21e-119	427
5e3928eb-b67d-4503-868d-0027e59b8601	NR_133752.1	90.432	324	20	7	1	316	1064	1384	4.79e-116	416
5e3928eb-b67d-4503-868d-0027e59b8601	NR_133753.1	90.432	324	20	7	1	316	1093	1413	4.79e-116	416
42e4a255-8505-4f50-aa94-bf9fb68d1e99	NR_028664.1	91.483	1362	67	35	2	1340	1356	21	0.0	1827
42e4a255-8505-4f50-aa94-bf9fb68d1e99	NR_042928.1	91.544	1360	64	35	2	1337	1333	1	0.0	1827
42e4a255-8505-4f50-aa94-bf9fb68d1e99	NR_115240.1	91.464	1359	67	35	2	1337	1333	1	0.0	1821
42e4a255-8505-4f50-aa94-bf9fb68d1e99	NR_117719.1	91.410	1362	68	35	2	1340	1353	18	0.0	1821
42e4a255-8505-4f50-aa94-bf9fb68d1e99	NR_165747.1	91.429	1365	61	41	2	1337	1338	1	0.0	1821
ece3468a-03e8-4b29-a689-0b830d385a34	NR_116168.1	93.193	808	34	18	2	806	696	1485	0.0	1168
ece3468a-03e8-4b29-a689-0b830d385a34	NR_118762.1	92.030	803	43	18	2	802	699	1482	0.0	1125
ece3468a-03e8-4b29-a689-0b830d385a34	NR_025423.1	91.100	809	47	21	2	805	680	1468	0.0	1072
ece3468a-03e8-4b29-a689-0b830d385a34	NR_024898.1	90.965	808	52	18	2	806	695	1484	0.0	1068
ece3468a-03e8-4b29-a689-0b830d385a34	NR_024897.1	90.853	809	51	20	2	806	695	1484	0.0	1062
92d77dcb-0afa-4911-b65b-5853b93a1421	NR_042776.1	94.283	962	22	23	1	940	549	1499	0.0	1441
92d77dcb-0afa-4911-b65b-5853b93a1421	NR_042777.1	94.283	962	22	23	1	940	548	1498	0.0	1441
92d77dcb-0afa-4911-b65b-5853b93a1421	NR_042778.1	94.075	962	24	23	1	940	549	1499	0.0	1430
92d77dcb-0afa-4911-b65b-5853b93a1421	NR_197695.1	93.867	962	26	24	1	940	548	1498	0.0	1419
92d77dcb-0afa-4911-b65b-5853b93a1421	NR_118998.1	93.757	961	28	24	1	940	544	1493	0.0	1413
58750970-a599-4860-b64a-b325f34f1d95	NR_042928.1	93.567	513	17	12	14	518	510	6	0.0	750
58750970-a599-4860-b64a-b325f34f1d95	NR_165747.1	93.567	513	17	12	14	518	510	6	0.0	750
58750970-a599-4860-b64a-b325f34f1d95	NR_112026.1	93.952	496	15	11	14	502	493	6	0.0	736
58750970-a599-4860-b64a-b325f34f1d95	NR_199541.1	93.939	495	14	12	14	501	488	3	0.0	734
58750970-a599-4860-b64a-b325f34f1d95	NR_199545.1	92.788	513	21	12	14	518	530	26	0.0	728
c4b147fa-8c21-4ca3-b508-da9987b41777	NR_029097.1	97.108	1245	18	16	3	1233	134	1374	0.0	2084
c4b147fa-8c21-4ca3-b508-da9987b41777	NR_125570.1	96.319	1277	28	17	11	1272	123	1395	0.0	2080
c4b147fa-8c21-4ca3-b508-da9987b41777	NR_125571.1	95.872	1284	34	17	3	1272	158	1436	0.0	2061
c4b147fa-8c21-4ca3-b508-da9987b41777	NR_042832.1	90.647	1251	89	24	42	1270	212	1456	0.0	1639
c4b147fa-8c21-4ca3-b508-da9987b41777	NR_026100.1	90.127	1256	94	26	42	1274	205	1453	0.0	1607
943de7e4-895d-403e-8298-4c534f678e6c	NR_044091.1	93.137	918	27	32	9	897	1093	183	0.0	1314
943de7e4-895d-403e-8298-4c534f678e6c	NR_113570.1	92.266	918	34	33	9	897	1185	276	0.0	1267
943de7e4-895d-403e-8298-4c534f678e6c	NR_042940.1	92.048	918	37	31	9	897	1091	181	0.0	1258
943de7e4-895d-403e-8298-4c534f678e6c	NR_025762.1	92.048	918	36	34	9	897	1156	247	0.0	1256
943de7e4-895d-403e-8298-4c534f678e6c	NR_044153.1	91.948	919	35	35	9	897	1178	269	0.0	1253
848300d7-14ca-4128-8ad3-3f9d6c826ba4	NR_042928.1	95.597	1022	27	13	1	1019	1011	5	0.0	1622
848300d7-14ca-4128-8ad3-3f9d6c826ba4	NR_165747.1	95.593	1021	26	14	3	1019	1010	5	0.0	1618
848300d7-14ca-4128-8ad3-3f9d6c826ba4	NR_199545.1	95.499	1022	28	13	1	1019	1031	25	0.0	1616
848300d7-14ca-4128-8ad3-3f9d6c826ba4	NR_028664.1	95.401	1022	29	13	1	1019	1034	28	0.0	1611
848300d7-14ca-4128-8ad3-3f9d6c826ba4	NR_115240.1	95.401	1022	29	13	1	1019	1011	5	0.0	1611
ea33b44c-e89b-4877-8e56-8546f36c4db7	NR_125571.1	94.586	628	19	13	1	625	616	1	0.0	961
ea33b44c-e89b-4877-8e56-8546f36c4db7	NR_125570.1	95.734	586	10	12	1	583	574	1	0.0	929
ea33b44c-e89b-4877-8e56-8546f36c4db7	NR_029097.1	94.030	603	21	13	1	600	592	2	0.0	900
ea33b44c-e89b-4877-8e56-8546f36c4db7	NR_199415.1	86.128	656	64	25	1	646	639	1	0.0	682
ea33b44c-e89b-4877-8e56-8546f36c4db7	NR_151895.1	85.780	654	69	22	1	647	637	1	0.0	671
f572b989-2ef2-4977-80ca-b14b5b7d606d	NR_025863.1	93.852	862	29	19	1	848	865	14	0.0	1279
f572b989-2ef2-4977-80ca-b14b5b7d606d	NR_028682.1	88.297	863	69	31	2	848	860	14	0.0	1005
f572b989-2ef2-4977-80ca-b14b5b7d606d	NR_025862.1	87.717	863	73	32	2	848	859	14	0.0	983
f572b989-2ef2-4977-80ca-b14b5b7d606d	NR_179378.1	87.370	863	81	25	1	848	862	13	0.0	965
f572b989-2ef2-4977-80ca-b14b5b7d606d	NR_180911.1	87.384	864	79	27	1	848	851	2	0.0	965
5f9eb09f-0e10-4eb0-9e39-f04ea3f9c687	NR_118761.1	90.509	1159	77	28	1	1143	1382	241	0.0	1520
5f9eb09f-0e10-4eb0-9e39-f04ea3f9c687	NR_044682.2	90.189	1162	76	34	1	1143	1384	242	0.0	1487
5f9eb09f-0e10-4eb0-9e39-f04ea3f9c687	NR_044753.1	89.533	1156	94	25	1	1143	1381	240	0.0	1471
5f9eb09f-0e10-4eb0-9e39-f04ea3f9c687	NR_156994.1	89.664	1161	82	33	2	1143	1357	216	0.0	1461
5f9eb09f-0e10-4eb0-9e39-f04ea3f9c687	NR_044749.1	89.147	1161	89	31	1	1143	1382	241	0.0	1445
088396b5-e376-4532-93a7-63dfa7ea8f4f	NR_117717.1	95.170	766	28	7	7	766	776	14	0.0	1201
088396b5-e376-4532-93a7-63dfa7ea8f4f	NR_041989.1	97.067	716	13	6	7	717	713	1	0.0	1199
088396b5-e376-4532-93a7-63dfa7ea8f4f	NR_121688.1	95.039	766	29	7	7	766	775	13	0.0	1195
088396b5-e376-4532-93a7-63dfa7ea8f4f	NR_117701.1	95.119	758	28	7	7	758	755	1	0.0	1186
088396b5-e376-4532-93a7-63dfa7ea8f4f	NR_117696.1	95.168	745	28	6	7	746	742	1	0.0	1170
08bdab83-4b27-4114-ac2e-89d09e162307	NR_029097.1	91.038	424	19	13	1	411	468	51	1.16e-157	555
08bdab83-4b27-4114-ac2e-89d09e162307	NR_125571.1	90.164	427	23	13	1	414	492	72	3.26e-153	540
08bdab83-4b27-4114-ac2e-89d09e162307	NR_125570.1	89.930	427	24	13	1	414	450	30	5.46e-151	532
08bdab83-4b27-4114-ac2e-89d09e162307	NR_044289.1	84.382	429	44	16	1	414	505	85	5.78e-111	399
08bdab83-4b27-4114-ac2e-89d09e162307	NR_181392.1	83.333	432	45	20	1	414	503	81	3.50e-103	374
67f79222-4a9c-4a8f-aafc-03ff277eb070	NR_042928.1	97.030	404	6	6	7	408	400	1	0.0	675
67f79222-4a9c-4a8f-aafc-03ff277eb070	NR_109720.1	96.985	398	8	4	7	402	396	1	0.0	665
67f79222-4a9c-4a8f-aafc-03ff277eb070	NR_036936.1	96.040	404	12	4	7	408	402	1	0.0	656
67f79222-4a9c-4a8f-aafc-03ff277eb070	NR_199547.1	97.900	381	3	5	7	385	380	3	0.0	654
67f79222-4a9c-4a8f-aafc-03ff277eb070	NR_112026.1	97.158	387	5	6	7	391	383	1	0.0	649
78f5a038-6c8b-439f-acdc-22868a082abd	NR_025862.1	94.816	868	28	12	18	876	872	13	0.0	1347
78f5a038-6c8b-439f-acdc-22868a082abd	NR_028682.1	92.775	872	41	17	18	877	873	12	0.0	1242
78f5a038-6c8b-439f-acdc-22868a082abd	NR_026454.1	90.941	861	46	26	18	858	849	1	0.0	1129
78f5a038-6c8b-439f-acdc-22868a082abd	NR_119263.1	89.015	883	59	28	18	875	870	1	0.0	1059
78f5a038-6c8b-439f-acdc-22868a082abd	NR_025863.1	88.431	873	75	21	20	876	875	13	0.0	1035
a707e05e-4f7c-4479-81ea-4712a796c689	NR_042776.1	94.320	581	15	11	1	567	594	18	0.0	874
a707e05e-4f7c-4479-81ea-4712a796c689	NR_042778.1	93.976	581	17	11	1	567	594	18	0.0	863
a707e05e-4f7c-4479-81ea-4712a796c689	NR_197695.1	93.976	581	17	11	1	567	593	17	0.0	863
a707e05e-4f7c-4479-81ea-4712a796c689	NR_042777.1	93.804	581	17	12	1	567	593	18	0.0	856
a707e05e-4f7c-4479-81ea-4712a796c689	NR_118998.1	93.115	581	22	11	1	567	589	13	0.0	837
6e2003f7-b18b-4f95-aefa-c7ec511c03b0	NR_179325.1	95.407	1154	24	22	5	1145	319	1456	0.0	1810
6e2003f7-b18b-4f95-aefa-c7ec511c03b0	NR_115355.1	95.234	1154	26	22	5	1145	345	1482	0.0	1799
6e2003f7-b18b-4f95-aefa-c7ec511c03b0	NR_119169.1	94.974	1154	29	22	5	1145	350	1487	0.0	1788
6e2003f7-b18b-4f95-aefa-c7ec511c03b0	NR_163639.1	94.805	1155	25	28	5	1145	364	1497	0.0	1768
6e2003f7-b18b-4f95-aefa-c7ec511c03b0	NR_074980.1	94.627	1154	33	22	5	1145	372	1509	0.0	1760
ded3d37b-2446-45ef-ba87-8e9632c2e9a9	NR_040821.1	91.974	461	22	15	1	454	1028	1480	0.0	632
ded3d37b-2446-45ef-ba87-8e9632c2e9a9	NR_025148.1	91.974	461	22	15	1	454	1048	1500	0.0	632
ded3d37b-2446-45ef-ba87-8e9632c2e9a9	NR_040820.1	91.974	461	22	15	1	454	1028	1480	0.0	632
ded3d37b-2446-45ef-ba87-8e9632c2e9a9	NR_126177.1	91.974	461	22	15	1	454	1030	1482	0.0	632
ded3d37b-2446-45ef-ba87-8e9632c2e9a9	NR_126178.1	91.974	461	22	15	1	454	1028	1480	0.0	632
119979b1-df59-44ec-ac25-15661ac5360e	NR_044873.1	91.271	905	48	26	1	885	572	1465	0.0	1205
119979b1-df59-44ec-ac25-15661ac5360e	NR_074568.1	90.200	898	58	22	6	885	588	1473	0.0	1144
119979b1-df59-44ec-ac25-15661ac5360e	NR_044712.2	89.899	891	60	22	6	878	597	1475	0.0	1125
119979b1-df59-44ec-ac25-15661ac5360e	NR_109752.1	89.613	905	62	25	1	885	594	1486	0.0	1122
119979b1-df59-44ec-ac25-15661ac5360e	NR_025310.1	89.514	906	61	26	1	885	563	1455	0.0	1116
d72ebae6-c8a1-4b63-a3d7-fd4a47a2757b	NR_199547.1	92.264	1228	51	35	2	1203	1220	11	0.0	1701
d72ebae6-c8a1-4b63-a3d7-fd4a47a2757b	NR_042928.1	91.660	1259	57	37	2	1231	1240	1	0.0	1700
d72ebae6-c8a1-4b63-a3d7-fd4a47a2757b	NR_112026.1	92.182	1228	51	36	2	1204	1222	15	0.0	1696
d72ebae6-c8a1-4b63-a3d7-fd4a47a2757b	NR_199545.1	91.383	1265	61	37	2	1237	1260	15	0.0	1688
d72ebae6-c8a1-4b63-a3d7-fd4a47a2757b	NR_109720.1	91.607	1251	59	36	3	1225	1235	3	0.0	1687
65290e39-3133-4bab-9153-65298ca2dd03	NR_026099.2	85.012	427	51	10	11	433	1400	983	1.40e-117	422
65290e39-3133-4bab-9153-65298ca2dd03	NR_178871.1	84.296	433	52	11	1	428	1438	1017	1.09e-113	409
65290e39-3133-4bab-9153-65298ca2dd03	NR_041235.1	84.915	411	50	9	22	428	1525	1123	1.41e-112	405
65290e39-3133-4bab-9153-65298ca2dd03	NR_189254.1	86.162	383	43	7	49	428	1392	1017	1.41e-112	405
65290e39-3133-4bab-9153-65298ca2dd03	NR_156094.1	84.450	418	53	9	17	428	1491	1080	1.83e-111	401
dd2caab2-227c-485a-9a4a-7446c1fcc3a4	NR_115354.1	89.855	1311	71	50	1	1276	199	1482	0.0	1631
dd2caab2-227c-485a-9a4a-7446c1fcc3a4	NR_119170.1	89.710	1312	71	51	1	1276	204	1487	0.0	1624
dd2caab2-227c-485a-9a4a-7446c1fcc3a4	NR_115355.1	89.718	1313	69	51	1	1276	199	1482	0.0	1616
dd2caab2-227c-485a-9a4a-7446c1fcc3a4	NR_179325.1	89.718	1313	69	52	1	1276	173	1456	0.0	1616
dd2caab2-227c-485a-9a4a-7446c1fcc3a4	NR_119169.1	89.414	1313	73	51	1	1276	204	1487	0.0	1600
6da427d0-5f41-487f-b944-1743d4eb66cf	NR_104516.1	91.837	637	25	23	1	617	630	1	0.0	863
6da427d0-5f41-487f-b944-1743d4eb66cf	NR_028769.1	89.630	675	42	24	1	655	678	12	0.0	833
6da427d0-5f41-487f-b944-1743d4eb66cf	NR_025648.1	88.643	678	42	28	1	654	678	12	0.0	793
6da427d0-5f41-487f-b944-1743d4eb66cf	NR_113162.1	88.643	678	42	28	1	654	679	13	0.0	793
6da427d0-5f41-487f-b944-1743d4eb66cf	NR_113229.1	87.278	676	55	27	1	654	679	13	0.0	743
d7536576-d7fd-4126-b013-6a56a49894ec	NR_041989.1	89.603	529	28	23	7	518	3	521	0.0	647
d7536576-d7fd-4126-b013-6a56a49894ec	NR_117694.1	88.246	536	34	25	1	518	39	563	2.44e-175	614
d7536576-d7fd-4126-b013-6a56a49894ec	NR_025892.1	86.940	536	41	25	1	518	65	589	4.11e-168	590
d7536576-d7fd-4126-b013-6a56a49894ec	NR_117717.1	87.079	534	44	21	1	518	60	584	2.47e-165	580
d7536576-d7fd-4126-b013-6a56a49894ec	NR_121688.1	87.079	534	44	21	1	518	59	583	2.47e-165	580
d6640cec-9cb5-4a0d-a093-1ba9c766122f	NR_125570.1	88.863	422	27	18	1	408	356	771	1.50e-141	501
d6640cec-9cb5-4a0d-a093-1ba9c766122f	NR_125571.1	88.863	422	27	17	1	408	398	813	1.50e-141	501
d6640cec-9cb5-4a0d-a093-1ba9c766122f	NR_029097.1	88.626	422	28	18	1	408	374	789	7.00e-140	496
d6640cec-9cb5-4a0d-a093-1ba9c766122f	NR_180797.1	85.646	418	36	20	1	402	429	838	1.56e-116	418
d6640cec-9cb5-4a0d-a093-1ba9c766122f	NR_179173.1	85.167	418	40	18	1	403	416	826	9.38e-114	409
b795c951-10c3-418c-abb3-80ac22fe48ab	NR_024842.1	94.618	1375	35	21	1	1356	1363	9	0.0	2097
b795c951-10c3-418c-abb3-80ac22fe48ab	NR_115241.1	94.591	1368	35	21	1	1349	1348	1	0.0	2084
b795c951-10c3-418c-abb3-80ac22fe48ab	NR_115735.1	94.698	1358	34	20	1	1339	1339	1	0.0	2074
b795c951-10c3-418c-abb3-80ac22fe48ab	NR_178515.1	94.302	1369	37	23	1	1349	1348	1	0.0	2058
b795c951-10c3-418c-abb3-80ac22fe48ab	NR_165737.1	94.083	1369	40	23	1	1349	1348	1	0.0	2041
fe77a8cf-25fa-49aa-89f8-c3a1bcbd92ed	NR_179540.1	94.360	727	14	13	1	719	1162	455	0.0	1090
fe77a8cf-25fa-49aa-89f8-c3a1bcbd92ed	NR_042927.1	94.223	727	15	13	1	719	1144	437	0.0	1085
fe77a8cf-25fa-49aa-89f8-c3a1bcbd92ed	NR_114413.1	94.223	727	15	13	1	719	1167	460	0.0	1085
fe77a8cf-25fa-49aa-89f8-c3a1bcbd92ed	NR_115734.1	94.223	727	15	13	1	719	1145	438	0.0	1085
fe77a8cf-25fa-49aa-89f8-c3a1bcbd92ed	NR_116210.1	94.223	727	15	13	1	719	1007	300	0.0	1085
85a925d2-0f50-4b62-8655-1cf28d88cf83	NR_042776.1	92.611	1218	51	30	9	1208	1214	18	0.0	1714
85a925d2-0f50-4b62-8655-1cf28d88cf83	NR_042777.1	92.447	1218	52	31	9	1208	1213	18	0.0	1703
85a925d2-0f50-4b62-8655-1cf28d88cf83	NR_042778.1	92.447	1218	53	30	9	1208	1214	18	0.0	1703
85a925d2-0f50-4b62-8655-1cf28d88cf83	NR_197695.1	92.118	1218	57	30	9	1208	1213	17	0.0	1681
85a925d2-0f50-4b62-8655-1cf28d88cf83	NR_118998.1	91.865	1217	61	29	9	1208	1208	13	0.0	1666
