4a3ec529-6c26-4a5b-8694-c6629c448db9	NR_043589.1	96.782	404	4	3	1	399	400	1	0.0	665
4a3ec529-6c26-4a5b-8694-c6629c448db9	NR_117641.1	91.111	405	25	8	2	399	401	1	1.15e-152	538
4a3ec529-6c26-4a5b-8694-c6629c448db9	NR_042847.1	96.721	305	6	2	1	305	375	75	1.17e-142	505
4a3ec529-6c26-4a5b-8694-c6629c448db9	NR_042847.1	97.436	39	0	1	362	399	39	1	2.34e-10	65.8
4a3ec529-6c26-4a5b-8694-c6629c448db9	NR_118652.1	96.393	305	7	2	1	305	401	101	1.51e-141	501
4a3ec529-6c26-4a5b-8694-c6629c448db9	NR_118652.1	95.745	47	1	1	362	407	65	19	1.08e-13	76.8
4a3ec529-6c26-4a5b-8694-c6629c448db9	NR_115512.1	95.082	305	10	3	1	305	394	95	5.46e-136	483
4a3ec529-6c26-4a5b-8694-c6629c448db9	NR_115512.1	95.745	47	1	1	362	407	59	13	3.90e-13	75.0
425fc807-213f-4329-8502-e6c98850e07c	NR_042776.1	90.158	1392	57	51	47	1388	142	1503	0.0	1738
425fc807-213f-4329-8502-e6c98850e07c	NR_042777.1	90.086	1392	57	52	47	1388	142	1502	0.0	1731
425fc807-213f-4329-8502-e6c98850e07c	NR_042778.1	89.871	1392	61	51	47	1388	142	1503	0.0	1716
425fc807-213f-4329-8502-e6c98850e07c	NR_197695.1	89.727	1392	63	51	47	1388	141	1502	0.0	1705
425fc807-213f-4329-8502-e6c98850e07c	NR_118998.1	89.440	1392	66	53	47	1388	137	1497	0.0	1681
758b9c89-072f-48cc-819f-173055c30e5d	NR_024842.1	96.901	355	7	3	6	356	1135	1489	7.59e-169	592
758b9c89-072f-48cc-819f-173055c30e5d	NR_115735.1	96.893	354	7	3	6	355	1111	1464	2.73e-168	590
758b9c89-072f-48cc-819f-173055c30e5d	NR_178262.1	96.629	356	7	4	6	356	1014	1369	3.53e-167	586
758b9c89-072f-48cc-819f-173055c30e5d	NR_179215.1	96.629	356	7	4	6	356	1136	1491	3.53e-167	586
758b9c89-072f-48cc-819f-173055c30e5d	NR_179720.1	96.629	356	7	4	6	356	1140	1495	3.53e-167	586
1dff97a9-301d-47a1-8365-f804808c8a5e	NR_180875.1	96.484	455	10	5	1	453	840	1290	0.0	747
1dff97a9-301d-47a1-8365-f804808c8a5e	NR_024842.1	96.264	455	11	5	1	453	876	1326	0.0	741
1dff97a9-301d-47a1-8365-f804808c8a5e	NR_036936.1	96.264	455	11	5	1	453	861	1311	0.0	741
1dff97a9-301d-47a1-8365-f804808c8a5e	NR_028665.1	96.264	455	11	5	1	453	876	1326	0.0	741
1dff97a9-301d-47a1-8365-f804808c8a5e	NR_042927.1	96.264	455	11	5	1	453	861	1311	0.0	741
5b4fbd5d-faa9-401a-ae03-646eef43b848	NR_115355.1	97.098	896	14	10	1	892	598	1485	0.0	1500
5b4fbd5d-faa9-401a-ae03-646eef43b848	NR_179325.1	97.098	896	14	10	1	892	572	1459	0.0	1500
5b4fbd5d-faa9-401a-ae03-646eef43b848	NR_163639.1	96.990	897	12	13	1	892	614	1500	0.0	1493
5b4fbd5d-faa9-401a-ae03-646eef43b848	NR_119169.1	96.763	896	17	10	1	892	603	1490	0.0	1487
5b4fbd5d-faa9-401a-ae03-646eef43b848	NR_115354.1	96.652	896	18	10	1	892	598	1485	0.0	1480
81831b61-3801-4d3f-b369-e0f660eaec82	NR_074980.1	96.434	1234	26	16	1	1223	1239	13	0.0	2019
81831b61-3801-4d3f-b369-e0f660eaec82	NR_113031.1	96.434	1234	26	16	1	1223	1239	13	0.0	2019
81831b61-3801-4d3f-b369-e0f660eaec82	NR_113570.1	96.330	1226	26	17	1	1214	1219	1	0.0	1997
81831b61-3801-4d3f-b369-e0f660eaec82	NR_117759.1	96.318	1222	27	16	1	1211	1215	1	0.0	1995
81831b61-3801-4d3f-b369-e0f660eaec82	NR_043332.1	96.308	1219	27	16	1	1208	1212	1	0.0	1991
4dc9f547-b04f-4dc0-911d-f8fefb4ba331	NR_024842.1	90.595	1042	60	31	1	1019	1036	10	0.0	1351
4dc9f547-b04f-4dc0-911d-f8fefb4ba331	NR_115241.1	90.646	1037	56	31	1	1012	1021	1	0.0	1343
4dc9f547-b04f-4dc0-911d-f8fefb4ba331	NR_178515.1	90.541	1036	59	32	1	1012	1021	1	0.0	1334
4dc9f547-b04f-4dc0-911d-f8fefb4ba331	NR_115735.1	90.661	1028	54	32	1	1002	1012	1	0.0	1328
4dc9f547-b04f-4dc0-911d-f8fefb4ba331	NR_114413.1	88.900	1045	72	32	1	1019	1044	18	0.0	1247
44258900-1f74-4c72-8800-21da5d47030d	NR_115355.1	95.554	1417	34	26	1	1400	83	1487	0.0	2244
44258900-1f74-4c72-8800-21da5d47030d	NR_179325.1	95.557	1418	33	27	1	1400	56	1461	0.0	2242
44258900-1f74-4c72-8800-21da5d47030d	NR_119169.1	95.342	1417	37	26	1	1400	88	1492	0.0	2231
44258900-1f74-4c72-8800-21da5d47030d	NR_163639.1	95.342	1417	33	30	1	1400	102	1502	0.0	2220
44258900-1f74-4c72-8800-21da5d47030d	NR_113570.1	95.137	1419	38	27	1	1400	89	1495	0.0	2209
c9c93dc2-bd2c-4f1d-884e-bcc44666927f	NR_025862.1	96.846	539	8	9	1	537	684	153	0.0	896
c9c93dc2-bd2c-4f1d-884e-bcc44666927f	NR_026454.1	93.186	543	23	14	1	537	661	127	0.0	785
c9c93dc2-bd2c-4f1d-884e-bcc44666927f	NR_028682.1	92.620	542	26	14	1	537	685	153	0.0	767
c9c93dc2-bd2c-4f1d-884e-bcc44666927f	NR_024906.1	94.872	468	19	5	1	466	674	210	0.0	726
c9c93dc2-bd2c-4f1d-884e-bcc44666927f	NR_036922.1	94.894	470	15	9	1	466	686	222	0.0	726
a1e7162c-83ff-4e41-be4d-db15999d7864	NR_116168.1	95.563	293	10	3	1	291	37	328	3.99e-131	466
a1e7162c-83ff-4e41-be4d-db15999d7864	NR_042878.1	94.198	293	14	3	1	291	16	307	3.10e-127	453
a1e7162c-83ff-4e41-be4d-db15999d7864	NR_118762.1	92.833	293	18	3	1	291	40	331	4.04e-121	433
a1e7162c-83ff-4e41-be4d-db15999d7864	NR_025423.1	91.864	295	19	4	1	291	19	312	2.45e-113	407
a1e7162c-83ff-4e41-be4d-db15999d7864	NR_118143.1	91.246	297	20	5	1	292	16	311	4.10e-111	399
8f0d2ed3-186a-4434-a90b-e299873b1fe5	NR_116168.1	97.009	234	7	0	1	234	247	14	1.45e-109	394
8f0d2ed3-186a-4434-a90b-e299873b1fe5	NR_118762.1	94.468	235	13	0	1	235	250	16	2.44e-102	370
8f0d2ed3-186a-4434-a90b-e299873b1fe5	NR_042878.1	95.133	226	11	0	1	226	226	1	3.16e-101	366
8f0d2ed3-186a-4434-a90b-e299873b1fe5	NR_025423.1	93.074	231	14	2	1	229	231	1	2.48e-92	337
8f0d2ed3-186a-4434-a90b-e299873b1fe5	NR_025073.1	91.949	236	17	2	1	235	249	15	1.15e-90	331
18f44a4c-7f2b-4f78-8eba-df46c93ad116	NR_044873.1	92.699	1082	50	27	5	1065	1079	6	0.0	1533
18f44a4c-7f2b-4f78-8eba-df46c93ad116	NR_074568.1	90.775	1084	66	31	5	1065	1089	17	0.0	1417
18f44a4c-7f2b-4f78-8eba-df46c93ad116	NR_044712.2	90.406	1084	70	31	5	1065	1098	26	0.0	1402
18f44a4c-7f2b-4f78-8eba-df46c93ad116	NR_109752.1	90.415	1085	69	33	5	1065	1100	27	0.0	1395
18f44a4c-7f2b-4f78-8eba-df46c93ad116	NR_025310.1	90.335	1076	68	34	5	1056	1069	6	0.0	1378
bd966df8-f13b-48f4-86dd-349c39f8611f	NR_179325.1	94.381	961	27	20	1	945	507	1456	0.0	1450
bd966df8-f13b-48f4-86dd-349c39f8611f	NR_115355.1	94.173	961	29	20	1	945	533	1482	0.0	1439
bd966df8-f13b-48f4-86dd-349c39f8611f	NR_163639.1	94.075	962	27	23	1	945	549	1497	0.0	1434
bd966df8-f13b-48f4-86dd-349c39f8611f	NR_119169.1	93.965	961	31	20	1	945	538	1487	0.0	1432
bd966df8-f13b-48f4-86dd-349c39f8611f	NR_115354.1	93.652	961	34	20	1	945	533	1482	0.0	1415
a8ce5f6b-b8d1-4e57-ae2d-8a4d6a92afd5	NR_042776.1	91.896	691	29	21	15	683	814	1499	0.0	941
a8ce5f6b-b8d1-4e57-ae2d-8a4d6a92afd5	NR_042777.1	91.896	691	29	21	15	683	813	1498	0.0	941
a8ce5f6b-b8d1-4e57-ae2d-8a4d6a92afd5	NR_042778.1	91.606	691	31	21	15	683	814	1499	0.0	929
a8ce5f6b-b8d1-4e57-ae2d-8a4d6a92afd5	NR_197695.1	91.317	691	33	21	15	683	813	1498	0.0	918
a8ce5f6b-b8d1-4e57-ae2d-8a4d6a92afd5	NR_117425.1	91.880	665	30	19	15	659	792	1452	0.0	907
f98b431a-d3a6-4e64-a504-786662c1c34a	NR_133752.1	97.068	307	5	2	1	303	743	437	1.42e-145	514
f98b431a-d3a6-4e64-a504-786662c1c34a	NR_133753.1	97.068	307	5	2	1	303	772	466	1.42e-145	514
f98b431a-d3a6-4e64-a504-786662c1c34a	NR_025904.1	97.068	307	5	2	1	303	817	511	1.42e-145	514
f98b431a-d3a6-4e64-a504-786662c1c34a	NR_026419.1	97.068	307	5	2	1	303	806	500	1.42e-145	514
f98b431a-d3a6-4e64-a504-786662c1c34a	NR_025903.1	97.068	307	5	2	1	303	818	512	1.42e-145	514
1b48cd45-d2b0-4f9a-acbc-c025cf59a4ac	NR_042928.1	95.110	818	22	16	16	820	813	1	0.0	1273
1b48cd45-d2b0-4f9a-acbc-c025cf59a4ac	NR_199547.1	95.346	795	20	15	16	797	793	3	0.0	1247
1b48cd45-d2b0-4f9a-acbc-c025cf59a4ac	NR_165747.1	94.377	818	28	16	16	820	813	1	0.0	1240
1b48cd45-d2b0-4f9a-acbc-c025cf59a4ac	NR_117719.1	94.068	826	31	16	16	828	833	13	0.0	1238
1b48cd45-d2b0-4f9a-acbc-c025cf59a4ac	NR_028664.1	93.947	826	32	16	16	828	836	16	0.0	1232
7e094358-39c7-48ef-aceb-c45d2e82a4e8	NR_134818.1	91.283	413	21	10	12	422	1089	1488	5.54e-156	549
7e094358-39c7-48ef-aceb-c45d2e82a4e8	NR_040821.1	91.041	413	22	10	12	422	1076	1475	2.58e-154	544
7e094358-39c7-48ef-aceb-c45d2e82a4e8	NR_025148.1	91.041	413	22	10	12	422	1096	1495	2.58e-154	544
7e094358-39c7-48ef-aceb-c45d2e82a4e8	NR_040820.1	91.041	413	22	10	12	422	1076	1475	2.58e-154	544
7e094358-39c7-48ef-aceb-c45d2e82a4e8	NR_126177.1	91.041	413	22	10	12	422	1078	1477	2.58e-154	544
822df597-3076-4b38-8e7a-6dd6e15fb0f0	NR_042776.1	93.101	1319	62	24	6	1305	1327	19	0.0	1905
822df597-3076-4b38-8e7a-6dd6e15fb0f0	NR_042777.1	92.873	1319	64	25	6	1305	1326	19	0.0	1888
822df597-3076-4b38-8e7a-6dd6e15fb0f0	NR_042778.1	92.873	1319	65	24	6	1305	1327	19	0.0	1888
822df597-3076-4b38-8e7a-6dd6e15fb0f0	NR_197695.1	92.576	1320	67	25	6	1305	1326	18	0.0	1866
822df597-3076-4b38-8e7a-6dd6e15fb0f0	NR_118234.1	92.489	1318	72	22	6	1305	1319	11	0.0	1860
25b71e28-1dc9-44d4-a5ee-54b7ed8d7499	NR_125570.1	95.470	596	10	12	1	586	807	1395	0.0	935
25b71e28-1dc9-44d4-a5ee-54b7ed8d7499	NR_125571.1	94.958	595	14	11	1	586	849	1436	0.0	918
25b71e28-1dc9-44d4-a5ee-54b7ed8d7499	NR_029097.1	95.298	553	11	10	1	544	825	1371	0.0	863
25b71e28-1dc9-44d4-a5ee-54b7ed8d7499	NR_042832.1	89.799	598	41	13	1	584	865	1456	0.0	750
25b71e28-1dc9-44d4-a5ee-54b7ed8d7499	NR_025127.1	91.497	541	31	9	1	532	881	1415	0.0	730
6104710e-81d0-462f-83ca-648810461d91	NR_042928.1	95.514	691	13	13	1	682	682	1	0.0	1088
6104710e-81d0-462f-83ca-648810461d91	NR_112026.1	95.401	674	13	13	1	665	665	1	0.0	1057
6104710e-81d0-462f-83ca-648810461d91	NR_165747.1	94.645	691	19	13	1	682	682	1	0.0	1055
6104710e-81d0-462f-83ca-648810461d91	NR_117719.1	94.278	699	22	13	1	690	702	13	0.0	1053
6104710e-81d0-462f-83ca-648810461d91	NR_199547.1	95.509	668	13	12	1	659	662	3	0.0	1051
6cb5fe1b-2dcb-425e-857b-65094202c32b	NR_042776.1	95.439	855	21	16	1	841	649	1499	0.0	1347
6cb5fe1b-2dcb-425e-857b-65094202c32b	NR_042777.1	95.439	855	21	16	1	841	648	1498	0.0	1347
6cb5fe1b-2dcb-425e-857b-65094202c32b	NR_042778.1	95.205	855	23	16	1	841	649	1499	0.0	1336
6cb5fe1b-2dcb-425e-857b-65094202c32b	NR_197695.1	94.971	855	25	16	1	841	648	1498	0.0	1325
6cb5fe1b-2dcb-425e-857b-65094202c32b	NR_118998.1	94.620	855	27	17	1	841	644	1493	0.0	1306
56280a21-2b82-40e8-ad26-903623f1cbec	NR_116168.1	97.149	456	8	4	1	451	469	14	0.0	765
56280a21-2b82-40e8-ad26-903623f1cbec	NR_042878.1	96.652	448	10	4	1	443	448	1	0.0	749
56280a21-2b82-40e8-ad26-903623f1cbec	NR_118762.1	94.978	458	18	4	1	453	472	15	0.0	736
56280a21-2b82-40e8-ad26-903623f1cbec	NR_025423.1	94.912	452	16	6	2	446	452	1	0.0	701
56280a21-2b82-40e8-ad26-903623f1cbec	NR_118143.1	93.096	449	24	6	2	443	449	1	0.0	651
a233c9f4-b1b2-43cc-ac23-fa0edb56ec5f	NR_042878.1	91.242	491	23	16	1	478	1269	786	0.0	651
a233c9f4-b1b2-43cc-ac23-fa0edb56ec5f	NR_116168.1	91.242	491	23	16	1	478	1290	807	0.0	651
a233c9f4-b1b2-43cc-ac23-fa0edb56ec5f	NR_118762.1	89.754	488	31	15	1	476	1292	812	1.77e-176	617
a233c9f4-b1b2-43cc-ac23-fa0edb56ec5f	NR_118143.1	89.409	491	32	16	1	478	1271	788	1.78e-171	601
a233c9f4-b1b2-43cc-ac23-fa0edb56ec5f	NR_025423.1	88.032	493	35	20	1	478	1274	791	8.41e-160	562
8c2df4a7-5885-43a7-81fe-f1f9496b95af	NR_042928.1	95.441	658	16	11	9	658	652	1	0.0	1037
8c2df4a7-5885-43a7-81fe-f1f9496b95af	NR_165747.1	94.833	658	20	11	9	658	652	1	0.0	1014
8c2df4a7-5885-43a7-81fe-f1f9496b95af	NR_199547.1	95.748	635	14	10	9	635	632	3	0.0	1011
8c2df4a7-5885-43a7-81fe-f1f9496b95af	NR_028664.1	94.294	666	24	11	9	666	675	16	0.0	1007
8c2df4a7-5885-43a7-81fe-f1f9496b95af	NR_117719.1	94.294	666	24	11	9	666	672	13	0.0	1007
a2fd665d-a8dc-4527-a93d-6142ab0dacf5	NR_042776.1	97.004	267	5	3	5	269	1078	813	5.62e-125	446
a2fd665d-a8dc-4527-a93d-6142ab0dacf5	NR_042777.1	97.004	267	5	3	5	269	1077	812	5.62e-125	446
a2fd665d-a8dc-4527-a93d-6142ab0dacf5	NR_042778.1	97.004	267	5	3	5	269	1078	813	5.62e-125	446
a2fd665d-a8dc-4527-a93d-6142ab0dacf5	NR_197695.1	96.255	267	7	3	5	269	1077	812	1.22e-121	435
a2fd665d-a8dc-4527-a93d-6142ab0dacf5	NR_041722.2	95.131	267	10	3	5	269	1088	823	1.23e-116	418
83442094-ca68-4472-a2e7-d6c7ede17298	NR_115241.1	91.657	827	58	11	1	819	128	951	0.0	1134
83442094-ca68-4472-a2e7-d6c7ede17298	NR_115735.1	91.657	827	58	11	1	819	119	942	0.0	1134
83442094-ca68-4472-a2e7-d6c7ede17298	NR_116211.1	91.657	827	58	11	1	819	51	874	0.0	1134
83442094-ca68-4472-a2e7-d6c7ede17298	NR_024842.1	91.415	827	60	11	1	819	143	966	0.0	1127
83442094-ca68-4472-a2e7-d6c7ede17298	NR_117425.1	91.415	827	60	11	1	819	131	954	0.0	1123
81c275cf-5b80-4b59-914a-e38b643822fd	NR_042776.1	91.304	713	32	22	13	710	716	19	0.0	946
81c275cf-5b80-4b59-914a-e38b643822fd	NR_042778.1	91.024	713	34	22	13	710	716	19	0.0	935
81c275cf-5b80-4b59-914a-e38b643822fd	NR_042777.1	90.884	713	34	22	13	710	715	19	0.0	928
81c275cf-5b80-4b59-914a-e38b643822fd	NR_197695.1	90.603	713	37	22	13	710	715	18	0.0	918
81c275cf-5b80-4b59-914a-e38b643822fd	NR_118998.1	90.323	713	39	23	13	710	711	14	0.0	909
fe60d496-71d5-4dec-8c75-2dd68616245b	NR_159079.1	94.245	278	11	4	1	277	1469	1196	2.85e-117	420
fe60d496-71d5-4dec-8c75-2dd68616245b	NR_025902.1	93.885	278	12	4	1	277	1451	1178	1.33e-115	414
fe60d496-71d5-4dec-8c75-2dd68616245b	NR_117717.1	93.885	278	12	4	1	277	1493	1220	1.33e-115	414
fe60d496-71d5-4dec-8c75-2dd68616245b	NR_121688.1	93.885	278	12	4	1	277	1493	1220	1.33e-115	414
fe60d496-71d5-4dec-8c75-2dd68616245b	NR_117692.1	93.885	278	12	4	1	277	1473	1200	1.33e-115	414
46c2a7c2-4f46-4cad-8306-2cb3d411b366	NR_179383.1	96.823	1196	25	11	1	1189	1209	20	0.0	1986
46c2a7c2-4f46-4cad-8306-2cb3d411b366	NR_199545.1	96.823	1196	25	11	1	1189	1202	13	0.0	1986
46c2a7c2-4f46-4cad-8306-2cb3d411b366	NR_028664.1	96.739	1196	26	11	1	1189	1205	16	0.0	1980
46c2a7c2-4f46-4cad-8306-2cb3d411b366	NR_165744.1	96.656	1196	27	11	1	1189	1191	2	0.0	1975
46c2a7c2-4f46-4cad-8306-2cb3d411b366	NR_179385.1	96.656	1196	27	11	1	1189	1206	17	0.0	1975
5dce47f5-16ba-4d0d-9a50-62df47736a69	NR_117694.1	93.868	848	28	20	1	838	634	1467	0.0	1256
5dce47f5-16ba-4d0d-9a50-62df47736a69	NR_117692.1	93.529	850	27	21	1	838	634	1467	0.0	1240
5dce47f5-16ba-4d0d-9a50-62df47736a69	NR_025892.1	93.468	842	31	20	1	832	659	1486	0.0	1234
5dce47f5-16ba-4d0d-9a50-62df47736a69	NR_121687.1	93.396	848	32	19	1	838	654	1487	0.0	1234
5dce47f5-16ba-4d0d-9a50-62df47736a69	NR_025902.1	93.294	850	29	21	1	838	612	1445	0.0	1229
0787fa17-d8e8-4657-ba6f-ad1147984dc3	NR_115735.1	93.818	1375	45	31	7	1357	106	1464	0.0	2032
0787fa17-d8e8-4657-ba6f-ad1147984dc3	NR_024842.1	93.677	1376	47	31	7	1358	130	1489	0.0	2026
0787fa17-d8e8-4657-ba6f-ad1147984dc3	NR_115241.1	93.586	1372	48	31	7	1354	115	1470	0.0	2015
0787fa17-d8e8-4657-ba6f-ad1147984dc3	NR_165737.1	93.518	1373	48	32	7	1354	115	1471	0.0	2004
0787fa17-d8e8-4657-ba6f-ad1147984dc3	NR_036936.1	93.227	1373	52	33	7	1354	115	1471	0.0	1982
3aa9212d-d2b4-402c-80e5-d130722dd016	NR_125571.1	97.596	208	4	1	1	207	1229	1436	6.13e-98	355
3aa9212d-d2b4-402c-80e5-d130722dd016	NR_125570.1	95.694	209	7	2	1	207	1187	1395	7.99e-92	335
3aa9212d-d2b4-402c-80e5-d130722dd016	NR_028827.1	94.231	208	7	3	1	203	1246	1453	3.74e-85	313
3aa9212d-d2b4-402c-80e5-d130722dd016	NR_042832.1	95.897	195	3	3	1	190	1246	1440	1.35e-84	311
3aa9212d-d2b4-402c-80e5-d130722dd016	NR_042008.1	93.023	215	9	4	1	209	1256	1470	4.84e-84	309
05e24f47-376b-4480-9501-31f3ca83b744	NR_159079.1	94.410	644	17	15	1	633	828	1463	0.0	972
05e24f47-376b-4480-9501-31f3ca83b744	NR_117694.1	94.410	644	17	15	1	633	832	1467	0.0	972
05e24f47-376b-4480-9501-31f3ca83b744	NR_117717.1	94.401	643	17	15	2	633	853	1487	0.0	970
05e24f47-376b-4480-9501-31f3ca83b744	NR_121688.1	94.401	643	17	15	2	633	853	1487	0.0	970
05e24f47-376b-4480-9501-31f3ca83b744	NR_117696.1	94.401	643	17	15	2	633	820	1454	0.0	970
e395e29b-b675-424d-8b85-d8419f93c631	NR_163639.1	94.643	672	22	10	1	668	836	1497	0.0	1029
e395e29b-b675-424d-8b85-d8419f93c631	NR_115355.1	94.354	673	23	10	1	668	820	1482	0.0	1018
e395e29b-b675-424d-8b85-d8419f93c631	NR_179325.1	94.354	673	23	10	1	668	794	1456	0.0	1018
e395e29b-b675-424d-8b85-d8419f93c631	NR_119169.1	94.056	673	25	10	1	668	825	1487	0.0	1011
e395e29b-b675-424d-8b85-d8419f93c631	NR_115354.1	94.056	673	25	10	1	668	820	1482	0.0	1009
7aef9f66-6105-49e5-8462-ddb7bb48f886	NR_178262.1	91.057	369	21	10	1	364	1008	1369	1.05e-137	488
7aef9f66-6105-49e5-8462-ddb7bb48f886	NR_179215.1	91.057	369	21	10	1	364	1130	1491	1.05e-137	488
7aef9f66-6105-49e5-8462-ddb7bb48f886	NR_024842.1	91.033	368	22	9	1	364	1129	1489	3.76e-137	486
7aef9f66-6105-49e5-8462-ddb7bb48f886	NR_115735.1	91.620	358	20	8	1	355	1105	1455	3.76e-137	486
7aef9f66-6105-49e5-8462-ddb7bb48f886	NR_028666.1	90.786	369	22	10	1	364	1138	1499	4.87e-136	483
c12c001d-e823-4b43-b2cb-c78f2be20cd7	NR_024842.1	91.686	433	24	11	1	423	443	13	9.15e-169	592
c12c001d-e823-4b43-b2cb-c78f2be20cd7	NR_115241.1	91.860	430	23	11	1	420	428	1	3.29e-168	590
c12c001d-e823-4b43-b2cb-c78f2be20cd7	NR_115735.1	91.686	421	23	11	1	411	419	1	3.31e-163	573
c12c001d-e823-4b43-b2cb-c78f2be20cd7	NR_165737.1	90.719	431	26	13	1	420	428	1	7.17e-160	562
c12c001d-e823-4b43-b2cb-c78f2be20cd7	NR_178515.1	90.719	431	26	13	1	420	428	1	7.17e-160	562
9db8eb3a-69fd-4994-945a-de9496bec7c3	NR_199545.1	97.271	1246	24	9	5	1245	1253	13	0.0	2104
9db8eb3a-69fd-4994-945a-de9496bec7c3	NR_179385.1	97.191	1246	25	9	5	1245	1257	17	0.0	2098
9db8eb3a-69fd-4994-945a-de9496bec7c3	NR_179383.1	97.030	1246	27	9	5	1245	1260	20	0.0	2087
9db8eb3a-69fd-4994-945a-de9496bec7c3	NR_028664.1	96.950	1246	28	9	5	1245	1256	16	0.0	2082
9db8eb3a-69fd-4994-945a-de9496bec7c3	NR_165744.1	96.875	1248	27	11	5	1246	1242	1	0.0	2078
b76337be-bdd8-43d3-895d-f440796f4e62	NR_042776.1	99.413	682	4	0	1	682	142	823	0.0	1238
b76337be-bdd8-43d3-895d-f440796f4e62	NR_042778.1	99.120	682	6	0	1	682	142	823	0.0	1227
b76337be-bdd8-43d3-895d-f440796f4e62	NR_042777.1	98.974	682	6	1	1	682	142	822	0.0	1219
b76337be-bdd8-43d3-895d-f440796f4e62	NR_197695.1	98.827	682	8	0	1	682	141	822	0.0	1216
b76337be-bdd8-43d3-895d-f440796f4e62	NR_118998.1	98.680	682	9	0	1	682	137	818	0.0	1210
66b7a49c-92a1-4145-8efd-a98e058ab86e	NR_116168.1	89.071	732	45	29	1	713	772	1487	0.0	876
66b7a49c-92a1-4145-8efd-a98e058ab86e	NR_118762.1	87.862	725	54	28	1	707	775	1483	0.0	837
66b7a49c-92a1-4145-8efd-a98e058ab86e	NR_024897.1	86.785	734	58	33	1	713	771	1486	0.0	782
66b7a49c-92a1-4145-8efd-a98e058ab86e	NR_042878.1	93.774	530	13	15	1	520	751	1270	0.0	780
66b7a49c-92a1-4145-8efd-a98e058ab86e	NR_025423.1	86.301	730	63	31	1	710	756	1468	0.0	760
9cc77737-90b1-4406-b37f-cb41b4417631	NR_042928.1	96.927	358	7	4	4	360	355	1	1.68e-170	597
9cc77737-90b1-4406-b37f-cb41b4417631	NR_109720.1	96.591	352	10	2	4	354	351	1	4.70e-166	582
9cc77737-90b1-4406-b37f-cb41b4417631	NR_199547.1	97.612	335	5	3	4	337	335	3	1.02e-162	571
9cc77737-90b1-4406-b37f-cb41b4417631	NR_036936.1	95.251	358	15	2	4	360	357	1	1.32e-161	568
9cc77737-90b1-4406-b37f-cb41b4417631	NR_112026.1	96.774	341	7	4	4	343	338	1	4.74e-161	566
7171ce23-8bb6-4175-88d7-a22d20e549bd	NR_115355.1	96.609	1504	23	21	5	1494	1490	1	0.0	2473
7171ce23-8bb6-4175-88d7-a22d20e549bd	NR_163639.1	96.384	1521	21	29	5	1510	1505	4	0.0	2473
7171ce23-8bb6-4175-88d7-a22d20e549bd	NR_074980.1	96.248	1519	29	23	5	1509	1517	13	0.0	2464
7171ce23-8bb6-4175-88d7-a22d20e549bd	NR_113031.1	96.248	1519	29	23	5	1509	1517	13	0.0	2464
7171ce23-8bb6-4175-88d7-a22d20e549bd	NR_119169.1	96.355	1509	27	21	5	1499	1495	1	0.0	2464
45e8df8f-d9cd-49c9-a683-f1719983d797	NR_025903.1	93.805	1372	44	28	1	1347	1361	6	0.0	2025
45e8df8f-d9cd-49c9-a683-f1719983d797	NR_133753.1	94.055	1312	43	23	1	1293	1315	20	0.0	1958
45e8df8f-d9cd-49c9-a683-f1719983d797	NR_133752.1	93.923	1300	44	23	1	1281	1286	3	0.0	1930
45e8df8f-d9cd-49c9-a683-f1719983d797	NR_025904.1	92.285	1374	61	33	1	1347	1360	5	0.0	1908
45e8df8f-d9cd-49c9-a683-f1719983d797	NR_026419.1	92.381	1365	63	29	1	1340	1349	1	0.0	1906
677df6d0-10d7-4a5a-98fc-25efb91d6bdf	NR_042878.1	96.723	763	15	10	1	756	464	1223	0.0	1264
677df6d0-10d7-4a5a-98fc-25efb91d6bdf	NR_116168.1	96.723	763	15	10	1	756	485	1244	0.0	1262
677df6d0-10d7-4a5a-98fc-25efb91d6bdf	NR_118143.1	96.068	763	20	10	1	756	466	1225	0.0	1234
677df6d0-10d7-4a5a-98fc-25efb91d6bdf	NR_118762.1	95.282	763	25	11	1	756	488	1246	0.0	1219
677df6d0-10d7-4a5a-98fc-25efb91d6bdf	NR_025423.1	94.233	763	34	10	1	756	469	1228	0.0	1157
857fb41b-2bdc-4d2b-9d67-424cddbf6334	NR_037101.1	89.912	228	11	6	1	220	1255	1478	3.08e-76	283
857fb41b-2bdc-4d2b-9d67-424cddbf6334	NR_040821.1	89.912	228	11	6	1	220	1255	1478	3.08e-76	283
857fb41b-2bdc-4d2b-9d67-424cddbf6334	NR_025148.1	89.912	228	11	6	1	220	1275	1498	3.08e-76	283
857fb41b-2bdc-4d2b-9d67-424cddbf6334	NR_040820.1	89.912	228	11	6	1	220	1255	1478	3.08e-76	283
857fb41b-2bdc-4d2b-9d67-424cddbf6334	NR_134818.1	89.912	228	11	6	1	220	1268	1491	3.08e-76	283
fca9210d-776e-4723-8f09-818a3c9a7ee2	NR_114413.1	96.067	839	25	8	5	841	850	18	0.0	1360
fca9210d-776e-4723-8f09-818a3c9a7ee2	NR_178515.1	96.057	837	25	8	1	835	831	1	0.0	1356
fca9210d-776e-4723-8f09-818a3c9a7ee2	NR_042927.1	96.038	833	25	8	5	835	827	1	0.0	1349
fca9210d-776e-4723-8f09-818a3c9a7ee2	NR_165737.1	95.818	837	27	8	1	835	831	1	0.0	1345
fca9210d-776e-4723-8f09-818a3c9a7ee2	NR_115734.1	95.798	833	27	8	5	835	828	2	0.0	1341
4f47dfcf-babe-4560-a8d5-99a8ff3d1548	NR_042928.1	87.712	1237	108	38	4	1218	1219	5	0.0	1402
4f47dfcf-babe-4560-a8d5-99a8ff3d1548	NR_028664.1	87.470	1253	110	40	4	1234	1242	15	0.0	1400
4f47dfcf-babe-4560-a8d5-99a8ff3d1548	NR_109720.1	87.712	1237	106	38	4	1216	1215	1	0.0	1400
4f47dfcf-babe-4560-a8d5-99a8ff3d1548	NR_115240.1	87.631	1237	109	38	4	1218	1219	5	0.0	1397
4f47dfcf-babe-4560-a8d5-99a8ff3d1548	NR_027214.1	87.551	1237	110	38	4	1218	1219	5	0.0	1391
1b2825f7-1f52-448d-a42e-f98ed30215ac	NR_117694.1	93.586	608	23	14	1	598	602	1	0.0	893
1b2825f7-1f52-448d-a42e-f98ed30215ac	NR_041989.1	95.213	564	16	9	1	557	560	1	0.0	881
1b2825f7-1f52-448d-a42e-f98ed30215ac	NR_117717.1	92.484	612	34	10	1	604	623	16	0.0	865
1b2825f7-1f52-448d-a42e-f98ed30215ac	NR_121688.1	92.320	612	35	10	1	604	622	15	0.0	859
1b2825f7-1f52-448d-a42e-f98ed30215ac	NR_117701.1	92.574	606	33	10	1	598	602	1	0.0	859
5bdecf92-3c59-42ca-bdf4-904420831068	NR_024842.1	97.510	482	7	4	1	481	1012	1489	0.0	819
5bdecf92-3c59-42ca-bdf4-904420831068	NR_115735.1	97.505	481	7	4	1	480	988	1464	0.0	817
5bdecf92-3c59-42ca-bdf4-904420831068	NR_152678.1	97.308	483	7	5	1	481	1017	1495	0.0	815
5bdecf92-3c59-42ca-bdf4-904420831068	NR_028664.1	97.095	482	10	3	1	481	1018	1496	0.0	809
5bdecf92-3c59-42ca-bdf4-904420831068	NR_199956.1	97.101	483	8	5	1	481	1017	1495	0.0	809
bb573501-cb57-48dc-aa2f-09aa0867f631	NR_042776.1	94.498	309	11	4	1	304	653	346	8.84e-133	472
bb573501-cb57-48dc-aa2f-09aa0867f631	NR_197695.1	94.498	309	11	4	1	304	652	345	8.84e-133	472
bb573501-cb57-48dc-aa2f-09aa0867f631	NR_042778.1	94.175	309	12	4	1	304	653	346	4.11e-131	466
bb573501-cb57-48dc-aa2f-09aa0867f631	NR_042777.1	94.175	309	11	5	1	304	652	346	1.48e-130	464
bb573501-cb57-48dc-aa2f-09aa0867f631	NR_118998.1	93.528	309	14	4	1	304	648	341	8.91e-128	455
3d254de7-7294-4a41-8b22-9cb3e92de70d	NR_074980.1	95.783	1067	27	15	1	1056	1070	11	0.0	1705
3d254de7-7294-4a41-8b22-9cb3e92de70d	NR_113031.1	95.783	1067	27	15	1	1056	1070	11	0.0	1705
3d254de7-7294-4a41-8b22-9cb3e92de70d	NR_119168.1	96.106	1053	23	15	1	1042	1048	3	0.0	1703
3d254de7-7294-4a41-8b22-9cb3e92de70d	NR_117759.1	95.916	1053	25	15	1	1042	1046	1	0.0	1694
3d254de7-7294-4a41-8b22-9cb3e92de70d	NR_113570.1	95.837	1057	25	16	1	1045	1050	1	0.0	1690
77b832b9-d12a-4204-8fc3-f39b81112e97	NR_119169.1	96.960	987	13	13	4	978	982	1	0.0	1644
77b832b9-d12a-4204-8fc3-f39b81112e97	NR_074980.1	96.593	998	17	13	4	989	1004	12	0.0	1639
77b832b9-d12a-4204-8fc3-f39b81112e97	NR_113031.1	96.593	998	17	13	4	989	1004	12	0.0	1639
77b832b9-d12a-4204-8fc3-f39b81112e97	NR_163639.1	96.690	997	12	16	4	988	992	5	0.0	1639
77b832b9-d12a-4204-8fc3-f39b81112e97	NR_115355.1	96.945	982	13	13	4	973	977	1	0.0	1635
e64644f9-bb15-420a-9db4-28a42bee6152	NR_115355.1	91.997	1187	50	32	2	1166	319	1482	0.0	1624
e64644f9-bb15-420a-9db4-28a42bee6152	NR_119169.1	91.912	1187	51	32	2	1166	324	1487	0.0	1624
e64644f9-bb15-420a-9db4-28a42bee6152	NR_179325.1	91.997	1187	50	32	2	1166	293	1456	0.0	1624
e64644f9-bb15-420a-9db4-28a42bee6152	NR_163639.1	91.828	1187	48	34	2	1166	338	1497	0.0	1609
e64644f9-bb15-420a-9db4-28a42bee6152	NR_113570.1	91.330	1188	57	33	2	1166	326	1490	0.0	1581
98bf088c-eded-4335-bfca-fab7958237de	NR_179540.1	94.830	793	19	20	1	776	705	1492	0.0	1218
98bf088c-eded-4335-bfca-fab7958237de	NR_028664.1	94.704	793	21	19	1	776	708	1496	0.0	1212
98bf088c-eded-4335-bfca-fab7958237de	NR_117719.1	94.704	793	21	19	1	776	705	1493	0.0	1212
98bf088c-eded-4335-bfca-fab7958237de	NR_179383.1	94.704	793	21	19	1	776	712	1500	0.0	1212
98bf088c-eded-4335-bfca-fab7958237de	NR_042927.1	94.804	789	20	19	1	772	687	1471	0.0	1210
a0e9617d-1801-4f9a-aa08-2dda0a59d7e8	NR_024842.1	97.083	240	4	3	1	237	249	10	8.96e-112	401
a0e9617d-1801-4f9a-aa08-2dda0a59d7e8	NR_115241.1	97.009	234	4	3	1	231	234	1	1.94e-108	390
a0e9617d-1801-4f9a-aa08-2dda0a59d7e8	NR_115735.1	96.444	225	4	4	1	221	225	1	9.08e-102	368
a0e9617d-1801-4f9a-aa08-2dda0a59d7e8	NR_114413.1	92.917	240	14	3	1	237	257	18	4.26e-95	346
a0e9617d-1801-4f9a-aa08-2dda0a59d7e8	NR_117425.1	93.249	237	13	3	1	234	237	1	4.26e-95	346
11e9b365-1bdc-4efa-b8c2-d1d844daf663	NR_042776.1	94.228	693	22	15	1	680	705	18	0.0	1042
11e9b365-1bdc-4efa-b8c2-d1d844daf663	NR_042778.1	93.939	693	24	16	1	680	705	18	0.0	1031
11e9b365-1bdc-4efa-b8c2-d1d844daf663	NR_042777.1	93.795	693	24	15	1	680	704	18	0.0	1024
11e9b365-1bdc-4efa-b8c2-d1d844daf663	NR_197695.1	93.506	693	27	15	1	680	704	17	0.0	1014
11e9b365-1bdc-4efa-b8c2-d1d844daf663	NR_118998.1	93.362	693	28	15	1	680	700	13	0.0	1011
8322fd85-0bbf-4a02-a2ec-b9440e18230a	NR_178515.1	93.896	1409	58	23	2	1392	1	1399	0.0	2100
8322fd85-0bbf-4a02-a2ec-b9440e18230a	NR_165737.1	93.683	1409	61	23	2	1392	1	1399	0.0	2084
8322fd85-0bbf-4a02-a2ec-b9440e18230a	NR_024841.1	92.695	1410	75	23	1	1392	14	1413	0.0	2008
8322fd85-0bbf-4a02-a2ec-b9440e18230a	NR_156072.1	92.700	1411	73	25	1	1392	20	1419	0.0	2008
8322fd85-0bbf-4a02-a2ec-b9440e18230a	NR_113260.1	92.690	1409	75	23	2	1392	1	1399	0.0	2006
b155235e-ba4f-4176-82d6-c17caae0c720	NR_042928.1	92.954	1249	50	34	1	1232	1228	1	0.0	1784
b155235e-ba4f-4176-82d6-c17caae0c720	NR_028664.1	92.572	1252	55	34	1	1235	1251	21	0.0	1762
b155235e-ba4f-4176-82d6-c17caae0c720	NR_117719.1	92.572	1252	55	35	1	1235	1248	18	0.0	1762
b155235e-ba4f-4176-82d6-c17caae0c720	NR_199547.1	93.067	1226	48	33	1	1209	1208	3	0.0	1759
b155235e-ba4f-4176-82d6-c17caae0c720	NR_115240.1	92.554	1249	55	34	1	1232	1228	1	0.0	1757
3e79050f-3b2a-4377-b88f-aea3977cda64	NR_028682.1	93.125	1120	39	33	5	1098	390	1497	0.0	1607
3e79050f-3b2a-4377-b88f-aea3977cda64	NR_116890.1	92.489	1105	48	28	5	1086	378	1470	0.0	1548
3e79050f-3b2a-4377-b88f-aea3977cda64	NR_113798.1	92.143	1120	51	31	5	1099	374	1481	0.0	1546
3e79050f-3b2a-4377-b88f-aea3977cda64	NR_025211.1	92.046	1119	52	31	5	1098	380	1486	0.0	1539
3e79050f-3b2a-4377-b88f-aea3977cda64	NR_025435.1	91.979	1122	50	32	5	1100	387	1494	0.0	1537
250ed68d-acce-435d-b104-6e3be8bd6623	NR_179383.1	96.582	1141	16	17	1	1126	372	1504	0.0	1869
250ed68d-acce-435d-b104-6e3be8bd6623	NR_199545.1	96.579	1140	17	17	1	1126	365	1496	0.0	1869
250ed68d-acce-435d-b104-6e3be8bd6623	NR_175455.1	96.497	1142	16	18	1	1126	353	1486	0.0	1866
250ed68d-acce-435d-b104-6e3be8bd6623	NR_028664.1	96.494	1141	17	17	1	1126	368	1500	0.0	1864
250ed68d-acce-435d-b104-6e3be8bd6623	NR_117719.1	96.494	1141	17	17	1	1126	365	1497	0.0	1864
3f7ba2a5-f0ed-461d-a532-a90a4895f509	NR_115241.1	95.745	752	23	8	1	745	63	812	0.0	1203
3f7ba2a5-f0ed-461d-a532-a90a4895f509	NR_115735.1	95.618	753	23	9	1	745	53	803	0.0	1199
3f7ba2a5-f0ed-461d-a532-a90a4895f509	NR_024842.1	95.479	752	25	8	1	745	78	827	0.0	1195
3f7ba2a5-f0ed-461d-a532-a90a4895f509	NR_116211.1	96.065	737	20	8	16	745	1	735	0.0	1192
3f7ba2a5-f0ed-461d-a532-a90a4895f509	NR_117425.1	95.582	747	24	8	6	745	71	815	0.0	1188
1e59751c-dbe3-49ad-95c1-b0f032d4b210	NR_028664.1	93.392	227	5	8	1	219	1272	1496	1.41e-89	327
1e59751c-dbe3-49ad-95c1-b0f032d4b210	NR_028666.1	93.392	227	5	8	1	219	1275	1499	1.41e-89	327
1e59751c-dbe3-49ad-95c1-b0f032d4b210	NR_028833.1	93.392	227	5	8	1	219	1278	1502	1.41e-89	327
1e59751c-dbe3-49ad-95c1-b0f032d4b210	NR_029052.1	93.392	227	5	8	1	219	1239	1463	1.41e-89	327
1e59751c-dbe3-49ad-95c1-b0f032d4b210	NR_036918.1	93.392	227	5	8	1	219	1268	1492	1.41e-89	327
6c3c70ef-9728-4dd1-a459-fb33e950cf61	NR_041419.1	88.296	769	67	18	1	756	652	1410	0.0	900
6c3c70ef-9728-4dd1-a459-fb33e950cf61	NR_044033.1	88.251	766	71	15	1	756	671	1427	0.0	898
6c3c70ef-9728-4dd1-a459-fb33e950cf61	NR_115196.1	87.189	804	78	20	1	789	622	1415	0.0	891
6c3c70ef-9728-4dd1-a459-fb33e950cf61	NR_041420.1	88.021	768	71	17	1	756	652	1410	0.0	889
6c3c70ef-9728-4dd1-a459-fb33e950cf61	NR_044011.1	88.036	769	69	18	1	756	624	1382	0.0	889
29dbd7a3-a938-4920-92d0-5149b9de6faf	NR_042928.1	90.276	761	31	34	6	738	823	78	0.0	955
29dbd7a3-a938-4920-92d0-5149b9de6faf	NR_199547.1	90.276	761	31	34	6	738	803	58	0.0	955
29dbd7a3-a938-4920-92d0-5149b9de6faf	NR_116206.1	90.145	761	32	34	6	738	748	3	0.0	952
29dbd7a3-a938-4920-92d0-5149b9de6faf	NR_112026.1	90.013	761	32	35	6	738	805	61	0.0	946
29dbd7a3-a938-4920-92d0-5149b9de6faf	NR_165747.1	89.750	761	35	35	6	738	823	78	0.0	933
93ce6a69-e7b3-4d8c-8655-bfd4c394aab9	NR_115355.1	95.598	1204	28	15	1	1189	171	1364	0.0	1908
93ce6a69-e7b3-4d8c-8655-bfd4c394aab9	NR_179325.1	95.598	1204	28	15	1	1189	145	1338	0.0	1906
93ce6a69-e7b3-4d8c-8655-bfd4c394aab9	NR_041879.1	95.519	1205	28	15	1	1189	128	1322	0.0	1903
93ce6a69-e7b3-4d8c-8655-bfd4c394aab9	NR_119169.1	95.432	1204	30	15	1	1189	176	1369	0.0	1901
93ce6a69-e7b3-4d8c-8655-bfd4c394aab9	NR_163639.1	95.432	1204	26	20	1	1189	190	1379	0.0	1892
5fcc73a6-e776-42a2-96db-af973e2aeb20	NR_025862.1	95.494	688	16	15	1	680	692	12	0.0	1092
5fcc73a6-e776-42a2-96db-af973e2aeb20	NR_028682.1	93.459	688	29	16	1	679	693	13	0.0	1007
5fcc73a6-e776-42a2-96db-af973e2aeb20	NR_026454.1	91.246	674	41	18	1	661	669	1	0.0	902
5fcc73a6-e776-42a2-96db-af973e2aeb20	NR_180652.1	89.665	687	50	18	1	671	682	1	0.0	856
5fcc73a6-e776-42a2-96db-af973e2aeb20	NR_025863.1	88.040	694	61	22	1	680	697	12	0.0	806
d5c65e15-4121-4687-91da-59660ddbc71b	NR_119169.1	94.737	1064	35	17	1	1052	1056	2	0.0	1639
d5c65e15-4121-4687-91da-59660ddbc71b	NR_115355.1	94.811	1060	34	17	1	1048	1051	1	0.0	1637
d5c65e15-4121-4687-91da-59660ddbc71b	NR_163639.1	94.069	1079	34	26	1	1065	1066	4	0.0	1611
d5c65e15-4121-4687-91da-59660ddbc71b	NR_074980.1	95.825	1006	24	15	69	1064	1010	13	0.0	1609
d5c65e15-4121-4687-91da-59660ddbc71b	NR_113031.1	95.825	1006	24	15	69	1064	1010	13	0.0	1609
d478b424-1101-4368-862f-c5ec2cf8ab71	NR_024842.1	94.952	832	29	10	1	824	834	8	0.0	1295
d478b424-1101-4368-862f-c5ec2cf8ab71	NR_115241.1	95.267	824	26	10	1	816	819	1	0.0	1293
d478b424-1101-4368-862f-c5ec2cf8ab71	NR_115735.1	95.092	815	26	11	1	806	810	1	0.0	1271
d478b424-1101-4368-862f-c5ec2cf8ab71	NR_165737.1	94.788	825	28	12	1	816	819	1	0.0	1271
d478b424-1101-4368-862f-c5ec2cf8ab71	NR_178515.1	94.788	825	28	12	1	816	819	1	0.0	1271
ac85cd40-8718-4d63-b831-45692d98f779	NR_026419.1	96.901	355	5	3	1	349	355	1	2.71e-168	590
ac85cd40-8718-4d63-b831-45692d98f779	NR_025904.1	93.664	363	15	5	1	356	366	5	3.59e-152	536
ac85cd40-8718-4d63-b831-45692d98f779	NR_025903.1	93.664	363	15	5	1	356	367	6	3.59e-152	536
ac85cd40-8718-4d63-b831-45692d98f779	NR_036920.1	91.136	361	25	6	1	356	360	2	4.74e-136	483
ac85cd40-8718-4d63-b831-45692d98f779	NR_133753.1	93.789	322	13	5	1	316	321	1	2.20e-134	477
10da54c7-8622-4bb0-8fdf-7eded6be0a2d	NR_115355.1	98.413	315	3	1	1	315	1170	1482	3.14e-157	553
10da54c7-8622-4bb0-8fdf-7eded6be0a2d	NR_163639.1	98.413	315	3	1	1	315	1185	1497	3.14e-157	553
10da54c7-8622-4bb0-8fdf-7eded6be0a2d	NR_179325.1	98.413	315	3	1	1	315	1144	1456	3.14e-157	553
10da54c7-8622-4bb0-8fdf-7eded6be0a2d	NR_119169.1	98.095	315	4	1	1	315	1175	1487	1.46e-155	547
10da54c7-8622-4bb0-8fdf-7eded6be0a2d	NR_115354.1	97.778	315	5	1	1	315	1170	1482	6.81e-154	542
c2a8676f-0c64-42c1-b485-2b70029b5045	NR_179540.1	98.933	750	2	6	3	748	749	1496	0.0	1336
c2a8676f-0c64-42c1-b485-2b70029b5045	NR_117719.1	98.535	751	4	7	3	748	749	1497	0.0	1319
c2a8676f-0c64-42c1-b485-2b70029b5045	NR_028664.1	98.402	751	5	7	3	748	752	1500	0.0	1314
c2a8676f-0c64-42c1-b485-2b70029b5045	NR_179383.1	98.402	751	5	7	3	748	756	1504	0.0	1314
c2a8676f-0c64-42c1-b485-2b70029b5045	NR_042928.1	98.652	742	4	6	3	740	729	1468	0.0	1310
63e265a1-90bb-47ce-89b5-5f9525b5d930	NR_117694.1	95.005	981	24	21	1	965	972	1	0.0	1517
63e265a1-90bb-47ce-89b5-5f9525b5d930	NR_041989.1	96.051	937	16	17	1	923	930	1	0.0	1506
63e265a1-90bb-47ce-89b5-5f9525b5d930	NR_117717.1	93.915	986	40	17	1	973	992	14	0.0	1471
63e265a1-90bb-47ce-89b5-5f9525b5d930	NR_121687.1	93.927	988	37	20	1	973	992	13	0.0	1471
63e265a1-90bb-47ce-89b5-5f9525b5d930	NR_121688.1	93.915	986	41	16	1	973	992	13	0.0	1471
bd2ae3f4-f905-47b7-8fdb-252a3bad21a8	NR_043589.1	87.500	624	28	37	13	597	853	1465	0.0	676
bd2ae3f4-f905-47b7-8fdb-252a3bad21a8	NR_180817.1	87.102	628	31	36	13	601	850	1466	0.0	665
bd2ae3f4-f905-47b7-8fdb-252a3bad21a8	NR_042847.1	86.943	628	32	36	13	601	828	1444	0.0	660
bd2ae3f4-f905-47b7-8fdb-252a3bad21a8	NR_118652.1	86.473	621	35	35	13	595	853	1462	0.0	641
bd2ae3f4-f905-47b7-8fdb-252a3bad21a8	NR_117641.1	85.835	593	34	38	13	566	855	1436	2.19e-166	584
49839f63-a328-4e1f-ab83-a40a870c68c3	NR_136788.1	95.890	438	7	10	1	433	444	13	0.0	699
49839f63-a328-4e1f-ab83-a40a870c68c3	NR_113082.1	94.688	433	12	10	6	433	439	13	0.0	662
49839f63-a328-4e1f-ab83-a40a870c68c3	NR_026230.1	92.199	423	22	10	6	423	417	1	3.32e-173	606
49839f63-a328-4e1f-ab83-a40a870c68c3	NR_074234.1	89.796	441	28	15	1	433	451	20	5.67e-156	549
49839f63-a328-4e1f-ab83-a40a870c68c3	NR_113086.1	89.796	441	28	15	1	433	444	13	5.67e-156	549
eb0f2f37-6101-4cb9-a869-1d2e62e834d2	NR_025862.1	92.885	773	30	22	5	761	810	47	0.0	1107
eb0f2f37-6101-4cb9-a869-1d2e62e834d2	NR_028682.1	91.860	774	37	22	5	761	811	47	0.0	1057
eb0f2f37-6101-4cb9-a869-1d2e62e834d2	NR_026454.1	90.834	731	41	24	5	717	787	65	0.0	955
eb0f2f37-6101-4cb9-a869-1d2e62e834d2	NR_041706.1	89.330	731	47	27	5	716	799	81	0.0	889
eb0f2f37-6101-4cb9-a869-1d2e62e834d2	NR_113928.1	89.330	731	47	27	5	716	798	80	0.0	889
16c213fc-b702-4b19-9ca7-e3963add4e6c	NR_041989.1	92.235	425	18	11	1	415	105	524	1.16e-167	588
16c213fc-b702-4b19-9ca7-e3963add4e6c	NR_117717.1	90.588	425	25	11	1	415	168	587	5.47e-156	549
16c213fc-b702-4b19-9ca7-e3963add4e6c	NR_121688.1	90.588	425	25	11	1	415	167	586	5.47e-156	549
16c213fc-b702-4b19-9ca7-e3963add4e6c	NR_117696.1	90.588	425	25	11	1	415	134	553	5.47e-156	549
16c213fc-b702-4b19-9ca7-e3963add4e6c	NR_117701.1	90.588	425	25	11	1	415	147	566	5.47e-156	549
ae824496-68c7-4703-9028-f7cce21f5b1a	NR_028664.1	95.636	1329	30	23	1	1311	182	1500	0.0	2108
ae824496-68c7-4703-9028-f7cce21f5b1a	NR_199545.1	95.633	1328	31	21	1	1311	179	1496	0.0	2106
ae824496-68c7-4703-9028-f7cce21f5b1a	NR_179383.1	95.564	1330	29	25	1	1311	186	1504	0.0	2102
ae824496-68c7-4703-9028-f7cce21f5b1a	NR_179385.1	95.557	1328	32	21	1	1311	183	1500	0.0	2100
ae824496-68c7-4703-9028-f7cce21f5b1a	NR_115240.1	95.685	1321	29	23	1	1303	159	1469	0.0	2098
7c58fec2-6231-4fa8-9f99-790e0784d7ae	NR_042928.1	92.308	819	28	29	2	792	812	1	0.0	1131
7c58fec2-6231-4fa8-9f99-790e0784d7ae	NR_199547.1	92.821	794	23	28	2	767	792	5	0.0	1120
7c58fec2-6231-4fa8-9f99-790e0784d7ae	NR_109720.1	91.749	812	34	27	3	786	807	1	0.0	1098
7c58fec2-6231-4fa8-9f99-790e0784d7ae	NR_165747.1	91.575	819	34	29	2	792	812	1	0.0	1098
7c58fec2-6231-4fa8-9f99-790e0784d7ae	NR_112026.1	92.191	794	26	30	2	767	794	9	0.0	1092
feb82e81-f5e5-411c-bbe2-09b68a8fa5ea	NR_042843.1	93.274	1115	38	30	1	1091	239	1340	0.0	1609
feb82e81-f5e5-411c-bbe2-09b68a8fa5ea	NR_102895.1	93.274	1115	38	30	1	1091	267	1368	0.0	1609
feb82e81-f5e5-411c-bbe2-09b68a8fa5ea	NR_113113.1	93.274	1115	38	30	1	1091	247	1348	0.0	1609
feb82e81-f5e5-411c-bbe2-09b68a8fa5ea	NR_109628.1	92.018	1115	52	30	1	1091	240	1341	0.0	1531
feb82e81-f5e5-411c-bbe2-09b68a8fa5ea	NR_175509.1	91.928	1115	53	30	1	1091	259	1360	0.0	1526
f9a6508f-f995-4f61-baf3-bc1c6832d466	NR_119169.1	96.736	766	15	9	1	761	763	3	0.0	1271
f9a6508f-f995-4f61-baf3-bc1c6832d466	NR_115355.1	96.723	763	15	9	1	758	758	1	0.0	1266
f9a6508f-f995-4f61-baf3-bc1c6832d466	NR_163639.1	96.373	772	14	13	1	766	775	12	0.0	1258
f9a6508f-f995-4f61-baf3-bc1c6832d466	NR_119168.1	96.345	766	18	9	1	761	763	3	0.0	1251
f9a6508f-f995-4f61-baf3-bc1c6832d466	NR_074980.1	96.109	771	20	9	1	766	785	20	0.0	1249
837d6de2-fa0b-4342-872c-58050f126f3a	NR_197695.1	90.016	1242	49	45	11	1200	1235	17	0.0	1537
837d6de2-fa0b-4342-872c-58050f126f3a	NR_024659.1	87.418	1216	77	48	11	1174	1192	1	0.0	1328
837d6de2-fa0b-4342-872c-58050f126f3a	NR_118234.1	86.908	1245	84	50	11	1201	1228	9	0.0	1323
837d6de2-fa0b-4342-872c-58050f126f3a	NR_109371.1	86.651	1251	82	51	11	1200	1239	13	0.0	1306
837d6de2-fa0b-4342-872c-58050f126f3a	NR_116212.1	87.716	1156	70	44	11	1116	1134	1	0.0	1282
adf35c2a-caa9-4d20-b1da-6effc612a81e	NR_179540.1	95.050	505	11	12	1	497	997	1495	0.0	782
adf35c2a-caa9-4d20-b1da-6effc612a81e	NR_025148.1	94.851	505	13	10	1	497	999	1498	0.0	776
adf35c2a-caa9-4d20-b1da-6effc612a81e	NR_028664.1	94.851	505	13	10	1	497	1000	1499	0.0	776
adf35c2a-caa9-4d20-b1da-6effc612a81e	NR_117719.1	94.851	505	13	10	1	497	997	1496	0.0	776
adf35c2a-caa9-4d20-b1da-6effc612a81e	NR_179383.1	94.851	505	13	10	1	497	1004	1503	0.0	776
f56bbe39-474f-4184-9e55-cbfb6715bb1f	NR_024842.1	96.562	320	9	2	1	320	324	7	1.48e-150	531
f56bbe39-474f-4184-9e55-cbfb6715bb1f	NR_115241.1	96.785	311	8	2	1	311	309	1	1.15e-146	518
f56bbe39-474f-4184-9e55-cbfb6715bb1f	NR_115735.1	96.358	302	8	3	1	301	300	1	1.94e-139	494
f56bbe39-474f-4184-9e55-cbfb6715bb1f	NR_114413.1	93.125	320	20	2	1	320	332	15	1.18e-131	468
f56bbe39-474f-4184-9e55-cbfb6715bb1f	NR_165737.1	93.910	312	15	4	1	311	309	1	1.18e-131	468
32d220cc-fe4b-4936-9444-1cd9397b66c4	NR_042776.1	95.731	773	12	13	1	765	274	1033	0.0	1225
32d220cc-fe4b-4936-9444-1cd9397b66c4	NR_042777.1	95.602	773	12	14	1	765	274	1032	0.0	1219
32d220cc-fe4b-4936-9444-1cd9397b66c4	NR_197695.1	95.472	773	14	13	1	765	273	1032	0.0	1214
32d220cc-fe4b-4936-9444-1cd9397b66c4	NR_126177.1	94.163	771	24	17	1	763	251	1008	0.0	1155
32d220cc-fe4b-4936-9444-1cd9397b66c4	NR_126178.1	94.034	771	25	17	1	763	249	1006	0.0	1149
780fe326-41a3-44d9-b889-74dc7607ef84	NR_025862.1	97.934	1210	12	8	3	1202	1218	12	0.0	2093
780fe326-41a3-44d9-b889-74dc7607ef84	NR_028682.1	96.370	1212	26	15	3	1201	1219	13	0.0	1978
780fe326-41a3-44d9-b889-74dc7607ef84	NR_026454.1	94.825	1198	43	15	3	1184	1195	1	0.0	1851
780fe326-41a3-44d9-b889-74dc7607ef84	NR_042406.1	93.240	1213	55	17	4	1194	1208	1	0.0	1760
780fe326-41a3-44d9-b889-74dc7607ef84	NR_119263.1	92.723	1223	57	22	3	1200	1216	1	0.0	1736
e181978e-3c08-4a8b-8c5a-dcc66e637d66	NR_116168.1	97.773	449	4	5	6	451	460	15	0.0	769
e181978e-3c08-4a8b-8c5a-dcc66e637d66	NR_042878.1	97.285	442	6	5	6	444	439	1	0.0	754
e181978e-3c08-4a8b-8c5a-dcc66e637d66	NR_118762.1	94.655	449	18	5	6	451	463	18	0.0	713
e181978e-3c08-4a8b-8c5a-dcc66e637d66	NR_025423.1	95.078	447	14	7	6	447	444	1	0.0	697
e181978e-3c08-4a8b-8c5a-dcc66e637d66	NR_118143.1	93.919	444	19	7	6	444	441	1	0.0	664
146c0ed1-0bdc-4cc1-b19d-ee3049e3e3cd	NR_028665.1	96.319	489	10	8	1	483	1003	1489	0.0	797
146c0ed1-0bdc-4cc1-b19d-ee3049e3e3cd	NR_179385.1	96.319	489	10	8	1	483	1010	1496	0.0	797
146c0ed1-0bdc-4cc1-b19d-ee3049e3e3cd	NR_199545.1	96.319	489	10	8	1	483	1006	1492	0.0	797
146c0ed1-0bdc-4cc1-b19d-ee3049e3e3cd	NR_114172.1	96.304	487	10	8	2	482	987	1471	0.0	793
146c0ed1-0bdc-4cc1-b19d-ee3049e3e3cd	NR_115239.1	96.289	485	10	8	1	479	986	1468	0.0	789
e3a80d77-f9f7-4b1b-b22e-b4f28ebe92d6	NR_042776.1	92.199	1346	57	38	1	1321	182	1504	0.0	1860
e3a80d77-f9f7-4b1b-b22e-b4f28ebe92d6	NR_042777.1	92.170	1341	56	39	6	1321	187	1503	0.0	1849
e3a80d77-f9f7-4b1b-b22e-b4f28ebe92d6	NR_042778.1	91.902	1346	61	38	1	1321	182	1504	0.0	1838
e3a80d77-f9f7-4b1b-b22e-b4f28ebe92d6	NR_197695.1	91.797	1341	62	38	6	1321	186	1503	0.0	1823
e3a80d77-f9f7-4b1b-b22e-b4f28ebe92d6	NR_118998.1	91.456	1346	66	39	1	1321	177	1498	0.0	1803
26a0ffd3-4a44-4e9d-a61d-b1bd5a3554d9	NR_026419.1	95.618	639	14	9	1	631	1390	758	0.0	1013
26a0ffd3-4a44-4e9d-a61d-b1bd5a3554d9	NR_133752.1	94.523	639	21	9	1	631	1327	695	0.0	974
26a0ffd3-4a44-4e9d-a61d-b1bd5a3554d9	NR_133753.1	94.523	639	21	9	1	631	1356	724	0.0	974
26a0ffd3-4a44-4e9d-a61d-b1bd5a3554d9	NR_025903.1	94.523	639	21	9	1	631	1402	770	0.0	974
26a0ffd3-4a44-4e9d-a61d-b1bd5a3554d9	NR_025904.1	94.366	639	22	9	1	631	1401	769	0.0	968
cacd0a5b-1ec2-49a1-831b-13485958d777	NR_025689.1	98.230	113	1	1	136	247	1495	1383	5.42e-50	196
cacd0a5b-1ec2-49a1-831b-13485958d777	NR_041706.1	90.667	150	9	4	136	282	1495	1348	1.95e-49	195
cacd0a5b-1ec2-49a1-831b-13485958d777	NR_042052.1	90.667	150	9	4	136	282	1408	1261	1.95e-49	195
cacd0a5b-1ec2-49a1-831b-13485958d777	NR_025625.1	90.667	150	9	4	136	282	1494	1347	1.95e-49	195
cacd0a5b-1ec2-49a1-831b-13485958d777	NR_028705.1	90.667	150	9	4	136	282	1498	1351	1.95e-49	195
e6a2f7ac-4e3e-453a-a99b-8a9480331e70	NR_179535.1	91.629	884	38	31	1	855	610	1486	0.0	1190
e6a2f7ac-4e3e-453a-a99b-8a9480331e70	NR_114395.1	90.889	889	40	35	1	855	607	1488	0.0	1155
e6a2f7ac-4e3e-453a-a99b-8a9480331e70	NR_179528.1	90.816	882	41	34	1	849	592	1466	0.0	1144
e6a2f7ac-4e3e-453a-a99b-8a9480331e70	NR_041983.1	91.093	842	39	31	1	813	575	1409	0.0	1109
e6a2f7ac-4e3e-453a-a99b-8a9480331e70	NR_144691.1	89.640	888	51	32	1	855	622	1501	0.0	1092
1085fbf3-90d9-4b7f-be9c-1c21612d6ca6	NR_119169.1	92.151	1032	47	28	17	1027	1019	1	0.0	1430
1085fbf3-90d9-4b7f-be9c-1c21612d6ca6	NR_115355.1	92.203	1026	48	26	17	1022	1014	1	0.0	1426
1085fbf3-90d9-4b7f-be9c-1c21612d6ca6	NR_074980.1	91.835	1041	53	26	17	1037	1041	13	0.0	1423
1085fbf3-90d9-4b7f-be9c-1c21612d6ca6	NR_113031.1	91.835	1041	53	26	17	1037	1041	13	0.0	1423
1085fbf3-90d9-4b7f-be9c-1c21612d6ca6	NR_163639.1	91.850	1043	47	32	17	1038	1029	4	0.0	1421
a63948eb-3e0a-4335-9b18-811651b29182	NR_042776.1	97.979	1336	15	5	1	1332	172	1499	0.0	2307
a63948eb-3e0a-4335-9b18-811651b29182	NR_042777.1	97.904	1336	15	6	1	1332	172	1498	0.0	2300
a63948eb-3e0a-4335-9b18-811651b29182	NR_197695.1	97.754	1336	18	5	1	1332	171	1498	0.0	2290
a63948eb-3e0a-4335-9b18-811651b29182	NR_042778.1	97.680	1336	19	5	1	1332	172	1499	0.0	2285
a63948eb-3e0a-4335-9b18-811651b29182	NR_118998.1	97.081	1336	26	6	1	1332	167	1493	0.0	2239
d8378e77-8489-446c-b426-dac736c81ab1	NR_042776.1	96.937	457	6	6	1	451	1043	1497	0.0	760
d8378e77-8489-446c-b426-dac736c81ab1	NR_042777.1	96.937	457	6	6	1	451	1042	1496	0.0	760
d8378e77-8489-446c-b426-dac736c81ab1	NR_042778.1	96.499	457	8	6	1	451	1043	1497	0.0	749
d8378e77-8489-446c-b426-dac736c81ab1	NR_118998.1	96.499	457	8	6	1	451	1037	1491	0.0	749
d8378e77-8489-446c-b426-dac736c81ab1	NR_197695.1	96.499	457	8	6	1	451	1042	1496	0.0	749
44f87f26-2870-47d4-8f52-c71de8aeb4a9	NR_026419.1	94.460	361	10	10	4	354	361	1	1.68e-155	547
44f87f26-2870-47d4-8f52-c71de8aeb4a9	NR_025903.1	92.120	368	18	11	4	361	373	7	7.91e-144	508
44f87f26-2870-47d4-8f52-c71de8aeb4a9	NR_025904.1	91.848	368	19	11	4	361	372	6	3.68e-142	503
44f87f26-2870-47d4-8f52-c71de8aeb4a9	NR_133753.1	92.476	319	15	9	4	314	327	10	1.75e-125	448
44f87f26-2870-47d4-8f52-c71de8aeb4a9	NR_036920.1	89.101	367	28	12	4	361	366	3	6.29e-125	446
057ce485-d7e3-4fd6-8f15-2e0fc253cf52	NR_179325.1	91.992	512	18	18	1	499	1315	814	0.0	697
057ce485-d7e3-4fd6-8f15-2e0fc253cf52	NR_041880.1	91.797	512	19	18	1	499	1297	796	0.0	691
057ce485-d7e3-4fd6-8f15-2e0fc253cf52	NR_115354.1	91.602	512	20	18	1	499	1341	840	0.0	688
057ce485-d7e3-4fd6-8f15-2e0fc253cf52	NR_115355.1	91.602	512	20	18	1	499	1341	840	0.0	686
057ce485-d7e3-4fd6-8f15-2e0fc253cf52	NR_163639.1	91.602	512	19	19	1	499	1356	856	0.0	686
ab31f211-b44d-4fc7-929b-0ef58a2b2bb8	NR_165747.1	96.741	675	12	10	1	671	669	1	0.0	1116
ab31f211-b44d-4fc7-929b-0ef58a2b2bb8	NR_042928.1	96.593	675	13	10	1	671	669	1	0.0	1110
ab31f211-b44d-4fc7-929b-0ef58a2b2bb8	NR_199545.1	96.193	683	16	10	1	679	689	13	0.0	1109
ab31f211-b44d-4fc7-929b-0ef58a2b2bb8	NR_028664.1	96.047	683	17	10	1	679	692	16	0.0	1103
ab31f211-b44d-4fc7-929b-0ef58a2b2bb8	NR_165744.1	95.906	684	18	10	1	680	678	1	0.0	1099
8d00b6ba-28cc-4ea4-bf10-5fbbfa64fbae	NR_042928.1	94.884	430	13	8	1	424	427	1	0.0	664
8d00b6ba-28cc-4ea4-bf10-5fbbfa64fbae	NR_109720.1	94.340	424	17	6	1	418	423	1	0.0	643
8d00b6ba-28cc-4ea4-bf10-5fbbfa64fbae	NR_036936.1	93.488	430	21	6	1	424	429	1	0.0	634
8d00b6ba-28cc-4ea4-bf10-5fbbfa64fbae	NR_199547.1	95.086	407	12	7	1	401	407	3	0.0	634
8d00b6ba-28cc-4ea4-bf10-5fbbfa64fbae	NR_112026.1	94.673	413	13	8	1	407	410	1	0.0	632
1cf8a709-ea6a-4745-a3b1-8139f6615d5f	NR_042776.1	97.546	326	2	3	1	320	1177	1502	3.16e-157	553
1cf8a709-ea6a-4745-a3b1-8139f6615d5f	NR_042777.1	97.546	326	2	3	1	320	1176	1501	3.16e-157	553
1cf8a709-ea6a-4745-a3b1-8139f6615d5f	NR_042052.1	96.933	326	4	3	1	320	1075	1400	6.83e-154	542
1cf8a709-ea6a-4745-a3b1-8139f6615d5f	NR_042778.1	96.933	326	4	3	1	320	1177	1502	6.83e-154	542
1cf8a709-ea6a-4745-a3b1-8139f6615d5f	NR_114642.1	96.933	326	4	3	1	320	1134	1459	6.83e-154	542
37c64834-3ca3-49c6-91c1-e53df30ecc09	NR_117694.1	99.437	710	4	0	1	710	1434	725	0.0	1290
37c64834-3ca3-49c6-91c1-e53df30ecc09	NR_117692.1	99.296	710	5	0	1	710	1434	725	0.0	1284
37c64834-3ca3-49c6-91c1-e53df30ecc09	NR_025892.1	99.014	710	7	0	1	710	1459	750	0.0	1279
37c64834-3ca3-49c6-91c1-e53df30ecc09	NR_043459.1	99.293	707	5	0	4	710	1455	749	0.0	1279
37c64834-3ca3-49c6-91c1-e53df30ecc09	NR_025902.1	99.014	710	7	0	1	710	1412	703	0.0	1273
a9869ced-886b-442b-9ebf-1b6fb7eea998	NR_042776.1	98.438	448	2	2	1	448	994	552	0.0	784
a9869ced-886b-442b-9ebf-1b6fb7eea998	NR_042776.1	85.977	435	29	15	465	872	547	976	9.48e-122	436
a9869ced-886b-442b-9ebf-1b6fb7eea998	NR_042777.1	98.438	448	2	2	1	448	993	551	0.0	784
a9869ced-886b-442b-9ebf-1b6fb7eea998	NR_042777.1	85.977	435	29	15	465	872	546	975	9.48e-122	436
a9869ced-886b-442b-9ebf-1b6fb7eea998	NR_042778.1	98.438	448	2	2	1	448	994	552	0.0	784
a9869ced-886b-442b-9ebf-1b6fb7eea998	NR_042778.1	85.977	435	29	15	465	872	547	976	9.48e-122	436
a9869ced-886b-442b-9ebf-1b6fb7eea998	NR_197695.1	98.214	448	3	2	1	448	993	551	0.0	778
a9869ced-886b-442b-9ebf-1b6fb7eea998	NR_197695.1	85.747	435	30	15	465	872	546	975	4.41e-120	431
a9869ced-886b-442b-9ebf-1b6fb7eea998	NR_118998.1	97.978	445	3	3	4	448	985	547	0.0	767
a9869ced-886b-442b-9ebf-1b6fb7eea998	NR_118998.1	85.945	434	30	15	465	872	542	970	3.41e-121	435
81e2aa59-7d92-4466-bc66-c52008d5feb6	NR_173649.1	79.477	765	110	34	541	1272	623	1373	1.86e-140	499
81e2aa59-7d92-4466-bc66-c52008d5feb6	NR_025895.1	79.319	764	115	33	541	1272	665	1417	2.40e-139	496
81e2aa59-7d92-4466-bc66-c52008d5feb6	NR_104561.1	79.319	764	115	34	541	1272	651	1403	2.40e-139	496
81e2aa59-7d92-4466-bc66-c52008d5feb6	NR_132673.1	79.346	765	113	35	541	1272	646	1398	2.40e-139	496
81e2aa59-7d92-4466-bc66-c52008d5feb6	NR_126282.1	79.346	765	113	35	541	1272	618	1370	2.40e-139	496
c059c2f4-8672-4f18-bcd9-983f1b9ed68e	NR_042776.1	97.309	892	10	12	1	885	1007	123	0.0	1502
c059c2f4-8672-4f18-bcd9-983f1b9ed68e	NR_042778.1	97.085	892	12	12	1	885	1007	123	0.0	1491
c059c2f4-8672-4f18-bcd9-983f1b9ed68e	NR_042777.1	96.973	892	12	13	1	885	1006	123	0.0	1483
c059c2f4-8672-4f18-bcd9-983f1b9ed68e	NR_197695.1	96.749	892	15	12	1	885	1006	122	0.0	1474
c059c2f4-8672-4f18-bcd9-983f1b9ed68e	NR_118998.1	96.300	892	18	13	1	885	1001	118	0.0	1452
500f91e2-f1fa-4de9-a551-17e3d89e5368	NR_117694.1	94.118	255	10	5	1	252	253	1	3.51e-106	383
500f91e2-f1fa-4de9-a551-17e3d89e5368	NR_025892.1	93.701	254	13	3	1	252	279	27	4.54e-105	379
500f91e2-f1fa-4de9-a551-17e3d89e5368	NR_104830.1	91.406	256	16	6	1	252	268	15	4.61e-95	346
500f91e2-f1fa-4de9-a551-17e3d89e5368	NR_121687.1	91.406	256	15	7	1	252	273	21	1.66e-94	344
500f91e2-f1fa-4de9-a551-17e3d89e5368	NR_117692.1	90.980	255	18	5	1	252	253	1	7.71e-93	339
985723d7-3641-43ed-847b-b9e6a283389f	NR_115355.1	96.359	714	16	9	1	712	779	1484	0.0	1166
985723d7-3641-43ed-847b-b9e6a283389f	NR_179325.1	96.218	714	17	9	1	712	753	1458	0.0	1160
985723d7-3641-43ed-847b-b9e6a283389f	NR_113570.1	96.089	716	15	12	1	712	786	1492	0.0	1155
985723d7-3641-43ed-847b-b9e6a283389f	NR_043332.1	95.944	715	17	11	1	712	779	1484	0.0	1153
985723d7-3641-43ed-847b-b9e6a283389f	NR_119169.1	95.938	714	19	9	1	712	784	1489	0.0	1153
3fc145b8-6796-4f3a-98e5-52e44a4cd944	NR_042776.1	95.671	231	6	3	1	228	1469	1240	8.59e-102	368
3fc145b8-6796-4f3a-98e5-52e44a4cd944	NR_042777.1	95.671	231	6	3	1	228	1468	1239	8.59e-102	368
3fc145b8-6796-4f3a-98e5-52e44a4cd944	NR_042052.1	95.238	231	7	3	1	228	1367	1138	3.99e-100	363
3fc145b8-6796-4f3a-98e5-52e44a4cd944	NR_042778.1	95.238	231	7	3	1	228	1469	1240	3.99e-100	363
3fc145b8-6796-4f3a-98e5-52e44a4cd944	NR_113594.1	95.238	231	7	3	1	228	1444	1215	3.99e-100	363
bba9e2e8-d40c-4a7a-b551-549582d5c274	NR_024842.1	95.640	1032	27	15	1	1015	1037	7	0.0	1644
bba9e2e8-d40c-4a7a-b551-549582d5c274	NR_115241.1	95.601	1023	27	15	1	1006	1022	1	0.0	1628
bba9e2e8-d40c-4a7a-b551-549582d5c274	NR_115735.1	95.759	1014	24	16	1	996	1013	1	0.0	1616
bba9e2e8-d40c-4a7a-b551-549582d5c274	NR_178515.1	95.312	1024	28	17	1	1006	1022	1	0.0	1607
bba9e2e8-d40c-4a7a-b551-549582d5c274	NR_165737.1	95.117	1024	30	17	1	1006	1022	1	0.0	1596
66b36601-882b-431f-8457-6cfba002b5ba	NR_042776.1	96.267	1393	24	21	1	1375	1400	18	0.0	2259
66b36601-882b-431f-8457-6cfba002b5ba	NR_042778.1	96.052	1393	27	21	1	1375	1400	18	0.0	2242
66b36601-882b-431f-8457-6cfba002b5ba	NR_042777.1	96.052	1393	26	22	1	1375	1399	18	0.0	2241
66b36601-882b-431f-8457-6cfba002b5ba	NR_197695.1	95.693	1393	32	21	1	1375	1399	17	0.0	2215
66b36601-882b-431f-8457-6cfba002b5ba	NR_118998.1	95.334	1393	36	22	1	1375	1394	13	0.0	2187
d4cf7605-41c2-4b47-b54e-9557bcf63c03	NR_042928.1	97.512	1447	17	16	1	1436	30	1468	0.0	2455
d4cf7605-41c2-4b47-b54e-9557bcf63c03	NR_199547.1	97.881	1416	13	14	4	1408	11	1420	0.0	2433
d4cf7605-41c2-4b47-b54e-9557bcf63c03	NR_117719.1	97.037	1451	25	15	1	1440	50	1493	0.0	2425
d4cf7605-41c2-4b47-b54e-9557bcf63c03	NR_028664.1	96.968	1451	26	15	1	1440	53	1496	0.0	2420
d4cf7605-41c2-4b47-b54e-9557bcf63c03	NR_115240.1	97.028	1447	25	15	1	1436	30	1469	0.0	2418
48e027c1-5db2-4c3b-b3cc-5313247c6371	NR_042843.1	94.231	416	10	9	1	405	655	1067	3.09e-178	623
48e027c1-5db2-4c3b-b3cc-5313247c6371	NR_102895.1	94.231	416	10	9	1	405	683	1095	3.09e-178	623
48e027c1-5db2-4c3b-b3cc-5313247c6371	NR_113113.1	94.231	416	10	9	1	405	663	1075	3.09e-178	623
48e027c1-5db2-4c3b-b3cc-5313247c6371	NR_113105.1	93.750	416	12	9	1	405	663	1075	6.69e-175	612
48e027c1-5db2-4c3b-b3cc-5313247c6371	NR_113124.1	93.750	416	12	9	1	405	675	1087	6.69e-175	612
9e379340-220e-438e-922d-aa2d057a12db	NR_041989.1	91.687	1215	50	40	1	1187	1192	1	0.0	1637
9e379340-220e-438e-922d-aa2d057a12db	NR_121688.1	90.389	1259	70	42	1	1231	1254	19	0.0	1607
9e379340-220e-438e-922d-aa2d057a12db	NR_117701.1	90.374	1257	70	42	1	1229	1234	1	0.0	1604
9e379340-220e-438e-922d-aa2d057a12db	NR_117717.1	90.310	1259	70	42	1	1231	1254	20	0.0	1602
9e379340-220e-438e-922d-aa2d057a12db	NR_117696.1	90.273	1244	70	41	1	1216	1221	1	0.0	1580
f57893c3-913a-488b-8634-c9576c4ca198	NR_115355.1	94.950	1208	35	22	1	1189	1212	12	0.0	1873
f57893c3-913a-488b-8634-c9576c4ca198	NR_119169.1	94.702	1208	38	21	1	1189	1217	17	0.0	1860
f57893c3-913a-488b-8634-c9576c4ca198	NR_113570.1	94.541	1209	39	23	1	1189	1219	18	0.0	1842
f57893c3-913a-488b-8634-c9576c4ca198	NR_179325.1	94.887	1193	34	23	1	1173	1186	1	0.0	1840
f57893c3-913a-488b-8634-c9576c4ca198	NR_163639.1	94.536	1208	36	26	1	1189	1227	31	0.0	1838
6f44257d-b906-424a-bf8c-293309906d83	NR_136788.1	95.455	154	5	2	14	167	1324	1475	1.09e-64	244
6f44257d-b906-424a-bf8c-293309906d83	NR_026230.1	94.839	155	4	3	14	167	1302	1453	5.06e-63	239
6f44257d-b906-424a-bf8c-293309906d83	NR_136443.1	95.238	147	4	3	14	160	1286	1429	3.04e-60	230
6f44257d-b906-424a-bf8c-293309906d83	NR_026137.1	90.968	155	10	4	14	167	1305	1456	1.43e-53	207
6f44257d-b906-424a-bf8c-293309906d83	NR_041464.1	90.909	154	12	2	14	167	1325	1476	5.13e-53	206
3a4772bd-d991-46de-bf12-3ce2170fdecb	NR_042776.1	96.576	993	17	15	1	980	1008	20	0.0	1629
3a4772bd-d991-46de-bf12-3ce2170fdecb	NR_042778.1	96.375	993	19	15	1	980	1008	20	0.0	1618
3a4772bd-d991-46de-bf12-3ce2170fdecb	NR_042777.1	96.274	993	19	15	1	980	1007	20	0.0	1613
3a4772bd-d991-46de-bf12-3ce2170fdecb	NR_197695.1	95.972	993	23	14	1	980	1007	19	0.0	1596
3a4772bd-d991-46de-bf12-3ce2170fdecb	NR_118998.1	95.468	993	27	15	1	980	1002	15	0.0	1570
de7d987d-5584-4822-b748-9a7ca9204163	NR_180652.1	92.420	343	18	8	20	360	1140	1476	4.95e-136	483
de7d987d-5584-4822-b748-9a7ca9204163	NR_113798.1	92.128	343	20	7	20	360	1136	1473	2.30e-134	477
de7d987d-5584-4822-b748-9a7ca9204163	NR_025211.1	91.884	345	18	10	20	360	1141	1479	2.98e-133	473
de7d987d-5584-4822-b748-9a7ca9204163	NR_104715.1	91.884	345	18	10	20	360	1140	1478	2.98e-133	473
de7d987d-5584-4822-b748-9a7ca9204163	NR_025946.1	91.570	344	21	8	20	360	1159	1497	1.39e-131	468
5d9060d4-1244-4676-8b05-aa776c764b7e	NR_026419.1	98.368	858	9	4	2	859	635	1487	0.0	1502
5d9060d4-1244-4676-8b05-aa776c764b7e	NR_025904.1	97.319	858	17	5	2	859	646	1497	0.0	1452
5d9060d4-1244-4676-8b05-aa776c764b7e	NR_025903.1	97.319	858	17	5	2	859	647	1498	0.0	1452
5d9060d4-1244-4676-8b05-aa776c764b7e	NR_133752.1	97.353	831	17	4	2	832	572	1397	0.0	1408
5d9060d4-1244-4676-8b05-aa776c764b7e	NR_133753.1	97.353	831	17	4	2	832	601	1426	0.0	1408
e94a5695-07b8-4904-9c9d-db2451c60d7c	NR_116168.1	93.750	384	12	9	1	375	1105	1485	4.93e-161	566
e94a5695-07b8-4904-9c9d-db2451c60d7c	NR_118762.1	93.158	380	14	9	1	371	1107	1483	1.38e-156	551
e94a5695-07b8-4904-9c9d-db2451c60d7c	NR_024897.1	91.688	385	18	11	1	375	1104	1484	1.08e-147	521
e94a5695-07b8-4904-9c9d-db2451c60d7c	NR_181418.1	91.688	385	18	11	1	375	1104	1484	1.08e-147	521
e94a5695-07b8-4904-9c9d-db2451c60d7c	NR_114764.1	91.645	383	20	9	1	374	1087	1466	3.89e-147	520
abe2e7ab-bc0b-4b9f-9c44-d1e70e86220e	NR_040821.1	90.616	341	21	8	1	335	1140	1475	7.56e-124	442
abe2e7ab-bc0b-4b9f-9c44-d1e70e86220e	NR_025148.1	90.616	341	21	8	1	335	1160	1495	7.56e-124	442
abe2e7ab-bc0b-4b9f-9c44-d1e70e86220e	NR_040820.1	90.616	341	21	8	1	335	1140	1475	7.56e-124	442
abe2e7ab-bc0b-4b9f-9c44-d1e70e86220e	NR_134818.1	90.616	341	21	8	1	335	1153	1488	7.56e-124	442
abe2e7ab-bc0b-4b9f-9c44-d1e70e86220e	NR_126177.1	90.616	341	21	8	1	335	1142	1477	7.56e-124	442
8ebe24ea-74b9-431c-9166-4dba1333edb4	NR_178515.1	92.655	1062	34	28	15	1046	1048	1	0.0	1489
8ebe24ea-74b9-431c-9166-4dba1333edb4	NR_165737.1	92.373	1062	37	28	15	1046	1048	1	0.0	1472
8ebe24ea-74b9-431c-9166-4dba1333edb4	NR_114413.1	91.503	1071	47	30	15	1055	1071	15	0.0	1434
8ebe24ea-74b9-431c-9166-4dba1333edb4	NR_042927.1	91.431	1062	47	30	15	1046	1048	1	0.0	1417
8ebe24ea-74b9-431c-9166-4dba1333edb4	NR_109720.1	91.477	1056	46	30	15	1040	1042	1	0.0	1411
da7773b6-45f4-48b1-9f48-b8644c38072b	NR_044873.1	96.509	1203	23	15	1	1195	1209	18	0.0	1971
da7773b6-45f4-48b1-9f48-b8644c38072b	NR_074568.1	94.601	1204	43	18	1	1195	1219	29	0.0	1844
da7773b6-45f4-48b1-9f48-b8644c38072b	NR_044712.2	94.269	1204	47	18	1	1195	1228	38	0.0	1829
da7773b6-45f4-48b1-9f48-b8644c38072b	NR_025310.1	93.859	1205	50	20	1	1195	1199	9	0.0	1794
da7773b6-45f4-48b1-9f48-b8644c38072b	NR_109752.1	93.786	1207	48	22	1	1195	1230	39	0.0	1788
59b96b4c-7583-497f-bccd-7c10d1c62335	NR_113570.1	87.440	1258	96	49	1	1214	1240	1	0.0	1391
59b96b4c-7583-497f-bccd-7c10d1c62335	NR_115355.1	87.430	1249	100	45	1	1208	1233	1	0.0	1386
59b96b4c-7583-497f-bccd-7c10d1c62335	NR_119169.1	87.241	1254	103	45	1	1213	1238	1	0.0	1382
59b96b4c-7583-497f-bccd-7c10d1c62335	NR_163639.1	87.184	1264	99	50	1	1222	1248	6	0.0	1378
59b96b4c-7583-497f-bccd-7c10d1c62335	NR_041879.1	88.225	1189	86	42	1	1150	1191	18	0.0	1371
1c8d4857-a972-4c1c-b43e-2e0e35741dac	NR_025862.1	92.082	1364	43	44	1	1317	1357	12	0.0	1868
1c8d4857-a972-4c1c-b43e-2e0e35741dac	NR_028682.1	90.710	1367	55	53	1	1316	1358	13	0.0	1755
1c8d4857-a972-4c1c-b43e-2e0e35741dac	NR_104681.1	85.223	1279	125	51	1	1241	1348	96	0.0	1256
1c8d4857-a972-4c1c-b43e-2e0e35741dac	NR_036770.1	83.492	1369	142	61	1	1316	1350	13	0.0	1203
1c8d4857-a972-4c1c-b43e-2e0e35741dac	NR_119004.1	83.492	1369	142	61	1	1316	1350	13	0.0	1203
8cc9f06e-6a23-4653-82d3-7213b01f85a1	NR_042843.1	96.353	713	13	11	6	711	1455	749	0.0	1160
8cc9f06e-6a23-4653-82d3-7213b01f85a1	NR_102895.1	96.353	713	13	11	6	711	1483	777	0.0	1160
8cc9f06e-6a23-4653-82d3-7213b01f85a1	NR_113113.1	96.353	713	13	11	6	711	1463	757	0.0	1160
8cc9f06e-6a23-4653-82d3-7213b01f85a1	NR_109628.1	96.073	713	15	11	6	711	1456	750	0.0	1149
8cc9f06e-6a23-4653-82d3-7213b01f85a1	NR_113105.1	95.792	713	17	12	6	711	1463	757	0.0	1138
c2ab8d30-688a-4be2-bcc4-c6488c17f41b	NR_024842.1	97.333	150	2	2	1	148	1028	1177	1.55e-67	254
c2ab8d30-688a-4be2-bcc4-c6488c17f41b	NR_028664.1	97.333	150	2	2	1	148	1034	1183	1.55e-67	254
c2ab8d30-688a-4be2-bcc4-c6488c17f41b	NR_042928.1	97.333	150	2	2	1	148	1011	1160	1.55e-67	254
c2ab8d30-688a-4be2-bcc4-c6488c17f41b	NR_043660.1	98.601	143	2	0	6	148	1012	1154	1.55e-67	254
c2ab8d30-688a-4be2-bcc4-c6488c17f41b	NR_114172.1	97.333	150	2	2	1	148	1011	1160	1.55e-67	254
11d1b0fe-01b5-4460-94b8-d079b6f216ef	NR_025689.1	95.370	216	4	5	1	211	849	635	6.21e-93	339
11d1b0fe-01b5-4460-94b8-d079b6f216ef	NR_025862.1	95.370	216	4	5	1	211	860	646	6.21e-93	339
11d1b0fe-01b5-4460-94b8-d079b6f216ef	NR_026454.1	95.370	216	4	5	1	211	837	623	6.21e-93	339
11d1b0fe-01b5-4460-94b8-d079b6f216ef	NR_026467.1	95.370	216	4	5	1	211	842	628	6.21e-93	339
11d1b0fe-01b5-4460-94b8-d079b6f216ef	NR_175459.1	95.370	216	4	5	1	211	872	658	6.21e-93	339
e256712f-f8cf-411a-b5c7-2a1be4961d55	NR_042776.1	95.686	255	2	3	1	248	1245	1497	9.49e-112	401
e256712f-f8cf-411a-b5c7-2a1be4961d55	NR_042777.1	95.686	255	2	3	1	248	1244	1496	9.49e-112	401
e256712f-f8cf-411a-b5c7-2a1be4961d55	NR_024842.1	95.565	248	4	2	8	248	1240	1487	2.05e-108	390
e256712f-f8cf-411a-b5c7-2a1be4961d55	NR_042052.1	94.902	255	4	3	1	248	1143	1395	2.05e-108	390
e256712f-f8cf-411a-b5c7-2a1be4961d55	NR_042778.1	94.902	255	4	3	1	248	1245	1497	2.05e-108	390
b1f89a8d-0d63-453c-b0ef-fa48ef12937d	NR_163639.1	90.286	175	7	6	2	169	175	4	1.79e-57	220
b1f89a8d-0d63-453c-b0ef-fa48ef12937d	NR_074980.1	90.230	174	7	6	2	168	183	13	6.45e-57	219
b1f89a8d-0d63-453c-b0ef-fa48ef12937d	NR_113031.1	90.230	174	7	6	2	168	183	13	6.45e-57	219
b1f89a8d-0d63-453c-b0ef-fa48ef12937d	NR_044153.1	92.810	153	3	5	6	151	152	1	8.35e-56	215
b1f89a8d-0d63-453c-b0ef-fa48ef12937d	NR_043332.1	91.720	157	5	5	2	151	156	1	1.08e-54	211
189a7468-2079-466d-802d-878a27edd6ea	NR_025762.1	98.291	117	1	1	1	116	1063	947	1.18e-52	204
189a7468-2079-466d-802d-878a27edd6ea	NR_041879.1	98.291	117	1	1	1	116	1042	926	1.18e-52	204
189a7468-2079-466d-802d-878a27edd6ea	NR_113570.1	98.291	117	1	1	1	116	1092	976	1.18e-52	204
189a7468-2079-466d-802d-878a27edd6ea	NR_115355.1	98.291	117	1	1	1	116	1085	969	1.18e-52	204
189a7468-2079-466d-802d-878a27edd6ea	NR_119169.1	98.291	117	1	1	1	116	1090	974	1.18e-52	204
5b390df7-a53b-4dbd-b4b5-06e52d86aa14	NR_025892.1	92.982	114	2	4	1	108	145	32	7.33e-40	161
5b390df7-a53b-4dbd-b4b5-06e52d86aa14	NR_028843.1	92.174	115	3	5	1	109	119	5	9.49e-39	158
5b390df7-a53b-4dbd-b4b5-06e52d86aa14	NR_116767.1	92.105	114	3	5	1	108	119	6	3.41e-38	156
5b390df7-a53b-4dbd-b4b5-06e52d86aa14	NR_117694.1	92.105	114	3	4	1	108	119	6	3.41e-38	156
5b390df7-a53b-4dbd-b4b5-06e52d86aa14	NR_159156.1	92.105	114	3	5	1	108	119	6	3.41e-38	156
9a4f48c8-22cf-49b1-92dc-fe8ae6e79205	NR_042776.1	95.745	282	5	5	1	276	1223	1503	1.30e-125	448
9a4f48c8-22cf-49b1-92dc-fe8ae6e79205	NR_042777.1	95.745	282	5	5	1	276	1222	1502	1.30e-125	448
9a4f48c8-22cf-49b1-92dc-fe8ae6e79205	NR_042052.1	95.035	282	7	5	1	276	1121	1401	2.82e-122	436
9a4f48c8-22cf-49b1-92dc-fe8ae6e79205	NR_042778.1	95.035	282	7	5	1	276	1223	1503	2.82e-122	436
9a4f48c8-22cf-49b1-92dc-fe8ae6e79205	NR_114642.1	95.035	282	7	5	1	276	1180	1460	2.82e-122	436
8c55148d-43aa-430d-a36a-db2fc9b53a78	NR_042776.1	100.000	179	0	0	1	179	197	19	8.54e-91	331
8c55148d-43aa-430d-a36a-db2fc9b53a78	NR_042778.1	100.000	179	0	0	1	179	197	19	8.54e-91	331
8c55148d-43aa-430d-a36a-db2fc9b53a78	NR_118998.1	98.883	179	2	0	1	179	192	14	5.14e-88	322
8c55148d-43aa-430d-a36a-db2fc9b53a78	NR_042777.1	98.883	179	2	0	1	179	197	19	1.85e-87	320
8c55148d-43aa-430d-a36a-db2fc9b53a78	NR_197695.1	98.324	179	3	0	1	179	196	18	8.60e-86	315
62c80560-9b2f-4fef-a5fc-14a015f8ff4c	NR_041880.1	92.254	142	5	4	1	141	1397	1261	2.61e-50	196
62c80560-9b2f-4fef-a5fc-14a015f8ff4c	NR_043332.1	92.254	142	5	4	1	141	1441	1305	2.61e-50	196
62c80560-9b2f-4fef-a5fc-14a015f8ff4c	NR_074980.1	92.254	142	5	4	1	141	1468	1332	2.61e-50	196
62c80560-9b2f-4fef-a5fc-14a015f8ff4c	NR_113031.1	92.254	142	5	4	1	141	1468	1332	2.61e-50	196
62c80560-9b2f-4fef-a5fc-14a015f8ff4c	NR_113570.1	92.254	142	5	4	1	141	1448	1312	2.61e-50	196
04d8f04b-6494-4e22-bb07-4450c01c7fa5	NR_133752.1	96.759	216	4	3	1	214	862	648	1.72e-98	357
04d8f04b-6494-4e22-bb07-4450c01c7fa5	NR_133753.1	96.759	216	4	3	1	214	891	677	1.72e-98	357
04d8f04b-6494-4e22-bb07-4450c01c7fa5	NR_025904.1	96.759	216	4	3	1	214	936	722	1.72e-98	357
04d8f04b-6494-4e22-bb07-4450c01c7fa5	NR_026419.1	96.759	216	4	3	1	214	925	711	1.72e-98	357
04d8f04b-6494-4e22-bb07-4450c01c7fa5	NR_025903.1	96.759	216	4	3	1	214	937	723	1.72e-98	357
1d83a939-837c-4e89-8b45-46811923b81a	NR_026419.1	98.864	88	0	1	1	88	104	190	2.85e-38	156
1d83a939-837c-4e89-8b45-46811923b81a	NR_133752.1	87.500	104	11	2	1	103	42	144	3.74e-27	119
1d83a939-837c-4e89-8b45-46811923b81a	NR_133753.1	87.500	104	11	2	1	103	71	173	3.74e-27	119
1d83a939-837c-4e89-8b45-46811923b81a	NR_025903.1	87.500	104	11	2	1	103	117	219	3.74e-27	119
1d83a939-837c-4e89-8b45-46811923b81a	NR_025904.1	89.773	88	8	1	1	88	116	202	6.26e-25	111
6beb1b6c-7980-4a72-83e8-eba94763cd22	NR_024842.1	97.268	183	2	2	1	180	1307	1489	1.49e-83	307
6beb1b6c-7980-4a72-83e8-eba94763cd22	NR_042052.1	97.268	183	2	2	1	180	1215	1397	1.49e-83	307
6beb1b6c-7980-4a72-83e8-eba94763cd22	NR_042776.1	97.268	183	2	2	1	180	1317	1499	1.49e-83	307
6beb1b6c-7980-4a72-83e8-eba94763cd22	NR_042777.1	97.268	183	2	2	1	180	1316	1498	1.49e-83	307
6beb1b6c-7980-4a72-83e8-eba94763cd22	NR_114642.1	97.268	183	2	2	1	180	1274	1456	1.49e-83	307
2e8cfe26-3250-4d0a-979b-042b7a3e245b	NR_041879.1	89.916	119	5	7	1	117	1299	1186	2.07e-35	147
2e8cfe26-3250-4d0a-979b-042b7a3e245b	NR_115355.1	89.916	119	5	7	1	117	1341	1228	2.07e-35	147
2e8cfe26-3250-4d0a-979b-042b7a3e245b	NR_119169.1	89.916	119	5	7	1	117	1346	1233	2.07e-35	147
2e8cfe26-3250-4d0a-979b-042b7a3e245b	NR_163639.1	89.916	119	5	7	1	117	1356	1243	2.07e-35	147
2e8cfe26-3250-4d0a-979b-042b7a3e245b	NR_179325.1	89.916	119	5	7	1	117	1315	1202	2.07e-35	147
8cea56df-6be4-437f-a66c-e773dc33f168	NR_025904.1	99.225	129	1	0	1	129	133	5	1.67e-61	233
8cea56df-6be4-437f-a66c-e773dc33f168	NR_025903.1	97.674	129	3	0	1	129	134	6	3.62e-58	222
8cea56df-6be4-437f-a66c-e773dc33f168	NR_026419.1	99.153	118	1	0	4	121	118	1	2.18e-55	213
8cea56df-6be4-437f-a66c-e773dc33f168	NR_036920.1	95.349	129	4	2	1	129	128	2	1.31e-52	204
8cea56df-6be4-437f-a66c-e773dc33f168	NR_026420.1	95.041	121	6	0	1	121	121	1	1.02e-48	191
caa47cd2-4d12-4049-8211-850a0a88f540	NR_042776.1	94.714	227	5	7	1	223	1280	1503	3.89e-95	346
caa47cd2-4d12-4049-8211-850a0a88f540	NR_042777.1	94.714	227	5	7	1	223	1279	1502	3.89e-95	346
caa47cd2-4d12-4049-8211-850a0a88f540	NR_044912.1	94.714	227	5	7	1	223	1210	1433	3.89e-95	346
caa47cd2-4d12-4049-8211-850a0a88f540	NR_026368.1	94.298	228	5	8	1	223	1257	1481	1.40e-94	344
caa47cd2-4d12-4049-8211-850a0a88f540	NR_037101.1	94.298	228	5	8	1	223	1255	1479	5.03e-94	342
610d1e89-43ec-49db-a40e-ad220e67cac1	NR_025144.1	97.500	80	0	1	6	85	1253	1176	2.89e-32	135
610d1e89-43ec-49db-a40e-ad220e67cac1	NR_025891.1	96.429	84	0	2	3	85	1281	1200	2.89e-32	135
610d1e89-43ec-49db-a40e-ad220e67cac1	NR_025892.1	96.429	84	0	2	3	85	1280	1199	2.89e-32	135
610d1e89-43ec-49db-a40e-ad220e67cac1	NR_025894.1	96.429	84	0	2	3	85	1282	1201	2.89e-32	135
610d1e89-43ec-49db-a40e-ad220e67cac1	NR_025902.1	96.429	84	0	2	3	85	1233	1152	2.89e-32	135
52df1d9f-6ede-4d06-ad92-c5425159b418	NR_199545.1	97.753	178	3	1	5	182	189	13	5.31e-83	305
52df1d9f-6ede-4d06-ad92-c5425159b418	NR_115560.1	97.222	180	4	1	5	184	189	11	1.91e-82	303
52df1d9f-6ede-4d06-ad92-c5425159b418	NR_117719.1	96.703	182	5	1	1	182	193	13	6.87e-82	302
52df1d9f-6ede-4d06-ad92-c5425159b418	NR_165744.1	97.207	179	4	1	5	183	178	1	6.87e-82	302
52df1d9f-6ede-4d06-ad92-c5425159b418	NR_028664.1	97.191	178	4	1	5	182	192	16	2.47e-81	300
b28597eb-c288-4a0d-bc58-b9bff66e776e	NR_025892.1	96.181	288	4	6	20	304	302	19	4.01e-131	466
b28597eb-c288-4a0d-bc58-b9bff66e776e	NR_117694.1	96.429	280	3	6	20	296	276	1	8.69e-128	455
b28597eb-c288-4a0d-bc58-b9bff66e776e	NR_121687.1	93.080	289	11	8	20	304	296	13	1.47e-115	414
b28597eb-c288-4a0d-bc58-b9bff66e776e	NR_104830.1	92.414	290	14	7	20	305	291	6	2.47e-113	407
b28597eb-c288-4a0d-bc58-b9bff66e776e	NR_117692.1	93.214	280	12	6	20	296	276	1	8.88e-113	405
cdc351b5-781e-4ef6-acf1-e3a8fb27ebe1	NR_024842.1	94.253	87	3	2	1	87	92	8	4.03e-31	132
cdc351b5-781e-4ef6-acf1-e3a8fb27ebe1	NR_114413.1	94.253	87	3	1	1	87	100	16	4.03e-31	132
cdc351b5-781e-4ef6-acf1-e3a8fb27ebe1	NR_152678.1	94.253	87	3	1	1	87	97	13	4.03e-31	132
cdc351b5-781e-4ef6-acf1-e3a8fb27ebe1	NR_156072.1	94.253	87	3	1	1	87	97	13	4.03e-31	132
cdc351b5-781e-4ef6-acf1-e3a8fb27ebe1	NR_179720.1	94.253	87	3	1	1	87	97	13	4.03e-31	132
a404c8ba-d4f8-4552-9237-127f8611dbdb	NR_024842.1	95.853	217	7	2	1	215	1459	1243	3.15e-96	350
a404c8ba-d4f8-4552-9237-127f8611dbdb	NR_042776.1	95.853	217	7	2	1	215	1469	1253	3.15e-96	350
a404c8ba-d4f8-4552-9237-127f8611dbdb	NR_042777.1	95.853	217	7	2	1	215	1468	1252	3.15e-96	350
a404c8ba-d4f8-4552-9237-127f8611dbdb	NR_115241.1	95.853	217	7	2	1	215	1444	1228	3.15e-96	350
a404c8ba-d4f8-4552-9237-127f8611dbdb	NR_115735.1	95.853	217	7	2	1	215	1435	1219	3.15e-96	350
75128cd9-6138-40a3-aa01-8aa600e0466a	NR_024842.1	95.495	222	7	2	3	223	1252	1471	9.11e-97	351
75128cd9-6138-40a3-aa01-8aa600e0466a	NR_115735.1	95.495	222	7	2	3	223	1228	1447	9.11e-97	351
75128cd9-6138-40a3-aa01-8aa600e0466a	NR_178262.1	95.890	219	5	3	7	223	1135	1351	9.11e-97	351
75128cd9-6138-40a3-aa01-8aa600e0466a	NR_179215.1	95.890	219	5	3	7	223	1257	1473	9.11e-97	351
75128cd9-6138-40a3-aa01-8aa600e0466a	NR_115241.1	95.045	222	8	2	3	223	1237	1456	1.18e-95	348
fbf41e0c-40fe-4344-bacd-741ee28747a3	NR_037101.1	98.571	210	0	3	1	207	1266	1475	7.84e-102	368
fbf41e0c-40fe-4344-bacd-741ee28747a3	NR_040821.1	98.571	210	0	3	1	207	1266	1475	7.84e-102	368
fbf41e0c-40fe-4344-bacd-741ee28747a3	NR_042052.1	98.565	209	1	2	1	207	1189	1397	7.84e-102	368
fbf41e0c-40fe-4344-bacd-741ee28747a3	NR_024634.1	98.571	210	0	3	1	207	1277	1486	7.84e-102	368
fbf41e0c-40fe-4344-bacd-741ee28747a3	NR_025148.1	98.571	210	0	3	1	207	1286	1495	7.84e-102	368
bc73dbd2-ae03-47e0-9943-0928b3686a5c	NR_036809.1	100.000	34	0	0	1	34	1302	1269	4.17e-11	63.9
bc73dbd2-ae03-47e0-9943-0928b3686a5c	NR_026349.1	100.000	34	0	0	1	34	1310	1277	4.17e-11	63.9
bc73dbd2-ae03-47e0-9943-0928b3686a5c	NR_024904.1	100.000	34	0	0	1	34	1349	1316	4.17e-11	63.9
bc73dbd2-ae03-47e0-9943-0928b3686a5c	NR_024905.1	100.000	34	0	0	1	34	1334	1301	4.17e-11	63.9
bc73dbd2-ae03-47e0-9943-0928b3686a5c	NR_028682.1	100.000	34	0	0	1	34	1345	1312	4.17e-11	63.9
510470ed-f40f-4828-9ab1-0a5bb2345ac3	NR_074980.1	94.512	164	8	1	5	167	176	13	6.28e-67	252
510470ed-f40f-4828-9ab1-0a5bb2345ac3	NR_113031.1	94.512	164	8	1	5	167	176	13	6.28e-67	252
510470ed-f40f-4828-9ab1-0a5bb2345ac3	NR_163639.1	94.512	164	8	1	5	167	168	5	6.28e-67	252
510470ed-f40f-4828-9ab1-0a5bb2345ac3	NR_119168.1	94.156	154	8	1	5	157	154	1	2.27e-61	233
510470ed-f40f-4828-9ab1-0a5bb2345ac3	NR_119169.1	94.156	154	8	1	5	157	154	1	2.27e-61	233
0a9d306a-613c-47ff-8de3-2ecaa2c8169f	NR_042776.1	92.308	338	15	10	1	327	1144	1481	3.63e-132	470
0a9d306a-613c-47ff-8de3-2ecaa2c8169f	NR_042777.1	92.308	338	15	10	1	327	1143	1480	3.63e-132	470
0a9d306a-613c-47ff-8de3-2ecaa2c8169f	NR_042778.1	91.988	337	16	10	1	326	1144	1480	6.08e-130	462
0a9d306a-613c-47ff-8de3-2ecaa2c8169f	NR_118998.1	91.988	337	16	10	1	326	1138	1474	6.08e-130	462
0a9d306a-613c-47ff-8de3-2ecaa2c8169f	NR_042052.1	91.716	338	17	10	1	327	1042	1379	7.87e-129	459
0ecd39c4-a4d5-4ea9-ae56-4ca7a272a952	NR_044873.1	95.769	260	6	4	1	258	997	741	1.24e-115	414
0ecd39c4-a4d5-4ea9-ae56-4ca7a272a952	NR_074568.1	94.615	260	9	4	1	258	1007	751	1.25e-110	398
0ecd39c4-a4d5-4ea9-ae56-4ca7a272a952	NR_044712.2	94.231	260	10	4	1	258	1016	760	1.61e-109	394
0ecd39c4-a4d5-4ea9-ae56-4ca7a272a952	NR_044894.1	94.231	260	10	4	1	258	983	727	5.81e-109	392
0ecd39c4-a4d5-4ea9-ae56-4ca7a272a952	NR_025310.1	93.870	261	9	6	1	258	987	731	2.70e-107	387
cfa61d39-19a0-4928-ad79-5c810cc8244d	NR_024842.1	94.030	134	2	5	1	132	1408	1279	6.56e-51	198
cfa61d39-19a0-4928-ad79-5c810cc8244d	NR_036936.1	94.030	134	2	5	1	132	1393	1264	6.56e-51	198
cfa61d39-19a0-4928-ad79-5c810cc8244d	NR_025453.1	94.030	134	2	5	1	132	1393	1264	6.56e-51	198
cfa61d39-19a0-4928-ad79-5c810cc8244d	NR_028664.1	94.030	134	2	5	1	132	1414	1285	6.56e-51	198
cfa61d39-19a0-4928-ad79-5c810cc8244d	NR_028665.1	94.030	134	2	5	1	132	1408	1279	6.56e-51	198
445c93e9-3f2a-4884-b614-a1ff36fcaa9b	NR_042928.1	95.528	246	6	5	1	244	243	1	7.39e-108	388
445c93e9-3f2a-4884-b614-a1ff36fcaa9b	NR_109720.1	95.417	240	8	3	1	238	239	1	4.45e-105	379
445c93e9-3f2a-4884-b614-a1ff36fcaa9b	NR_199547.1	96.875	224	3	4	1	222	223	2	7.44e-103	372
445c93e9-3f2a-4884-b614-a1ff36fcaa9b	NR_036936.1	93.496	246	13	3	1	244	245	1	1.24e-100	364
445c93e9-3f2a-4884-b614-a1ff36fcaa9b	NR_165747.1	93.496	246	11	5	1	244	243	1	1.61e-99	361
85899ce6-1947-40c2-a6d8-62daf01f5fbb	NR_024659.1	94.326	141	6	2	1	140	442	581	6.75e-56	215
85899ce6-1947-40c2-a6d8-62daf01f5fbb	NR_036936.1	94.326	141	6	2	1	140	461	600	6.75e-56	215
85899ce6-1947-40c2-a6d8-62daf01f5fbb	NR_109720.1	94.326	141	6	2	1	140	455	594	6.75e-56	215
85899ce6-1947-40c2-a6d8-62daf01f5fbb	NR_115241.1	96.212	132	3	2	10	140	470	600	6.75e-56	215
85899ce6-1947-40c2-a6d8-62daf01f5fbb	NR_115735.1	96.212	132	3	2	10	140	461	591	6.75e-56	215
39c19e0a-0185-427a-89d3-5ee7f1912cd3	NR_026419.1	87.879	132	7	7	1	126	1374	1246	2.20e-35	147
39c19e0a-0185-427a-89d3-5ee7f1912cd3	NR_133752.1	88.189	127	6	7	1	121	1311	1188	2.85e-34	143
39c19e0a-0185-427a-89d3-5ee7f1912cd3	NR_133753.1	88.189	127	6	7	1	121	1340	1217	2.85e-34	143
39c19e0a-0185-427a-89d3-5ee7f1912cd3	NR_025903.1	88.189	127	6	7	1	121	1386	1263	2.85e-34	143
39c19e0a-0185-427a-89d3-5ee7f1912cd3	NR_026469.1	87.500	120	6	8	2	115	1375	1259	2.22e-30	130
f2cfb1d3-550b-41e6-ad1a-19f5a876e2cc	NR_025892.1	90.071	141	9	4	1	138	159	21	8.85e-45	178
f2cfb1d3-550b-41e6-ad1a-19f5a876e2cc	NR_117694.1	90.370	135	8	4	1	132	133	1	4.12e-43	172
f2cfb1d3-550b-41e6-ad1a-19f5a876e2cc	NR_044180.1	86.047	129	13	4	7	132	127	1	1.94e-31	134
f2cfb1d3-550b-41e6-ad1a-19f5a876e2cc	NR_181060.1	85.075	134	15	5	6	138	144	15	6.99e-31	132
f2cfb1d3-550b-41e6-ad1a-19f5a876e2cc	NR_025403.1	84.746	118	14	4	7	122	116	1	7.04e-26	115
9d95da21-f2eb-4713-b792-61199e8fc05a	NR_024659.1	95.210	167	6	2	1	167	769	933	3.02e-70	263
9d95da21-f2eb-4713-b792-61199e8fc05a	NR_028664.1	95.210	167	6	2	1	167	809	973	3.02e-70	263
9d95da21-f2eb-4713-b792-61199e8fc05a	NR_042927.1	95.210	167	6	2	1	167	788	952	3.02e-70	263
9d95da21-f2eb-4713-b792-61199e8fc05a	NR_114413.1	95.210	167	6	2	1	167	811	975	3.02e-70	263
9d95da21-f2eb-4713-b792-61199e8fc05a	NR_115240.1	95.210	167	6	2	1	167	786	950	3.02e-70	263
3e879702-e2ee-4bc2-b8d7-579ccb9ce5e8	NR_028682.1	96.552	58	2	0	3	60	70	13	8.87e-21	97.1
3e879702-e2ee-4bc2-b8d7-579ccb9ce5e8	NR_025862.1	95.000	60	3	0	3	62	70	11	8.87e-21	97.1
3e879702-e2ee-4bc2-b8d7-579ccb9ce5e8	NR_180089.1	98.148	54	1	0	9	62	55	2	3.19e-20	95.3
3e879702-e2ee-4bc2-b8d7-579ccb9ce5e8	NR_025863.1	100.000	50	0	0	13	62	60	11	1.15e-19	93.5
3e879702-e2ee-4bc2-b8d7-579ccb9ce5e8	NR_116727.1	100.000	50	0	0	13	62	59	10	1.15e-19	93.5
49ff6fd6-91fc-43a2-8fae-cad94e3937b3	NR_163639.1	96.907	194	5	1	43	235	197	4	1.94e-88	324
49ff6fd6-91fc-43a2-8fae-cad94e3937b3	NR_074980.1	96.373	193	6	1	43	234	205	13	3.25e-86	316
49ff6fd6-91fc-43a2-8fae-cad94e3937b3	NR_113031.1	96.373	193	6	1	43	234	205	13	3.25e-86	316
49ff6fd6-91fc-43a2-8fae-cad94e3937b3	NR_119168.1	96.721	183	5	1	43	224	183	1	2.53e-82	303
49ff6fd6-91fc-43a2-8fae-cad94e3937b3	NR_119169.1	96.175	183	6	1	43	224	183	1	3.27e-81	300
1cc66f39-11b6-46d9-968f-54e34b9af84c	NR_115355.1	93.061	245	10	7	1	240	243	1	7.62e-98	355
1cc66f39-11b6-46d9-968f-54e34b9af84c	NR_119169.1	93.061	245	10	7	1	240	248	6	2.74e-97	353
1cc66f39-11b6-46d9-968f-54e34b9af84c	NR_119168.1	93.061	245	10	7	1	240	248	6	9.86e-97	351
1cc66f39-11b6-46d9-968f-54e34b9af84c	NR_163639.1	91.860	258	12	8	1	254	262	10	9.86e-97	351
1cc66f39-11b6-46d9-968f-54e34b9af84c	NR_043332.1	92.653	245	11	7	1	240	243	1	4.59e-95	346
b1091c72-8bf2-40ae-9147-6e6b516d03c9	NR_024842.1	92.857	224	7	6	4	220	1456	1235	3.17e-86	316
b1091c72-8bf2-40ae-9147-6e6b516d03c9	NR_115241.1	92.857	224	7	6	4	220	1441	1220	3.17e-86	316
b1091c72-8bf2-40ae-9147-6e6b516d03c9	NR_115735.1	92.857	224	7	6	4	220	1432	1211	3.17e-86	316
b1091c72-8bf2-40ae-9147-6e6b516d03c9	NR_117425.1	95.025	201	7	3	22	220	1422	1223	4.10e-85	313
b1091c72-8bf2-40ae-9147-6e6b516d03c9	NR_178262.1	92.444	225	7	8	4	220	1336	1114	4.10e-85	313
1f779363-866a-4c35-aad0-ef2e866f79bf	NR_125571.1	89.655	87	9	0	1	87	99	13	1.95e-25	113
1f779363-866a-4c35-aad0-ef2e866f79bf	NR_125570.1	98.246	57	1	0	1	57	57	1	1.52e-21	100
1f779363-866a-4c35-aad0-ef2e866f79bf	NR_121745.1	100.000	32	0	0	1	32	110	79	2.58e-09	60.2
1f779363-866a-4c35-aad0-ef2e866f79bf	NR_116135.1	100.000	31	0	0	1	31	32	2	9.29e-09	58.4
1f779363-866a-4c35-aad0-ef2e866f79bf	NR_037105.1	100.000	30	0	0	1	30	83	54	3.34e-08	56.5
b804a63c-6eab-4c44-9273-ea0676f7c052	NR_042776.1	93.038	158	10	1	4	160	175	18	2.80e-60	230
b804a63c-6eab-4c44-9273-ea0676f7c052	NR_042777.1	93.038	158	10	1	4	160	175	18	2.80e-60	230
b804a63c-6eab-4c44-9273-ea0676f7c052	NR_042778.1	93.038	158	10	1	4	160	175	18	2.80e-60	230
b804a63c-6eab-4c44-9273-ea0676f7c052	NR_024841.1	92.405	158	11	1	4	160	164	7	1.30e-58	224
b804a63c-6eab-4c44-9273-ea0676f7c052	NR_118234.1	92.405	158	11	1	4	160	167	10	1.30e-58	224
3614c871-f4ed-46d2-87a9-66b35a6d4ba9	NR_043332.1	98.276	116	1	1	20	135	1371	1485	5.07e-52	202
3614c871-f4ed-46d2-87a9-66b35a6d4ba9	NR_074980.1	98.276	116	1	1	20	135	1398	1512	5.07e-52	202
3614c871-f4ed-46d2-87a9-66b35a6d4ba9	NR_113031.1	98.276	116	1	1	20	135	1398	1512	5.07e-52	202
3614c871-f4ed-46d2-87a9-66b35a6d4ba9	NR_115354.1	98.276	116	1	1	20	135	1371	1485	5.07e-52	202
3614c871-f4ed-46d2-87a9-66b35a6d4ba9	NR_115355.1	98.276	116	1	1	20	135	1371	1485	5.07e-52	202
d2d8c934-86a0-4a0d-81b5-560cebd42c28	NR_133753.1	96.457	254	1	8	1	248	411	160	4.29e-115	412
d2d8c934-86a0-4a0d-81b5-560cebd42c28	NR_025903.1	96.457	254	1	8	1	248	457	206	4.29e-115	412
d2d8c934-86a0-4a0d-81b5-560cebd42c28	NR_133752.1	96.063	254	2	8	1	248	382	131	2.00e-113	407
d2d8c934-86a0-4a0d-81b5-560cebd42c28	NR_026419.1	95.686	255	1	9	4	250	442	190	9.28e-112	401
d2d8c934-86a0-4a0d-81b5-560cebd42c28	NR_025904.1	94.615	260	2	12	1	250	459	202	5.59e-109	392
ac48cf62-c716-400d-9fcc-76cb93df6a03	NR_024842.1	97.674	129	3	0	3	131	1360	1488	3.93e-58	222
ac48cf62-c716-400d-9fcc-76cb93df6a03	NR_041706.1	97.674	129	3	0	3	131	1355	1483	3.93e-58	222
ac48cf62-c716-400d-9fcc-76cb93df6a03	NR_042052.1	97.674	129	3	0	3	131	1268	1396	3.93e-58	222
ac48cf62-c716-400d-9fcc-76cb93df6a03	NR_025689.1	97.674	129	3	0	3	131	1355	1483	3.93e-58	222
ac48cf62-c716-400d-9fcc-76cb93df6a03	NR_025625.1	97.674	129	3	0	3	131	1354	1482	3.93e-58	222
6f383ed0-2892-4eac-ba53-f7882449c81f	NR_024842.1	96.094	128	4	1	5	131	1362	1489	1.09e-53	207
6f383ed0-2892-4eac-ba53-f7882449c81f	NR_041706.1	96.094	128	4	1	5	131	1357	1484	1.09e-53	207
6f383ed0-2892-4eac-ba53-f7882449c81f	NR_042052.1	96.094	128	4	1	5	131	1270	1397	1.09e-53	207
6f383ed0-2892-4eac-ba53-f7882449c81f	NR_025625.1	96.094	128	4	1	5	131	1356	1483	1.09e-53	207
6f383ed0-2892-4eac-ba53-f7882449c81f	NR_028705.1	96.094	128	4	1	5	131	1360	1487	1.09e-53	207
d86bc319-de9f-47ec-a6f8-2d353971a00b	NR_026492.1	85.981	214	28	2	2	214	1241	1453	1.40e-59	228
d86bc319-de9f-47ec-a6f8-2d353971a00b	NR_074579.1	86.473	207	27	1	9	214	1272	1478	5.05e-59	226
d86bc319-de9f-47ec-a6f8-2d353971a00b	NR_117718.1	86.058	208	27	2	9	214	1271	1478	6.53e-58	222
d86bc319-de9f-47ec-a6f8-2d353971a00b	NR_024921.1	85.990	207	27	2	9	214	1285	1490	2.35e-57	220
d86bc319-de9f-47ec-a6f8-2d353971a00b	NR_025298.1	85.990	207	27	2	9	214	1276	1481	2.35e-57	220
9b3ada67-1493-49ec-92ce-4111f57bf591	NR_042649.1	94.245	139	0	6	1	133	1401	1265	3.79e-53	206
9b3ada67-1493-49ec-92ce-4111f57bf591	NR_115087.1	94.245	139	0	6	1	133	1341	1205	3.79e-53	206
9b3ada67-1493-49ec-92ce-4111f57bf591	NR_117375.1	94.245	139	0	6	1	133	1370	1234	3.79e-53	206
9b3ada67-1493-49ec-92ce-4111f57bf591	NR_024841.1	94.203	138	0	6	1	132	1407	1272	1.36e-52	204
9b3ada67-1493-49ec-92ce-4111f57bf591	NR_024842.1	94.203	138	0	6	1	132	1408	1273	1.36e-52	204
f2a3a769-73bd-4661-adc8-ad56f6889237	NR_115355.1	93.421	304	7	9	1	293	1409	1108	8.66e-123	438
f2a3a769-73bd-4661-adc8-ad56f6889237	NR_041879.1	93.115	305	7	10	1	293	1367	1065	1.12e-121	435
f2a3a769-73bd-4661-adc8-ad56f6889237	NR_163639.1	93.092	304	8	9	1	293	1424	1123	4.03e-121	433
f2a3a769-73bd-4661-adc8-ad56f6889237	NR_179325.1	93.092	304	8	9	1	293	1383	1082	4.03e-121	433
f2a3a769-73bd-4661-adc8-ad56f6889237	NR_119169.1	92.763	304	9	9	1	293	1414	1113	5.21e-120	429
7b854eed-22ae-4542-a190-bac2d0c280ad	NR_027203.1	98.558	208	1	2	1	206	1257	1464	2.73e-101	366
7b854eed-22ae-4542-a190-bac2d0c280ad	NR_027191.1	98.551	207	2	1	1	206	1240	1446	9.82e-101	364
7b854eed-22ae-4542-a190-bac2d0c280ad	NR_036995.1	98.544	206	2	1	2	206	1269	1474	3.53e-100	363
7b854eed-22ae-4542-a190-bac2d0c280ad	NR_024712.1	98.068	207	2	2	1	206	1257	1462	4.57e-99	359
7b854eed-22ae-4542-a190-bac2d0c280ad	NR_028608.1	97.585	207	4	1	1	206	1251	1457	2.13e-97	353
20cf05e1-333a-4394-9ca3-7839a8fdb1ab	NR_042776.1	96.682	211	4	2	1	210	231	23	1.02e-95	348
20cf05e1-333a-4394-9ca3-7839a8fdb1ab	NR_042778.1	96.682	211	4	2	1	210	231	23	1.02e-95	348
20cf05e1-333a-4394-9ca3-7839a8fdb1ab	NR_118998.1	95.735	211	6	2	1	210	226	18	6.15e-93	339
20cf05e1-333a-4394-9ca3-7839a8fdb1ab	NR_042777.1	95.735	211	6	2	1	210	231	23	2.21e-92	337
20cf05e1-333a-4394-9ca3-7839a8fdb1ab	NR_197695.1	94.313	211	9	2	1	210	230	22	2.23e-87	320
ad74e77f-1613-4e9e-a906-edca96613304	NR_199547.1	95.294	255	7	5	1	251	139	392	3.50e-111	399
ad74e77f-1613-4e9e-a906-edca96613304	NR_042928.1	94.902	255	8	5	1	251	159	412	1.63e-109	394
ad74e77f-1613-4e9e-a906-edca96613304	NR_112026.1	94.902	255	8	5	1	251	142	395	1.63e-109	394
ad74e77f-1613-4e9e-a906-edca96613304	NR_116206.1	94.510	255	9	5	1	251	84	337	2.11e-108	390
ad74e77f-1613-4e9e-a906-edca96613304	NR_109720.1	94.000	250	10	5	6	251	160	408	2.12e-103	374
0ff99a16-d4cd-46b9-bbdc-ccfac13bb785	NR_044873.1	92.484	306	8	11	1	295	1230	929	2.38e-118	424
0ff99a16-d4cd-46b9-bbdc-ccfac13bb785	NR_074568.1	91.176	306	12	11	1	295	1240	939	1.12e-111	401
0ff99a16-d4cd-46b9-bbdc-ccfac13bb785	NR_044712.2	90.850	306	13	11	1	295	1249	948	1.44e-110	398
0ff99a16-d4cd-46b9-bbdc-ccfac13bb785	NR_025310.1	90.879	307	11	12	1	295	1220	919	5.19e-110	396
0ff99a16-d4cd-46b9-bbdc-ccfac13bb785	NR_109752.1	90.850	306	13	10	1	295	1251	950	5.19e-110	396
fcf7781c-363a-4735-966d-4c8a1de36250	NR_044873.1	97.826	184	2	2	1	183	86	268	2.71e-86	316
fcf7781c-363a-4735-966d-4c8a1de36250	NR_074568.1	94.565	184	8	2	1	183	97	279	2.75e-76	283
fcf7781c-363a-4735-966d-4c8a1de36250	NR_024785.1	94.022	184	9	2	1	183	54	236	1.28e-74	278
fcf7781c-363a-4735-966d-4c8a1de36250	NR_044712.2	93.478	184	10	2	1	183	106	288	4.60e-74	276
fcf7781c-363a-4735-966d-4c8a1de36250	NR_178360.1	91.351	185	13	3	1	183	63	246	2.79e-66	250
75592382-2fcc-4c11-ab9f-899f9f805a76	NR_042776.1	89.630	270	15	11	4	271	277	19	1.36e-90	331
75592382-2fcc-4c11-ab9f-899f9f805a76	NR_042778.1	89.259	270	16	11	4	271	277	19	6.32e-89	326
75592382-2fcc-4c11-ab9f-899f9f805a76	NR_042777.1	88.889	270	17	11	4	271	277	19	2.94e-87	320
75592382-2fcc-4c11-ab9f-899f9f805a76	NR_118998.1	88.148	270	19	11	4	271	272	14	1.77e-84	311
75592382-2fcc-4c11-ab9f-899f9f805a76	NR_197695.1	88.192	271	17	12	4	271	276	18	6.37e-84	309
281d8ac8-e838-492c-87f2-d8b0d54609f6	NR_024842.1	94.631	149	5	3	19	164	156	8	1.05e-59	228
281d8ac8-e838-492c-87f2-d8b0d54609f6	NR_115241.1	95.035	141	5	2	19	157	141	1	1.76e-57	220
281d8ac8-e838-492c-87f2-d8b0d54609f6	NR_114413.1	93.289	149	7	3	19	164	164	16	2.27e-56	217
281d8ac8-e838-492c-87f2-d8b0d54609f6	NR_199956.1	93.289	149	7	3	19	164	161	13	2.27e-56	217
281d8ac8-e838-492c-87f2-d8b0d54609f6	NR_199974.1	93.289	149	7	3	19	164	168	20	2.27e-56	217
5699daf7-915e-405d-8457-7574d2511a2d	NR_028664.1	94.805	154	5	3	1	152	166	14	1.57e-62	237
5699daf7-915e-405d-8457-7574d2511a2d	NR_028665.1	94.805	154	5	3	1	152	160	8	1.57e-62	237
5699daf7-915e-405d-8457-7574d2511a2d	NR_115560.1	95.364	151	4	3	1	149	163	14	1.57e-62	237
5699daf7-915e-405d-8457-7574d2511a2d	NR_117719.1	94.805	154	5	3	1	152	163	11	1.57e-62	237
5699daf7-915e-405d-8457-7574d2511a2d	NR_175455.1	95.918	147	4	2	1	146	151	6	1.57e-62	237
18b868d4-f509-42df-a564-f1d380d0748a	NR_024842.1	94.561	239	6	5	1	236	242	8	4.13e-100	363
18b868d4-f509-42df-a564-f1d380d0748a	NR_115241.1	94.805	231	6	4	1	229	227	1	6.91e-98	355
18b868d4-f509-42df-a564-f1d380d0748a	NR_115735.1	94.144	222	6	5	1	219	218	1	1.16e-90	331
18b868d4-f509-42df-a564-f1d380d0748a	NR_165737.1	91.379	232	12	6	1	229	227	1	1.52e-84	311
18b868d4-f509-42df-a564-f1d380d0748a	NR_178515.1	91.379	232	12	6	1	229	227	1	1.52e-84	311
7028d2d3-679d-42f5-a542-0c87be5f9c2a	NR_041880.1	96.296	135	3	2	1	134	1266	1399	1.43e-57	220
7028d2d3-679d-42f5-a542-0c87be5f9c2a	NR_043332.1	96.296	135	3	2	1	134	1310	1443	1.43e-57	220
7028d2d3-679d-42f5-a542-0c87be5f9c2a	NR_074980.1	96.296	135	3	2	1	134	1337	1470	1.43e-57	220
7028d2d3-679d-42f5-a542-0c87be5f9c2a	NR_113031.1	96.296	135	3	2	1	134	1337	1470	1.43e-57	220
7028d2d3-679d-42f5-a542-0c87be5f9c2a	NR_113570.1	96.296	135	3	2	1	134	1317	1450	1.43e-57	220
27f890fb-e1ef-4049-ae19-984f237353cb	NR_025892.1	97.268	183	3	2	9	189	1436	1254	4.28e-84	309
27f890fb-e1ef-4049-ae19-984f237353cb	NR_025902.1	97.268	183	3	2	9	189	1389	1207	4.28e-84	309
27f890fb-e1ef-4049-ae19-984f237353cb	NR_040933.1	97.268	183	3	2	9	189	1433	1251	4.28e-84	309
27f890fb-e1ef-4049-ae19-984f237353cb	NR_104947.1	97.268	183	3	2	9	189	1384	1202	4.28e-84	309
27f890fb-e1ef-4049-ae19-984f237353cb	NR_114040.1	97.268	183	3	2	9	189	1412	1230	4.28e-84	309
655fe01c-ac5d-4400-8954-e6b5e4a3fe6d	NR_114365.1	88.679	159	11	5	2	154	1429	1272	1.83e-47	187
655fe01c-ac5d-4400-8954-e6b5e4a3fe6d	NR_114385.1	88.679	159	11	5	2	154	1429	1272	1.83e-47	187
655fe01c-ac5d-4400-8954-e6b5e4a3fe6d	NR_042778.1	93.600	125	7	1	31	155	1401	1278	6.59e-47	185
655fe01c-ac5d-4400-8954-e6b5e4a3fe6d	NR_118998.1	93.600	125	7	1	31	155	1395	1272	6.59e-47	185
655fe01c-ac5d-4400-8954-e6b5e4a3fe6d	NR_136466.1	93.600	125	6	2	31	154	1391	1268	6.59e-47	185
fc3ea575-0f01-48a8-bf2d-f75bf842c8b5	NR_024842.1	94.805	77	3	1	1	76	84	8	2.58e-27	119
fc3ea575-0f01-48a8-bf2d-f75bf842c8b5	NR_114413.1	93.506	77	4	1	1	76	92	16	1.20e-25	113
fc3ea575-0f01-48a8-bf2d-f75bf842c8b5	NR_152678.1	93.506	77	4	1	1	76	89	13	1.20e-25	113
fc3ea575-0f01-48a8-bf2d-f75bf842c8b5	NR_156072.1	93.506	77	4	1	1	76	89	13	1.20e-25	113
fc3ea575-0f01-48a8-bf2d-f75bf842c8b5	NR_179720.1	93.506	77	4	1	1	76	89	13	1.20e-25	113
2fdd8018-71c3-4eb5-869f-3bb17beaa6dd	NR_024842.1	96.970	231	6	1	1	231	1459	1230	2.40e-107	387
2fdd8018-71c3-4eb5-869f-3bb17beaa6dd	NR_115241.1	96.970	231	6	1	1	231	1444	1215	2.40e-107	387
2fdd8018-71c3-4eb5-869f-3bb17beaa6dd	NR_115735.1	96.970	231	6	1	1	231	1435	1206	2.40e-107	387
2fdd8018-71c3-4eb5-869f-3bb17beaa6dd	NR_117425.1	96.552	232	6	2	1	231	1448	1218	3.11e-106	383
2fdd8018-71c3-4eb5-869f-3bb17beaa6dd	NR_178262.1	96.552	232	6	2	1	231	1339	1109	3.11e-106	383
18a7e637-ae89-468c-9316-98ffd16fe788	NR_042776.1	99.565	230	1	0	1	230	1469	1240	2.37e-117	420
18a7e637-ae89-468c-9316-98ffd16fe788	NR_042777.1	99.565	230	1	0	1	230	1468	1239	2.37e-117	420
18a7e637-ae89-468c-9316-98ffd16fe788	NR_042778.1	99.130	230	2	0	1	230	1469	1240	1.10e-115	414
18a7e637-ae89-468c-9316-98ffd16fe788	NR_118998.1	99.130	230	2	0	1	230	1463	1234	1.10e-115	414
18a7e637-ae89-468c-9316-98ffd16fe788	NR_042052.1	98.696	230	3	0	1	230	1367	1138	5.13e-114	409
8a40a28f-e37f-403a-8e8a-cf93ed261aa7	NR_074980.1	94.964	139	2	5	1	136	150	14	2.36e-55	213
8a40a28f-e37f-403a-8e8a-cf93ed261aa7	NR_113031.1	94.964	139	2	5	1	136	150	14	2.36e-55	213
8a40a28f-e37f-403a-8e8a-cf93ed261aa7	NR_163639.1	94.964	139	2	5	1	136	142	6	2.36e-55	213
8a40a28f-e37f-403a-8e8a-cf93ed261aa7	NR_119168.1	95.385	130	2	4	1	128	128	1	1.42e-52	204
8a40a28f-e37f-403a-8e8a-cf93ed261aa7	NR_119169.1	95.385	130	2	4	1	128	128	1	1.42e-52	204
519f544b-7418-46aa-95f5-9da40d8a768f	NR_024842.1	89.600	125	5	8	6	127	127	8	4.82e-37	152
519f544b-7418-46aa-95f5-9da40d8a768f	NR_114413.1	89.256	121	6	7	9	127	131	16	8.07e-35	145
519f544b-7418-46aa-95f5-9da40d8a768f	NR_152678.1	89.256	121	6	7	9	127	128	13	8.07e-35	145
519f544b-7418-46aa-95f5-9da40d8a768f	NR_156072.1	89.256	121	6	7	9	127	128	13	8.07e-35	145
519f544b-7418-46aa-95f5-9da40d8a768f	NR_179720.1	89.256	121	6	7	9	127	128	13	8.07e-35	145
a76d94e9-7cac-48d7-a982-7b898803e9f5	NR_025892.1	99.020	102	0	1	1	101	120	19	4.70e-46	182
a76d94e9-7cac-48d7-a982-7b898803e9f5	NR_117717.1	98.020	101	1	1	2	101	114	14	7.87e-44	174
a76d94e9-7cac-48d7-a982-7b898803e9f5	NR_121687.1	98.020	101	1	1	2	101	113	13	7.87e-44	174
a76d94e9-7cac-48d7-a982-7b898803e9f5	NR_121688.1	98.020	101	1	1	2	101	113	13	7.87e-44	174
a76d94e9-7cac-48d7-a982-7b898803e9f5	NR_043459.1	97.087	103	1	2	1	101	116	14	2.83e-43	172
39e57ac1-3495-4e86-bdca-b4b6f5f4643d	NR_026419.1	95.082	915	23	16	1	904	527	1430	0.0	1421
39e57ac1-3495-4e86-bdca-b4b6f5f4643d	NR_133752.1	94.426	915	29	16	1	904	464	1367	0.0	1387
39e57ac1-3495-4e86-bdca-b4b6f5f4643d	NR_133753.1	94.426	915	29	16	1	904	493	1396	0.0	1387
39e57ac1-3495-4e86-bdca-b4b6f5f4643d	NR_025904.1	94.426	915	29	16	1	904	538	1441	0.0	1387
39e57ac1-3495-4e86-bdca-b4b6f5f4643d	NR_025903.1	94.426	915	29	16	1	904	539	1442	0.0	1387
bdc35c07-088e-41f7-9f32-a828c0abeb9d	NR_042776.1	97.932	967	12	7	3	967	542	1502	0.0	1668
bdc35c07-088e-41f7-9f32-a828c0abeb9d	NR_042777.1	97.932	967	12	7	3	967	541	1501	0.0	1668
bdc35c07-088e-41f7-9f32-a828c0abeb9d	NR_042778.1	97.725	967	14	7	3	967	542	1502	0.0	1657
bdc35c07-088e-41f7-9f32-a828c0abeb9d	NR_197695.1	97.518	967	16	7	3	967	541	1501	0.0	1646
bdc35c07-088e-41f7-9f32-a828c0abeb9d	NR_118998.1	97.208	967	18	8	3	967	537	1496	0.0	1628
302b8236-2523-46c3-8199-59205c6616e1	NR_026419.1	91.580	1152	65	24	1	1132	350	1489	0.0	1561
302b8236-2523-46c3-8199-59205c6616e1	NR_025903.1	91.187	1146	80	20	1	1132	362	1500	0.0	1537
302b8236-2523-46c3-8199-59205c6616e1	NR_133753.1	92.091	1100	67	19	1	1087	316	1408	0.0	1531
302b8236-2523-46c3-8199-59205c6616e1	NR_133752.1	91.909	1100	69	19	1	1087	287	1379	0.0	1520
302b8236-2523-46c3-8199-59205c6616e1	NR_025904.1	90.679	1148	82	22	1	1132	361	1499	0.0	1504
ddde97f6-5244-4973-9a88-346a78951d87	NR_028664.1	95.284	1251	27	24	1	1244	276	1501	0.0	1954
ddde97f6-5244-4973-9a88-346a78951d87	NR_042927.1	95.491	1242	24	24	1	1235	255	1471	0.0	1954
ddde97f6-5244-4973-9a88-346a78951d87	NR_115734.1	95.491	1242	24	24	1	1235	256	1472	0.0	1954
ddde97f6-5244-4973-9a88-346a78951d87	NR_179383.1	95.284	1251	27	24	1	1244	280	1505	0.0	1954
ddde97f6-5244-4973-9a88-346a78951d87	NR_199545.1	95.280	1250	28	23	1	1244	273	1497	0.0	1953
9aced0b4-2900-488b-bf82-6d12b76ae966	NR_042776.1	97.037	270	3	4	1	269	1237	1502	3.57e-126	449
9aced0b4-2900-488b-bf82-6d12b76ae966	NR_042777.1	97.037	270	3	4	1	269	1236	1501	3.57e-126	449
9aced0b4-2900-488b-bf82-6d12b76ae966	NR_181987.1	96.296	270	6	3	1	269	1219	1485	2.15e-123	440
9aced0b4-2900-488b-bf82-6d12b76ae966	NR_042052.1	96.296	270	5	4	1	269	1135	1400	7.73e-123	438
9aced0b4-2900-488b-bf82-6d12b76ae966	NR_042778.1	96.296	270	5	4	1	269	1237	1502	7.73e-123	438
96b2f3cd-87c8-4c9d-9b27-a64f809adb30	NR_042928.1	98.098	368	4	3	1	367	370	5	0.0	638
96b2f3cd-87c8-4c9d-9b27-a64f809adb30	NR_109720.1	97.814	366	7	1	1	365	366	1	1.71e-180	630
96b2f3cd-87c8-4c9d-9b27-a64f809adb30	NR_199547.1	98.854	349	2	2	1	348	350	3	1.03e-177	621
96b2f3cd-87c8-4c9d-9b27-a64f809adb30	NR_036936.1	96.739	368	11	1	1	367	372	5	1.73e-175	614
96b2f3cd-87c8-4c9d-9b27-a64f809adb30	NR_112026.1	98.028	355	4	3	1	354	353	1	1.73e-175	614
edd154ad-f9b2-4dc5-a5d7-ea9334d0e2c3	NR_116168.1	96.183	393	13	2	1	392	488	97	0.0	641
edd154ad-f9b2-4dc5-a5d7-ea9334d0e2c3	NR_042878.1	95.674	393	15	2	1	392	467	76	0.0	638
edd154ad-f9b2-4dc5-a5d7-ea9334d0e2c3	NR_118762.1	93.384	393	24	2	1	392	491	100	5.00e-171	599
edd154ad-f9b2-4dc5-a5d7-ea9334d0e2c3	NR_025423.1	94.148	393	21	2	1	392	472	81	1.80e-170	597
edd154ad-f9b2-4dc5-a5d7-ea9334d0e2c3	NR_118143.1	92.875	393	26	2	1	392	469	78	1.09e-162	571
fd5fa44e-a941-422f-992d-63d477973e65	NR_042928.1	92.494	1239	43	38	1	1208	1220	1	0.0	1727
fd5fa44e-a941-422f-992d-63d477973e65	NR_199547.1	92.681	1216	40	37	1	1185	1200	3	0.0	1707
fd5fa44e-a941-422f-992d-63d477973e65	NR_117719.1	91.974	1246	49	39	2	1215	1239	13	0.0	1700
fd5fa44e-a941-422f-992d-63d477973e65	NR_112026.1	92.390	1222	42	39	1	1191	1202	1	0.0	1696
fd5fa44e-a941-422f-992d-63d477973e65	NR_179540.1	91.827	1248	49	41	1	1215	1240	13	0.0	1690
e83c2595-9dd3-4bdd-b469-57d2fa6078d1	NR_136788.1	98.477	1116	11	5	4	1116	1125	13	0.0	1962
e83c2595-9dd3-4bdd-b469-57d2fa6078d1	NR_113082.1	95.170	1118	44	9	4	1116	1125	13	0.0	1757
e83c2595-9dd3-4bdd-b469-57d2fa6078d1	NR_026230.1	94.399	1107	54	7	4	1106	1103	1	0.0	1718
e83c2595-9dd3-4bdd-b469-57d2fa6078d1	NR_152035.1	89.364	1100	99	17	28	1116	1106	14	0.0	1367
e83c2595-9dd3-4bdd-b469-57d2fa6078d1	NR_074234.1	89.091	1100	102	17	28	1116	1112	20	0.0	1351
b9300ecb-ba08-4e5b-a560-5143dcd6f556	NR_117719.1	92.184	870	43	19	1	860	642	1496	0.0	1206
b9300ecb-ba08-4e5b-a560-5143dcd6f556	NR_179540.1	92.193	871	40	20	1	860	642	1495	0.0	1206
b9300ecb-ba08-4e5b-a560-5143dcd6f556	NR_179383.1	92.069	870	44	19	1	860	649	1503	0.0	1201
b9300ecb-ba08-4e5b-a560-5143dcd6f556	NR_175455.1	91.963	871	44	20	1	860	630	1485	0.0	1197
b9300ecb-ba08-4e5b-a560-5143dcd6f556	NR_028664.1	91.954	870	45	19	1	860	645	1499	0.0	1195
b5b7b45a-bc31-404f-ba6c-5a54890161c0	NR_113229.1	93.623	345	10	8	4	337	30	373	9.57e-143	505
b5b7b45a-bc31-404f-ba6c-5a54890161c0	NR_036844.1	93.333	345	11	8	4	337	29	372	4.45e-141	499
b5b7b45a-bc31-404f-ba6c-5a54890161c0	NR_028769.1	89.884	346	20	11	4	337	30	372	4.58e-121	433
b5b7b45a-bc31-404f-ba6c-5a54890161c0	NR_025647.1	88.825	349	19	14	4	337	29	372	2.15e-114	411
b5b7b45a-bc31-404f-ba6c-5a54890161c0	NR_113161.1	88.825	349	19	14	4	337	30	373	2.15e-114	411
90700f53-e12a-4f48-b0da-d3ca644a53fb	NR_179540.1	94.900	647	18	8	1	645	856	1489	0.0	998
90700f53-e12a-4f48-b0da-d3ca644a53fb	NR_042927.1	95.141	638	17	8	3	638	840	1465	0.0	994
90700f53-e12a-4f48-b0da-d3ca644a53fb	NR_115734.1	95.141	638	17	8	3	638	841	1466	0.0	994
90700f53-e12a-4f48-b0da-d3ca644a53fb	NR_117719.1	94.745	647	20	8	1	645	856	1490	0.0	994
90700f53-e12a-4f48-b0da-d3ca644a53fb	NR_028664.1	94.729	645	20	9	3	645	861	1493	0.0	990
78f7f105-1a9d-4e23-9f48-3f9fb65840a5	NR_115355.1	96.057	558	13	7	1	553	555	2	0.0	904
78f7f105-1a9d-4e23-9f48-3f9fb65840a5	NR_119169.1	95.878	558	14	7	1	553	560	7	0.0	898
78f7f105-1a9d-4e23-9f48-3f9fb65840a5	NR_119168.1	95.878	558	14	7	1	553	560	7	0.0	894
78f7f105-1a9d-4e23-9f48-3f9fb65840a5	NR_163639.1	95.122	574	15	9	1	567	571	4	0.0	893
78f7f105-1a9d-4e23-9f48-3f9fb65840a5	NR_043332.1	95.699	558	15	7	1	553	555	2	0.0	889
ad884834-eef3-48d8-b648-396b13170f67	NR_042776.1	97.629	464	6	4	1	462	1042	1502	0.0	791
ad884834-eef3-48d8-b648-396b13170f67	NR_042777.1	97.629	464	6	4	1	462	1041	1501	0.0	791
ad884834-eef3-48d8-b648-396b13170f67	NR_042778.1	97.198	464	8	4	1	462	1042	1502	0.0	780
ad884834-eef3-48d8-b648-396b13170f67	NR_118998.1	97.198	464	8	4	1	462	1036	1496	0.0	780
ad884834-eef3-48d8-b648-396b13170f67	NR_197695.1	97.198	464	8	4	1	462	1041	1501	0.0	780
0005d467-6ac7-4315-9572-b0e4f6cb0288	NR_133752.1	87.231	650	37	27	15	626	1073	432	0.0	699
0005d467-6ac7-4315-9572-b0e4f6cb0288	NR_133753.1	87.231	650	37	27	15	626	1102	461	0.0	699
0005d467-6ac7-4315-9572-b0e4f6cb0288	NR_025904.1	87.231	650	37	27	15	626	1147	506	0.0	699
0005d467-6ac7-4315-9572-b0e4f6cb0288	NR_025903.1	87.231	650	37	27	15	626	1148	507	0.0	699
0005d467-6ac7-4315-9572-b0e4f6cb0288	NR_026419.1	87.077	650	38	27	15	626	1136	495	0.0	693
a54503f4-c1e4-4c0e-a6fb-691078e60150	NR_102895.1	92.750	1200	51	28	1	1171	1231	39	0.0	1701
a54503f4-c1e4-4c0e-a6fb-691078e60150	NR_042843.1	92.667	1200	52	28	1	1171	1203	11	0.0	1698
a54503f4-c1e4-4c0e-a6fb-691078e60150	NR_113113.1	92.667	1200	52	28	1	1171	1211	19	0.0	1696
a54503f4-c1e4-4c0e-a6fb-691078e60150	NR_114305.1	91.181	1202	66	32	1	1171	1223	31	0.0	1596
a54503f4-c1e4-4c0e-a6fb-691078e60150	NR_116726.1	91.181	1202	66	32	1	1171	1203	11	0.0	1596
e1bd261a-c3fd-4799-80ce-3ac9b36380ad	NR_119170.1	93.817	1019	32	25	1	996	1011	1	0.0	1509
e1bd261a-c3fd-4799-80ce-3ac9b36380ad	NR_115354.1	93.787	1014	32	25	1	991	1006	1	0.0	1498
e1bd261a-c3fd-4799-80ce-3ac9b36380ad	NR_119169.1	93.209	1016	38	27	4	996	1008	1	0.0	1467
e1bd261a-c3fd-4799-80ce-3ac9b36380ad	NR_115355.1	93.274	1011	37	27	4	991	1003	1	0.0	1463
e1bd261a-c3fd-4799-80ce-3ac9b36380ad	NR_074980.1	92.857	1022	42	27	1	999	1033	20	0.0	1454
c945ad4b-3346-4454-8813-797f4c927aa6	NR_028682.1	94.934	454	14	9	1	448	1047	1497	0.0	702
c945ad4b-3346-4454-8813-797f4c927aa6	NR_024817.1	93.348	451	24	6	1	448	1030	1477	0.0	664
c945ad4b-3346-4454-8813-797f4c927aa6	NR_025435.1	93.377	453	21	9	1	448	1044	1492	0.0	662
c945ad4b-3346-4454-8813-797f4c927aa6	NR_025396.1	93.126	451	25	6	1	448	1018	1465	0.0	656
c945ad4b-3346-4454-8813-797f4c927aa6	NR_036793.2	93.157	453	22	9	1	448	1055	1503	0.0	656
a6f5662c-149a-4b8b-ba65-924882f8975e	NR_028666.1	95.276	254	7	5	1	251	1254	1505	1.21e-110	398
a6f5662c-149a-4b8b-ba65-924882f8975e	NR_028833.1	95.276	254	7	5	1	251	1257	1508	1.21e-110	398
a6f5662c-149a-4b8b-ba65-924882f8975e	NR_029052.1	95.276	254	7	5	1	251	1218	1469	1.21e-110	398
a6f5662c-149a-4b8b-ba65-924882f8975e	NR_036918.1	95.276	254	7	5	1	251	1247	1498	1.21e-110	398
a6f5662c-149a-4b8b-ba65-924882f8975e	NR_042771.1	95.276	254	7	5	1	251	1248	1499	1.21e-110	398
484985ba-aa63-4ea3-be97-beba946d33e2	NR_024842.1	97.368	494	6	5	1	489	994	1485	0.0	833
484985ba-aa63-4ea3-be97-beba946d33e2	NR_115735.1	97.368	494	6	5	1	489	970	1461	0.0	833
484985ba-aa63-4ea3-be97-beba946d33e2	NR_036936.1	97.172	495	6	6	1	489	979	1471	0.0	830
484985ba-aa63-4ea3-be97-beba946d33e2	NR_042927.1	97.172	495	6	6	1	489	979	1471	0.0	830
484985ba-aa63-4ea3-be97-beba946d33e2	NR_115734.1	97.172	495	6	6	1	489	980	1472	0.0	830
15635155-4da6-4f8f-bbfe-1ac8816bf7c3	NR_024842.1	88.889	837	53	33	1	808	833	8	0.0	998
15635155-4da6-4f8f-bbfe-1ac8816bf7c3	NR_115241.1	89.307	823	49	32	1	794	818	6	0.0	996
15635155-4da6-4f8f-bbfe-1ac8816bf7c3	NR_115735.1	89.133	819	49	33	1	789	809	1	0.0	983
15635155-4da6-4f8f-bbfe-1ac8816bf7c3	NR_178515.1	88.592	824	53	35	1	794	818	6	0.0	963
15635155-4da6-4f8f-bbfe-1ac8816bf7c3	NR_165737.1	88.364	825	53	36	1	794	818	6	0.0	952
75ae6abb-b7ff-4f95-a9fa-6a6a8603d8a8	NR_036936.1	96.401	389	5	8	1	384	385	1	0.0	634
75ae6abb-b7ff-4f95-a9fa-6a6a8603d8a8	NR_114537.1	96.543	376	4	8	1	371	372	1	1.78e-175	614
75ae6abb-b7ff-4f95-a9fa-6a6a8603d8a8	NR_109720.1	95.822	383	7	8	1	378	379	1	2.31e-174	610
75ae6abb-b7ff-4f95-a9fa-6a6a8603d8a8	NR_042928.1	94.859	389	9	9	1	384	383	1	1.80e-170	597
75ae6abb-b7ff-4f95-a9fa-6a6a8603d8a8	NR_028664.1	93.955	397	13	9	1	392	406	16	3.01e-168	590
ffb77f6d-02c5-40d2-9f06-e981dfe95192	NR_025862.1	95.628	709	20	10	1	705	716	15	0.0	1134
ffb77f6d-02c5-40d2-9f06-e981dfe95192	NR_028682.1	92.567	713	35	16	1	705	717	15	0.0	1007
ffb77f6d-02c5-40d2-9f06-e981dfe95192	NR_026454.1	90.844	699	47	16	1	688	693	1	0.0	920
ffb77f6d-02c5-40d2-9f06-e981dfe95192	NR_025863.1	88.128	716	65	20	1	705	721	15	0.0	837
ffb77f6d-02c5-40d2-9f06-e981dfe95192	NR_116890.1	88.326	711	57	23	1	694	705	4	0.0	832
94d1151c-fffa-4816-876f-378fe6998fca	NR_042928.1	98.012	1207	14	7	5	1210	1198	1	0.0	2087
94d1151c-fffa-4816-876f-378fe6998fca	NR_028664.1	97.695	1215	18	7	5	1218	1221	16	0.0	2080
94d1151c-fffa-4816-876f-378fe6998fca	NR_199545.1	97.695	1215	18	7	5	1218	1218	13	0.0	2080
94d1151c-fffa-4816-876f-378fe6998fca	NR_117719.1	97.613	1215	19	7	5	1218	1218	13	0.0	2074
94d1151c-fffa-4816-876f-378fe6998fca	NR_165744.1	97.533	1216	20	7	5	1219	1207	1	0.0	2071
509d493b-e7c1-4cf7-9a1e-716c50d11199	NR_074980.1	91.439	1425	63	41	1	1387	1416	13	0.0	1901
509d493b-e7c1-4cf7-9a1e-716c50d11199	NR_113031.1	91.439	1425	63	41	1	1387	1416	13	0.0	1901
509d493b-e7c1-4cf7-9a1e-716c50d11199	NR_113570.1	91.390	1417	62	42	1	1378	1396	1	0.0	1886
509d493b-e7c1-4cf7-9a1e-716c50d11199	NR_163639.1	91.234	1426	62	48	1	1388	1404	4	0.0	1882
509d493b-e7c1-4cf7-9a1e-716c50d11199	NR_115355.1	91.348	1410	63	42	1	1372	1389	1	0.0	1877
4873bf2f-e4ca-40bd-bc8c-aedda56bf1f8	NR_199547.1	91.980	611	25	20	3	596	617	14	0.0	835
4873bf2f-e4ca-40bd-bc8c-aedda56bf1f8	NR_042928.1	90.543	645	32	25	3	627	637	2	0.0	826
4873bf2f-e4ca-40bd-bc8c-aedda56bf1f8	NR_109720.1	90.328	641	36	22	2	623	634	1	0.0	817
4873bf2f-e4ca-40bd-bc8c-aedda56bf1f8	NR_112026.1	91.326	611	27	22	3	596	620	19	0.0	811
4873bf2f-e4ca-40bd-bc8c-aedda56bf1f8	NR_165747.1	89.922	645	36	25	3	627	637	2	0.0	804
6f105e69-a096-405c-9d4c-d4aeba3ca2c2	NR_025289.1	94.862	506	10	10	1	491	1075	571	0.0	776
6f105e69-a096-405c-9d4c-d4aeba3ca2c2	NR_118780.1	94.675	507	10	11	1	491	1082	577	0.0	771
6f105e69-a096-405c-9d4c-d4aeba3ca2c2	NR_144737.1	92.095	506	24	11	1	491	1101	597	0.0	699
6f105e69-a096-405c-9d4c-d4aeba3ca2c2	NR_144749.1	91.913	507	23	16	1	491	1100	596	0.0	693
6f105e69-a096-405c-9d4c-d4aeba3ca2c2	NR_028911.1	93.082	477	20	11	27	491	1060	585	0.0	686
8f27c73a-e4b6-46c2-b0fa-49a16350e309	NR_042928.1	97.033	1146	16	17	4	1139	1138	1	0.0	1912
8f27c73a-e4b6-46c2-b0fa-49a16350e309	NR_112026.1	96.811	1129	17	18	4	1122	1120	1	0.0	1869
8f27c73a-e4b6-46c2-b0fa-49a16350e309	NR_199547.1	96.975	1124	15	18	4	1116	1118	3	0.0	1869
8f27c73a-e4b6-46c2-b0fa-49a16350e309	NR_117719.1	96.164	1147	26	17	4	1140	1158	20	0.0	1858
8f27c73a-e4b6-46c2-b0fa-49a16350e309	NR_199545.1	96.164	1147	26	17	4	1140	1158	20	0.0	1858
c8884b8d-cfaf-4ce1-9c58-5e4608359788	NR_042776.1	92.874	870	26	30	1	850	649	1502	0.0	1230
c8884b8d-cfaf-4ce1-9c58-5e4608359788	NR_042777.1	92.874	870	26	30	1	850	648	1501	0.0	1230
c8884b8d-cfaf-4ce1-9c58-5e4608359788	NR_042778.1	92.644	870	28	30	1	850	649	1502	0.0	1219
c8884b8d-cfaf-4ce1-9c58-5e4608359788	NR_197695.1	92.529	870	29	30	1	850	648	1501	0.0	1214
c8884b8d-cfaf-4ce1-9c58-5e4608359788	NR_118998.1	92.069	870	32	31	1	850	644	1496	0.0	1190
e921c412-099d-403e-ba84-421f7946e0b6	NR_024842.1	93.923	362	12	7	8	361	367	8	2.81e-153	540
e921c412-099d-403e-ba84-421f7946e0b6	NR_115241.1	94.334	353	11	6	8	352	352	1	4.69e-151	532
e921c412-099d-403e-ba84-421f7946e0b6	NR_115735.1	94.477	344	10	6	8	343	343	1	1.02e-147	521
e921c412-099d-403e-ba84-421f7946e0b6	NR_165737.1	91.808	354	18	8	8	352	352	1	4.79e-136	483
e921c412-099d-403e-ba84-421f7946e0b6	NR_178515.1	91.808	354	18	8	8	352	352	1	4.79e-136	483
27be65ab-e591-49ea-9d26-79e9f7c8ff93	NR_113570.1	91.959	970	39	31	1	947	537	1490	0.0	1323
27be65ab-e591-49ea-9d26-79e9f7c8ff93	NR_043332.1	91.744	969	42	30	1	947	530	1482	0.0	1317
27be65ab-e591-49ea-9d26-79e9f7c8ff93	NR_074980.1	91.847	969	41	30	1	947	557	1509	0.0	1317
27be65ab-e591-49ea-9d26-79e9f7c8ff93	NR_113031.1	91.847	969	41	30	1	947	557	1509	0.0	1317
27be65ab-e591-49ea-9d26-79e9f7c8ff93	NR_115354.1	91.434	969	45	30	1	947	530	1482	0.0	1299
3d9bb86e-2f3d-4007-ac18-0d7b7a5330d1	NR_113570.1	90.901	1121	59	37	6	1099	374	1478	0.0	1465
3d9bb86e-2f3d-4007-ac18-0d7b7a5330d1	NR_043332.1	90.633	1121	62	37	6	1099	367	1471	0.0	1452
3d9bb86e-2f3d-4007-ac18-0d7b7a5330d1	NR_074980.1	90.633	1121	62	37	6	1099	394	1498	0.0	1448
3d9bb86e-2f3d-4007-ac18-0d7b7a5330d1	NR_113031.1	90.633	1121	62	37	6	1099	394	1498	0.0	1448
3d9bb86e-2f3d-4007-ac18-0d7b7a5330d1	NR_115355.1	90.277	1121	66	37	6	1099	367	1471	0.0	1426
