0ea0756a-6e28-4f00-b8cb-6430c6a8e203	NR_115241.1	92.679	642	26	17	1	635	628	1	0.0	905
0ea0756a-6e28-4f00-b8cb-6430c6a8e203	NR_024842.1	92.391	644	28	17	1	637	643	14	0.0	902
0ea0756a-6e28-4f00-b8cb-6430c6a8e203	NR_115735.1	92.417	633	26	18	1	625	619	1	0.0	883
0ea0756a-6e28-4f00-b8cb-6430c6a8e203	NR_178515.1	91.291	643	33	19	1	635	628	1	0.0	856
0ea0756a-6e28-4f00-b8cb-6430c6a8e203	NR_165737.1	91.135	643	34	19	1	635	628	1	0.0	850
4e393330-be67-4464-aa77-a102f594446b	NR_042776.1	96.066	788	23	7	21	805	717	1499	0.0	1277
4e393330-be67-4464-aa77-a102f594446b	NR_042777.1	96.066	788	23	7	21	805	716	1498	0.0	1277
4e393330-be67-4464-aa77-a102f594446b	NR_042778.1	95.812	788	25	7	21	805	717	1499	0.0	1266
4e393330-be67-4464-aa77-a102f594446b	NR_197695.1	95.558	788	27	7	21	805	716	1498	0.0	1254
4e393330-be67-4464-aa77-a102f594446b	NR_118998.1	95.305	788	28	8	21	805	712	1493	0.0	1242
cea7c173-785b-40d6-8be8-233e8a20b234	NR_026419.1	91.216	444	13	22	1	423	1349	911	1.96e-165	580
cea7c173-785b-40d6-8be8-233e8a20b234	NR_133752.1	90.519	443	18	20	1	423	1286	848	1.97e-160	564
cea7c173-785b-40d6-8be8-233e8a20b234	NR_133753.1	90.519	443	18	20	1	423	1315	877	1.97e-160	564
cea7c173-785b-40d6-8be8-233e8a20b234	NR_025903.1	90.519	443	18	20	1	423	1361	923	1.97e-160	564
cea7c173-785b-40d6-8be8-233e8a20b234	NR_025904.1	90.293	443	19	20	1	423	1360	922	9.19e-159	558
ca70bb16-347f-4641-94ab-bf67df0bdabf	NR_026419.1	90.927	992	58	26	370	1343	979	2	0.0	1304
ca70bb16-347f-4641-94ab-bf67df0bdabf	NR_026419.1	81.638	354	45	18	1	343	1385	1041	3.43e-73	276
ca70bb16-347f-4641-94ab-bf67df0bdabf	NR_025903.1	89.521	1002	70	29	370	1352	991	6	0.0	1236
ca70bb16-347f-4641-94ab-bf67df0bdabf	NR_025903.1	81.921	354	44	17	1	343	1397	1053	7.38e-75	281
ca70bb16-347f-4641-94ab-bf67df0bdabf	NR_025904.1	88.856	1005	71	34	370	1352	990	5	0.0	1197
ca70bb16-347f-4641-94ab-bf67df0bdabf	NR_025904.1	81.638	354	45	17	1	343	1396	1052	3.43e-73	276
ca70bb16-347f-4641-94ab-bf67df0bdabf	NR_133753.1	89.905	951	65	25	370	1304	945	10	0.0	1195
ca70bb16-347f-4641-94ab-bf67df0bdabf	NR_133753.1	81.921	354	44	17	1	343	1351	1007	7.38e-75	281
ca70bb16-347f-4641-94ab-bf67df0bdabf	NR_036920.1	87.888	999	89	26	370	1352	984	2	0.0	1146
ca70bb16-347f-4641-94ab-bf67df0bdabf	NR_036920.1	81.690	355	43	20	1	343	1390	1046	3.43e-73	276
af189c2a-b357-4870-a8b4-85960eb1c65f	NR_042776.1	95.141	885	22	14	5	878	1267	393	0.0	1376
af189c2a-b357-4870-a8b4-85960eb1c65f	NR_042777.1	95.034	886	20	16	5	878	1266	393	0.0	1371
af189c2a-b357-4870-a8b4-85960eb1c65f	NR_042778.1	95.028	885	23	14	5	878	1267	393	0.0	1371
af189c2a-b357-4870-a8b4-85960eb1c65f	NR_197695.1	94.915	885	24	14	5	878	1266	392	0.0	1365
af189c2a-b357-4870-a8b4-85960eb1c65f	NR_118998.1	94.350	885	28	15	5	878	1261	388	0.0	1338
f991c331-f883-4d6b-8128-d9a4a6ed1a44	NR_116168.1	90.182	988	58	33	1	966	992	22	0.0	1251
f991c331-f883-4d6b-8128-d9a4a6ed1a44	NR_042878.1	89.879	988	61	33	1	966	971	1	0.0	1245
f991c331-f883-4d6b-8128-d9a4a6ed1a44	NR_118762.1	88.247	987	78	32	1	966	994	25	0.0	1182
f991c331-f883-4d6b-8128-d9a4a6ed1a44	NR_118143.1	88.194	991	74	36	1	966	973	1	0.0	1144
f991c331-f883-4d6b-8128-d9a4a6ed1a44	NR_025423.1	87.891	991	77	35	1	966	976	4	0.0	1125
ff48d9bf-0a61-4049-a20a-bcffc903b5ae	NR_024842.1	94.756	820	23	16	36	844	819	9	0.0	1262
ff48d9bf-0a61-4049-a20a-bcffc903b5ae	NR_115241.1	94.957	813	21	16	36	837	804	1	0.0	1256
ff48d9bf-0a61-4049-a20a-bcffc903b5ae	NR_115735.1	94.776	804	21	17	36	827	795	1	0.0	1232
ff48d9bf-0a61-4049-a20a-bcffc903b5ae	NR_178515.1	94.219	813	27	16	36	837	804	1	0.0	1223
ff48d9bf-0a61-4049-a20a-bcffc903b5ae	NR_117425.1	94.002	817	27	17	36	840	807	1	0.0	1218
fa78405d-a39f-46ef-a259-f8e56a876405	NR_125570.1	92.218	1028	47	22	1	1016	389	1395	0.0	1424
fa78405d-a39f-46ef-a259-f8e56a876405	NR_125571.1	91.926	1028	49	23	1	1016	431	1436	0.0	1408
fa78405d-a39f-46ef-a259-f8e56a876405	NR_029097.1	92.821	989	39	21	1	978	407	1374	0.0	1404
fa78405d-a39f-46ef-a259-f8e56a876405	NR_042832.1	85.950	1032	105	28	1	1014	447	1456	0.0	1068
fa78405d-a39f-46ef-a259-f8e56a876405	NR_025127.1	86.319	1016	94	31	1	996	463	1453	0.0	1064
5464b338-8c8a-4df2-a7bd-3d3f17cf30a9	NR_024842.1	93.468	888	31	23	1	876	1428	556	0.0	1293
5464b338-8c8a-4df2-a7bd-3d3f17cf30a9	NR_109720.1	93.468	888	31	23	1	876	1407	535	0.0	1293
5464b338-8c8a-4df2-a7bd-3d3f17cf30a9	NR_115735.1	93.468	888	31	23	1	876	1404	532	0.0	1293
5464b338-8c8a-4df2-a7bd-3d3f17cf30a9	NR_036936.1	93.356	888	32	23	1	876	1413	541	0.0	1288
5464b338-8c8a-4df2-a7bd-3d3f17cf30a9	NR_115241.1	93.243	888	33	23	1	876	1413	541	0.0	1284
39603aa0-2ebf-4e04-a664-9626d93419fb	NR_042776.1	95.614	570	10	11	1	558	933	1499	0.0	900
39603aa0-2ebf-4e04-a664-9626d93419fb	NR_042777.1	95.614	570	10	11	1	558	932	1498	0.0	900
39603aa0-2ebf-4e04-a664-9626d93419fb	NR_042778.1	95.614	570	10	11	1	558	933	1499	0.0	900
39603aa0-2ebf-4e04-a664-9626d93419fb	NR_197695.1	95.439	570	11	11	1	558	932	1498	0.0	894
39603aa0-2ebf-4e04-a664-9626d93419fb	NR_118998.1	95.088	570	13	11	1	558	927	1493	0.0	883
1b68c2bc-3c72-476c-af64-a1d9cd180faf	NR_042928.1	93.299	985	34	25	3	969	1094	124	0.0	1424
1b68c2bc-3c72-476c-af64-a1d9cd180faf	NR_199541.1	93.299	985	34	25	3	969	1072	102	0.0	1424
1b68c2bc-3c72-476c-af64-a1d9cd180faf	NR_199547.1	93.299	985	34	25	3	969	1074	104	0.0	1424
1b68c2bc-3c72-476c-af64-a1d9cd180faf	NR_116206.1	93.198	985	35	25	3	969	1019	49	0.0	1421
1b68c2bc-3c72-476c-af64-a1d9cd180faf	NR_112026.1	93.198	985	34	26	3	969	1076	107	0.0	1419
eb282846-8b4e-4c1d-afe0-1f8a95969526	NR_026419.1	84.422	1393	138	61	18	1369	129	1483	0.0	1297
eb282846-8b4e-4c1d-afe0-1f8a95969526	NR_025904.1	83.991	1393	142	63	18	1369	141	1493	0.0	1262
eb282846-8b4e-4c1d-afe0-1f8a95969526	NR_025903.1	83.848	1393	144	64	18	1369	142	1494	0.0	1251
eb282846-8b4e-4c1d-afe0-1f8a95969526	NR_133753.1	83.723	1370	143	63	18	1346	96	1426	0.0	1221
eb282846-8b4e-4c1d-afe0-1f8a95969526	NR_133752.1	83.662	1371	142	66	18	1346	67	1397	0.0	1216
4235de35-6e4b-4749-b41b-b096306b6c76	NR_028682.1	95.979	373	4	9	3	364	1132	1504	5.94e-170	595
4235de35-6e4b-4749-b41b-b096306b6c76	NR_025435.1	94.865	370	9	8	3	363	1129	1497	3.60e-162	569
4235de35-6e4b-4749-b41b-b096306b6c76	NR_024817.1	94.837	368	12	5	3	363	1115	1482	3.60e-162	569
4235de35-6e4b-4749-b41b-b096306b6c76	NR_042357.1	94.536	366	13	4	5	363	1102	1467	7.79e-159	558
4235de35-6e4b-4749-b41b-b096306b6c76	NR_036793.2	94.324	370	11	8	3	363	1140	1508	7.79e-159	558
5f50a01f-e227-45ee-8549-b30409dcf546	NR_116168.1	92.903	465	22	11	1	456	478	16	0.0	665
5f50a01f-e227-45ee-8549-b30409dcf546	NR_042878.1	91.939	459	26	11	1	450	457	1	0.0	641
5f50a01f-e227-45ee-8549-b30409dcf546	NR_118762.1	89.677	465	37	11	1	456	481	19	1.27e-172	604
5f50a01f-e227-45ee-8549-b30409dcf546	NR_025423.1	90.086	464	33	12	1	453	462	1	3.54e-168	590
5f50a01f-e227-45ee-8549-b30409dcf546	NR_118143.1	89.154	461	37	12	1	450	459	1	2.15e-160	564
5a3c8b69-f8bb-48f2-82a2-2d6fc7a9dd5b	NR_042928.1	95.109	368	7	9	2	360	366	1	3.65e-162	569
5a3c8b69-f8bb-48f2-82a2-2d6fc7a9dd5b	NR_109720.1	94.751	362	10	7	2	354	362	1	1.02e-157	555
5a3c8b69-f8bb-48f2-82a2-2d6fc7a9dd5b	NR_199547.1	95.930	344	6	6	2	337	346	3	1.32e-156	551
5a3c8b69-f8bb-48f2-82a2-2d6fc7a9dd5b	NR_036936.1	93.478	368	15	8	2	360	368	1	2.86e-153	540
5a3c8b69-f8bb-48f2-82a2-2d6fc7a9dd5b	NR_112026.1	94.872	351	7	9	2	343	349	1	1.03e-152	538
9cc72819-1d46-4af0-96f6-5c4ee9abae46	NR_025862.1	93.774	514	19	9	1	507	522	15	0.0	765
9cc72819-1d46-4af0-96f6-5c4ee9abae46	NR_028682.1	92.248	516	24	11	1	507	523	15	0.0	717
9cc72819-1d46-4af0-96f6-5c4ee9abae46	NR_026454.1	89.307	505	34	16	1	491	499	1	6.52e-176	616
9cc72819-1d46-4af0-96f6-5c4ee9abae46	NR_180911.1	87.476	519	45	15	1	507	513	3	2.38e-165	580
9cc72819-1d46-4af0-96f6-5c4ee9abae46	NR_025863.1	87.115	520	47	16	1	507	527	15	1.11e-163	575
bfe72e15-88fd-4646-bade-5d4b98e28d33	NR_026419.1	95.238	273	7	6	1	271	990	1258	1.70e-119	427
bfe72e15-88fd-4646-bade-5d4b98e28d33	NR_133752.1	93.407	273	12	6	1	271	927	1195	3.70e-111	399
bfe72e15-88fd-4646-bade-5d4b98e28d33	NR_133753.1	93.407	273	12	6	1	271	956	1224	3.70e-111	399
bfe72e15-88fd-4646-bade-5d4b98e28d33	NR_025904.1	93.407	273	12	6	1	271	1001	1269	3.70e-111	399
bfe72e15-88fd-4646-bade-5d4b98e28d33	NR_025903.1	93.407	273	12	6	1	271	1002	1270	3.70e-111	399
b8a068ec-6d7b-44a1-802a-a19bbce38c6e	NR_044873.1	91.972	436	17	15	1	427	428	2	7.07e-170	595
b8a068ec-6d7b-44a1-802a-a19bbce38c6e	NR_074568.1	91.494	435	19	16	2	427	438	13	5.51e-166	582
b8a068ec-6d7b-44a1-802a-a19bbce38c6e	NR_044712.2	90.805	435	22	16	2	427	447	22	1.19e-162	571
b8a068ec-6d7b-44a1-802a-a19bbce38c6e	NR_179993.1	89.016	437	31	15	1	428	440	12	9.41e-149	525
b8a068ec-6d7b-44a1-802a-a19bbce38c6e	NR_109752.1	88.991	436	31	15	1	427	450	23	3.39e-148	523
6d14dd57-449b-4f75-b9da-e294b8f780b6	NR_024842.1	92.377	446	17	16	1	435	1010	571	4.26e-177	619
6d14dd57-449b-4f75-b9da-e294b8f780b6	NR_109720.1	92.377	446	17	16	1	435	989	550	4.26e-177	619
6d14dd57-449b-4f75-b9da-e294b8f780b6	NR_115241.1	92.377	446	17	16	1	435	995	556	4.26e-177	619
6d14dd57-449b-4f75-b9da-e294b8f780b6	NR_115735.1	92.377	446	17	16	1	435	986	547	4.26e-177	619
6d14dd57-449b-4f75-b9da-e294b8f780b6	NR_116211.1	92.377	446	17	16	1	435	918	479	4.26e-177	619
a67f6cd0-07d9-4ecf-82ae-4b3068a1087b	NR_118998.1	91.588	844	49	17	1	831	662	1496	0.0	1146
a67f6cd0-07d9-4ecf-82ae-4b3068a1087b	NR_040789.1	89.362	846	62	22	1	831	673	1505	0.0	1038
a67f6cd0-07d9-4ecf-82ae-4b3068a1087b	NR_118937.1	91.039	770	48	16	1	758	565	1325	0.0	1035
a67f6cd0-07d9-4ecf-82ae-4b3068a1087b	NR_042897.1	88.757	845	62	26	1	827	606	1435	0.0	1011
a67f6cd0-07d9-4ecf-82ae-4b3068a1087b	NR_118918.1	88.617	817	64	23	1	801	490	1293	0.0	985
fc3f056c-4a54-4959-9fe6-063c5d5b1f57	NR_163639.1	89.193	1314	75	51	1	1281	1283	4	0.0	1578
fc3f056c-4a54-4959-9fe6-063c5d5b1f57	NR_115355.1	89.222	1299	75	48	1	1265	1268	1	0.0	1567
fc3f056c-4a54-4959-9fe6-063c5d5b1f57	NR_119169.1	89.034	1304	78	48	1	1270	1273	1	0.0	1563
fc3f056c-4a54-4959-9fe6-063c5d5b1f57	NR_074980.1	88.737	1314	83	47	1	1280	1295	13	0.0	1546
fc3f056c-4a54-4959-9fe6-063c5d5b1f57	NR_113031.1	88.737	1314	83	47	1	1280	1295	13	0.0	1546
c1bc0ce2-185e-47ef-9469-d1380f26c9cb	NR_199547.1	97.490	239	3	3	1	237	39	276	6.76e-113	405
c1bc0ce2-185e-47ef-9469-d1380f26c9cb	NR_042928.1	97.414	232	3	3	8	237	66	296	5.27e-109	392
c1bc0ce2-185e-47ef-9469-d1380f26c9cb	NR_112026.1	97.414	232	3	3	8	237	49	279	5.27e-109	392
c1bc0ce2-185e-47ef-9469-d1380f26c9cb	NR_109720.1	95.397	239	8	3	1	237	55	292	1.47e-104	377
c1bc0ce2-185e-47ef-9469-d1380f26c9cb	NR_116206.1	97.285	221	4	2	19	237	1	221	5.30e-104	375
c9a36678-ac29-48ac-8a0f-86449c5464b0	NR_042776.1	93.168	1332	46	32	3	1306	1332	18	0.0	1914
c9a36678-ac29-48ac-8a0f-86449c5464b0	NR_042777.1	92.943	1332	48	33	3	1306	1331	18	0.0	1897
c9a36678-ac29-48ac-8a0f-86449c5464b0	NR_042778.1	92.943	1332	49	32	3	1306	1332	18	0.0	1897
c9a36678-ac29-48ac-8a0f-86449c5464b0	NR_197695.1	92.568	1332	54	33	3	1306	1331	17	0.0	1869
c9a36678-ac29-48ac-8a0f-86449c5464b0	NR_118998.1	92.192	1332	58	34	3	1306	1326	13	0.0	1844
685456e8-a8f2-446a-850b-48ffb50a2f70	NR_136788.1	90.284	669	34	26	1	654	665	13	0.0	846
685456e8-a8f2-446a-850b-48ffb50a2f70	NR_113082.1	89.270	671	37	28	1	654	665	13	0.0	808
685456e8-a8f2-446a-850b-48ffb50a2f70	NR_026230.1	87.768	654	50	25	1	639	643	5	0.0	752
685456e8-a8f2-446a-850b-48ffb50a2f70	NR_152035.1	86.349	608	48	30	64	654	603	14	3.02e-180	630
685456e8-a8f2-446a-850b-48ffb50a2f70	NR_041464.1	78.519	675	103	33	1	654	666	13	1.99e-112	405
1259e562-fbaa-4756-ad11-ec106e0fb51f	NR_042776.1	92.890	436	14	14	1	419	453	18	1.48e-176	617
1259e562-fbaa-4756-ad11-ec106e0fb51f	NR_042778.1	92.661	436	15	14	1	419	453	18	6.88e-175	612
1259e562-fbaa-4756-ad11-ec106e0fb51f	NR_042777.1	92.431	436	16	14	1	419	453	18	3.20e-173	606
1259e562-fbaa-4756-ad11-ec106e0fb51f	NR_197695.1	91.991	437	16	15	1	419	452	17	6.93e-170	595
1259e562-fbaa-4756-ad11-ec106e0fb51f	NR_118998.1	91.743	436	19	14	1	419	448	13	8.97e-169	592
ee607259-5dfa-4e2c-a797-c3a2b106f820	NR_042776.1	91.250	1280	60	39	15	1256	234	1499	0.0	1696
ee607259-5dfa-4e2c-a797-c3a2b106f820	NR_042777.1	91.172	1280	60	40	15	1256	234	1498	0.0	1688
ee607259-5dfa-4e2c-a797-c3a2b106f820	NR_042778.1	90.938	1280	64	39	15	1256	234	1499	0.0	1674
ee607259-5dfa-4e2c-a797-c3a2b106f820	NR_197695.1	90.938	1280	64	39	15	1256	233	1498	0.0	1674
ee607259-5dfa-4e2c-a797-c3a2b106f820	NR_118998.1	90.539	1279	70	38	15	1256	229	1493	0.0	1644
ef89194f-6b87-4665-8db9-dbd14b86261f	NR_044873.1	93.453	1115	39	31	1	1092	317	1420	0.0	1624
ef89194f-6b87-4665-8db9-dbd14b86261f	NR_074568.1	92.183	1113	53	31	1	1091	328	1428	0.0	1543
ef89194f-6b87-4665-8db9-dbd14b86261f	NR_044712.2	92.183	1113	53	32	1	1091	337	1437	0.0	1543
ef89194f-6b87-4665-8db9-dbd14b86261f	NR_043968.1	92.004	1113	51	35	1	1089	286	1384	0.0	1528
ef89194f-6b87-4665-8db9-dbd14b86261f	NR_109752.1	91.914	1113	54	33	1	1090	339	1438	0.0	1524
b8d3499a-5dbc-4b50-9636-e6d370aeac46	NR_026189.1	81.687	486	35	34	5	445	1070	594	1.45e-97	355
b8d3499a-5dbc-4b50-9636-e6d370aeac46	NR_169461.1	81.687	486	35	34	5	445	1065	589	1.45e-97	355
b8d3499a-5dbc-4b50-9636-e6d370aeac46	NR_116745.1	81.725	487	33	36	5	445	1086	610	1.45e-97	355
b8d3499a-5dbc-4b50-9636-e6d370aeac46	NR_025665.1	85.319	361	22	20	112	445	941	585	3.13e-94	344
b8d3499a-5dbc-4b50-9636-e6d370aeac46	NR_025665.1	97.297	37	0	1	5	41	1061	1026	3.53e-09	62.1
b8d3499a-5dbc-4b50-9636-e6d370aeac46	NR_026188.1	85.319	361	22	20	112	445	954	598	3.13e-94	344
b8d3499a-5dbc-4b50-9636-e6d370aeac46	NR_026188.1	97.297	37	0	1	5	41	1074	1039	3.53e-09	62.1
2cb8fc6e-c08e-47b8-b0fe-8f6298065ff4	NR_042776.1	93.737	1437	52	31	1	1417	84	1502	0.0	2121
2cb8fc6e-c08e-47b8-b0fe-8f6298065ff4	NR_042777.1	93.593	1436	55	31	1	1417	84	1501	0.0	2108
2cb8fc6e-c08e-47b8-b0fe-8f6298065ff4	NR_042778.1	93.459	1437	56	31	1	1417	84	1502	0.0	2098
2cb8fc6e-c08e-47b8-b0fe-8f6298065ff4	NR_197695.1	93.185	1438	58	32	1	1417	83	1501	0.0	2076
2cb8fc6e-c08e-47b8-b0fe-8f6298065ff4	NR_118998.1	92.902	1437	63	32	1	1417	79	1496	0.0	2054
ca970294-f73d-4b11-ae36-400157a72c5e	NR_025862.1	91.879	862	37	30	1	843	860	13	0.0	1181
ca970294-f73d-4b11-ae36-400157a72c5e	NR_028682.1	89.723	866	49	36	1	843	861	13	0.0	1070
ca970294-f73d-4b11-ae36-400157a72c5e	NR_026454.1	88.339	849	63	34	1	825	837	1	0.0	987
ca970294-f73d-4b11-ae36-400157a72c5e	NR_180371.1	86.567	871	77	35	1	843	871	13	0.0	924
ca970294-f73d-4b11-ae36-400157a72c5e	NR_042406.1	86.559	863	76	33	1	835	851	1	0.0	915
f8daa26c-0e8f-416b-9937-59733d5d7805	NR_042878.1	96.041	581	15	6	1	575	1245	667	0.0	941
f8daa26c-0e8f-416b-9937-59733d5d7805	NR_116168.1	96.041	581	15	6	1	575	1266	688	0.0	939
f8daa26c-0e8f-416b-9937-59733d5d7805	NR_118143.1	96.113	566	14	6	16	575	1232	669	0.0	917
f8daa26c-0e8f-416b-9937-59733d5d7805	NR_118762.1	94.148	581	25	7	1	575	1268	691	0.0	891
f8daa26c-0e8f-416b-9937-59733d5d7805	NR_025423.1	94.552	569	21	8	14	575	1237	672	0.0	870
42e8da85-da5e-49eb-87b7-cc6ff05483d5	NR_028664.1	94.436	1276	34	28	1	1256	243	1501	0.0	1929
42e8da85-da5e-49eb-87b7-cc6ff05483d5	NR_117719.1	94.436	1276	34	28	1	1256	240	1498	0.0	1929
42e8da85-da5e-49eb-87b7-cc6ff05483d5	NR_042927.1	94.629	1266	31	28	1	1246	222	1470	0.0	1927
42e8da85-da5e-49eb-87b7-cc6ff05483d5	NR_115734.1	94.629	1266	31	28	1	1246	223	1471	0.0	1927
42e8da85-da5e-49eb-87b7-cc6ff05483d5	NR_179383.1	94.357	1276	35	28	1	1256	247	1505	0.0	1923
e8a5fd64-98d6-4bea-8101-44991ddeaee7	NR_044873.1	97.078	787	14	8	4	785	784	2	0.0	1317
e8a5fd64-98d6-4bea-8101-44991ddeaee7	NR_074568.1	95.044	787	29	9	4	785	794	13	0.0	1229
e8a5fd64-98d6-4bea-8101-44991ddeaee7	NR_044712.2	94.663	787	32	9	4	785	803	22	0.0	1218
e8a5fd64-98d6-4bea-8101-44991ddeaee7	NR_179993.1	94.297	789	34	11	4	786	795	12	0.0	1197
e8a5fd64-98d6-4bea-8101-44991ddeaee7	NR_109752.1	94.036	788	36	11	4	785	805	23	0.0	1184
a2fcee2c-bdf3-4cbc-b53f-d7107a94ffbc	NR_115735.1	94.799	1365	41	22	4	1345	107	1464	0.0	2100
a2fcee2c-bdf3-4cbc-b53f-d7107a94ffbc	NR_024842.1	94.656	1366	43	22	4	1346	131	1489	0.0	2095
a2fcee2c-bdf3-4cbc-b53f-d7107a94ffbc	NR_115241.1	94.567	1362	44	22	4	1342	116	1470	0.0	2084
a2fcee2c-bdf3-4cbc-b53f-d7107a94ffbc	NR_165737.1	94.652	1365	38	28	4	1342	116	1471	0.0	2084
a2fcee2c-bdf3-4cbc-b53f-d7107a94ffbc	NR_036936.1	94.286	1365	43	28	4	1342	116	1471	0.0	2056
e3111e88-d9ba-405e-a5cb-dad3f8ea0969	NR_165747.1	94.643	616	15	14	7	613	164	770	0.0	939
e3111e88-d9ba-405e-a5cb-dad3f8ea0969	NR_199541.1	94.327	617	17	14	6	613	141	748	0.0	929
e3111e88-d9ba-405e-a5cb-dad3f8ea0969	NR_042928.1	94.318	616	17	14	7	613	164	770	0.0	928
e3111e88-d9ba-405e-a5cb-dad3f8ea0969	NR_042927.1	94.165	617	18	14	6	613	165	772	0.0	924
e3111e88-d9ba-405e-a5cb-dad3f8ea0969	NR_114413.1	94.165	617	18	14	6	613	188	795	0.0	924
e6c03bc4-5d17-436f-9f8c-fa9be32d376e	NR_042051.1	87.329	876	70	34	4	854	157	1016	0.0	965
e6c03bc4-5d17-436f-9f8c-fa9be32d376e	NR_115719.1	87.329	876	70	34	4	854	197	1056	0.0	965
e6c03bc4-5d17-436f-9f8c-fa9be32d376e	NR_037096.1	87.329	876	70	34	4	854	203	1062	0.0	965
e6c03bc4-5d17-436f-9f8c-fa9be32d376e	NR_181987.1	87.329	876	70	34	4	854	212	1071	0.0	965
e6c03bc4-5d17-436f-9f8c-fa9be32d376e	NR_104991.1	87.215	876	71	34	4	854	185	1044	0.0	959
201b03ee-4587-4675-93b6-6e2cdf099d89	NR_044091.1	89.646	1101	66	38	3	1072	28	1111	0.0	1358
201b03ee-4587-4675-93b6-6e2cdf099d89	NR_113570.1	89.172	1099	75	36	3	1072	120	1203	0.0	1330
201b03ee-4587-4675-93b6-6e2cdf099d89	NR_041879.1	88.808	1099	79	35	3	1072	71	1154	0.0	1308
201b03ee-4587-4675-93b6-6e2cdf099d89	NR_179325.1	88.717	1099	80	35	3	1072	87	1170	0.0	1303
201b03ee-4587-4675-93b6-6e2cdf099d89	NR_025762.1	88.717	1099	79	37	3	1072	92	1174	0.0	1301
5d27b37c-b1a3-4bd7-85ab-438e147c1a0b	NR_115355.1	91.772	316	9	7	1	309	1179	1484	2.49e-118	424
5d27b37c-b1a3-4bd7-85ab-438e147c1a0b	NR_163639.1	91.772	316	9	7	1	309	1194	1499	2.49e-118	424
5d27b37c-b1a3-4bd7-85ab-438e147c1a0b	NR_179325.1	91.772	316	9	7	1	309	1153	1458	2.49e-118	424
5d27b37c-b1a3-4bd7-85ab-438e147c1a0b	NR_115354.1	91.139	316	11	7	1	309	1179	1484	5.38e-115	412
5d27b37c-b1a3-4bd7-85ab-438e147c1a0b	NR_043332.1	90.506	316	13	7	1	309	1179	1484	1.16e-111	401
1a316893-0073-4e90-a5cb-1739fab8ddac	NR_178796.1	90.260	462	26	16	26	472	1015	1472	4.74e-167	586
1a316893-0073-4e90-a5cb-1739fab8ddac	NR_178939.1	90.260	462	26	16	26	472	1016	1473	4.74e-167	586
1a316893-0073-4e90-a5cb-1739fab8ddac	NR_044873.1	90.217	460	27	15	28	472	1009	1465	1.70e-166	584
1a316893-0073-4e90-a5cb-1739fab8ddac	NR_041773.1	92.494	413	19	10	28	430	1036	1446	2.21e-165	580
1a316893-0073-4e90-a5cb-1739fab8ddac	NR_074198.1	92.494	413	19	10	28	430	1036	1446	2.21e-165	580
bd8ab4ca-fe13-4eb3-83d5-be49211ca976	NR_042776.1	88.889	153	7	8	7	153	166	18	2.75e-45	180
bd8ab4ca-fe13-4eb3-83d5-be49211ca976	NR_042777.1	88.889	153	7	8	7	153	166	18	2.75e-45	180
bd8ab4ca-fe13-4eb3-83d5-be49211ca976	NR_042778.1	88.889	153	7	8	7	153	166	18	2.75e-45	180
bd8ab4ca-fe13-4eb3-83d5-be49211ca976	NR_041781.1	88.312	154	8	9	7	154	150	1	3.56e-44	176
bd8ab4ca-fe13-4eb3-83d5-be49211ca976	NR_118234.1	88.312	154	8	8	7	154	158	9	3.56e-44	176
8f47f56e-d69a-4cf4-917e-6490e53776f9	NR_041879.1	92.148	433	16	14	1	423	715	291	6.97e-170	595
8f47f56e-d69a-4cf4-917e-6490e53776f9	NR_115355.1	92.148	433	16	14	1	423	758	334	6.97e-170	595
8f47f56e-d69a-4cf4-917e-6490e53776f9	NR_179325.1	92.148	433	16	14	1	423	732	308	6.97e-170	595
8f47f56e-d69a-4cf4-917e-6490e53776f9	NR_119169.1	91.917	433	17	14	1	423	763	339	9.01e-169	592
8f47f56e-d69a-4cf4-917e-6490e53776f9	NR_113570.1	91.224	433	20	14	1	423	765	341	3.27e-163	573
6f6e2352-e8e3-4677-9b2c-d63159c22455	NR_026419.1	93.519	432	13	11	1	421	428	1	7.04e-180	628
6f6e2352-e8e3-4677-9b2c-d63159c22455	NR_025904.1	91.076	437	23	12	1	426	439	8	2.59e-164	577
6f6e2352-e8e3-4677-9b2c-d63159c22455	NR_025903.1	91.076	437	23	12	1	426	440	9	2.59e-164	577
6f6e2352-e8e3-4677-9b2c-d63159c22455	NR_036920.1	88.940	434	35	11	1	426	433	5	3.42e-148	523
6f6e2352-e8e3-4677-9b2c-d63159c22455	NR_133753.1	90.727	399	21	12	1	388	394	1	1.59e-146	518
5e484d8e-eb09-4392-884f-56bf971bb245	NR_042776.1	95.231	629	23	7	1	624	644	18	0.0	989
5e484d8e-eb09-4392-884f-56bf971bb245	NR_042778.1	95.231	629	23	7	1	624	644	18	0.0	989
5e484d8e-eb09-4392-884f-56bf971bb245	NR_042777.1	94.754	629	25	8	1	624	643	18	0.0	972
5e484d8e-eb09-4392-884f-56bf971bb245	NR_118998.1	94.436	629	28	7	1	624	639	13	0.0	963
5e484d8e-eb09-4392-884f-56bf971bb245	NR_197695.1	94.436	629	28	7	1	624	643	17	0.0	961
23193c3d-3c6f-466c-aeb8-a71a01232593	NR_042776.1	95.898	1292	34	16	1	1283	1304	23	0.0	2074
23193c3d-3c6f-466c-aeb8-a71a01232593	NR_042777.1	95.666	1292	36	18	1	1283	1303	23	0.0	2058
23193c3d-3c6f-466c-aeb8-a71a01232593	NR_042778.1	95.666	1292	37	16	1	1283	1304	23	0.0	2058
23193c3d-3c6f-466c-aeb8-a71a01232593	NR_197695.1	95.279	1292	42	16	1	1283	1303	22	0.0	2030
23193c3d-3c6f-466c-aeb8-a71a01232593	NR_118998.1	94.969	1292	45	17	1	1283	1298	18	0.0	2010
42918d9d-7a94-415a-85d9-9a593fcc6186	NR_179325.1	95.062	1296	31	24	1	1272	1450	164	0.0	2008
42918d9d-7a94-415a-85d9-9a593fcc6186	NR_115355.1	94.985	1296	32	24	1	1272	1476	190	0.0	2002
42918d9d-7a94-415a-85d9-9a593fcc6186	NR_119169.1	94.676	1296	36	24	1	1272	1481	195	0.0	1986
42918d9d-7a94-415a-85d9-9a593fcc6186	NR_163639.1	94.603	1297	31	30	1	1272	1491	209	0.0	1971
42918d9d-7a94-415a-85d9-9a593fcc6186	NR_113570.1	94.453	1298	35	28	1	1272	1483	197	0.0	1964
8ec723a2-dacf-4eb4-992c-7a2fb2d5aa9a	NR_115355.1	93.916	789	23	17	16	786	704	1485	0.0	1168
8ec723a2-dacf-4eb4-992c-7a2fb2d5aa9a	NR_163639.1	93.916	789	22	19	16	786	720	1500	0.0	1168
8ec723a2-dacf-4eb4-992c-7a2fb2d5aa9a	NR_179325.1	93.916	789	23	17	16	786	678	1459	0.0	1168
8ec723a2-dacf-4eb4-992c-7a2fb2d5aa9a	NR_119169.1	93.536	789	26	17	16	786	709	1490	0.0	1155
8ec723a2-dacf-4eb4-992c-7a2fb2d5aa9a	NR_115354.1	93.536	789	26	17	16	786	704	1485	0.0	1153
f06c135c-8a3d-4baa-9ce5-31641fbd7824	NR_115355.1	93.716	907	24	29	10	890	583	1482	0.0	1328
f06c135c-8a3d-4baa-9ce5-31641fbd7824	NR_115354.1	93.605	907	25	29	10	890	583	1482	0.0	1325
f06c135c-8a3d-4baa-9ce5-31641fbd7824	NR_179325.1	93.605	907	25	29	10	890	557	1456	0.0	1323
f06c135c-8a3d-4baa-9ce5-31641fbd7824	NR_119169.1	93.385	907	27	29	10	890	588	1487	0.0	1315
f06c135c-8a3d-4baa-9ce5-31641fbd7824	NR_043332.1	93.385	907	27	29	10	890	583	1482	0.0	1314
3d3d261e-0067-4b9c-a32b-ae19557b3987	NR_044091.1	92.910	409	17	11	1	403	1331	929	1.44e-166	584
3d3d261e-0067-4b9c-a32b-ae19557b3987	NR_043332.1	92.439	410	16	13	1	403	1416	1015	1.12e-162	571
3d3d261e-0067-4b9c-a32b-ae19557b3987	NR_074980.1	92.439	410	16	13	1	403	1443	1042	1.12e-162	571
3d3d261e-0067-4b9c-a32b-ae19557b3987	NR_113031.1	92.439	410	16	13	1	403	1443	1042	1.12e-162	571
3d3d261e-0067-4b9c-a32b-ae19557b3987	NR_113570.1	92.195	410	17	13	1	403	1423	1022	5.20e-161	566
cbaf338c-bfd4-4b0c-b591-e08456a91e3d	NR_036936.1	89.655	986	56	37	5	958	375	1346	0.0	1214
cbaf338c-bfd4-4b0c-b591-e08456a91e3d	NR_109720.1	89.554	986	57	37	5	958	369	1340	0.0	1208
cbaf338c-bfd4-4b0c-b591-e08456a91e3d	NR_178515.1	89.554	986	57	37	5	958	375	1346	0.0	1208
cbaf338c-bfd4-4b0c-b591-e08456a91e3d	NR_165737.1	89.351	986	59	36	5	958	375	1346	0.0	1197
cbaf338c-bfd4-4b0c-b591-e08456a91e3d	NR_180875.1	88.934	985	65	36	5	958	354	1325	0.0	1184
bb8ec3eb-2d22-4f7c-8bce-b5ee117215d9	NR_026419.1	92.015	1077	41	30	1	1052	1349	293	0.0	1471
bb8ec3eb-2d22-4f7c-8bce-b5ee117215d9	NR_133753.1	91.179	1077	50	30	1	1052	1315	259	0.0	1421
bb8ec3eb-2d22-4f7c-8bce-b5ee117215d9	NR_025903.1	91.179	1077	50	30	1	1052	1361	305	0.0	1421
bb8ec3eb-2d22-4f7c-8bce-b5ee117215d9	NR_133752.1	90.994	1077	52	30	1	1052	1286	230	0.0	1410
bb8ec3eb-2d22-4f7c-8bce-b5ee117215d9	NR_025904.1	90.648	1080	50	35	1	1052	1360	304	0.0	1387
118ec3e3-5cae-49e9-b748-eb4761fee5de	NR_117719.1	87.030	1249	72	70	1	1187	273	1493	0.0	1327
118ec3e3-5cae-49e9-b748-eb4761fee5de	NR_179383.1	86.950	1249	73	70	1	1187	280	1500	0.0	1321
118ec3e3-5cae-49e9-b748-eb4761fee5de	NR_042927.1	86.988	1245	72	70	1	1183	255	1471	0.0	1319
118ec3e3-5cae-49e9-b748-eb4761fee5de	NR_115734.1	86.988	1245	72	70	1	1183	256	1472	0.0	1319
118ec3e3-5cae-49e9-b748-eb4761fee5de	NR_028664.1	86.869	1249	74	70	1	1187	276	1496	0.0	1315
e94770c3-5289-4db7-927c-d90a1d79e240	NR_028682.1	90.902	1242	68	41	1	1212	1477	251	0.0	1626
e94770c3-5289-4db7-927c-d90a1d79e240	NR_025862.1	91.795	1170	55	36	70	1212	1406	251	0.0	1598
e94770c3-5289-4db7-927c-d90a1d79e240	NR_116890.1	90.169	1241	78	40	1	1212	1464	239	0.0	1576
e94770c3-5289-4db7-927c-d90a1d79e240	NR_113798.1	89.944	1243	79	41	1	1212	1462	235	0.0	1561
e94770c3-5289-4db7-927c-d90a1d79e240	NR_025435.1	89.927	1241	82	39	1	1212	1474	248	0.0	1559
b2cdc211-2172-4dd2-ba3f-b361884378bc	NR_074980.1	93.784	370	16	7	4	367	381	13	4.73e-156	549
b2cdc211-2172-4dd2-ba3f-b361884378bc	NR_113031.1	93.784	370	16	7	4	367	381	13	4.73e-156	549
b2cdc211-2172-4dd2-ba3f-b361884378bc	NR_163639.1	94.199	362	16	5	10	367	365	5	1.70e-155	547
b2cdc211-2172-4dd2-ba3f-b361884378bc	NR_119170.1	93.906	361	13	9	4	357	359	1	1.02e-152	538
b2cdc211-2172-4dd2-ba3f-b361884378bc	NR_115354.1	94.101	356	12	9	4	352	354	1	4.76e-151	532
f7d58228-ddee-4404-87ce-c8fb5bd0ec25	NR_042928.1	95.528	246	6	5	16	260	242	1	7.86e-108	388
f7d58228-ddee-4404-87ce-c8fb5bd0ec25	NR_109720.1	95.417	240	8	3	16	254	238	1	4.73e-105	379
f7d58228-ddee-4404-87ce-c8fb5bd0ec25	NR_199547.1	97.748	222	2	3	16	236	222	3	4.73e-105	379
f7d58228-ddee-4404-87ce-c8fb5bd0ec25	NR_112026.1	96.053	228	5	4	16	242	225	1	1.02e-101	368
f7d58228-ddee-4404-87ce-c8fb5bd0ec25	NR_036936.1	93.496	246	13	3	16	260	244	1	1.33e-100	364
a671bcd1-da42-422a-bf23-658f1e297075	NR_042927.1	90.816	588	26	23	1	573	1467	893	0.0	761
a671bcd1-da42-422a-bf23-658f1e297075	NR_115734.1	90.816	588	26	23	1	573	1468	894	0.0	761
a671bcd1-da42-422a-bf23-658f1e297075	NR_028664.1	90.646	588	27	23	1	573	1488	914	0.0	756
a671bcd1-da42-422a-bf23-658f1e297075	NR_115240.1	90.646	588	27	23	1	573	1465	891	0.0	756
a671bcd1-da42-422a-bf23-658f1e297075	NR_117719.1	90.646	588	27	23	1	573	1485	911	0.0	756
804b11f3-1409-44a0-bcc3-5d085d0c7198	NR_119169.1	93.195	1249	53	27	52	1284	1233	1	0.0	1814
804b11f3-1409-44a0-bcc3-5d085d0c7198	NR_115355.1	93.328	1244	51	27	52	1279	1228	1	0.0	1812
804b11f3-1409-44a0-bcc3-5d085d0c7198	NR_163639.1	93.010	1259	50	34	52	1293	1243	6	0.0	1803
804b11f3-1409-44a0-bcc3-5d085d0c7198	NR_074980.1	92.925	1258	57	27	52	1293	1255	14	0.0	1801
804b11f3-1409-44a0-bcc3-5d085d0c7198	NR_113031.1	92.925	1258	57	27	52	1293	1255	14	0.0	1801
3dd4bc3b-49ec-41ac-8fcd-8502157bdd42	NR_042776.1	94.089	626	16	18	1	617	653	40	0.0	931
3dd4bc3b-49ec-41ac-8fcd-8502157bdd42	NR_042778.1	93.930	626	17	19	1	617	653	40	0.0	926
3dd4bc3b-49ec-41ac-8fcd-8502157bdd42	NR_118998.1	93.610	626	19	19	1	617	648	35	0.0	917
3dd4bc3b-49ec-41ac-8fcd-8502157bdd42	NR_042777.1	93.610	626	18	18	1	617	652	40	0.0	915
3dd4bc3b-49ec-41ac-8fcd-8502157bdd42	NR_197695.1	93.291	626	21	18	1	617	652	39	0.0	904
35113cad-b45c-4226-b8b8-0c8dfb48e1f2	NR_025423.1	93.227	251	9	7	1	244	1229	980	4.38e-100	363
35113cad-b45c-4226-b8b8-0c8dfb48e1f2	NR_118143.1	93.227	251	9	7	1	244	1226	977	4.38e-100	363
35113cad-b45c-4226-b8b8-0c8dfb48e1f2	NR_025338.1	93.145	248	9	7	4	244	1233	987	2.04e-98	357
35113cad-b45c-4226-b8b8-0c8dfb48e1f2	NR_041979.1	93.145	248	9	7	4	244	1225	979	2.04e-98	357
35113cad-b45c-4226-b8b8-0c8dfb48e1f2	NR_042878.1	92.829	251	10	7	1	244	1224	975	2.04e-98	357
9f91e9b4-b459-4607-b9d5-b1db9d2d9a34	NR_116168.1	90.512	1075	55	35	1	1044	1080	22	0.0	1376
9f91e9b4-b459-4607-b9d5-b1db9d2d9a34	NR_042878.1	90.140	1075	59	35	1	1044	1059	1	0.0	1363
9f91e9b4-b459-4607-b9d5-b1db9d2d9a34	NR_118762.1	88.670	1068	73	35	1	1037	1082	32	0.0	1291
9f91e9b4-b459-4607-b9d5-b1db9d2d9a34	NR_118143.1	88.858	1077	71	37	1	1044	1061	1	0.0	1280
9f91e9b4-b459-4607-b9d5-b1db9d2d9a34	NR_025423.1	88.487	1077	75	38	1	1044	1064	4	0.0	1256
5b35cac4-0d93-4034-8cb1-9c709e0b378e	NR_179540.1	95.480	708	16	14	1	700	793	1492	0.0	1116
5b35cac4-0d93-4034-8cb1-9c709e0b378e	NR_042928.1	95.455	704	16	14	1	696	773	1468	0.0	1109
5b35cac4-0d93-4034-8cb1-9c709e0b378e	NR_179385.1	95.198	708	18	14	1	700	797	1496	0.0	1105
5b35cac4-0d93-4034-8cb1-9c709e0b378e	NR_199545.1	95.198	708	18	14	1	700	793	1492	0.0	1105
5b35cac4-0d93-4034-8cb1-9c709e0b378e	NR_028664.1	95.063	709	18	14	1	700	796	1496	0.0	1099
04177cdd-4088-42e2-90f3-0ec10201d1fa	NR_115355.1	90.909	1331	68	46	32	1332	1308	1	0.0	1742
04177cdd-4088-42e2-90f3-0ec10201d1fa	NR_119169.1	90.630	1334	72	46	32	1335	1313	3	0.0	1729
04177cdd-4088-42e2-90f3-0ec10201d1fa	NR_074980.1	90.349	1347	77	49	32	1348	1335	12	0.0	1718
04177cdd-4088-42e2-90f3-0ec10201d1fa	NR_113031.1	90.349	1347	77	49	32	1348	1335	12	0.0	1718
04177cdd-4088-42e2-90f3-0ec10201d1fa	NR_163639.1	90.335	1345	75	48	32	1347	1323	5	0.0	1712
49cb40a5-197d-4b94-b21b-22c459764b72	NR_115241.1	91.795	585	28	16	1	574	608	33	0.0	797
49cb40a5-197d-4b94-b21b-22c459764b72	NR_115735.1	91.638	586	28	17	1	574	599	23	0.0	791
49cb40a5-197d-4b94-b21b-22c459764b72	NR_024842.1	91.453	585	30	16	1	574	623	48	0.0	789
49cb40a5-197d-4b94-b21b-22c459764b72	NR_178515.1	91.453	585	30	17	1	574	608	33	0.0	785
49cb40a5-197d-4b94-b21b-22c459764b72	NR_165737.1	90.940	585	33	17	1	574	608	33	0.0	769
7a56664a-346f-4e83-8a5e-313e6776b2de	NR_109720.1	93.555	481	11	13	7	472	1432	957	0.0	699
7a56664a-346f-4e83-8a5e-313e6776b2de	NR_117719.1	93.347	481	12	13	7	472	1456	981	0.0	693
7a56664a-346f-4e83-8a5e-313e6776b2de	NR_175455.1	93.347	481	12	13	7	472	1444	969	0.0	693
7a56664a-346f-4e83-8a5e-313e6776b2de	NR_179383.1	93.347	481	12	13	7	472	1463	988	0.0	693
7a56664a-346f-4e83-8a5e-313e6776b2de	NR_180875.1	93.347	481	12	13	7	472	1417	942	0.0	693
0dfd3d5a-1247-4aea-b59e-b4b9d076805d	NR_116168.1	94.012	835	28	18	1	820	660	1487	0.0	1245
0dfd3d5a-1247-4aea-b59e-b4b9d076805d	NR_118762.1	93.390	817	33	17	1	803	663	1472	0.0	1208
0dfd3d5a-1247-4aea-b59e-b4b9d076805d	NR_025423.1	91.717	833	45	20	1	817	644	1468	0.0	1134
0dfd3d5a-1247-4aea-b59e-b4b9d076805d	NR_024897.1	91.278	837	47	22	1	820	659	1486	0.0	1118
0dfd3d5a-1247-4aea-b59e-b4b9d076805d	NR_024899.1	91.278	837	47	22	1	820	659	1486	0.0	1118
1d42120f-f722-43a7-ad47-ea3404d3281e	NR_024842.1	91.842	711	30	24	3	699	793	1489	0.0	966
1d42120f-f722-43a7-ad47-ea3404d3281e	NR_115735.1	91.831	710	30	24	3	698	769	1464	0.0	965
1d42120f-f722-43a7-ad47-ea3404d3281e	NR_156072.1	91.702	711	31	24	3	699	798	1494	0.0	961
1d42120f-f722-43a7-ad47-ea3404d3281e	NR_165737.1	91.808	708	29	25	3	695	778	1471	0.0	959
1d42120f-f722-43a7-ad47-ea3404d3281e	NR_199956.1	91.433	712	32	25	3	699	798	1495	0.0	950
569d2b10-e4ca-4c75-b18c-c75dc028f883	NR_115355.1	95.387	672	20	11	1	665	668	1	0.0	1062
569d2b10-e4ca-4c75-b18c-c75dc028f883	NR_119169.1	95.259	675	21	11	1	668	673	3	0.0	1062
569d2b10-e4ca-4c75-b18c-c75dc028f883	NR_163639.1	94.775	689	20	16	1	681	684	4	0.0	1059
569d2b10-e4ca-4c75-b18c-c75dc028f883	NR_074980.1	94.331	688	26	13	1	680	695	13	0.0	1042
569d2b10-e4ca-4c75-b18c-c75dc028f883	NR_113031.1	94.331	688	26	13	1	680	695	13	0.0	1042
