ea7bb3d4-1576-4f11-ac70-8cb9131460e6	NR_024842.1	90.434	1474	78	49	1	1447	1447	10	0.0	1886
ea7bb3d4-1576-4f11-ac70-8cb9131460e6	NR_115241.1	90.395	1468	78	49	1	1441	1432	1	0.0	1875
ea7bb3d4-1576-4f11-ac70-8cb9131460e6	NR_115735.1	90.597	1457	74	49	1	1429	1423	2	0.0	1873
ea7bb3d4-1576-4f11-ac70-8cb9131460e6	NR_165737.1	89.585	1469	88	48	1	1441	1432	1	0.0	1805
ea7bb3d4-1576-4f11-ac70-8cb9131460e6	NR_178515.1	89.765	1446	84	48	23	1441	1409	1	0.0	1792
a2b19dc3-e4bd-45d3-91df-3c945b72bfcd	NR_115735.1	91.694	1240	50	40	5	1203	227	1454	0.0	1670
a2b19dc3-e4bd-45d3-91df-3c945b72bfcd	NR_024842.1	91.242	1256	56	41	5	1218	251	1494	0.0	1664
a2b19dc3-e4bd-45d3-91df-3c945b72bfcd	NR_165737.1	91.539	1241	51	41	5	1203	236	1464	0.0	1661
a2b19dc3-e4bd-45d3-91df-3c945b72bfcd	NR_109720.1	91.532	1240	51	41	5	1202	230	1457	0.0	1659
a2b19dc3-e4bd-45d3-91df-3c945b72bfcd	NR_115241.1	91.452	1240	53	40	5	1203	236	1463	0.0	1657
59623af8-381e-4976-9b70-29f57b6f2f8c	NR_044873.1	91.808	708	30	22	1	689	769	1467	0.0	961
59623af8-381e-4976-9b70-29f57b6f2f8c	NR_074568.1	91.396	709	35	21	1	692	779	1478	0.0	948
59623af8-381e-4976-9b70-29f57b6f2f8c	NR_025310.1	90.871	712	35	25	1	692	759	1460	0.0	928
59623af8-381e-4976-9b70-29f57b6f2f8c	NR_109752.1	90.717	711	38	23	1	692	790	1491	0.0	922
59623af8-381e-4976-9b70-29f57b6f2f8c	NR_044712.2	90.818	697	38	21	1	680	788	1475	0.0	915
4aba26ec-dbc5-4028-8d60-0d07d542dbe1	NR_041879.1	91.655	707	32	22	1	686	742	42	0.0	953
4aba26ec-dbc5-4028-8d60-0d07d542dbe1	NR_115355.1	91.513	707	33	22	1	686	785	85	0.0	952
4aba26ec-dbc5-4028-8d60-0d07d542dbe1	NR_113570.1	91.525	708	32	23	1	686	792	91	0.0	950
4aba26ec-dbc5-4028-8d60-0d07d542dbe1	NR_179325.1	91.525	708	32	23	1	686	759	58	0.0	950
4aba26ec-dbc5-4028-8d60-0d07d542dbe1	NR_119169.1	91.372	707	34	22	1	686	790	90	0.0	946
2836eca8-f122-441f-97bd-61a3d4dc9ec2	NR_036936.1	93.015	544	19	16	1	531	1222	685	0.0	776
2836eca8-f122-441f-97bd-61a3d4dc9ec2	NR_024841.1	92.818	543	22	15	1	531	1236	699	0.0	771
2836eca8-f122-441f-97bd-61a3d4dc9ec2	NR_109720.1	92.831	544	20	16	1	531	1216	679	0.0	771
2836eca8-f122-441f-97bd-61a3d4dc9ec2	NR_113260.1	92.818	543	22	15	1	531	1222	685	0.0	771
2836eca8-f122-441f-97bd-61a3d4dc9ec2	NR_115736.1	92.818	543	22	15	1	531	1169	632	0.0	771
44c3aa2c-3acf-4a9c-8e17-296cf66d8b81	NR_115355.1	91.642	1340	60	46	4	1306	161	1485	0.0	1808
44c3aa2c-3acf-4a9c-8e17-296cf66d8b81	NR_179325.1	91.642	1340	60	44	4	1306	135	1459	0.0	1807
44c3aa2c-3acf-4a9c-8e17-296cf66d8b81	NR_119169.1	91.493	1340	62	46	4	1306	166	1490	0.0	1801
44c3aa2c-3acf-4a9c-8e17-296cf66d8b81	NR_163639.1	91.350	1341	58	52	4	1306	180	1500	0.0	1781
44c3aa2c-3acf-4a9c-8e17-296cf66d8b81	NR_113570.1	91.051	1341	67	47	4	1306	168	1493	0.0	1762
d63ffe92-2c3e-46ea-96ab-56d269e01b03	NR_178515.1	91.611	453	15	16	1	438	684	240	1.21e-172	604
d63ffe92-2c3e-46ea-96ab-56d269e01b03	NR_024841.1	91.391	453	16	16	1	438	698	254	5.62e-171	599
d63ffe92-2c3e-46ea-96ab-56d269e01b03	NR_111994.1	91.391	453	16	16	1	438	630	186	5.62e-171	599
d63ffe92-2c3e-46ea-96ab-56d269e01b03	NR_113260.1	91.391	453	16	16	1	438	684	240	5.62e-171	599
d63ffe92-2c3e-46ea-96ab-56d269e01b03	NR_115241.1	91.410	454	14	17	1	438	684	240	5.62e-171	599
cf4d84f8-1cfb-4df0-945e-57f54d7100b6	NR_024842.1	91.109	1046	53	32	4	1028	1034	8	0.0	1384
cf4d84f8-1cfb-4df0-945e-57f54d7100b6	NR_117425.1	92.116	1002	44	28	38	1023	983	1	0.0	1380
cf4d84f8-1cfb-4df0-945e-57f54d7100b6	NR_114413.1	90.918	1046	55	32	4	1028	1042	16	0.0	1369
cf4d84f8-1cfb-4df0-945e-57f54d7100b6	NR_115241.1	91.120	1036	52	32	6	1020	1017	1	0.0	1367
cf4d84f8-1cfb-4df0-945e-57f54d7100b6	NR_115735.1	91.156	1029	51	32	4	1011	1010	1	0.0	1360
