6779914d-614c-4edb-bc7b-76f694a6e099	NR_115735.1	97.217	1042	15	11	7	1039	428	1464	0.0	1751
6779914d-614c-4edb-bc7b-76f694a6e099	NR_024842.1	97.124	1043	16	10	7	1040	452	1489	0.0	1749
6779914d-614c-4edb-bc7b-76f694a6e099	NR_115241.1	96.920	1039	18	11	7	1036	437	1470	0.0	1735
6779914d-614c-4edb-bc7b-76f694a6e099	NR_036936.1	96.923	1040	17	12	7	1036	437	1471	0.0	1729
6779914d-614c-4edb-bc7b-76f694a6e099	NR_165737.1	96.923	1040	17	12	7	1036	437	1471	0.0	1729
d43e451e-3d47-4c8b-ad95-07775cf343d5	NR_042776.1	95.392	434	13	5	5	433	450	19	0.0	684
d43e451e-3d47-4c8b-ad95-07775cf343d5	NR_042778.1	95.161	434	14	5	5	433	450	19	0.0	678
d43e451e-3d47-4c8b-ad95-07775cf343d5	NR_042777.1	94.931	434	15	5	5	433	450	19	0.0	673
d43e451e-3d47-4c8b-ad95-07775cf343d5	NR_197695.1	94.470	434	17	5	5	433	449	18	0.0	662
d43e451e-3d47-4c8b-ad95-07775cf343d5	NR_118998.1	94.240	434	18	5	5	433	445	14	0.0	658
f17689f9-10c0-4489-9e83-eb90abf48180	NR_115241.1	90.046	653	46	14	14	655	650	6	0.0	828
f17689f9-10c0-4489-9e83-eb90abf48180	NR_178515.1	89.893	653	47	16	14	655	650	6	0.0	822
f17689f9-10c0-4489-9e83-eb90abf48180	NR_115735.1	90.093	646	45	14	14	648	641	4	0.0	821
f17689f9-10c0-4489-9e83-eb90abf48180	NR_024842.1	89.740	653	48	15	14	655	665	21	0.0	819
f17689f9-10c0-4489-9e83-eb90abf48180	NR_117425.1	89.587	653	49	15	14	655	653	9	0.0	811
3b5746ef-e494-47d7-b86d-cefd04d8e327	NR_074980.1	93.944	1255	35	30	1	1231	1250	13	0.0	1858
3b5746ef-e494-47d7-b86d-cefd04d8e327	NR_113031.1	93.944	1255	35	30	1	1231	1250	13	0.0	1858
3b5746ef-e494-47d7-b86d-cefd04d8e327	NR_115355.1	94.165	1234	34	29	1	1213	1223	7	0.0	1849
3b5746ef-e494-47d7-b86d-cefd04d8e327	NR_119169.1	93.815	1245	36	30	1	1221	1228	1	0.0	1842
3b5746ef-e494-47d7-b86d-cefd04d8e327	NR_117759.1	93.922	1234	37	29	1	1213	1226	10	0.0	1832
7579c8da-34e4-427a-87e7-b63c6ed3a6d5	NR_115355.1	92.110	1014	35	36	1	981	484	1485	0.0	1387
7579c8da-34e4-427a-87e7-b63c6ed3a6d5	NR_179325.1	92.110	1014	35	36	1	981	458	1459	0.0	1387
7579c8da-34e4-427a-87e7-b63c6ed3a6d5	NR_163639.1	91.921	1015	34	39	1	981	500	1500	0.0	1376
7579c8da-34e4-427a-87e7-b63c6ed3a6d5	NR_119169.1	91.815	1014	38	36	1	981	489	1490	0.0	1375
7579c8da-34e4-427a-87e7-b63c6ed3a6d5	NR_115354.1	91.321	1014	43	36	1	981	484	1485	0.0	1347
799da505-03da-410e-85b3-21a65b834fac	NR_042776.1	90.000	1450	79	47	1	1418	87	1502	0.0	1814
799da505-03da-410e-85b3-21a65b834fac	NR_042777.1	89.793	1450	81	48	1	1418	87	1501	0.0	1796
799da505-03da-410e-85b3-21a65b834fac	NR_042778.1	89.724	1450	83	47	1	1418	87	1502	0.0	1792
799da505-03da-410e-85b3-21a65b834fac	NR_197695.1	89.624	1436	84	46	15	1418	99	1501	0.0	1766
799da505-03da-410e-85b3-21a65b834fac	NR_118998.1	89.172	1450	90	48	1	1418	82	1496	0.0	1748
7816c337-451a-4aad-ba56-9a5ab4735bd6	NR_026419.1	95.214	585	20	5	1	580	582	1	0.0	918
7816c337-451a-4aad-ba56-9a5ab4735bd6	NR_025903.1	93.423	593	30	6	1	588	594	6	0.0	870
7816c337-451a-4aad-ba56-9a5ab4735bd6	NR_025904.1	92.617	596	29	11	1	588	593	5	0.0	843
7816c337-451a-4aad-ba56-9a5ab4735bd6	NR_133753.1	93.478	552	28	5	1	548	548	1	0.0	813
7816c337-451a-4aad-ba56-9a5ab4735bd6	NR_036920.1	90.909	594	40	10	1	588	587	2	0.0	785
759c55d2-8bb4-433f-9a68-28969d3e0118	NR_042776.1	93.914	723	23	16	1	711	23	736	0.0	1072
759c55d2-8bb4-433f-9a68-28969d3e0118	NR_042778.1	93.638	723	25	16	1	711	23	736	0.0	1061
759c55d2-8bb4-433f-9a68-28969d3e0118	NR_042777.1	93.499	723	25	17	1	711	23	735	0.0	1055
759c55d2-8bb4-433f-9a68-28969d3e0118	NR_197695.1	93.223	723	28	16	1	711	22	735	0.0	1044
759c55d2-8bb4-433f-9a68-28969d3e0118	NR_118998.1	92.946	723	30	16	1	711	18	731	0.0	1035
8928425a-e5c4-4acf-8e5b-4dc2b153f9c2	NR_044873.1	91.803	366	18	12	1	357	364	2	4.72e-141	499
8928425a-e5c4-4acf-8e5b-4dc2b153f9c2	NR_074568.1	90.984	366	21	12	1	357	375	13	4.75e-136	483
8928425a-e5c4-4acf-8e5b-4dc2b153f9c2	NR_044712.2	90.164	366	24	12	1	357	384	22	1.03e-132	472
8928425a-e5c4-4acf-8e5b-4dc2b153f9c2	NR_109752.1	89.373	367	26	13	1	357	386	23	4.82e-126	449
8928425a-e5c4-4acf-8e5b-4dc2b153f9c2	NR_179993.1	89.189	370	25	15	1	359	376	11	1.73e-125	448
e54c920d-088f-4106-a78d-1a8a831182fb	NR_116168.1	93.673	648	19	16	1	630	844	1487	0.0	950
e54c920d-088f-4106-a78d-1a8a831182fb	NR_118762.1	93.721	637	20	14	1	621	847	1479	0.0	942
e54c920d-088f-4106-a78d-1a8a831182fb	NR_025423.1	91.304	644	32	18	3	627	830	1468	0.0	857
e54c920d-088f-4106-a78d-1a8a831182fb	NR_024897.1	90.895	648	33	20	3	630	845	1486	0.0	846
e54c920d-088f-4106-a78d-1a8a831182fb	NR_024898.1	90.726	647	36	18	3	630	845	1486	0.0	841
41a8d435-3b72-490c-bd4b-a130bc7c5743	NR_074980.1	93.144	598	23	15	4	589	604	13	0.0	861
41a8d435-3b72-490c-bd4b-a130bc7c5743	NR_113031.1	93.144	598	23	15	4	589	604	13	0.0	861
41a8d435-3b72-490c-bd4b-a130bc7c5743	NR_119168.1	93.367	588	22	14	4	580	582	1	0.0	854
41a8d435-3b72-490c-bd4b-a130bc7c5743	NR_163639.1	92.857	602	22	18	1	590	596	4	0.0	854
41a8d435-3b72-490c-bd4b-a130bc7c5743	NR_119169.1	92.893	591	25	14	1	580	585	1	0.0	846
bce8c996-816a-43ee-8c26-7b97291cb9b0	NR_028682.1	92.837	349	10	13	6	347	1157	1497	7.83e-139	492
bce8c996-816a-43ee-8c26-7b97291cb9b0	NR_025435.1	92.550	349	13	11	6	349	1154	1494	1.01e-137	488
bce8c996-816a-43ee-8c26-7b97291cb9b0	NR_036793.2	91.977	349	15	11	6	349	1165	1505	2.19e-134	477
bce8c996-816a-43ee-8c26-7b97291cb9b0	NR_119273.1	91.977	349	15	11	6	349	1165	1505	2.19e-134	477
bce8c996-816a-43ee-8c26-7b97291cb9b0	NR_042061.1	91.977	349	15	11	6	349	1147	1487	2.19e-134	477
07b73bc9-79ab-41d7-a0eb-f699a7e219ba	NR_114395.1	96.252	747	20	7	1	742	743	1486	0.0	1218
07b73bc9-79ab-41d7-a0eb-f699a7e219ba	NR_179535.1	96.247	746	17	8	1	742	746	1484	0.0	1212
07b73bc9-79ab-41d7-a0eb-f699a7e219ba	NR_179528.1	96.092	742	22	6	1	738	728	1466	0.0	1203
07b73bc9-79ab-41d7-a0eb-f699a7e219ba	NR_041983.1	96.434	701	18	6	1	697	711	1408	0.0	1151
07b73bc9-79ab-41d7-a0eb-f699a7e219ba	NR_119102.1	96.642	685	16	6	1	681	713	1394	0.0	1134
e0dfc5ef-0804-4165-83db-457b545cd94e	NR_026419.1	96.272	912	14	16	1	906	898	1	0.0	1478
e0dfc5ef-0804-4165-83db-457b545cd94e	NR_025903.1	94.891	920	26	17	1	914	910	6	0.0	1419
e0dfc5ef-0804-4165-83db-457b545cd94e	NR_025904.1	94.150	923	27	22	1	914	909	5	0.0	1380
e0dfc5ef-0804-4165-83db-457b545cd94e	NR_133753.1	95.287	870	21	16	1	865	864	10	0.0	1362
e0dfc5ef-0804-4165-83db-457b545cd94e	NR_036920.1	92.927	919	43	18	1	914	903	2	0.0	1317
a65cd763-f25d-4cbd-aa43-06f16c35a313	NR_026419.1	94.932	730	15	17	9	723	762	1484	0.0	1123
a65cd763-f25d-4cbd-aa43-06f16c35a313	NR_025904.1	93.699	730	23	19	9	723	773	1494	0.0	1072
a65cd763-f25d-4cbd-aa43-06f16c35a313	NR_025903.1	93.699	730	23	18	9	723	774	1495	0.0	1072
a65cd763-f25d-4cbd-aa43-06f16c35a313	NR_133752.1	93.626	706	23	17	9	699	699	1397	0.0	1035
a65cd763-f25d-4cbd-aa43-06f16c35a313	NR_133753.1	93.626	706	23	17	9	699	728	1426	0.0	1035
e2790187-d30d-4f15-b925-57a97fa25391	NR_028664.1	93.643	1227	49	22	9	1217	285	1500	0.0	1807
e2790187-d30d-4f15-b925-57a97fa25391	NR_042928.1	93.648	1228	47	24	1	1209	253	1468	0.0	1807
e2790187-d30d-4f15-b925-57a97fa25391	NR_179540.1	93.643	1227	48	23	9	1217	282	1496	0.0	1807
e2790187-d30d-4f15-b925-57a97fa25391	NR_042927.1	93.567	1228	49	23	1	1209	255	1471	0.0	1803
e2790187-d30d-4f15-b925-57a97fa25391	NR_115734.1	93.567	1228	49	23	1	1209	256	1472	0.0	1803
824046ef-d6d4-4233-af41-6ea1f23e41fd	NR_042776.1	91.875	1403	60	41	11	1379	1400	18	0.0	1910
824046ef-d6d4-4233-af41-6ea1f23e41fd	NR_042777.1	91.732	1403	61	42	11	1379	1399	18	0.0	1897
824046ef-d6d4-4233-af41-6ea1f23e41fd	NR_042778.1	91.661	1403	63	41	11	1379	1400	18	0.0	1893
824046ef-d6d4-4233-af41-6ea1f23e41fd	NR_197695.1	91.376	1403	67	41	11	1379	1399	17	0.0	1871
824046ef-d6d4-4233-af41-6ea1f23e41fd	NR_118998.1	91.019	1403	71	42	11	1379	1394	13	0.0	1844
055ba9e8-bdc3-4410-9cf7-8c6fd22d83b2	NR_042776.1	93.469	689	26	16	1	682	826	1502	0.0	1005
055ba9e8-bdc3-4410-9cf7-8c6fd22d83b2	NR_042777.1	93.469	689	26	16	1	682	825	1501	0.0	1005
055ba9e8-bdc3-4410-9cf7-8c6fd22d83b2	NR_042778.1	93.179	689	28	16	1	682	826	1502	0.0	994
055ba9e8-bdc3-4410-9cf7-8c6fd22d83b2	NR_197695.1	92.888	689	30	16	1	682	825	1501	0.0	983
055ba9e8-bdc3-4410-9cf7-8c6fd22d83b2	NR_118998.1	92.453	689	32	17	1	682	821	1496	0.0	966
713b6439-52e4-49bd-8431-2a21bd91377c	NR_025148.1	91.243	571	22	25	1	560	939	1492	0.0	752
713b6439-52e4-49bd-8431-2a21bd91377c	NR_115731.1	91.243	571	22	25	1	560	913	1466	0.0	752
713b6439-52e4-49bd-8431-2a21bd91377c	NR_042927.1	91.243	571	20	27	1	559	919	1471	0.0	750
713b6439-52e4-49bd-8431-2a21bd91377c	NR_115734.1	91.243	571	20	27	1	559	920	1472	0.0	750
713b6439-52e4-49bd-8431-2a21bd91377c	NR_179540.1	91.259	572	19	28	1	560	937	1489	0.0	750
aeafe1ff-bdfc-407c-8337-9c6e9deec6fb	NR_025903.1	95.342	322	4	8	1	319	1182	1495	1.17e-141	501
aeafe1ff-bdfc-407c-8337-9c6e9deec6fb	NR_025904.1	95.031	322	5	8	1	319	1181	1494	5.47e-140	496
aeafe1ff-bdfc-407c-8337-9c6e9deec6fb	NR_026419.1	95.016	321	6	6	2	319	1171	1484	5.47e-140	496
aeafe1ff-bdfc-407c-8337-9c6e9deec6fb	NR_133752.1	95.302	298	4	7	1	295	1107	1397	1.54e-130	464
aeafe1ff-bdfc-407c-8337-9c6e9deec6fb	NR_133753.1	95.302	298	4	7	1	295	1136	1426	1.54e-130	464
bf63e60e-4797-44d1-9b25-8271e8db6985	NR_044873.1	96.777	1210	24	9	1	1199	1212	7	0.0	2004
bf63e60e-4797-44d1-9b25-8271e8db6985	NR_074568.1	95.124	1210	43	10	1	1199	1222	18	0.0	1893
bf63e60e-4797-44d1-9b25-8271e8db6985	NR_044712.2	94.876	1210	46	10	1	1199	1231	27	0.0	1882
bf63e60e-4797-44d1-9b25-8271e8db6985	NR_025310.1	94.421	1201	50	11	1	1190	1202	8	0.0	1831
bf63e60e-4797-44d1-9b25-8271e8db6985	NR_109752.1	94.137	1211	54	11	1	1199	1233	28	0.0	1827
fab4dd00-2d7b-4582-861c-8111d2ff1625	NR_040933.1	91.980	611	23	22	128	718	1465	861	0.0	833
fab4dd00-2d7b-4582-861c-8111d2ff1625	NR_104947.1	91.817	611	24	22	128	718	1416	812	0.0	828
fab4dd00-2d7b-4582-861c-8111d2ff1625	NR_117717.1	91.817	611	24	22	128	718	1463	859	0.0	828
fab4dd00-2d7b-4582-861c-8111d2ff1625	NR_159079.1	91.817	611	24	22	128	718	1439	835	0.0	828
fab4dd00-2d7b-4582-861c-8111d2ff1625	NR_117694.1	91.817	611	24	22	128	718	1443	839	0.0	828
803f8afe-c10d-405d-9a64-fa7c43ca7615	NR_115355.1	92.033	1205	56	29	19	1199	294	1482	0.0	1657
803f8afe-c10d-405d-9a64-fa7c43ca7615	NR_179325.1	92.033	1205	56	29	19	1199	268	1456	0.0	1657
803f8afe-c10d-405d-9a64-fa7c43ca7615	NR_119169.1	91.701	1205	60	29	19	1199	299	1487	0.0	1640
803f8afe-c10d-405d-9a64-fa7c43ca7615	NR_163639.1	91.777	1204	57	32	19	1199	313	1497	0.0	1637
803f8afe-c10d-405d-9a64-fa7c43ca7615	NR_113570.1	91.369	1205	65	28	19	1199	301	1490	0.0	1613
a889a4a2-314b-4e89-9a70-3b15926825db	NR_042776.1	92.139	1323	73	26	6	1311	1338	30	0.0	1838
a889a4a2-314b-4e89-9a70-3b15926825db	NR_042778.1	91.988	1323	75	26	6	1311	1338	30	0.0	1827
a889a4a2-314b-4e89-9a70-3b15926825db	NR_042777.1	91.912	1323	75	29	6	1311	1337	30	0.0	1821
a889a4a2-314b-4e89-9a70-3b15926825db	NR_197695.1	91.761	1323	78	26	6	1311	1337	29	0.0	1810
a889a4a2-314b-4e89-9a70-3b15926825db	NR_118998.1	91.679	1322	80	25	6	1311	1332	25	0.0	1807
c7d2f9b8-0f40-483b-8a75-a619d806d8d9	NR_041879.1	93.372	1026	43	18	24	1034	1186	171	0.0	1495
c7d2f9b8-0f40-483b-8a75-a619d806d8d9	NR_115355.1	93.372	1026	42	19	24	1034	1228	214	0.0	1495
c7d2f9b8-0f40-483b-8a75-a619d806d8d9	NR_119169.1	93.177	1026	44	19	24	1034	1233	219	0.0	1489
c7d2f9b8-0f40-483b-8a75-a619d806d8d9	NR_179325.1	93.275	1026	43	19	24	1034	1202	188	0.0	1489
c7d2f9b8-0f40-483b-8a75-a619d806d8d9	NR_113570.1	92.982	1026	46	19	24	1034	1235	221	0.0	1472
3fdaf75b-a6cb-45a1-8c32-dda05b522485	NR_042776.1	95.915	1175	20	14	1	1150	1201	30	0.0	1879
3fdaf75b-a6cb-45a1-8c32-dda05b522485	NR_042778.1	95.745	1175	22	14	1	1150	1201	30	0.0	1868
3fdaf75b-a6cb-45a1-8c32-dda05b522485	NR_042777.1	95.660	1175	22	15	1	1150	1200	30	0.0	1860
3fdaf75b-a6cb-45a1-8c32-dda05b522485	NR_197695.1	95.404	1175	26	14	1	1150	1200	29	0.0	1845
3fdaf75b-a6cb-45a1-8c32-dda05b522485	NR_118998.1	95.060	1174	31	13	1	1150	1195	25	0.0	1823
ab26e98e-1214-4f34-91c2-e9be387f5b66	NR_028664.1	93.531	371	12	9	3	361	391	21	7.92e-154	542
ab26e98e-1214-4f34-91c2-e9be387f5b66	NR_115240.1	93.478	368	12	9	3	358	368	1	3.68e-152	536
ab26e98e-1214-4f34-91c2-e9be387f5b66	NR_115732.1	93.207	368	12	10	3	358	370	4	6.16e-150	529
ab26e98e-1214-4f34-91c2-e9be387f5b66	NR_165741.1	92.722	371	15	9	3	361	377	7	7.97e-149	525
ab26e98e-1214-4f34-91c2-e9be387f5b66	NR_165744.1	92.722	371	15	9	3	361	377	7	7.97e-149	525
5e8c30da-b802-4a6d-bd2e-fddd6865f374	NR_074980.1	96.850	635	11	7	1	630	640	10	0.0	1053
5e8c30da-b802-4a6d-bd2e-fddd6865f374	NR_113031.1	96.850	635	11	7	1	630	640	10	0.0	1053
5e8c30da-b802-4a6d-bd2e-fddd6865f374	NR_119168.1	97.258	620	8	7	1	615	618	3	0.0	1042
5e8c30da-b802-4a6d-bd2e-fddd6865f374	NR_163639.1	96.524	633	10	10	1	628	629	4	0.0	1037
5e8c30da-b802-4a6d-bd2e-fddd6865f374	NR_043332.1	97.083	617	9	7	1	612	613	1	0.0	1033
5375bec7-8652-453a-9c9b-ab80ea565952	NR_174211.1	84.140	372	45	12	1	362	631	264	1.87e-95	348
5375bec7-8652-453a-9c9b-ab80ea565952	NR_199983.1	83.914	373	44	14	1	362	656	289	8.69e-94	342
5375bec7-8652-453a-9c9b-ab80ea565952	NR_025385.1	83.646	373	45	13	1	362	619	252	4.04e-92	337
5375bec7-8652-453a-9c9b-ab80ea565952	NR_181478.1	83.651	367	40	17	8	361	595	236	2.43e-89	327
5375bec7-8652-453a-9c9b-ab80ea565952	NR_116413.1	83.424	368	39	15	8	361	586	227	1.13e-87	322
c5a628b2-5636-4e13-81ac-dc3b4362c83a	NR_043660.1	93.864	1043	41	17	1	1024	1380	342	0.0	1550
c5a628b2-5636-4e13-81ac-dc3b4362c83a	NR_042052.1	93.768	1043	42	17	1	1024	1311	273	0.0	1544
c5a628b2-5636-4e13-81ac-dc3b4362c83a	NR_037002.1	93.768	1043	42	17	1	1024	1408	370	0.0	1544
c5a628b2-5636-4e13-81ac-dc3b4362c83a	NR_113594.1	93.768	1043	42	17	1	1024	1388	350	0.0	1544
c5a628b2-5636-4e13-81ac-dc3b4362c83a	NR_114642.1	93.768	1043	42	17	1	1024	1370	332	0.0	1544
622c41fe-499e-4ea4-90b5-c68e6d075e17	NR_117719.1	95.915	661	14	12	1	655	840	1493	0.0	1059
622c41fe-499e-4ea4-90b5-c68e6d075e17	NR_028664.1	95.764	661	15	12	1	655	843	1496	0.0	1053
622c41fe-499e-4ea4-90b5-c68e6d075e17	NR_179383.1	95.764	661	15	12	1	655	847	1500	0.0	1053
622c41fe-499e-4ea4-90b5-c68e6d075e17	NR_175455.1	95.619	662	15	13	1	655	828	1482	0.0	1050
622c41fe-499e-4ea4-90b5-c68e6d075e17	NR_042927.1	95.738	657	15	12	1	651	822	1471	0.0	1046
abf96480-d98a-477b-8d13-da884cd4f77e	NR_115355.1	98.244	854	9	5	1	849	630	1482	0.0	1489
abf96480-d98a-477b-8d13-da884cd4f77e	NR_179325.1	98.244	854	9	5	1	849	604	1456	0.0	1489
abf96480-d98a-477b-8d13-da884cd4f77e	NR_119169.1	97.892	854	12	5	1	849	635	1487	0.0	1476
abf96480-d98a-477b-8d13-da884cd4f77e	NR_163639.1	98.012	855	8	8	1	849	646	1497	0.0	1476
abf96480-d98a-477b-8d13-da884cd4f77e	NR_115354.1	97.882	850	12	5	5	849	634	1482	0.0	1465
9dd5d7dd-c734-472c-93b1-ace23298403b	NR_025862.1	91.336	681	38	18	4	668	700	25	0.0	918
9dd5d7dd-c734-472c-93b1-ace23298403b	NR_028682.1	89.443	682	50	19	4	668	701	25	0.0	841
9dd5d7dd-c734-472c-93b1-ace23298403b	NR_026454.1	87.695	642	55	21	4	625	677	40	0.0	726
9dd5d7dd-c734-472c-93b1-ace23298403b	NR_175459.1	86.971	614	60	17	4	601	712	103	0.0	673
9dd5d7dd-c734-472c-93b1-ace23298403b	NR_024906.1	86.808	614	61	17	4	601	690	81	0.0	667
0f8099fb-b211-4759-8cb3-cb193f8524b8	NR_179325.1	90.520	654	33	24	1	639	817	1456	0.0	837
0f8099fb-b211-4759-8cb3-cb193f8524b8	NR_163639.1	90.337	652	37	21	1	639	859	1497	0.0	832
0f8099fb-b211-4759-8cb3-cb193f8524b8	NR_115355.1	90.214	654	35	24	1	639	843	1482	0.0	826
0f8099fb-b211-4759-8cb3-cb193f8524b8	NR_115354.1	90.061	654	36	24	1	639	843	1482	0.0	822
0f8099fb-b211-4759-8cb3-cb193f8524b8	NR_119169.1	89.755	654	38	24	1	639	848	1487	0.0	813
d6f2107e-847b-4540-baff-f4fa06db2463	NR_134817.1	96.034	353	7	6	3	349	1134	1485	1.26e-161	568
d6f2107e-847b-4540-baff-f4fa06db2463	NR_179540.1	96.034	353	7	6	3	349	1139	1490	1.26e-161	568
d6f2107e-847b-4540-baff-f4fa06db2463	NR_115730.1	96.023	352	7	6	3	348	1101	1451	4.52e-161	566
d6f2107e-847b-4540-baff-f4fa06db2463	NR_024634.1	95.763	354	7	7	3	349	1132	1484	1.63e-160	564
d6f2107e-847b-4540-baff-f4fa06db2463	NR_042928.1	96.011	351	7	6	3	347	1119	1468	1.63e-160	564
72ccf065-a89b-42a1-959c-5baf75052265	NR_042776.1	99.324	296	1	1	1	296	315	21	1.07e-151	534
72ccf065-a89b-42a1-959c-5baf75052265	NR_042778.1	98.986	296	2	1	1	296	315	21	4.99e-150	529
72ccf065-a89b-42a1-959c-5baf75052265	NR_042777.1	98.649	296	3	1	1	296	315	21	2.32e-148	523
72ccf065-a89b-42a1-959c-5baf75052265	NR_118998.1	97.973	296	5	1	1	296	310	16	1.40e-145	514
72ccf065-a89b-42a1-959c-5baf75052265	NR_197695.1	97.635	296	6	1	1	296	314	20	2.34e-143	507
572e48d6-6e1d-4076-965a-503c12caae53	NR_102895.1	95.890	365	4	9	1	360	59	417	1.65e-165	580
572e48d6-6e1d-4076-965a-503c12caae53	NR_042843.1	95.616	365	5	9	1	360	31	389	2.14e-164	577
572e48d6-6e1d-4076-965a-503c12caae53	NR_113113.1	95.616	365	5	9	1	360	39	397	7.69e-164	575
572e48d6-6e1d-4076-965a-503c12caae53	NR_114305.1	94.521	365	9	9	1	360	51	409	3.60e-157	553
572e48d6-6e1d-4076-965a-503c12caae53	NR_116726.1	94.521	365	9	9	1	360	31	389	3.60e-157	553
bb2800fb-0350-42d3-90a1-a4c735941b71	NR_042878.1	92.982	741	30	20	1	730	193	922	0.0	1061
bb2800fb-0350-42d3-90a1-a4c735941b71	NR_116168.1	92.982	741	30	20	1	730	214	943	0.0	1061
bb2800fb-0350-42d3-90a1-a4c735941b71	NR_118762.1	91.498	741	40	22	1	730	217	945	0.0	1026
bb2800fb-0350-42d3-90a1-a4c735941b71	NR_118143.1	91.918	730	37	20	12	730	206	924	0.0	1003
bb2800fb-0350-42d3-90a1-a4c735941b71	NR_025423.1	91.093	741	44	20	1	730	198	927	0.0	983
14ea94cd-3c7e-4783-ad41-2a6d5a10d9d3	NR_025862.1	94.383	1086	38	18	10	1080	1214	137	0.0	1652
14ea94cd-3c7e-4783-ad41-2a6d5a10d9d3	NR_026454.1	92.385	1090	55	23	10	1080	1191	111	0.0	1528
14ea94cd-3c7e-4783-ad41-2a6d5a10d9d3	NR_028682.1	91.877	1108	58	27	10	1096	1215	119	0.0	1519
14ea94cd-3c7e-4783-ad41-2a6d5a10d9d3	NR_113798.1	90.541	1110	70	27	10	1096	1200	103	0.0	1435
14ea94cd-3c7e-4783-ad41-2a6d5a10d9d3	NR_042406.1	90.433	1108	74	27	10	1096	1205	109	0.0	1430
6e50c9ab-c6dd-4a9c-b69c-3ebe0b4f0a40	NR_028664.1	95.818	550	14	7	1	547	952	1495	0.0	880
6e50c9ab-c6dd-4a9c-b69c-3ebe0b4f0a40	NR_024842.1	95.636	550	14	8	1	547	946	1488	0.0	874
6e50c9ab-c6dd-4a9c-b69c-3ebe0b4f0a40	NR_115240.1	95.795	547	14	7	1	544	929	1469	0.0	874
6e50c9ab-c6dd-4a9c-b69c-3ebe0b4f0a40	NR_115735.1	95.636	550	14	8	1	547	922	1464	0.0	874
6e50c9ab-c6dd-4a9c-b69c-3ebe0b4f0a40	NR_117719.1	95.636	550	15	7	1	547	949	1492	0.0	874
dfddcce2-4618-4e90-a457-b4ee45e9dfff	NR_028682.1	93.473	383	14	9	5	377	1116	1497	8.23e-159	558
dfddcce2-4618-4e90-a457-b4ee45e9dfff	NR_025435.1	92.000	375	19	8	16	381	1124	1496	5.02e-146	516
dfddcce2-4618-4e90-a457-b4ee45e9dfff	NR_024817.1	91.444	374	22	7	16	381	1110	1481	3.02e-143	507
dfddcce2-4618-4e90-a457-b4ee45e9dfff	NR_025396.1	91.421	373	24	6	16	381	1098	1469	1.09e-142	505
dfddcce2-4618-4e90-a457-b4ee45e9dfff	NR_036793.2	91.467	375	21	8	16	381	1135	1507	1.09e-142	505
70980885-eb85-45fb-aa39-df265300484d	NR_044873.1	92.167	983	33	27	1	948	226	1199	0.0	1349
70980885-eb85-45fb-aa39-df265300484d	NR_074568.1	90.946	983	44	32	1	948	237	1209	0.0	1280
70980885-eb85-45fb-aa39-df265300484d	NR_109752.1	90.946	983	44	30	1	948	248	1220	0.0	1280
70980885-eb85-45fb-aa39-df265300484d	NR_178360.1	90.946	983	44	30	1	948	204	1176	0.0	1280
70980885-eb85-45fb-aa39-df265300484d	NR_044712.2	90.641	983	47	32	1	948	246	1218	0.0	1269
a7d33f2e-1668-4328-9adc-0692d5a30d53	NR_115732.1	95.174	891	27	14	1	883	895	13	0.0	1393
a7d33f2e-1668-4328-9adc-0692d5a30d53	NR_028664.1	95.062	891	29	13	1	883	916	33	0.0	1387
a7d33f2e-1668-4328-9adc-0692d5a30d53	NR_115240.1	95.062	891	29	13	1	883	893	10	0.0	1387
a7d33f2e-1668-4328-9adc-0692d5a30d53	NR_165744.1	95.062	891	29	13	1	883	902	19	0.0	1387
a7d33f2e-1668-4328-9adc-0692d5a30d53	NR_179383.1	95.062	891	29	13	1	883	920	37	0.0	1387
6d4f77ca-d58d-486f-a875-b155b93db4cf	NR_175509.1	94.299	1070	31	25	1	1046	1076	13	0.0	1611
6d4f77ca-d58d-486f-a875-b155b93db4cf	NR_113124.1	93.178	1070	43	25	1	1046	1076	13	0.0	1544
6d4f77ca-d58d-486f-a875-b155b93db4cf	NR_029148.1	92.797	1069	48	24	1	1046	1083	21	0.0	1528
6d4f77ca-d58d-486f-a875-b155b93db4cf	NR_115327.1	93.032	1062	44	25	1	1038	1056	1	0.0	1526
6d4f77ca-d58d-486f-a875-b155b93db4cf	NR_113105.1	92.610	1069	51	23	1	1046	1064	1	0.0	1511
c6fb87bf-0035-4dd6-bf89-9a39a5549783	NR_179385.1	92.925	424	13	14	1	410	446	26	1.49e-171	601
c6fb87bf-0035-4dd6-bf89-9a39a5549783	NR_165741.1	92.689	424	14	14	1	410	431	11	6.95e-170	595
c6fb87bf-0035-4dd6-bf89-9a39a5549783	NR_199545.1	92.689	424	14	14	1	410	442	22	6.95e-170	595
c6fb87bf-0035-4dd6-bf89-9a39a5549783	NR_028664.1	92.217	424	16	14	1	410	445	25	1.50e-166	584
c6fb87bf-0035-4dd6-bf89-9a39a5549783	NR_114172.1	92.217	424	16	14	1	410	422	2	1.50e-166	584
fa455a80-7569-4f9f-a210-1e3d457e5e5a	NR_044873.1	94.872	1170	23	28	1	1145	1171	14	0.0	1794
fa455a80-7569-4f9f-a210-1e3d457e5e5a	NR_074568.1	93.328	1169	42	27	1	1145	1181	25	0.0	1694
fa455a80-7569-4f9f-a210-1e3d457e5e5a	NR_044712.2	93.071	1169	45	27	1	1145	1190	34	0.0	1683
fa455a80-7569-4f9f-a210-1e3d457e5e5a	NR_109752.1	92.400	1171	50	30	1	1145	1192	35	0.0	1633
fa455a80-7569-4f9f-a210-1e3d457e5e5a	NR_025310.1	92.314	1171	50	31	1	1145	1161	5	0.0	1628
92438bcc-2b0f-407c-a2ad-75d2059c0e3b	NR_025862.1	95.841	1130	23	21	68	1181	1247	126	0.0	1810
92438bcc-2b0f-407c-a2ad-75d2059c0e3b	NR_028682.1	93.563	1134	42	27	68	1181	1248	126	0.0	1661
92438bcc-2b0f-407c-a2ad-75d2059c0e3b	NR_026454.1	94.049	1109	40	23	69	1161	1223	125	0.0	1659
92438bcc-2b0f-407c-a2ad-75d2059c0e3b	NR_180652.1	94.487	1034	39	15	68	1090	1237	211	0.0	1578
92438bcc-2b0f-407c-a2ad-75d2059c0e3b	NR_042406.1	92.294	1129	56	27	73	1181	1233	116	0.0	1574
1d6be374-636f-4e6e-ac48-d8f41cb12661	NR_042776.1	98.687	457	4	2	1	455	1043	1499	0.0	809
1d6be374-636f-4e6e-ac48-d8f41cb12661	NR_042777.1	98.687	457	4	2	1	455	1042	1498	0.0	809
1d6be374-636f-4e6e-ac48-d8f41cb12661	NR_197695.1	98.468	457	5	2	1	455	1042	1498	0.0	804
1d6be374-636f-4e6e-ac48-d8f41cb12661	NR_042778.1	98.249	457	6	2	1	455	1043	1499	0.0	798
1d6be374-636f-4e6e-ac48-d8f41cb12661	NR_118998.1	98.249	457	6	2	1	455	1037	1493	0.0	798
a2cc2228-cf24-4d51-b005-e18e5c7241b0	NR_102895.1	94.524	347	6	11	1	341	360	21	2.66e-148	523
a2cc2228-cf24-4d51-b005-e18e5c7241b0	NR_113113.1	94.236	347	7	11	1	341	340	1	1.24e-146	518
a2cc2228-cf24-4d51-b005-e18e5c7241b0	NR_042843.1	94.100	339	7	11	1	333	332	1	9.63e-143	505
a2cc2228-cf24-4d51-b005-e18e5c7241b0	NR_114305.1	93.372	347	10	11	1	341	352	13	1.25e-141	501
a2cc2228-cf24-4d51-b005-e18e5c7241b0	NR_116726.1	93.215	339	10	11	1	333	332	1	3.49e-137	486
8f2130e1-8e72-4eaa-81ee-9427e5c8739a	NR_040821.1	98.352	182	3	0	6	187	1426	1245	2.19e-87	320
8f2130e1-8e72-4eaa-81ee-9427e5c8739a	NR_025630.1	98.352	182	3	0	6	187	1425	1244	2.19e-87	320
8f2130e1-8e72-4eaa-81ee-9427e5c8739a	NR_024634.1	98.352	182	3	0	6	187	1437	1256	2.19e-87	320
8f2130e1-8e72-4eaa-81ee-9427e5c8739a	NR_025148.1	98.352	182	3	0	6	187	1446	1265	2.19e-87	320
8f2130e1-8e72-4eaa-81ee-9427e5c8739a	NR_027517.1	98.352	182	3	0	6	187	1446	1265	2.19e-87	320
a90bb12d-203f-438b-b8d6-8964a0585074	NR_042927.1	97.950	683	5	6	1	677	1413	734	0.0	1175
a90bb12d-203f-438b-b8d6-8964a0585074	NR_114413.1	97.950	683	5	6	1	677	1436	757	0.0	1175
a90bb12d-203f-438b-b8d6-8964a0585074	NR_115734.1	97.950	683	5	6	1	677	1414	735	0.0	1175
a90bb12d-203f-438b-b8d6-8964a0585074	NR_179385.1	97.950	683	5	6	1	677	1435	756	0.0	1175
a90bb12d-203f-438b-b8d6-8964a0585074	NR_199544.1	97.950	683	5	6	1	677	1389	710	0.0	1175
93b9b4c6-b511-42cf-a5fa-87caeeb5df4a	NR_028682.1	97.396	192	3	2	1	192	1434	1245	4.28e-89	326
93b9b4c6-b511-42cf-a5fa-87caeeb5df4a	NR_179652.1	95.789	190	6	2	3	192	1435	1248	5.57e-83	305
93b9b4c6-b511-42cf-a5fa-87caeeb5df4a	NR_025435.1	94.764	191	6	4	3	192	1429	1242	1.21e-79	294
93b9b4c6-b511-42cf-a5fa-87caeeb5df4a	NR_179378.1	94.737	190	8	2	3	192	1432	1245	1.21e-79	294
93b9b4c6-b511-42cf-a5fa-87caeeb5df4a	NR_113770.1	94.709	189	8	2	4	192	1410	1224	4.34e-79	292
2b68c5cd-6326-4e32-a900-8f706c1124e3	NR_117717.1	93.085	376	21	3	1	375	610	239	6.62e-155	545
2b68c5cd-6326-4e32-a900-8f706c1124e3	NR_121688.1	93.085	376	21	3	1	375	609	238	6.62e-155	545
2b68c5cd-6326-4e32-a900-8f706c1124e3	NR_041989.1	93.103	377	19	4	1	375	547	176	6.62e-155	545
2b68c5cd-6326-4e32-a900-8f706c1124e3	NR_117696.1	93.085	376	21	3	1	375	576	205	6.62e-155	545
2b68c5cd-6326-4e32-a900-8f706c1124e3	NR_117701.1	93.085	376	21	3	1	375	589	218	6.62e-155	545
96992bf9-3b69-4f0b-8863-f6e74ae72115	NR_024842.1	95.755	801	21	9	1	792	804	8	0.0	1282
96992bf9-3b69-4f0b-8863-f6e74ae72115	NR_115241.1	96.091	793	18	9	1	784	789	1	0.0	1280
96992bf9-3b69-4f0b-8863-f6e74ae72115	NR_115735.1	95.918	784	18	10	1	774	780	1	0.0	1258
96992bf9-3b69-4f0b-8863-f6e74ae72115	NR_165737.1	95.340	794	22	11	1	784	789	1	0.0	1247
96992bf9-3b69-4f0b-8863-f6e74ae72115	NR_178515.1	95.340	794	22	11	1	784	789	1	0.0	1247
ab95829b-63ba-4c4e-b8b8-b86768808786	NR_179540.1	95.990	1197	22	18	1	1185	313	1495	0.0	1921
ab95829b-63ba-4c4e-b8b8-b86768808786	NR_117719.1	95.906	1197	24	17	1	1185	313	1496	0.0	1916
ab95829b-63ba-4c4e-b8b8-b86768808786	NR_028664.1	95.823	1197	25	17	1	1185	316	1499	0.0	1910
ab95829b-63ba-4c4e-b8b8-b86768808786	NR_179383.1	95.823	1197	25	17	1	1185	320	1503	0.0	1910
ab95829b-63ba-4c4e-b8b8-b86768808786	NR_175455.1	95.743	1198	25	18	1	1185	301	1485	0.0	1906
e7dfd625-2f87-473c-bc66-9c82818ef2fa	NR_036936.1	94.484	707	18	15	1	692	761	1461	0.0	1070
e7dfd625-2f87-473c-bc66-9c82818ef2fa	NR_109720.1	94.342	707	19	15	1	692	755	1455	0.0	1064
e7dfd625-2f87-473c-bc66-9c82818ef2fa	NR_024842.1	94.201	707	19	16	1	692	776	1475	0.0	1059
e7dfd625-2f87-473c-bc66-9c82818ef2fa	NR_025453.1	94.201	707	20	15	1	692	761	1461	0.0	1059
e7dfd625-2f87-473c-bc66-9c82818ef2fa	NR_115735.1	94.201	707	19	16	1	692	752	1451	0.0	1059
84725e5a-c187-4c50-9b34-c60bceb7ae42	NR_042928.1	94.923	1103	31	23	23	1109	1098	5	0.0	1703
84725e5a-c187-4c50-9b34-c60bceb7ae42	NR_199545.1	94.444	1116	35	25	23	1121	1118	13	0.0	1692
84725e5a-c187-4c50-9b34-c60bceb7ae42	NR_199547.1	95.353	1076	28	21	23	1084	1078	11	0.0	1690
84725e5a-c187-4c50-9b34-c60bceb7ae42	NR_028664.1	94.355	1116	36	25	23	1121	1121	16	0.0	1687
84725e5a-c187-4c50-9b34-c60bceb7ae42	NR_117719.1	94.355	1116	36	25	23	1121	1118	13	0.0	1687
46ec3ca7-3f54-404f-9ca1-f5fd408a7d63	NR_199544.1	95.214	585	13	13	8	585	143	719	0.0	911
46ec3ca7-3f54-404f-9ca1-f5fd408a7d63	NR_028664.1	95.043	585	14	13	8	585	188	764	0.0	905
46ec3ca7-3f54-404f-9ca1-f5fd408a7d63	NR_115240.1	95.043	585	14	13	8	585	165	741	0.0	905
46ec3ca7-3f54-404f-9ca1-f5fd408a7d63	NR_115732.1	95.043	585	14	13	8	585	167	743	0.0	905
46ec3ca7-3f54-404f-9ca1-f5fd408a7d63	NR_116207.1	95.043	585	14	13	8	585	30	606	0.0	905
1566c5ca-4952-4594-83ed-107f00134e79	NR_042776.1	91.938	1352	48	43	1	1302	1361	21	0.0	1836
1566c5ca-4952-4594-83ed-107f00134e79	NR_042777.1	91.938	1352	47	44	1	1302	1360	21	0.0	1836
1566c5ca-4952-4594-83ed-107f00134e79	NR_042778.1	91.716	1352	51	43	1	1302	1361	21	0.0	1820
1566c5ca-4952-4594-83ed-107f00134e79	NR_197695.1	91.568	1352	53	43	1	1302	1360	20	0.0	1808
1566c5ca-4952-4594-83ed-107f00134e79	NR_118998.1	91.050	1352	59	44	1	1302	1355	16	0.0	1772
00261788-30e6-401e-9cd8-890cb54d9924	NR_043332.1	93.709	461	14	13	48	500	1029	1482	0.0	676
00261788-30e6-401e-9cd8-890cb54d9924	NR_074980.1	93.709	461	14	13	48	500	1056	1509	0.0	676
00261788-30e6-401e-9cd8-890cb54d9924	NR_113031.1	93.709	461	14	13	48	500	1056	1509	0.0	676
00261788-30e6-401e-9cd8-890cb54d9924	NR_113570.1	93.506	462	14	14	48	500	1036	1490	0.0	673
00261788-30e6-401e-9cd8-890cb54d9924	NR_115355.1	93.275	461	16	13	48	500	1029	1482	0.0	665
32baf692-165a-4112-9af3-642e82c6fd22	NR_024817.1	96.957	230	5	2	1	228	1250	1479	2.39e-107	387
32baf692-165a-4112-9af3-642e82c6fd22	NR_025435.1	96.537	231	5	3	1	228	1264	1494	4.00e-105	379
32baf692-165a-4112-9af3-642e82c6fd22	NR_028682.1	96.537	231	3	5	1	226	1267	1497	1.44e-104	377
32baf692-165a-4112-9af3-642e82c6fd22	NR_025689.1	95.652	230	8	2	1	228	1255	1484	8.67e-102	368
32baf692-165a-4112-9af3-642e82c6fd22	NR_025625.1	95.652	230	8	2	1	228	1254	1483	8.67e-102	368
e9ca594d-0659-46de-8754-91499c2a0f15	NR_042776.1	97.110	519	6	5	1	517	988	1499	0.0	867
e9ca594d-0659-46de-8754-91499c2a0f15	NR_042777.1	97.110	519	6	5	1	517	987	1498	0.0	867
e9ca594d-0659-46de-8754-91499c2a0f15	NR_042778.1	96.724	519	8	5	1	517	988	1499	0.0	856
e9ca594d-0659-46de-8754-91499c2a0f15	NR_197695.1	96.532	519	9	5	1	517	987	1498	0.0	850
e9ca594d-0659-46de-8754-91499c2a0f15	NR_118998.1	96.346	520	8	7	1	517	982	1493	0.0	845
cffe7ead-f1e6-426c-8851-58592f874d83	NR_116168.1	95.046	767	21	13	1	761	769	14	0.0	1190
cffe7ead-f1e6-426c-8851-58592f874d83	NR_042878.1	94.598	759	24	13	1	753	748	1	0.0	1168
cffe7ead-f1e6-426c-8851-58592f874d83	NR_118762.1	93.099	768	36	14	1	762	772	16	0.0	1131
cffe7ead-f1e6-426c-8851-58592f874d83	NR_025423.1	92.277	764	40	16	1	756	753	1	0.0	1066
cffe7ead-f1e6-426c-8851-58592f874d83	NR_118143.1	92.116	761	41	15	1	753	750	1	0.0	1057
f12d32b9-bfa4-47b9-90f2-b3a7cbc77439	NR_026419.1	92.812	1266	49	27	4	1246	1247	1	0.0	1796
f12d32b9-bfa4-47b9-90f2-b3a7cbc77439	NR_025903.1	92.078	1275	56	31	4	1254	1259	6	0.0	1753
f12d32b9-bfa4-47b9-90f2-b3a7cbc77439	NR_133753.1	93.513	1187	42	25	4	1173	1213	45	0.0	1733
f12d32b9-bfa4-47b9-90f2-b3a7cbc77439	NR_133752.1	93.260	1187	45	25	4	1173	1184	16	0.0	1716
f12d32b9-bfa4-47b9-90f2-b3a7cbc77439	NR_025904.1	91.458	1276	62	31	4	1254	1258	5	0.0	1709
e76efca1-5b9a-44e6-a753-be9071ed4282	NR_117717.1	90.030	662	37	22	8	648	667	14	0.0	830
e76efca1-5b9a-44e6-a753-be9071ed4282	NR_121688.1	89.879	662	38	22	8	648	666	13	0.0	824
e76efca1-5b9a-44e6-a753-be9071ed4282	NR_041989.1	91.639	610	26	18	8	598	604	1	0.0	821
e76efca1-5b9a-44e6-a753-be9071ed4282	NR_117701.1	89.908	654	37	22	8	640	646	1	0.0	815
e76efca1-5b9a-44e6-a753-be9071ed4282	NR_117696.1	89.860	641	37	21	8	628	633	1	0.0	798
1cc4b3dc-2cea-4e9e-a128-3f61690dd8e9	NR_179383.1	95.853	1302	25	24	1	1290	1304	20	0.0	2078
1cc4b3dc-2cea-4e9e-a128-3f61690dd8e9	NR_028664.1	95.776	1302	26	24	1	1290	1300	16	0.0	2073
1cc4b3dc-2cea-4e9e-a128-3f61690dd8e9	NR_199545.1	95.776	1302	26	24	1	1290	1297	13	0.0	2073
1cc4b3dc-2cea-4e9e-a128-3f61690dd8e9	NR_165744.1	95.702	1303	27	24	1	1291	1286	1	0.0	2069
1cc4b3dc-2cea-4e9e-a128-3f61690dd8e9	NR_027214.1	95.898	1292	25	23	1	1280	1277	2	0.0	2067
c21835db-dc93-412a-b4f2-3ab675fc3dd7	NR_115735.1	93.838	1201	37	32	1	1180	280	1464	0.0	1773
c21835db-dc93-412a-b4f2-3ab675fc3dd7	NR_024842.1	93.760	1202	38	32	1	1181	304	1489	0.0	1772
c21835db-dc93-412a-b4f2-3ab675fc3dd7	NR_115241.1	93.573	1198	40	32	1	1177	289	1470	0.0	1757
c21835db-dc93-412a-b4f2-3ab675fc3dd7	NR_036936.1	93.578	1199	39	33	1	1177	289	1471	0.0	1753
c21835db-dc93-412a-b4f2-3ab675fc3dd7	NR_165737.1	93.578	1199	39	33	1	1177	289	1471	0.0	1753
5948654e-bb78-4546-bb7c-71d61e11dd6a	NR_024842.1	97.738	840	12	6	7	842	657	1493	0.0	1439
5948654e-bb78-4546-bb7c-71d61e11dd6a	NR_115735.1	97.725	835	12	6	7	837	633	1464	0.0	1430
5948654e-bb78-4546-bb7c-71d61e11dd6a	NR_165737.1	97.719	833	11	7	7	834	642	1471	0.0	1426
5948654e-bb78-4546-bb7c-71d61e11dd6a	NR_156072.1	97.262	840	16	6	7	842	662	1498	0.0	1417
5948654e-bb78-4546-bb7c-71d61e11dd6a	NR_115241.1	97.356	832	15	6	7	834	642	1470	0.0	1413
bd0ff3f3-1e94-402c-964e-6733b7ec63c7	NR_179325.1	97.039	439	5	6	1	436	1378	945	0.0	732
bd0ff3f3-1e94-402c-964e-6733b7ec63c7	NR_041880.1	96.811	439	6	6	1	436	1360	927	0.0	726
bd0ff3f3-1e94-402c-964e-6733b7ec63c7	NR_163639.1	96.811	439	6	6	1	436	1419	986	0.0	726
bd0ff3f3-1e94-402c-964e-6733b7ec63c7	NR_115354.1	96.583	439	7	6	1	436	1404	971	0.0	723
bd0ff3f3-1e94-402c-964e-6733b7ec63c7	NR_115355.1	96.583	439	7	6	1	436	1404	971	0.0	721
bda98403-48f3-4c4e-9d0f-86f34eb07fee	NR_042928.1	90.999	1211	54	44	1	1184	1197	15	0.0	1581
bda98403-48f3-4c4e-9d0f-86f34eb07fee	NR_028664.1	90.445	1235	60	46	1	1207	1220	16	0.0	1574
bda98403-48f3-4c4e-9d0f-86f34eb07fee	NR_199547.1	91.022	1203	52	46	1	1175	1177	3	0.0	1572
bda98403-48f3-4c4e-9d0f-86f34eb07fee	NR_199541.1	91.015	1202	52	45	1	1175	1175	3	0.0	1570
bda98403-48f3-4c4e-9d0f-86f34eb07fee	NR_115240.1	90.751	1211	57	43	1	1184	1197	15	0.0	1565
8da79533-3e30-4555-a755-6791b2490157	NR_028664.1	90.818	1503	73	53	1	1474	1482	16	0.0	1951
8da79533-3e30-4555-a755-6791b2490157	NR_115240.1	90.872	1490	72	52	1	1461	1459	5	0.0	1940
8da79533-3e30-4555-a755-6791b2490157	NR_117719.1	90.685	1503	75	53	1	1474	1479	13	0.0	1940
8da79533-3e30-4555-a755-6791b2490157	NR_179383.1	90.685	1503	75	53	1	1474	1486	20	0.0	1940
8da79533-3e30-4555-a755-6791b2490157	NR_042928.1	90.872	1490	71	52	1	1461	1458	5	0.0	1938
a3b6ebfa-714a-429b-acbd-a71c35d4ac6b	NR_042843.1	96.072	611	11	6	1	605	853	1456	0.0	983
a3b6ebfa-714a-429b-acbd-a71c35d4ac6b	NR_102895.1	96.072	611	11	6	1	605	881	1484	0.0	983
a3b6ebfa-714a-429b-acbd-a71c35d4ac6b	NR_113113.1	96.072	611	11	6	1	605	861	1464	0.0	983
a3b6ebfa-714a-429b-acbd-a71c35d4ac6b	NR_109628.1	95.908	611	12	6	1	605	854	1457	0.0	977
a3b6ebfa-714a-429b-acbd-a71c35d4ac6b	NR_113124.1	95.581	611	14	6	1	605	873	1476	0.0	966
121caa00-5a09-4dbf-b694-12602c22efb1	NR_117694.1	95.413	545	19	6	8	549	547	6	0.0	863
121caa00-5a09-4dbf-b694-12602c22efb1	NR_041989.1	97.041	507	11	4	8	512	505	1	0.0	850
121caa00-5a09-4dbf-b694-12602c22efb1	NR_117717.1	94.679	545	23	6	8	549	568	27	0.0	841
121caa00-5a09-4dbf-b694-12602c22efb1	NR_121688.1	94.679	545	23	6	8	549	567	26	0.0	841
121caa00-5a09-4dbf-b694-12602c22efb1	NR_117701.1	94.679	545	23	6	8	549	547	6	0.0	841
fe7c1830-833b-4157-bff4-f5c765771c56	NR_163639.1	92.098	367	12	16	1	356	1137	1497	1.32e-141	501
fe7c1830-833b-4157-bff4-f5c765771c56	NR_179325.1	92.098	367	12	16	1	356	1096	1456	1.32e-141	501
fe7c1830-833b-4157-bff4-f5c765771c56	NR_115355.1	92.055	365	12	16	3	356	1124	1482	1.70e-140	497
fe7c1830-833b-4157-bff4-f5c765771c56	NR_119169.1	91.781	365	13	16	3	356	1129	1487	7.92e-139	492
fe7c1830-833b-4157-bff4-f5c765771c56	NR_115354.1	91.553	367	14	16	1	356	1122	1482	2.85e-138	490
37414d1f-31f6-49b3-87fc-66760ba04967	NR_040933.1	94.366	426	14	6	1	421	1069	1489	0.0	645
37414d1f-31f6-49b3-87fc-66760ba04967	NR_117717.1	94.366	426	14	6	1	421	1067	1487	0.0	645
37414d1f-31f6-49b3-87fc-66760ba04967	NR_121688.1	94.366	426	14	6	1	421	1067	1487	0.0	645
37414d1f-31f6-49b3-87fc-66760ba04967	NR_117694.1	94.366	426	14	7	1	421	1047	1467	0.0	645
37414d1f-31f6-49b3-87fc-66760ba04967	NR_117696.1	94.366	426	14	6	1	421	1034	1454	0.0	645
fddc6d05-1015-4a88-afad-abc9c6f047ac	NR_109720.1	95.072	487	13	8	1	479	1390	907	0.0	756
fddc6d05-1015-4a88-afad-abc9c6f047ac	NR_180875.1	95.072	487	13	8	1	479	1375	892	0.0	756
fddc6d05-1015-4a88-afad-abc9c6f047ac	NR_036936.1	94.877	488	12	10	1	479	1396	913	0.0	750
fddc6d05-1015-4a88-afad-abc9c6f047ac	NR_028665.1	94.867	487	14	8	1	479	1411	928	0.0	750
fddc6d05-1015-4a88-afad-abc9c6f047ac	NR_042927.1	94.867	487	14	8	1	479	1396	913	0.0	750
abddaa5b-3a26-4379-a054-18565c7e6a3d	NR_042776.1	95.870	460	12	7	1	456	1043	1499	0.0	737
abddaa5b-3a26-4379-a054-18565c7e6a3d	NR_042777.1	95.870	460	12	7	1	456	1042	1498	0.0	737
abddaa5b-3a26-4379-a054-18565c7e6a3d	NR_042778.1	95.435	460	14	7	1	456	1043	1499	0.0	726
abddaa5b-3a26-4379-a054-18565c7e6a3d	NR_118998.1	95.435	460	14	7	1	456	1037	1493	0.0	726
abddaa5b-3a26-4379-a054-18565c7e6a3d	NR_197695.1	95.435	460	14	7	1	456	1042	1498	0.0	726
29e6cec6-a97a-4645-b0c2-33a0b2ad85a7	NR_074980.1	94.379	427	14	9	3	425	433	13	0.0	647
29e6cec6-a97a-4645-b0c2-33a0b2ad85a7	NR_113031.1	94.379	427	14	9	3	425	433	13	0.0	647
29e6cec6-a97a-4645-b0c2-33a0b2ad85a7	NR_119168.1	96.203	395	8	6	3	395	411	22	0.0	640
29e6cec6-a97a-4645-b0c2-33a0b2ad85a7	NR_043332.1	95.949	395	9	6	3	395	406	17	0.0	634
29e6cec6-a97a-4645-b0c2-33a0b2ad85a7	NR_117759.1	95.949	395	9	6	3	395	409	20	0.0	634
107546c7-89a8-4fa4-be64-0c2b82bf1f08	NR_041989.1	93.980	1196	34	28	8	1177	1184	1	0.0	1775
107546c7-89a8-4fa4-be64-0c2b82bf1f08	NR_117694.1	93.065	1240	41	35	8	1216	1226	1	0.0	1772
107546c7-89a8-4fa4-be64-0c2b82bf1f08	NR_025892.1	91.840	1250	52	40	8	1224	1251	19	0.0	1718
107546c7-89a8-4fa4-be64-0c2b82bf1f08	NR_121687.1	92.067	1248	54	35	8	1224	1246	13	0.0	1714
107546c7-89a8-4fa4-be64-0c2b82bf1f08	NR_117717.1	91.974	1246	58	32	8	1224	1246	14	0.0	1709
ad5f9c29-b562-48c6-a400-37759fd0e3c5	NR_028664.1	95.248	505	18	5	1	503	1001	1501	0.0	795
ad5f9c29-b562-48c6-a400-37759fd0e3c5	NR_179540.1	95.248	505	17	6	1	503	998	1497	0.0	793
ad5f9c29-b562-48c6-a400-37759fd0e3c5	NR_117719.1	95.050	505	19	5	1	503	998	1498	0.0	789
ad5f9c29-b562-48c6-a400-37759fd0e3c5	NR_179383.1	95.050	505	19	5	1	503	1005	1505	0.0	789
ad5f9c29-b562-48c6-a400-37759fd0e3c5	NR_042927.1	95.363	496	17	5	1	494	980	1471	0.0	784
a5f34ad8-6684-4ce9-96fb-e4136096d1e6	NR_121687.1	88.828	725	48	26	1	711	705	1410	0.0	859
a5f34ad8-6684-4ce9-96fb-e4136096d1e6	NR_041989.1	88.812	724	50	25	1	711	643	1348	0.0	859
a5f34ad8-6684-4ce9-96fb-e4136096d1e6	NR_117694.1	88.674	724	51	25	1	711	685	1390	0.0	854
a5f34ad8-6684-4ce9-96fb-e4136096d1e6	NR_178369.1	88.690	725	49	26	1	711	656	1361	0.0	854
a5f34ad8-6684-4ce9-96fb-e4136096d1e6	NR_025892.1	88.398	724	53	25	1	711	710	1415	0.0	848
d94199dc-ca57-4142-a4c5-3fd39ad0bb33	NR_115355.1	96.519	316	4	5	1	310	1168	1482	4.06e-146	516
d94199dc-ca57-4142-a4c5-3fd39ad0bb33	NR_163639.1	96.519	316	4	5	1	310	1183	1497	4.06e-146	516
d94199dc-ca57-4142-a4c5-3fd39ad0bb33	NR_179325.1	96.519	316	4	5	1	310	1142	1456	4.06e-146	516
d94199dc-ca57-4142-a4c5-3fd39ad0bb33	NR_119169.1	96.203	316	5	5	1	310	1173	1487	1.89e-144	510
d94199dc-ca57-4142-a4c5-3fd39ad0bb33	NR_115354.1	95.886	316	6	5	1	310	1168	1482	8.78e-143	505
843acbd5-0279-41d2-b30a-9d1e580675ea	NR_136788.1	93.110	537	22	13	1	532	541	15	0.0	773
843acbd5-0279-41d2-b30a-9d1e580675ea	NR_113082.1	90.706	538	33	14	1	532	541	15	0.0	701
843acbd5-0279-41d2-b30a-9d1e580675ea	NR_026230.1	88.847	529	44	13	1	524	519	1	0.0	654
843acbd5-0279-41d2-b30a-9d1e580675ea	NR_113088.1	86.162	542	50	19	1	532	529	3	9.03e-160	562
843acbd5-0279-41d2-b30a-9d1e580675ea	NR_152035.1	86.111	540	54	18	1	532	542	16	9.03e-160	562
2b3c10bf-09a0-458b-b7c0-6f17561f6861	NR_115735.1	94.227	970	29	20	5	969	515	1462	0.0	1456
2b3c10bf-09a0-458b-b7c0-6f17561f6861	NR_024842.1	94.124	970	30	20	5	969	539	1486	0.0	1452
2b3c10bf-09a0-458b-b7c0-6f17561f6861	NR_165737.1	94.295	964	28	20	5	963	524	1465	0.0	1450
2b3c10bf-09a0-458b-b7c0-6f17561f6861	NR_109720.1	94.283	962	28	20	5	961	518	1457	0.0	1447
2b3c10bf-09a0-458b-b7c0-6f17561f6861	NR_036936.1	94.191	964	29	20	5	963	524	1465	0.0	1445
f6723d2f-10de-4b60-8552-159db7e22e49	NR_042927.1	93.745	1375	50	30	19	1369	99	1461	0.0	2030
f6723d2f-10de-4b60-8552-159db7e22e49	NR_115734.1	93.745	1375	50	30	19	1369	100	1462	0.0	2030
f6723d2f-10de-4b60-8552-159db7e22e49	NR_042928.1	93.673	1375	50	31	19	1369	97	1458	0.0	2023
f6723d2f-10de-4b60-8552-159db7e22e49	NR_199541.1	93.893	1359	48	29	19	1354	75	1421	0.0	2017
f6723d2f-10de-4b60-8552-159db7e22e49	NR_199547.1	93.814	1358	48	31	19	1353	77	1421	0.0	2010
33a9f38d-f605-4d30-b9eb-f83f6850dfe3	NR_116168.1	92.929	1188	39	31	10	1164	1189	14	0.0	1687
33a9f38d-f605-4d30-b9eb-f83f6850dfe3	NR_042878.1	92.627	1180	42	31	10	1156	1168	1	0.0	1664
33a9f38d-f605-4d30-b9eb-f83f6850dfe3	NR_118762.1	90.756	1190	64	32	10	1166	1191	15	0.0	1587
33a9f38d-f605-4d30-b9eb-f83f6850dfe3	NR_118143.1	91.025	1181	61	31	10	1156	1170	1	0.0	1554
33a9f38d-f605-4d30-b9eb-f83f6850dfe3	NR_025423.1	90.709	1184	65	30	10	1159	1173	1	0.0	1535
4f71938e-c1be-422e-9ee9-0fa29c6f9f5a	NR_042776.1	92.535	643	26	15	1	629	1244	610	0.0	902
4f71938e-c1be-422e-9ee9-0fa29c6f9f5a	NR_042777.1	92.535	643	26	15	1	629	1243	609	0.0	902
4f71938e-c1be-422e-9ee9-0fa29c6f9f5a	NR_042778.1	92.535	643	26	15	1	629	1244	610	0.0	902
4f71938e-c1be-422e-9ee9-0fa29c6f9f5a	NR_197695.1	92.224	643	28	15	1	629	1243	609	0.0	891
4f71938e-c1be-422e-9ee9-0fa29c6f9f5a	NR_118998.1	92.056	642	30	15	1	629	1238	605	0.0	883
2f089eae-68f9-4813-a81d-0e8b58ada996	NR_042776.1	97.924	289	5	1	1	288	1211	1499	3.82e-141	499
2f089eae-68f9-4813-a81d-0e8b58ada996	NR_042777.1	97.924	289	5	1	1	288	1210	1498	3.82e-141	499
2f089eae-68f9-4813-a81d-0e8b58ada996	NR_042052.1	97.232	289	7	1	1	288	1109	1397	8.26e-138	488
2f089eae-68f9-4813-a81d-0e8b58ada996	NR_042778.1	97.232	289	7	1	1	288	1211	1499	8.26e-138	488
2f089eae-68f9-4813-a81d-0e8b58ada996	NR_114642.1	97.232	289	7	1	1	288	1168	1456	8.26e-138	488
ba80a011-b9b8-48e7-bc91-a499f80c0fb0	NR_044873.1	96.364	165	3	3	1	162	1301	1465	6.10e-72	268
ba80a011-b9b8-48e7-bc91-a499f80c0fb0	NR_145857.1	95.732	164	5	2	1	162	1283	1446	2.84e-70	263
ba80a011-b9b8-48e7-bc91-a499f80c0fb0	NR_178796.1	95.679	162	5	2	3	162	1311	1472	3.67e-69	259
ba80a011-b9b8-48e7-bc91-a499f80c0fb0	NR_178939.1	95.679	162	5	2	3	162	1312	1473	3.67e-69	259
ba80a011-b9b8-48e7-bc91-a499f80c0fb0	NR_117299.1	95.122	164	6	2	1	162	1267	1430	1.32e-68	257
1ffd84f9-9291-4c43-9703-c1532396ccee	NR_115355.1	94.619	762	22	18	1	747	758	1	0.0	1166
1ffd84f9-9291-4c43-9703-c1532396ccee	NR_119169.1	94.510	765	23	18	1	750	763	3	0.0	1166
1ffd84f9-9291-4c43-9703-c1532396ccee	NR_163639.1	94.080	777	23	22	1	761	775	6	0.0	1158
1ffd84f9-9291-4c43-9703-c1532396ccee	NR_074980.1	93.814	776	29	18	1	761	785	14	0.0	1149
1ffd84f9-9291-4c43-9703-c1532396ccee	NR_113031.1	93.814	776	29	18	1	761	785	14	0.0	1149
53ad3ba2-3fdb-4ac1-ab54-324f83b81f74	NR_115354.1	97.133	279	2	4	1	274	1203	1480	3.66e-131	466
53ad3ba2-3fdb-4ac1-ab54-324f83b81f74	NR_119170.1	96.774	279	3	4	1	274	1208	1485	1.70e-129	460
53ad3ba2-3fdb-4ac1-ab54-324f83b81f74	NR_115355.1	96.416	279	4	4	1	274	1203	1480	7.92e-128	455
53ad3ba2-3fdb-4ac1-ab54-324f83b81f74	NR_163639.1	96.416	279	4	4	1	274	1218	1495	7.92e-128	455
53ad3ba2-3fdb-4ac1-ab54-324f83b81f74	NR_179325.1	96.416	279	4	4	1	274	1177	1454	7.92e-128	455
e822eeaa-57c1-4d57-92e7-bd7296506bba	NR_115355.1	96.244	639	16	6	9	643	635	1	0.0	1044
e822eeaa-57c1-4d57-92e7-bd7296506bba	NR_119169.1	96.100	641	17	6	9	645	640	4	0.0	1042
e822eeaa-57c1-4d57-92e7-bd7296506bba	NR_163639.1	95.686	649	16	10	9	652	651	10	0.0	1033
e822eeaa-57c1-4d57-92e7-bd7296506bba	NR_074980.1	95.504	645	20	7	13	652	658	18	0.0	1022
e822eeaa-57c1-4d57-92e7-bd7296506bba	NR_113031.1	95.504	645	20	7	13	652	658	18	0.0	1022
f7f86120-d91c-477b-9ce7-a22aac06074d	NR_042776.1	87.206	680	48	29	1	656	1270	606	0.0	737
f7f86120-d91c-477b-9ce7-a22aac06074d	NR_042777.1	87.206	680	48	29	1	656	1269	605	0.0	737
f7f86120-d91c-477b-9ce7-a22aac06074d	NR_042778.1	87.206	680	48	29	1	656	1270	606	0.0	737
f7f86120-d91c-477b-9ce7-a22aac06074d	NR_118998.1	86.873	678	53	28	1	656	1264	601	0.0	726
f7f86120-d91c-477b-9ce7-a22aac06074d	NR_197695.1	86.912	680	50	29	1	656	1269	605	0.0	726
3af9d0d8-95c0-4a1e-9c55-477d503f057d	NR_109720.1	89.836	1161	45	57	3	1114	319	1455	0.0	1423
3af9d0d8-95c0-4a1e-9c55-477d503f057d	NR_115735.1	89.590	1172	48	58	3	1125	316	1462	0.0	1421
3af9d0d8-95c0-4a1e-9c55-477d503f057d	NR_024842.1	89.505	1172	49	58	3	1125	340	1486	0.0	1417
3af9d0d8-95c0-4a1e-9c55-477d503f057d	NR_036936.1	89.528	1165	49	57	3	1118	325	1465	0.0	1408
3af9d0d8-95c0-4a1e-9c55-477d503f057d	NR_115241.1	89.442	1165	49	58	3	1118	325	1464	0.0	1408
107fe592-6ff1-4f8c-8510-7c238bcfc2f4	NR_115241.1	93.979	847	17	26	1	826	841	8	0.0	1251
107fe592-6ff1-4f8c-8510-7c238bcfc2f4	NR_024842.1	93.861	847	18	26	1	826	856	23	0.0	1247
107fe592-6ff1-4f8c-8510-7c238bcfc2f4	NR_115735.1	93.957	844	18	25	1	823	832	1	0.0	1245
107fe592-6ff1-4f8c-8510-7c238bcfc2f4	NR_178515.1	93.160	848	22	27	1	826	841	8	0.0	1212
107fe592-6ff1-4f8c-8510-7c238bcfc2f4	NR_165737.1	92.925	848	24	27	1	826	841	8	0.0	1201
4766d55d-579c-461b-b043-2b433bb18aed	NR_026419.1	95.419	633	10	15	6	632	620	1	0.0	990
4766d55d-579c-461b-b043-2b433bb18aed	NR_025903.1	93.448	641	22	16	6	640	632	6	0.0	933
4766d55d-579c-461b-b043-2b433bb18aed	NR_133753.1	94.157	599	16	15	6	598	586	1	0.0	894
4766d55d-579c-461b-b043-2b433bb18aed	NR_025904.1	92.368	642	27	17	6	640	631	5	0.0	894
4766d55d-579c-461b-b043-2b433bb18aed	NR_036920.1	91.250	640	35	16	6	640	625	2	0.0	852
39dd89cb-662f-4aa1-9e3c-0cc4c200cd6b	NR_042928.1	95.116	430	10	10	1	425	424	1	0.0	667
39dd89cb-662f-4aa1-9e3c-0cc4c200cd6b	NR_109720.1	94.353	425	13	10	1	419	420	1	0.0	641
39dd89cb-662f-4aa1-9e3c-0cc4c200cd6b	NR_199547.1	95.792	404	6	10	1	398	404	6	0.0	641
39dd89cb-662f-4aa1-9e3c-0cc4c200cd6b	NR_165747.1	93.953	430	15	10	1	425	424	1	0.0	640
39dd89cb-662f-4aa1-9e3c-0cc4c200cd6b	NR_036936.1	93.735	431	16	10	1	425	426	1	0.0	638
84c996bf-176a-4a5b-9f67-79d72888521f	NR_042842.1	96.444	225	6	2	1	223	703	479	2.50e-102	370
84c996bf-176a-4a5b-9f67-79d72888521f	NR_113101.1	96.444	225	6	2	1	223	723	499	2.50e-102	370
84c996bf-176a-4a5b-9f67-79d72888521f	NR_041056.1	95.111	225	9	2	1	223	725	501	2.52e-97	353
84c996bf-176a-4a5b-9f67-79d72888521f	NR_114304.1	94.222	225	11	2	1	223	723	499	5.46e-94	342
84c996bf-176a-4a5b-9f67-79d72888521f	NR_116725.1	94.222	225	11	2	1	223	703	479	5.46e-94	342
