ae57a94c-7fe9-43ba-889f-779f3bc2c1c9	NR_042776.1	96.111	180	4	3	1	179	195	18	1.46e-78	291
ae57a94c-7fe9-43ba-889f-779f3bc2c1c9	NR_042778.1	96.111	180	4	3	1	179	195	18	1.46e-78	291
ae57a94c-7fe9-43ba-889f-779f3bc2c1c9	NR_118998.1	95.000	180	6	3	1	179	190	13	8.78e-76	281
ae57a94c-7fe9-43ba-889f-779f3bc2c1c9	NR_042777.1	95.000	180	6	3	1	179	195	18	3.16e-75	279
ae57a94c-7fe9-43ba-889f-779f3bc2c1c9	NR_197695.1	94.444	180	7	3	1	179	194	17	1.47e-73	274
ac840734-749a-4fda-aa9e-5e38f9f26db2	NR_179325.1	92.176	409	13	13	1	391	1242	835	2.34e-159	560
ac840734-749a-4fda-aa9e-5e38f9f26db2	NR_115355.1	91.687	409	15	13	1	391	1268	861	5.06e-156	549
ac840734-749a-4fda-aa9e-5e38f9f26db2	NR_163639.1	91.667	408	16	13	1	391	1283	877	5.06e-156	549
ac840734-749a-4fda-aa9e-5e38f9f26db2	NR_041879.1	91.463	410	15	14	1	391	1226	818	6.55e-155	545
ac840734-749a-4fda-aa9e-5e38f9f26db2	NR_041880.1	91.443	409	16	13	1	391	1224	817	2.35e-154	544
a16c22b0-5be5-43aa-98e7-2255f466ff93	NR_116168.1	93.412	592	24	13	1	581	620	33	0.0	863
a16c22b0-5be5-43aa-98e7-2255f466ff93	NR_042878.1	92.905	592	27	13	1	581	599	12	0.0	856
a16c22b0-5be5-43aa-98e7-2255f466ff93	NR_118762.1	91.385	592	36	13	1	581	623	36	0.0	815
a16c22b0-5be5-43aa-98e7-2255f466ff93	NR_025423.1	90.924	595	35	18	1	581	604	15	0.0	782
a16c22b0-5be5-43aa-98e7-2255f466ff93	NR_118143.1	90.556	593	41	13	1	581	601	12	0.0	773
