0f47a6da-796e-48ba-a416-750bceb48bf4	NR_199545.1	95.668	1131	28	20	1	1118	1136	14	0.0	1797
0f47a6da-796e-48ba-a416-750bceb48bf4	NR_042928.1	95.897	1121	25	20	4	1111	1113	1	0.0	1796
0f47a6da-796e-48ba-a416-750bceb48bf4	NR_117719.1	95.579	1131	29	20	1	1118	1136	14	0.0	1792
0f47a6da-796e-48ba-a416-750bceb48bf4	NR_028664.1	95.567	1128	29	20	4	1118	1136	17	0.0	1786
0f47a6da-796e-48ba-a416-750bceb48bf4	NR_165744.1	95.491	1131	30	20	1	1118	1125	3	0.0	1786
63c9f405-287b-43ab-bc74-def21db16692	NR_115355.1	97.463	1025	9	11	1	1010	1212	190	0.0	1733
63c9f405-287b-43ab-bc74-def21db16692	NR_179325.1	97.463	1025	9	11	1	1010	1186	164	0.0	1733
63c9f405-287b-43ab-bc74-def21db16692	NR_041879.1	97.368	1026	9	12	1	1010	1170	147	0.0	1729
63c9f405-287b-43ab-bc74-def21db16692	NR_119169.1	97.271	1026	9	13	1	1010	1217	195	0.0	1725
63c9f405-287b-43ab-bc74-def21db16692	NR_113570.1	97.171	1025	12	11	1	1010	1219	197	0.0	1716
774ca41f-ef2d-433b-90e1-a2dfc82620a3	NR_026419.1	98.599	714	3	6	1	712	780	1488	0.0	1256
774ca41f-ef2d-433b-90e1-a2dfc82620a3	NR_025904.1	97.339	714	11	7	1	712	791	1498	0.0	1206
774ca41f-ef2d-433b-90e1-a2dfc82620a3	NR_025903.1	97.339	714	11	7	1	712	792	1499	0.0	1206
774ca41f-ef2d-433b-90e1-a2dfc82620a3	NR_133752.1	97.376	686	11	6	1	684	717	1397	0.0	1160
774ca41f-ef2d-433b-90e1-a2dfc82620a3	NR_133753.1	97.376	686	11	6	1	684	746	1426	0.0	1160
60aeed05-0a51-4dcf-b601-1f26e877f3be	NR_042776.1	95.767	378	9	7	1	374	1241	867	3.65e-172	603
60aeed05-0a51-4dcf-b601-1f26e877f3be	NR_042777.1	95.767	378	9	7	1	374	1240	866	3.65e-172	603
60aeed05-0a51-4dcf-b601-1f26e877f3be	NR_042778.1	95.767	378	9	7	1	374	1241	867	3.65e-172	603
60aeed05-0a51-4dcf-b601-1f26e877f3be	NR_197695.1	95.503	378	10	7	1	374	1240	866	1.70e-170	597
60aeed05-0a51-4dcf-b601-1f26e877f3be	NR_024659.1	95.238	378	11	7	1	374	1197	823	7.91e-169	592
fc8973d2-509a-448c-af48-8cafc09ad1c9	NR_036918.1	94.912	452	17	6	91	539	1044	1492	0.0	702
fc8973d2-509a-448c-af48-8cafc09ad1c9	NR_199542.1	90.741	540	30	14	5	539	986	1510	0.0	702
fc8973d2-509a-448c-af48-8cafc09ad1c9	NR_199546.1	94.912	452	17	6	91	539	1062	1510	0.0	702
fc8973d2-509a-448c-af48-8cafc09ad1c9	NR_199974.1	90.758	541	28	16	5	539	978	1502	0.0	702
fc8973d2-509a-448c-af48-8cafc09ad1c9	NR_025453.1	90.590	542	28	17	5	539	951	1476	0.0	697
d01982cc-0a7e-435c-b978-f1b47d592c15	NR_025862.1	94.767	688	20	11	1	678	692	11	0.0	1064
d01982cc-0a7e-435c-b978-f1b47d592c15	NR_028682.1	92.868	687	32	12	1	676	693	13	0.0	981
d01982cc-0a7e-435c-b978-f1b47d592c15	NR_026454.1	90.653	674	42	14	1	658	669	1	0.0	876
d01982cc-0a7e-435c-b978-f1b47d592c15	NR_113798.1	89.150	682	55	13	1	668	677	1	0.0	832
d01982cc-0a7e-435c-b978-f1b47d592c15	NR_044706.2	88.278	691	61	14	1	676	705	20	0.0	822
89f4f053-4d69-473a-913a-bb2fdf646ca8	NR_028682.1	92.896	366	11	11	1	355	1136	1497	1.31e-146	518
89f4f053-4d69-473a-913a-bb2fdf646ca8	NR_025435.1	92.500	360	15	8	6	357	1139	1494	1.02e-142	505
89f4f053-4d69-473a-913a-bb2fdf646ca8	NR_036793.2	91.944	360	17	8	6	357	1150	1505	2.20e-139	494
89f4f053-4d69-473a-913a-bb2fdf646ca8	NR_119273.1	91.967	361	15	10	6	357	1150	1505	2.20e-139	494
89f4f053-4d69-473a-913a-bb2fdf646ca8	NR_042061.1	91.944	360	17	8	6	357	1132	1487	2.20e-139	494
cba2b55a-0ede-44e6-8df8-bb339ef87a12	NR_042928.1	96.278	403	8	7	18	417	404	6	0.0	654
cba2b55a-0ede-44e6-8df8-bb339ef87a12	NR_109720.1	96.241	399	11	4	18	414	400	4	0.0	651
cba2b55a-0ede-44e6-8df8-bb339ef87a12	NR_199547.1	97.143	385	6	5	18	400	384	3	0.0	645
cba2b55a-0ede-44e6-8df8-bb339ef87a12	NR_112026.1	96.419	391	8	6	18	406	387	1	0.0	640
cba2b55a-0ede-44e6-8df8-bb339ef87a12	NR_036936.1	94.853	408	16	5	18	422	406	1	0.0	634
fb7f889a-b256-4c0b-b9ee-3f99330f6d18	NR_042776.1	96.596	470	6	9	1	467	1042	1504	0.0	771
fb7f889a-b256-4c0b-b9ee-3f99330f6d18	NR_042777.1	96.596	470	6	9	1	467	1041	1503	0.0	771
fb7f889a-b256-4c0b-b9ee-3f99330f6d18	NR_042778.1	96.170	470	8	9	1	467	1042	1504	0.0	760
fb7f889a-b256-4c0b-b9ee-3f99330f6d18	NR_118998.1	96.170	470	8	9	1	467	1036	1498	0.0	760
fb7f889a-b256-4c0b-b9ee-3f99330f6d18	NR_197695.1	96.170	470	8	9	1	467	1041	1503	0.0	760
8ad428a7-b226-44ba-ac7f-e341614a0aa2	NR_042776.1	91.759	449	20	15	1	440	1042	1482	9.83e-174	608
8ad428a7-b226-44ba-ac7f-e341614a0aa2	NR_042777.1	91.759	449	20	15	1	440	1041	1481	9.83e-174	608
8ad428a7-b226-44ba-ac7f-e341614a0aa2	NR_042778.1	91.723	447	20	15	1	438	1042	1480	1.27e-172	604
8ad428a7-b226-44ba-ac7f-e341614a0aa2	NR_118998.1	91.723	447	20	15	1	438	1036	1474	1.27e-172	604
8ad428a7-b226-44ba-ac7f-e341614a0aa2	NR_197695.1	91.537	449	21	15	1	440	1041	1481	4.57e-172	603
0cfe3aec-ba05-4703-89cd-08364af68c02	NR_136788.1	98.947	475	2	3	1	474	1009	1481	0.0	846
0cfe3aec-ba05-4703-89cd-08364af68c02	NR_026230.1	96.596	470	13	3	6	474	992	1459	0.0	776
0cfe3aec-ba05-4703-89cd-08364af68c02	NR_113082.1	96.599	441	12	3	5	444	1013	1451	0.0	728
0cfe3aec-ba05-4703-89cd-08364af68c02	NR_136443.1	92.657	463	21	11	5	461	974	1429	0.0	654
0cfe3aec-ba05-4703-89cd-08364af68c02	NR_109439.1	92.205	449	32	3	27	474	1032	1478	0.0	632
1c2794fb-f6ab-4754-af2c-02451ec2f896	NR_042776.1	98.295	1056	6	9	1	1046	1071	18	0.0	1840
1c2794fb-f6ab-4754-af2c-02451ec2f896	NR_042778.1	98.106	1056	8	9	1	1046	1071	18	0.0	1829
1c2794fb-f6ab-4754-af2c-02451ec2f896	NR_042777.1	98.011	1056	8	10	1	1046	1070	18	0.0	1821
1c2794fb-f6ab-4754-af2c-02451ec2f896	NR_197695.1	97.633	1056	13	9	1	1046	1070	17	0.0	1801
1c2794fb-f6ab-4754-af2c-02451ec2f896	NR_118998.1	97.346	1055	17	8	1	1046	1065	13	0.0	1784
953fed97-c8ea-4768-a603-7b3b18f6de3f	NR_044873.1	94.406	715	23	12	1	707	760	1465	0.0	1083
953fed97-c8ea-4768-a603-7b3b18f6de3f	NR_074568.1	93.324	719	31	12	1	712	770	1478	0.0	1046
953fed97-c8ea-4768-a603-7b3b18f6de3f	NR_025310.1	92.788	721	33	14	1	712	750	1460	0.0	1026
953fed97-c8ea-4768-a603-7b3b18f6de3f	NR_109752.1	92.639	720	36	12	1	712	781	1491	0.0	1020
953fed97-c8ea-4768-a603-7b3b18f6de3f	NR_044712.2	92.786	707	34	12	1	700	779	1475	0.0	1014
0beedefc-bb58-4fb1-9944-e4ac23d17bd6	NR_134192.1	86.697	654	51	34	7	642	855	1490	0.0	693
0beedefc-bb58-4fb1-9944-e4ac23d17bd6	NR_113560.1	86.697	654	51	33	7	642	868	1503	0.0	693
0beedefc-bb58-4fb1-9944-e4ac23d17bd6	NR_112919.1	86.544	654	52	33	7	642	868	1503	0.0	688
0beedefc-bb58-4fb1-9944-e4ac23d17bd6	NR_159140.1	87.789	606	43	29	7	597	821	1410	0.0	680
0beedefc-bb58-4fb1-9944-e4ac23d17bd6	NR_025516.1	87.603	605	44	29	7	596	850	1438	0.0	673
9df804b2-811b-4657-a965-f1c8fb7736ff	NR_026419.1	97.173	283	4	3	1	280	1203	1484	6.15e-134	475
9df804b2-811b-4657-a965-f1c8fb7736ff	NR_025904.1	95.406	283	8	3	1	280	1214	1494	4.82e-125	446
9df804b2-811b-4657-a965-f1c8fb7736ff	NR_025903.1	95.406	283	8	3	1	280	1215	1495	4.82e-125	446
9df804b2-811b-4657-a965-f1c8fb7736ff	NR_133752.1	95.703	256	8	2	1	253	1140	1395	6.32e-114	409
9df804b2-811b-4657-a965-f1c8fb7736ff	NR_133753.1	95.703	256	8	2	1	253	1169	1424	6.32e-114	409
74b28c42-5a5b-460b-a47b-f56577072ffd	NR_199547.1	98.300	1235	11	9	1	1228	71	1302	0.0	2156
74b28c42-5a5b-460b-a47b-f56577072ffd	NR_042928.1	98.219	1235	12	9	1	1228	91	1322	0.0	2150
74b28c42-5a5b-460b-a47b-f56577072ffd	NR_116206.1	98.138	1235	13	9	1	1228	16	1247	0.0	2148
74b28c42-5a5b-460b-a47b-f56577072ffd	NR_112026.1	98.138	1235	12	10	1	1228	74	1304	0.0	2145
74b28c42-5a5b-460b-a47b-f56577072ffd	NR_199541.1	97.571	1235	20	9	1	1228	69	1300	0.0	2106
eb272ff6-3b56-468f-8be9-62967798331c	NR_042928.1	96.747	707	10	10	2	702	700	1	0.0	1166
eb272ff6-3b56-468f-8be9-62967798331c	NR_199547.1	97.076	684	8	9	2	679	680	3	0.0	1142
eb272ff6-3b56-468f-8be9-62967798331c	NR_109720.1	96.148	701	16	8	2	696	696	1	0.0	1134
eb272ff6-3b56-468f-8be9-62967798331c	NR_112026.1	96.667	690	10	10	2	685	683	1	0.0	1134
eb272ff6-3b56-468f-8be9-62967798331c	NR_117719.1	95.537	717	17	11	2	712	720	13	0.0	1133
a9e68365-106d-40b9-b4da-018a2e17787e	NR_042928.1	92.417	633	26	16	4	623	624	1	0.0	883
a9e68365-106d-40b9-b4da-018a2e17787e	NR_109720.1	92.185	627	29	14	4	617	620	1	0.0	869
a9e68365-106d-40b9-b4da-018a2e17787e	NR_199547.1	92.787	610	23	15	4	600	604	3	0.0	863
a9e68365-106d-40b9-b4da-018a2e17787e	NR_036936.1	91.627	633	33	14	4	623	626	1	0.0	859
a9e68365-106d-40b9-b4da-018a2e17787e	NR_112026.1	92.370	616	25	16	4	606	607	1	0.0	857
9b5479a7-028e-4301-a89e-974a29fbfa4c	NR_042776.1	93.362	708	21	20	1	691	716	18	0.0	1024
9b5479a7-028e-4301-a89e-974a29fbfa4c	NR_042778.1	93.079	708	23	20	1	691	716	18	0.0	1013
9b5479a7-028e-4301-a89e-974a29fbfa4c	NR_042777.1	92.938	708	23	21	1	691	715	18	0.0	1005
9b5479a7-028e-4301-a89e-974a29fbfa4c	NR_197695.1	92.655	708	26	20	1	691	715	17	0.0	996
9b5479a7-028e-4301-a89e-974a29fbfa4c	NR_118998.1	92.373	708	28	20	1	691	711	13	0.0	987
fde1f0bd-0950-4c25-8c21-5bb58417c46f	NR_115735.1	94.551	1303	41	21	1	1295	1351	71	0.0	1986
fde1f0bd-0950-4c25-8c21-5bb58417c46f	NR_116211.1	94.551	1303	41	21	1	1295	1283	3	0.0	1986
fde1f0bd-0950-4c25-8c21-5bb58417c46f	NR_024842.1	94.398	1303	43	21	1	1295	1375	95	0.0	1978
fde1f0bd-0950-4c25-8c21-5bb58417c46f	NR_115241.1	94.398	1303	43	21	1	1295	1360	80	0.0	1978
fde1f0bd-0950-4c25-8c21-5bb58417c46f	NR_178515.1	94.325	1304	42	23	1	1295	1360	80	0.0	1969
ceca1abf-1a6d-4e8c-9083-467b56f0d4af	NR_041879.1	98.718	234	2	1	1	234	1105	1337	1.11e-115	414
ceca1abf-1a6d-4e8c-9083-467b56f0d4af	NR_115355.1	98.718	234	2	1	1	234	1147	1379	1.11e-115	414
ceca1abf-1a6d-4e8c-9083-467b56f0d4af	NR_163639.1	98.718	234	2	1	1	234	1162	1394	1.11e-115	414
ceca1abf-1a6d-4e8c-9083-467b56f0d4af	NR_179325.1	98.718	234	2	1	1	234	1121	1353	1.11e-115	414
ceca1abf-1a6d-4e8c-9083-467b56f0d4af	NR_119169.1	98.291	234	3	1	1	234	1152	1384	5.16e-114	409
7612a140-6bad-4e80-b381-709b33605088	NR_042776.1	97.727	484	7	4	1	482	1421	940	0.0	830
7612a140-6bad-4e80-b381-709b33605088	NR_042777.1	97.727	484	7	4	1	482	1420	939	0.0	830
7612a140-6bad-4e80-b381-709b33605088	NR_042778.1	97.521	484	8	4	1	482	1421	940	0.0	824
7612a140-6bad-4e80-b381-709b33605088	NR_118998.1	97.314	484	9	4	1	482	1415	934	0.0	819
7612a140-6bad-4e80-b381-709b33605088	NR_197695.1	97.314	484	9	4	1	482	1420	939	0.0	819
0c47dd11-c3ee-4090-8fa9-ace5561ab264	NR_028664.1	92.178	652	23	17	5	635	660	16	0.0	896
0c47dd11-c3ee-4090-8fa9-ace5561ab264	NR_165744.1	92.049	654	22	19	5	636	646	1	0.0	893
0c47dd11-c3ee-4090-8fa9-ace5561ab264	NR_179383.1	91.871	652	25	17	5	635	664	20	0.0	885
0c47dd11-c3ee-4090-8fa9-ace5561ab264	NR_115240.1	92.081	644	23	17	5	627	637	1	0.0	881
0c47dd11-c3ee-4090-8fa9-ace5561ab264	NR_179385.1	91.718	652	26	17	5	635	661	17	0.0	880
b51a8a08-b9a8-44e4-92ee-0fbb518a49de	NR_024842.1	96.158	1015	21	15	25	1029	1014	8	0.0	1646
b51a8a08-b9a8-44e4-92ee-0fbb518a49de	NR_115241.1	96.425	1007	18	15	25	1021	999	1	0.0	1644
b51a8a08-b9a8-44e4-92ee-0fbb518a49de	NR_178515.1	96.082	1021	18	19	12	1021	1010	1	0.0	1644
b51a8a08-b9a8-44e4-92ee-0fbb518a49de	NR_165737.1	95.886	1021	20	19	12	1021	1010	1	0.0	1633
b51a8a08-b9a8-44e4-92ee-0fbb518a49de	NR_115735.1	96.293	998	18	16	25	1011	990	1	0.0	1620
7d9ae6ba-2976-4a3f-b4b1-8d07b723bf8a	NR_042940.1	93.409	531	17	16	3	520	1125	600	0.0	771
7d9ae6ba-2976-4a3f-b4b1-8d07b723bf8a	NR_044091.1	93.409	531	17	15	3	520	1127	602	0.0	771
7d9ae6ba-2976-4a3f-b4b1-8d07b723bf8a	NR_041880.1	93.220	531	17	17	3	520	1168	644	0.0	763
7d9ae6ba-2976-4a3f-b4b1-8d07b723bf8a	NR_074980.1	93.220	531	17	17	3	520	1239	715	0.0	763
7d9ae6ba-2976-4a3f-b4b1-8d07b723bf8a	NR_113031.1	93.220	531	17	17	3	520	1239	715	0.0	763
37a71c75-326b-4563-9c6c-a46c89ef0d8a	NR_036936.1	94.970	338	10	7	1	332	199	535	2.57e-148	523
37a71c75-326b-4563-9c6c-a46c89ef0d8a	NR_042927.1	95.224	335	9	7	1	329	199	532	2.57e-148	523
37a71c75-326b-4563-9c6c-a46c89ef0d8a	NR_042928.1	95.224	335	9	7	1	329	197	530	2.57e-148	523
37a71c75-326b-4563-9c6c-a46c89ef0d8a	NR_109720.1	94.970	338	10	7	1	332	193	529	2.57e-148	523
37a71c75-326b-4563-9c6c-a46c89ef0d8a	NR_112026.1	95.224	335	9	7	1	329	180	513	2.57e-148	523
98c90325-0e31-447a-a410-d21339bb46fe	NR_117694.1	94.451	847	29	15	1	834	626	1467	0.0	1288
98c90325-0e31-447a-a410-d21339bb46fe	NR_025892.1	94.055	841	32	15	1	828	651	1486	0.0	1266
98c90325-0e31-447a-a410-d21339bb46fe	NR_121687.1	93.979	847	33	15	1	834	646	1487	0.0	1266
98c90325-0e31-447a-a410-d21339bb46fe	NR_025902.1	93.743	847	35	15	1	834	604	1445	0.0	1254
98c90325-0e31-447a-a410-d21339bb46fe	NR_117692.1	93.743	847	35	15	1	834	626	1467	0.0	1254
0171dbdd-157d-4fca-97c5-43a69fd5cf0b	NR_115355.1	96.205	1423	26	21	1	1408	1410	1	0.0	2307
0171dbdd-157d-4fca-97c5-43a69fd5cf0b	NR_163639.1	95.900	1439	25	27	1	1423	1425	5	0.0	2300
0171dbdd-157d-4fca-97c5-43a69fd5cf0b	NR_119169.1	95.938	1428	30	21	1	1413	1415	1	0.0	2298
0171dbdd-157d-4fca-97c5-43a69fd5cf0b	NR_074980.1	95.688	1438	34	21	1	1423	1437	13	0.0	2287
0171dbdd-157d-4fca-97c5-43a69fd5cf0b	NR_113031.1	95.688	1438	34	21	1	1423	1437	13	0.0	2287
01b54731-6a0c-4ed7-8454-c137e262b6a4	NR_115355.1	95.122	697	20	9	1	688	791	1482	0.0	1086
01b54731-6a0c-4ed7-8454-c137e262b6a4	NR_179325.1	95.122	697	20	9	1	688	765	1456	0.0	1086
01b54731-6a0c-4ed7-8454-c137e262b6a4	NR_163639.1	94.978	697	19	11	1	688	808	1497	0.0	1079
01b54731-6a0c-4ed7-8454-c137e262b6a4	NR_119169.1	94.692	697	23	9	1	688	796	1487	0.0	1074
01b54731-6a0c-4ed7-8454-c137e262b6a4	NR_115354.1	94.692	697	23	9	1	688	791	1482	0.0	1072
1de5e02d-033d-4310-93d9-405414dfb4ef	NR_028682.1	97.772	359	3	5	5	359	1140	1497	1.66e-175	614
1de5e02d-033d-4310-93d9-405414dfb4ef	NR_025435.1	96.154	364	9	5	1	361	1133	1494	2.80e-168	590
1de5e02d-033d-4310-93d9-405414dfb4ef	NR_156899.1	95.604	364	12	4	1	361	1070	1432	1.68e-165	580
1de5e02d-033d-4310-93d9-405414dfb4ef	NR_024817.1	95.580	362	14	2	1	361	1119	1479	1.68e-165	580
1de5e02d-033d-4310-93d9-405414dfb4ef	NR_119263.1	95.604	364	12	4	1	361	1133	1495	1.68e-165	580
af943606-49ea-4fba-9030-bd8652692248	NR_042776.1	88.563	647	32	30	1	609	660	18	0.0	747
af943606-49ea-4fba-9030-bd8652692248	NR_042777.1	88.390	646	34	29	1	609	659	18	0.0	739
af943606-49ea-4fba-9030-bd8652692248	NR_042778.1	88.253	647	34	31	1	609	660	18	0.0	736
af943606-49ea-4fba-9030-bd8652692248	NR_118998.1	87.944	647	36	32	1	609	655	13	0.0	725
af943606-49ea-4fba-9030-bd8652692248	NR_197695.1	87.944	647	36	30	1	609	659	17	0.0	725
eb7516a5-2f9c-4432-916f-fea0bc9c0047	NR_181586.1	93.672	806	31	18	1	797	688	1482	0.0	1188
eb7516a5-2f9c-4432-916f-fea0bc9c0047	NR_026248.1	93.052	806	36	18	1	797	661	1455	0.0	1166
eb7516a5-2f9c-4432-916f-fea0bc9c0047	NR_121686.1	87.300	811	70	27	3	797	683	1476	0.0	896
eb7516a5-2f9c-4432-916f-fea0bc9c0047	NR_151895.1	86.493	807	83	23	3	797	671	1463	0.0	863
eb7516a5-2f9c-4432-916f-fea0bc9c0047	NR_180914.1	86.533	750	78	21	3	741	663	1400	0.0	809
27b5ab83-2dbf-4e19-a0ee-693551f8f8d7	NR_024842.1	97.139	839	14	7	19	851	655	1489	0.0	1408
27b5ab83-2dbf-4e19-a0ee-693551f8f8d7	NR_115735.1	97.136	838	14	7	19	850	631	1464	0.0	1406
27b5ab83-2dbf-4e19-a0ee-693551f8f8d7	NR_115241.1	96.766	835	17	7	19	847	640	1470	0.0	1389
27b5ab83-2dbf-4e19-a0ee-693551f8f8d7	NR_165737.1	96.890	836	15	8	19	847	640	1471	0.0	1389
27b5ab83-2dbf-4e19-a0ee-693551f8f8d7	NR_156072.1	96.663	839	18	7	19	851	660	1494	0.0	1386
88c136f6-4b42-4667-b476-87223ca708fd	NR_040789.1	86.880	1250	95	58	1	1214	235	1451	0.0	1336
88c136f6-4b42-4667-b476-87223ca708fd	NR_118906.1	86.171	1251	105	54	1	1214	236	1455	0.0	1336
88c136f6-4b42-4667-b476-87223ca708fd	NR_044754.1	86.975	1190	97	47	55	1214	282	1443	0.0	1293
88c136f6-4b42-4667-b476-87223ca708fd	NR_042136.1	86.323	1221	102	55	30	1214	244	1435	0.0	1269
88c136f6-4b42-4667-b476-87223ca708fd	NR_118921.1	86.054	1219	103	56	30	1213	261	1447	0.0	1262
a13d455d-8025-43cc-ac4f-8926921ce6df	NR_179325.1	93.273	1442	51	35	1	1417	41	1461	0.0	2084
a13d455d-8025-43cc-ac4f-8926921ce6df	NR_115355.1	93.130	1441	54	34	1	1417	68	1487	0.0	2074
a13d455d-8025-43cc-ac4f-8926921ce6df	NR_119169.1	92.852	1441	58	34	1	1417	73	1492	0.0	2056
a13d455d-8025-43cc-ac4f-8926921ce6df	NR_163639.1	92.922	1441	53	39	1	1417	87	1502	0.0	2050
a13d455d-8025-43cc-ac4f-8926921ce6df	NR_113570.1	92.703	1439	66	31	1	1417	74	1495	0.0	2039
46f456fb-bff6-435e-8433-0874b3895a24	NR_028664.1	95.687	1136	28	16	1	1127	1139	16	0.0	1807
46f456fb-bff6-435e-8433-0874b3895a24	NR_179383.1	95.587	1133	29	16	4	1127	1140	20	0.0	1796
46f456fb-bff6-435e-8433-0874b3895a24	NR_199545.1	95.587	1133	29	16	4	1127	1133	13	0.0	1796
46f456fb-bff6-435e-8433-0874b3895a24	NR_115240.1	95.811	1122	28	14	1	1113	1116	5	0.0	1794
46f456fb-bff6-435e-8433-0874b3895a24	NR_179385.1	95.499	1133	30	16	4	1127	1137	17	0.0	1790
b9fd902a-2251-45b0-bf10-c30f866660e2	NR_042928.1	94.326	987	25	23	1	961	982	1	0.0	1483
b9fd902a-2251-45b0-bf10-c30f866660e2	NR_199547.1	94.502	964	23	22	1	938	962	3	0.0	1459
b9fd902a-2251-45b0-bf10-c30f866660e2	NR_112026.1	94.118	969	27	22	1	944	964	1	0.0	1447
b9fd902a-2251-45b0-bf10-c30f866660e2	NR_165747.1	93.617	987	32	23	1	961	982	1	0.0	1445
b9fd902a-2251-45b0-bf10-c30f866660e2	NR_117719.1	93.367	995	35	23	1	969	1002	13	0.0	1443
33b3a0bb-f4a0-4473-a7ba-0122c30bced8	NR_042776.1	94.898	392	11	9	1	387	219	606	1.06e-172	604
33b3a0bb-f4a0-4473-a7ba-0122c30bced8	NR_197695.1	94.898	392	11	9	1	387	218	605	1.06e-172	604
33b3a0bb-f4a0-4473-a7ba-0122c30bced8	NR_042777.1	94.629	391	13	8	1	387	219	605	4.93e-171	599
33b3a0bb-f4a0-4473-a7ba-0122c30bced8	NR_042778.1	94.643	392	12	9	1	387	219	606	4.93e-171	599
33b3a0bb-f4a0-4473-a7ba-0122c30bced8	NR_118998.1	93.878	392	15	9	1	387	214	601	4.96e-166	582
bfa905ef-4995-4404-b82e-34fbc8e204fd	NR_113570.1	94.804	789	23	14	1	778	714	1495	0.0	1214
bfa905ef-4995-4404-b82e-34fbc8e204fd	NR_043332.1	94.670	788	25	13	1	778	707	1487	0.0	1210
bfa905ef-4995-4404-b82e-34fbc8e204fd	NR_074980.1	94.670	788	25	13	1	778	734	1514	0.0	1206
bfa905ef-4995-4404-b82e-34fbc8e204fd	NR_113031.1	94.670	788	25	13	1	778	734	1514	0.0	1206
bfa905ef-4995-4404-b82e-34fbc8e204fd	NR_115355.1	94.409	787	29	11	1	778	707	1487	0.0	1195
3eb585bf-afa9-487d-a88c-285dd9b61cf3	NR_074980.1	90.383	1019	51	37	4	984	1023	14	0.0	1295
3eb585bf-afa9-487d-a88c-285dd9b61cf3	NR_113031.1	90.383	1019	51	37	4	984	1023	14	0.0	1295
3eb585bf-afa9-487d-a88c-285dd9b61cf3	NR_115355.1	90.566	1007	47	38	1	969	999	3	0.0	1291
3eb585bf-afa9-487d-a88c-285dd9b61cf3	NR_119169.1	90.443	1015	46	41	1	975	1004	1	0.0	1291
3eb585bf-afa9-487d-a88c-285dd9b61cf3	NR_163639.1	90.225	1023	47	41	1	984	1014	6	0.0	1286
6fc82830-e920-4753-82e6-26c8529078ae	NR_024842.1	90.920	848	48	24	1	827	848	9	0.0	1116
6fc82830-e920-4753-82e6-26c8529078ae	NR_115241.1	91.268	836	45	23	1	815	833	5	0.0	1114
6fc82830-e920-4753-82e6-26c8529078ae	NR_115735.1	91.095	831	45	25	1	809	824	1	0.0	1098
6fc82830-e920-4753-82e6-26c8529078ae	NR_178515.1	90.562	837	49	26	1	815	833	5	0.0	1081
6fc82830-e920-4753-82e6-26c8529078ae	NR_165737.1	90.323	837	51	26	1	815	833	5	0.0	1070
2bd36235-b5e4-4fe3-9544-f5525e2d89e4	NR_044873.1	89.504	343	12	13	23	350	340	7	6.17e-115	412
2bd36235-b5e4-4fe3-9544-f5525e2d89e4	NR_074568.1	88.047	343	17	13	23	350	351	18	1.35e-106	385
2bd36235-b5e4-4fe3-9544-f5525e2d89e4	NR_044712.2	87.172	343	20	13	23	350	360	27	2.91e-103	374
2bd36235-b5e4-4fe3-9544-f5525e2d89e4	NR_044894.1	87.869	305	24	12	23	323	327	32	6.35e-95	346
2bd36235-b5e4-4fe3-9544-f5525e2d89e4	NR_024785.1	87.702	309	20	11	23	323	308	10	2.28e-94	344
003ad14a-ac78-4368-9e41-973a85d5b6ba	NR_026419.1	95.506	1246	27	18	1	1227	1236	1	0.0	1964
003ad14a-ac78-4368-9e41-973a85d5b6ba	NR_025903.1	94.338	1254	41	19	1	1235	1248	6	0.0	1895
003ad14a-ac78-4368-9e41-973a85d5b6ba	NR_025904.1	93.869	1256	43	23	1	1235	1247	5	0.0	1862
003ad14a-ac78-4368-9e41-973a85d5b6ba	NR_133753.1	94.477	1213	37	19	1	1194	1202	1	0.0	1842
003ad14a-ac78-4368-9e41-973a85d5b6ba	NR_133752.1	94.172	1184	39	19	1	1165	1173	1	0.0	1777
98da2185-7698-4882-b62b-523a20b92f0d	NR_042776.1	95.914	465	11	7	1	464	1042	1499	0.0	747
98da2185-7698-4882-b62b-523a20b92f0d	NR_042777.1	95.914	465	11	7	1	464	1041	1498	0.0	747
98da2185-7698-4882-b62b-523a20b92f0d	NR_042778.1	95.484	465	13	7	1	464	1042	1499	0.0	736
98da2185-7698-4882-b62b-523a20b92f0d	NR_118998.1	95.484	465	13	7	1	464	1036	1493	0.0	736
98da2185-7698-4882-b62b-523a20b92f0d	NR_197695.1	95.484	465	13	6	1	464	1041	1498	0.0	736
137e231b-b5ea-422c-8fe9-49ae4815a49f	NR_041989.1	91.489	564	25	20	1	547	106	663	0.0	754
137e231b-b5ea-422c-8fe9-49ae4815a49f	NR_117694.1	90.442	565	29	21	1	547	148	705	0.0	721
137e231b-b5ea-422c-8fe9-49ae4815a49f	NR_117717.1	89.894	564	34	20	1	547	169	726	0.0	704
137e231b-b5ea-422c-8fe9-49ae4815a49f	NR_117696.1	89.894	564	34	20	1	547	135	692	0.0	704
137e231b-b5ea-422c-8fe9-49ae4815a49f	NR_117701.1	89.894	564	34	20	1	547	148	705	0.0	704
18fb17af-5371-4d74-9043-c5ecde485303	NR_102884.1	87.981	208	22	2	38	244	155	360	6.06e-64	243
18fb17af-5371-4d74-9043-c5ecde485303	NR_179627.1	85.106	235	27	7	12	244	141	369	3.65e-61	233
18fb17af-5371-4d74-9043-c5ecde485303	NR_114889.1	87.019	208	24	2	38	244	101	306	1.31e-60	231
18fb17af-5371-4d74-9043-c5ecde485303	NR_181389.1	85.398	226	27	5	29	252	110	331	4.72e-60	230
18fb17af-5371-4d74-9043-c5ecde485303	NR_173637.1	84.746	236	26	9	12	244	95	323	1.70e-59	228
c3c7624c-473e-4da4-be14-fbc271e835f9	NR_199545.1	96.301	730	14	8	11	736	733	13	0.0	1186
c3c7624c-473e-4da4-be14-fbc271e835f9	NR_179383.1	96.164	730	15	8	11	736	740	20	0.0	1181
c3c7624c-473e-4da4-be14-fbc271e835f9	NR_028664.1	96.027	730	16	8	11	736	736	16	0.0	1175
c3c7624c-473e-4da4-be14-fbc271e835f9	NR_179385.1	96.027	730	16	8	11	736	737	17	0.0	1175
c3c7624c-473e-4da4-be14-fbc271e835f9	NR_165744.1	95.896	731	17	8	11	737	722	1	0.0	1171
5d72a6b4-f97c-46bb-8aef-3d52ce8fc752	NR_026419.1	95.846	1324	26	22	1	1306	175	1487	0.0	2113
5d72a6b4-f97c-46bb-8aef-3d52ce8fc752	NR_025903.1	94.856	1322	37	24	3	1306	190	1498	0.0	2036
5d72a6b4-f97c-46bb-8aef-3d52ce8fc752	NR_025904.1	94.411	1324	39	27	3	1306	189	1497	0.0	2002
5d72a6b4-f97c-46bb-8aef-3d52ce8fc752	NR_133753.1	94.826	1295	37	23	3	1279	144	1426	0.0	1993
5d72a6b4-f97c-46bb-8aef-3d52ce8fc752	NR_133752.1	94.595	1295	40	23	3	1279	115	1397	0.0	1977
50b929e4-31b2-426f-b1b0-cdbc8ba53092	NR_042928.1	96.059	203	3	5	2	201	204	4	4.86e-89	326
50b929e4-31b2-426f-b1b0-cdbc8ba53092	NR_109720.1	96.000	200	5	3	2	198	200	1	6.29e-88	322
50b929e4-31b2-426f-b1b0-cdbc8ba53092	NR_199547.1	97.802	182	2	2	2	181	184	3	3.78e-85	313
50b929e4-31b2-426f-b1b0-cdbc8ba53092	NR_036936.1	94.146	205	9	3	2	203	206	2	1.36e-84	311
50b929e4-31b2-426f-b1b0-cdbc8ba53092	NR_112026.1	95.767	189	3	5	2	187	187	1	2.95e-81	300
46ee8c1d-e098-47b2-9b98-8b02bf0c2d45	NR_119168.1	94.413	179	5	4	2	175	176	354	1.83e-72	270
46ee8c1d-e098-47b2-9b98-8b02bf0c2d45	NR_119169.1	94.413	179	5	4	2	175	176	354	1.83e-72	270
46ee8c1d-e098-47b2-9b98-8b02bf0c2d45	NR_163639.1	94.413	179	5	4	2	175	190	368	1.83e-72	270
46ee8c1d-e098-47b2-9b98-8b02bf0c2d45	NR_043332.1	94.350	177	5	4	4	175	173	349	2.37e-71	267
46ee8c1d-e098-47b2-9b98-8b02bf0c2d45	NR_074980.1	94.350	177	5	4	4	175	200	376	2.37e-71	267
9b9ce278-fb6c-44cb-afe8-63a9176d3786	NR_043332.1	96.591	88	3	0	9	96	1395	1482	1.65e-35	147
9b9ce278-fb6c-44cb-afe8-63a9176d3786	NR_074980.1	96.591	88	3	0	9	96	1422	1509	1.65e-35	147
9b9ce278-fb6c-44cb-afe8-63a9176d3786	NR_113031.1	96.591	88	3	0	9	96	1422	1509	1.65e-35	147
9b9ce278-fb6c-44cb-afe8-63a9176d3786	NR_115354.1	96.591	88	3	0	9	96	1395	1482	1.65e-35	147
9b9ce278-fb6c-44cb-afe8-63a9176d3786	NR_115355.1	96.591	88	3	0	9	96	1395	1482	1.65e-35	147
9309a32a-e4b7-4cb3-97c0-e15b9549cbe0	NR_042776.1	96.444	225	2	2	1	220	241	18	2.97e-101	366
9309a32a-e4b7-4cb3-97c0-e15b9549cbe0	NR_042778.1	96.444	225	2	2	1	220	241	18	2.97e-101	366
9309a32a-e4b7-4cb3-97c0-e15b9549cbe0	NR_118998.1	95.556	225	4	2	1	220	236	13	1.79e-98	357
9309a32a-e4b7-4cb3-97c0-e15b9549cbe0	NR_042777.1	95.556	225	4	2	1	220	241	18	6.43e-98	355
9309a32a-e4b7-4cb3-97c0-e15b9549cbe0	NR_197695.1	95.111	225	5	2	1	220	240	17	2.99e-96	350
24667527-6883-4996-a23c-19de81b56383	NR_025892.1	95.714	70	1	2	1	68	746	677	3.55e-25	111
24667527-6883-4996-a23c-19de81b56383	NR_025385.1	95.714	70	1	2	1	68	703	634	3.55e-25	111
24667527-6883-4996-a23c-19de81b56383	NR_028899.1	95.714	70	1	2	1	68	679	610	3.55e-25	111
24667527-6883-4996-a23c-19de81b56383	NR_041988.1	95.714	70	1	2	1	68	679	610	3.55e-25	111
24667527-6883-4996-a23c-19de81b56383	NR_104947.1	95.714	70	1	2	1	68	694	625	3.55e-25	111
689d7623-0181-44e9-97f4-bdc859d3f43e	NR_028664.1	99.222	257	0	2	1	256	1241	1496	4.35e-130	462
689d7623-0181-44e9-97f4-bdc859d3f43e	NR_117719.1	99.222	257	0	2	1	256	1238	1493	4.35e-130	462
689d7623-0181-44e9-97f4-bdc859d3f43e	NR_179383.1	99.222	257	0	2	1	256	1245	1500	4.35e-130	462
689d7623-0181-44e9-97f4-bdc859d3f43e	NR_028666.1	98.833	257	1	2	1	256	1244	1499	2.02e-128	457
689d7623-0181-44e9-97f4-bdc859d3f43e	NR_028833.1	98.833	257	1	2	1	256	1247	1502	2.02e-128	457
72e7be4e-8520-4c77-96bd-3d7d254a12bb	NR_165747.1	97.073	205	5	1	1	205	204	1	1.34e-94	344
72e7be4e-8520-4c77-96bd-3d7d254a12bb	NR_199545.1	95.775	213	8	1	1	213	224	13	4.83e-94	342
72e7be4e-8520-4c77-96bd-3d7d254a12bb	NR_115560.1	95.349	215	9	1	1	215	224	11	1.74e-93	340
72e7be4e-8520-4c77-96bd-3d7d254a12bb	NR_165744.1	95.327	214	9	1	1	214	213	1	6.24e-93	339
72e7be4e-8520-4c77-96bd-3d7d254a12bb	NR_028664.1	95.305	213	9	1	1	213	227	16	2.25e-92	337
86621fa7-5c6b-4b9d-970d-34ae51620287	NR_117694.1	94.718	284	10	3	1	279	284	1	2.93e-122	436
86621fa7-5c6b-4b9d-970d-34ae51620287	NR_025892.1	94.366	284	11	3	1	279	310	27	3.80e-121	433
86621fa7-5c6b-4b9d-970d-34ae51620287	NR_117692.1	91.579	285	17	5	1	279	284	1	3.00e-107	387
86621fa7-5c6b-4b9d-970d-34ae51620287	NR_104830.1	91.228	285	19	4	1	279	299	15	3.88e-106	383
86621fa7-5c6b-4b9d-970d-34ae51620287	NR_121687.1	91.228	285	18	5	1	279	304	21	1.39e-105	381
65b8dc52-fd1c-4f2b-ad71-8a33448b7e07	NR_042776.1	95.833	264	8	3	1	264	284	24	2.15e-118	424
65b8dc52-fd1c-4f2b-ad71-8a33448b7e07	NR_042778.1	95.455	264	9	3	1	264	284	24	9.99e-117	418
65b8dc52-fd1c-4f2b-ad71-8a33448b7e07	NR_197695.1	95.455	264	9	3	1	264	283	23	9.99e-117	418
65b8dc52-fd1c-4f2b-ad71-8a33448b7e07	NR_042777.1	95.076	264	10	3	1	264	284	24	4.65e-115	412
65b8dc52-fd1c-4f2b-ad71-8a33448b7e07	NR_118998.1	94.318	264	12	3	1	264	279	19	2.80e-112	403
0e2657c9-7eb9-44b1-aa79-2c730719630a	NR_042776.1	99.528	212	1	0	1	212	1250	1039	2.18e-107	387
0e2657c9-7eb9-44b1-aa79-2c730719630a	NR_042777.1	99.528	212	1	0	1	212	1249	1038	2.18e-107	387
0e2657c9-7eb9-44b1-aa79-2c730719630a	NR_042778.1	99.528	212	1	0	1	212	1250	1039	2.18e-107	387
0e2657c9-7eb9-44b1-aa79-2c730719630a	NR_115802.1	99.528	212	1	0	1	212	1225	1014	2.18e-107	387
0e2657c9-7eb9-44b1-aa79-2c730719630a	NR_118998.1	99.528	212	1	0	1	212	1244	1033	2.18e-107	387
fb3a3e6d-f920-42fc-851c-7e4ed0773e7a	NR_041879.1	91.146	192	10	7	5	192	22	210	2.14e-67	254
fb3a3e6d-f920-42fc-851c-7e4ed0773e7a	NR_113570.1	90.674	193	10	8	5	192	71	260	2.77e-66	250
fb3a3e6d-f920-42fc-851c-7e4ed0773e7a	NR_179325.1	90.674	193	10	8	5	192	38	227	2.77e-66	250
fb3a3e6d-f920-42fc-851c-7e4ed0773e7a	NR_119168.1	90.625	192	11	7	5	192	70	258	9.98e-66	248
fb3a3e6d-f920-42fc-851c-7e4ed0773e7a	NR_163639.1	90.625	192	11	7	5	192	84	272	9.98e-66	248
04ac261a-27ed-4c53-a40e-150e4f32fb05	NR_113082.1	94.767	172	5	3	3	170	182	11	8.51e-71	265
04ac261a-27ed-4c53-a40e-150e4f32fb05	NR_136788.1	94.767	172	5	3	3	170	182	11	8.51e-71	265
04ac261a-27ed-4c53-a40e-150e4f32fb05	NR_152035.1	93.293	164	8	2	10	170	175	12	5.16e-63	239
04ac261a-27ed-4c53-a40e-150e4f32fb05	NR_026230.1	91.250	160	10	3	3	158	160	1	1.12e-59	228
04ac261a-27ed-4c53-a40e-150e4f32fb05	NR_074234.1	91.071	168	12	2	6	170	185	18	1.44e-58	224
e75ff4e0-37ee-4274-a1fb-bfb7a64efda6	NR_025892.1	96.503	143	3	2	4	145	160	19	5.44e-62	235
e75ff4e0-37ee-4274-a1fb-bfb7a64efda6	NR_117694.1	96.296	135	3	2	4	137	134	1	1.52e-57	220
e75ff4e0-37ee-4274-a1fb-bfb7a64efda6	NR_117717.1	94.406	143	6	2	4	145	155	14	5.48e-57	219
e75ff4e0-37ee-4274-a1fb-bfb7a64efda6	NR_121687.1	94.406	143	6	2	4	145	154	13	5.48e-57	219
e75ff4e0-37ee-4274-a1fb-bfb7a64efda6	NR_121688.1	94.406	143	6	2	4	145	154	13	5.48e-57	219
1d903be7-65f2-41a5-a5ad-650cc1d5f017	NR_044873.1	94.798	173	5	4	1	169	1290	1462	2.41e-71	267
1d903be7-65f2-41a5-a5ad-650cc1d5f017	NR_042334.1	94.737	171	7	2	1	169	1296	1466	8.68e-71	265
1d903be7-65f2-41a5-a5ad-650cc1d5f017	NR_026187.1	94.220	173	6	4	1	169	1287	1459	1.12e-69	261
1d903be7-65f2-41a5-a5ad-650cc1d5f017	NR_028925.1	94.220	173	6	4	1	169	1293	1465	1.12e-69	261
1d903be7-65f2-41a5-a5ad-650cc1d5f017	NR_112192.1	94.220	173	6	4	1	169	1275	1447	1.12e-69	261
e1eefdd5-a01d-4653-ad25-de6cd18de7c2	NR_041879.1	92.437	119	3	3	1	114	1299	1182	5.38e-41	165
e1eefdd5-a01d-4653-ad25-de6cd18de7c2	NR_115355.1	92.437	119	3	3	1	114	1341	1224	5.38e-41	165
e1eefdd5-a01d-4653-ad25-de6cd18de7c2	NR_119169.1	92.437	119	3	3	1	114	1346	1229	5.38e-41	165
e1eefdd5-a01d-4653-ad25-de6cd18de7c2	NR_163639.1	92.437	119	3	3	1	114	1356	1239	5.38e-41	165
e1eefdd5-a01d-4653-ad25-de6cd18de7c2	NR_179325.1	92.437	119	3	3	1	114	1315	1198	5.38e-41	165
83788119-e358-424d-80c3-816aec4520b7	NR_024842.1	91.743	218	9	6	6	221	218	8	1.43e-79	294
83788119-e358-424d-80c3-816aec4520b7	NR_115241.1	91.429	210	9	6	6	213	203	1	4.00e-75	279
83788119-e358-424d-80c3-816aec4520b7	NR_115735.1	90.547	201	9	7	6	203	194	1	1.87e-68	257
83788119-e358-424d-80c3-816aec4520b7	NR_114413.1	87.615	218	16	8	7	221	225	16	5.25e-64	243
83788119-e358-424d-80c3-816aec4520b7	NR_165737.1	88.095	210	14	8	7	213	202	1	6.79e-63	239
c451038b-8f5c-4be0-a178-03e466191a49	NR_036936.1	96.970	132	3	1	1	131	1315	1184	1.33e-57	220
c451038b-8f5c-4be0-a178-03e466191a49	NR_025453.1	96.970	132	3	1	1	131	1315	1184	1.33e-57	220
c451038b-8f5c-4be0-a178-03e466191a49	NR_028666.1	96.970	132	3	1	1	131	1339	1208	1.33e-57	220
c451038b-8f5c-4be0-a178-03e466191a49	NR_028833.1	96.970	132	3	1	1	131	1342	1211	1.33e-57	220
c451038b-8f5c-4be0-a178-03e466191a49	NR_029052.1	96.970	132	3	1	1	131	1303	1172	1.33e-57	220
b1eed85f-0ff8-42f2-b122-3db72969bf31	NR_025892.1	91.630	227	7	11	1	221	241	21	6.53e-83	305
b1eed85f-0ff8-42f2-b122-3db72969bf31	NR_117694.1	91.403	221	7	11	1	215	215	1	5.08e-79	292
b1eed85f-0ff8-42f2-b122-3db72969bf31	NR_041989.1	94.350	177	3	7	1	174	173	1	1.11e-70	265
b1eed85f-0ff8-42f2-b122-3db72969bf31	NR_104830.1	87.719	228	15	10	1	221	230	9	2.40e-67	254
b1eed85f-0ff8-42f2-b122-3db72969bf31	NR_121687.1	87.719	228	14	13	1	221	235	15	2.40e-67	254
a34d378f-93f9-4e65-9e48-b8ebf9ae850c	NR_024842.1	97.403	231	4	2	4	233	239	10	5.27e-109	392
a34d378f-93f9-4e65-9e48-b8ebf9ae850c	NR_115241.1	97.333	225	4	2	4	227	224	1	1.14e-105	381
a34d378f-93f9-4e65-9e48-b8ebf9ae850c	NR_115735.1	96.759	216	4	3	4	217	215	1	1.92e-98	357
a34d378f-93f9-4e65-9e48-b8ebf9ae850c	NR_117425.1	93.860	228	12	2	4	230	227	1	5.38e-94	342
a34d378f-93f9-4e65-9e48-b8ebf9ae850c	NR_114413.1	92.641	231	15	2	4	233	247	18	1.16e-90	331
bf5ccf3b-30c0-45fd-b929-c7961bb1d59b	NR_042776.1	97.200	250	5	2	4	253	450	203	7.34e-118	422
bf5ccf3b-30c0-45fd-b929-c7961bb1d59b	NR_042777.1	97.200	250	5	2	4	253	450	203	7.34e-118	422
bf5ccf3b-30c0-45fd-b929-c7961bb1d59b	NR_042778.1	96.800	250	6	2	4	253	450	203	3.42e-116	416
bf5ccf3b-30c0-45fd-b929-c7961bb1d59b	NR_197695.1	96.800	250	6	2	4	253	449	202	3.42e-116	416
bf5ccf3b-30c0-45fd-b929-c7961bb1d59b	NR_118998.1	96.000	250	8	2	4	253	445	198	7.40e-113	405
c11091fd-6201-44b9-8b1d-317001823c19	NR_026454.1	95.753	259	9	2	15	272	825	1082	3.68e-116	416
c11091fd-6201-44b9-8b1d-317001823c19	NR_025862.1	95.367	259	10	2	15	272	848	1105	4.76e-115	412
c11091fd-6201-44b9-8b1d-317001823c19	NR_180652.1	95.367	259	10	2	15	272	838	1095	1.71e-114	411
c11091fd-6201-44b9-8b1d-317001823c19	NR_180653.1	95.367	259	10	2	15	272	839	1096	1.71e-114	411
c11091fd-6201-44b9-8b1d-317001823c19	NR_028682.1	94.981	259	11	2	15	272	849	1106	7.96e-113	405
5bd305ad-bea2-4365-87ea-1014f90fade1	NR_027191.1	92.580	283	9	5	1	272	1037	756	3.66e-111	399
5bd305ad-bea2-4365-87ea-1014f90fade1	NR_027203.1	92.933	283	7	6	1	272	1054	774	3.66e-111	399
5bd305ad-bea2-4365-87ea-1014f90fade1	NR_024712.1	91.549	284	9	8	1	272	1054	774	1.72e-104	377
5bd305ad-bea2-4365-87ea-1014f90fade1	NR_028608.1	90.845	284	11	8	1	272	1048	768	1.03e-101	368
5bd305ad-bea2-4365-87ea-1014f90fade1	NR_180821.1	89.046	283	19	5	1	272	1005	724	2.25e-93	340
98750b6c-5f6b-46a7-9ffa-8475cdd39e44	NR_118234.1	91.753	97	3	3	3	95	104	9	1.60e-30	130
98750b6c-5f6b-46a7-9ffa-8475cdd39e44	NR_024841.1	91.667	96	3	3	3	94	101	7	5.75e-30	128
98750b6c-5f6b-46a7-9ffa-8475cdd39e44	NR_042776.1	91.667	96	3	3	3	94	112	18	5.75e-30	128
98750b6c-5f6b-46a7-9ffa-8475cdd39e44	NR_042777.1	91.667	96	3	3	3	94	112	18	5.75e-30	128
98750b6c-5f6b-46a7-9ffa-8475cdd39e44	NR_042778.1	91.667	96	3	3	3	94	112	18	5.75e-30	128
cb5fd443-feca-4269-8ff9-0715568e3ec8	NR_025904.1	95.031	161	3	4	1	156	165	5	7.61e-66	248
cb5fd443-feca-4269-8ff9-0715568e3ec8	NR_025903.1	93.789	161	5	4	1	156	166	6	1.65e-62	237
cb5fd443-feca-4269-8ff9-0715568e3ec8	NR_026419.1	94.771	153	3	4	1	148	153	1	2.13e-61	233
cb5fd443-feca-4269-8ff9-0715568e3ec8	NR_036920.1	89.441	161	10	6	1	156	160	2	2.80e-50	196
cb5fd443-feca-4269-8ff9-0715568e3ec8	NR_133753.1	95.833	120	1	3	1	116	120	1	1.30e-48	191
4e59be46-fac9-4616-a731-bcabe99048dd	NR_113121.1	93.860	228	8	6	7	229	1475	1249	6.83e-93	339
4e59be46-fac9-4616-a731-bcabe99048dd	NR_112878.1	92.982	228	10	6	7	229	1475	1249	1.48e-89	327
4e59be46-fac9-4616-a731-bcabe99048dd	NR_026417.1	92.609	230	8	8	8	229	1454	1226	6.88e-88	322
4e59be46-fac9-4616-a731-bcabe99048dd	NR_113106.1	92.342	222	12	5	7	224	1477	1257	1.49e-84	311
4e59be46-fac9-4616-a731-bcabe99048dd	NR_113107.1	91.667	228	13	6	7	229	1363	1137	1.49e-84	311
ee0a064b-de38-4b26-b8bd-f785c3178e57	NR_115354.1	93.909	197	8	3	1	193	1452	1256	1.21e-79	294
ee0a064b-de38-4b26-b8bd-f785c3178e57	NR_115355.1	93.909	197	8	3	1	193	1452	1256	1.21e-79	294
ee0a064b-de38-4b26-b8bd-f785c3178e57	NR_163639.1	93.909	197	8	3	1	193	1467	1271	1.21e-79	294
ee0a064b-de38-4b26-b8bd-f785c3178e57	NR_179325.1	93.909	197	8	3	1	193	1426	1230	1.21e-79	294
ee0a064b-de38-4b26-b8bd-f785c3178e57	NR_043332.1	93.401	197	9	3	1	193	1452	1256	5.65e-78	289
723e30be-69c6-4de8-b7bb-f0ffa42d614f	NR_025902.1	93.678	174	6	4	1	173	1279	1448	5.05e-68	255
723e30be-69c6-4de8-b7bb-f0ffa42d614f	NR_028844.1	93.678	174	6	4	1	173	1310	1479	5.05e-68	255
723e30be-69c6-4de8-b7bb-f0ffa42d614f	NR_040933.1	93.678	174	6	4	1	173	1323	1492	5.05e-68	255
723e30be-69c6-4de8-b7bb-f0ffa42d614f	NR_117717.1	93.678	174	6	4	1	173	1321	1490	5.05e-68	255
723e30be-69c6-4de8-b7bb-f0ffa42d614f	NR_121688.1	93.678	174	6	4	1	173	1321	1490	5.05e-68	255
e69523a4-34b3-4642-ab82-32287f442a92	NR_125571.1	95.588	136	4	2	1	134	1301	1436	1.91e-56	217
e69523a4-34b3-4642-ab82-32287f442a92	NR_125570.1	92.806	139	3	6	1	134	1259	1395	8.94e-50	195
e69523a4-34b3-4642-ab82-32287f442a92	NR_028827.1	91.367	139	5	5	1	132	1318	1456	1.93e-46	183
e69523a4-34b3-4642-ab82-32287f442a92	NR_042832.1	90.647	139	6	5	1	132	1318	1456	9.00e-45	178
e69523a4-34b3-4642-ab82-32287f442a92	NR_028726.1	89.116	147	9	5	1	140	1335	1481	3.24e-44	176
47ab6423-c6c9-48ca-9884-02211b083fb2	NR_109720.1	97.222	144	3	1	1	143	144	1	3.38e-64	243
47ab6423-c6c9-48ca-9884-02211b083fb2	NR_036936.1	96.575	146	4	1	1	145	150	5	1.22e-63	241
47ab6423-c6c9-48ca-9884-02211b083fb2	NR_113561.1	94.631	149	7	1	1	148	170	22	2.63e-60	230
47ab6423-c6c9-48ca-9884-02211b083fb2	NR_117425.1	95.205	146	6	1	1	145	153	8	2.63e-60	230
47ab6423-c6c9-48ca-9884-02211b083fb2	NR_028664.1	94.631	149	5	3	1	148	171	25	9.47e-60	228
02d38de6-94fd-4496-8e91-c8ce3df49679	NR_042776.1	96.685	181	4	2	1	181	376	198	2.62e-81	300
02d38de6-94fd-4496-8e91-c8ce3df49679	NR_042777.1	96.685	181	4	2	1	181	376	198	2.62e-81	300
02d38de6-94fd-4496-8e91-c8ce3df49679	NR_197695.1	96.685	181	4	2	1	181	375	197	2.62e-81	300
02d38de6-94fd-4496-8e91-c8ce3df49679	NR_042778.1	96.133	181	5	2	1	181	376	198	1.22e-79	294
02d38de6-94fd-4496-8e91-c8ce3df49679	NR_118998.1	95.580	181	6	2	1	181	371	193	5.68e-78	289
4b29930a-f40f-4430-89d0-17ac324fc5e0	NR_178262.1	97.170	212	4	2	78	288	1368	1158	2.37e-98	357
4b29930a-f40f-4430-89d0-17ac324fc5e0	NR_179215.1	97.170	212	4	2	78	288	1490	1280	2.37e-98	357
4b29930a-f40f-4430-89d0-17ac324fc5e0	NR_024842.1	97.156	211	5	1	78	288	1488	1279	8.52e-98	355
4b29930a-f40f-4430-89d0-17ac324fc5e0	NR_115735.1	97.156	211	5	1	78	288	1464	1255	8.52e-98	355
4b29930a-f40f-4430-89d0-17ac324fc5e0	NR_134817.1	97.156	211	5	1	78	288	1486	1277	8.52e-98	355
8d2cc5e2-4101-48b6-957b-417f5a46dfa9	NR_040821.1	96.250	240	7	2	5	243	1237	1475	5.54e-109	392
8d2cc5e2-4101-48b6-957b-417f5a46dfa9	NR_025148.1	96.250	240	7	2	5	243	1257	1495	5.54e-109	392
8d2cc5e2-4101-48b6-957b-417f5a46dfa9	NR_040820.1	96.250	240	7	2	5	243	1237	1475	5.54e-109	392
8d2cc5e2-4101-48b6-957b-417f5a46dfa9	NR_134818.1	96.250	240	7	2	5	243	1250	1488	5.54e-109	392
8d2cc5e2-4101-48b6-957b-417f5a46dfa9	NR_126177.1	96.250	240	7	2	5	243	1239	1477	5.54e-109	392
52859c86-ce81-41a8-b6bd-378678270270	NR_136788.1	92.045	176	8	5	5	175	885	1059	4.04e-64	243
52859c86-ce81-41a8-b6bd-378678270270	NR_152035.1	87.571	177	14	6	5	175	888	1062	8.87e-51	198
52859c86-ce81-41a8-b6bd-378678270270	NR_026230.1	85.876	177	17	6	5	175	863	1037	6.90e-47	185
52859c86-ce81-41a8-b6bd-378678270270	NR_040838.1	85.876	177	17	6	5	175	891	1065	8.93e-46	182
52859c86-ce81-41a8-b6bd-378678270270	NR_025052.1	85.876	177	17	6	5	175	863	1037	8.93e-46	182
862ee4d0-9a87-4133-a902-347e6390766c	NR_028664.1	91.964	224	9	9	1	218	1281	1501	6.50e-83	305
862ee4d0-9a87-4133-a902-347e6390766c	NR_028666.1	91.964	224	9	9	1	218	1284	1504	6.50e-83	305
862ee4d0-9a87-4133-a902-347e6390766c	NR_028833.1	91.964	224	9	9	1	218	1287	1507	6.50e-83	305
862ee4d0-9a87-4133-a902-347e6390766c	NR_029052.1	91.964	224	9	9	1	218	1248	1468	6.50e-83	305
862ee4d0-9a87-4133-a902-347e6390766c	NR_036918.1	91.964	224	9	9	1	218	1277	1497	6.50e-83	305
52b9c4e0-21a6-4116-abf9-d737cb7c58e2	NR_024659.1	98.630	73	1	0	1	73	1074	1146	1.09e-30	130
52b9c4e0-21a6-4116-abf9-d737cb7c58e2	NR_024841.1	98.630	73	1	0	1	73	1107	1179	1.09e-30	130
52b9c4e0-21a6-4116-abf9-d737cb7c58e2	NR_036936.1	98.630	73	1	0	1	73	1093	1165	1.09e-30	130
52b9c4e0-21a6-4116-abf9-d737cb7c58e2	NR_026471.1	98.630	73	1	0	1	73	1103	1175	1.09e-30	130
52b9c4e0-21a6-4116-abf9-d737cb7c58e2	NR_028665.1	98.630	73	1	0	1	73	1108	1180	1.09e-30	130
368e1a48-048f-4829-a65b-c591850dcc47	NR_028682.1	96.889	225	1	6	1	222	652	431	6.57e-103	372
368e1a48-048f-4829-a65b-c591850dcc47	NR_025863.1	93.151	219	10	5	6	221	651	435	3.12e-86	316
368e1a48-048f-4829-a65b-c591850dcc47	NR_026393.1	92.991	214	7	8	6	215	626	417	6.76e-83	305
368e1a48-048f-4829-a65b-c591850dcc47	NR_025862.1	91.892	222	8	10	6	222	646	430	2.43e-82	303
368e1a48-048f-4829-a65b-c591850dcc47	NR_036921.1	91.892	222	8	10	6	222	637	421	8.75e-82	302
be69edbc-ce1a-4635-a27e-e8300e9aa0a7	NR_042776.1	94.828	232	7	4	1	228	1469	1239	1.85e-98	357
be69edbc-ce1a-4635-a27e-e8300e9aa0a7	NR_042777.1	94.828	232	7	4	1	228	1468	1238	1.85e-98	357
be69edbc-ce1a-4635-a27e-e8300e9aa0a7	NR_042778.1	94.828	232	7	4	1	228	1469	1239	1.85e-98	357
be69edbc-ce1a-4635-a27e-e8300e9aa0a7	NR_118998.1	94.828	232	7	4	1	228	1463	1233	1.85e-98	357
be69edbc-ce1a-4635-a27e-e8300e9aa0a7	NR_197695.1	94.397	232	8	4	1	228	1468	1238	8.60e-97	351
bdb618c0-5892-4d7a-a593-a73e807aa85e	NR_042928.1	98.000	100	2	0	1	100	20	119	7.57e-44	174
bdb618c0-5892-4d7a-a593-a73e807aa85e	NR_112026.1	98.000	100	2	0	1	100	3	102	7.57e-44	174
bdb618c0-5892-4d7a-a593-a73e807aa85e	NR_179385.1	98.000	100	2	0	1	100	44	143	7.57e-44	174
bdb618c0-5892-4d7a-a593-a73e807aa85e	NR_199545.1	98.000	100	2	0	1	100	40	139	7.57e-44	174
bdb618c0-5892-4d7a-a593-a73e807aa85e	NR_042771.1	97.000	100	3	0	1	100	40	139	3.52e-42	169
021cb411-e256-4471-a6f1-31aa4241239c	NR_042776.1	95.575	226	3	4	1	220	241	17	6.39e-98	355
021cb411-e256-4471-a6f1-31aa4241239c	NR_042778.1	95.575	226	3	4	1	220	241	17	6.39e-98	355
021cb411-e256-4471-a6f1-31aa4241239c	NR_118998.1	94.690	226	5	4	1	220	236	12	3.85e-95	346
021cb411-e256-4471-a6f1-31aa4241239c	NR_042777.1	94.690	226	5	4	1	220	241	17	1.38e-94	344
021cb411-e256-4471-a6f1-31aa4241239c	NR_197695.1	93.363	226	8	4	1	220	240	16	1.39e-89	327
7eabbc45-7881-491c-b5e3-4e35f8e6f7a6	NR_044873.1	96.748	246	7	1	1	245	1230	985	5.50e-114	409
7eabbc45-7881-491c-b5e3-4e35f8e6f7a6	NR_074568.1	95.935	246	9	1	1	245	1240	995	1.19e-110	398
7eabbc45-7881-491c-b5e3-4e35f8e6f7a6	NR_044712.2	95.528	246	10	1	1	245	1249	1004	1.54e-109	394
7eabbc45-7881-491c-b5e3-4e35f8e6f7a6	NR_025310.1	95.885	243	9	1	1	242	1220	978	5.54e-109	392
7eabbc45-7881-491c-b5e3-4e35f8e6f7a6	NR_043968.1	95.885	243	9	1	1	242	1198	956	5.54e-109	392
dbf7d8e6-43b9-4186-9871-490d11cc3483	NR_027191.1	100.000	84	0	0	1	84	7	90	2.36e-38	156
dbf7d8e6-43b9-4186-9871-490d11cc3483	NR_027203.1	98.837	86	1	0	1	86	30	115	8.48e-38	154
dbf7d8e6-43b9-4186-9871-490d11cc3483	NR_024712.1	98.837	86	0	1	1	86	32	116	3.05e-37	152
dbf7d8e6-43b9-4186-9871-490d11cc3483	NR_028608.1	95.349	86	3	1	1	86	27	111	3.07e-32	135
dbf7d8e6-43b9-4186-9871-490d11cc3483	NR_179513.1	84.884	86	13	0	1	86	32	117	6.74e-19	91.6
7d3527fe-a705-4561-8be4-643eae0949fa	NR_113570.1	88.710	248	11	11	1	235	1214	971	2.54e-77	287
7d3527fe-a705-4561-8be4-643eae0949fa	NR_163639.1	88.710	248	11	11	1	235	1222	979	2.54e-77	287
7d3527fe-a705-4561-8be4-643eae0949fa	NR_115354.1	88.306	248	12	11	1	235	1207	964	3.29e-76	283
7d3527fe-a705-4561-8be4-643eae0949fa	NR_041880.1	88.306	248	12	11	1	235	1163	920	1.18e-75	281
7d3527fe-a705-4561-8be4-643eae0949fa	NR_025762.1	88.306	248	12	11	1	235	1185	942	1.18e-75	281
27aa876f-44d0-4daa-bdd7-eb0939a92a4a	NR_025902.1	95.181	249	4	6	1	245	1439	1195	2.54e-107	387
27aa876f-44d0-4daa-bdd7-eb0939a92a4a	NR_040933.1	95.181	249	4	6	1	245	1483	1239	2.54e-107	387
27aa876f-44d0-4daa-bdd7-eb0939a92a4a	NR_117717.1	95.181	249	4	6	1	245	1481	1237	2.54e-107	387
27aa876f-44d0-4daa-bdd7-eb0939a92a4a	NR_121688.1	95.181	249	4	6	1	245	1481	1237	2.54e-107	387
27aa876f-44d0-4daa-bdd7-eb0939a92a4a	NR_026079.2	95.181	249	4	4	1	245	1488	1244	2.54e-107	387
a05d5670-c874-4fef-a24e-bd516dc11fcc	NR_042052.1	96.000	175	3	2	1	175	1356	1186	8.45e-76	281
a05d5670-c874-4fef-a24e-bd516dc11fcc	NR_042776.1	96.000	175	3	2	1	175	1458	1288	8.45e-76	281
a05d5670-c874-4fef-a24e-bd516dc11fcc	NR_042777.1	96.000	175	3	2	1	175	1457	1287	8.45e-76	281
a05d5670-c874-4fef-a24e-bd516dc11fcc	NR_042778.1	96.000	175	3	2	1	175	1458	1288	8.45e-76	281
a05d5670-c874-4fef-a24e-bd516dc11fcc	NR_113594.1	96.000	175	3	2	1	175	1433	1263	8.45e-76	281
750c47b2-7fd6-4573-afea-a57fc5027a38	NR_043332.1	93.642	173	5	5	1	168	1311	1482	1.81e-67	254
750c47b2-7fd6-4573-afea-a57fc5027a38	NR_074980.1	93.642	173	5	5	1	168	1338	1509	1.81e-67	254
750c47b2-7fd6-4573-afea-a57fc5027a38	NR_113031.1	93.642	173	5	5	1	168	1338	1509	1.81e-67	254
750c47b2-7fd6-4573-afea-a57fc5027a38	NR_115354.1	93.642	173	5	5	1	168	1311	1482	1.81e-67	254
750c47b2-7fd6-4573-afea-a57fc5027a38	NR_115355.1	93.642	173	5	5	1	168	1311	1482	1.81e-67	254
8c6c6c2d-c4eb-4615-a514-4edb3358d9b2	NR_043332.1	95.808	167	5	2	5	169	1319	1485	6.40e-72	268
8c6c6c2d-c4eb-4615-a514-4edb3358d9b2	NR_074980.1	95.808	167	5	2	5	169	1346	1512	6.40e-72	268
8c6c6c2d-c4eb-4615-a514-4edb3358d9b2	NR_113031.1	95.808	167	5	2	5	169	1346	1512	6.40e-72	268
8c6c6c2d-c4eb-4615-a514-4edb3358d9b2	NR_115354.1	95.808	167	5	2	5	169	1319	1485	6.40e-72	268
8c6c6c2d-c4eb-4615-a514-4edb3358d9b2	NR_115355.1	95.808	167	5	2	5	169	1319	1485	6.40e-72	268
c5f2b051-6b41-4d1c-a13b-9dd1e6d87aed	NR_042928.1	94.624	186	7	3	1	186	187	5	7.00e-77	285
c5f2b051-6b41-4d1c-a13b-9dd1e6d87aed	NR_109720.1	94.054	185	8	3	1	184	183	1	1.17e-74	278
c5f2b051-6b41-4d1c-a13b-9dd1e6d87aed	NR_036936.1	93.923	181	9	2	7	186	184	5	1.52e-73	274
c5f2b051-6b41-4d1c-a13b-9dd1e6d87aed	NR_165747.1	93.548	186	9	3	1	186	187	5	1.52e-73	274
c5f2b051-6b41-4d1c-a13b-9dd1e6d87aed	NR_199547.1	96.429	168	2	4	1	167	167	3	1.52e-73	274
e4670fe8-7cce-42c0-8822-bab33371229b	NR_042928.1	99.048	105	1	0	1	105	172	276	3.05e-48	189
e4670fe8-7cce-42c0-8822-bab33371229b	NR_112026.1	99.048	105	1	0	1	105	155	259	3.05e-48	189
e4670fe8-7cce-42c0-8822-bab33371229b	NR_116206.1	99.048	105	1	0	1	105	97	201	3.05e-48	189
e4670fe8-7cce-42c0-8822-bab33371229b	NR_199547.1	98.095	105	2	0	1	105	152	256	1.42e-46	183
e4670fe8-7cce-42c0-8822-bab33371229b	NR_109720.1	98.077	104	2	0	2	105	169	272	5.11e-46	182
13bcb40b-5a51-4533-8da5-d0b84952b9e0	NR_029286.1	96.098	205	4	3	8	209	1418	1215	1.03e-90	331
13bcb40b-5a51-4533-8da5-d0b84952b9e0	NR_114395.1	95.122	205	6	3	8	209	1423	1220	2.23e-87	320
13bcb40b-5a51-4533-8da5-d0b84952b9e0	NR_179528.1	95.122	205	6	3	8	209	1408	1205	2.23e-87	320
13bcb40b-5a51-4533-8da5-d0b84952b9e0	NR_037020.1	95.098	204	6	3	9	209	1404	1202	8.01e-87	318
13bcb40b-5a51-4533-8da5-d0b84952b9e0	NR_041983.1	94.634	205	7	3	8	209	1391	1188	2.88e-86	316
f2e1d9c7-76ab-425e-ac26-5d8cf597262d	NR_115613.1	95.028	181	6	3	1	178	1386	1206	2.57e-76	283
f2e1d9c7-76ab-425e-ac26-5d8cf597262d	NR_028826.1	95.055	182	4	5	1	178	1403	1223	9.23e-76	281
f2e1d9c7-76ab-425e-ac26-5d8cf597262d	NR_024911.1	95.055	182	4	5	1	178	1413	1233	9.23e-76	281
f2e1d9c7-76ab-425e-ac26-5d8cf597262d	NR_024918.1	95.055	182	4	5	1	178	1413	1233	9.23e-76	281
f2e1d9c7-76ab-425e-ac26-5d8cf597262d	NR_025174.1	95.055	182	4	5	1	178	1406	1226	9.23e-76	281
f51f03ea-547d-4dd1-a3df-a614b1ab8780	NR_042776.1	88.987	227	14	8	4	221	414	190	2.45e-72	270
f51f03ea-547d-4dd1-a3df-a614b1ab8780	NR_042777.1	88.987	227	14	8	4	221	414	190	2.45e-72	270
f51f03ea-547d-4dd1-a3df-a614b1ab8780	NR_042778.1	88.546	227	15	8	4	221	414	190	1.14e-70	265
f51f03ea-547d-4dd1-a3df-a614b1ab8780	NR_197695.1	89.623	212	12	7	4	206	413	203	1.48e-69	261
f51f03ea-547d-4dd1-a3df-a614b1ab8780	NR_126178.1	89.151	212	13	7	4	206	389	179	6.87e-68	255
da33e917-722d-441e-b977-6e76443b3b12	NR_114305.1	89.848	197	10	9	1	192	1208	1399	1.71e-64	244
da33e917-722d-441e-b977-6e76443b3b12	NR_109628.1	89.848	197	10	9	1	192	1189	1380	1.71e-64	244
da33e917-722d-441e-b977-6e76443b3b12	NR_116726.1	89.848	197	10	9	1	192	1188	1379	1.71e-64	244
da33e917-722d-441e-b977-6e76443b3b12	NR_029148.1	88.832	197	12	9	1	192	1215	1406	3.69e-61	233
da33e917-722d-441e-b977-6e76443b3b12	NR_042843.1	88.832	197	12	9	1	192	1188	1379	3.69e-61	233
9fb3be42-3956-4793-b5e1-9f6ac2d9fa15	NR_028682.1	97.059	204	2	4	1	202	1282	1483	1.77e-93	340
9fb3be42-3956-4793-b5e1-9f6ac2d9fa15	NR_025435.1	97.059	204	2	3	1	202	1279	1480	1.77e-93	340
9fb3be42-3956-4793-b5e1-9f6ac2d9fa15	NR_024817.1	97.044	203	3	2	1	202	1265	1465	6.37e-93	339
9fb3be42-3956-4793-b5e1-9f6ac2d9fa15	NR_180652.1	97.044	203	3	2	1	202	1271	1471	6.37e-93	339
9fb3be42-3956-4793-b5e1-9f6ac2d9fa15	NR_024842.1	96.552	203	4	2	1	202	1275	1475	2.97e-91	333
fec2b9a4-a6f7-4e0e-90c8-1f51fa70cecd	NR_040821.1	93.458	107	6	1	38	144	1297	1192	1.18e-38	158
fec2b9a4-a6f7-4e0e-90c8-1f51fa70cecd	NR_025630.1	93.458	107	6	1	38	144	1296	1191	1.18e-38	158
fec2b9a4-a6f7-4e0e-90c8-1f51fa70cecd	NR_024634.1	93.458	107	6	1	38	144	1308	1203	1.18e-38	158
fec2b9a4-a6f7-4e0e-90c8-1f51fa70cecd	NR_025148.1	93.458	107	6	1	38	144	1317	1212	1.18e-38	158
fec2b9a4-a6f7-4e0e-90c8-1f51fa70cecd	NR_027517.1	93.458	107	6	1	38	144	1317	1212	1.18e-38	158
8ac4159d-a674-4262-866f-aab079ec3c0a	NR_028682.1	96.889	225	5	2	1	223	1269	1493	5.20e-104	375
8ac4159d-a674-4262-866f-aab079ec3c0a	NR_025435.1	96.476	227	6	2	4	228	1268	1494	1.87e-103	374
8ac4159d-a674-4262-866f-aab079ec3c0a	NR_024817.1	96.053	228	9	0	1	228	1252	1479	1.87e-103	374
8ac4159d-a674-4262-866f-aab079ec3c0a	NR_036793.2	95.595	227	8	2	4	228	1279	1505	4.05e-100	363
8ac4159d-a674-4262-866f-aab079ec3c0a	NR_119273.1	95.595	227	8	2	4	228	1279	1505	4.05e-100	363
83cebc7d-c145-460b-94a1-ad369ba9f7e1	NR_042776.1	96.667	210	4	3	1	208	1313	1105	3.75e-95	346
83cebc7d-c145-460b-94a1-ad369ba9f7e1	NR_042777.1	96.667	210	4	3	1	208	1312	1104	3.75e-95	346
83cebc7d-c145-460b-94a1-ad369ba9f7e1	NR_042778.1	96.190	210	5	3	1	208	1313	1105	1.74e-93	340
83cebc7d-c145-460b-94a1-ad369ba9f7e1	NR_118998.1	96.190	210	5	3	1	208	1307	1099	1.74e-93	340
83cebc7d-c145-460b-94a1-ad369ba9f7e1	NR_197695.1	96.190	210	5	3	1	208	1312	1104	1.74e-93	340
74118d92-aa19-40e9-bdad-ddf9ec3999b2	NR_028682.1	95.082	122	3	3	1	120	1227	1107	3.50e-48	189
74118d92-aa19-40e9-bdad-ddf9ec3999b2	NR_042500.1	94.262	122	4	3	1	120	1157	1037	1.63e-46	183
74118d92-aa19-40e9-bdad-ddf9ec3999b2	NR_025645.1	93.443	122	5	3	1	120	1207	1087	7.58e-45	178
74118d92-aa19-40e9-bdad-ddf9ec3999b2	NR_025862.1	93.443	122	5	3	1	120	1226	1106	7.58e-45	178
74118d92-aa19-40e9-bdad-ddf9ec3999b2	NR_024885.1	93.443	122	5	3	1	120	1214	1094	7.58e-45	178
2980feed-9754-44e4-932e-8d5af9fe0416	NR_165744.1	95.455	154	3	4	1	152	152	1	3.44e-64	243
2980feed-9754-44e4-932e-8d5af9fe0416	NR_115560.1	94.839	155	4	4	1	153	163	11	4.44e-63	239
2980feed-9754-44e4-932e-8d5af9fe0416	NR_028664.1	94.771	153	4	4	1	151	166	16	5.75e-62	235
2980feed-9754-44e4-932e-8d5af9fe0416	NR_042771.1	94.771	153	4	4	1	151	163	13	5.75e-62	235
2980feed-9754-44e4-932e-8d5af9fe0416	NR_179385.1	94.771	153	4	4	1	151	167	17	5.75e-62	235
675b49cc-3c93-4f78-827c-75569969f1d9	NR_114305.1	93.886	229	11	3	17	243	1248	1475	5.73e-94	342
675b49cc-3c93-4f78-827c-75569969f1d9	NR_109628.1	93.886	229	11	3	17	243	1229	1456	5.73e-94	342
675b49cc-3c93-4f78-827c-75569969f1d9	NR_116726.1	93.833	227	11	3	17	241	1228	1453	7.41e-93	339
675b49cc-3c93-4f78-827c-75569969f1d9	NR_042843.1	93.421	228	12	3	18	243	1229	1455	9.59e-92	335
675b49cc-3c93-4f78-827c-75569969f1d9	NR_102895.1	93.421	228	12	3	18	243	1257	1483	9.59e-92	335
c057cfe8-6052-44c9-8809-8a40556b06d1	NR_025762.1	93.355	301	12	8	1	294	769	1068	8.41e-123	438
c057cfe8-6052-44c9-8809-8a40556b06d1	NR_041879.1	93.355	301	12	8	1	294	748	1047	8.41e-123	438
c057cfe8-6052-44c9-8809-8a40556b06d1	NR_113570.1	93.355	301	12	8	1	294	798	1097	8.41e-123	438
c057cfe8-6052-44c9-8809-8a40556b06d1	NR_115355.1	93.355	301	12	8	1	294	791	1090	8.41e-123	438
c057cfe8-6052-44c9-8809-8a40556b06d1	NR_119169.1	93.355	301	12	8	1	294	796	1095	8.41e-123	438
c37a499e-0188-4493-a01b-e818dc855927	NR_026417.1	92.216	167	7	3	1	162	1135	970	8.01e-61	231
c37a499e-0188-4493-a01b-e818dc855927	NR_113121.1	92.216	167	7	3	1	162	1158	993	8.01e-61	231
c37a499e-0188-4493-a01b-e818dc855927	NR_113124.1	88.889	153	11	4	14	162	1143	993	2.27e-46	183
c37a499e-0188-4493-a01b-e818dc855927	NR_115327.1	88.889	153	11	4	14	162	1123	973	2.27e-46	183
c37a499e-0188-4493-a01b-e818dc855927	NR_029147.1	87.421	159	14	3	2	155	1161	1004	1.06e-44	178
9564d213-bb8d-4805-88d4-4d5e12ff6044	NR_041989.1	97.802	182	3	1	5	186	935	1115	3.35e-85	313
9564d213-bb8d-4805-88d4-4d5e12ff6044	NR_028900.1	97.253	182	4	1	5	186	935	1115	1.56e-83	307
9564d213-bb8d-4805-88d4-4d5e12ff6044	NR_043458.1	97.253	182	4	1	5	186	998	1178	1.56e-83	307
9564d213-bb8d-4805-88d4-4d5e12ff6044	NR_043459.1	97.253	182	4	1	5	186	1001	1181	1.56e-83	307
9564d213-bb8d-4805-88d4-4d5e12ff6044	NR_104947.1	97.253	182	4	1	5	186	950	1130	1.56e-83	307
7ab26ad3-6efd-443a-a4e3-bbf157d92a95	NR_125570.1	95.968	124	4	1	1	124	42	164	1.63e-51	200
7ab26ad3-6efd-443a-a4e3-bbf157d92a95	NR_125571.1	94.355	124	6	1	1	124	84	206	9.84e-49	191
7ab26ad3-6efd-443a-a4e3-bbf157d92a95	NR_029097.1	92.742	124	8	1	1	124	60	182	7.66e-45	178
7ab26ad3-6efd-443a-a4e3-bbf157d92a95	NR_179332.1	87.671	73	7	2	1	72	100	171	1.72e-16	84.2
7ab26ad3-6efd-443a-a4e3-bbf157d92a95	NR_179333.1	87.500	72	7	2	1	71	99	169	6.18e-16	82.4
23ecd44f-da10-4d05-9b8d-7a0550a011c0	NR_024842.1	94.483	145	5	3	21	164	283	425	1.76e-57	220
23ecd44f-da10-4d05-9b8d-7a0550a011c0	NR_036936.1	94.483	145	5	3	21	164	268	410	1.76e-57	220
23ecd44f-da10-4d05-9b8d-7a0550a011c0	NR_040821.1	94.483	145	5	3	21	164	268	410	1.76e-57	220
23ecd44f-da10-4d05-9b8d-7a0550a011c0	NR_025148.1	94.483	145	5	3	21	164	288	430	1.76e-57	220
23ecd44f-da10-4d05-9b8d-7a0550a011c0	NR_028664.1	94.483	145	5	3	21	164	289	431	1.76e-57	220
4059685d-1639-4827-97a2-cfbc534b63d3	NR_163639.1	95.294	170	3	5	8	177	168	4	8.62e-71	265
4059685d-1639-4827-97a2-cfbc534b63d3	NR_074980.1	95.266	169	3	5	8	176	176	13	3.10e-70	263
4059685d-1639-4827-97a2-cfbc534b63d3	NR_113031.1	95.266	169	3	5	8	176	176	13	3.10e-70	263
4059685d-1639-4827-97a2-cfbc534b63d3	NR_043332.1	97.368	152	1	3	8	159	149	1	5.19e-68	255
4059685d-1639-4827-97a2-cfbc534b63d3	NR_115354.1	97.368	152	1	3	8	159	149	1	5.19e-68	255
f2b2592d-a097-4ad2-8dd4-0e0a6427c391	NR_025892.1	93.750	48	1	2	4	49	743	696	4.07e-13	71.3
f2b2592d-a097-4ad2-8dd4-0e0a6427c391	NR_025385.1	93.750	48	1	2	4	49	700	653	4.07e-13	71.3
f2b2592d-a097-4ad2-8dd4-0e0a6427c391	NR_028899.1	93.750	48	1	2	4	49	676	629	4.07e-13	71.3
f2b2592d-a097-4ad2-8dd4-0e0a6427c391	NR_041988.1	93.750	48	1	2	4	49	676	629	4.07e-13	71.3
f2b2592d-a097-4ad2-8dd4-0e0a6427c391	NR_104947.1	93.750	48	1	2	4	49	691	644	4.07e-13	71.3
e88e808d-e2b1-4986-ae62-f976d15d184c	NR_024659.1	97.203	143	0	3	11	151	812	672	4.38e-63	239
e88e808d-e2b1-4986-ae62-f976d15d184c	NR_028664.1	97.203	143	0	3	11	151	852	712	4.38e-63	239
e88e808d-e2b1-4986-ae62-f976d15d184c	NR_042927.1	97.203	143	0	3	11	151	831	691	4.38e-63	239
e88e808d-e2b1-4986-ae62-f976d15d184c	NR_042928.1	97.203	143	0	3	11	151	829	689	4.38e-63	239
e88e808d-e2b1-4986-ae62-f976d15d184c	NR_114413.1	97.203	143	0	3	11	151	854	714	4.38e-63	239
8fb1bb8f-e15d-48d8-a8ec-cdcb8e8ec9a4	NR_163639.1	95.575	226	4	3	1	220	228	3	1.77e-98	357
8fb1bb8f-e15d-48d8-a8ec-cdcb8e8ec9a4	NR_074980.1	95.536	224	4	3	1	218	236	13	2.29e-97	353
8fb1bb8f-e15d-48d8-a8ec-cdcb8e8ec9a4	NR_113031.1	95.536	224	4	3	1	218	236	13	2.29e-97	353
8fb1bb8f-e15d-48d8-a8ec-cdcb8e8ec9a4	NR_119170.1	96.262	214	2	3	1	208	214	1	1.06e-95	348
8fb1bb8f-e15d-48d8-a8ec-cdcb8e8ec9a4	NR_115354.1	96.651	209	1	3	1	203	209	1	4.95e-94	342
eec66f6b-5521-4106-97fe-3860c90cca61	NR_028682.1	95.862	290	8	3	1	288	1263	976	3.84e-131	466
eec66f6b-5521-4106-97fe-3860c90cca61	NR_025862.1	95.862	290	8	3	1	288	1262	975	3.84e-131	466
eec66f6b-5521-4106-97fe-3860c90cca61	NR_026454.1	95.172	290	10	3	1	288	1239	952	8.32e-128	455
eec66f6b-5521-4106-97fe-3860c90cca61	NR_042500.1	95.455	286	10	2	5	288	1190	906	2.99e-127	453
eec66f6b-5521-4106-97fe-3860c90cca61	NR_119263.1	95.455	286	10	2	5	288	1257	973	2.99e-127	453
77bfe927-30d3-44a9-9506-7d95ba5a902d	NR_024841.1	94.531	128	1	5	1	124	132	7	2.73e-49	193
77bfe927-30d3-44a9-9506-7d95ba5a902d	NR_042776.1	94.531	128	1	5	1	124	143	18	2.73e-49	193
77bfe927-30d3-44a9-9506-7d95ba5a902d	NR_042777.1	94.531	128	1	5	1	124	143	18	2.73e-49	193
77bfe927-30d3-44a9-9506-7d95ba5a902d	NR_042778.1	94.531	128	1	5	1	124	143	18	2.73e-49	193
77bfe927-30d3-44a9-9506-7d95ba5a902d	NR_118234.1	94.531	128	1	5	1	124	135	10	2.73e-49	193
4496fdbd-e93e-442d-8aea-5e40d05c3b40	NR_037101.1	97.297	111	3	0	1	111	1347	1457	3.67e-48	189
4496fdbd-e93e-442d-8aea-5e40d05c3b40	NR_036936.1	97.297	111	3	0	1	111	1347	1457	3.67e-48	189
4496fdbd-e93e-442d-8aea-5e40d05c3b40	NR_040821.1	97.297	111	3	0	1	111	1347	1457	3.67e-48	189
4496fdbd-e93e-442d-8aea-5e40d05c3b40	NR_025729.1	97.297	111	3	0	1	111	1365	1475	3.67e-48	189
4496fdbd-e93e-442d-8aea-5e40d05c3b40	NR_026368.1	97.297	111	3	0	1	111	1349	1459	3.67e-48	189
be5ffece-586a-4d34-a0e7-1d3a5b0d9291	NR_042776.1	97.414	232	2	2	1	229	1469	1239	5.12e-109	392
be5ffece-586a-4d34-a0e7-1d3a5b0d9291	NR_042777.1	97.414	232	2	2	1	229	1468	1238	5.12e-109	392
be5ffece-586a-4d34-a0e7-1d3a5b0d9291	NR_042778.1	96.983	232	3	2	1	229	1469	1239	2.38e-107	387
be5ffece-586a-4d34-a0e7-1d3a5b0d9291	NR_118998.1	96.983	232	3	2	1	229	1463	1233	2.38e-107	387
be5ffece-586a-4d34-a0e7-1d3a5b0d9291	NR_042052.1	96.552	232	4	2	1	229	1367	1137	1.11e-105	381
f1f71286-0e1f-4475-9a7f-da5439f4fc10	NR_025902.1	92.857	266	8	8	1	258	1186	1448	5.85e-104	375
f1f71286-0e1f-4475-9a7f-da5439f4fc10	NR_040933.1	92.857	266	8	8	1	258	1230	1492	5.85e-104	375
f1f71286-0e1f-4475-9a7f-da5439f4fc10	NR_117717.1	92.857	266	8	8	1	258	1228	1490	5.85e-104	375
f1f71286-0e1f-4475-9a7f-da5439f4fc10	NR_121688.1	92.857	266	8	8	1	258	1228	1490	5.85e-104	375
f1f71286-0e1f-4475-9a7f-da5439f4fc10	NR_117692.1	92.857	266	8	8	1	258	1208	1470	5.85e-104	375
d3074fec-fea7-49c6-8044-95496e66cb9f	NR_028665.1	97.479	119	3	0	18	136	140	22	1.40e-52	204
d3074fec-fea7-49c6-8044-95496e66cb9f	NR_114172.1	97.479	119	3	0	18	136	123	5	1.40e-52	204
d3074fec-fea7-49c6-8044-95496e66cb9f	NR_115239.1	97.479	119	3	0	18	136	123	5	1.40e-52	204
d3074fec-fea7-49c6-8044-95496e66cb9f	NR_117496.1	97.479	119	3	0	18	136	123	5	1.40e-52	204
d3074fec-fea7-49c6-8044-95496e66cb9f	NR_117719.1	97.479	119	3	0	18	136	143	25	1.40e-52	204
16e796f4-b14c-4b90-bf9d-1682645cbdbe	NR_025762.1	97.794	136	3	0	1	136	878	1013	5.44e-62	235
16e796f4-b14c-4b90-bf9d-1682645cbdbe	NR_041879.1	97.794	136	3	0	1	136	857	992	5.44e-62	235
16e796f4-b14c-4b90-bf9d-1682645cbdbe	NR_113570.1	97.794	136	3	0	1	136	907	1042	5.44e-62	235
16e796f4-b14c-4b90-bf9d-1682645cbdbe	NR_115355.1	97.794	136	3	0	1	136	900	1035	5.44e-62	235
16e796f4-b14c-4b90-bf9d-1682645cbdbe	NR_119169.1	97.794	136	3	0	1	136	905	1040	5.44e-62	235
9055d31f-4d34-428b-9956-f57b8504918c	NR_125571.1	94.349	637	16	17	1	629	991	367	0.0	959
9055d31f-4d34-428b-9956-f57b8504918c	NR_125570.1	94.035	637	18	17	1	629	949	325	0.0	948
9055d31f-4d34-428b-9956-f57b8504918c	NR_029097.1	93.260	638	21	19	1	629	967	343	0.0	920
9055d31f-4d34-428b-9956-f57b8504918c	NR_044289.1	91.740	569	30	16	70	629	940	380	0.0	774
9055d31f-4d34-428b-9956-f57b8504918c	NR_113410.1	89.274	634	46	19	5	629	929	309	0.0	774
a9576597-b758-412d-b957-958260aabfd1	NR_136788.1	97.948	731	5	10	1	723	1037	309	0.0	1258
a9576597-b758-412d-b957-958260aabfd1	NR_026230.1	93.716	732	34	12	1	723	1015	287	0.0	1092
a9576597-b758-412d-b957-958260aabfd1	NR_113082.1	93.588	733	33	14	1	723	1037	309	0.0	1081
a9576597-b758-412d-b957-958260aabfd1	NR_040839.1	91.027	691	50	12	42	723	996	309	0.0	922
a9576597-b758-412d-b957-958260aabfd1	NR_074140.1	91.027	691	50	12	42	723	961	274	0.0	922
8dfef991-9d6e-49a6-ac20-e8529e4d86f4	NR_044873.1	94.602	352	8	10	1	347	774	429	1.25e-151	534
8dfef991-9d6e-49a6-ac20-e8529e4d86f4	NR_043968.1	93.769	337	10	10	1	332	742	412	5.92e-140	496
8dfef991-9d6e-49a6-ac20-e8529e4d86f4	NR_179993.1	92.614	352	14	11	1	347	785	441	5.92e-140	496
8dfef991-9d6e-49a6-ac20-e8529e4d86f4	NR_109752.1	93.472	337	11	10	1	332	795	465	2.76e-138	490
8dfef991-9d6e-49a6-ac20-e8529e4d86f4	NR_178360.1	93.472	337	11	10	1	332	751	421	2.76e-138	490
c35cbe7b-0066-4f77-87cc-9f262f99bd56	NR_113570.1	95.871	896	15	15	20	894	596	1490	0.0	1430
c35cbe7b-0066-4f77-87cc-9f262f99bd56	NR_043332.1	95.754	895	17	14	20	894	589	1482	0.0	1426
c35cbe7b-0066-4f77-87cc-9f262f99bd56	NR_074980.1	95.754	895	17	14	20	894	616	1509	0.0	1423
c35cbe7b-0066-4f77-87cc-9f262f99bd56	NR_113031.1	95.754	895	17	14	20	894	616	1509	0.0	1423
c35cbe7b-0066-4f77-87cc-9f262f99bd56	NR_044153.1	95.084	895	23	16	20	894	589	1482	0.0	1391
834da872-e51e-4b97-86b5-add2014538ac	NR_024842.1	89.946	1303	64	51	1	1263	217	1492	0.0	1620
834da872-e51e-4b97-86b5-add2014538ac	NR_165737.1	90.101	1293	62	51	4	1256	205	1471	0.0	1618
834da872-e51e-4b97-86b5-add2014538ac	NR_115735.1	89.992	1299	63	51	1	1259	193	1464	0.0	1616
834da872-e51e-4b97-86b5-add2014538ac	NR_036936.1	89.946	1293	64	51	4	1256	205	1471	0.0	1607
834da872-e51e-4b97-86b5-add2014538ac	NR_115241.1	89.738	1296	66	51	1	1256	202	1470	0.0	1600
3e33c437-a699-4a20-a4b5-12c041efc8c9	NR_136788.1	95.526	1207	26	23	1	1193	284	1476	0.0	1905
3e33c437-a699-4a20-a4b5-12c041efc8c9	NR_026230.1	92.792	1207	59	23	1	1193	262	1454	0.0	1727
3e33c437-a699-4a20-a4b5-12c041efc8c9	NR_113082.1	92.730	1183	56	25	1	1168	284	1451	0.0	1681
3e33c437-a699-4a20-a4b5-12c041efc8c9	NR_199471.1	84.876	1210	147	33	2	1193	285	1476	0.0	1188
3e33c437-a699-4a20-a4b5-12c041efc8c9	NR_043154.1	84.781	1209	151	30	2	1193	285	1477	0.0	1182
19321ea5-b150-4ada-8179-2d5b6b996af7	NR_044091.1	94.386	570	16	8	1	557	1144	578	0.0	861
19321ea5-b150-4ada-8179-2d5b6b996af7	NR_163639.1	93.849	569	19	10	1	557	1244	680	0.0	843
19321ea5-b150-4ada-8179-2d5b6b996af7	NR_041879.1	93.684	570	20	8	1	557	1187	621	0.0	839
19321ea5-b150-4ada-8179-2d5b6b996af7	NR_042940.1	93.684	570	20	8	1	557	1142	576	0.0	839
19321ea5-b150-4ada-8179-2d5b6b996af7	NR_025762.1	93.684	570	19	9	1	557	1207	642	0.0	837
5a5a6511-a0ff-495f-bba1-9bbe07f38f1e	NR_042928.1	96.109	1208	21	21	1	1197	1193	1	0.0	1947
5a5a6511-a0ff-495f-bba1-9bbe07f38f1e	NR_199547.1	96.456	1185	17	20	1	1174	1173	3	0.0	1932
5a5a6511-a0ff-495f-bba1-9bbe07f38f1e	NR_112026.1	96.134	1190	19	22	1	1179	1175	2	0.0	1919
5a5a6511-a0ff-495f-bba1-9bbe07f38f1e	NR_117719.1	95.395	1216	29	22	1	1204	1213	13	0.0	1910
5a5a6511-a0ff-495f-bba1-9bbe07f38f1e	NR_199545.1	95.312	1216	30	22	1	1204	1213	13	0.0	1905
add36e7e-3cf2-40f5-b868-3929eecf60fa	NR_179540.1	96.632	772	12	9	6	767	725	1492	0.0	1269
add36e7e-3cf2-40f5-b868-3929eecf60fa	NR_042928.1	96.745	768	11	9	6	763	705	1468	0.0	1267
add36e7e-3cf2-40f5-b868-3929eecf60fa	NR_028664.1	96.503	772	14	9	6	767	728	1496	0.0	1264
add36e7e-3cf2-40f5-b868-3929eecf60fa	NR_117719.1	96.373	772	15	9	6	767	725	1493	0.0	1258
add36e7e-3cf2-40f5-b868-3929eecf60fa	NR_179383.1	96.373	772	15	9	6	767	732	1500	0.0	1258
05b6ac08-fd91-40ad-9a74-3bbd220fba4c	NR_136788.1	93.003	686	32	14	6	685	801	1476	0.0	987
05b6ac08-fd91-40ad-9a74-3bbd220fba4c	NR_026230.1	90.087	686	52	14	6	685	779	1454	0.0	880
05b6ac08-fd91-40ad-9a74-3bbd220fba4c	NR_044491.1	85.036	695	76	24	6	685	790	1471	0.0	682
05b6ac08-fd91-40ad-9a74-3bbd220fba4c	NR_113228.1	85.057	696	74	26	6	685	802	1483	0.0	682
05b6ac08-fd91-40ad-9a74-3bbd220fba4c	NR_109439.1	84.862	687	86	16	6	685	798	1473	0.0	676
a1b8a703-11cb-4c27-87cf-2b36f32c22c8	NR_042776.1	94.690	339	9	8	1	332	712	1048	1.24e-146	518
a1b8a703-11cb-4c27-87cf-2b36f32c22c8	NR_042777.1	94.690	339	9	8	1	332	711	1047	1.24e-146	518
a1b8a703-11cb-4c27-87cf-2b36f32c22c8	NR_042778.1	94.690	339	9	8	1	332	712	1048	1.24e-146	518
a1b8a703-11cb-4c27-87cf-2b36f32c22c8	NR_118998.1	94.083	338	12	7	1	332	707	1042	2.69e-143	507
a1b8a703-11cb-4c27-87cf-2b36f32c22c8	NR_197695.1	94.100	339	11	8	1	332	711	1047	2.69e-143	507
c9197f6c-07b6-43b0-80e3-9708de139bef	NR_044873.1	96.517	201	6	1	1	200	836	1036	1.01e-90	331
c9197f6c-07b6-43b0-80e3-9708de139bef	NR_025310.1	95.545	202	6	3	1	200	826	1026	2.19e-87	320
c9197f6c-07b6-43b0-80e3-9708de139bef	NR_074568.1	95.025	201	9	1	1	200	846	1046	1.02e-85	315
c9197f6c-07b6-43b0-80e3-9708de139bef	NR_109752.1	95.025	201	9	1	1	200	857	1057	1.02e-85	315
c9197f6c-07b6-43b0-80e3-9708de139bef	NR_178360.1	95.025	201	9	1	1	200	813	1013	1.02e-85	315
bd869b33-7241-46cc-8559-a2046bd8af7b	NR_116206.1	94.458	794	22	19	1	780	301	1086	0.0	1205
bd869b33-7241-46cc-8559-a2046bd8af7b	NR_028665.1	94.458	794	22	20	1	780	393	1178	0.0	1203
bd869b33-7241-46cc-8559-a2046bd8af7b	NR_042927.1	94.458	794	22	19	1	780	378	1163	0.0	1203
bd869b33-7241-46cc-8559-a2046bd8af7b	NR_042928.1	94.458	794	22	19	1	780	376	1161	0.0	1203
bd869b33-7241-46cc-8559-a2046bd8af7b	NR_114413.1	94.458	794	22	19	1	780	401	1186	0.0	1203
12fc6407-7340-4873-a137-579a1efd53c1	NR_029097.1	96.435	561	11	7	1	556	608	52	0.0	917
12fc6407-7340-4873-a137-579a1efd53c1	NR_125570.1	94.867	565	20	8	1	560	590	30	0.0	874
12fc6407-7340-4873-a137-579a1efd53c1	NR_125571.1	94.700	566	19	10	1	560	632	72	0.0	870
12fc6407-7340-4873-a137-579a1efd53c1	NR_179627.1	88.028	568	53	14	3	562	655	95	0.0	658
12fc6407-7340-4873-a137-579a1efd53c1	NR_151895.1	87.922	563	59	7	3	560	651	93	0.0	654
9314d4ef-f7ba-454d-8e31-21637ae5bb67	NR_136788.1	97.436	351	6	3	1	351	1129	1476	5.76e-170	595
9314d4ef-f7ba-454d-8e31-21637ae5bb67	NR_026230.1	95.157	351	14	3	1	351	1107	1454	1.27e-156	551
9314d4ef-f7ba-454d-8e31-21637ae5bb67	NR_113082.1	95.092	326	13	3	1	326	1129	1451	2.15e-144	510
9314d4ef-f7ba-454d-8e31-21637ae5bb67	NR_136443.1	94.207	328	15	4	16	343	1106	1429	1.67e-140	497
9314d4ef-f7ba-454d-8e31-21637ae5bb67	NR_117913.1	92.023	351	25	2	1	351	1118	1465	2.80e-138	490
1a14cfb4-9a73-4ed4-95d8-881fce16a9ec	NR_025903.1	97.272	1283	16	14	1	1269	218	1495	0.0	2158
1a14cfb4-9a73-4ed4-95d8-881fce16a9ec	NR_133753.1	97.299	1259	16	13	1	1245	172	1426	0.0	2121
1a14cfb4-9a73-4ed4-95d8-881fce16a9ec	NR_133752.1	97.141	1259	18	13	1	1245	143	1397	0.0	2109
1a14cfb4-9a73-4ed4-95d8-881fce16a9ec	NR_026419.1	96.493	1283	27	13	1	1269	206	1484	0.0	2104
1a14cfb4-9a73-4ed4-95d8-881fce16a9ec	NR_025904.1	96.495	1284	24	16	1	1269	217	1494	0.0	2102
d233c398-a77d-45ce-8252-857915c2be0d	NR_041879.1	94.937	474	13	9	5	473	715	248	0.0	732
d233c398-a77d-45ce-8252-857915c2be0d	NR_115355.1	94.937	474	13	9	5	473	758	291	0.0	732
d233c398-a77d-45ce-8252-857915c2be0d	NR_179325.1	94.937	474	13	9	5	473	732	265	0.0	732
d233c398-a77d-45ce-8252-857915c2be0d	NR_119169.1	94.726	474	14	9	5	473	763	296	0.0	728
d233c398-a77d-45ce-8252-857915c2be0d	NR_113570.1	94.304	474	16	9	5	473	765	298	0.0	715
bf941acc-5956-4077-8bb4-b412bbb2b991	NR_026419.1	94.798	173	7	2	1	171	1312	1484	6.53e-72	268
bf941acc-5956-4077-8bb4-b412bbb2b991	NR_025904.1	94.220	173	7	3	1	171	1323	1494	1.09e-69	261
bf941acc-5956-4077-8bb4-b412bbb2b991	NR_025903.1	93.642	173	8	3	1	171	1324	1495	5.09e-68	255
bf941acc-5956-4077-8bb4-b412bbb2b991	NR_026420.1	90.751	173	13	3	1	171	1311	1482	1.11e-59	228
bf941acc-5956-4077-8bb4-b412bbb2b991	NR_179572.1	90.751	173	13	3	1	171	1331	1502	1.11e-59	228
34366c96-b16d-4122-b9bd-6161e037c59f	NR_044873.1	94.370	1350	36	34	3	1324	124	1461	0.0	2036
34366c96-b16d-4122-b9bd-6161e037c59f	NR_025310.1	92.228	1351	62	38	3	1324	115	1451	0.0	1873
34366c96-b16d-4122-b9bd-6161e037c59f	NR_179993.1	91.494	1352	72	38	3	1324	135	1473	0.0	1820
34366c96-b16d-4122-b9bd-6161e037c59f	NR_169461.1	91.253	1349	77	35	3	1324	119	1453	0.0	1799
34366c96-b16d-4122-b9bd-6161e037c59f	NR_116745.1	91.179	1349	76	38	3	1324	141	1473	0.0	1792
d0d458b8-7899-4412-a6a4-18a5c78209e6	NR_042776.1	96.324	789	11	9	1	772	712	1499	0.0	1280
d0d458b8-7899-4412-a6a4-18a5c78209e6	NR_042777.1	96.324	789	11	9	1	772	711	1498	0.0	1280
d0d458b8-7899-4412-a6a4-18a5c78209e6	NR_042778.1	96.071	789	13	9	1	772	712	1499	0.0	1269
d0d458b8-7899-4412-a6a4-18a5c78209e6	NR_197695.1	95.817	789	15	9	1	772	711	1498	0.0	1258
d0d458b8-7899-4412-a6a4-18a5c78209e6	NR_118998.1	95.680	787	19	8	1	772	707	1493	0.0	1251
69f74a76-6f65-4770-b0ce-66edba4e565a	NR_042776.1	97.749	533	5	5	1	526	551	19	0.0	911
69f74a76-6f65-4770-b0ce-66edba4e565a	NR_042778.1	97.373	533	7	5	1	526	551	19	0.0	900
69f74a76-6f65-4770-b0ce-66edba4e565a	NR_042777.1	97.186	533	7	6	1	526	550	19	0.0	894
69f74a76-6f65-4770-b0ce-66edba4e565a	NR_197695.1	96.811	533	10	5	1	526	550	18	0.0	883
69f74a76-6f65-4770-b0ce-66edba4e565a	NR_118998.1	96.435	533	12	5	1	526	546	14	0.0	874
e9c0e7bd-20bd-4b97-96d0-ec47be96ca18	NR_024842.1	95.425	765	23	11	1	757	768	8	0.0	1212
e9c0e7bd-20bd-4b97-96d0-ec47be96ca18	NR_115241.1	95.641	757	21	11	1	749	753	1	0.0	1205
e9c0e7bd-20bd-4b97-96d0-ec47be96ca18	NR_178515.1	95.251	758	22	13	1	749	753	1	0.0	1188
e9c0e7bd-20bd-4b97-96d0-ec47be96ca18	NR_115735.1	95.455	748	21	12	1	739	744	1	0.0	1181
e9c0e7bd-20bd-4b97-96d0-ec47be96ca18	NR_165737.1	94.987	758	24	13	1	749	753	1	0.0	1177
125e8d02-3d17-474d-93a1-5416fd609aed	NR_181481.1	91.976	1159	62	25	5	1138	97	1249	0.0	1596
125e8d02-3d17-474d-93a1-5416fd609aed	NR_181935.1	91.976	1159	62	25	5	1138	104	1256	0.0	1596
125e8d02-3d17-474d-93a1-5416fd609aed	NR_026471.1	91.876	1157	67	20	6	1139	80	1232	0.0	1591
125e8d02-3d17-474d-93a1-5416fd609aed	NR_040820.1	91.890	1159	63	27	7	1140	71	1223	0.0	1591
125e8d02-3d17-474d-93a1-5416fd609aed	NR_178515.1	91.803	1159	68	20	3	1138	67	1221	0.0	1589
18e9591a-b1ec-46ec-8619-6c0be250cdf4	NR_115241.1	95.883	583	8	9	1	574	373	948	0.0	929
18e9591a-b1ec-46ec-8619-6c0be250cdf4	NR_115735.1	95.883	583	8	9	1	574	364	939	0.0	929
18e9591a-b1ec-46ec-8619-6c0be250cdf4	NR_116211.1	95.883	583	8	9	1	574	296	871	0.0	929
18e9591a-b1ec-46ec-8619-6c0be250cdf4	NR_024842.1	95.712	583	9	9	1	574	388	963	0.0	926
18e9591a-b1ec-46ec-8619-6c0be250cdf4	NR_028833.1	95.712	583	9	9	1	574	400	975	0.0	924
277a8de9-11e3-409f-846e-8ac269d50210	NR_026419.1	94.887	665	16	13	5	659	261	917	0.0	1024
277a8de9-11e3-409f-846e-8ac269d50210	NR_133753.1	94.586	665	18	13	5	659	227	883	0.0	1013
277a8de9-11e3-409f-846e-8ac269d50210	NR_025903.1	94.586	665	18	13	5	659	273	929	0.0	1013
277a8de9-11e3-409f-846e-8ac269d50210	NR_133752.1	94.286	665	20	13	5	659	198	854	0.0	1002
277a8de9-11e3-409f-846e-8ac269d50210	NR_025904.1	93.703	667	20	16	5	659	272	928	0.0	979
612a6960-a1bb-4d96-9c98-a9fa2460b6b8	NR_163639.1	91.654	671	30	18	38	689	839	1502	0.0	905
612a6960-a1bb-4d96-9c98-a9fa2460b6b8	NR_115355.1	91.518	672	30	18	38	689	823	1487	0.0	900
612a6960-a1bb-4d96-9c98-a9fa2460b6b8	NR_179325.1	91.518	672	30	17	38	689	797	1461	0.0	900
612a6960-a1bb-4d96-9c98-a9fa2460b6b8	NR_119169.1	91.071	672	33	18	38	689	828	1492	0.0	887
612a6960-a1bb-4d96-9c98-a9fa2460b6b8	NR_115354.1	91.071	672	33	18	38	689	823	1487	0.0	885
4c027ee6-04e0-41f9-9f72-6d3117b50671	NR_117717.1	99.064	534	5	0	1	534	954	1487	0.0	959
4c027ee6-04e0-41f9-9f72-6d3117b50671	NR_117696.1	99.064	534	5	0	1	534	921	1454	0.0	959
4c027ee6-04e0-41f9-9f72-6d3117b50671	NR_159079.1	98.876	534	6	0	1	534	930	1463	0.0	953
4c027ee6-04e0-41f9-9f72-6d3117b50671	NR_117694.1	98.876	534	6	0	1	534	934	1467	0.0	953
4c027ee6-04e0-41f9-9f72-6d3117b50671	NR_025902.1	98.689	534	7	0	1	534	912	1445	0.0	948
b286c6dd-6846-48af-beae-b76dc923640f	NR_178515.1	95.345	666	11	17	6	661	981	326	0.0	1040
b286c6dd-6846-48af-beae-b76dc923640f	NR_028833.1	95.338	665	11	17	7	661	1007	353	0.0	1038
b286c6dd-6846-48af-beae-b76dc923640f	NR_036936.1	95.195	666	12	17	6	661	981	326	0.0	1035
b286c6dd-6846-48af-beae-b76dc923640f	NR_115241.1	95.195	666	12	17	6	661	981	326	0.0	1035
b286c6dd-6846-48af-beae-b76dc923640f	NR_115735.1	95.195	666	12	17	6	661	972	317	0.0	1035
63bb6169-7780-4e87-ae92-8bb228c69b41	NR_044873.1	93.724	717	29	14	5	712	711	2	0.0	1061
63bb6169-7780-4e87-ae92-8bb228c69b41	NR_074568.1	91.760	716	44	14	5	712	721	13	0.0	981
63bb6169-7780-4e87-ae92-8bb228c69b41	NR_044712.2	91.341	716	47	14	5	712	730	22	0.0	970
63bb6169-7780-4e87-ae92-8bb228c69b41	NR_179993.1	90.556	720	50	16	5	714	722	11	0.0	937
63bb6169-7780-4e87-ae92-8bb228c69b41	NR_109752.1	90.516	717	52	14	5	712	732	23	0.0	933
3830569a-bf6c-4659-9abf-edf428210fcb	NR_028664.1	96.117	309	6	3	1	305	649	343	4.00e-141	499
3830569a-bf6c-4659-9abf-edf428210fcb	NR_042771.1	96.117	309	6	3	1	305	646	340	4.00e-141	499
3830569a-bf6c-4659-9abf-edf428210fcb	NR_042927.1	96.117	309	6	3	1	305	628	322	4.00e-141	499
3830569a-bf6c-4659-9abf-edf428210fcb	NR_042928.1	96.117	309	6	3	1	305	626	320	4.00e-141	499
3830569a-bf6c-4659-9abf-edf428210fcb	NR_112026.1	96.117	309	6	3	1	305	609	303	4.00e-141	499
6a08da58-9aeb-4161-9cbf-8cb68a4aff0c	NR_042538.1	78.407	653	96	29	1	620	803	1443	9.48e-106	383
6a08da58-9aeb-4161-9cbf-8cb68a4aff0c	NR_044421.1	78.154	650	104	22	1	620	818	1459	1.23e-104	379
6a08da58-9aeb-4161-9cbf-8cb68a4aff0c	NR_043861.1	77.948	653	102	25	1	620	752	1395	7.38e-102	370
6a08da58-9aeb-4161-9cbf-8cb68a4aff0c	NR_149290.1	77.743	638	117	18	1	622	670	1298	2.65e-101	368
6a08da58-9aeb-4161-9cbf-8cb68a4aff0c	NR_029071.1	77.676	654	102	30	1	620	799	1442	1.60e-98	359
49e2e312-c7e2-489b-affc-3b4e3935bc8b	NR_024841.1	94.318	792	31	10	3	791	790	10	0.0	1201
49e2e312-c7e2-489b-affc-3b4e3935bc8b	NR_113260.1	94.629	782	29	9	3	781	776	5	0.0	1199
49e2e312-c7e2-489b-affc-3b4e3935bc8b	NR_036936.1	94.238	781	34	7	3	781	776	5	0.0	1184
49e2e312-c7e2-489b-affc-3b4e3935bc8b	NR_041781.1	93.813	792	35	10	3	791	785	5	0.0	1179
49e2e312-c7e2-489b-affc-3b4e3935bc8b	NR_118234.1	93.561	792	37	10	3	791	793	13	0.0	1168
166ae2f8-6a06-445c-b7ec-dd324d8db1a1	NR_024842.1	94.368	657	27	10	7	657	660	8	0.0	1003
166ae2f8-6a06-445c-b7ec-dd324d8db1a1	NR_178515.1	94.761	649	24	10	7	649	645	1	0.0	1002
166ae2f8-6a06-445c-b7ec-dd324d8db1a1	NR_115241.1	94.607	649	25	10	7	649	645	1	0.0	996
166ae2f8-6a06-445c-b7ec-dd324d8db1a1	NR_165737.1	94.299	649	27	10	7	649	645	1	0.0	985
166ae2f8-6a06-445c-b7ec-dd324d8db1a1	NR_114413.1	93.617	658	31	11	7	657	669	16	0.0	972
ea7b288f-2341-492c-a633-605660eeb344	NR_042776.1	96.094	1229	25	17	1	1215	280	1499	0.0	1982
ea7b288f-2341-492c-a633-605660eeb344	NR_042777.1	96.013	1229	25	18	1	1215	280	1498	0.0	1977
ea7b288f-2341-492c-a633-605660eeb344	NR_042778.1	96.013	1229	26	18	1	1215	280	1499	0.0	1977
ea7b288f-2341-492c-a633-605660eeb344	NR_197695.1	95.932	1229	27	18	1	1215	279	1498	0.0	1971
ea7b288f-2341-492c-a633-605660eeb344	NR_118998.1	95.443	1229	32	19	1	1215	275	1493	0.0	1938
3b9cd2f7-e064-4163-a732-2a62377ddb01	NR_042776.1	96.436	954	18	14	11	952	967	18	0.0	1559
3b9cd2f7-e064-4163-a732-2a62377ddb01	NR_042778.1	96.226	954	20	14	11	952	967	18	0.0	1548
3b9cd2f7-e064-4163-a732-2a62377ddb01	NR_042777.1	96.122	954	20	15	11	952	966	18	0.0	1541
3b9cd2f7-e064-4163-a732-2a62377ddb01	NR_197695.1	95.807	954	24	14	11	952	966	17	0.0	1526
3b9cd2f7-e064-4163-a732-2a62377ddb01	NR_118998.1	95.698	953	26	13	11	952	961	13	0.0	1520
9ad64418-b3fb-4ad5-9032-11b87e303705	NR_042878.1	93.237	207	9	5	1	203	595	800	2.81e-81	300
9ad64418-b3fb-4ad5-9032-11b87e303705	NR_116168.1	93.237	207	9	5	1	203	616	821	2.81e-81	300
9ad64418-b3fb-4ad5-9032-11b87e303705	NR_118142.1	93.237	207	9	5	1	203	595	800	2.81e-81	300
9ad64418-b3fb-4ad5-9032-11b87e303705	NR_118143.1	93.237	207	9	5	1	203	597	802	2.81e-81	300
9ad64418-b3fb-4ad5-9032-11b87e303705	NR_179336.1	93.237	207	9	5	1	203	561	766	2.81e-81	300
c3d638e1-7d66-41ac-be2f-7fd7f4fe697d	NR_115735.1	96.647	1342	30	14	3	1332	126	1464	0.0	2215
c3d638e1-7d66-41ac-be2f-7fd7f4fe697d	NR_024842.1	96.500	1343	32	14	3	1333	150	1489	0.0	2209
c3d638e1-7d66-41ac-be2f-7fd7f4fe697d	NR_115241.1	96.415	1339	33	14	3	1329	135	1470	0.0	2198
c3d638e1-7d66-41ac-be2f-7fd7f4fe697d	NR_165737.1	96.415	1339	34	13	3	1329	135	1471	0.0	2194
c3d638e1-7d66-41ac-be2f-7fd7f4fe697d	NR_036936.1	96.117	1339	38	14	3	1329	135	1471	0.0	2172
0099c33e-624c-4b09-a577-3c8b7b78a154	NR_042777.1	94.799	1019	20	21	2	994	466	1477	0.0	1557
0099c33e-624c-4b09-a577-3c8b7b78a154	NR_042776.1	94.706	1020	20	22	2	994	466	1478	0.0	1554
0099c33e-624c-4b09-a577-3c8b7b78a154	NR_042778.1	94.608	1020	21	22	2	994	466	1478	0.0	1548
0099c33e-624c-4b09-a577-3c8b7b78a154	NR_197695.1	94.314	1020	24	22	2	994	465	1477	0.0	1531
0099c33e-624c-4b09-a577-3c8b7b78a154	NR_118998.1	94.210	1019	26	22	2	994	461	1472	0.0	1524
e14d0e98-af22-4090-b05c-08ce42507596	NR_042776.1	90.544	1269	72	37	1	1241	1266	18	0.0	1635
e14d0e98-af22-4090-b05c-08ce42507596	NR_042777.1	90.465	1269	72	38	1	1241	1265	18	0.0	1628
e14d0e98-af22-4090-b05c-08ce42507596	NR_042778.1	90.386	1269	74	37	1	1241	1266	18	0.0	1624
e14d0e98-af22-4090-b05c-08ce42507596	NR_197695.1	90.386	1269	74	37	1	1241	1265	17	0.0	1624
e14d0e98-af22-4090-b05c-08ce42507596	NR_181481.1	90.008	1271	71	48	7	1241	1263	13	0.0	1592
9b336861-2224-4eec-8e88-bbc533997064	NR_136788.1	96.923	845	20	6	1	843	1247	407	0.0	1411
9b336861-2224-4eec-8e88-bbc533997064	NR_026230.1	93.144	846	50	8	1	843	1225	385	0.0	1240
9b336861-2224-4eec-8e88-bbc533997064	NR_113082.1	93.034	847	49	10	1	843	1247	407	0.0	1229
9b336861-2224-4eec-8e88-bbc533997064	NR_136443.1	89.309	767	70	10	1	761	1209	449	0.0	952
9b336861-2224-4eec-8e88-bbc533997064	NR_041307.1	85.442	838	98	18	16	843	1225	402	0.0	850
676b42ff-a261-41fa-9db6-d000f204cfd9	NR_118998.1	94.755	858	22	16	3	842	644	1496	0.0	1314
676b42ff-a261-41fa-9db6-d000f204cfd9	NR_118942.1	91.677	793	41	17	3	777	547	1332	0.0	1122
676b42ff-a261-41fa-9db6-d000f204cfd9	NR_118937.1	92.269	789	38	14	7	777	551	1334	0.0	1114
676b42ff-a261-41fa-9db6-d000f204cfd9	NR_042093.1	89.627	858	59	22	7	842	654	1503	0.0	1064
676b42ff-a261-41fa-9db6-d000f204cfd9	NR_118933.1	90.609	788	51	15	8	777	552	1334	0.0	1048
e8b7871c-a723-473b-ad9e-fdef2af98b7f	NR_042776.1	98.054	257	1	3	2	254	1459	1203	1.55e-124	444
e8b7871c-a723-473b-ad9e-fdef2af98b7f	NR_042777.1	98.054	257	1	3	2	254	1458	1202	1.55e-124	444
e8b7871c-a723-473b-ad9e-fdef2af98b7f	NR_042778.1	97.665	257	2	3	2	254	1459	1203	7.20e-123	438
e8b7871c-a723-473b-ad9e-fdef2af98b7f	NR_118998.1	97.665	257	2	3	2	254	1453	1197	7.20e-123	438
e8b7871c-a723-473b-ad9e-fdef2af98b7f	NR_042052.1	97.276	257	3	3	2	254	1357	1101	3.35e-121	433
4027e39f-2392-41ba-9a7d-d64d4c19f56a	NR_113570.1	93.034	445	17	10	1	437	1166	728	0.0	638
4027e39f-2392-41ba-9a7d-d64d4c19f56a	NR_025762.1	92.809	445	18	10	1	437	1137	699	0.0	632
4027e39f-2392-41ba-9a7d-d64d4c19f56a	NR_115355.1	92.809	445	18	10	1	437	1159	721	0.0	632
4027e39f-2392-41ba-9a7d-d64d4c19f56a	NR_179325.1	92.809	445	18	10	1	437	1133	695	0.0	632
4027e39f-2392-41ba-9a7d-d64d4c19f56a	NR_115354.1	92.584	445	19	10	1	437	1159	721	7.20e-180	628
36aaff30-7efe-4114-882e-840cc5242569	NR_042776.1	96.863	765	9	10	9	762	779	19	0.0	1266
36aaff30-7efe-4114-882e-840cc5242569	NR_042778.1	96.601	765	11	10	9	762	779	19	0.0	1254
36aaff30-7efe-4114-882e-840cc5242569	NR_042777.1	96.471	765	11	11	9	762	778	19	0.0	1249
36aaff30-7efe-4114-882e-840cc5242569	NR_197695.1	96.209	765	14	10	9	762	778	18	0.0	1238
36aaff30-7efe-4114-882e-840cc5242569	NR_118998.1	95.948	765	16	10	9	762	774	14	0.0	1229
0ae7c3f1-e26f-468f-8af5-65826429c63c	NR_113082.1	96.390	277	5	4	3	275	288	13	1.01e-126	451
0ae7c3f1-e26f-468f-8af5-65826429c63c	NR_136788.1	96.029	277	6	5	3	275	288	13	4.69e-125	446
0ae7c3f1-e26f-468f-8af5-65826429c63c	NR_026230.1	92.135	267	16	4	3	265	266	1	2.23e-108	390
0ae7c3f1-e26f-468f-8af5-65826429c63c	NR_074234.1	89.606	279	20	9	3	275	295	20	4.89e-95	346
0ae7c3f1-e26f-468f-8af5-65826429c63c	NR_113086.1	89.606	279	20	9	3	275	288	13	4.89e-95	346
695af605-5360-4f04-af89-451b343995bf	NR_024842.1	90.600	1266	66	44	1	1231	1255	8	0.0	1633
695af605-5360-4f04-af89-451b343995bf	NR_115241.1	90.620	1258	65	44	1	1223	1240	1	0.0	1622
695af605-5360-4f04-af89-451b343995bf	NR_115735.1	90.552	1249	64	45	1	1213	1231	1	0.0	1604
695af605-5360-4f04-af89-451b343995bf	NR_178515.1	90.287	1256	69	44	3	1223	1238	1	0.0	1594
695af605-5360-4f04-af89-451b343995bf	NR_165737.1	90.127	1256	71	44	3	1223	1238	1	0.0	1583
b443f71f-c9c5-41ab-9e22-40b3fd90ac62	NR_125571.1	96.703	1092	17	15	1	1079	351	1436	0.0	1799
b443f71f-c9c5-41ab-9e22-40b3fd90ac62	NR_125570.1	95.791	1093	26	14	1	1079	309	1395	0.0	1746
b443f71f-c9c5-41ab-9e22-40b3fd90ac62	NR_029097.1	96.293	1052	23	12	1	1041	327	1373	0.0	1712
b443f71f-c9c5-41ab-9e22-40b3fd90ac62	NR_156078.1	90.640	1047	77	17	1	1033	372	1411	0.0	1371
b443f71f-c9c5-41ab-9e22-40b3fd90ac62	NR_156079.1	90.640	1047	77	17	1	1033	372	1411	0.0	1371
aa71abdc-a876-48ce-b635-202c26735ae0	NR_025862.1	96.845	729	9	13	1	720	170	893	0.0	1212
aa71abdc-a876-48ce-b635-202c26735ae0	NR_028682.1	94.665	731	22	15	1	720	170	894	0.0	1118
aa71abdc-a876-48ce-b635-202c26735ae0	NR_026454.1	94.528	731	25	14	1	720	144	870	0.0	1114
aa71abdc-a876-48ce-b635-202c26735ae0	NR_114015.1	96.018	678	14	12	52	720	211	884	0.0	1090
aa71abdc-a876-48ce-b635-202c26735ae0	NR_044160.1	96.018	678	14	12	52	720	189	862	0.0	1090
b8f4e821-ed38-49ef-a1af-4c9e36c23e50	NR_042776.1	93.338	1291	43	29	1	1258	1298	18	0.0	1868
b8f4e821-ed38-49ef-a1af-4c9e36c23e50	NR_042777.1	93.178	1290	46	29	1	1258	1297	18	0.0	1857
b8f4e821-ed38-49ef-a1af-4c9e36c23e50	NR_042778.1	93.106	1291	46	29	1	1258	1298	18	0.0	1851
b8f4e821-ed38-49ef-a1af-4c9e36c23e50	NR_197695.1	92.719	1291	51	29	1	1258	1297	17	0.0	1823
b8f4e821-ed38-49ef-a1af-4c9e36c23e50	NR_118998.1	92.332	1291	55	30	1	1258	1292	13	0.0	1797
21cdb1fe-dc05-4319-ab0d-24dab4952082	NR_041989.1	95.342	322	8	6	1	318	1109	791	9.08e-143	505
21cdb1fe-dc05-4319-ab0d-24dab4952082	NR_028900.1	95.031	322	9	6	1	318	1109	791	4.23e-141	499
21cdb1fe-dc05-4319-ab0d-24dab4952082	NR_043458.1	95.031	322	9	6	1	318	1172	854	4.23e-141	499
21cdb1fe-dc05-4319-ab0d-24dab4952082	NR_043459.1	95.031	322	9	6	1	318	1175	857	4.23e-141	499
21cdb1fe-dc05-4319-ab0d-24dab4952082	NR_121687.1	95.031	322	9	6	1	318	1171	853	4.23e-141	499
ffb8f200-696a-4b28-bd7b-2631a8723152	NR_026419.1	95.152	722	16	10	1	716	709	1	0.0	1122
ffb8f200-696a-4b28-bd7b-2631a8723152	NR_025903.1	93.434	731	28	11	1	725	721	5	0.0	1066
ffb8f200-696a-4b28-bd7b-2631a8723152	NR_025904.1	92.633	733	30	14	1	725	720	4	0.0	1033
ffb8f200-696a-4b28-bd7b-2631a8723152	NR_133753.1	94.092	677	25	9	1	676	675	13	0.0	1014
ffb8f200-696a-4b28-bd7b-2631a8723152	NR_036920.1	91.096	730	44	12	1	725	714	1	0.0	968
9c7eec7e-2d5c-4a72-9d55-452a7a4c64e2	NR_025862.1	94.283	1172	38	23	1	1159	1165	10	0.0	1775
9c7eec7e-2d5c-4a72-9d55-452a7a4c64e2	NR_028682.1	92.426	1175	55	29	1	1159	1166	10	0.0	1646
9c7eec7e-2d5c-4a72-9d55-452a7a4c64e2	NR_026454.1	91.443	1157	65	29	1	1138	1142	1	0.0	1557
9c7eec7e-2d5c-4a72-9d55-452a7a4c64e2	NR_119263.1	89.763	1182	75	36	1	1155	1163	1	0.0	1471
9c7eec7e-2d5c-4a72-9d55-452a7a4c64e2	NR_180652.1	89.864	1174	74	33	1	1148	1155	1	0.0	1467
a6b62de7-5a7e-44d8-863c-61d536c91743	NR_117694.1	93.798	516	20	10	1	507	513	1	0.0	765
a6b62de7-5a7e-44d8-863c-61d536c91743	NR_117717.1	92.925	523	27	9	1	515	534	14	0.0	752
a6b62de7-5a7e-44d8-863c-61d536c91743	NR_121688.1	92.925	523	27	9	1	515	533	13	0.0	752
a6b62de7-5a7e-44d8-863c-61d536c91743	NR_025892.1	92.955	511	26	9	14	515	528	19	0.0	743
a6b62de7-5a7e-44d8-863c-61d536c91743	NR_041989.1	95.349	473	12	8	1	465	471	1	0.0	743
e75b9340-b98d-4a00-823b-598609e82dba	NR_116168.1	97.586	497	4	7	1	491	993	1487	0.0	845
e75b9340-b98d-4a00-823b-598609e82dba	NR_118762.1	97.149	491	6	7	1	485	995	1483	0.0	826
e75b9340-b98d-4a00-823b-598609e82dba	NR_024897.1	96.624	474	8	7	24	491	1015	1486	0.0	780
e75b9340-b98d-4a00-823b-598609e82dba	NR_181418.1	95.363	496	12	10	2	491	996	1486	0.0	778
e75b9340-b98d-4a00-823b-598609e82dba	NR_025423.1	94.949	495	15	9	1	488	977	1468	0.0	767
0635304c-7642-424a-9cc2-03ef9aa25056	NR_115355.1	95.757	1249	25	23	1	1230	1240	1	0.0	1991
0635304c-7642-424a-9cc2-03ef9aa25056	NR_119169.1	95.607	1252	27	23	1	1233	1245	3	0.0	1989
0635304c-7642-424a-9cc2-03ef9aa25056	NR_163639.1	95.253	1264	27	27	1	1245	1255	6	0.0	1971
0635304c-7642-424a-9cc2-03ef9aa25056	NR_074980.1	95.174	1264	32	24	1	1245	1267	14	0.0	1969
0635304c-7642-424a-9cc2-03ef9aa25056	NR_113031.1	95.174	1264	32	24	1	1245	1267	14	0.0	1969
63b4653d-90bf-49ca-ba0a-134ab8faa78e	NR_115737.1	98.655	223	3	0	5	227	1254	1476	3.96e-110	396
63b4653d-90bf-49ca-ba0a-134ab8faa78e	NR_028664.1	98.649	222	3	0	5	226	1272	1493	1.42e-109	394
63b4653d-90bf-49ca-ba0a-134ab8faa78e	NR_028666.1	98.649	222	3	0	5	226	1275	1496	1.42e-109	394
63b4653d-90bf-49ca-ba0a-134ab8faa78e	NR_028833.1	98.649	222	3	0	5	226	1278	1499	1.42e-109	394
63b4653d-90bf-49ca-ba0a-134ab8faa78e	NR_029052.1	98.649	222	3	0	5	226	1239	1460	1.42e-109	394
f9d7eac4-5419-4914-9ca0-c4927e92f021	NR_042776.1	94.843	1338	31	22	1	1309	171	1499	0.0	2054
f9d7eac4-5419-4914-9ca0-c4927e92f021	NR_042777.1	94.619	1338	33	23	1	1309	171	1498	0.0	2036
f9d7eac4-5419-4914-9ca0-c4927e92f021	NR_042778.1	94.544	1338	35	22	1	1309	171	1499	0.0	2032
f9d7eac4-5419-4914-9ca0-c4927e92f021	NR_197695.1	94.245	1338	39	22	1	1309	170	1498	0.0	2010
f9d7eac4-5419-4914-9ca0-c4927e92f021	NR_118998.1	94.091	1337	42	21	1	1309	166	1493	0.0	1997
361f4f74-208a-4ce4-ac7b-b4f89a01b2fd	NR_115355.1	96.279	860	22	9	1	854	630	1485	0.0	1402
361f4f74-208a-4ce4-ac7b-b4f89a01b2fd	NR_179325.1	96.279	860	22	9	1	854	604	1459	0.0	1402
361f4f74-208a-4ce4-ac7b-b4f89a01b2fd	NR_119169.1	95.930	860	25	9	1	854	635	1490	0.0	1389
361f4f74-208a-4ce4-ac7b-b4f89a01b2fd	NR_163639.1	96.051	861	21	12	1	854	646	1500	0.0	1389
361f4f74-208a-4ce4-ac7b-b4f89a01b2fd	NR_115354.1	95.911	856	25	9	5	854	634	1485	0.0	1380
bd6acee9-2703-4ddc-942e-493c6f6bdaca	NR_042776.1	97.730	1013	9	12	1	1002	1026	17	0.0	1731
bd6acee9-2703-4ddc-942e-493c6f6bdaca	NR_042778.1	97.532	1013	11	12	1	1002	1026	17	0.0	1720
bd6acee9-2703-4ddc-942e-493c6f6bdaca	NR_042777.1	97.433	1013	11	13	1	1002	1025	17	0.0	1712
bd6acee9-2703-4ddc-942e-493c6f6bdaca	NR_197695.1	97.134	1012	15	12	2	1002	1024	16	0.0	1696
bd6acee9-2703-4ddc-942e-493c6f6bdaca	NR_118998.1	96.644	1013	19	13	1	1002	1020	12	0.0	1670
6eb1fce9-b5a5-4fc4-90d2-a85ea850642c	NR_029097.1	96.667	510	10	6	1	507	836	1341	0.0	841
6eb1fce9-b5a5-4fc4-90d2-a85ea850642c	NR_125570.1	96.275	510	12	6	1	507	818	1323	0.0	830
6eb1fce9-b5a5-4fc4-90d2-a85ea850642c	NR_125571.1	96.078	510	13	6	1	507	860	1365	0.0	824
6eb1fce9-b5a5-4fc4-90d2-a85ea850642c	NR_025127.1	92.157	510	33	6	1	507	892	1397	0.0	713
6eb1fce9-b5a5-4fc4-90d2-a85ea850642c	NR_042832.1	91.602	512	33	9	1	507	876	1382	0.0	701
92bfc452-dc79-42e5-8ffb-7f580b1a632d	NR_042928.1	98.932	1311	10	4	1	1310	161	1468	0.0	2340
92bfc452-dc79-42e5-8ffb-7f580b1a632d	NR_117719.1	98.409	1320	16	5	1	1318	181	1497	0.0	2316
92bfc452-dc79-42e5-8ffb-7f580b1a632d	NR_175455.1	98.407	1318	15	6	4	1318	172	1486	0.0	2313
92bfc452-dc79-42e5-8ffb-7f580b1a632d	NR_179540.1	98.333	1320	16	6	1	1318	181	1496	0.0	2311
92bfc452-dc79-42e5-8ffb-7f580b1a632d	NR_199547.1	99.065	1284	8	4	1	1283	141	1421	0.0	2302
a2cd8252-f28e-43a3-8d75-75ca0787d55d	NR_042776.1	95.980	1393	26	23	5	1382	1395	18	0.0	2235
a2cd8252-f28e-43a3-8d75-75ca0787d55d	NR_042778.1	95.765	1393	29	23	5	1382	1395	18	0.0	2218
a2cd8252-f28e-43a3-8d75-75ca0787d55d	NR_042777.1	95.765	1393	28	24	5	1382	1394	18	0.0	2217
a2cd8252-f28e-43a3-8d75-75ca0787d55d	NR_197695.1	95.549	1393	32	23	5	1382	1394	17	0.0	2202
a2cd8252-f28e-43a3-8d75-75ca0787d55d	NR_118998.1	95.187	1392	38	22	5	1382	1389	13	0.0	2174
096712d4-e817-40af-91f0-6457909d6602	NR_028664.1	98.675	906	9	3	1	904	591	1495	0.0	1604
096712d4-e817-40af-91f0-6457909d6602	NR_117719.1	98.675	906	9	3	1	904	588	1492	0.0	1604
096712d4-e817-40af-91f0-6457909d6602	NR_115240.1	98.671	903	9	3	1	901	568	1469	0.0	1598
096712d4-e817-40af-91f0-6457909d6602	NR_179383.1	98.565	906	10	3	1	904	595	1499	0.0	1598
096712d4-e817-40af-91f0-6457909d6602	NR_175455.1	98.456	907	10	4	1	904	576	1481	0.0	1594
703ea76c-7d3f-45cc-976a-01c6147d268b	NR_117694.1	94.815	1138	28	22	1	1109	1137	2	0.0	1746
703ea76c-7d3f-45cc-976a-01c6147d268b	NR_041989.1	95.347	1096	23	19	1	1069	1095	1	0.0	1716
703ea76c-7d3f-45cc-976a-01c6147d268b	NR_025892.1	93.409	1138	43	23	1	1109	1162	28	0.0	1679
703ea76c-7d3f-45cc-976a-01c6147d268b	NR_121687.1	93.761	1138	40	22	1	1109	1157	22	0.0	1679
703ea76c-7d3f-45cc-976a-01c6147d268b	NR_117692.1	93.668	1137	43	20	1	1109	1137	2	0.0	1674
b8bfe594-af6c-4483-afd7-f593e11b21e3	NR_024842.1	94.942	514	10	14	1	504	982	1489	0.0	791
b8bfe594-af6c-4483-afd7-f593e11b21e3	NR_115735.1	94.932	513	10	14	1	503	958	1464	0.0	789
b8bfe594-af6c-4483-afd7-f593e11b21e3	NR_115241.1	94.510	510	12	14	1	500	967	1470	0.0	776
b8bfe594-af6c-4483-afd7-f593e11b21e3	NR_117719.1	94.369	515	12	15	1	504	985	1493	0.0	774
b8bfe594-af6c-4483-afd7-f593e11b21e3	NR_179383.1	94.369	515	12	15	1	504	992	1500	0.0	774
33a07059-c988-4365-b747-a204406ae6e1	NR_117694.1	90.351	912	43	37	17	897	898	1	0.0	1155
33a07059-c988-4365-b747-a204406ae6e1	NR_041989.1	91.349	867	35	32	17	855	856	2	0.0	1149
33a07059-c988-4365-b747-a204406ae6e1	NR_117692.1	89.133	911	56	35	17	897	898	1	0.0	1094
33a07059-c988-4365-b747-a204406ae6e1	NR_117717.1	88.889	918	60	34	17	905	918	14	0.0	1092
33a07059-c988-4365-b747-a204406ae6e1	NR_121688.1	88.889	918	61	33	17	905	918	13	0.0	1092
7b1c3664-4272-4997-a856-8a3d6ed8a70e	NR_136788.1	95.766	1370	35	14	1	1352	1378	14	0.0	2187
7b1c3664-4272-4997-a856-8a3d6ed8a70e	NR_169488.1	82.502	1383	185	39	1	1352	1370	14	0.0	1160
7b1c3664-4272-4997-a856-8a3d6ed8a70e	NR_152671.1	82.473	1375	191	32	1	1345	1355	1	0.0	1158
7b1c3664-4272-4997-a856-8a3d6ed8a70e	NR_180305.1	81.970	1381	199	37	1	1352	1373	14	0.0	1125
7b1c3664-4272-4997-a856-8a3d6ed8a70e	NR_137404.1	82.049	1376	192	37	1	1345	1352	1	0.0	1122
668a6328-88f7-48ff-82e3-345294db172b	NR_115355.1	96.018	879	11	18	1	865	440	1308	0.0	1408
668a6328-88f7-48ff-82e3-345294db172b	NR_041879.1	95.904	879	13	17	1	865	397	1266	0.0	1402
668a6328-88f7-48ff-82e3-345294db172b	NR_179325.1	95.904	879	12	18	1	865	414	1282	0.0	1402
668a6328-88f7-48ff-82e3-345294db172b	NR_119169.1	95.791	879	13	18	1	865	445	1313	0.0	1400
668a6328-88f7-48ff-82e3-345294db172b	NR_163639.1	95.791	879	12	19	1	865	456	1323	0.0	1395
