04763986-69ee-4aee-b6a3-57447261761e	NR_026419.1	98.331	839	9	5	1	834	843	5	0.0	1467
04763986-69ee-4aee-b6a3-57447261761e	NR_025903.1	96.479	852	22	8	1	846	855	6	0.0	1400
04763986-69ee-4aee-b6a3-57447261761e	NR_025904.1	95.673	855	23	13	1	846	854	5	0.0	1362
04763986-69ee-4aee-b6a3-57447261761e	NR_133753.1	97.260	803	18	4	1	800	809	8	0.0	1358
04763986-69ee-4aee-b6a3-57447261761e	NR_036920.1	94.477	851	38	9	1	846	848	2	0.0	1303
76767771-9c34-4502-b781-083041503b54	NR_041879.1	92.784	97	2	5	1	95	608	515	3.44e-32	135
76767771-9c34-4502-b781-083041503b54	NR_115355.1	92.784	97	2	5	1	95	651	558	3.44e-32	135
76767771-9c34-4502-b781-083041503b54	NR_119169.1	92.784	97	2	5	1	95	656	563	3.44e-32	135
76767771-9c34-4502-b781-083041503b54	NR_163639.1	92.784	97	2	5	1	95	667	574	3.44e-32	135
76767771-9c34-4502-b781-083041503b54	NR_179325.1	92.784	97	2	5	1	95	625	532	3.44e-32	135
0f3638a3-ad77-419c-917c-8d17fcad8efe	NR_026419.1	97.218	719	11	9	1	712	765	1481	0.0	1208
0f3638a3-ad77-419c-917c-8d17fcad8efe	NR_025904.1	95.967	719	19	10	1	712	776	1491	0.0	1158
0f3638a3-ad77-419c-917c-8d17fcad8efe	NR_025903.1	95.967	719	19	10	1	712	777	1492	0.0	1158
0f3638a3-ad77-419c-917c-8d17fcad8efe	NR_133752.1	96.275	698	18	8	1	692	702	1397	0.0	1138
0f3638a3-ad77-419c-917c-8d17fcad8efe	NR_133753.1	96.275	698	18	8	1	692	731	1426	0.0	1138
040fd88e-e8b6-4e6f-ab5d-39b699a726f9	NR_042776.1	97.759	937	7	10	1	929	948	18	0.0	1602
040fd88e-e8b6-4e6f-ab5d-39b699a726f9	NR_042778.1	97.545	937	9	10	1	929	948	18	0.0	1591
040fd88e-e8b6-4e6f-ab5d-39b699a726f9	NR_042777.1	97.439	937	9	11	1	929	947	18	0.0	1583
040fd88e-e8b6-4e6f-ab5d-39b699a726f9	NR_197695.1	97.118	937	13	10	1	929	947	17	0.0	1568
040fd88e-e8b6-4e6f-ab5d-39b699a726f9	NR_118998.1	96.905	937	14	11	1	929	942	13	0.0	1557
c0299add-7ea2-48f7-839e-789081ac73f0	NR_042776.1	96.615	650	16	5	8	652	666	1314	0.0	1074
c0299add-7ea2-48f7-839e-789081ac73f0	NR_042777.1	96.615	650	16	5	8	652	665	1313	0.0	1074
c0299add-7ea2-48f7-839e-789081ac73f0	NR_042778.1	96.462	650	17	5	8	652	666	1314	0.0	1068
c0299add-7ea2-48f7-839e-789081ac73f0	NR_197695.1	96.154	650	19	5	8	652	665	1313	0.0	1057
c0299add-7ea2-48f7-839e-789081ac73f0	NR_118998.1	95.692	650	21	6	8	652	661	1308	0.0	1038
41b6785f-e048-4d20-8556-ffd500b003c8	NR_024842.1	94.432	880	22	22	1	862	623	1493	0.0	1328
41b6785f-e048-4d20-8556-ffd500b003c8	NR_036936.1	94.502	873	20	23	1	854	608	1471	0.0	1321
41b6785f-e048-4d20-8556-ffd500b003c8	NR_115735.1	94.400	875	22	22	1	857	599	1464	0.0	1319
41b6785f-e048-4d20-8556-ffd500b003c8	NR_156072.1	94.091	880	25	21	1	862	628	1498	0.0	1312
41b6785f-e048-4d20-8556-ffd500b003c8	NR_165737.1	94.273	873	22	23	1	854	608	1471	0.0	1310
5b0b8b80-b7d9-4de0-aa68-606134f05f17	NR_028682.1	97.842	695	9	6	6	696	801	1493	0.0	1195
5b0b8b80-b7d9-4de0-aa68-606134f05f17	NR_025396.1	95.989	698	24	4	6	701	772	1467	0.0	1131
5b0b8b80-b7d9-4de0-aa68-606134f05f17	NR_116890.1	96.491	684	20	4	6	687	789	1470	0.0	1127
5b0b8b80-b7d9-4de0-aa68-606134f05f17	NR_180652.1	95.965	694	24	4	6	697	790	1481	0.0	1123
5b0b8b80-b7d9-4de0-aa68-606134f05f17	NR_040926.1	95.720	701	22	8	6	701	779	1476	0.0	1122
c5300e22-1e7a-49b3-a6d8-e2fd7a77f108	NR_116168.1	94.915	1121	30	24	1	1099	372	1487	0.0	1729
c5300e22-1e7a-49b3-a6d8-e2fd7a77f108	NR_118762.1	94.075	1114	40	23	1	1093	375	1483	0.0	1688
c5300e22-1e7a-49b3-a6d8-e2fd7a77f108	NR_025423.1	92.583	1119	54	24	1	1096	356	1468	0.0	1580
c5300e22-1e7a-49b3-a6d8-e2fd7a77f108	NR_042878.1	94.494	1017	29	24	1	995	351	1362	0.0	1544
c5300e22-1e7a-49b3-a6d8-e2fd7a77f108	NR_114558.1	91.771	1118	62	26	1	1095	351	1461	0.0	1530
ac72a441-4a90-430f-910d-36a6a682b080	NR_116168.1	95.190	1372	37	20	8	1360	1387	26	0.0	2141
ac72a441-4a90-430f-910d-36a6a682b080	NR_042878.1	95.029	1368	39	20	12	1360	1362	5	0.0	2132
ac72a441-4a90-430f-910d-36a6a682b080	NR_118762.1	93.718	1369	56	21	8	1357	1389	32	0.0	2061
ac72a441-4a90-430f-910d-36a6a682b080	NR_118143.1	93.139	1370	63	22	12	1360	1364	5	0.0	1982
ac72a441-4a90-430f-910d-36a6a682b080	NR_025423.1	92.291	1375	73	24	8	1360	1371	8	0.0	1921
5fd3442c-8c08-49e2-a91c-5f566118e165	NR_117719.1	97.403	616	6	7	15	621	879	1493	0.0	1040
5fd3442c-8c08-49e2-a91c-5f566118e165	NR_179383.1	97.403	616	6	7	15	621	886	1500	0.0	1040
5fd3442c-8c08-49e2-a91c-5f566118e165	NR_024842.1	97.398	615	7	6	15	621	876	1489	0.0	1038
5fd3442c-8c08-49e2-a91c-5f566118e165	NR_115735.1	97.394	614	7	6	15	620	852	1464	0.0	1037
5fd3442c-8c08-49e2-a91c-5f566118e165	NR_175455.1	97.245	617	6	8	15	621	867	1482	0.0	1035
fa60d982-3ce3-4712-bcb7-79cdc0a61a2d	NR_028900.1	94.921	315	7	5	3	310	1207	895	1.13e-136	484
fa60d982-3ce3-4712-bcb7-79cdc0a61a2d	NR_041989.1	94.921	315	7	5	3	310	1207	895	1.13e-136	484
fa60d982-3ce3-4712-bcb7-79cdc0a61a2d	NR_116767.1	94.921	315	7	5	3	310	1249	937	1.13e-136	484
fa60d982-3ce3-4712-bcb7-79cdc0a61a2d	NR_043458.1	94.603	315	8	5	3	310	1270	958	5.25e-135	479
fa60d982-3ce3-4712-bcb7-79cdc0a61a2d	NR_043459.1	94.603	315	8	5	3	310	1273	961	5.25e-135	479
187fc561-bb32-4bb6-aae2-baf14793dbcf	NR_026419.1	94.372	462	6	13	1	447	160	616	0.0	691
187fc561-bb32-4bb6-aae2-baf14793dbcf	NR_133753.1	93.377	453	11	12	9	447	135	582	0.0	652
187fc561-bb32-4bb6-aae2-baf14793dbcf	NR_025903.1	93.377	453	11	12	9	447	181	628	0.0	652
187fc561-bb32-4bb6-aae2-baf14793dbcf	NR_133752.1	92.936	453	13	12	9	447	106	553	0.0	641
187fc561-bb32-4bb6-aae2-baf14793dbcf	NR_025904.1	92.576	458	9	17	7	447	178	627	0.0	634
9a0be7a8-60ab-4b75-bc41-06f2604979b0	NR_044873.1	95.882	510	13	5	5	509	508	2	0.0	819
9a0be7a8-60ab-4b75-bc41-06f2604979b0	NR_074568.1	94.129	511	20	7	5	509	519	13	0.0	769
9a0be7a8-60ab-4b75-bc41-06f2604979b0	NR_044712.2	93.542	511	23	7	5	509	528	22	0.0	758
9a0be7a8-60ab-4b75-bc41-06f2604979b0	NR_179993.1	92.218	514	29	9	5	511	520	11	0.0	717
9a0be7a8-60ab-4b75-bc41-06f2604979b0	NR_109752.1	91.797	512	31	9	5	509	530	23	0.0	702
ee2c4298-a385-4c77-8acb-bdd362ba4e50	NR_074980.1	94.086	558	21	11	1	550	571	18	0.0	837
ee2c4298-a385-4c77-8acb-bdd362ba4e50	NR_113031.1	94.086	558	21	11	1	550	571	18	0.0	837
ee2c4298-a385-4c77-8acb-bdd362ba4e50	NR_119169.1	94.203	552	20	11	1	544	549	2	0.0	835
ee2c4298-a385-4c77-8acb-bdd362ba4e50	NR_119168.1	94.203	552	20	11	1	544	549	2	0.0	832
ee2c4298-a385-4c77-8acb-bdd362ba4e50	NR_117759.1	94.192	551	20	11	1	543	547	1	0.0	830
7c7a5b8b-4ecc-4c77-9076-e0a72c9d1b1f	NR_042776.1	99.269	684	0	4	5	687	697	18	0.0	1230
7c7a5b8b-4ecc-4c77-9076-e0a72c9d1b1f	NR_042778.1	98.977	684	2	4	5	687	697	18	0.0	1219
7c7a5b8b-4ecc-4c77-9076-e0a72c9d1b1f	NR_042777.1	98.830	684	2	5	5	687	696	18	0.0	1214
7c7a5b8b-4ecc-4c77-9076-e0a72c9d1b1f	NR_197695.1	98.538	684	5	4	5	687	696	17	0.0	1203
7c7a5b8b-4ecc-4c77-9076-e0a72c9d1b1f	NR_118998.1	98.246	684	7	4	5	687	692	13	0.0	1194
1c2c1154-3e24-4cd6-961a-ffb03cf5d97d	NR_029097.1	96.583	439	12	3	1	439	1210	775	0.0	725
1c2c1154-3e24-4cd6-961a-ffb03cf5d97d	NR_125570.1	96.128	439	14	3	1	439	1192	757	0.0	713
1c2c1154-3e24-4cd6-961a-ffb03cf5d97d	NR_125571.1	95.900	439	15	3	1	439	1234	799	0.0	708
1c2c1154-3e24-4cd6-961a-ffb03cf5d97d	NR_025127.1	90.930	441	37	3	1	441	1266	829	3.39e-168	590
1c2c1154-3e24-4cd6-961a-ffb03cf5d97d	NR_156077.1	90.455	440	39	3	1	440	1256	820	2.64e-164	577
f8bf5e87-397f-4902-a473-b977eed4828b	NR_114213.1	91.446	491	26	10	1	477	1400	912	0.0	660
f8bf5e87-397f-4902-a473-b977eed4828b	NR_179659.1	91.446	491	26	11	1	477	1422	934	0.0	660
f8bf5e87-397f-4902-a473-b977eed4828b	NR_042072.1	91.242	491	27	10	1	477	1410	922	0.0	654
f8bf5e87-397f-4902-a473-b977eed4828b	NR_042073.1	91.242	491	27	11	1	477	1410	922	0.0	654
f8bf5e87-397f-4902-a473-b977eed4828b	NR_112569.1	91.242	491	27	10	1	477	1400	912	0.0	654
8888d0cb-0220-437f-9eb6-c70d15a5614b	NR_179383.1	95.954	173	5	2	4	175	191	20	3.08e-75	279
8888d0cb-0220-437f-9eb6-c70d15a5614b	NR_115560.1	94.828	174	7	2	4	176	184	12	1.85e-72	270
8888d0cb-0220-437f-9eb6-c70d15a5614b	NR_165744.1	94.828	174	7	2	4	176	173	1	1.85e-72	270
8888d0cb-0220-437f-9eb6-c70d15a5614b	NR_028664.1	94.798	173	7	2	4	175	187	16	6.66e-72	268
8888d0cb-0220-437f-9eb6-c70d15a5614b	NR_028665.1	94.798	173	7	2	4	175	181	10	6.66e-72	268
ab4a29fd-dc9e-484b-a931-efad63185185	NR_179535.1	97.479	833	10	8	104	927	485	1315	0.0	1411
ab4a29fd-dc9e-484b-a931-efad63185185	NR_041983.1	96.759	833	16	8	104	927	450	1280	0.0	1378
ab4a29fd-dc9e-484b-a931-efad63185185	NR_114395.1	96.759	833	16	8	104	927	482	1312	0.0	1378
ab4a29fd-dc9e-484b-a931-efad63185185	NR_119102.1	96.519	833	18	8	104	927	452	1282	0.0	1375
ab4a29fd-dc9e-484b-a931-efad63185185	NR_179528.1	96.639	833	17	8	104	927	467	1297	0.0	1373
c5aefee0-05bc-4720-bffe-b3c744cc774c	NR_133752.1	95.514	691	15	11	1	680	1200	515	0.0	1090
c5aefee0-05bc-4720-bffe-b3c744cc774c	NR_133753.1	95.514	691	15	11	1	680	1229	544	0.0	1090
c5aefee0-05bc-4720-bffe-b3c744cc774c	NR_025903.1	95.514	691	15	11	1	680	1275	590	0.0	1090
c5aefee0-05bc-4720-bffe-b3c744cc774c	NR_025904.1	95.501	689	15	11	3	680	1272	589	0.0	1086
c5aefee0-05bc-4720-bffe-b3c744cc774c	NR_026419.1	94.767	688	20	11	4	680	1260	578	0.0	1057
eb4bcb65-f467-48e7-bb09-f3ebff7019d0	NR_026042.1	77.041	845	150	40	3	826	892	71	1.74e-124	446
eb4bcb65-f467-48e7-bb09-f3ebff7019d0	NR_042727.1	76.923	845	151	40	3	826	904	83	8.09e-123	440
eb4bcb65-f467-48e7-bb09-f3ebff7019d0	NR_118837.1	76.923	845	151	40	3	826	876	55	8.09e-123	440
eb4bcb65-f467-48e7-bb09-f3ebff7019d0	NR_133040.1	76.868	843	155	39	3	826	864	43	8.09e-123	440
eb4bcb65-f467-48e7-bb09-f3ebff7019d0	NR_043755.1	76.923	845	151	40	3	826	894	73	8.09e-123	440
b3dc2928-df0e-4125-9396-92ac6f396e5e	NR_042776.1	98.383	866	11	3	9	872	635	1499	0.0	1519
b3dc2928-df0e-4125-9396-92ac6f396e5e	NR_042777.1	98.383	866	11	3	9	872	634	1498	0.0	1519
b3dc2928-df0e-4125-9396-92ac6f396e5e	NR_042778.1	98.152	866	13	3	9	872	635	1499	0.0	1507
b3dc2928-df0e-4125-9396-92ac6f396e5e	NR_197695.1	97.921	866	15	3	9	872	634	1498	0.0	1496
b3dc2928-df0e-4125-9396-92ac6f396e5e	NR_118998.1	97.688	865	18	2	9	872	630	1493	0.0	1485
f334f39d-12f8-4b9a-bc8a-bec77bd45ede	NR_025862.1	93.831	616	25	13	1	613	638	33	0.0	922
f334f39d-12f8-4b9a-bc8a-bec77bd45ede	NR_028682.1	90.645	620	38	19	1	613	639	33	0.0	806
f334f39d-12f8-4b9a-bc8a-bec77bd45ede	NR_026454.1	88.462	624	50	20	1	613	615	3	0.0	734
f334f39d-12f8-4b9a-bc8a-bec77bd45ede	NR_025863.1	85.737	624	65	24	1	613	643	33	0.0	640
f334f39d-12f8-4b9a-bc8a-bec77bd45ede	NR_180911.1	85.417	624	65	23	1	613	629	21	1.32e-178	625
db04771e-3fbe-4601-a8d0-0f8fea376379	NR_042776.1	93.145	744	25	22	1	733	381	1109	0.0	1068
db04771e-3fbe-4601-a8d0-0f8fea376379	NR_042778.1	93.011	744	26	22	1	733	381	1109	0.0	1062
db04771e-3fbe-4601-a8d0-0f8fea376379	NR_197695.1	93.011	744	26	23	1	733	380	1108	0.0	1062
db04771e-3fbe-4601-a8d0-0f8fea376379	NR_042777.1	93.011	744	25	23	1	733	381	1108	0.0	1061
db04771e-3fbe-4601-a8d0-0f8fea376379	NR_118998.1	92.328	743	32	21	1	733	376	1103	0.0	1033
96c98378-e595-4c46-bb8a-ea2023c8cd54	NR_042776.1	97.600	375	6	3	1	373	891	518	0.0	640
96c98378-e595-4c46-bb8a-ea2023c8cd54	NR_042777.1	97.600	375	6	3	1	373	890	517	0.0	640
96c98378-e595-4c46-bb8a-ea2023c8cd54	NR_042778.1	97.600	375	6	3	1	373	891	518	0.0	640
96c98378-e595-4c46-bb8a-ea2023c8cd54	NR_118998.1	97.600	375	6	3	1	373	886	513	0.0	640
96c98378-e595-4c46-bb8a-ea2023c8cd54	NR_197695.1	97.333	375	7	3	1	373	890	517	0.0	634
8c33cd38-ae47-434b-9bce-af08042384d2	NR_025892.1	98.101	158	1	1	1	156	19	176	1.25e-73	274
8c33cd38-ae47-434b-9bce-af08042384d2	NR_117694.1	97.333	150	2	1	9	156	1	150	1.62e-67	254
8c33cd38-ae47-434b-9bce-af08042384d2	NR_117717.1	95.570	158	5	1	1	156	14	171	5.84e-67	252
8c33cd38-ae47-434b-9bce-af08042384d2	NR_121688.1	95.570	158	5	1	1	156	13	170	5.84e-67	252
8c33cd38-ae47-434b-9bce-af08042384d2	NR_121687.1	94.937	158	6	1	1	156	13	170	2.72e-65	246
de0274a9-29dd-4aea-a130-b49ad8d4b969	NR_115355.1	97.709	1004	12	11	21	1017	483	1482	0.0	1716
de0274a9-29dd-4aea-a130-b49ad8d4b969	NR_179325.1	97.709	1004	12	11	21	1017	457	1456	0.0	1716
de0274a9-29dd-4aea-a130-b49ad8d4b969	NR_163639.1	97.512	1005	11	14	21	1017	499	1497	0.0	1705
de0274a9-29dd-4aea-a130-b49ad8d4b969	NR_119169.1	97.410	1004	15	11	21	1017	488	1487	0.0	1703
de0274a9-29dd-4aea-a130-b49ad8d4b969	NR_115354.1	96.912	1004	20	11	21	1017	483	1482	0.0	1676
588572e5-720b-4eb2-978b-7a2bcb0c2df4	NR_042776.1	93.801	1226	58	17	1	1214	280	1499	0.0	1827
588572e5-720b-4eb2-978b-7a2bcb0c2df4	NR_042777.1	93.719	1226	58	18	1	1214	280	1498	0.0	1820
588572e5-720b-4eb2-978b-7a2bcb0c2df4	NR_042778.1	93.638	1226	60	17	1	1214	280	1499	0.0	1816
588572e5-720b-4eb2-978b-7a2bcb0c2df4	NR_197695.1	93.562	1227	59	18	1	1214	279	1498	0.0	1810
588572e5-720b-4eb2-978b-7a2bcb0c2df4	NR_118998.1	93.312	1226	63	18	1	1214	275	1493	0.0	1792
22e57d2c-8eca-4833-8b58-bbb6597927af	NR_117719.1	97.587	663	8	7	1	656	832	1493	0.0	1129
22e57d2c-8eca-4833-8b58-bbb6597927af	NR_179540.1	97.587	663	7	8	1	656	832	1492	0.0	1127
22e57d2c-8eca-4833-8b58-bbb6597927af	NR_179383.1	97.436	663	9	7	1	656	839	1500	0.0	1123
22e57d2c-8eca-4833-8b58-bbb6597927af	NR_028664.1	97.285	663	10	7	1	656	835	1496	0.0	1118
22e57d2c-8eca-4833-8b58-bbb6597927af	NR_175455.1	97.289	664	9	8	1	656	820	1482	0.0	1118
d9b974d8-550f-42cc-9cc2-359e97f6a7b6	NR_042928.1	95.233	1028	32	13	1	1020	1019	1	0.0	1611
d9b974d8-550f-42cc-9cc2-359e97f6a7b6	NR_117719.1	94.981	1036	35	14	1	1028	1039	13	0.0	1609
d9b974d8-550f-42cc-9cc2-359e97f6a7b6	NR_199545.1	94.981	1036	35	13	1	1028	1039	13	0.0	1609
d9b974d8-550f-42cc-9cc2-359e97f6a7b6	NR_165747.1	95.146	1030	31	16	1	1020	1021	1	0.0	1607
d9b974d8-550f-42cc-9cc2-359e97f6a7b6	NR_028664.1	94.884	1036	36	14	1	1028	1042	16	0.0	1604
484accd5-6a6f-48a4-a43e-0ff58d2ec541	NR_116168.1	94.866	857	27	16	11	853	867	14	0.0	1323
484accd5-6a6f-48a4-a43e-0ff58d2ec541	NR_042878.1	94.582	849	30	15	11	846	846	1	0.0	1308
484accd5-6a6f-48a4-a43e-0ff58d2ec541	NR_118762.1	92.666	859	46	16	11	855	870	15	0.0	1251
484accd5-6a6f-48a4-a43e-0ff58d2ec541	NR_118143.1	92.832	851	43	17	11	846	848	1	0.0	1219
484accd5-6a6f-48a4-a43e-0ff58d2ec541	NR_025423.1	92.019	852	48	18	11	846	851	4	0.0	1179
ca1072f6-cd2f-44a4-a75d-72e01d625979	NR_042776.1	96.231	849	14	14	1	833	864	18	0.0	1375
ca1072f6-cd2f-44a4-a75d-72e01d625979	NR_042778.1	95.995	849	16	14	1	833	864	18	0.0	1363
ca1072f6-cd2f-44a4-a75d-72e01d625979	NR_042777.1	95.878	849	16	14	1	833	863	18	0.0	1356
ca1072f6-cd2f-44a4-a75d-72e01d625979	NR_197695.1	95.524	849	20	14	1	833	863	17	0.0	1341
ca1072f6-cd2f-44a4-a75d-72e01d625979	NR_118998.1	95.406	849	21	14	1	833	859	13	0.0	1338
b43193d9-f151-4f78-96a3-5a66d992fb1b	NR_199547.1	95.280	339	5	6	1	329	12	349	2.01e-149	527
b43193d9-f151-4f78-96a3-5a66d992fb1b	NR_042928.1	94.100	339	7	8	1	329	34	369	3.39e-142	503
b43193d9-f151-4f78-96a3-5a66d992fb1b	NR_112026.1	94.100	339	7	8	1	329	17	352	3.39e-142	503
b43193d9-f151-4f78-96a3-5a66d992fb1b	NR_109720.1	93.805	339	10	6	1	329	28	365	4.38e-141	499
b43193d9-f151-4f78-96a3-5a66d992fb1b	NR_114537.1	92.920	339	13	6	1	329	21	358	4.41e-136	483
89dba296-029c-4fdd-ae45-00b54a3acfad	NR_074980.1	92.208	539	22	17	6	530	545	13	0.0	745
89dba296-029c-4fdd-ae45-00b54a3acfad	NR_113031.1	92.208	539	22	17	6	530	545	13	0.0	745
89dba296-029c-4fdd-ae45-00b54a3acfad	NR_163639.1	92.193	538	23	16	6	531	534	4	0.0	743
89dba296-029c-4fdd-ae45-00b54a3acfad	NR_119168.1	92.250	529	21	17	6	520	523	1	0.0	732
89dba296-029c-4fdd-ae45-00b54a3acfad	NR_119169.1	92.060	529	22	17	6	520	523	1	0.0	730
5a98923e-43a2-4f5f-8772-c065cf8069dc	NR_179325.1	88.262	443	22	17	1	415	1333	893	4.31e-142	503
5a98923e-43a2-4f5f-8772-c065cf8069dc	NR_041880.1	88.036	443	23	16	1	415	1315	875	2.01e-140	497
5a98923e-43a2-4f5f-8772-c065cf8069dc	NR_041879.1	88.063	444	22	17	1	415	1317	876	2.01e-140	497
5a98923e-43a2-4f5f-8772-c065cf8069dc	NR_163639.1	88.009	442	23	17	1	414	1374	935	7.22e-140	496
5a98923e-43a2-4f5f-8772-c065cf8069dc	NR_115354.1	87.810	443	24	16	1	415	1359	919	2.60e-139	494
d96ee28e-f75f-43b9-a4aa-a78a05fc7aba	NR_028665.1	94.344	389	11	10	4	385	854	470	3.79e-167	586
d96ee28e-f75f-43b9-a4aa-a78a05fc7aba	NR_114172.1	94.344	389	11	10	4	385	837	453	3.79e-167	586
d96ee28e-f75f-43b9-a4aa-a78a05fc7aba	NR_115239.1	94.344	389	11	10	4	385	837	453	3.79e-167	586
d96ee28e-f75f-43b9-a4aa-a78a05fc7aba	NR_117496.1	94.344	389	11	10	4	385	837	453	3.79e-167	586
d96ee28e-f75f-43b9-a4aa-a78a05fc7aba	NR_117719.1	94.344	389	11	10	4	385	857	473	3.79e-167	586
893cefdb-953d-42a9-8a4c-f4188d28522a	NR_028682.1	94.181	1478	43	31	1	1448	1490	26	0.0	2213
893cefdb-953d-42a9-8a4c-f4188d28522a	NR_025862.1	94.602	1408	32	33	82	1458	1406	12	0.0	2150
893cefdb-953d-42a9-8a4c-f4188d28522a	NR_113798.1	92.057	1410	73	29	1	1382	1474	76	0.0	1947
893cefdb-953d-42a9-8a4c-f4188d28522a	NR_026454.1	92.385	1392	63	34	82	1441	1383	3	0.0	1943
893cefdb-953d-42a9-8a4c-f4188d28522a	NR_025435.1	91.643	1412	78	29	1	1383	1486	86	0.0	1917
893cefdb-953d-42a9-8a4c-f4188d28522a	NR_025435.1	94.444	36	0	2	1414	1448	47	13	1.88e-06	54.7
1fbfae4c-c148-4616-9567-d3edc5822240	NR_115355.1	95.451	1319	27	27	30	1323	1311	1	0.0	2076
1fbfae4c-c148-4616-9567-d3edc5822240	NR_119169.1	95.231	1321	30	27	30	1325	1316	4	0.0	2067
1fbfae4c-c148-4616-9567-d3edc5822240	NR_163639.1	95.052	1334	30	30	30	1338	1326	4	0.0	2065
1fbfae4c-c148-4616-9567-d3edc5822240	NR_179325.1	95.669	1293	25	25	30	1299	1285	1	0.0	2049
1fbfae4c-c148-4616-9567-d3edc5822240	NR_074980.1	94.528	1334	39	28	30	1337	1338	13	0.0	2028
f07f4432-aa66-4c01-bd74-d09c00a6be29	NR_115241.1	92.655	354	17	8	1	351	9	356	1.33e-141	501
f07f4432-aa66-4c01-bd74-d09c00a6be29	NR_024842.1	92.373	354	18	8	1	351	24	371	1.72e-140	497
f07f4432-aa66-4c01-bd74-d09c00a6be29	NR_115735.1	92.351	353	17	9	3	351	1	347	2.22e-139	494
f07f4432-aa66-4c01-bd74-d09c00a6be29	NR_165737.1	90.685	365	23	10	1	361	9	366	8.05e-134	475
f07f4432-aa66-4c01-bd74-d09c00a6be29	NR_178515.1	90.685	365	23	10	1	361	9	366	8.05e-134	475
4de12970-967d-4e07-9020-6e1e260be8e4	NR_042776.1	93.991	1348	33	35	1	1319	171	1499	0.0	1997
4de12970-967d-4e07-9020-6e1e260be8e4	NR_042778.1	93.843	1348	35	34	1	1319	171	1499	0.0	1986
4de12970-967d-4e07-9020-6e1e260be8e4	NR_042777.1	93.769	1348	35	36	1	1319	171	1498	0.0	1978
4de12970-967d-4e07-9020-6e1e260be8e4	NR_197695.1	93.398	1348	41	35	1	1319	170	1498	0.0	1953
4de12970-967d-4e07-9020-6e1e260be8e4	NR_118998.1	93.318	1347	43	33	1	1319	166	1493	0.0	1945
1d863878-a08d-4e11-b3b1-157504c12e40	NR_042776.1	94.732	1101	30	24	16	1099	1107	18	0.0	1687
1d863878-a08d-4e11-b3b1-157504c12e40	NR_042778.1	94.550	1101	32	24	16	1099	1107	18	0.0	1676
1d863878-a08d-4e11-b3b1-157504c12e40	NR_042777.1	94.460	1101	32	25	16	1099	1106	18	0.0	1668
1d863878-a08d-4e11-b3b1-157504c12e40	NR_197695.1	94.096	1101	37	24	16	1099	1106	17	0.0	1648
1d863878-a08d-4e11-b3b1-157504c12e40	NR_118998.1	93.915	1101	38	24	16	1099	1101	13	0.0	1637
81fc6fcb-1baf-405b-bb95-197ad3072f78	NR_116168.1	95.754	942	29	10	1	934	952	14	0.0	1507
81fc6fcb-1baf-405b-bb95-197ad3072f78	NR_042878.1	95.396	934	32	10	1	926	931	1	0.0	1487
81fc6fcb-1baf-405b-bb95-197ad3072f78	NR_118762.1	93.531	943	49	11	1	935	954	16	0.0	1428
81fc6fcb-1baf-405b-bb95-197ad3072f78	NR_118143.1	93.483	936	48	12	1	926	933	1	0.0	1380
81fc6fcb-1baf-405b-bb95-197ad3072f78	NR_025423.1	92.872	940	52	13	1	929	936	1	0.0	1351
4d26b371-94fe-470f-944d-8832d6f5b334	NR_024842.1	95.911	1345	37	14	1	1338	1341	8	0.0	2167
4d26b371-94fe-470f-944d-8832d6f5b334	NR_115241.1	95.886	1337	37	14	1	1330	1326	1	0.0	2152
4d26b371-94fe-470f-944d-8832d6f5b334	NR_115735.1	95.934	1328	35	15	1	1320	1317	1	0.0	2135
4d26b371-94fe-470f-944d-8832d6f5b334	NR_178515.1	95.441	1338	41	16	1	1330	1326	1	0.0	2115
4d26b371-94fe-470f-944d-8832d6f5b334	NR_165737.1	95.217	1338	44	16	1	1330	1326	1	0.0	2098
76ac30f4-d367-41ba-b91b-42000e6778f1	NR_116168.1	91.429	1085	51	35	5	1057	1240	166	0.0	1450
76ac30f4-d367-41ba-b91b-42000e6778f1	NR_042878.1	91.244	1085	53	35	5	1057	1219	145	0.0	1447
76ac30f4-d367-41ba-b91b-42000e6778f1	NR_118143.1	90.138	1085	65	36	5	1057	1221	147	0.0	1375
76ac30f4-d367-41ba-b91b-42000e6778f1	NR_118762.1	89.668	1084	71	35	5	1057	1242	169	0.0	1375
76ac30f4-d367-41ba-b91b-42000e6778f1	NR_025423.1	89.871	1086	66	37	5	1057	1224	150	0.0	1356
591b5c22-6ee6-465f-bbd3-4940cba282ce	NR_028665.1	95.219	502	16	7	1	498	992	1489	0.0	787
591b5c22-6ee6-465f-bbd3-4940cba282ce	NR_179385.1	95.219	502	16	7	1	498	999	1496	0.0	787
591b5c22-6ee6-465f-bbd3-4940cba282ce	NR_199545.1	95.219	502	16	7	1	498	995	1492	0.0	787
591b5c22-6ee6-465f-bbd3-4940cba282ce	NR_115239.1	95.181	498	16	7	1	494	975	1468	0.0	780
591b5c22-6ee6-465f-bbd3-4940cba282ce	NR_165741.1	95.181	498	16	7	1	494	984	1477	0.0	780
1c1a2a73-03a3-4441-ac27-8bc056e0cb9c	NR_163639.1	96.689	453	8	6	1	449	1445	996	0.0	747
1c1a2a73-03a3-4441-ac27-8bc056e0cb9c	NR_115355.1	96.468	453	9	6	1	449	1430	981	0.0	741
1c1a2a73-03a3-4441-ac27-8bc056e0cb9c	NR_179325.1	96.468	453	9	6	1	449	1404	955	0.0	741
1c1a2a73-03a3-4441-ac27-8bc056e0cb9c	NR_119169.1	95.806	453	12	6	1	449	1435	986	0.0	728
1c1a2a73-03a3-4441-ac27-8bc056e0cb9c	NR_115354.1	95.806	453	12	6	1	449	1430	981	0.0	726
3800717a-4a3b-40ca-bb85-6f77a1184f2c	NR_199545.1	96.434	1290	27	15	1	1276	197	1481	0.0	2109
3800717a-4a3b-40ca-bb85-6f77a1184f2c	NR_179385.1	96.357	1290	28	15	1	1276	201	1485	0.0	2104
3800717a-4a3b-40ca-bb85-6f77a1184f2c	NR_165744.1	96.279	1290	29	15	1	1276	186	1470	0.0	2098
3800717a-4a3b-40ca-bb85-6f77a1184f2c	NR_165741.1	96.202	1290	30	15	1	1276	186	1470	0.0	2093
3800717a-4a3b-40ca-bb85-6f77a1184f2c	NR_028664.1	96.127	1291	30	16	1	1276	200	1485	0.0	2089
95a64f32-ad6f-4222-9969-cac01078fce5	NR_042928.1	97.318	1305	16	15	1	1294	172	1468	0.0	2198
95a64f32-ad6f-4222-9969-cac01078fce5	NR_179540.1	97.239	1304	17	15	6	1298	197	1492	0.0	2191
95a64f32-ad6f-4222-9969-cac01078fce5	NR_117719.1	97.021	1309	19	14	2	1298	193	1493	0.0	2183
95a64f32-ad6f-4222-9969-cac01078fce5	NR_199545.1	97.016	1307	20	15	3	1298	194	1492	0.0	2180
95a64f32-ad6f-4222-9969-cac01078fce5	NR_042927.1	97.081	1302	18	14	5	1294	178	1471	0.0	2176
79733594-4681-4ceb-8dbf-68f3b7afe7d4	NR_074980.1	93.141	277	6	7	4	267	289	13	1.67e-109	394
79733594-4681-4ceb-8dbf-68f3b7afe7d4	NR_113031.1	93.141	277	6	7	4	267	289	13	1.67e-109	394
79733594-4681-4ceb-8dbf-68f3b7afe7d4	NR_163639.1	93.141	277	6	7	4	267	281	5	1.67e-109	394
79733594-4681-4ceb-8dbf-68f3b7afe7d4	NR_117759.1	93.208	265	5	7	4	255	265	1	1.68e-104	377
79733594-4681-4ceb-8dbf-68f3b7afe7d4	NR_119168.1	93.208	265	5	7	4	255	267	3	1.68e-104	377
7280c312-4631-4747-8edc-eacda1100285	NR_044873.1	93.258	1246	40	32	1	1220	1230	3	0.0	1796
7280c312-4631-4747-8edc-eacda1100285	NR_074568.1	91.573	1246	60	33	1	1220	1240	14	0.0	1677
7280c312-4631-4747-8edc-eacda1100285	NR_044712.2	91.172	1246	65	33	1	1220	1249	23	0.0	1659
7280c312-4631-4747-8edc-eacda1100285	NR_109752.1	90.858	1247	68	34	1	1220	1251	24	0.0	1629
7280c312-4631-4747-8edc-eacda1100285	NR_025310.1	90.887	1240	66	35	1	1213	1220	1	0.0	1620
7d01178a-faf0-47c4-bebd-b6f4b6144ad9	NR_042776.1	98.514	875	4	9	22	888	891	18	0.0	1535
7d01178a-faf0-47c4-bebd-b6f4b6144ad9	NR_042778.1	98.286	875	6	9	22	888	891	18	0.0	1524
7d01178a-faf0-47c4-bebd-b6f4b6144ad9	NR_042777.1	98.171	875	6	10	22	888	890	18	0.0	1519
7d01178a-faf0-47c4-bebd-b6f4b6144ad9	NR_197695.1	97.829	875	10	9	22	888	890	17	0.0	1502
7d01178a-faf0-47c4-bebd-b6f4b6144ad9	NR_118998.1	97.714	875	11	9	22	888	886	13	0.0	1498
450b9efc-dbe2-417e-b52e-affb64308340	NR_037101.1	99.565	230	1	0	9	238	1251	1480	2.44e-117	420
450b9efc-dbe2-417e-b52e-affb64308340	NR_040821.1	99.563	229	1	0	10	238	1252	1480	8.77e-117	418
450b9efc-dbe2-417e-b52e-affb64308340	NR_025148.1	99.563	229	1	0	10	238	1272	1500	8.77e-117	418
450b9efc-dbe2-417e-b52e-affb64308340	NR_040820.1	99.563	229	1	0	10	238	1252	1480	8.77e-117	418
450b9efc-dbe2-417e-b52e-affb64308340	NR_134818.1	99.563	229	1	0	10	238	1265	1493	8.77e-117	418
da2933d3-09b9-44a6-8e62-8e6e4e76f2bf	NR_165747.1	94.634	205	5	5	1	204	204	5	3.67e-85	313
da2933d3-09b9-44a6-8e62-8e6e4e76f2bf	NR_042928.1	93.659	205	7	5	1	204	204	5	7.94e-82	302
da2933d3-09b9-44a6-8e62-8e6e4e76f2bf	NR_199545.1	93.171	205	8	5	1	204	224	25	3.69e-80	296
da2933d3-09b9-44a6-8e62-8e6e4e76f2bf	NR_028664.1	92.683	205	9	5	1	204	227	28	1.72e-78	291
da2933d3-09b9-44a6-8e62-8e6e4e76f2bf	NR_115240.1	92.683	205	9	5	1	204	204	5	1.72e-78	291
a4319d64-0b0f-46e5-8c5b-3a3731441a32	NR_028833.1	90.859	1280	81	29	4	1256	232	1502	0.0	1683
a4319d64-0b0f-46e5-8c5b-3a3731441a32	NR_028666.1	90.647	1283	84	30	1	1256	226	1499	0.0	1672
a4319d64-0b0f-46e5-8c5b-3a3731441a32	NR_109371.1	90.569	1283	85	30	1	1256	230	1503	0.0	1666
a4319d64-0b0f-46e5-8c5b-3a3731441a32	NR_028736.1	90.569	1283	84	31	1	1256	226	1498	0.0	1664
a4319d64-0b0f-46e5-8c5b-3a3731441a32	NR_115242.1	90.618	1279	84	30	1	1252	210	1479	0.0	1664
ade04e48-c8a4-4b0b-bb29-c75df2a229b9	NR_024842.1	94.283	1102	30	24	3	1085	1095	8	0.0	1659
ade04e48-c8a4-4b0b-bb29-c75df2a229b9	NR_115241.1	94.328	1093	31	24	3	1077	1080	1	0.0	1650
ade04e48-c8a4-4b0b-bb29-c75df2a229b9	NR_115735.1	94.378	1085	27	25	3	1067	1071	1	0.0	1635
ade04e48-c8a4-4b0b-bb29-c75df2a229b9	NR_178515.1	93.967	1094	33	25	3	1077	1080	1	0.0	1624
ade04e48-c8a4-4b0b-bb29-c75df2a229b9	NR_165737.1	93.876	1094	34	25	3	1077	1080	1	0.0	1618
e0af7a4c-7791-45db-8042-67c5a9e2077a	NR_042928.1	94.892	372	10	7	3	367	370	1	2.89e-163	573
e0af7a4c-7791-45db-8042-67c5a9e2077a	NR_109720.1	94.536	366	13	5	3	361	366	1	8.09e-159	558
e0af7a4c-7791-45db-8042-67c5a9e2077a	NR_199547.1	95.415	349	8	6	3	344	350	3	4.87e-156	549
e0af7a4c-7791-45db-8042-67c5a9e2077a	NR_036936.1	93.280	372	18	5	3	367	372	1	2.26e-154	544
e0af7a4c-7791-45db-8042-67c5a9e2077a	NR_112026.1	94.648	355	10	7	3	350	353	1	8.15e-154	542
e9106949-4f38-4f1d-b8b0-025b34fef516	NR_026419.1	94.253	348	11	6	1	342	1139	1483	2.72e-148	523
e9106949-4f38-4f1d-b8b0-025b34fef516	NR_025904.1	93.195	338	14	6	11	342	1159	1493	9.94e-138	488
e9106949-4f38-4f1d-b8b0-025b34fef516	NR_025903.1	93.195	338	14	6	11	342	1160	1494	9.94e-138	488
e9106949-4f38-4f1d-b8b0-025b34fef516	NR_133752.1	93.949	314	12	4	11	318	1085	1397	1.29e-131	468
e9106949-4f38-4f1d-b8b0-025b34fef516	NR_133753.1	93.949	314	12	4	11	318	1114	1426	1.29e-131	468
7f0a6004-89eb-41ee-8171-b159a42cd7ae	NR_117694.1	95.599	1477	29	28	12	1462	1	1467	0.0	2335
7f0a6004-89eb-41ee-8171-b159a42cd7ae	NR_117717.1	94.875	1483	43	25	4	1462	14	1487	0.0	2287
7f0a6004-89eb-41ee-8171-b159a42cd7ae	NR_121687.1	94.747	1485	42	28	4	1462	13	1487	0.0	2278
7f0a6004-89eb-41ee-8171-b159a42cd7ae	NR_121688.1	94.740	1483	46	24	4	1462	13	1487	0.0	2278
7f0a6004-89eb-41ee-8171-b159a42cd7ae	NR_025892.1	94.520	1478	46	27	4	1456	19	1486	0.0	2274
22ab8a45-eaff-46ca-a7f4-dfaa90b6f32f	NR_025435.1	96.380	221	4	3	13	232	1277	1494	2.23e-99	361
22ab8a45-eaff-46ca-a7f4-dfaa90b6f32f	NR_024817.1	94.850	233	8	3	1	232	1250	1479	2.23e-99	361
22ab8a45-eaff-46ca-a7f4-dfaa90b6f32f	NR_025689.1	94.421	233	9	3	1	232	1255	1484	1.04e-97	355
22ab8a45-eaff-46ca-a7f4-dfaa90b6f32f	NR_042051.1	95.928	221	5	3	13	232	1210	1427	1.04e-97	355
22ab8a45-eaff-46ca-a7f4-dfaa90b6f32f	NR_115719.1	95.928	221	5	3	13	232	1250	1467	1.04e-97	355
9c54ab52-d86b-4a8d-87d5-c15b6823cc8c	NR_156072.1	94.659	543	20	9	1	538	1308	770	0.0	833
9c54ab52-d86b-4a8d-87d5-c15b6823cc8c	NR_178515.1	94.659	543	20	9	1	538	1288	750	0.0	833
9c54ab52-d86b-4a8d-87d5-c15b6823cc8c	NR_024842.1	94.475	543	21	9	1	538	1303	765	0.0	828
9c54ab52-d86b-4a8d-87d5-c15b6823cc8c	NR_109720.1	94.475	543	21	9	1	538	1282	744	0.0	828
9c54ab52-d86b-4a8d-87d5-c15b6823cc8c	NR_115735.1	94.475	543	21	9	1	538	1279	741	0.0	828
541fff60-f291-4f1e-b441-56a320042ea0	NR_025904.1	99.355	155	1	0	4	158	159	5	7.61e-76	281
541fff60-f291-4f1e-b441-56a320042ea0	NR_026419.1	100.000	147	0	0	4	150	147	1	4.58e-73	272
541fff60-f291-4f1e-b441-56a320042ea0	NR_025903.1	98.065	155	3	0	4	158	160	6	1.65e-72	270
541fff60-f291-4f1e-b441-56a320042ea0	NR_036920.1	93.548	155	8	2	4	158	154	2	2.80e-60	230
541fff60-f291-4f1e-b441-56a320042ea0	NR_026420.1	92.517	147	11	0	4	150	147	1	1.01e-54	211
8ce8ea8f-ca2f-4923-b2a5-28566ddffe12	NR_042776.1	97.181	1419	21	14	1	1403	84	1499	0.0	2381
8ce8ea8f-ca2f-4923-b2a5-28566ddffe12	NR_042777.1	96.970	1419	23	15	1	1403	84	1498	0.0	2364
8ce8ea8f-ca2f-4923-b2a5-28566ddffe12	NR_042778.1	96.899	1419	25	14	1	1403	84	1499	0.0	2359
8ce8ea8f-ca2f-4923-b2a5-28566ddffe12	NR_197695.1	96.547	1419	30	14	1	1403	83	1498	0.0	2331
8ce8ea8f-ca2f-4923-b2a5-28566ddffe12	NR_118998.1	96.403	1418	33	14	1	1403	79	1493	0.0	2322
825563a5-44b1-462f-8cbc-33342e4e6f39	NR_115355.1	97.731	661	11	4	1	657	677	17	0.0	1138
825563a5-44b1-462f-8cbc-33342e4e6f39	NR_119169.1	97.579	661	12	4	1	657	682	22	0.0	1133
825563a5-44b1-462f-8cbc-33342e4e6f39	NR_179325.1	97.840	648	10	4	1	644	651	4	0.0	1116
825563a5-44b1-462f-8cbc-33342e4e6f39	NR_163639.1	97.277	661	11	7	1	657	693	36	0.0	1114
825563a5-44b1-462f-8cbc-33342e4e6f39	NR_119168.1	96.974	661	16	4	1	657	682	22	0.0	1107
332a9887-12d5-46a1-a690-5e030d35e17e	NR_040821.1	95.077	325	4	8	1	320	1161	1478	1.16e-141	501
332a9887-12d5-46a1-a690-5e030d35e17e	NR_024634.1	95.077	325	4	8	1	320	1172	1489	1.16e-141	501
332a9887-12d5-46a1-a690-5e030d35e17e	NR_025148.1	95.077	325	4	8	1	320	1181	1498	1.16e-141	501
332a9887-12d5-46a1-a690-5e030d35e17e	NR_024817.1	92.901	324	12	8	1	320	1166	1482	5.49e-130	462
332a9887-12d5-46a1-a690-5e030d35e17e	NR_133974.1	91.798	317	15	8	1	313	1151	1460	1.55e-120	431
6a15fa06-85c2-4e67-8de1-0451e40c9bb1	NR_136788.1	96.043	657	16	9	1	651	1469	817	0.0	1061
6a15fa06-85c2-4e67-8de1-0451e40c9bb1	NR_026230.1	94.977	657	23	9	1	651	1447	795	0.0	1026
6a15fa06-85c2-4e67-8de1-0451e40c9bb1	NR_113082.1	94.531	640	23	11	19	651	1451	817	0.0	977
6a15fa06-85c2-4e67-8de1-0451e40c9bb1	NR_136443.1	90.606	660	41	19	2	650	1429	780	0.0	856
6a15fa06-85c2-4e67-8de1-0451e40c9bb1	NR_026136.1	88.654	661	57	16	1	650	1451	798	0.0	789
b7f45db3-ed9f-4b15-b067-311694baadd8	NR_026419.1	96.831	568	11	6	1	563	841	276	0.0	942
b7f45db3-ed9f-4b15-b067-311694baadd8	NR_133752.1	96.661	569	10	8	1	563	778	213	0.0	937
b7f45db3-ed9f-4b15-b067-311694baadd8	NR_133753.1	96.655	568	12	6	1	563	807	242	0.0	937
b7f45db3-ed9f-4b15-b067-311694baadd8	NR_025903.1	96.655	568	12	6	1	563	853	288	0.0	937
b7f45db3-ed9f-4b15-b067-311694baadd8	NR_025904.1	96.485	569	11	9	1	563	852	287	0.0	931
7ebba3c1-091f-42a3-bb18-98ed72d6a5be	NR_036936.1	94.536	604	16	11	1	595	235	830	0.0	917
7ebba3c1-091f-42a3-bb18-98ed72d6a5be	NR_109720.1	94.536	604	16	11	1	595	229	824	0.0	917
7ebba3c1-091f-42a3-bb18-98ed72d6a5be	NR_180875.1	94.040	604	19	13	1	595	214	809	0.0	913
7ebba3c1-091f-42a3-bb18-98ed72d6a5be	NR_115241.1	94.371	604	17	11	1	595	235	830	0.0	911
7ebba3c1-091f-42a3-bb18-98ed72d6a5be	NR_115735.1	94.371	604	17	11	1	595	226	821	0.0	911
09bd10d8-022a-4485-90a4-5952401df51e	NR_179540.1	95.676	555	9	11	5	548	942	1492	0.0	878
09bd10d8-022a-4485-90a4-5952401df51e	NR_042928.1	95.463	551	10	11	5	544	922	1468	0.0	865
09bd10d8-022a-4485-90a4-5952401df51e	NR_028664.1	95.144	556	11	10	5	548	945	1496	0.0	863
09bd10d8-022a-4485-90a4-5952401df51e	NR_117719.1	95.144	556	11	10	5	548	942	1493	0.0	863
09bd10d8-022a-4485-90a4-5952401df51e	NR_179383.1	95.144	556	11	10	5	548	949	1500	0.0	863
5529f012-8d21-42a2-a9ca-fc94b1cc813c	NR_199974.1	92.999	857	31	22	4	840	655	1502	0.0	1223
5529f012-8d21-42a2-a9ca-fc94b1cc813c	NR_024842.1	92.874	856	33	22	4	840	643	1489	0.0	1218
5529f012-8d21-42a2-a9ca-fc94b1cc813c	NR_115735.1	92.865	855	33	22	4	839	619	1464	0.0	1216
5529f012-8d21-42a2-a9ca-fc94b1cc813c	NR_036936.1	92.849	853	32	23	4	836	628	1471	0.0	1210
5529f012-8d21-42a2-a9ca-fc94b1cc813c	NR_025453.1	92.657	858	33	23	4	840	628	1476	0.0	1208
509c4bd6-c99a-49f2-a5ec-705ab8b4c0b8	NR_042776.1	97.941	437	6	3	1	435	453	18	0.0	754
509c4bd6-c99a-49f2-a5ec-705ab8b4c0b8	NR_042778.1	97.712	437	7	3	1	435	453	18	0.0	749
509c4bd6-c99a-49f2-a5ec-705ab8b4c0b8	NR_042777.1	97.483	437	8	3	1	435	453	18	0.0	743
509c4bd6-c99a-49f2-a5ec-705ab8b4c0b8	NR_118998.1	97.025	437	10	3	1	435	448	13	0.0	734
509c4bd6-c99a-49f2-a5ec-705ab8b4c0b8	NR_197695.1	96.796	437	11	3	1	435	452	17	0.0	726
98816071-2bdf-4714-9660-8ff8d04bc0eb	NR_179540.1	96.663	959	18	13	1	952	541	1492	0.0	1581
98816071-2bdf-4714-9660-8ff8d04bc0eb	NR_042928.1	96.649	955	18	13	1	948	521	1468	0.0	1574
98816071-2bdf-4714-9660-8ff8d04bc0eb	NR_028664.1	96.455	959	21	12	1	952	544	1496	0.0	1570
98816071-2bdf-4714-9660-8ff8d04bc0eb	NR_117719.1	96.455	959	21	12	1	952	541	1493	0.0	1570
98816071-2bdf-4714-9660-8ff8d04bc0eb	NR_179383.1	96.455	959	21	12	1	952	548	1500	0.0	1570
6a7514d4-98ac-4060-b72d-d75151f44a65	NR_036936.1	90.008	1211	61	48	1	1163	1199	1	0.0	1513
6a7514d4-98ac-4060-b72d-d75151f44a65	NR_109720.1	90.124	1205	59	49	1	1157	1193	1	0.0	1511
6a7514d4-98ac-4060-b72d-d75151f44a65	NR_114413.1	89.007	1219	74	49	1	1171	1222	16	0.0	1454
6a7514d4-98ac-4060-b72d-d75151f44a65	NR_024842.1	88.862	1221	72	51	1	1171	1214	8	0.0	1447
6a7514d4-98ac-4060-b72d-d75151f44a65	NR_042927.1	88.935	1211	74	49	1	1163	1199	1	0.0	1439
7ace0c97-609b-49bf-9dfd-459d1dbc5351	NR_042878.1	92.570	969	30	22	5	953	1255	309	0.0	1354
7ace0c97-609b-49bf-9dfd-459d1dbc5351	NR_116168.1	92.570	969	30	22	5	953	1276	330	0.0	1352
7ace0c97-609b-49bf-9dfd-459d1dbc5351	NR_118762.1	91.125	969	43	24	5	953	1278	333	0.0	1299
7ace0c97-609b-49bf-9dfd-459d1dbc5351	NR_118143.1	91.941	943	35	20	31	953	1232	311	0.0	1284
7ace0c97-609b-49bf-9dfd-459d1dbc5351	NR_025423.1	90.678	944	47	21	29	952	1237	315	0.0	1218
f9e9831d-4485-4f7e-a35f-2553eac24f66	NR_199547.1	99.390	328	1	1	1	327	363	36	1.95e-169	593
f9e9831d-4485-4f7e-a35f-2553eac24f66	NR_042928.1	98.476	328	3	2	1	327	383	57	1.96e-164	577
f9e9831d-4485-4f7e-a35f-2553eac24f66	NR_112026.1	98.476	328	3	2	1	327	366	40	1.96e-164	577
f9e9831d-4485-4f7e-a35f-2553eac24f66	NR_109720.1	97.866	328	6	1	1	327	379	52	4.24e-161	566
f9e9831d-4485-4f7e-a35f-2553eac24f66	NR_165747.1	97.546	326	6	2	1	324	383	58	2.55e-158	556
9684c9b8-12ea-41cb-b3ed-dc7d41619e5d	NR_042776.1	95.306	1257	33	24	1	1243	255	1499	0.0	1971
9684c9b8-12ea-41cb-b3ed-dc7d41619e5d	NR_042777.1	95.227	1257	33	25	1	1243	255	1498	0.0	1964
9684c9b8-12ea-41cb-b3ed-dc7d41619e5d	NR_042778.1	94.988	1257	37	24	1	1243	255	1499	0.0	1949
9684c9b8-12ea-41cb-b3ed-dc7d41619e5d	NR_197695.1	94.988	1257	37	24	1	1243	254	1498	0.0	1949
9684c9b8-12ea-41cb-b3ed-dc7d41619e5d	NR_118998.1	94.506	1256	44	24	1	1243	250	1493	0.0	1914
5d4db350-9aa8-45b7-be48-f822b587c22c	NR_117694.1	96.552	1334	25	16	1	1317	1341	12	0.0	2189
5d4db350-9aa8-45b7-be48-f822b587c22c	NR_041989.1	97.233	1301	19	12	1	1286	1299	1	0.0	2187
5d4db350-9aa8-45b7-be48-f822b587c22c	NR_117696.1	95.639	1330	41	12	1	1315	1328	1	0.0	2119
5d4db350-9aa8-45b7-be48-f822b587c22c	NR_117717.1	95.571	1332	41	13	1	1317	1361	33	0.0	2117
5d4db350-9aa8-45b7-be48-f822b587c22c	NR_121687.1	95.577	1334	38	16	1	1317	1361	32	0.0	2117
420ea221-f696-4a24-9c68-307e5b5c61f4	NR_042776.1	96.390	277	7	3	1	274	1222	1498	2.84e-127	453
420ea221-f696-4a24-9c68-307e5b5c61f4	NR_042777.1	96.390	277	7	3	1	274	1221	1497	2.84e-127	453
420ea221-f696-4a24-9c68-307e5b5c61f4	NR_042052.1	95.668	277	9	3	1	274	1120	1396	6.14e-124	442
420ea221-f696-4a24-9c68-307e5b5c61f4	NR_042778.1	95.668	277	9	3	1	274	1222	1498	6.14e-124	442
420ea221-f696-4a24-9c68-307e5b5c61f4	NR_114642.1	95.668	277	9	3	1	274	1179	1455	6.14e-124	442
be010dee-a7b8-4799-b262-f74a3e1403d1	NR_024842.1	93.708	1049	40	21	1	1035	1044	8	0.0	1552
be010dee-a7b8-4799-b262-f74a3e1403d1	NR_165737.1	93.762	1042	37	23	1	1027	1029	1	0.0	1539
be010dee-a7b8-4799-b262-f74a3e1403d1	NR_178515.1	93.762	1042	37	23	1	1027	1029	1	0.0	1539
be010dee-a7b8-4799-b262-f74a3e1403d1	NR_115241.1	93.660	1041	40	21	1	1027	1029	1	0.0	1537
be010dee-a7b8-4799-b262-f74a3e1403d1	NR_115735.1	93.702	1032	38	22	1	1017	1020	1	0.0	1520
f2947c5d-4a68-49d6-98cc-76b39fdeb280	NR_136788.1	94.838	1298	41	21	1	1279	186	1476	0.0	2002
f2947c5d-4a68-49d6-98cc-76b39fdeb280	NR_026230.1	92.065	1298	73	25	3	1279	166	1454	0.0	1807
f2947c5d-4a68-49d6-98cc-76b39fdeb280	NR_113082.1	92.363	1257	66	25	2	1236	187	1435	0.0	1762
f2947c5d-4a68-49d6-98cc-76b39fdeb280	NR_043154.1	84.439	1266	159	33	40	1279	224	1477	0.0	1212
f2947c5d-4a68-49d6-98cc-76b39fdeb280	NR_175501.1	84.365	1260	165	25	40	1275	201	1452	0.0	1206
adcef3ab-ba8c-4b24-9d01-ce7d6bc9004d	NR_041879.1	95.775	426	11	7	1	424	715	295	0.0	680
adcef3ab-ba8c-4b24-9d01-ce7d6bc9004d	NR_115355.1	95.775	426	11	7	1	424	758	338	0.0	680
adcef3ab-ba8c-4b24-9d01-ce7d6bc9004d	NR_179325.1	95.775	426	11	7	1	424	732	312	0.0	680
adcef3ab-ba8c-4b24-9d01-ce7d6bc9004d	NR_119169.1	95.540	426	12	7	1	424	763	343	0.0	676
adcef3ab-ba8c-4b24-9d01-ce7d6bc9004d	NR_113570.1	94.836	426	15	7	1	424	765	345	0.0	658
01774b5c-f9a3-426a-ac9c-7c9da26c0985	NR_041879.1	94.096	1101	34	26	15	1093	195	1286	0.0	1644
01774b5c-f9a3-426a-ac9c-7c9da26c0985	NR_115355.1	94.091	1100	35	26	15	1093	238	1328	0.0	1644
01774b5c-f9a3-426a-ac9c-7c9da26c0985	NR_179325.1	94.000	1100	36	26	15	1093	212	1302	0.0	1639
01774b5c-f9a3-426a-ac9c-7c9da26c0985	NR_119169.1	93.818	1100	38	26	15	1093	243	1333	0.0	1631
01774b5c-f9a3-426a-ac9c-7c9da26c0985	NR_163639.1	93.551	1101	35	30	15	1093	257	1343	0.0	1607
220d1902-aec8-43c4-877c-091da7e171fd	NR_179325.1	97.336	488	11	2	1	487	969	1455	0.0	828
220d1902-aec8-43c4-877c-091da7e171fd	NR_163639.1	97.131	488	12	2	1	487	1010	1496	0.0	822
220d1902-aec8-43c4-877c-091da7e171fd	NR_115354.1	96.926	488	13	2	1	487	995	1481	0.0	819
220d1902-aec8-43c4-877c-091da7e171fd	NR_115355.1	96.926	488	13	2	1	487	995	1481	0.0	817
220d1902-aec8-43c4-877c-091da7e171fd	NR_074980.1	96.516	488	15	2	1	487	1022	1508	0.0	806
d30a9cd9-95bd-4b7b-a17d-d33405ac11ed	NR_041989.1	98.507	804	4	8	1	799	23	823	0.0	1411
d30a9cd9-95bd-4b7b-a17d-d33405ac11ed	NR_117694.1	97.519	806	8	12	1	799	65	865	0.0	1367
d30a9cd9-95bd-4b7b-a17d-d33405ac11ed	NR_117692.1	96.144	804	23	8	1	799	65	865	0.0	1306
d30a9cd9-95bd-4b7b-a17d-d33405ac11ed	NR_028900.1	96.130	801	19	12	6	799	28	823	0.0	1297
d30a9cd9-95bd-4b7b-a17d-d33405ac11ed	NR_121687.1	95.906	806	21	12	1	799	85	885	0.0	1295
17030d42-eb73-40eb-b6ce-419a21c850d3	NR_041989.1	97.623	1346	20	9	19	1355	1	1343	0.0	2298
17030d42-eb73-40eb-b6ce-419a21c850d3	NR_117694.1	96.925	1366	26	13	1	1355	25	1385	0.0	2276
17030d42-eb73-40eb-b6ce-419a21c850d3	NR_117696.1	95.968	1364	43	10	1	1355	12	1372	0.0	2204
17030d42-eb73-40eb-b6ce-419a21c850d3	NR_117692.1	95.897	1365	42	10	1	1355	25	1385	0.0	2198
17030d42-eb73-40eb-b6ce-419a21c850d3	NR_117717.1	95.894	1364	43	10	1	1355	46	1405	0.0	2196
03d0ce7e-9cde-4e2d-99d2-f192912d8370	NR_028682.1	89.893	1306	63	54	1	1265	1492	215	0.0	1616
03d0ce7e-9cde-4e2d-99d2-f192912d8370	NR_025862.1	90.694	1225	53	48	85	1273	1406	207	0.0	1580
03d0ce7e-9cde-4e2d-99d2-f192912d8370	NR_180652.1	89.043	1296	77	52	1	1258	1479	211	0.0	1546
03d0ce7e-9cde-4e2d-99d2-f192912d8370	NR_181559.1	88.966	1296	80	52	1	1259	1487	218	0.0	1543
03d0ce7e-9cde-4e2d-99d2-f192912d8370	NR_036922.1	88.915	1299	75	58	1	1259	1491	222	0.0	1537
2d590355-8ae8-4d31-b9b6-70e43fa548f6	NR_042928.1	97.494	838	8	11	1	832	831	1	0.0	1419
2d590355-8ae8-4d31-b9b6-70e43fa548f6	NR_165747.1	97.017	838	12	11	1	832	831	1	0.0	1397
2d590355-8ae8-4d31-b9b6-70e43fa548f6	NR_199547.1	97.791	815	6	10	1	809	811	3	0.0	1395
2d590355-8ae8-4d31-b9b6-70e43fa548f6	NR_028664.1	96.552	841	16	11	1	835	854	21	0.0	1380
2d590355-8ae8-4d31-b9b6-70e43fa548f6	NR_117719.1	96.552	841	16	11	1	835	851	18	0.0	1380
b499a965-2185-4a86-8361-3d3faca4a666	NR_026419.1	96.784	964	11	18	11	965	532	1484	0.0	1591
b499a965-2185-4a86-8361-3d3faca4a666	NR_025904.1	95.851	964	19	19	11	965	543	1494	0.0	1539
b499a965-2185-4a86-8361-3d3faca4a666	NR_025903.1	95.851	964	19	19	11	965	544	1495	0.0	1539
b499a965-2185-4a86-8361-3d3faca4a666	NR_133752.1	95.851	940	19	18	11	941	469	1397	0.0	1502
b499a965-2185-4a86-8361-3d3faca4a666	NR_133753.1	95.851	940	19	18	11	941	498	1426	0.0	1502
40cbf4ed-5345-4a18-b204-5006f1ee6679	NR_116168.1	96.023	1232	25	16	1	1218	1235	14	0.0	1982
40cbf4ed-5345-4a18-b204-5006f1ee6679	NR_042878.1	95.997	1224	27	15	1	1212	1214	1	0.0	1980
40cbf4ed-5345-4a18-b204-5006f1ee6679	NR_118762.1	94.161	1233	47	17	1	1219	1237	16	0.0	1893
40cbf4ed-5345-4a18-b204-5006f1ee6679	NR_118143.1	94.780	1226	40	18	1	1212	1216	1	0.0	1890
40cbf4ed-5345-4a18-b204-5006f1ee6679	NR_025423.1	94.127	1226	48	17	1	1212	1219	4	0.0	1844
8164beb1-ed44-4154-b95b-b0498c83f1f7	NR_026419.1	97.272	843	7	7	1	836	651	1484	0.0	1415
8164beb1-ed44-4154-b95b-b0498c83f1f7	NR_025904.1	96.204	843	15	8	1	836	662	1494	0.0	1363
8164beb1-ed44-4154-b95b-b0498c83f1f7	NR_025903.1	96.204	843	15	8	1	836	663	1495	0.0	1363
8164beb1-ed44-4154-b95b-b0498c83f1f7	NR_133752.1	96.215	819	15	7	1	812	588	1397	0.0	1327
8164beb1-ed44-4154-b95b-b0498c83f1f7	NR_133753.1	96.215	819	15	7	1	812	617	1426	0.0	1327
06817ac5-42f2-4d19-a83c-00a1c141a409	NR_042776.1	94.599	648	21	10	6	646	664	24	0.0	990
06817ac5-42f2-4d19-a83c-00a1c141a409	NR_042778.1	94.290	648	23	9	6	646	664	24	0.0	979
06817ac5-42f2-4d19-a83c-00a1c141a409	NR_042777.1	94.136	648	23	11	6	646	663	24	0.0	972
06817ac5-42f2-4d19-a83c-00a1c141a409	NR_197695.1	93.827	648	26	10	6	646	663	23	0.0	963
06817ac5-42f2-4d19-a83c-00a1c141a409	NR_118998.1	93.519	648	28	9	6	646	659	19	0.0	953
695d7628-a40d-47a3-bdeb-e01ce7a38bd2	NR_036936.1	95.093	428	10	9	1	424	543	963	0.0	664
695d7628-a40d-47a3-bdeb-e01ce7a38bd2	NR_029052.1	95.093	428	10	9	1	424	531	951	0.0	664
695d7628-a40d-47a3-bdeb-e01ce7a38bd2	NR_103943.1	95.093	428	10	9	1	424	569	989	0.0	664
695d7628-a40d-47a3-bdeb-e01ce7a38bd2	NR_024842.1	94.860	428	11	9	1	424	558	978	0.0	658
695d7628-a40d-47a3-bdeb-e01ce7a38bd2	NR_028833.1	94.860	428	11	9	1	424	570	990	0.0	658
f9f26a3d-a900-4f72-b022-1a2e27cd8a0a	NR_025904.1	95.062	162	4	2	1	159	165	5	6.06e-67	252
f9f26a3d-a900-4f72-b022-1a2e27cd8a0a	NR_026419.1	96.104	154	2	2	1	151	153	1	7.84e-66	248
f9f26a3d-a900-4f72-b022-1a2e27cd8a0a	NR_025903.1	93.827	162	6	2	1	159	166	6	1.31e-63	241
f9f26a3d-a900-4f72-b022-1a2e27cd8a0a	NR_036920.1	89.506	162	11	4	1	159	160	2	2.23e-51	200
f9f26a3d-a900-4f72-b022-1a2e27cd8a0a	NR_133753.1	95.041	121	2	2	1	118	120	1	1.73e-47	187
71da08fd-1df8-4008-b2a0-9e3fc4cfe682	NR_117694.1	94.513	1057	31	21	1	1044	1061	19	0.0	1605
71da08fd-1df8-4008-b2a0-9e3fc4cfe682	NR_121687.1	93.856	1058	36	24	1	1044	1081	39	0.0	1567
71da08fd-1df8-4008-b2a0-9e3fc4cfe682	NR_025892.1	93.201	1059	40	25	1	1044	1086	45	0.0	1552
71da08fd-1df8-4008-b2a0-9e3fc4cfe682	NR_117692.1	93.472	1057	42	21	1	1044	1061	19	0.0	1544
71da08fd-1df8-4008-b2a0-9e3fc4cfe682	NR_025902.1	93.162	1053	44	22	1	1039	1039	1	0.0	1520
0389bc76-af96-4991-853e-589759d8610f	NR_115355.1	94.278	367	8	9	1	362	1124	1482	4.73e-156	549
0389bc76-af96-4991-853e-589759d8610f	NR_163639.1	94.278	367	8	9	1	362	1139	1497	4.73e-156	549
0389bc76-af96-4991-853e-589759d8610f	NR_179325.1	94.278	367	8	9	1	362	1098	1456	4.73e-156	549
0389bc76-af96-4991-853e-589759d8610f	NR_119169.1	94.005	367	9	9	1	362	1129	1487	2.20e-154	544
0389bc76-af96-4991-853e-589759d8610f	NR_115354.1	93.733	367	10	9	1	362	1124	1482	1.02e-152	538
dcb3a0f1-1eac-4009-8731-f78007f75295	NR_024842.1	93.625	1396	46	35	1	1379	123	1492	0.0	2049
dcb3a0f1-1eac-4009-8731-f78007f75295	NR_115735.1	93.750	1392	44	35	1	1375	99	1464	0.0	2049
dcb3a0f1-1eac-4009-8731-f78007f75295	NR_115241.1	93.521	1389	47	35	1	1372	108	1470	0.0	2032
dcb3a0f1-1eac-4009-8731-f78007f75295	NR_165737.1	93.381	1390	48	36	1	1372	108	1471	0.0	2017
dcb3a0f1-1eac-4009-8731-f78007f75295	NR_116211.1	94.629	1322	33	30	1	1307	31	1329	0.0	2013
71d8c9ed-e32f-4d88-83b3-03936310f354	NR_025289.1	91.324	1095	53	32	1	1065	1088	6	0.0	1458
71d8c9ed-e32f-4d88-83b3-03936310f354	NR_118780.1	90.511	1096	61	35	1	1065	1095	12	0.0	1408
71d8c9ed-e32f-4d88-83b3-03936310f354	NR_144737.1	85.936	1095	112	34	1	1065	1114	32	0.0	1133
71d8c9ed-e32f-4d88-83b3-03936310f354	NR_028911.1	85.779	1097	110	41	1	1065	1102	20	0.0	1120
71d8c9ed-e32f-4d88-83b3-03936310f354	NR_180913.1	85.544	1093	112	37	5	1065	1090	12	0.0	1101
2dcd483b-5ba6-4346-8232-84fd35e5ceb0	NR_116168.1	97.887	852	11	6	1	847	641	1490	0.0	1467
2dcd483b-5ba6-4346-8232-84fd35e5ceb0	NR_118762.1	96.441	843	22	7	1	838	644	1483	0.0	1404
2dcd483b-5ba6-4346-8232-84fd35e5ceb0	NR_024897.1	95.535	851	25	12	5	847	644	1489	0.0	1349
2dcd483b-5ba6-4346-8232-84fd35e5ceb0	NR_025423.1	95.492	843	29	8	5	841	629	1468	0.0	1338
2dcd483b-5ba6-4346-8232-84fd35e5ceb0	NR_181418.1	95.188	852	26	13	5	847	644	1489	0.0	1332
0733d754-5bc7-4a27-b0d4-539f8aa1698d	NR_179540.1	95.830	1151	23	17	1	1138	357	1495	0.0	1836
0733d754-5bc7-4a27-b0d4-539f8aa1698d	NR_028664.1	95.743	1151	25	16	1	1138	360	1499	0.0	1832
0733d754-5bc7-4a27-b0d4-539f8aa1698d	NR_042927.1	95.717	1144	25	16	1	1131	339	1471	0.0	1820
0733d754-5bc7-4a27-b0d4-539f8aa1698d	NR_115240.1	95.717	1144	25	16	1	1131	337	1469	0.0	1820
0733d754-5bc7-4a27-b0d4-539f8aa1698d	NR_042928.1	95.717	1144	24	17	1	1131	337	1468	0.0	1818
fc5324a1-0405-4380-aa16-67b320066ebc	NR_028682.1	94.615	947	29	17	1	930	556	1497	0.0	1447
fc5324a1-0405-4380-aa16-67b320066ebc	NR_116890.1	94.319	933	32	16	1	918	544	1470	0.0	1410
fc5324a1-0405-4380-aa16-67b320066ebc	NR_113798.1	93.763	946	40	13	1	931	540	1481	0.0	1402
fc5324a1-0405-4380-aa16-67b320066ebc	NR_119263.1	93.599	953	38	18	1	936	553	1499	0.0	1400
fc5324a1-0405-4380-aa16-67b320066ebc	NR_025445.1	93.671	948	38	16	1	932	547	1488	0.0	1399
21bae1b1-1a92-4fba-ba30-1df5b3427de0	NR_041989.1	91.880	1367	59	41	3	1329	1355	1	0.0	1862
21bae1b1-1a92-4fba-ba30-1df5b3427de0	NR_117694.1	91.070	1411	70	44	1	1367	1399	1	0.0	1857
21bae1b1-1a92-4fba-ba30-1df5b3427de0	NR_121687.1	90.493	1420	77	45	1	1375	1419	13	0.0	1821
21bae1b1-1a92-4fba-ba30-1df5b3427de0	NR_117717.1	90.204	1419	82	45	1	1375	1419	14	0.0	1797
21bae1b1-1a92-4fba-ba30-1df5b3427de0	NR_121688.1	90.063	1419	85	44	1	1375	1419	13	0.0	1788
33ea8367-6bb4-41a2-bb48-9da0c9667525	NR_028665.1	96.500	400	9	5	1	399	1447	1052	0.0	656
33ea8367-6bb4-41a2-bb48-9da0c9667525	NR_114172.1	96.500	400	9	5	1	399	1430	1035	0.0	656
33ea8367-6bb4-41a2-bb48-9da0c9667525	NR_115239.1	96.500	400	9	5	1	399	1430	1035	0.0	656
33ea8367-6bb4-41a2-bb48-9da0c9667525	NR_027214.1	96.500	400	9	5	1	399	1430	1035	0.0	656
33ea8367-6bb4-41a2-bb48-9da0c9667525	NR_134190.1	96.500	400	9	5	1	399	1411	1016	0.0	656
