c39dab14-238e-4bfb-a4bb-e6e5e9042767	NR_042776.1	96.981	530	13	2	7	533	547	18	0.0	887
c39dab14-238e-4bfb-a4bb-e6e5e9042767	NR_042778.1	96.604	530	15	2	7	533	547	18	0.0	876
c39dab14-238e-4bfb-a4bb-e6e5e9042767	NR_042777.1	96.415	530	15	3	7	533	546	18	0.0	870
c39dab14-238e-4bfb-a4bb-e6e5e9042767	NR_197695.1	96.038	530	18	2	7	533	546	17	0.0	859
c39dab14-238e-4bfb-a4bb-e6e5e9042767	NR_118998.1	95.660	530	20	2	7	533	542	13	0.0	850
901b16e4-caf5-4325-a7da-515711ee0eb9	NR_025862.1	92.365	537	21	15	1	522	666	135	0.0	750
901b16e4-caf5-4325-a7da-515711ee0eb9	NR_028682.1	89.259	540	33	22	1	522	667	135	0.0	652
901b16e4-caf5-4325-a7da-515711ee0eb9	NR_026454.1	88.561	542	35	22	1	522	643	109	0.0	632
901b16e4-caf5-4325-a7da-515711ee0eb9	NR_180911.1	86.827	539	46	21	1	521	657	126	8.78e-165	579
901b16e4-caf5-4325-a7da-515711ee0eb9	NR_024906.1	86.852	540	42	21	1	520	656	126	3.16e-164	577
5942af99-52c2-4f3c-8584-2351eaaabb4d	NR_116212.1	89.972	359	21	13	1	352	1308	958	4.78e-126	449
5942af99-52c2-4f3c-8584-2351eaaabb4d	NR_024842.1	89.694	359	22	13	1	352	1400	1050	2.22e-124	444
5942af99-52c2-4f3c-8584-2351eaaabb4d	NR_036936.1	89.694	359	22	13	1	352	1385	1035	2.22e-124	444
5942af99-52c2-4f3c-8584-2351eaaabb4d	NR_036918.1	89.694	359	22	13	1	352	1402	1052	2.22e-124	444
5942af99-52c2-4f3c-8584-2351eaaabb4d	NR_109720.1	89.694	359	22	13	1	352	1379	1029	2.22e-124	444
9e1c1506-5b0d-4d21-9b74-f858d954c7fd	NR_179540.1	97.090	653	9	8	1	647	847	1495	0.0	1092
9e1c1506-5b0d-4d21-9b74-f858d954c7fd	NR_028664.1	96.789	654	10	9	1	647	850	1499	0.0	1081
9e1c1506-5b0d-4d21-9b74-f858d954c7fd	NR_028665.1	96.784	653	11	7	1	647	844	1492	0.0	1081
9e1c1506-5b0d-4d21-9b74-f858d954c7fd	NR_117719.1	96.789	654	10	9	1	647	847	1496	0.0	1081
9e1c1506-5b0d-4d21-9b74-f858d954c7fd	NR_179383.1	96.789	654	10	9	1	647	854	1503	0.0	1081
aed03ba1-87a1-4f79-9316-2595624e711e	NR_025862.1	95.807	477	14	6	14	487	485	12	0.0	771
aed03ba1-87a1-4f79-9316-2595624e711e	NR_028682.1	92.766	470	24	10	23	486	478	13	0.0	671
aed03ba1-87a1-4f79-9316-2595624e711e	NR_026454.1	89.933	447	34	11	31	468	445	1	6.35e-161	566
aed03ba1-87a1-4f79-9316-2595624e711e	NR_025863.1	87.554	466	45	13	31	487	473	12	2.32e-150	531
aed03ba1-87a1-4f79-9316-2595624e711e	NR_119263.1	87.118	458	38	15	44	485	453	1	6.54e-141	499
1e4decba-975e-4c1c-b040-3e919ae7d09c	NR_133753.1	93.871	310	11	7	1	306	141	446	1.88e-129	460
1e4decba-975e-4c1c-b040-3e919ae7d09c	NR_025903.1	93.871	310	11	7	1	306	187	492	1.88e-129	460
1e4decba-975e-4c1c-b040-3e919ae7d09c	NR_133752.1	92.903	310	14	7	1	306	112	417	1.89e-124	444
1e4decba-975e-4c1c-b040-3e919ae7d09c	NR_026419.1	92.532	308	14	8	4	306	177	480	4.10e-121	433
1e4decba-975e-4c1c-b040-3e919ae7d09c	NR_025904.1	91.586	309	16	9	3	306	188	491	1.15e-116	418
5db57386-5f83-46fb-b2a3-a8641692a859	NR_028682.1	88.289	1520	103	66	2	1490	13	1488	0.0	1751
5db57386-5f83-46fb-b2a3-a8641692a859	NR_116890.1	86.068	1493	127	67	11	1463	1	1452	0.0	1531
5db57386-5f83-46fb-b2a3-a8641692a859	NR_119263.1	85.426	1537	137	74	3	1497	1	1492	0.0	1517
5db57386-5f83-46fb-b2a3-a8641692a859	NR_025396.1	84.844	1478	148	64	19	1463	1	1435	0.0	1419
5db57386-5f83-46fb-b2a3-a8641692a859	NR_119157.1	85.257	1282	112	62	218	1463	197	1437	0.0	1253
ea6d1b94-8df1-4931-83c9-df9c5125c96b	NR_044873.1	97.688	173	2	2	11	182	612	441	3.18e-80	296
ea6d1b94-8df1-4931-83c9-df9c5125c96b	NR_043968.1	95.977	174	4	3	8	180	583	412	3.20e-75	279
ea6d1b94-8df1-4931-83c9-df9c5125c96b	NR_179993.1	95.977	174	4	3	8	180	626	455	3.20e-75	279
ea6d1b94-8df1-4931-83c9-df9c5125c96b	NR_025310.1	95.402	174	5	3	8	180	605	434	1.49e-73	274
ea6d1b94-8df1-4931-83c9-df9c5125c96b	NR_109752.1	95.906	171	4	3	11	180	633	465	1.49e-73	274
923f4b92-1df9-45bb-90ee-c7be89a88459	NR_042776.1	91.176	510	24	18	1	501	512	15	0.0	673
923f4b92-1df9-45bb-90ee-c7be89a88459	NR_042777.1	90.963	509	26	17	1	501	511	15	0.0	667
923f4b92-1df9-45bb-90ee-c7be89a88459	NR_042778.1	90.784	510	26	18	1	501	512	15	0.0	662
923f4b92-1df9-45bb-90ee-c7be89a88459	NR_197695.1	90.588	510	27	18	1	501	511	14	0.0	656
923f4b92-1df9-45bb-90ee-c7be89a88459	NR_118998.1	89.804	510	31	18	1	501	507	10	0.0	636
e34c8886-2671-4471-a7f1-c0c60d92ce5d	NR_163639.1	97.308	520	8	4	1	515	1404	886	0.0	878
e34c8886-2671-4471-a7f1-c0c60d92ce5d	NR_115355.1	96.929	521	9	5	1	515	1389	870	0.0	867
e34c8886-2671-4471-a7f1-c0c60d92ce5d	NR_179325.1	96.929	521	9	5	1	515	1363	844	0.0	867
e34c8886-2671-4471-a7f1-c0c60d92ce5d	NR_041879.1	96.743	522	9	6	1	515	1347	827	0.0	863
e34c8886-2671-4471-a7f1-c0c60d92ce5d	NR_119169.1	96.353	521	12	5	1	515	1394	875	0.0	854
52d0b968-6bf3-473d-8e0c-1aefb640c6a7	NR_174340.1	86.980	553	48	16	6	542	955	1499	1.95e-171	601
52d0b968-6bf3-473d-8e0c-1aefb640c6a7	NR_174341.1	86.980	553	48	16	6	542	955	1499	1.95e-171	601
52d0b968-6bf3-473d-8e0c-1aefb640c6a7	NR_043739.1	86.957	552	48	16	6	541	881	1424	7.01e-171	599
52d0b968-6bf3-473d-8e0c-1aefb640c6a7	NR_041707.1	85.586	555	52	21	6	542	938	1482	4.28e-158	556
52d0b968-6bf3-473d-8e0c-1aefb640c6a7	NR_113909.1	85.560	554	52	21	6	541	940	1483	1.54e-157	555
17e1f948-4f05-4af9-8bf1-1444d5c7f1b5	NR_042776.1	91.762	1396	55	43	31	1385	123	1499	0.0	1886
17e1f948-4f05-4af9-8bf1-1444d5c7f1b5	NR_042777.1	91.685	1395	57	42	31	1385	123	1498	0.0	1879
17e1f948-4f05-4af9-8bf1-1444d5c7f1b5	NR_042778.1	91.476	1396	59	43	31	1385	123	1499	0.0	1864
17e1f948-4f05-4af9-8bf1-1444d5c7f1b5	NR_197695.1	91.189	1396	63	43	31	1385	122	1498	0.0	1842
17e1f948-4f05-4af9-8bf1-1444d5c7f1b5	NR_118998.1	90.903	1396	66	44	31	1385	118	1493	0.0	1820
1eca3cc2-7e92-43f7-9500-ec333cc7c7d1	NR_026419.1	95.599	1318	26	20	3	1293	1323	11	0.0	2084
1eca3cc2-7e92-43f7-9500-ec333cc7c7d1	NR_025903.1	94.310	1318	42	22	3	1293	1335	24	0.0	1988
1eca3cc2-7e92-43f7-9500-ec333cc7c7d1	NR_025904.1	93.935	1319	45	22	3	1293	1334	23	0.0	1960
1eca3cc2-7e92-43f7-9500-ec333cc7c7d1	NR_133753.1	94.363	1295	40	22	3	1270	1289	1	0.0	1956
1eca3cc2-7e92-43f7-9500-ec333cc7c7d1	NR_133752.1	94.234	1266	41	21	3	1242	1260	1	0.0	1905
09799a5c-0902-4250-92f1-f11274ffef4f	NR_115735.1	90.807	979	49	37	1	960	508	1464	0.0	1271
09799a5c-0902-4250-92f1-f11274ffef4f	NR_024842.1	90.714	980	50	37	1	961	532	1489	0.0	1269
09799a5c-0902-4250-92f1-f11274ffef4f	NR_036936.1	90.676	976	51	36	1	957	517	1471	0.0	1262
09799a5c-0902-4250-92f1-f11274ffef4f	NR_115241.1	90.471	976	52	37	1	957	517	1470	0.0	1254
09799a5c-0902-4250-92f1-f11274ffef4f	NR_109720.1	90.712	969	48	38	1	949	511	1457	0.0	1253
82a7cd64-d524-4740-b234-d1176701fbde	NR_028665.1	100.000	312	0	0	1	312	852	1163	1.82e-164	577
82a7cd64-d524-4740-b234-d1176701fbde	NR_112026.1	100.000	312	0	0	1	312	817	1128	1.82e-164	577
82a7cd64-d524-4740-b234-d1176701fbde	NR_115239.1	100.000	312	0	0	1	312	835	1146	1.82e-164	577
82a7cd64-d524-4740-b234-d1176701fbde	NR_117496.1	100.000	312	0	0	1	312	835	1146	1.82e-164	577
82a7cd64-d524-4740-b234-d1176701fbde	NR_165741.1	100.000	312	0	0	1	312	844	1155	1.82e-164	577
46f6f0d2-c1cd-4fc1-a359-9d85526231d7	NR_115355.1	90.027	732	42	26	1	714	1401	683	0.0	918
46f6f0d2-c1cd-4fc1-a359-9d85526231d7	NR_179325.1	90.027	732	42	26	1	714	1375	657	0.0	918
46f6f0d2-c1cd-4fc1-a359-9d85526231d7	NR_041879.1	89.905	733	42	27	1	714	1359	640	0.0	915
46f6f0d2-c1cd-4fc1-a359-9d85526231d7	NR_115354.1	89.754	732	44	26	1	714	1401	683	0.0	909
46f6f0d2-c1cd-4fc1-a359-9d85526231d7	NR_119169.1	89.754	732	44	25	1	714	1406	688	0.0	909
f1a45cb0-d8d6-4caa-b218-c8118d56b9e2	NR_115241.1	93.631	471	14	9	1	459	643	177	0.0	689
f1a45cb0-d8d6-4caa-b218-c8118d56b9e2	NR_115735.1	93.631	471	14	9	1	459	634	168	0.0	689
f1a45cb0-d8d6-4caa-b218-c8118d56b9e2	NR_116211.1	93.631	471	14	9	1	459	566	100	0.0	689
f1a45cb0-d8d6-4caa-b218-c8118d56b9e2	NR_117425.1	93.576	467	16	7	4	459	643	180	0.0	684
f1a45cb0-d8d6-4caa-b218-c8118d56b9e2	NR_024842.1	93.206	471	16	9	1	459	658	192	0.0	682
9a34ed1d-95fa-47c3-ae6b-687c17a5fbad	NR_042776.1	93.771	1477	49	34	13	1464	1473	15	0.0	2178
9a34ed1d-95fa-47c3-ae6b-687c17a5fbad	NR_042777.1	93.568	1477	51	35	13	1464	1472	15	0.0	2161
9a34ed1d-95fa-47c3-ae6b-687c17a5fbad	NR_042778.1	93.568	1477	52	34	13	1464	1473	15	0.0	2161
9a34ed1d-95fa-47c3-ae6b-687c17a5fbad	NR_197695.1	93.166	1478	56	36	13	1464	1472	14	0.0	2128
9a34ed1d-95fa-47c3-ae6b-687c17a5fbad	NR_118998.1	93.022	1476	61	33	13	1464	1467	10	0.0	2119
e03418e1-cabc-44bc-aef8-c2d341cc1764	NR_116168.1	88.185	1405	87	53	6	1352	1397	14	0.0	1602
e03418e1-cabc-44bc-aef8-c2d341cc1764	NR_042878.1	88.906	1316	81	41	20	1287	1362	64	0.0	1570
e03418e1-cabc-44bc-aef8-c2d341cc1764	NR_118762.1	86.966	1404	107	51	6	1353	1399	16	0.0	1544
e03418e1-cabc-44bc-aef8-c2d341cc1764	NR_118143.1	87.538	1316	99	42	20	1287	1364	66	0.0	1463
e03418e1-cabc-44bc-aef8-c2d341cc1764	NR_025423.1	87.097	1333	101	46	6	1287	1381	69	0.0	1443
68861b4f-bc5e-4960-9f05-b48409a83ab0	NR_116168.1	90.757	1439	74	48	1	1400	69	1487	0.0	1866
68861b4f-bc5e-4960-9f05-b48409a83ab0	NR_118762.1	89.853	1429	88	47	3	1394	74	1482	0.0	1820
68861b4f-bc5e-4960-9f05-b48409a83ab0	NR_042878.1	91.216	1332	63	44	3	1299	50	1362	0.0	1766
68861b4f-bc5e-4960-9f05-b48409a83ab0	NR_025423.1	88.518	1437	102	52	3	1397	53	1468	0.0	1681
68861b4f-bc5e-4960-9f05-b48409a83ab0	NR_118143.1	89.422	1333	87	44	3	1299	50	1364	0.0	1633
f934da54-cb4a-4a85-89df-3172562e765f	NR_133753.1	97.198	464	8	5	1	460	564	102	0.0	780
f934da54-cb4a-4a85-89df-3172562e765f	NR_025903.1	97.198	464	8	5	1	460	610	148	0.0	780
f934da54-cb4a-4a85-89df-3172562e765f	NR_133752.1	96.552	464	11	5	1	460	535	73	0.0	763
f934da54-cb4a-4a85-89df-3172562e765f	NR_026419.1	95.054	465	17	6	1	460	598	135	0.0	726
f934da54-cb4a-4a85-89df-3172562e765f	NR_036920.1	94.323	458	22	4	1	455	603	147	0.0	699
045fdacb-cef4-4036-a906-c1615adc9dcd	NR_179325.1	89.947	1333	86	42	4	1309	145	1456	0.0	1676
045fdacb-cef4-4036-a906-c1615adc9dcd	NR_115355.1	89.872	1333	87	42	4	1309	171	1482	0.0	1672
045fdacb-cef4-4036-a906-c1615adc9dcd	NR_074980.1	89.857	1331	87	41	6	1309	200	1509	0.0	1666
045fdacb-cef4-4036-a906-c1615adc9dcd	NR_113031.1	89.857	1331	87	41	6	1309	200	1509	0.0	1666
045fdacb-cef4-4036-a906-c1615adc9dcd	NR_119169.1	89.722	1333	89	42	4	1309	176	1487	0.0	1663
f36ca8c6-075e-4336-8e67-b7c2e8c1d680	NR_026419.1	90.858	1247	63	38	3	1216	256	1484	0.0	1624
f36ca8c6-075e-4336-8e67-b7c2e8c1d680	NR_025903.1	90.128	1246	73	37	3	1216	268	1495	0.0	1574
f36ca8c6-075e-4336-8e67-b7c2e8c1d680	NR_025904.1	89.976	1247	73	39	3	1216	267	1494	0.0	1563
f36ca8c6-075e-4336-8e67-b7c2e8c1d680	NR_133753.1	90.016	1222	73	36	3	1192	222	1426	0.0	1535
f36ca8c6-075e-4336-8e67-b7c2e8c1d680	NR_133752.1	89.935	1222	74	36	3	1192	193	1397	0.0	1530
f6aacfad-d61a-49ad-a3d4-934a7fbe0bed	NR_041989.1	92.624	1166	45	35	14	1155	1149	1	0.0	1639
f6aacfad-d61a-49ad-a3d4-934a7fbe0bed	NR_117694.1	91.946	1192	51	40	14	1179	1191	19	0.0	1628
f6aacfad-d61a-49ad-a3d4-934a7fbe0bed	NR_121687.1	90.625	1216	65	41	14	1199	1211	15	0.0	1568
f6aacfad-d61a-49ad-a3d4-934a7fbe0bed	NR_025892.1	90.123	1215	72	40	14	1199	1216	21	0.0	1561
f6aacfad-d61a-49ad-a3d4-934a7fbe0bed	NR_117717.1	90.445	1214	70	37	14	1199	1211	16	0.0	1557
8b38adc4-350b-4b52-9f12-5caba1b3f8d0	NR_042776.1	94.465	271	6	6	1	270	1237	1499	6.10e-114	409
8b38adc4-350b-4b52-9f12-5caba1b3f8d0	NR_042777.1	94.465	271	6	6	1	270	1236	1498	6.10e-114	409
8b38adc4-350b-4b52-9f12-5caba1b3f8d0	NR_042051.1	94.118	272	6	7	1	270	1164	1427	7.90e-113	405
8b38adc4-350b-4b52-9f12-5caba1b3f8d0	NR_115719.1	94.118	272	6	7	1	270	1204	1467	7.90e-113	405
8b38adc4-350b-4b52-9f12-5caba1b3f8d0	NR_042052.1	94.096	271	7	6	1	270	1135	1397	2.84e-112	403
ced5002d-81e3-4550-9a34-fdbafb106c75	NR_041880.1	94.780	364	7	6	6	366	958	604	2.83e-158	556
ced5002d-81e3-4550-9a34-fdbafb106c75	NR_074980.1	94.780	364	7	6	6	366	1029	675	2.83e-158	556
ced5002d-81e3-4550-9a34-fdbafb106c75	NR_113031.1	94.780	364	7	6	6	366	1029	675	2.83e-158	556
ced5002d-81e3-4550-9a34-fdbafb106c75	NR_179325.1	94.780	364	7	6	6	366	976	622	2.83e-158	556
ced5002d-81e3-4550-9a34-fdbafb106c75	NR_025762.1	95.238	357	6	5	12	366	973	626	1.02e-157	555
9e826443-ed06-45a0-94ea-2b1d23cef0c5	NR_179540.1	97.122	938	10	13	1	929	1219	290	0.0	1567
9e826443-ed06-45a0-94ea-2b1d23cef0c5	NR_042927.1	97.015	938	11	13	1	929	1201	272	0.0	1561
9e826443-ed06-45a0-94ea-2b1d23cef0c5	NR_114413.1	97.015	938	11	13	1	929	1224	295	0.0	1561
9e826443-ed06-45a0-94ea-2b1d23cef0c5	NR_115734.1	97.015	938	11	13	1	929	1202	273	0.0	1561
9e826443-ed06-45a0-94ea-2b1d23cef0c5	NR_116210.1	97.015	938	11	13	1	929	1064	135	0.0	1561
ebd4a800-fea5-455c-8357-210e5c2fbccb	NR_025862.1	92.376	1233	43	36	1	1205	1220	11	0.0	1718
ebd4a800-fea5-455c-8357-210e5c2fbccb	NR_028682.1	90.976	1230	63	37	1	1203	1221	13	0.0	1613
ebd4a800-fea5-455c-8357-210e5c2fbccb	NR_026454.1	89.975	1217	71	39	1	1186	1197	1	0.0	1524
ebd4a800-fea5-455c-8357-210e5c2fbccb	NR_145937.1	89.373	1148	70	37	4	1120	1205	79	0.0	1397
ebd4a800-fea5-455c-8357-210e5c2fbccb	NR_041706.1	89.286	1148	71	38	4	1120	1206	80	0.0	1391
4b344cc9-8e5b-4498-8ed3-ae86762888ac	NR_026454.1	94.648	355	10	7	1	350	1151	801	7.52e-154	542
4b344cc9-8e5b-4498-8ed3-ae86762888ac	NR_025862.1	94.366	355	11	7	1	350	1174	824	9.73e-153	538
4b344cc9-8e5b-4498-8ed3-ae86762888ac	NR_028682.1	93.803	355	13	7	1	350	1175	825	7.58e-149	525
4b344cc9-8e5b-4498-8ed3-ae86762888ac	NR_040926.1	93.803	355	13	7	1	350	1153	803	7.58e-149	525
4b344cc9-8e5b-4498-8ed3-ae86762888ac	NR_113798.1	93.539	356	13	8	1	350	1160	809	9.80e-148	521
da007fcd-d241-442d-b183-dbae6e138826	NR_025289.1	90.114	526	33	17	1	516	517	1	0.0	665
da007fcd-d241-442d-b183-dbae6e138826	NR_118780.1	89.592	490	38	12	38	522	482	1	3.16e-174	610
da007fcd-d241-442d-b183-dbae6e138826	NR_134694.1	81.378	537	75	24	1	524	532	8	2.66e-115	414
da007fcd-d241-442d-b183-dbae6e138826	NR_180807.1	82.222	495	68	20	38	524	499	17	1.24e-113	409
da007fcd-d241-442d-b183-dbae6e138826	NR_180805.1	81.856	485	70	18	38	515	474	1	1.25e-108	392
a8a3be8c-fdd2-4a53-8c32-eb52297e87a3	NR_136788.1	93.608	704	23	19	1	691	707	13	0.0	1031
a8a3be8c-fdd2-4a53-8c32-eb52297e87a3	NR_113082.1	91.193	704	40	20	1	691	707	13	0.0	937
a8a3be8c-fdd2-4a53-8c32-eb52297e87a3	NR_026230.1	90.205	684	45	20	1	671	685	11	0.0	887
a8a3be8c-fdd2-4a53-8c32-eb52297e87a3	NR_113076.1	82.461	707	93	26	1	691	692	1	5.42e-168	590
a8a3be8c-fdd2-4a53-8c32-eb52297e87a3	NR_043317.1	83.043	631	85	19	1	619	652	32	7.12e-157	553
6f9ff4d3-95f9-4af9-af71-a7449cfc7fa5	NR_042776.1	95.561	383	9	8	1	378	397	18	2.86e-173	606
6f9ff4d3-95f9-4af9-af71-a7449cfc7fa5	NR_042778.1	95.561	383	9	8	1	378	397	18	2.86e-173	606
6f9ff4d3-95f9-4af9-af71-a7449cfc7fa5	NR_118998.1	95.039	383	11	7	1	378	392	13	1.72e-170	597
6f9ff4d3-95f9-4af9-af71-a7449cfc7fa5	NR_042777.1	95.039	383	11	8	1	378	397	18	6.20e-170	595
6f9ff4d3-95f9-4af9-af71-a7449cfc7fa5	NR_197695.1	94.256	383	14	8	1	378	396	17	6.24e-165	579
86fcd3cf-64d3-4165-abb0-2bb8f3da9101	NR_165747.1	94.286	245	9	5	30	272	242	1	2.97e-102	370
86fcd3cf-64d3-4165-abb0-2bb8f3da9101	NR_042928.1	92.653	245	13	5	30	272	242	1	1.39e-95	348
86fcd3cf-64d3-4165-abb0-2bb8f3da9101	NR_179385.1	91.700	253	15	6	30	279	266	17	5.01e-95	346
86fcd3cf-64d3-4165-abb0-2bb8f3da9101	NR_028664.1	91.304	253	16	6	30	279	265	16	2.33e-93	340
86fcd3cf-64d3-4165-abb0-2bb8f3da9101	NR_165741.1	91.304	253	16	6	30	279	251	2	2.33e-93	340
a95902db-308b-4adb-888e-a6a2de93f2e8	NR_102895.1	94.996	1259	36	22	1	1247	1264	21	0.0	1951
a95902db-308b-4adb-888e-a6a2de93f2e8	NR_113113.1	94.917	1259	37	22	1	1247	1244	1	0.0	1945
a95902db-308b-4adb-888e-a6a2de93f2e8	NR_042843.1	94.884	1251	37	22	1	1239	1236	1	0.0	1932
a95902db-308b-4adb-888e-a6a2de93f2e8	NR_114305.1	93.249	1259	58	21	1	1247	1256	13	0.0	1829
a95902db-308b-4adb-888e-a6a2de93f2e8	NR_116726.1	93.205	1251	58	21	1	1239	1236	1	0.0	1814
4a22c406-ea46-4af0-8ef3-6b60da5809b7	NR_025862.1	91.724	580	28	17	1	573	860	294	0.0	791
4a22c406-ea46-4af0-8ef3-6b60da5809b7	NR_026454.1	90.738	583	30	21	1	573	837	269	0.0	756
4a22c406-ea46-4af0-8ef3-6b60da5809b7	NR_180652.1	90.345	580	36	17	1	573	850	284	0.0	743
4a22c406-ea46-4af0-8ef3-6b60da5809b7	NR_026467.1	90.206	582	33	20	1	573	842	276	0.0	737
4a22c406-ea46-4af0-8ef3-6b60da5809b7	NR_024906.1	90.155	579	39	15	1	573	850	284	0.0	737
9a8b53c6-5fd8-45f9-9e39-d70a56d83207	NR_026419.1	93.699	730	26	16	1	714	1428	703	0.0	1075
9a8b53c6-5fd8-45f9-9e39-d70a56d83207	NR_133752.1	92.740	730	33	16	1	714	1365	640	0.0	1037
9a8b53c6-5fd8-45f9-9e39-d70a56d83207	NR_133753.1	92.740	730	33	16	1	714	1394	669	0.0	1037
9a8b53c6-5fd8-45f9-9e39-d70a56d83207	NR_025903.1	92.740	730	33	16	1	714	1440	715	0.0	1037
9a8b53c6-5fd8-45f9-9e39-d70a56d83207	NR_025904.1	92.603	730	34	16	1	714	1439	714	0.0	1031
ac273eca-3d92-4249-b53e-a508c8ecec11	NR_026419.1	97.179	1099	21	10	24	1119	1092	1	0.0	1849
ac273eca-3d92-4249-b53e-a508c8ecec11	NR_025903.1	96.029	1108	33	11	24	1128	1104	5	0.0	1792
ac273eca-3d92-4249-b53e-a508c8ecec11	NR_025904.1	95.405	1110	36	14	24	1128	1103	4	0.0	1753
ac273eca-3d92-4249-b53e-a508c8ecec11	NR_133753.1	96.310	1057	30	9	24	1079	1058	10	0.0	1727
ac273eca-3d92-4249-b53e-a508c8ecec11	NR_133752.1	95.950	1037	33	9	24	1059	1029	1	0.0	1674
5e20437d-1ad2-4bc3-ad52-5d6ba84be489	NR_042776.1	97.853	1211	12	12	1	1202	1351	146	0.0	2080
5e20437d-1ad2-4bc3-ad52-5d6ba84be489	NR_042778.1	97.605	1211	15	12	1	1202	1351	146	0.0	2063
5e20437d-1ad2-4bc3-ad52-5d6ba84be489	NR_042777.1	97.605	1211	14	13	1	1202	1350	146	0.0	2061
5e20437d-1ad2-4bc3-ad52-5d6ba84be489	NR_197695.1	97.275	1211	19	12	1	1202	1350	145	0.0	2041
5e20437d-1ad2-4bc3-ad52-5d6ba84be489	NR_118998.1	96.945	1211	22	13	1	1202	1345	141	0.0	2017
03cb3366-9771-4f30-a21b-c75ce57b59ff	NR_024842.1	95.887	705	16	10	1	698	706	8	0.0	1133
03cb3366-9771-4f30-a21b-c75ce57b59ff	NR_115241.1	96.126	697	14	10	1	690	691	1	0.0	1125
03cb3366-9771-4f30-a21b-c75ce57b59ff	NR_115735.1	95.930	688	14	11	1	680	682	1	0.0	1103
03cb3366-9771-4f30-a21b-c75ce57b59ff	NR_178515.1	95.272	698	18	12	1	690	691	1	0.0	1092
03cb3366-9771-4f30-a21b-c75ce57b59ff	NR_165737.1	94.986	698	20	12	1	690	691	1	0.0	1081
fdabf054-6494-460c-94d8-641b1075bd72	NR_025862.1	94.490	363	9	10	3	359	369	12	3.57e-157	553
fdabf054-6494-460c-94d8-641b1075bd72	NR_028682.1	92.308	364	14	13	3	358	370	13	1.01e-142	505
fdabf054-6494-460c-94d8-641b1075bd72	NR_026454.1	86.782	348	32	14	3	340	344	1	8.30e-104	375
fdabf054-6494-460c-94d8-641b1075bd72	NR_180371.1	84.267	375	35	16	2	358	381	13	2.34e-94	344
fdabf054-6494-460c-94d8-641b1075bd72	NR_114779.2	83.777	376	33	20	2	358	379	13	1.82e-90	331
b7d6bb33-c5a0-4c09-83f6-2e8cb69e5959	NR_025862.1	98.653	594	5	3	1	591	527	1120	0.0	1053
b7d6bb33-c5a0-4c09-83f6-2e8cb69e5959	NR_026454.1	98.653	594	5	3	1	591	504	1097	0.0	1050
b7d6bb33-c5a0-4c09-83f6-2e8cb69e5959	NR_180652.1	98.148	594	8	3	1	591	517	1110	0.0	1033
b7d6bb33-c5a0-4c09-83f6-2e8cb69e5959	NR_041706.1	97.980	594	9	3	1	591	516	1109	0.0	1027
b7d6bb33-c5a0-4c09-83f6-2e8cb69e5959	NR_113928.1	97.980	594	9	3	1	591	515	1108	0.0	1027
035c7af1-95c5-4941-a9fb-fa3f0e63c6b9	NR_044873.1	95.521	1094	26	19	1	1078	379	1465	0.0	1727
035c7af1-95c5-4941-a9fb-fa3f0e63c6b9	NR_074568.1	93.978	1096	46	17	1	1083	390	1478	0.0	1640
035c7af1-95c5-4941-a9fb-fa3f0e63c6b9	NR_109752.1	93.807	1098	46	20	1	1083	401	1491	0.0	1631
035c7af1-95c5-4941-a9fb-fa3f0e63c6b9	NR_025310.1	93.727	1100	43	24	1	1083	370	1460	0.0	1626
035c7af1-95c5-4941-a9fb-fa3f0e63c6b9	NR_178360.1	93.693	1094	45	22	1	1077	357	1443	0.0	1616
08b20115-04b8-474a-9682-04814f7e4693	NR_041989.1	97.418	426	7	4	1	424	1347	924	0.0	723
08b20115-04b8-474a-9682-04814f7e4693	NR_104947.1	97.183	426	8	4	1	424	1362	939	0.0	717
08b20115-04b8-474a-9682-04814f7e4693	NR_117717.1	97.183	426	8	4	1	424	1409	986	0.0	717
08b20115-04b8-474a-9682-04814f7e4693	NR_121687.1	97.183	426	8	4	1	424	1409	986	0.0	717
08b20115-04b8-474a-9682-04814f7e4693	NR_117694.1	97.183	426	8	4	1	424	1389	966	0.0	717
403f3138-b6b8-4004-8135-077ca08d2932	NR_179325.1	93.696	698	22	19	1	682	765	1456	0.0	1026
403f3138-b6b8-4004-8135-077ca08d2932	NR_115354.1	93.553	698	23	20	1	682	791	1482	0.0	1020
403f3138-b6b8-4004-8135-077ca08d2932	NR_115355.1	93.553	698	23	20	1	682	791	1482	0.0	1020
403f3138-b6b8-4004-8135-077ca08d2932	NR_163639.1	93.410	698	22	22	1	682	808	1497	0.0	1013
403f3138-b6b8-4004-8135-077ca08d2932	NR_119169.1	93.123	698	26	20	1	682	796	1487	0.0	1007
8c1e48a1-bc11-425c-b538-061e0986476e	NR_044873.1	90.217	1339	66	52	1	1294	1325	7	0.0	1687
8c1e48a1-bc11-425c-b538-061e0986476e	NR_025310.1	88.042	1338	90	58	1	1291	1315	1	0.0	1520
8c1e48a1-bc11-425c-b538-061e0986476e	NR_109752.1	87.910	1340	95	56	1	1294	1346	28	0.0	1515
8c1e48a1-bc11-425c-b538-061e0986476e	NR_179993.1	87.687	1340	98	56	1	1294	1336	18	0.0	1498
8c1e48a1-bc11-425c-b538-061e0986476e	NR_178360.1	87.680	1323	96	56	1	1277	1302	1	0.0	1478
6cdcb3d5-a99a-4acb-9d5f-549117f663ad	NR_178369.1	97.227	613	8	8	1	610	1379	773	0.0	1029
6cdcb3d5-a99a-4acb-9d5f-549117f663ad	NR_117694.1	97.064	613	9	8	1	610	1408	802	0.0	1024
6cdcb3d5-a99a-4acb-9d5f-549117f663ad	NR_043459.1	96.900	613	10	8	1	610	1432	826	0.0	1018
6cdcb3d5-a99a-4acb-9d5f-549117f663ad	NR_121687.1	96.900	613	10	8	1	610	1428	822	0.0	1018
6cdcb3d5-a99a-4acb-9d5f-549117f663ad	NR_117692.1	96.900	613	10	8	1	610	1408	802	0.0	1018
e871ba25-c582-4f4a-8bb7-c5afd58294b2	NR_042776.1	95.536	1165	25	17	5	1151	1174	19	0.0	1838
e871ba25-c582-4f4a-8bb7-c5afd58294b2	NR_042778.1	95.365	1165	27	17	5	1151	1174	19	0.0	1827
e871ba25-c582-4f4a-8bb7-c5afd58294b2	NR_042777.1	95.279	1165	27	18	5	1151	1173	19	0.0	1821
e871ba25-c582-4f4a-8bb7-c5afd58294b2	NR_197695.1	94.936	1165	32	17	5	1151	1173	18	0.0	1799
e871ba25-c582-4f4a-8bb7-c5afd58294b2	NR_118998.1	94.506	1165	36	18	5	1151	1168	14	0.0	1773
6b933ae2-945a-4ec5-9f2f-5d36035bfc0f	NR_028664.1	95.792	1426	37	17	1	1410	1434	16	0.0	2279
6b933ae2-945a-4ec5-9f2f-5d36035bfc0f	NR_042928.1	95.910	1418	35	17	1	1402	1411	1	0.0	2276
6b933ae2-945a-4ec5-9f2f-5d36035bfc0f	NR_117719.1	95.722	1426	38	17	1	1410	1431	13	0.0	2274
6b933ae2-945a-4ec5-9f2f-5d36035bfc0f	NR_199545.1	95.722	1426	38	17	1	1410	1431	13	0.0	2274
6b933ae2-945a-4ec5-9f2f-5d36035bfc0f	NR_115240.1	95.839	1418	36	17	1	1402	1411	1	0.0	2270
a972e426-3844-45f9-90e2-97a214d2bfc1	NR_040821.1	90.947	243	10	8	1	232	1237	1478	3.18e-86	316
a972e426-3844-45f9-90e2-97a214d2bfc1	NR_025148.1	90.947	243	10	8	1	232	1257	1498	3.18e-86	316
a972e426-3844-45f9-90e2-97a214d2bfc1	NR_040820.1	90.947	243	10	8	1	232	1237	1478	3.18e-86	316
a972e426-3844-45f9-90e2-97a214d2bfc1	NR_134818.1	90.947	243	10	8	1	232	1250	1491	3.18e-86	316
a972e426-3844-45f9-90e2-97a214d2bfc1	NR_126177.1	90.947	243	10	8	1	232	1239	1480	3.18e-86	316
8f6b0307-ed51-4968-8d08-3a808cefbae3	NR_042928.1	92.322	534	21	20	4	529	522	1	0.0	741
8f6b0307-ed51-4968-8d08-3a808cefbae3	NR_109720.1	92.235	528	23	18	4	523	518	1	0.0	732
8f6b0307-ed51-4968-8d08-3a808cefbae3	NR_036936.1	91.573	534	27	18	4	529	524	1	0.0	723
8f6b0307-ed51-4968-8d08-3a808cefbae3	NR_199547.1	92.759	511	18	19	4	506	502	3	0.0	721
8f6b0307-ed51-4968-8d08-3a808cefbae3	NR_112026.1	92.263	517	20	20	4	512	505	1	0.0	715
c99fe4be-7504-457f-92a3-be1e30eca431	NR_199547.1	90.486	1419	54	62	1	1365	1417	26	0.0	1797
c99fe4be-7504-457f-92a3-be1e30eca431	NR_042928.1	89.768	1466	59	70	1	1404	1437	1	0.0	1792
c99fe4be-7504-457f-92a3-be1e30eca431	NR_179385.1	89.417	1474	65	71	1	1412	1461	17	0.0	1773
c99fe4be-7504-457f-92a3-be1e30eca431	NR_199545.1	89.417	1474	65	71	1	1412	1457	13	0.0	1773
c99fe4be-7504-457f-92a3-be1e30eca431	NR_118234.1	89.295	1476	68	69	1	1413	1457	9	0.0	1768
e5f554bc-7c4e-4b6a-8f2c-5b9f392d77c7	NR_044873.1	93.320	494	21	11	1	487	491	3	0.0	719
e5f554bc-7c4e-4b6a-8f2c-5b9f392d77c7	NR_074568.1	91.903	494	28	12	1	487	502	14	0.0	680
e5f554bc-7c4e-4b6a-8f2c-5b9f392d77c7	NR_044712.2	91.296	494	31	12	1	487	511	23	0.0	669
e5f554bc-7c4e-4b6a-8f2c-5b9f392d77c7	NR_179993.1	89.697	495	38	12	1	487	503	14	4.84e-177	619
e5f554bc-7c4e-4b6a-8f2c-5b9f392d77c7	NR_025310.1	90.208	480	35	11	1	473	482	8	6.26e-176	616
99644919-3f98-4ac3-a472-478557a231a7	NR_042776.1	91.495	823	42	22	1	809	692	1500	0.0	1107
99644919-3f98-4ac3-a472-478557a231a7	NR_042777.1	91.495	823	42	22	1	809	691	1499	0.0	1107
99644919-3f98-4ac3-a472-478557a231a7	NR_042778.1	91.373	823	43	22	1	809	692	1500	0.0	1101
99644919-3f98-4ac3-a472-478557a231a7	NR_197695.1	91.252	823	44	22	1	809	691	1499	0.0	1096
99644919-3f98-4ac3-a472-478557a231a7	NR_118998.1	90.998	822	47	22	1	809	687	1494	0.0	1083
8eb775a7-e886-4981-9474-31899364d85d	NR_116168.1	95.191	1019	26	18	1	1003	1034	23	0.0	1589
8eb775a7-e886-4981-9474-31899364d85d	NR_042878.1	94.897	1019	29	18	1	1003	1013	2	0.0	1583
8eb775a7-e886-4981-9474-31899364d85d	NR_118762.1	93.032	1019	47	19	1	1003	1036	26	0.0	1504
8eb775a7-e886-4981-9474-31899364d85d	NR_118143.1	93.144	1021	45	20	1	1003	1015	2	0.0	1476
8eb775a7-e886-4981-9474-31899364d85d	NR_025423.1	92.360	1021	53	20	1	1003	1018	5	0.0	1430
6d07d780-52f3-4211-95cf-0e97fe1ae15b	NR_026419.1	95.568	1399	32	23	1	1378	1390	1	0.0	2213
6d07d780-52f3-4211-95cf-0e97fe1ae15b	NR_025903.1	94.437	1402	47	25	1	1381	1402	11	0.0	2128
6d07d780-52f3-4211-95cf-0e97fe1ae15b	NR_133753.1	94.583	1366	43	25	1	1345	1356	1	0.0	2084
6d07d780-52f3-4211-95cf-0e97fe1ae15b	NR_025904.1	93.808	1405	50	29	1	1381	1401	10	0.0	2078
6d07d780-52f3-4211-95cf-0e97fe1ae15b	NR_133752.1	94.390	1337	45	24	1	1317	1327	1	0.0	2026
76a433d9-deee-45d2-8b39-b982b6d5e629	NR_179325.1	92.128	1029	42	27	1	1001	439	1456	0.0	1415
76a433d9-deee-45d2-8b39-b982b6d5e629	NR_115355.1	92.039	1030	41	29	1	1001	465	1482	0.0	1410
76a433d9-deee-45d2-8b39-b982b6d5e629	NR_163639.1	91.942	1030	41	29	1	1001	481	1497	0.0	1404
76a433d9-deee-45d2-8b39-b982b6d5e629	NR_119169.1	91.845	1030	43	29	1	1001	470	1487	0.0	1402
76a433d9-deee-45d2-8b39-b982b6d5e629	NR_115354.1	91.448	1029	49	27	1	1001	465	1482	0.0	1380
d8f147b1-7f99-4a83-8821-6bf20e2972eb	NR_044873.1	95.273	825	20	14	1	814	823	7	0.0	1290
d8f147b1-7f99-4a83-8821-6bf20e2972eb	NR_074568.1	93.333	825	35	14	1	814	833	18	0.0	1201
d8f147b1-7f99-4a83-8821-6bf20e2972eb	NR_044712.2	92.970	825	38	14	1	814	842	27	0.0	1190
d8f147b1-7f99-4a83-8821-6bf20e2972eb	NR_179993.1	92.494	826	41	15	1	814	834	18	0.0	1162
d8f147b1-7f99-4a83-8821-6bf20e2972eb	NR_024785.1	93.233	798	36	12	1	789	789	1	0.0	1158
87ac29a5-d629-4903-aba8-8f20c47277f4	NR_036936.1	91.252	1486	83	39	10	1463	1	1471	0.0	1982
87ac29a5-d629-4903-aba8-8f20c47277f4	NR_042776.1	90.848	1497	91	37	2	1467	18	1499	0.0	1964
87ac29a5-d629-4903-aba8-8f20c47277f4	NR_042777.1	90.648	1497	93	38	2	1467	18	1498	0.0	1945
87ac29a5-d629-4903-aba8-8f20c47277f4	NR_109720.1	91.088	1470	84	39	16	1453	1	1455	0.0	1945
87ac29a5-d629-4903-aba8-8f20c47277f4	NR_042778.1	90.581	1497	95	37	2	1467	18	1499	0.0	1941
e1b57c92-1fce-4f30-a799-5887d52c8bf0	NR_042878.1	93.095	391	17	9	4	389	1226	841	1.80e-160	564
e1b57c92-1fce-4f30-a799-5887d52c8bf0	NR_116168.1	93.095	391	17	9	4	389	1247	862	1.80e-160	564
e1b57c92-1fce-4f30-a799-5887d52c8bf0	NR_118143.1	92.583	391	19	9	4	389	1228	843	3.89e-157	553
e1b57c92-1fce-4f30-a799-5887d52c8bf0	NR_025338.1	92.727	385	18	9	9	388	1233	854	1.81e-155	547
e1b57c92-1fce-4f30-a799-5887d52c8bf0	NR_041979.1	92.727	385	18	9	9	388	1225	846	1.81e-155	547
59efd39f-3fc6-4efd-a835-e572609e94fd	NR_042776.1	92.735	468	18	12	1	465	1045	1499	0.0	662
59efd39f-3fc6-4efd-a835-e572609e94fd	NR_042777.1	92.735	468	18	12	1	465	1044	1498	0.0	662
59efd39f-3fc6-4efd-a835-e572609e94fd	NR_042778.1	92.308	468	20	12	1	465	1045	1499	0.0	651
59efd39f-3fc6-4efd-a835-e572609e94fd	NR_118998.1	92.308	468	20	12	1	465	1039	1493	0.0	651
59efd39f-3fc6-4efd-a835-e572609e94fd	NR_197695.1	92.308	468	20	12	1	465	1044	1498	0.0	651
8e205c11-9558-4b10-9a29-4cf4471a3508	NR_179540.1	96.104	847	17	12	1	838	653	1492	0.0	1367
8e205c11-9558-4b10-9a29-4cf4471a3508	NR_117719.1	95.991	848	17	13	1	838	653	1493	0.0	1362
8e205c11-9558-4b10-9a29-4cf4471a3508	NR_042927.1	96.090	844	16	13	1	834	635	1471	0.0	1360
8e205c11-9558-4b10-9a29-4cf4471a3508	NR_115734.1	96.090	844	16	13	1	834	636	1472	0.0	1360
8e205c11-9558-4b10-9a29-4cf4471a3508	NR_028664.1	95.873	848	18	13	1	838	656	1496	0.0	1356
c9d619a4-4529-430a-b843-2b28a9243ef9	NR_042776.1	94.037	218	7	6	1	214	221	436	4.91e-89	326
c9d619a4-4529-430a-b843-2b28a9243ef9	NR_042777.1	94.037	218	7	6	1	214	221	436	4.91e-89	326
c9d619a4-4529-430a-b843-2b28a9243ef9	NR_197695.1	94.037	218	7	6	1	214	220	435	4.91e-89	326
c9d619a4-4529-430a-b843-2b28a9243ef9	NR_042778.1	93.578	218	8	6	1	214	221	436	2.29e-87	320
c9d619a4-4529-430a-b843-2b28a9243ef9	NR_028736.1	93.519	216	8	6	3	214	222	435	2.96e-86	316
7cdd9f70-d469-4a98-a435-63f15650c1ee	NR_041989.1	95.575	1130	22	19	1	1105	1127	1	0.0	1784
7cdd9f70-d469-4a98-a435-63f15650c1ee	NR_117692.1	93.857	1172	43	20	1	1146	1169	1	0.0	1738
7cdd9f70-d469-4a98-a435-63f15650c1ee	NR_117717.1	93.475	1180	47	20	1	1154	1189	14	0.0	1725
7cdd9f70-d469-4a98-a435-63f15650c1ee	NR_121688.1	93.305	1180	50	19	1	1154	1189	13	0.0	1714
7cdd9f70-d469-4a98-a435-63f15650c1ee	NR_117701.1	93.345	1172	49	19	1	1146	1169	1	0.0	1705
5a470ccc-584b-4dd1-bc66-3a6e55e74294	NR_041879.1	92.188	704	26	23	1	681	781	84	0.0	968
5a470ccc-584b-4dd1-bc66-3a6e55e74294	NR_115355.1	92.045	704	27	23	1	681	824	127	0.0	965
5a470ccc-584b-4dd1-bc66-3a6e55e74294	NR_179325.1	92.057	705	26	24	1	681	798	100	0.0	965
5a470ccc-584b-4dd1-bc66-3a6e55e74294	NR_119169.1	91.903	704	28	23	1	681	829	132	0.0	959
5a470ccc-584b-4dd1-bc66-3a6e55e74294	NR_113570.1	91.773	705	28	24	1	681	831	133	0.0	953
ad7b88f2-c213-4768-adba-b1b8aa4f5bd9	NR_042928.1	95.745	1034	19	19	1	1023	1020	1	0.0	1642
ad7b88f2-c213-4768-adba-b1b8aa4f5bd9	NR_199547.1	95.941	1010	19	19	1	1000	1000	3	0.0	1618
ad7b88f2-c213-4768-adba-b1b8aa4f5bd9	NR_165747.1	95.072	1035	26	18	1	1023	1022	1	0.0	1605
ad7b88f2-c213-4768-adba-b1b8aa4f5bd9	NR_028664.1	94.813	1041	29	19	1	1030	1043	17	0.0	1600
ad7b88f2-c213-4768-adba-b1b8aa4f5bd9	NR_117719.1	94.813	1041	29	19	1	1030	1040	14	0.0	1600
690ab931-30b5-49d5-b17f-efc092acfa67	NR_042776.1	95.228	461	8	11	1	450	1042	1499	0.0	717
690ab931-30b5-49d5-b17f-efc092acfa67	NR_042777.1	95.228	461	8	11	1	450	1041	1498	0.0	717
690ab931-30b5-49d5-b17f-efc092acfa67	NR_197695.1	95.011	461	9	11	1	450	1041	1498	0.0	712
690ab931-30b5-49d5-b17f-efc092acfa67	NR_042778.1	94.794	461	10	11	1	450	1042	1499	0.0	706
690ab931-30b5-49d5-b17f-efc092acfa67	NR_118998.1	94.794	461	10	11	1	450	1036	1493	0.0	706
e7a9818b-9a2a-4a1a-b66c-2fe3fe2fe9c9	NR_042843.1	91.625	1206	50	40	1	1172	269	1457	0.0	1620
e7a9818b-9a2a-4a1a-b66c-2fe3fe2fe9c9	NR_102895.1	91.625	1206	50	40	1	1172	297	1485	0.0	1620
e7a9818b-9a2a-4a1a-b66c-2fe3fe2fe9c9	NR_113113.1	91.625	1206	50	40	1	1172	277	1465	0.0	1620
e7a9818b-9a2a-4a1a-b66c-2fe3fe2fe9c9	NR_109628.1	90.796	1206	60	40	1	1172	270	1458	0.0	1565
e7a9818b-9a2a-4a1a-b66c-2fe3fe2fe9c9	NR_175509.1	90.796	1206	60	41	1	1172	289	1477	0.0	1565
3a0fd988-6979-4cae-9e37-9a6007f52c41	NR_115354.1	98.980	196	2	0	1	196	1452	1257	7.39e-97	351
3a0fd988-6979-4cae-9e37-9a6007f52c41	NR_115355.1	98.980	196	2	0	1	196	1452	1257	7.39e-97	351
3a0fd988-6979-4cae-9e37-9a6007f52c41	NR_163639.1	98.980	196	2	0	1	196	1467	1272	7.39e-97	351
3a0fd988-6979-4cae-9e37-9a6007f52c41	NR_179325.1	98.980	196	2	0	1	196	1426	1231	7.39e-97	351
3a0fd988-6979-4cae-9e37-9a6007f52c41	NR_043332.1	98.969	194	2	0	1	194	1452	1259	9.56e-96	348
4993746f-6990-4a58-a4fb-cc1d7e5d7a9b	NR_042776.1	94.523	566	16	12	1	557	944	1503	0.0	859
4993746f-6990-4a58-a4fb-cc1d7e5d7a9b	NR_042777.1	94.523	566	16	12	1	557	943	1502	0.0	859
4993746f-6990-4a58-a4fb-cc1d7e5d7a9b	NR_044904.1	94.170	566	19	11	1	557	931	1491	0.0	850
4993746f-6990-4a58-a4fb-cc1d7e5d7a9b	NR_042778.1	94.170	566	18	12	1	557	944	1503	0.0	848
4993746f-6990-4a58-a4fb-cc1d7e5d7a9b	NR_043660.1	94.128	562	19	12	1	553	911	1467	0.0	843
123a03e0-2411-47e3-8856-0a6367302f92	NR_179540.1	94.953	1288	33	30	1	1271	220	1492	0.0	1989
123a03e0-2411-47e3-8856-0a6367302f92	NR_117719.1	94.876	1288	35	29	1	1271	220	1493	0.0	1984
123a03e0-2411-47e3-8856-0a6367302f92	NR_042927.1	94.938	1284	34	29	1	1267	202	1471	0.0	1982
123a03e0-2411-47e3-8856-0a6367302f92	NR_115734.1	94.938	1284	34	29	1	1267	203	1472	0.0	1982
123a03e0-2411-47e3-8856-0a6367302f92	NR_028664.1	94.798	1288	36	29	1	1271	223	1496	0.0	1978
c2617f36-df57-438b-a451-86c790977674	NR_024841.1	98.092	262	4	1	1	261	1236	975	7.40e-128	455
c2617f36-df57-438b-a451-86c790977674	NR_028665.1	98.092	262	4	1	1	261	1237	976	7.40e-128	455
c2617f36-df57-438b-a451-86c790977674	NR_042927.1	98.092	262	4	1	1	261	1222	961	7.40e-128	455
c2617f36-df57-438b-a451-86c790977674	NR_113260.1	98.092	262	4	1	1	261	1222	961	7.40e-128	455
c2617f36-df57-438b-a451-86c790977674	NR_114413.1	98.092	262	4	1	1	261	1245	984	7.40e-128	455
9b7d5cfc-4e38-4419-a9a0-6aaeb8d426e6	NR_133753.1	88.312	693	66	14	1	685	256	941	0.0	817
9b7d5cfc-4e38-4419-a9a0-6aaeb8d426e6	NR_025903.1	88.312	693	66	14	1	685	302	987	0.0	817
9b7d5cfc-4e38-4419-a9a0-6aaeb8d426e6	NR_133752.1	88.023	693	68	14	1	685	227	912	0.0	806
9b7d5cfc-4e38-4419-a9a0-6aaeb8d426e6	NR_026419.1	88.023	693	68	14	1	685	290	975	0.0	806
9b7d5cfc-4e38-4419-a9a0-6aaeb8d426e6	NR_026469.1	87.482	695	68	18	1	685	292	977	0.0	785
c10b170b-4444-47c0-bcc9-b75af66875cf	NR_042776.1	92.138	407	18	12	1	402	415	18	6.73e-160	562
c10b170b-4444-47c0-bcc9-b75af66875cf	NR_042778.1	91.892	407	19	12	1	402	415	18	3.13e-158	556
c10b170b-4444-47c0-bcc9-b75af66875cf	NR_042777.1	91.646	407	20	12	1	402	415	18	1.46e-156	551
c10b170b-4444-47c0-bcc9-b75af66875cf	NR_118998.1	91.294	402	22	11	6	402	406	13	1.13e-152	538
c10b170b-4444-47c0-bcc9-b75af66875cf	NR_197695.1	90.909	407	23	12	1	402	414	17	1.47e-151	534
104a32aa-85f4-4db7-9757-0c11faa3c9f9	NR_115802.1	95.225	377	7	7	1	373	1460	1091	3.71e-167	586
104a32aa-85f4-4db7-9757-0c11faa3c9f9	NR_134818.1	95.225	377	7	7	1	373	1473	1104	3.71e-167	586
104a32aa-85f4-4db7-9757-0c11faa3c9f9	NR_040821.1	94.960	377	8	7	1	373	1460	1091	1.73e-165	580
104a32aa-85f4-4db7-9757-0c11faa3c9f9	NR_025148.1	94.960	377	8	7	1	373	1480	1111	1.73e-165	580
104a32aa-85f4-4db7-9757-0c11faa3c9f9	NR_040820.1	94.960	377	8	7	1	373	1460	1091	1.73e-165	580
55905d98-3838-4866-b809-3c97ca0e1fe8	NR_025862.1	96.092	563	9	10	1	554	1294	736	0.0	909
55905d98-3838-4866-b809-3c97ca0e1fe8	NR_028682.1	95.560	563	12	10	1	554	1295	737	0.0	889
55905d98-3838-4866-b809-3c97ca0e1fe8	NR_026454.1	95.560	563	12	10	1	554	1271	713	0.0	889
55905d98-3838-4866-b809-3c97ca0e1fe8	NR_116890.1	95.027	563	15	11	1	554	1283	725	0.0	872
55905d98-3838-4866-b809-3c97ca0e1fe8	NR_119263.1	94.849	563	16	10	1	554	1292	734	0.0	867
55905d98-3838-4866-b809-3c97ca0e1fe8	NR_119263.1	87.342	79	5	5	544	619	1424	1500	2.78e-16	86.1
8ca88704-bb86-4457-b11a-76ce72668089	NR_042928.1	96.186	708	10	13	1	700	1077	379	0.0	1142
8ca88704-bb86-4457-b11a-76ce72668089	NR_116206.1	96.186	708	10	13	1	700	1002	304	0.0	1142
8ca88704-bb86-4457-b11a-76ce72668089	NR_028664.1	96.045	708	11	13	1	700	1100	402	0.0	1136
8ca88704-bb86-4457-b11a-76ce72668089	NR_028665.1	96.045	708	11	13	1	700	1094	396	0.0	1136
8ca88704-bb86-4457-b11a-76ce72668089	NR_042927.1	96.045	708	11	13	1	700	1079	381	0.0	1136
3135ee66-ab3a-4831-98d1-91c0fff08f29	NR_116168.1	90.097	616	39	15	1	602	621	14	0.0	780
3135ee66-ab3a-4831-98d1-91c0fff08f29	NR_042878.1	89.638	608	41	15	1	594	600	1	0.0	760
3135ee66-ab3a-4831-98d1-91c0fff08f29	NR_118762.1	88.026	618	52	15	1	604	624	15	0.0	732
3135ee66-ab3a-4831-98d1-91c0fff08f29	NR_025423.1	87.622	614	50	19	1	597	605	1	0.0	689
3135ee66-ab3a-4831-98d1-91c0fff08f29	NR_118143.1	87.049	610	55	18	1	594	602	1	0.0	669
137649d4-6e22-4709-b5b2-08f849a09cbf	NR_116168.1	97.264	658	12	4	1	653	1463	807	0.0	1110
137649d4-6e22-4709-b5b2-08f849a09cbf	NR_118762.1	95.884	656	20	5	1	651	1465	812	0.0	1068
137649d4-6e22-4709-b5b2-08f849a09cbf	NR_025423.1	94.545	660	26	8	1	653	1447	791	0.0	1011
137649d4-6e22-4709-b5b2-08f849a09cbf	NR_024897.1	94.091	660	29	8	1	653	1462	806	0.0	994
137649d4-6e22-4709-b5b2-08f849a09cbf	NR_024898.1	93.930	659	32	6	1	653	1462	806	0.0	989
1e303ec9-f531-43b3-bf79-ce3776b63f7c	NR_109720.1	93.456	489	16	15	17	496	365	846	0.0	712
1e303ec9-f531-43b3-bf79-ce3776b63f7c	NR_115241.1	93.443	488	18	13	17	496	371	852	0.0	712
1e303ec9-f531-43b3-bf79-ce3776b63f7c	NR_115735.1	93.443	488	18	13	17	496	362	843	0.0	712
1e303ec9-f531-43b3-bf79-ce3776b63f7c	NR_116211.1	93.443	488	18	13	17	496	294	775	0.0	712
1e303ec9-f531-43b3-bf79-ce3776b63f7c	NR_178515.1	93.456	489	16	15	17	496	371	852	0.0	712
33a85ccb-2858-4eb8-907d-c7b38fa732d6	NR_044873.1	92.800	250	10	8	2	243	1209	1458	7.59e-98	355
33a85ccb-2858-4eb8-907d-c7b38fa732d6	NR_074568.1	91.935	248	14	6	2	243	1219	1466	5.91e-94	342
33a85ccb-2858-4eb8-907d-c7b38fa732d6	NR_165019.1	91.935	248	13	7	2	242	1194	1441	2.12e-93	340
33a85ccb-2858-4eb8-907d-c7b38fa732d6	NR_026187.1	91.600	250	13	8	2	243	1206	1455	7.64e-93	339
33a85ccb-2858-4eb8-907d-c7b38fa732d6	NR_028925.1	91.600	250	13	8	2	243	1212	1461	7.64e-93	339
c4f9d689-7eb3-4242-a09f-0cc39bada67f	NR_041879.1	92.982	114	4	4	8	117	1296	1183	2.02e-40	163
c4f9d689-7eb3-4242-a09f-0cc39bada67f	NR_115355.1	92.982	114	4	4	8	117	1338	1225	2.02e-40	163
c4f9d689-7eb3-4242-a09f-0cc39bada67f	NR_119169.1	92.982	114	4	4	8	117	1343	1230	2.02e-40	163
c4f9d689-7eb3-4242-a09f-0cc39bada67f	NR_163639.1	92.982	114	4	4	8	117	1353	1240	2.02e-40	163
c4f9d689-7eb3-4242-a09f-0cc39bada67f	NR_179325.1	92.982	114	4	4	8	117	1312	1199	2.02e-40	163
a0ca1b4a-4108-45bb-b7b2-ed64bf150ca4	NR_024842.1	92.166	217	10	5	1	213	221	8	2.95e-81	300
a0ca1b4a-4108-45bb-b7b2-ed64bf150ca4	NR_115241.1	91.866	209	10	5	1	205	206	1	8.25e-77	285
a0ca1b4a-4108-45bb-b7b2-ed64bf150ca4	NR_115735.1	91.500	200	9	6	1	195	197	1	8.31e-72	268
a0ca1b4a-4108-45bb-b7b2-ed64bf150ca4	NR_114413.1	89.671	213	15	5	5	213	225	16	1.07e-70	265
a0ca1b4a-4108-45bb-b7b2-ed64bf150ca4	NR_165737.1	90.291	206	11	7	5	205	202	1	1.39e-69	261
3ac108a8-2643-4d49-854e-3df681fd6de9	NR_024842.1	95.018	281	12	2	1	279	1487	1207	2.27e-123	440
3ac108a8-2643-4d49-854e-3df681fd6de9	NR_115735.1	95.018	281	12	2	1	279	1463	1183	2.27e-123	440
3ac108a8-2643-4d49-854e-3df681fd6de9	NR_115241.1	95.896	268	10	1	13	279	1459	1192	1.06e-121	435
3ac108a8-2643-4d49-854e-3df681fd6de9	NR_178262.1	94.681	282	12	3	1	279	1367	1086	1.06e-121	435
3ac108a8-2643-4d49-854e-3df681fd6de9	NR_179215.1	94.681	282	12	3	1	279	1489	1208	1.06e-121	435
a579f11f-d19f-4fe2-a599-e507cfe0cad6	NR_117694.1	95.000	240	7	5	5	240	240	2	7.18e-103	372
a579f11f-d19f-4fe2-a599-e507cfe0cad6	NR_025892.1	94.262	244	8	6	5	243	266	24	2.58e-102	370
a579f11f-d19f-4fe2-a599-e507cfe0cad6	NR_117692.1	91.250	240	16	5	5	240	240	2	7.34e-88	322
a579f11f-d19f-4fe2-a599-e507cfe0cad6	NR_121687.1	90.612	245	15	8	5	243	260	18	9.49e-87	318
a579f11f-d19f-4fe2-a599-e507cfe0cad6	NR_117717.1	90.164	244	18	6	5	243	261	19	4.42e-85	313
8034ce61-35f8-4e59-b2fc-ea6b4eb13eff	NR_037101.1	98.718	78	1	0	1	78	1433	1356	1.98e-33	139
8034ce61-35f8-4e59-b2fc-ea6b4eb13eff	NR_036936.1	98.718	78	1	0	1	78	1433	1356	1.98e-33	139
8034ce61-35f8-4e59-b2fc-ea6b4eb13eff	NR_040821.1	98.718	78	1	0	1	78	1433	1356	1.98e-33	139
8034ce61-35f8-4e59-b2fc-ea6b4eb13eff	NR_025729.1	98.718	78	1	0	1	78	1451	1374	1.98e-33	139
8034ce61-35f8-4e59-b2fc-ea6b4eb13eff	NR_026368.1	98.718	78	1	0	1	78	1435	1358	1.98e-33	139
2b61fc64-0a59-4d4f-871b-8b6e4a284dac	NR_026419.1	95.385	195	6	2	1	193	197	4	1.59e-83	307
2b61fc64-0a59-4d4f-871b-8b6e4a284dac	NR_025904.1	91.099	191	14	2	5	193	205	16	5.83e-68	255
2b61fc64-0a59-4d4f-871b-8b6e4a284dac	NR_025903.1	90.625	192	15	2	4	193	207	17	7.54e-67	252
2b61fc64-0a59-4d4f-871b-8b6e4a284dac	NR_133753.1	93.210	162	10	1	4	165	161	1	2.11e-62	237
2b61fc64-0a59-4d4f-871b-8b6e4a284dac	NR_036920.1	87.368	190	19	4	6	193	199	13	3.56e-55	213
3d20b191-9bee-48c8-9984-dd5b22c9a2df	NR_145857.1	95.205	146	5	2	1	144	1301	1446	2.53e-60	230
3d20b191-9bee-48c8-9984-dd5b22c9a2df	NR_178796.1	95.205	146	5	1	1	144	1327	1472	2.53e-60	230
3d20b191-9bee-48c8-9984-dd5b22c9a2df	NR_178939.1	95.205	146	5	1	1	144	1328	1473	2.53e-60	230
3d20b191-9bee-48c8-9984-dd5b22c9a2df	NR_044873.1	94.558	147	5	2	1	144	1319	1465	1.18e-58	224
3d20b191-9bee-48c8-9984-dd5b22c9a2df	NR_117299.1	94.521	146	6	1	1	144	1285	1430	1.18e-58	224
25cc5781-5077-4ff1-ba07-5e6c0cb7149c	NR_074980.1	94.318	176	4	6	1	174	189	18	8.73e-71	265
25cc5781-5077-4ff1-ba07-5e6c0cb7149c	NR_113031.1	94.318	176	4	6	1	174	189	18	8.73e-71	265
25cc5781-5077-4ff1-ba07-5e6c0cb7149c	NR_163639.1	94.318	176	4	6	1	174	181	10	8.73e-71	265
25cc5781-5077-4ff1-ba07-5e6c0cb7149c	NR_117759.1	94.643	168	4	5	1	166	165	1	5.26e-68	255
25cc5781-5077-4ff1-ba07-5e6c0cb7149c	NR_119168.1	94.643	168	4	5	1	166	167	3	5.26e-68	255
9c255079-21c0-4ac7-b580-f0760fa633e4	NR_121687.1	94.898	98	3	2	11	108	666	571	3.96e-37	152
9c255079-21c0-4ac7-b580-f0760fa633e4	NR_041989.1	94.898	98	3	2	11	108	604	509	3.96e-37	152
9c255079-21c0-4ac7-b580-f0760fa633e4	NR_117694.1	94.898	98	3	2	11	108	646	551	3.96e-37	152
9c255079-21c0-4ac7-b580-f0760fa633e4	NR_104947.1	94.845	97	3	2	11	107	619	525	1.42e-36	150
9c255079-21c0-4ac7-b580-f0760fa633e4	NR_117717.1	94.845	97	3	2	11	107	667	573	1.42e-36	150
c3da5d74-2df6-4aa4-afd3-14effe361934	NR_024842.1	86.875	160	11	9	1	152	1047	890	1.62e-42	171
c3da5d74-2df6-4aa4-afd3-14effe361934	NR_043001.1	86.875	160	11	8	1	152	1032	875	1.62e-42	171
c3da5d74-2df6-4aa4-afd3-14effe361934	NR_109720.1	86.875	160	11	9	1	152	1026	869	1.62e-42	171
c3da5d74-2df6-4aa4-afd3-14effe361934	NR_115735.1	86.875	160	11	9	1	152	1023	866	1.62e-42	171
c3da5d74-2df6-4aa4-afd3-14effe361934	NR_116211.1	86.875	160	11	9	1	152	955	798	1.62e-42	171
ec207dde-084a-424c-a2e5-a45637eb2a0d	NR_024842.1	92.045	264	12	6	4	263	266	8	4.67e-100	363
ec207dde-084a-424c-a2e5-a45637eb2a0d	NR_115241.1	91.797	256	12	6	4	255	251	1	1.31e-95	348
ec207dde-084a-424c-a2e5-a45637eb2a0d	NR_114413.1	90.909	264	15	6	4	263	274	16	4.70e-95	346
ec207dde-084a-424c-a2e5-a45637eb2a0d	NR_165737.1	91.051	257	12	8	4	255	251	1	2.83e-92	337
ec207dde-084a-424c-a2e5-a45637eb2a0d	NR_178515.1	91.051	257	12	8	4	255	251	1	2.83e-92	337
beb6bf2c-66fc-4188-bdb9-03a17f2223d5	NR_024842.1	94.531	128	3	3	6	130	134	8	8.12e-50	195
beb6bf2c-66fc-4188-bdb9-03a17f2223d5	NR_114413.1	92.969	128	5	3	6	130	142	16	1.76e-46	183
beb6bf2c-66fc-4188-bdb9-03a17f2223d5	NR_199956.1	92.969	128	5	3	6	130	139	13	1.76e-46	183
beb6bf2c-66fc-4188-bdb9-03a17f2223d5	NR_199974.1	92.969	128	5	3	6	130	146	20	1.76e-46	183
beb6bf2c-66fc-4188-bdb9-03a17f2223d5	NR_115241.1	94.167	120	3	3	6	122	119	1	2.27e-45	180
14d878f7-e882-458c-9bc9-200ad2f042b1	NR_116168.1	99.281	139	1	0	1	139	152	14	5.19e-67	252
14d878f7-e882-458c-9bc9-200ad2f042b1	NR_118762.1	95.745	141	6	0	1	141	155	15	5.22e-62	235
14d878f7-e882-458c-9bc9-200ad2f042b1	NR_042878.1	97.710	131	3	0	1	131	131	1	2.43e-60	230
14d878f7-e882-458c-9bc9-200ad2f042b1	NR_026032.1	95.105	143	5	2	1	141	153	11	1.13e-58	224
14d878f7-e882-458c-9bc9-200ad2f042b1	NR_179979.1	95.105	143	5	2	1	141	157	15	1.13e-58	224
6a1ba482-c9fc-4fb9-b2c5-560d4e265639	NR_037101.1	99.351	154	0	1	1	153	1322	1475	9.63e-75	278
6a1ba482-c9fc-4fb9-b2c5-560d4e265639	NR_040821.1	99.351	154	0	1	1	153	1322	1475	9.63e-75	278
6a1ba482-c9fc-4fb9-b2c5-560d4e265639	NR_025148.1	99.351	154	0	1	1	153	1342	1495	9.63e-75	278
6a1ba482-c9fc-4fb9-b2c5-560d4e265639	NR_028664.1	99.351	154	0	1	1	153	1343	1496	9.63e-75	278
6a1ba482-c9fc-4fb9-b2c5-560d4e265639	NR_028666.1	99.351	154	0	1	1	153	1346	1499	9.63e-75	278
69ad17b4-3026-48de-bcf2-bcf4c7150587	NR_025423.1	98.500	200	3	0	1	200	1168	969	2.09e-97	353
69ad17b4-3026-48de-bcf2-bcf4c7150587	NR_025338.1	98.500	200	3	0	1	200	1175	976	2.09e-97	353
69ad17b4-3026-48de-bcf2-bcf4c7150587	NR_041979.1	98.500	200	3	0	1	200	1167	968	2.09e-97	353
69ad17b4-3026-48de-bcf2-bcf4c7150587	NR_112005.1	98.500	200	3	0	1	200	1160	961	2.09e-97	353
69ad17b4-3026-48de-bcf2-bcf4c7150587	NR_114155.1	98.500	200	3	0	1	200	1165	966	2.09e-97	353
6c109614-b78f-496e-a356-e06e49b5494d	NR_025902.1	93.916	263	10	6	1	260	1186	1445	5.88e-109	392
6c109614-b78f-496e-a356-e06e49b5494d	NR_040933.1	93.916	263	10	6	1	260	1230	1489	5.88e-109	392
6c109614-b78f-496e-a356-e06e49b5494d	NR_117717.1	93.916	263	10	6	1	260	1228	1487	5.88e-109	392
6c109614-b78f-496e-a356-e06e49b5494d	NR_121688.1	93.916	263	10	6	1	260	1228	1487	5.88e-109	392
6c109614-b78f-496e-a356-e06e49b5494d	NR_117692.1	93.916	263	10	6	1	260	1208	1467	5.88e-109	392
4f8b10f0-aadb-4ac5-895a-2c89668fdc77	NR_042928.1	94.660	206	5	6	1	202	204	1	1.04e-85	315
4f8b10f0-aadb-4ac5-895a-2c89668fdc77	NR_109720.1	94.500	200	7	4	1	196	200	1	6.23e-83	305
4f8b10f0-aadb-4ac5-895a-2c89668fdc77	NR_036936.1	92.233	206	12	4	1	202	206	1	1.75e-78	291
4f8b10f0-aadb-4ac5-895a-2c89668fdc77	NR_117719.1	91.549	213	12	6	1	209	224	14	6.28e-78	289
4f8b10f0-aadb-4ac5-895a-2c89668fdc77	NR_199547.1	95.628	183	3	5	1	179	184	3	6.28e-78	289
4386ba68-f079-42d6-8338-20e625ecd5a1	NR_024842.1	94.444	72	2	2	1	70	79	8	1.36e-24	110
4386ba68-f079-42d6-8338-20e625ecd5a1	NR_114413.1	93.056	72	3	2	1	70	87	16	6.33e-23	104
4386ba68-f079-42d6-8338-20e625ecd5a1	NR_152678.1	93.056	72	3	2	1	70	84	13	6.33e-23	104
4386ba68-f079-42d6-8338-20e625ecd5a1	NR_156072.1	93.056	72	3	2	1	70	84	13	6.33e-23	104
4386ba68-f079-42d6-8338-20e625ecd5a1	NR_179720.1	93.056	72	3	2	1	70	84	13	6.33e-23	104
9e5d927c-6a18-4aac-9cd5-957f9d0df0e1	NR_024842.1	99.213	254	1	1	1	254	1237	1489	2.01e-128	457
9e5d927c-6a18-4aac-9cd5-957f9d0df0e1	NR_115735.1	99.209	253	1	1	1	253	1213	1464	7.24e-128	455
9e5d927c-6a18-4aac-9cd5-957f9d0df0e1	NR_178262.1	98.824	255	1	2	1	254	1116	1369	2.60e-127	453
9e5d927c-6a18-4aac-9cd5-957f9d0df0e1	NR_179215.1	98.824	255	1	2	1	254	1238	1491	2.60e-127	453
9e5d927c-6a18-4aac-9cd5-957f9d0df0e1	NR_179720.1	98.824	255	1	2	1	254	1242	1495	2.60e-127	453
9c7f4a0b-1237-413c-8806-6111dc27d611	NR_042776.1	96.170	235	6	3	1	232	251	17	1.12e-105	381
9c7f4a0b-1237-413c-8806-6111dc27d611	NR_042778.1	96.170	235	6	3	1	232	251	17	1.12e-105	381
9c7f4a0b-1237-413c-8806-6111dc27d611	NR_118998.1	95.319	235	8	3	1	232	246	12	6.77e-103	372
9c7f4a0b-1237-413c-8806-6111dc27d611	NR_042777.1	95.319	235	8	3	1	232	251	17	2.43e-102	370
9c7f4a0b-1237-413c-8806-6111dc27d611	NR_197695.1	94.468	235	10	3	1	232	250	16	5.27e-99	359
cb60cc85-8091-4334-8e3c-035220a45b97	NR_116168.1	90.517	232	10	9	3	223	1398	1168	4.07e-80	296
cb60cc85-8091-4334-8e3c-035220a45b97	NR_118762.1	90.517	232	10	9	3	223	1400	1170	4.07e-80	296
cb60cc85-8091-4334-8e3c-035220a45b97	NR_025073.1	88.186	237	16	9	3	228	1400	1165	6.86e-73	272
cb60cc85-8091-4334-8e3c-035220a45b97	NR_042878.1	89.862	217	10	9	18	223	1362	1147	8.87e-72	268
cb60cc85-8091-4334-8e3c-035220a45b97	NR_118758.1	88.362	232	15	9	3	223	1404	1174	8.87e-72	268
1ee4ca5f-6839-44dc-b73d-8ab14f1a84f4	NR_040821.1	96.748	246	3	4	1	242	1236	1480	6.95e-113	405
1ee4ca5f-6839-44dc-b73d-8ab14f1a84f4	NR_025148.1	96.748	246	3	4	1	242	1256	1500	6.95e-113	405
1ee4ca5f-6839-44dc-b73d-8ab14f1a84f4	NR_040820.1	96.748	246	3	4	1	242	1236	1480	6.95e-113	405
1ee4ca5f-6839-44dc-b73d-8ab14f1a84f4	NR_134818.1	96.748	246	3	4	1	242	1249	1493	6.95e-113	405
1ee4ca5f-6839-44dc-b73d-8ab14f1a84f4	NR_126177.1	96.748	246	3	4	1	242	1238	1482	6.95e-113	405
61a1ab89-a379-4838-a26c-2e5ad4c0e889	NR_043332.1	96.575	146	1	3	1	145	1340	1482	4.41e-63	239
61a1ab89-a379-4838-a26c-2e5ad4c0e889	NR_074980.1	96.575	146	1	3	1	145	1367	1509	4.41e-63	239
61a1ab89-a379-4838-a26c-2e5ad4c0e889	NR_113031.1	96.575	146	1	3	1	145	1367	1509	4.41e-63	239
61a1ab89-a379-4838-a26c-2e5ad4c0e889	NR_115354.1	96.575	146	1	3	1	145	1340	1482	4.41e-63	239
61a1ab89-a379-4838-a26c-2e5ad4c0e889	NR_115355.1	96.575	146	1	3	1	145	1340	1482	4.41e-63	239
6dd38417-e0dc-47ae-b4d5-a035e5f915d0	NR_042878.1	92.903	155	10	1	1	154	1174	1328	1.24e-58	224
6dd38417-e0dc-47ae-b4d5-a035e5f915d0	NR_116168.1	92.903	155	10	1	1	154	1195	1349	1.24e-58	224
6dd38417-e0dc-47ae-b4d5-a035e5f915d0	NR_118762.1	92.903	155	10	1	1	154	1197	1351	1.24e-58	224
6dd38417-e0dc-47ae-b4d5-a035e5f915d0	NR_025073.1	89.677	155	15	1	1	154	1197	1351	2.71e-50	196
6dd38417-e0dc-47ae-b4d5-a035e5f915d0	NR_042868.1	89.677	155	15	1	1	154	1176	1330	2.71e-50	196
c7ff4f90-d90d-4f46-9f64-578080fa603f	NR_024842.1	95.437	263	6	5	6	266	1450	1192	1.28e-115	414
c7ff4f90-d90d-4f46-9f64-578080fa603f	NR_115241.1	95.437	263	6	5	6	266	1435	1177	1.28e-115	414
c7ff4f90-d90d-4f46-9f64-578080fa603f	NR_115735.1	95.437	263	6	5	6	266	1426	1168	1.28e-115	414
c7ff4f90-d90d-4f46-9f64-578080fa603f	NR_117425.1	95.076	264	6	6	6	266	1439	1180	5.96e-114	409
c7ff4f90-d90d-4f46-9f64-578080fa603f	NR_178262.1	95.076	264	6	6	6	266	1330	1071	5.96e-114	409
24e67044-ed49-4b4c-888a-5f0905eea0f9	NR_115735.1	94.920	1378	33	27	1	1353	99	1464	0.0	2122
24e67044-ed49-4b4c-888a-5f0905eea0f9	NR_024842.1	94.851	1379	34	27	1	1354	123	1489	0.0	2121
24e67044-ed49-4b4c-888a-5f0905eea0f9	NR_115241.1	94.691	1375	36	27	1	1350	108	1470	0.0	2106
24e67044-ed49-4b4c-888a-5f0905eea0f9	NR_165737.1	94.319	1373	38	30	5	1350	112	1471	0.0	2067
24e67044-ed49-4b4c-888a-5f0905eea0f9	NR_036936.1	94.101	1373	41	30	5	1350	112	1471	0.0	2050
4ada83d8-f16d-4b4f-a6b5-d66cc7e6e01b	NR_042878.1	94.638	690	20	15	1	679	983	300	0.0	1055
4ada83d8-f16d-4b4f-a6b5-d66cc7e6e01b	NR_116168.1	94.638	690	20	15	1	679	1004	321	0.0	1053
4ada83d8-f16d-4b4f-a6b5-d66cc7e6e01b	NR_118143.1	93.623	690	27	15	1	679	985	302	0.0	1016
4ada83d8-f16d-4b4f-a6b5-d66cc7e6e01b	NR_118762.1	92.847	685	33	14	1	675	1006	328	0.0	1005
4ada83d8-f16d-4b4f-a6b5-d66cc7e6e01b	NR_025423.1	92.431	687	35	15	4	679	985	305	0.0	965
567ba7f4-0099-4588-9e4a-597d21a672dc	NR_042776.1	97.590	1452	24	10	1	1445	1465	18	0.0	2477
567ba7f4-0099-4588-9e4a-597d21a672dc	NR_042777.1	97.383	1452	26	11	1	1445	1464	18	0.0	2460
567ba7f4-0099-4588-9e4a-597d21a672dc	NR_042778.1	97.383	1452	27	10	1	1445	1465	18	0.0	2460
567ba7f4-0099-4588-9e4a-597d21a672dc	NR_197695.1	96.970	1452	33	10	1	1445	1464	17	0.0	2427
567ba7f4-0099-4588-9e4a-597d21a672dc	NR_118998.1	96.694	1452	36	11	1	1445	1459	13	0.0	2407
7c61b716-7732-4064-9f6e-05fbbb729795	NR_115735.1	89.061	1289	60	62	2	1233	196	1460	0.0	1524
7c61b716-7732-4064-9f6e-05fbbb729795	NR_036936.1	88.992	1290	60	63	2	1233	205	1470	0.0	1520
7c61b716-7732-4064-9f6e-05fbbb729795	NR_024842.1	88.906	1289	62	62	2	1233	220	1484	0.0	1517
7c61b716-7732-4064-9f6e-05fbbb729795	NR_115241.1	88.829	1289	63	62	2	1233	205	1469	0.0	1513
7c61b716-7732-4064-9f6e-05fbbb729795	NR_165737.1	88.837	1290	62	62	2	1233	205	1470	0.0	1509
9a554c9c-0817-49a5-8709-e1f3b6986661	NR_115735.1	91.227	1231	65	34	5	1205	245	1462	0.0	1635
9a554c9c-0817-49a5-8709-e1f3b6986661	NR_024842.1	90.953	1238	68	35	5	1211	269	1493	0.0	1629
9a554c9c-0817-49a5-8709-e1f3b6986661	NR_115241.1	90.976	1230	68	34	5	1204	254	1470	0.0	1622
9a554c9c-0817-49a5-8709-e1f3b6986661	NR_113260.1	90.820	1231	68	35	5	1204	254	1470	0.0	1605
9a554c9c-0817-49a5-8709-e1f3b6986661	NR_115736.1	90.754	1233	69	35	5	1206	201	1419	0.0	1604
d4c5a3f6-4b60-4019-b2ec-23f14fb396e1	NR_042777.1	93.891	311	12	7	1	306	183	491	5.30e-130	462
d4c5a3f6-4b60-4019-b2ec-23f14fb396e1	NR_042776.1	93.811	307	12	7	5	306	187	491	8.88e-128	455
d4c5a3f6-4b60-4019-b2ec-23f14fb396e1	NR_042778.1	93.160	307	14	7	5	306	187	491	1.92e-124	444
d4c5a3f6-4b60-4019-b2ec-23f14fb396e1	NR_197695.1	92.880	309	15	7	3	306	184	490	6.91e-124	442
d4c5a3f6-4b60-4019-b2ec-23f14fb396e1	NR_118998.1	93.772	289	14	4	5	291	182	468	1.50e-120	431
73b71cc8-4b4c-4ad2-a4e4-432f7f6a7112	NR_024842.1	89.712	486	30	13	5	481	482	8	4.79e-172	603
73b71cc8-4b4c-4ad2-a4e4-432f7f6a7112	NR_115241.1	89.958	478	29	12	5	474	467	1	6.20e-171	599
73b71cc8-4b4c-4ad2-a4e4-432f7f6a7112	NR_178515.1	89.770	479	28	14	5	474	467	1	2.88e-169	593
73b71cc8-4b4c-4ad2-a4e4-432f7f6a7112	NR_165737.1	89.562	479	29	14	5	474	467	1	1.34e-167	588
73b71cc8-4b4c-4ad2-a4e4-432f7f6a7112	NR_115735.1	89.957	468	28	11	5	463	458	1	4.82e-167	586
e38ea6c5-ea67-43db-99ca-d2e2a9a2a3f8	NR_042878.1	95.560	563	11	11	4	560	231	785	0.0	889
e38ea6c5-ea67-43db-99ca-d2e2a9a2a3f8	NR_116168.1	95.560	563	11	11	4	560	252	806	0.0	889
e38ea6c5-ea67-43db-99ca-d2e2a9a2a3f8	NR_118143.1	94.326	564	16	13	4	560	233	787	0.0	852
e38ea6c5-ea67-43db-99ca-d2e2a9a2a3f8	NR_118762.1	93.606	563	22	11	4	560	255	809	0.0	848
e38ea6c5-ea67-43db-99ca-d2e2a9a2a3f8	NR_025423.1	93.606	563	22	13	4	560	236	790	0.0	828
df70f5e0-9ad8-4f95-b17a-8cd700c1ff78	NR_024842.1	88.571	490	32	19	2	473	491	8	1.02e-163	575
df70f5e0-9ad8-4f95-b17a-8cd700c1ff78	NR_115241.1	88.589	482	31	19	2	465	476	1	2.21e-160	564
df70f5e0-9ad8-4f95-b17a-8cd700c1ff78	NR_115735.1	88.136	472	33	19	2	455	467	1	3.73e-153	540
df70f5e0-9ad8-4f95-b17a-8cd700c1ff78	NR_178515.1	87.552	482	36	19	2	465	476	1	4.82e-152	536
df70f5e0-9ad8-4f95-b17a-8cd700c1ff78	NR_117425.1	87.010	485	39	20	2	468	479	1	1.04e-148	525
a9c5f5d6-0a31-478e-96eb-175c6018265d	NR_113570.1	92.058	554	23	18	1	545	1219	678	0.0	760
a9c5f5d6-0a31-478e-96eb-175c6018265d	NR_179325.1	92.058	554	23	18	1	545	1186	645	0.0	760
a9c5f5d6-0a31-478e-96eb-175c6018265d	NR_041880.1	91.877	554	24	19	1	545	1168	627	0.0	754
a9c5f5d6-0a31-478e-96eb-175c6018265d	NR_025762.1	91.877	554	24	18	1	545	1190	649	0.0	754
a9c5f5d6-0a31-478e-96eb-175c6018265d	NR_115354.1	91.877	554	24	19	1	545	1212	671	0.0	754
5da2f757-fc85-4c5d-a55b-8529bd6c4bb2	NR_163639.1	98.339	301	2	2	1	298	1283	983	6.41e-149	525
5da2f757-fc85-4c5d-a55b-8529bd6c4bb2	NR_115355.1	98.007	301	3	2	1	298	1268	968	2.98e-147	520
5da2f757-fc85-4c5d-a55b-8529bd6c4bb2	NR_179325.1	98.007	301	3	2	1	298	1242	942	2.98e-147	520
5da2f757-fc85-4c5d-a55b-8529bd6c4bb2	NR_041879.1	97.682	302	3	3	1	298	1226	925	3.86e-146	516
5da2f757-fc85-4c5d-a55b-8529bd6c4bb2	NR_119169.1	97.342	301	5	2	1	298	1273	973	4.99e-145	512
cbe3115c-df84-4688-9ea0-e58170afa202	NR_024842.1	95.443	812	18	16	1	797	682	1489	0.0	1277
cbe3115c-df84-4688-9ea0-e58170afa202	NR_115735.1	95.438	811	18	16	1	796	658	1464	0.0	1275
cbe3115c-df84-4688-9ea0-e58170afa202	NR_036936.1	95.309	810	16	19	1	793	667	1471	0.0	1266
cbe3115c-df84-4688-9ea0-e58170afa202	NR_165737.1	95.179	809	19	17	1	793	667	1471	0.0	1260
cbe3115c-df84-4688-9ea0-e58170afa202	NR_115241.1	95.050	808	21	16	1	793	667	1470	0.0	1258
ea810a27-e533-4ec5-99b9-a4c9ab10c97d	NR_133753.1	95.072	345	3	10	11	344	615	274	1.61e-150	531
ea810a27-e533-4ec5-99b9-a4c9ab10c97d	NR_025903.1	95.072	345	3	10	11	344	661	320	1.61e-150	531
ea810a27-e533-4ec5-99b9-a4c9ab10c97d	NR_133752.1	94.493	345	5	10	11	344	586	245	3.49e-147	520
ea810a27-e533-4ec5-99b9-a4c9ab10c97d	NR_026419.1	94.493	345	5	10	11	344	649	308	3.49e-147	520
ea810a27-e533-4ec5-99b9-a4c9ab10c97d	NR_036920.1	93.642	346	8	10	11	345	654	312	9.78e-143	505
4c6cc9b2-dc94-4eb0-8131-01144f5e6d52	NR_044873.1	88.506	174	8	9	1	165	172	2	2.31e-51	200
4c6cc9b2-dc94-4eb0-8131-01144f5e6d52	NR_074568.1	88.506	174	8	9	1	165	183	13	2.31e-51	200
4c6cc9b2-dc94-4eb0-8131-01144f5e6d52	NR_044712.2	88.506	174	8	9	1	165	192	22	2.31e-51	200
4c6cc9b2-dc94-4eb0-8131-01144f5e6d52	NR_116519.1	87.050	139	12	6	5	141	139	5	6.55e-37	152
4c6cc9b2-dc94-4eb0-8131-01144f5e6d52	NR_132678.1	87.692	130	10	6	14	140	145	19	3.05e-35	147
0e72e76e-c3ce-440a-9a92-a687ba2664be	NR_028900.1	96.522	115	2	2	3	115	847	961	3.36e-48	189
0e72e76e-c3ce-440a-9a92-a687ba2664be	NR_043458.1	96.522	115	2	2	3	115	910	1024	3.36e-48	189
0e72e76e-c3ce-440a-9a92-a687ba2664be	NR_043459.1	96.522	115	2	2	3	115	913	1027	3.36e-48	189
0e72e76e-c3ce-440a-9a92-a687ba2664be	NR_041988.1	96.522	115	2	2	3	115	847	961	3.36e-48	189
0e72e76e-c3ce-440a-9a92-a687ba2664be	NR_044614.1	96.522	115	2	2	3	115	915	1029	3.36e-48	189
e2c4843f-0c17-4d6c-8e02-cae776f6d6d5	NR_043332.1	96.178	157	1	2	1	157	1331	1482	6.06e-67	252
e2c4843f-0c17-4d6c-8e02-cae776f6d6d5	NR_074980.1	96.178	157	1	2	1	157	1358	1509	6.06e-67	252
e2c4843f-0c17-4d6c-8e02-cae776f6d6d5	NR_113031.1	96.178	157	1	2	1	157	1358	1509	6.06e-67	252
e2c4843f-0c17-4d6c-8e02-cae776f6d6d5	NR_115354.1	96.178	157	1	2	1	157	1331	1482	6.06e-67	252
e2c4843f-0c17-4d6c-8e02-cae776f6d6d5	NR_115355.1	96.178	157	1	2	1	157	1331	1482	6.06e-67	252
57d1c693-d805-4d9d-9a65-453210f36e37	NR_036936.1	91.667	132	9	2	29	159	131	1	8.35e-46	182
57d1c693-d805-4d9d-9a65-453210f36e37	NR_117425.1	91.111	135	10	2	29	162	134	1	8.35e-46	182
57d1c693-d805-4d9d-9a65-453210f36e37	NR_109720.1	92.063	126	8	2	29	153	125	1	3.89e-44	176
57d1c693-d805-4d9d-9a65-453210f36e37	NR_103943.1	89.209	139	12	3	29	165	157	20	1.81e-42	171
57d1c693-d805-4d9d-9a65-453210f36e37	NR_113561.1	89.209	139	12	3	29	165	151	14	1.81e-42	171
a87383f7-f138-45ad-bb72-afa52405faa1	NR_024842.1	90.323	124	11	1	4	126	187	64	8.08e-40	161
a87383f7-f138-45ad-bb72-afa52405faa1	NR_115241.1	90.323	124	11	1	4	126	172	49	8.08e-40	161
a87383f7-f138-45ad-bb72-afa52405faa1	NR_115735.1	89.600	125	11	2	4	126	163	39	1.05e-38	158
a87383f7-f138-45ad-bb72-afa52405faa1	NR_117425.1	90.476	105	9	1	5	108	174	70	1.36e-32	137
a87383f7-f138-45ad-bb72-afa52405faa1	NR_179720.1	89.091	110	11	1	18	126	178	69	4.90e-32	135
330a7d08-90c7-480a-8bae-1b9fd8a2c1fe	NR_025762.1	98.551	276	3	1	1	275	1066	791	2.83e-137	486
330a7d08-90c7-480a-8bae-1b9fd8a2c1fe	NR_041879.1	98.551	276	3	1	1	275	1045	770	2.83e-137	486
330a7d08-90c7-480a-8bae-1b9fd8a2c1fe	NR_113570.1	98.551	276	3	1	1	275	1095	820	2.83e-137	486
330a7d08-90c7-480a-8bae-1b9fd8a2c1fe	NR_115355.1	98.551	276	3	1	1	275	1088	813	2.83e-137	486
330a7d08-90c7-480a-8bae-1b9fd8a2c1fe	NR_119169.1	98.551	276	3	1	1	275	1093	818	2.83e-137	486
35ab4fd6-551b-4fdf-97c3-5fde14abaec6	NR_028682.1	98.712	233	2	1	1	233	1420	1189	3.99e-115	412
35ab4fd6-551b-4fdf-97c3-5fde14abaec6	NR_179652.1	96.996	233	6	1	1	233	1423	1192	1.87e-108	390
35ab4fd6-551b-4fdf-97c3-5fde14abaec6	NR_025862.1	98.182	220	3	1	14	233	1406	1188	8.69e-107	385
35ab4fd6-551b-4fdf-97c3-5fde14abaec6	NR_025435.1	96.154	234	6	3	1	233	1417	1186	4.04e-105	379
35ab4fd6-551b-4fdf-97c3-5fde14abaec6	NR_179378.1	96.137	233	8	1	1	233	1420	1189	4.04e-105	379
0ae46871-a4a3-48d9-82c2-85def582b637	NR_024842.1	96.983	232	1	2	1	226	1459	1228	8.40e-107	385
0ae46871-a4a3-48d9-82c2-85def582b637	NR_115241.1	96.983	232	1	2	1	226	1444	1213	8.40e-107	385
0ae46871-a4a3-48d9-82c2-85def582b637	NR_115735.1	96.983	232	1	2	1	226	1435	1204	8.40e-107	385
0ae46871-a4a3-48d9-82c2-85def582b637	NR_117425.1	96.567	233	1	3	1	226	1448	1216	3.91e-105	379
0ae46871-a4a3-48d9-82c2-85def582b637	NR_178262.1	96.567	233	1	3	1	226	1339	1107	3.91e-105	379
82c51683-29f7-4e77-864a-a7793926aca9	NR_115060.1	91.892	74	1	4	1	70	1257	1185	3.43e-21	99.0
82c51683-29f7-4e77-864a-a7793926aca9	NR_104542.1	92.647	68	1	3	1	64	1271	1204	4.43e-20	95.3
82c51683-29f7-4e77-864a-a7793926aca9	NR_029125.1	90.541	74	2	5	1	70	1275	1203	1.59e-19	93.5
82c51683-29f7-4e77-864a-a7793926aca9	NR_040936.1	90.541	74	2	5	1	70	1299	1227	1.59e-19	93.5
82c51683-29f7-4e77-864a-a7793926aca9	NR_159239.1	90.541	74	2	5	1	70	1295	1223	1.59e-19	93.5
add61285-ba87-4022-84d7-fee85d01c7db	NR_042776.1	97.778	225	5	0	1	225	1469	1245	6.72e-108	388
add61285-ba87-4022-84d7-fee85d01c7db	NR_042777.1	97.778	225	5	0	1	225	1468	1244	6.72e-108	388
add61285-ba87-4022-84d7-fee85d01c7db	NR_042778.1	97.333	225	6	0	1	225	1469	1245	3.13e-106	383
add61285-ba87-4022-84d7-fee85d01c7db	NR_118998.1	97.333	225	6	0	1	225	1463	1239	3.13e-106	383
add61285-ba87-4022-84d7-fee85d01c7db	NR_042052.1	96.889	225	7	0	1	225	1367	1143	1.45e-104	377
cccaca79-c015-4490-b4bb-f6ce98f8d262	NR_024659.1	98.585	212	3	0	1	212	735	524	4.68e-104	375
cccaca79-c015-4490-b4bb-f6ce98f8d262	NR_028664.1	98.585	212	3	0	1	212	775	564	4.68e-104	375
cccaca79-c015-4490-b4bb-f6ce98f8d262	NR_042927.1	98.585	212	3	0	1	212	754	543	4.68e-104	375
cccaca79-c015-4490-b4bb-f6ce98f8d262	NR_042928.1	98.585	212	3	0	1	212	752	541	4.68e-104	375
cccaca79-c015-4490-b4bb-f6ce98f8d262	NR_114413.1	98.585	212	3	0	1	212	777	566	4.68e-104	375
2d245f85-02fb-4e4a-a5f3-ceb87c26d9db	NR_028664.1	97.581	124	0	2	14	136	528	649	3.01e-54	209
2d245f85-02fb-4e4a-a5f3-ceb87c26d9db	NR_028666.1	97.581	124	0	2	14	136	531	652	3.01e-54	209
2d245f85-02fb-4e4a-a5f3-ceb87c26d9db	NR_028833.1	97.581	124	0	2	14	136	534	655	3.01e-54	209
2d245f85-02fb-4e4a-a5f3-ceb87c26d9db	NR_029052.1	97.581	124	0	2	14	136	495	616	3.01e-54	209
2d245f85-02fb-4e4a-a5f3-ceb87c26d9db	NR_042771.1	97.581	124	0	2	14	136	525	646	3.01e-54	209
95e6b4ce-9014-43ec-99b7-2f0793a90d23	NR_115560.1	97.436	156	2	2	4	158	166	12	7.61e-71	265
95e6b4ce-9014-43ec-99b7-2f0793a90d23	NR_028664.1	97.419	155	2	2	4	157	169	16	2.74e-70	263
95e6b4ce-9014-43ec-99b7-2f0793a90d23	NR_165744.1	96.795	156	3	2	4	158	155	1	3.54e-69	259
95e6b4ce-9014-43ec-99b7-2f0793a90d23	NR_028665.1	96.774	155	3	2	4	157	163	10	1.27e-68	257
95e6b4ce-9014-43ec-99b7-2f0793a90d23	NR_117719.1	96.774	155	3	2	4	157	166	13	1.27e-68	257
bd300877-9a2c-4208-a522-b30afdb449f7	NR_024817.1	92.140	229	11	6	1	223	1252	1479	8.64e-87	318
bd300877-9a2c-4208-a522-b30afdb449f7	NR_028682.1	91.739	230	9	9	1	221	1269	1497	1.45e-84	311
bd300877-9a2c-4208-a522-b30afdb449f7	NR_025435.1	91.667	228	10	8	4	223	1268	1494	1.87e-83	307
bd300877-9a2c-4208-a522-b30afdb449f7	NR_042052.1	91.266	229	13	5	1	223	1170	1397	6.73e-83	305
bd300877-9a2c-4208-a522-b30afdb449f7	NR_114642.1	91.266	229	13	5	1	223	1229	1456	6.73e-83	305
16c2d13c-0cc5-4aa2-a91b-d92f352fb5cb	NR_043597.1	93.902	82	4	1	1	81	1302	1221	2.21e-28	122
16c2d13c-0cc5-4aa2-a91b-d92f352fb5cb	NR_043598.1	93.902	82	4	1	1	81	1302	1221	2.21e-28	122
16c2d13c-0cc5-4aa2-a91b-d92f352fb5cb	NR_043600.1	93.902	82	4	1	1	81	1529	1448	2.21e-28	122
16c2d13c-0cc5-4aa2-a91b-d92f352fb5cb	NR_043601.1	93.902	82	4	1	1	81	1298	1217	2.21e-28	122
16c2d13c-0cc5-4aa2-a91b-d92f352fb5cb	NR_043604.1	93.902	82	4	1	1	81	1299	1218	2.21e-28	122
608e5709-d816-49e7-849b-3dee0970ecc5	NR_074568.1	88.636	132	10	3	1	128	1300	1430	5.17e-38	156
608e5709-d816-49e7-849b-3dee0970ecc5	NR_044712.2	88.636	132	10	3	1	128	1309	1439	5.17e-38	156
608e5709-d816-49e7-849b-3dee0970ecc5	NR_180003.1	88.372	129	10	4	1	125	1297	1424	2.40e-36	150
608e5709-d816-49e7-849b-3dee0970ecc5	NR_116523.1	86.667	135	13	3	1	131	1208	1341	1.12e-34	145
608e5709-d816-49e7-849b-3dee0970ecc5	NR_199557.1	86.667	135	13	3	1	131	1309	1442	1.12e-34	145
ba042687-d36d-4253-ac7f-bb8bbf76c939	NR_113082.1	97.006	167	3	2	7	172	178	13	3.02e-75	279
ba042687-d36d-4253-ac7f-bb8bbf76c939	NR_136788.1	97.006	167	3	2	7	172	178	13	3.02e-75	279
ba042687-d36d-4253-ac7f-bb8bbf76c939	NR_152035.1	97.386	153	4	0	20	172	166	14	1.09e-69	261
ba042687-d36d-4253-ac7f-bb8bbf76c939	NR_074234.1	93.373	166	11	0	7	172	185	20	3.06e-65	246
ba042687-d36d-4253-ac7f-bb8bbf76c939	NR_113086.1	93.373	166	11	0	7	172	178	13	3.06e-65	246
20a84294-dd5b-4cfc-8514-114f13b67432	NR_025435.1	96.444	225	3	5	3	223	1268	1491	3.06e-101	366
20a84294-dd5b-4cfc-8514-114f13b67432	NR_024817.1	96.000	225	6	3	1	223	1253	1476	1.10e-100	364
20a84294-dd5b-4cfc-8514-114f13b67432	NR_028682.1	96.000	225	4	5	1	221	1270	1493	1.42e-99	361
20a84294-dd5b-4cfc-8514-114f13b67432	NR_180652.1	96.347	219	5	3	6	222	1264	1481	1.84e-98	357
20a84294-dd5b-4cfc-8514-114f13b67432	NR_036793.2	95.556	225	5	5	3	223	1279	1502	6.62e-98	355
3106023c-bc8d-4781-ad16-73d3b1299e7c	NR_026230.1	99.000	100	1	0	4	103	466	565	1.82e-45	180
3106023c-bc8d-4781-ad16-73d3b1299e7c	NR_113082.1	99.000	100	1	0	4	103	488	587	1.82e-45	180
3106023c-bc8d-4781-ad16-73d3b1299e7c	NR_136788.1	98.058	103	2	0	1	103	485	587	1.82e-45	180
3106023c-bc8d-4781-ad16-73d3b1299e7c	NR_148803.1	98.000	100	2	0	4	103	468	567	8.45e-44	174
3106023c-bc8d-4781-ad16-73d3b1299e7c	NR_144725.1	98.958	96	1	0	4	99	486	581	3.04e-43	172
6454d80a-f6b7-4f9b-b1ab-dcea8309c6d9	NR_041880.1	95.745	141	2	3	17	154	1166	1027	1.40e-58	224
6454d80a-f6b7-4f9b-b1ab-dcea8309c6d9	NR_113570.1	95.745	141	2	3	17	154	1217	1078	1.40e-58	224
6454d80a-f6b7-4f9b-b1ab-dcea8309c6d9	NR_115354.1	95.745	141	2	3	17	154	1210	1071	1.40e-58	224
6454d80a-f6b7-4f9b-b1ab-dcea8309c6d9	NR_163639.1	95.745	141	2	3	17	154	1225	1086	1.40e-58	224
6454d80a-f6b7-4f9b-b1ab-dcea8309c6d9	NR_179325.1	95.745	141	2	3	17	154	1184	1045	1.40e-58	224
0164986c-1fbf-4191-90e1-5afbced0497b	NR_025862.1	95.200	250	8	3	1	246	260	11	4.24e-110	396
0164986c-1fbf-4191-90e1-5afbced0497b	NR_028682.1	90.800	250	15	7	1	244	260	13	1.57e-89	327
0164986c-1fbf-4191-90e1-5afbced0497b	NR_025863.1	83.071	254	29	13	4	246	261	11	2.74e-57	220
0164986c-1fbf-4191-90e1-5afbced0497b	NR_026454.1	84.052	232	27	10	4	226	231	1	1.28e-55	215
0164986c-1fbf-4191-90e1-5afbced0497b	NR_119263.1	82.308	260	26	14	1	243	257	1	2.13e-53	207
63368d7b-9c74-4f86-8f7e-1f985008c262	NR_042776.1	93.269	104	7	0	1	104	1197	1300	1.04e-37	154
63368d7b-9c74-4f86-8f7e-1f985008c262	NR_042777.1	93.269	104	7	0	1	104	1196	1299	1.04e-37	154
63368d7b-9c74-4f86-8f7e-1f985008c262	NR_042778.1	92.308	104	8	0	1	104	1197	1300	4.83e-36	148
63368d7b-9c74-4f86-8f7e-1f985008c262	NR_118998.1	92.308	104	8	0	1	104	1191	1294	4.83e-36	148
63368d7b-9c74-4f86-8f7e-1f985008c262	NR_197695.1	92.308	104	8	0	1	104	1196	1299	4.83e-36	148
0160156e-7169-4096-a95b-78f79f6e6aa5	NR_028665.1	97.674	172	1	2	1	169	853	1024	3.83e-79	292
0160156e-7169-4096-a95b-78f79f6e6aa5	NR_112026.1	97.674	172	1	2	1	169	818	989	3.83e-79	292
0160156e-7169-4096-a95b-78f79f6e6aa5	NR_115239.1	97.674	172	1	2	1	169	836	1007	3.83e-79	292
0160156e-7169-4096-a95b-78f79f6e6aa5	NR_117496.1	97.674	172	1	2	1	169	836	1007	3.83e-79	292
0160156e-7169-4096-a95b-78f79f6e6aa5	NR_165741.1	97.674	172	1	2	1	169	845	1016	3.83e-79	292
4de80239-01f3-406e-8a93-c50cb10c48de	NR_025361.1	93.038	158	6	3	1	153	1315	1472	3.43e-59	226
4de80239-01f3-406e-8a93-c50cb10c48de	NR_026452.1	92.453	159	6	3	1	153	1293	1451	4.44e-58	222
4de80239-01f3-406e-8a93-c50cb10c48de	NR_027193.1	92.453	159	6	3	1	153	1317	1475	4.44e-58	222
4de80239-01f3-406e-8a93-c50cb10c48de	NR_042334.1	92.453	159	6	3	1	153	1315	1473	4.44e-58	222
4de80239-01f3-406e-8a93-c50cb10c48de	NR_044873.1	94.040	151	1	5	1	143	1309	1459	4.44e-58	222
72faa110-500d-40b9-912c-5b6f2b4f484e	NR_042776.1	86.885	61	3	2	1	56	1269	1209	7.68e-11	63.9
72faa110-500d-40b9-912c-5b6f2b4f484e	NR_042777.1	86.885	61	3	2	1	56	1268	1208	7.68e-11	63.9
72faa110-500d-40b9-912c-5b6f2b4f484e	NR_042778.1	86.885	61	3	2	1	56	1269	1209	7.68e-11	63.9
72faa110-500d-40b9-912c-5b6f2b4f484e	NR_118998.1	86.885	61	3	2	1	56	1263	1203	7.68e-11	63.9
72faa110-500d-40b9-912c-5b6f2b4f484e	NR_151977.1	86.885	61	3	2	1	56	1273	1213	7.68e-11	63.9
6655e737-4cb0-4583-bb04-0c41ac0613eb	NR_042776.1	93.684	285	9	3	1	276	1270	986	1.03e-116	418
6655e737-4cb0-4583-bb04-0c41ac0613eb	NR_042777.1	93.684	285	9	3	1	276	1269	985	1.03e-116	418
6655e737-4cb0-4583-bb04-0c41ac0613eb	NR_042778.1	93.684	285	9	3	1	276	1270	986	1.03e-116	418
6655e737-4cb0-4583-bb04-0c41ac0613eb	NR_197695.1	93.333	285	10	3	1	276	1269	985	4.78e-115	412
6655e737-4cb0-4583-bb04-0c41ac0613eb	NR_024659.1	92.632	285	12	3	1	276	1226	942	1.03e-111	401
a2962fbf-e07b-4e1a-97d3-9983fde35136	NR_116168.1	96.875	128	2	2	1	127	1384	1258	2.18e-55	213
a2962fbf-e07b-4e1a-97d3-9983fde35136	NR_118762.1	96.875	128	2	2	1	127	1386	1260	2.18e-55	213
a2962fbf-e07b-4e1a-97d3-9983fde35136	NR_042878.1	96.850	127	2	2	2	127	1362	1237	7.85e-55	211
a2962fbf-e07b-4e1a-97d3-9983fde35136	NR_044613.1	95.312	128	4	2	1	127	1388	1262	4.72e-52	202
a2962fbf-e07b-4e1a-97d3-9983fde35136	NR_114558.1	95.312	128	4	2	1	127	1362	1236	4.72e-52	202
49ff1fd3-1ffd-41b1-b172-91e309c99a87	NR_025862.1	93.191	235	7	8	1	229	372	141	2.42e-92	337
49ff1fd3-1ffd-41b1-b172-91e309c99a87	NR_028682.1	92.735	234	11	5	1	229	373	141	3.13e-91	333
49ff1fd3-1ffd-41b1-b172-91e309c99a87	NR_026454.1	88.462	234	21	5	1	229	347	115	1.49e-74	278
49ff1fd3-1ffd-41b1-b172-91e309c99a87	NR_180911.1	88.546	227	16	10	1	221	363	141	3.22e-71	267
49ff1fd3-1ffd-41b1-b172-91e309c99a87	NR_179378.1	88.106	227	17	10	1	221	374	152	1.50e-69	261
2ec4f64e-65a5-4ef7-9cbd-d036c3a394d5	NR_024842.1	86.777	363	30	17	8	359	363	8	2.97e-108	390
2ec4f64e-65a5-4ef7-9cbd-d036c3a394d5	NR_115241.1	87.679	349	26	16	8	344	348	5	2.97e-108	390
2ec4f64e-65a5-4ef7-9cbd-d036c3a394d5	NR_115735.1	87.209	344	26	17	8	338	339	1	8.32e-104	375
2ec4f64e-65a5-4ef7-9cbd-d036c3a394d5	NR_165737.1	85.714	350	31	18	8	344	348	5	1.40e-96	351
2ec4f64e-65a5-4ef7-9cbd-d036c3a394d5	NR_178515.1	85.714	350	31	18	8	344	348	5	1.40e-96	351
9e47fd38-bfbf-4ac3-9703-3d76fc01ba44	NR_102895.1	95.058	1457	32	33	1	1427	1467	21	0.0	2255
9e47fd38-bfbf-4ac3-9703-3d76fc01ba44	NR_113113.1	94.990	1457	33	33	1	1427	1447	1	0.0	2250
9e47fd38-bfbf-4ac3-9703-3d76fc01ba44	NR_042843.1	95.028	1448	33	32	1	1418	1439	1	0.0	2241
9e47fd38-bfbf-4ac3-9703-3d76fc01ba44	NR_114305.1	93.544	1456	56	31	1	1427	1459	13	0.0	2134
9e47fd38-bfbf-4ac3-9703-3d76fc01ba44	NR_109628.1	93.582	1449	54	32	1	1419	1440	1	0.0	2124
424b53af-9e98-497e-82d7-f4a76bf74ec7	NR_042776.1	91.282	1170	50	46	1	1136	1169	18	0.0	1548
424b53af-9e98-497e-82d7-f4a76bf74ec7	NR_042778.1	91.111	1170	52	46	1	1136	1169	18	0.0	1537
424b53af-9e98-497e-82d7-f4a76bf74ec7	NR_042777.1	91.026	1170	52	47	1	1136	1168	18	0.0	1530
424b53af-9e98-497e-82d7-f4a76bf74ec7	NR_197695.1	90.684	1170	57	46	1	1136	1168	17	0.0	1509
424b53af-9e98-497e-82d7-f4a76bf74ec7	NR_118998.1	90.342	1170	60	47	1	1136	1163	13	0.0	1487
c68b80a9-2948-4413-9a37-09e84f968499	NR_025903.1	96.164	1121	28	14	1	1109	1123	6	0.0	1818
c68b80a9-2948-4413-9a37-09e84f968499	NR_133753.1	96.019	1080	28	14	1	1068	1077	1	0.0	1742
c68b80a9-2948-4413-9a37-09e84f968499	NR_025904.1	94.657	1123	41	18	1	1109	1122	5	0.0	1724
c68b80a9-2948-4413-9a37-09e84f968499	NR_026419.1	94.794	1114	42	15	1	1101	1111	1	0.0	1722
c68b80a9-2948-4413-9a37-09e84f968499	NR_133752.1	95.996	1049	28	13	1	1038	1048	3	0.0	1692
b93df7c1-fd85-4bd6-9983-b7fd4feedabd	NR_074980.1	96.225	1139	26	13	9	1136	1145	13	0.0	1849
b93df7c1-fd85-4bd6-9983-b7fd4feedabd	NR_113031.1	96.225	1139	26	13	9	1136	1145	13	0.0	1849
b93df7c1-fd85-4bd6-9983-b7fd4feedabd	NR_119168.1	96.191	1129	26	13	9	1126	1123	1	0.0	1836
b93df7c1-fd85-4bd6-9983-b7fd4feedabd	NR_043332.1	96.333	1118	27	12	9	1118	1118	7	0.0	1831
b93df7c1-fd85-4bd6-9983-b7fd4feedabd	NR_113570.1	96.110	1131	26	14	9	1127	1125	1	0.0	1829
62ded7d8-5976-4be6-803a-f8470f96ea36	NR_028664.1	97.187	711	14	4	1	708	723	16	0.0	1197
62ded7d8-5976-4be6-803a-f8470f96ea36	NR_165744.1	96.910	712	16	4	1	709	709	1	0.0	1188
62ded7d8-5976-4be6-803a-f8470f96ea36	NR_165747.1	97.297	703	13	4	1	700	700	1	0.0	1188
62ded7d8-5976-4be6-803a-f8470f96ea36	NR_117719.1	96.906	711	16	4	1	708	720	13	0.0	1186
62ded7d8-5976-4be6-803a-f8470f96ea36	NR_179383.1	96.906	711	16	4	1	708	727	20	0.0	1186
7dc38c74-168c-4fa4-8151-80c1f04f04fc	NR_025862.1	93.300	1015	35	31	1	996	1014	14	0.0	1476
7dc38c74-168c-4fa4-8151-80c1f04f04fc	NR_028682.1	91.257	1018	51	36	1	996	1015	14	0.0	1352
7dc38c74-168c-4fa4-8151-80c1f04f04fc	NR_026454.1	89.751	1005	62	39	1	978	991	1	0.0	1247
7dc38c74-168c-4fa4-8151-80c1f04f04fc	NR_180652.1	88.184	1024	66	46	1	989	1004	1	0.0	1170
7dc38c74-168c-4fa4-8151-80c1f04f04fc	NR_042406.1	87.879	1023	72	44	1	989	1005	1	0.0	1155
4790aba0-38f3-4008-b5cb-7bfff9d494cb	NR_042928.1	94.813	347	8	8	1	345	340	2	4.62e-151	532
4790aba0-38f3-4008-b5cb-7bfff9d494cb	NR_199547.1	96.308	325	3	7	1	323	320	3	7.74e-149	525
4790aba0-38f3-4008-b5cb-7bfff9d494cb	NR_109720.1	94.955	337	9	6	1	335	336	6	1.00e-147	521
4790aba0-38f3-4008-b5cb-7bfff9d494cb	NR_112026.1	95.468	331	5	8	1	329	323	1	3.60e-147	520
4790aba0-38f3-4008-b5cb-7bfff9d494cb	NR_036936.1	93.333	345	15	6	1	343	342	4	1.01e-142	505
