eedbdc30-fbd5-4f30-9ab6-2cb40f8138ce	NR_115355.1	94.149	1316	46	22	1	1296	171	1475	0.0	1977
eedbdc30-fbd5-4f30-9ab6-2cb40f8138ce	NR_179325.1	94.149	1316	46	22	1	1296	145	1449	0.0	1975
eedbdc30-fbd5-4f30-9ab6-2cb40f8138ce	NR_163639.1	94.144	1315	44	25	1	1296	190	1490	0.0	1971
eedbdc30-fbd5-4f30-9ab6-2cb40f8138ce	NR_119169.1	93.997	1316	48	22	1	1296	176	1480	0.0	1969
eedbdc30-fbd5-4f30-9ab6-2cb40f8138ce	NR_113570.1	93.769	1316	51	22	1	1296	178	1482	0.0	1947
e665c277-dd4d-4d2a-8954-60239d4e586d	NR_119168.1	92.912	522	19	13	1	510	519	4	0.0	743
e665c277-dd4d-4d2a-8954-60239d4e586d	NR_115355.1	92.885	520	19	13	1	508	514	1	0.0	741
e665c277-dd4d-4d2a-8954-60239d4e586d	NR_119169.1	92.720	522	20	13	1	510	519	4	0.0	741
e665c277-dd4d-4d2a-8954-60239d4e586d	NR_074980.1	92.720	522	20	13	1	510	541	26	0.0	737
e665c277-dd4d-4d2a-8954-60239d4e586d	NR_113031.1	92.720	522	20	13	1	510	541	26	0.0	737
e52003ce-1d42-436c-81e8-5bbe63f29093	NR_042776.1	97.145	1261	21	11	1	1254	1270	18	0.0	2115
e52003ce-1d42-436c-81e8-5bbe63f29093	NR_042778.1	96.987	1261	23	11	1	1254	1270	18	0.0	2104
e52003ce-1d42-436c-81e8-5bbe63f29093	NR_042777.1	96.907	1261	23	12	1	1254	1269	18	0.0	2098
e52003ce-1d42-436c-81e8-5bbe63f29093	NR_197695.1	96.590	1261	28	11	1	1254	1269	17	0.0	2076
e52003ce-1d42-436c-81e8-5bbe63f29093	NR_118998.1	96.193	1261	32	12	1	1254	1264	13	0.0	2050
9e30cac3-5f76-4321-934f-44d5618d0b47	NR_041879.1	87.004	277	21	12	1	271	608	341	1.37e-80	298
9e30cac3-5f76-4321-934f-44d5618d0b47	NR_115355.1	87.004	277	21	12	1	271	651	384	1.37e-80	298
9e30cac3-5f76-4321-934f-44d5618d0b47	NR_119169.1	87.004	277	21	12	1	271	656	389	1.37e-80	298
9e30cac3-5f76-4321-934f-44d5618d0b47	NR_163639.1	87.004	277	21	12	1	271	667	400	1.37e-80	298
9e30cac3-5f76-4321-934f-44d5618d0b47	NR_179325.1	87.004	277	21	12	1	271	625	358	1.37e-80	298
d17265c7-9265-4014-9525-84c795b41eea	NR_074980.1	92.180	1266	51	41	4	1235	1264	13	0.0	1746
d17265c7-9265-4014-9525-84c795b41eea	NR_113031.1	92.180	1266	51	41	4	1235	1264	13	0.0	1746
d17265c7-9265-4014-9525-84c795b41eea	NR_119169.1	92.197	1256	51	40	4	1226	1242	1	0.0	1740
d17265c7-9265-4014-9525-84c795b41eea	NR_115355.1	92.246	1251	50	40	4	1221	1237	1	0.0	1733
d17265c7-9265-4014-9525-84c795b41eea	NR_163639.1	92.028	1267	47	46	4	1235	1252	5	0.0	1731
ba32ea23-e885-44a1-aaab-c4c74791208c	NR_179325.1	91.281	1124	48	42	7	1099	352	1456	0.0	1487
ba32ea23-e885-44a1-aaab-c4c74791208c	NR_115355.1	91.103	1124	50	42	7	1099	378	1482	0.0	1476
ba32ea23-e885-44a1-aaab-c4c74791208c	NR_163639.1	91.087	1122	49	44	9	1099	396	1497	0.0	1471
ba32ea23-e885-44a1-aaab-c4c74791208c	NR_119169.1	90.925	1124	52	43	7	1099	383	1487	0.0	1469
ba32ea23-e885-44a1-aaab-c4c74791208c	NR_044153.1	90.853	1126	49	45	7	1099	378	1482	0.0	1461
b5649014-a763-4406-8618-358908be2385	NR_115355.1	98.780	328	2	2	1	327	1160	1486	4.12e-166	582
b5649014-a763-4406-8618-358908be2385	NR_163639.1	98.780	328	2	2	1	327	1175	1501	4.12e-166	582
b5649014-a763-4406-8618-358908be2385	NR_179325.1	98.780	328	2	2	1	327	1134	1460	4.12e-166	582
b5649014-a763-4406-8618-358908be2385	NR_119169.1	98.476	328	3	2	1	327	1165	1491	1.92e-164	577
b5649014-a763-4406-8618-358908be2385	NR_115354.1	98.171	328	4	2	1	327	1160	1486	8.92e-163	571
04431ef7-c044-437a-bdaf-851fc1e95238	NR_041880.1	92.284	324	13	10	1	313	592	914	4.16e-126	449
04431ef7-c044-437a-bdaf-851fc1e95238	NR_025762.1	92.284	324	13	10	1	313	614	936	4.16e-126	449
04431ef7-c044-437a-bdaf-851fc1e95238	NR_041879.1	92.284	324	13	10	1	313	593	915	4.16e-126	449
04431ef7-c044-437a-bdaf-851fc1e95238	NR_043332.1	92.284	324	13	10	1	313	636	958	4.16e-126	449
04431ef7-c044-437a-bdaf-851fc1e95238	NR_074980.1	92.284	324	13	10	1	313	663	985	4.16e-126	449
d3642d25-86bd-482c-8f1e-eb5c3152e8c4	NR_024842.1	93.633	801	23	18	2	787	795	8	0.0	1175
d3642d25-86bd-482c-8f1e-eb5c3152e8c4	NR_115241.1	93.821	793	21	18	2	779	780	1	0.0	1168
d3642d25-86bd-482c-8f1e-eb5c3152e8c4	NR_178515.1	93.325	794	23	20	2	779	780	1	0.0	1146
d3642d25-86bd-482c-8f1e-eb5c3152e8c4	NR_115735.1	93.622	784	21	19	2	769	771	1	0.0	1144
d3642d25-86bd-482c-8f1e-eb5c3152e8c4	NR_165737.1	93.073	794	25	20	2	779	780	1	0.0	1134
dfdc2a6d-04fa-4656-b531-c0dc51280039	NR_117694.1	93.467	796	25	22	1	778	787	1	0.0	1157
dfdc2a6d-04fa-4656-b531-c0dc51280039	NR_121687.1	92.289	804	35	22	1	786	807	13	0.0	1116
dfdc2a6d-04fa-4656-b531-c0dc51280039	NR_025892.1	91.801	805	36	24	1	786	812	19	0.0	1114
dfdc2a6d-04fa-4656-b531-c0dc51280039	NR_041989.1	93.634	754	22	21	1	737	745	1	0.0	1103
dfdc2a6d-04fa-4656-b531-c0dc51280039	NR_117717.1	91.781	803	41	20	1	786	808	14	0.0	1094
3a4a7000-d0fc-42c1-a77f-116a934ab9eb	NR_115355.1	97.256	1312	17	16	3	1303	1304	1	0.0	2209
3a4a7000-d0fc-42c1-a77f-116a934ab9eb	NR_119169.1	97.039	1317	20	16	3	1308	1309	1	0.0	2206
3a4a7000-d0fc-42c1-a77f-116a934ab9eb	NR_163639.1	96.910	1327	16	22	3	1317	1319	6	0.0	2200
3a4a7000-d0fc-42c1-a77f-116a934ab9eb	NR_074980.1	96.380	1326	29	16	3	1317	1331	14	0.0	2165
3a4a7000-d0fc-42c1-a77f-116a934ab9eb	NR_113031.1	96.380	1326	29	16	3	1317	1331	14	0.0	2165
a29c4919-010a-474f-ae64-58e9293952a8	NR_115355.1	94.266	1151	35	28	1	1132	1139	1	0.0	1735
a29c4919-010a-474f-ae64-58e9293952a8	NR_119169.1	94.031	1156	38	28	1	1137	1144	1	0.0	1729
a29c4919-010a-474f-ae64-58e9293952a8	NR_074980.1	93.654	1166	42	29	1	1146	1166	13	0.0	1714
a29c4919-010a-474f-ae64-58e9293952a8	NR_113031.1	93.654	1166	42	29	1	1146	1166	13	0.0	1714
a29c4919-010a-474f-ae64-58e9293952a8	NR_113570.1	93.782	1158	40	29	1	1138	1146	1	0.0	1711
2020c11e-511b-4dff-bc98-07a3e953aaa1	NR_042928.1	92.952	454	15	13	1	447	444	1	0.0	645
2020c11e-511b-4dff-bc98-07a3e953aaa1	NR_109720.1	93.065	447	16	11	1	440	440	2	0.0	640
2020c11e-511b-4dff-bc98-07a3e953aaa1	NR_199547.1	94.749	419	8	10	1	412	424	13	0.0	640
2020c11e-511b-4dff-bc98-07a3e953aaa1	NR_036936.1	92.070	454	21	11	1	447	446	1	2.68e-179	627
2020c11e-511b-4dff-bc98-07a3e953aaa1	NR_112026.1	93.135	437	13	13	1	430	427	1	9.64e-179	625
5bbe960a-3693-4cb8-b121-119061418762	NR_125571.1	93.694	222	6	5	1	219	1220	1436	5.11e-89	326
5bbe960a-3693-4cb8-b121-119061418762	NR_125570.1	91.964	224	7	8	1	219	1178	1395	2.40e-82	303
5bbe960a-3693-4cb8-b121-119061418762	NR_042832.1	91.220	205	7	4	4	201	1240	1440	8.74e-72	268
5bbe960a-3693-4cb8-b121-119061418762	NR_028827.1	89.189	222	13	5	3	217	1239	1456	3.14e-71	267
5bbe960a-3693-4cb8-b121-119061418762	NR_042008.1	88.889	225	14	4	4	221	1250	1470	3.14e-71	267
e5a655a9-d8f7-4f29-8689-4ead2a297dbf	NR_199974.1	90.323	651	29	23	1	630	864	1501	0.0	822
e5a655a9-d8f7-4f29-8689-4ead2a297dbf	NR_025453.1	90.031	652	30	24	1	630	837	1475	0.0	811
e5a655a9-d8f7-4f29-8689-4ead2a297dbf	NR_025148.1	89.708	651	33	24	1	630	857	1494	0.0	800
e5a655a9-d8f7-4f29-8689-4ead2a297dbf	NR_042771.1	89.692	650	35	24	1	630	855	1492	0.0	800
e5a655a9-d8f7-4f29-8689-4ead2a297dbf	NR_159228.1	89.708	651	33	23	1	630	854	1491	0.0	800
3b87cc0e-6f0f-4fc8-a177-1e1f9877fc04	NR_117694.1	90.336	983	52	34	12	972	962	1	0.0	1249
3b87cc0e-6f0f-4fc8-a177-1e1f9877fc04	NR_041989.1	90.638	940	48	31	12	931	920	1	0.0	1212
3b87cc0e-6f0f-4fc8-a177-1e1f9877fc04	NR_117692.1	89.308	982	64	32	12	972	962	1	0.0	1194
3b87cc0e-6f0f-4fc8-a177-1e1f9877fc04	NR_121688.1	88.900	982	68	35	12	972	982	21	0.0	1171
3b87cc0e-6f0f-4fc8-a177-1e1f9877fc04	NR_117701.1	88.900	982	68	34	12	972	962	1	0.0	1171
88f9b8d6-e24b-4841-8d5c-21506e835cb8	NR_180875.1	90.964	332	17	12	1	324	1252	926	1.21e-121	435
88f9b8d6-e24b-4841-8d5c-21506e835cb8	NR_024842.1	90.663	332	18	12	1	324	1288	962	5.62e-120	429
88f9b8d6-e24b-4841-8d5c-21506e835cb8	NR_036936.1	90.663	332	18	12	1	324	1273	947	5.62e-120	429
88f9b8d6-e24b-4841-8d5c-21506e835cb8	NR_028665.1	90.663	332	18	12	1	324	1288	962	5.62e-120	429
88f9b8d6-e24b-4841-8d5c-21506e835cb8	NR_042927.1	90.663	332	18	12	1	324	1273	947	5.62e-120	429
c6b03194-06c3-4f44-91b7-0016e6948d20	NR_024842.1	99.083	327	2	1	1	326	1154	1480	3.17e-167	586
c6b03194-06c3-4f44-91b7-0016e6948d20	NR_115735.1	99.083	327	2	1	1	326	1130	1456	3.17e-167	586
c6b03194-06c3-4f44-91b7-0016e6948d20	NR_115241.1	98.777	327	3	1	1	326	1139	1465	4.11e-166	582
c6b03194-06c3-4f44-91b7-0016e6948d20	NR_178262.1	98.780	328	2	2	1	326	1033	1360	4.11e-166	582
c6b03194-06c3-4f44-91b7-0016e6948d20	NR_179215.1	98.780	328	2	2	1	326	1155	1482	4.11e-166	582
f2c02c99-7860-4ee8-ba9b-3c95bdb8ea0e	NR_042928.1	97.103	794	11	11	1	790	786	1	0.0	1328
f2c02c99-7860-4ee8-ba9b-3c95bdb8ea0e	NR_199547.1	98.287	759	6	7	1	755	766	11	0.0	1323
f2c02c99-7860-4ee8-ba9b-3c95bdb8ea0e	NR_112026.1	97.507	762	9	10	1	758	768	13	0.0	1295
f2c02c99-7860-4ee8-ba9b-3c95bdb8ea0e	NR_165747.1	96.348	794	17	11	1	790	786	1	0.0	1295
f2c02c99-7860-4ee8-ba9b-3c95bdb8ea0e	NR_117719.1	96.005	801	20	11	1	797	806	14	0.0	1291
1d6cc04f-0295-4cac-97ad-a8aefa4bce77	NR_025729.1	95.370	108	2	2	1	108	1187	1083	3.93e-42	169
1d6cc04f-0295-4cac-97ad-a8aefa4bce77	NR_024974.1	95.370	108	2	2	1	108	1163	1059	3.93e-42	169
1d6cc04f-0295-4cac-97ad-a8aefa4bce77	NR_025453.1	95.370	108	2	2	1	108	1169	1065	3.93e-42	169
1d6cc04f-0295-4cac-97ad-a8aefa4bce77	NR_044912.1	95.370	108	2	2	1	108	1124	1020	3.93e-42	169
1d6cc04f-0295-4cac-97ad-a8aefa4bce77	NR_108485.1	95.370	108	2	2	1	108	1150	1046	3.93e-42	169
f87a8f6f-09fe-4895-b56c-145eac40015d	NR_028682.1	96.154	156	4	2	9	163	1283	1129	1.74e-67	254
f87a8f6f-09fe-4895-b56c-145eac40015d	NR_025862.1	94.231	156	7	2	9	163	1282	1128	4.89e-63	239
f87a8f6f-09fe-4895-b56c-145eac40015d	NR_179652.1	94.231	156	7	2	9	163	1286	1132	1.76e-62	237
f87a8f6f-09fe-4895-b56c-145eac40015d	NR_025400.1	93.590	156	8	2	9	163	1265	1111	8.18e-61	231
f87a8f6f-09fe-4895-b56c-145eac40015d	NR_042500.1	93.590	156	8	2	9	163	1213	1059	8.18e-61	231
7f632d05-e450-495b-ab32-ad34e7c56463	NR_117425.1	92.929	99	4	2	1	97	233	136	7.68e-34	141
7f632d05-e450-495b-ab32-ad34e7c56463	NR_180151.1	78.788	99	18	2	1	97	230	133	1.71e-10	63.9
12d0ba50-93ce-4b88-9c12-e2791d578981	NR_042776.1	92.771	166	4	5	1	160	186	23	2.26e-61	233
12d0ba50-93ce-4b88-9c12-e2791d578981	NR_042778.1	92.771	166	4	5	1	160	186	23	2.26e-61	233
12d0ba50-93ce-4b88-9c12-e2791d578981	NR_042777.1	92.638	163	4	5	4	160	183	23	1.05e-59	228
12d0ba50-93ce-4b88-9c12-e2791d578981	NR_028665.1	92.073	164	7	5	1	160	176	15	3.78e-59	226
12d0ba50-93ce-4b88-9c12-e2791d578981	NR_197695.1	92.121	165	5	5	2	160	184	22	3.78e-59	226
f2c8e291-e6fc-438a-bcfe-564258445cdc	NR_024817.1	93.305	239	10	5	1	238	1250	1483	3.27e-96	350
f2c8e291-e6fc-438a-bcfe-564258445cdc	NR_025435.1	92.887	239	12	4	1	238	1264	1498	5.48e-94	342
f2c8e291-e6fc-438a-bcfe-564258445cdc	NR_036793.2	92.887	239	12	4	1	238	1275	1509	5.48e-94	342
f2c8e291-e6fc-438a-bcfe-564258445cdc	NR_042061.1	92.887	239	12	4	1	238	1257	1491	5.48e-94	342
f2c8e291-e6fc-438a-bcfe-564258445cdc	NR_171468.1	92.887	239	12	4	1	238	1259	1493	5.48e-94	342
d0a64e05-1f2e-455b-947d-cee4f60c08e8	NR_104924.1	93.427	213	9	5	1	213	1014	1221	1.35e-84	311
d0a64e05-1f2e-455b-947d-cee4f60c08e8	NR_118531.1	93.427	213	9	5	1	213	1014	1221	1.35e-84	311
d0a64e05-1f2e-455b-947d-cee4f60c08e8	NR_134807.1	93.427	213	9	5	1	213	1041	1248	1.35e-84	311
d0a64e05-1f2e-455b-947d-cee4f60c08e8	NR_114750.1	92.958	213	11	4	1	213	997	1205	1.74e-83	307
d0a64e05-1f2e-455b-947d-cee4f60c08e8	NR_026046.1	92.958	213	10	4	1	213	993	1200	6.27e-83	305
a6012fac-1946-40e3-aac2-1b78d41b34c3	NR_028666.1	93.004	243	8	7	1	238	1261	1499	4.31e-95	346
a6012fac-1946-40e3-aac2-1b78d41b34c3	NR_028833.1	93.004	243	8	7	1	238	1264	1502	4.31e-95	346
a6012fac-1946-40e3-aac2-1b78d41b34c3	NR_029052.1	93.004	243	8	7	1	238	1225	1463	4.31e-95	346
a6012fac-1946-40e3-aac2-1b78d41b34c3	NR_036918.1	93.004	243	8	7	1	238	1254	1492	4.31e-95	346
a6012fac-1946-40e3-aac2-1b78d41b34c3	NR_042771.1	93.004	243	8	7	1	238	1255	1493	4.31e-95	346
2f94ae01-20f6-4359-8bf6-482884646657	NR_042776.1	93.981	216	8	5	1	212	1270	1056	6.19e-88	322
2f94ae01-20f6-4359-8bf6-482884646657	NR_042777.1	93.981	216	8	5	1	212	1269	1055	6.19e-88	322
2f94ae01-20f6-4359-8bf6-482884646657	NR_042778.1	93.981	216	8	5	1	212	1270	1056	6.19e-88	322
2f94ae01-20f6-4359-8bf6-482884646657	NR_118998.1	93.981	216	8	5	1	212	1264	1050	6.19e-88	322
2f94ae01-20f6-4359-8bf6-482884646657	NR_197695.1	93.981	216	8	5	1	212	1269	1055	6.19e-88	322
e18cdca9-f176-4ab1-a664-6cd040e70960	NR_043332.1	97.046	237	3	4	1	233	1247	1483	4.07e-110	396
e18cdca9-f176-4ab1-a664-6cd040e70960	NR_074980.1	97.046	237	3	4	1	233	1274	1510	4.07e-110	396
e18cdca9-f176-4ab1-a664-6cd040e70960	NR_113031.1	97.046	237	3	4	1	233	1274	1510	4.07e-110	396
e18cdca9-f176-4ab1-a664-6cd040e70960	NR_119168.1	96.624	237	4	4	1	233	1252	1488	5.27e-109	392
e18cdca9-f176-4ab1-a664-6cd040e70960	NR_113570.1	96.639	238	3	5	1	233	1254	1491	1.89e-108	390
eae55390-5922-44a8-bea6-c2d5452f6a0e	NR_044873.1	91.705	217	11	6	5	218	214	2	1.39e-79	294
eae55390-5922-44a8-bea6-c2d5452f6a0e	NR_074568.1	91.705	217	11	6	5	218	225	13	1.39e-79	294
eae55390-5922-44a8-bea6-c2d5452f6a0e	NR_044712.2	91.244	217	12	7	5	218	234	22	1.80e-78	291
eae55390-5922-44a8-bea6-c2d5452f6a0e	NR_179993.1	86.697	218	21	8	5	218	226	13	8.56e-62	235
eae55390-5922-44a8-bea6-c2d5452f6a0e	NR_025310.1	87.685	203	20	5	5	204	205	5	1.11e-60	231
f80bed4b-1008-49c6-b2af-77e1d52218bb	NR_042776.1	98.137	161	1	2	1	160	1270	1111	3.10e-75	279
f80bed4b-1008-49c6-b2af-77e1d52218bb	NR_042777.1	98.137	161	1	2	1	160	1269	1110	3.10e-75	279
f80bed4b-1008-49c6-b2af-77e1d52218bb	NR_042778.1	98.137	161	1	2	1	160	1270	1111	3.10e-75	279
f80bed4b-1008-49c6-b2af-77e1d52218bb	NR_118998.1	98.137	161	1	2	1	160	1264	1105	3.10e-75	279
f80bed4b-1008-49c6-b2af-77e1d52218bb	NR_197695.1	98.137	161	1	2	1	160	1269	1110	3.10e-75	279
2d8b5a80-bdb8-4a29-a5d1-fb9a9a8730b8	NR_024842.1	94.286	70	4	0	1	70	1481	1412	4.80e-24	108
2d8b5a80-bdb8-4a29-a5d1-fb9a9a8730b8	NR_041706.1	94.286	70	4	0	1	70	1476	1407	4.80e-24	108
2d8b5a80-bdb8-4a29-a5d1-fb9a9a8730b8	NR_042052.1	94.286	70	4	0	1	70	1389	1320	4.80e-24	108
2d8b5a80-bdb8-4a29-a5d1-fb9a9a8730b8	NR_025625.1	94.286	70	4	0	1	70	1475	1406	4.80e-24	108
2d8b5a80-bdb8-4a29-a5d1-fb9a9a8730b8	NR_028705.1	94.286	70	4	0	1	70	1479	1410	4.80e-24	108
0f1f181d-0745-4942-b288-af5919dc5370	NR_074568.1	98.895	181	0	2	13	191	827	647	6.09e-88	322
0f1f181d-0745-4942-b288-af5919dc5370	NR_044712.2	98.895	181	0	2	13	191	836	656	6.09e-88	322
0f1f181d-0745-4942-b288-af5919dc5370	NR_043968.1	98.895	181	0	2	13	191	785	605	6.09e-88	322
0f1f181d-0745-4942-b288-af5919dc5370	NR_024783.1	98.343	181	1	2	13	191	812	632	2.83e-86	316
0f1f181d-0745-4942-b288-af5919dc5370	NR_024785.1	98.343	181	1	2	13	191	783	603	2.83e-86	316
22f3b7df-f451-4909-bd47-026b3778d479	NR_024659.1	92.308	130	6	3	1	126	1226	1097	6.15e-46	182
22f3b7df-f451-4909-bd47-026b3778d479	NR_116212.1	92.308	130	6	3	1	126	1168	1039	6.15e-46	182
22f3b7df-f451-4909-bd47-026b3778d479	NR_024842.1	92.248	129	6	3	1	125	1260	1132	2.21e-45	180
22f3b7df-f451-4909-bd47-026b3778d479	NR_115241.1	92.248	129	6	3	1	125	1245	1117	2.21e-45	180
22f3b7df-f451-4909-bd47-026b3778d479	NR_115735.1	92.248	129	6	3	1	125	1236	1108	2.21e-45	180
e05021bb-2657-4fc0-b2a0-76d5ac951ab0	NR_025904.1	99.065	107	1	0	1	107	111	5	2.28e-49	193
e05021bb-2657-4fc0-b2a0-76d5ac951ab0	NR_025903.1	97.196	107	3	0	1	107	112	6	4.93e-46	182
e05021bb-2657-4fc0-b2a0-76d5ac951ab0	NR_026419.1	98.990	99	1	0	1	99	99	1	6.38e-45	178
e05021bb-2657-4fc0-b2a0-76d5ac951ab0	NR_036920.1	94.393	107	4	2	1	107	106	2	1.79e-40	163
e05021bb-2657-4fc0-b2a0-76d5ac951ab0	NR_026420.1	94.949	99	5	0	1	99	99	1	2.99e-38	156
ec6b4d48-38f0-42f4-a8e7-9f84b6ddaaa4	NR_025289.1	98.374	246	3	1	3	247	246	1	1.25e-120	431
ec6b4d48-38f0-42f4-a8e7-9f84b6ddaaa4	NR_118780.1	95.635	252	9	2	3	253	251	1	2.73e-112	403
ec6b4d48-38f0-42f4-a8e7-9f84b6ddaaa4	NR_024886.1	83.969	262	37	5	3	261	272	13	4.87e-65	246
ec6b4d48-38f0-42f4-a8e7-9f84b6ddaaa4	NR_159296.1	83.969	262	37	4	3	261	260	1	4.87e-65	246
ec6b4d48-38f0-42f4-a8e7-9f84b6ddaaa4	NR_173621.1	83.712	264	34	9	3	261	279	20	2.26e-63	241
e5bcf2a4-f093-421e-91d5-c5140dcabafd	NR_042776.1	96.532	173	3	2	7	176	1123	951	2.38e-76	283
e5bcf2a4-f093-421e-91d5-c5140dcabafd	NR_042777.1	96.532	173	3	2	7	176	1122	950	2.38e-76	283
e5bcf2a4-f093-421e-91d5-c5140dcabafd	NR_042778.1	96.532	173	3	2	7	176	1123	951	2.38e-76	283
e5bcf2a4-f093-421e-91d5-c5140dcabafd	NR_117425.1	95.954	173	4	2	7	176	1101	929	1.11e-74	278
e5bcf2a4-f093-421e-91d5-c5140dcabafd	NR_197695.1	95.954	173	4	2	7	176	1122	950	1.11e-74	278
0ca2856a-d357-4d26-84b7-f9f8cdfb93e6	NR_044873.1	95.631	206	6	3	1	203	1230	1025	1.32e-89	327
0ca2856a-d357-4d26-84b7-f9f8cdfb93e6	NR_041773.1	95.146	206	7	3	1	203	1257	1052	6.16e-88	322
0ca2856a-d357-4d26-84b7-f9f8cdfb93e6	NR_074568.1	95.146	206	7	3	1	203	1240	1035	6.16e-88	322
0ca2856a-d357-4d26-84b7-f9f8cdfb93e6	NR_074198.1	95.146	206	7	3	1	203	1257	1052	6.16e-88	322
0ca2856a-d357-4d26-84b7-f9f8cdfb93e6	NR_178796.1	95.146	206	7	3	1	203	1238	1033	6.16e-88	322
709c76c8-36e0-4525-9e49-4650aac87c94	NR_044682.2	94.656	131	3	2	1	128	146	17	1.70e-51	200
709c76c8-36e0-4525-9e49-4650aac87c94	NR_118756.1	93.893	131	4	2	1	128	145	16	2.20e-50	196
709c76c8-36e0-4525-9e49-4650aac87c94	NR_025073.1	93.893	131	4	2	1	128	143	14	7.90e-50	195
709c76c8-36e0-4525-9e49-4650aac87c94	NR_156993.1	93.893	131	4	2	1	128	135	6	7.90e-50	195
709c76c8-36e0-4525-9e49-4650aac87c94	NR_104930.1	94.488	127	3	2	1	124	126	1	2.84e-49	193
03611756-5c7f-4cdc-ae5f-f1a25b2134ee	NR_025902.1	95.918	147	2	4	19	162	1300	1445	6.36e-62	235
03611756-5c7f-4cdc-ae5f-f1a25b2134ee	NR_028844.1	95.918	147	2	4	19	162	1331	1476	6.36e-62	235
03611756-5c7f-4cdc-ae5f-f1a25b2134ee	NR_040933.1	95.918	147	2	4	19	162	1344	1489	6.36e-62	235
03611756-5c7f-4cdc-ae5f-f1a25b2134ee	NR_117717.1	95.918	147	2	4	19	162	1342	1487	6.36e-62	235
03611756-5c7f-4cdc-ae5f-f1a25b2134ee	NR_121688.1	95.918	147	2	4	19	162	1342	1487	6.36e-62	235
ff9d2ad3-ce65-4746-b20f-57a658ded111	NR_043332.1	94.372	231	6	6	1	228	1261	1487	1.11e-95	348
ff9d2ad3-ce65-4746-b20f-57a658ded111	NR_074980.1	94.372	231	6	6	1	228	1288	1514	1.11e-95	348
ff9d2ad3-ce65-4746-b20f-57a658ded111	NR_113031.1	94.372	231	6	6	1	228	1288	1514	1.11e-95	348
ff9d2ad3-ce65-4746-b20f-57a658ded111	NR_115354.1	94.372	231	6	6	1	228	1261	1487	1.11e-95	348
ff9d2ad3-ce65-4746-b20f-57a658ded111	NR_115355.1	94.372	231	6	6	1	228	1261	1487	1.11e-95	348
76dc8f5b-243b-45ba-8a54-adcd88faf822	NR_043332.1	94.444	90	2	3	1	87	1392	1481	3.25e-32	135
76dc8f5b-243b-45ba-8a54-adcd88faf822	NR_074980.1	94.444	90	2	3	1	87	1419	1508	3.25e-32	135
76dc8f5b-243b-45ba-8a54-adcd88faf822	NR_113031.1	94.444	90	2	3	1	87	1419	1508	3.25e-32	135
76dc8f5b-243b-45ba-8a54-adcd88faf822	NR_115354.1	94.444	90	2	3	1	87	1392	1481	3.25e-32	135
76dc8f5b-243b-45ba-8a54-adcd88faf822	NR_115355.1	94.444	90	2	3	1	87	1392	1481	3.25e-32	135
0c4acd20-50a0-4bf2-adfe-2f579e797306	NR_028665.1	90.370	135	8	5	1	131	143	10	3.84e-43	172
0c4acd20-50a0-4bf2-adfe-2f579e797306	NR_117719.1	90.370	135	8	5	1	131	146	13	3.84e-43	172
0c4acd20-50a0-4bf2-adfe-2f579e797306	NR_179383.1	90.370	135	8	5	1	131	153	20	3.84e-43	172
0c4acd20-50a0-4bf2-adfe-2f579e797306	NR_179385.1	90.370	135	8	4	1	131	150	17	3.84e-43	172
0c4acd20-50a0-4bf2-adfe-2f579e797306	NR_179540.1	90.370	135	8	5	1	131	146	13	3.84e-43	172
9ef9f01a-f71a-4baf-b8db-848bd9a99413	NR_042776.1	96.429	140	3	2	1	139	156	18	2.43e-60	230
9ef9f01a-f71a-4baf-b8db-848bd9a99413	NR_042777.1	96.429	140	3	2	1	139	156	18	2.43e-60	230
9ef9f01a-f71a-4baf-b8db-848bd9a99413	NR_042778.1	96.429	140	3	2	1	139	156	18	2.43e-60	230
9ef9f01a-f71a-4baf-b8db-848bd9a99413	NR_118234.1	95.745	141	4	2	1	140	148	9	3.14e-59	226
9ef9f01a-f71a-4baf-b8db-848bd9a99413	NR_024841.1	95.714	140	4	2	1	139	145	7	1.13e-58	224
2b2b6d35-5acb-47e3-ae8d-4cf14e31d8f8	NR_024841.1	96.327	245	5	4	1	242	1096	853	3.22e-111	399
2b2b6d35-5acb-47e3-ae8d-4cf14e31d8f8	NR_028664.1	96.327	245	5	4	1	242	1103	860	3.22e-111	399
2b2b6d35-5acb-47e3-ae8d-4cf14e31d8f8	NR_042927.1	96.327	245	5	4	1	242	1082	839	3.22e-111	399
2b2b6d35-5acb-47e3-ae8d-4cf14e31d8f8	NR_113260.1	96.327	245	5	4	1	242	1082	839	3.22e-111	399
2b2b6d35-5acb-47e3-ae8d-4cf14e31d8f8	NR_114413.1	96.327	245	5	4	1	242	1105	862	3.22e-111	399
8584a08c-b497-48c9-b550-191911a8e985	NR_133752.1	90.657	289	9	12	1	274	1169	884	1.05e-101	368
8584a08c-b497-48c9-b550-191911a8e985	NR_133753.1	90.657	289	9	12	1	274	1198	913	1.05e-101	368
8584a08c-b497-48c9-b550-191911a8e985	NR_025904.1	90.657	289	9	12	1	274	1243	958	1.05e-101	368
8584a08c-b497-48c9-b550-191911a8e985	NR_026419.1	90.657	289	9	11	1	274	1232	947	1.05e-101	368
8584a08c-b497-48c9-b550-191911a8e985	NR_025903.1	90.657	289	9	12	1	274	1244	959	1.05e-101	368
8aceaee0-4dd1-4fb1-b64d-19278197de38	NR_042776.1	97.619	714	12	5	1	712	805	95	0.0	1219
8aceaee0-4dd1-4fb1-b64d-19278197de38	NR_042778.1	97.339	714	14	5	1	712	805	95	0.0	1208
8aceaee0-4dd1-4fb1-b64d-19278197de38	NR_042777.1	97.199	714	14	6	1	712	804	95	0.0	1203
8aceaee0-4dd1-4fb1-b64d-19278197de38	NR_197695.1	97.055	713	16	5	1	711	804	95	0.0	1195
8aceaee0-4dd1-4fb1-b64d-19278197de38	NR_118998.1	96.779	714	18	5	1	712	800	90	0.0	1188
1d67d808-c1a2-4e7e-88c3-184ce4a38498	NR_043332.1	98.450	129	0	2	1	127	1354	1482	2.85e-59	226
1d67d808-c1a2-4e7e-88c3-184ce4a38498	NR_074980.1	98.450	129	0	2	1	127	1381	1509	2.85e-59	226
1d67d808-c1a2-4e7e-88c3-184ce4a38498	NR_113031.1	98.450	129	0	2	1	127	1381	1509	2.85e-59	226
1d67d808-c1a2-4e7e-88c3-184ce4a38498	NR_115354.1	98.450	129	0	2	1	127	1354	1482	2.85e-59	226
1d67d808-c1a2-4e7e-88c3-184ce4a38498	NR_115355.1	98.450	129	0	2	1	127	1354	1482	2.85e-59	226
ce979069-44a2-421b-9e7b-3458246c9fb8	NR_042776.1	88.797	241	17	7	2	232	860	1100	2.52e-77	287
ce979069-44a2-421b-9e7b-3458246c9fb8	NR_042777.1	88.797	241	17	7	2	232	859	1099	2.52e-77	287
ce979069-44a2-421b-9e7b-3458246c9fb8	NR_042778.1	88.797	241	17	7	2	232	860	1100	2.52e-77	287
ce979069-44a2-421b-9e7b-3458246c9fb8	NR_117425.1	88.382	241	18	7	2	232	838	1078	1.17e-75	281
ce979069-44a2-421b-9e7b-3458246c9fb8	NR_197695.1	88.382	241	18	7	2	232	859	1099	1.17e-75	281
61a138b0-3d89-4574-acbc-8eb1776da649	NR_026158.1	97.143	105	2	1	1	105	1097	994	2.30e-44	176
61a138b0-3d89-4574-acbc-8eb1776da649	NR_026159.1	97.143	105	2	1	1	105	1097	994	2.30e-44	176
61a138b0-3d89-4574-acbc-8eb1776da649	NR_026511.1	97.143	105	2	1	1	105	1094	991	2.30e-44	176
61a138b0-3d89-4574-acbc-8eb1776da649	NR_025075.1	97.143	105	2	1	1	105	1095	992	2.30e-44	176
61a138b0-3d89-4574-acbc-8eb1776da649	NR_041637.1	97.143	105	2	1	1	105	1109	1006	2.30e-44	176
bd6c8c1b-f7a8-4c02-a3c8-03e3bcd880a7	NR_041989.1	94.138	870	21	20	3	853	1115	257	0.0	1297
bd6c8c1b-f7a8-4c02-a3c8-03e3bcd880a7	NR_117694.1	93.119	872	26	24	3	853	1157	299	0.0	1247
bd6c8c1b-f7a8-4c02-a3c8-03e3bcd880a7	NR_117696.1	92.989	870	31	20	3	853	1144	286	0.0	1242
bd6c8c1b-f7a8-4c02-a3c8-03e3bcd880a7	NR_104947.1	92.874	870	32	20	3	853	1130	272	0.0	1236
bd6c8c1b-f7a8-4c02-a3c8-03e3bcd880a7	NR_117717.1	92.874	870	31	21	3	853	1177	320	0.0	1234
09ef6eca-47e5-4d05-b3f7-74fcd5069dcd	NR_163639.1	88.660	194	10	8	4	192	191	5	4.46e-59	226
09ef6eca-47e5-4d05-b3f7-74fcd5069dcd	NR_074980.1	88.601	193	10	8	5	192	198	13	1.61e-58	224
09ef6eca-47e5-4d05-b3f7-74fcd5069dcd	NR_113031.1	88.601	193	10	8	5	192	198	13	1.61e-58	224
09ef6eca-47e5-4d05-b3f7-74fcd5069dcd	NR_119169.1	88.587	184	9	8	4	182	177	1	9.66e-56	215
09ef6eca-47e5-4d05-b3f7-74fcd5069dcd	NR_119168.1	88.587	184	9	8	4	182	177	1	3.48e-55	213
e40ee8b8-717d-4231-9a56-7cc45eb90934	NR_042776.1	97.201	1286	14	16	1	1273	227	1503	0.0	2156
e40ee8b8-717d-4231-9a56-7cc45eb90934	NR_042777.1	97.123	1286	14	17	1	1273	227	1502	0.0	2148
e40ee8b8-717d-4231-9a56-7cc45eb90934	NR_042778.1	96.890	1286	18	16	1	1273	227	1503	0.0	2134
e40ee8b8-717d-4231-9a56-7cc45eb90934	NR_197695.1	96.890	1286	18	16	1	1273	226	1502	0.0	2134
e40ee8b8-717d-4231-9a56-7cc45eb90934	NR_118998.1	96.345	1286	24	17	1	1273	222	1497	0.0	2093
35c5a4bd-b9e1-4827-89b2-217b1fae6069	NR_109003.1	100.000	31	0	0	64	94	1316	1346	7.45e-09	58.4
35c5a4bd-b9e1-4827-89b2-217b1fae6069	NR_042819.1	100.000	31	0	0	64	94	1347	1377	7.45e-09	58.4
35c5a4bd-b9e1-4827-89b2-217b1fae6069	NR_025770.1	100.000	31	0	0	64	94	1302	1332	7.45e-09	58.4
35c5a4bd-b9e1-4827-89b2-217b1fae6069	NR_025796.1	100.000	31	0	0	64	94	1325	1355	7.45e-09	58.4
35c5a4bd-b9e1-4827-89b2-217b1fae6069	NR_025839.1	100.000	31	0	0	64	94	1337	1367	7.45e-09	58.4
cdfaed80-9e83-40d0-87e8-de71fd4f1454	NR_115560.1	97.037	135	1	3	5	138	143	11	1.09e-58	224
cdfaed80-9e83-40d0-87e8-de71fd4f1454	NR_113561.1	96.992	133	3	1	5	136	145	13	3.93e-58	222
cdfaed80-9e83-40d0-87e8-de71fd4f1454	NR_028664.1	96.992	133	1	3	5	136	146	16	1.41e-57	220
cdfaed80-9e83-40d0-87e8-de71fd4f1454	NR_179385.1	96.992	133	1	3	5	136	147	17	1.41e-57	220
cdfaed80-9e83-40d0-87e8-de71fd4f1454	NR_199545.1	96.992	133	1	3	5	136	143	13	1.41e-57	220
b689d87b-108f-4e74-abda-e1b6f8f71a3d	NR_029097.1	98.400	125	2	0	1	125	1315	1191	1.29e-57	220
b689d87b-108f-4e74-abda-e1b6f8f71a3d	NR_125570.1	98.400	125	2	0	1	125	1297	1173	1.29e-57	220
b689d87b-108f-4e74-abda-e1b6f8f71a3d	NR_125571.1	98.400	125	2	0	1	125	1339	1215	1.29e-57	220
b689d87b-108f-4e74-abda-e1b6f8f71a3d	NR_074634.1	97.436	117	3	0	1	117	1375	1259	1.68e-51	200
b689d87b-108f-4e74-abda-e1b6f8f71a3d	NR_042832.1	97.436	117	3	0	1	117	1356	1240	1.68e-51	200
eeb16852-3664-452a-8e2c-2eaaf25324aa	NR_028664.1	93.708	747	24	17	5	739	761	1496	0.0	1098
eeb16852-3664-452a-8e2c-2eaaf25324aa	NR_117719.1	93.708	747	24	17	5	739	758	1493	0.0	1098
eeb16852-3664-452a-8e2c-2eaaf25324aa	NR_028665.1	93.574	747	24	18	5	739	755	1489	0.0	1092
eeb16852-3664-452a-8e2c-2eaaf25324aa	NR_179383.1	93.574	747	25	17	5	739	765	1500	0.0	1092
eeb16852-3664-452a-8e2c-2eaaf25324aa	NR_179385.1	93.574	747	24	18	5	739	762	1496	0.0	1092
b8d62c2f-9a5e-4bda-945e-b5944d1fb9ac	NR_163639.1	91.118	304	13	10	4	296	1	301	4.03e-111	399
b8d62c2f-9a5e-4bda-945e-b5944d1fb9ac	NR_119170.1	92.096	291	8	12	17	296	1	287	1.45e-110	398
b8d62c2f-9a5e-4bda-945e-b5944d1fb9ac	NR_115354.1	92.308	286	7	13	22	296	1	282	6.74e-109	392
b8d62c2f-9a5e-4bda-945e-b5944d1fb9ac	NR_119168.1	91.724	290	11	9	17	296	1	287	2.42e-108	390
b8d62c2f-9a5e-4bda-945e-b5944d1fb9ac	NR_119169.1	91.724	290	11	10	17	296	1	287	2.42e-108	390
3b13d699-108d-440d-b342-f60703993fc2	NR_042843.1	94.949	198	5	5	1	195	524	329	5.71e-83	305
3b13d699-108d-440d-b342-f60703993fc2	NR_102895.1	94.949	198	5	5	1	195	552	357	5.71e-83	305
3b13d699-108d-440d-b342-f60703993fc2	NR_113113.1	94.949	198	5	5	1	195	532	337	5.71e-83	305
3b13d699-108d-440d-b342-f60703993fc2	NR_114305.1	92.424	198	10	5	1	195	544	349	1.24e-74	278
3b13d699-108d-440d-b342-f60703993fc2	NR_116726.1	92.424	198	10	5	1	195	524	329	1.24e-74	278
604e5850-f738-45bf-9ec9-847afab1c33e	NR_043332.1	92.727	110	2	6	9	115	1330	1224	1.18e-37	154
604e5850-f738-45bf-9ec9-847afab1c33e	NR_074980.1	92.727	110	2	6	9	115	1357	1251	1.18e-37	154
604e5850-f738-45bf-9ec9-847afab1c33e	NR_113031.1	92.727	110	2	6	9	115	1357	1251	1.18e-37	154
604e5850-f738-45bf-9ec9-847afab1c33e	NR_113570.1	92.727	110	2	6	9	115	1337	1231	1.18e-37	154
604e5850-f738-45bf-9ec9-847afab1c33e	NR_117759.1	92.727	110	2	6	9	115	1333	1227	1.18e-37	154
e703053b-156e-48c8-8692-cc4b43db40ca	NR_044091.1	96.169	261	5	3	10	266	1123	864	7.63e-118	422
e703053b-156e-48c8-8692-cc4b43db40ca	NR_028839.1	95.402	261	7	3	10	266	1172	913	1.65e-114	411
e703053b-156e-48c8-8692-cc4b43db40ca	NR_042940.1	95.019	261	8	3	10	266	1121	862	7.68e-113	405
e703053b-156e-48c8-8692-cc4b43db40ca	NR_025762.1	94.636	261	8	4	10	266	1186	928	3.57e-111	399
e703053b-156e-48c8-8692-cc4b43db40ca	NR_041879.1	94.636	261	9	3	10	266	1166	907	3.57e-111	399
5ec2cf99-676e-4094-bf73-6add5f442c61	NR_041880.1	95.139	144	4	2	18	158	1375	1232	1.31e-58	224
5ec2cf99-676e-4094-bf73-6add5f442c61	NR_025762.1	95.139	144	4	2	18	158	1397	1254	1.31e-58	224
5ec2cf99-676e-4094-bf73-6add5f442c61	NR_043332.1	95.139	144	4	2	18	158	1419	1276	1.31e-58	224
5ec2cf99-676e-4094-bf73-6add5f442c61	NR_074980.1	95.139	144	4	2	18	158	1446	1303	1.31e-58	224
5ec2cf99-676e-4094-bf73-6add5f442c61	NR_113031.1	95.139	144	4	2	18	158	1446	1303	1.31e-58	224
fb22ad6f-6243-4076-841d-f0db816f8dc2	NR_136788.1	87.828	1372	90	63	1	1324	1360	18	0.0	1537
fb22ad6f-6243-4076-841d-f0db816f8dc2	NR_113082.1	85.433	1373	121	67	1	1324	1360	18	0.0	1354
fb22ad6f-6243-4076-841d-f0db816f8dc2	NR_026230.1	84.503	1368	133	65	1	1319	1338	1	0.0	1303
fb22ad6f-6243-4076-841d-f0db816f8dc2	NR_179662.1	78.852	1376	203	74	1	1324	1360	21	0.0	848
fb22ad6f-6243-4076-841d-f0db816f8dc2	NR_113083.1	78.416	1376	213	68	1	1323	1345	1	0.0	819
372fb1ae-e99b-4f48-8d6b-c6def5c5d905	NR_029097.1	91.905	210	5	9	2	202	45	251	2.80e-76	283
372fb1ae-e99b-4f48-8d6b-c6def5c5d905	NR_125571.1	90.047	211	9	9	1	202	68	275	1.01e-70	265
372fb1ae-e99b-4f48-8d6b-c6def5c5d905	NR_125570.1	89.573	211	10	9	1	202	26	233	1.70e-68	257
372fb1ae-e99b-4f48-8d6b-c6def5c5d905	NR_181392.1	82.090	201	26	8	1	193	76	274	3.80e-40	163
372fb1ae-e99b-4f48-8d6b-c6def5c5d905	NR_042832.1	81.373	204	28	9	7	202	89	290	1.77e-38	158
c176edd5-8840-4340-81a6-7d7797cc147f	NR_037101.1	100.000	94	0	0	29	122	1382	1475	1.02e-43	174
c176edd5-8840-4340-81a6-7d7797cc147f	NR_037101.1	97.143	35	1	0	1	35	1279	1245	2.98e-09	60.2
c176edd5-8840-4340-81a6-7d7797cc147f	NR_040821.1	100.000	94	0	0	29	122	1382	1475	1.02e-43	174
c176edd5-8840-4340-81a6-7d7797cc147f	NR_040821.1	100.000	35	0	0	1	35	1279	1245	6.40e-11	65.8
c176edd5-8840-4340-81a6-7d7797cc147f	NR_025148.1	100.000	94	0	0	29	122	1402	1495	1.02e-43	174
c176edd5-8840-4340-81a6-7d7797cc147f	NR_025148.1	100.000	35	0	0	1	35	1299	1265	6.40e-11	65.8
c176edd5-8840-4340-81a6-7d7797cc147f	NR_028664.1	100.000	94	0	0	29	122	1403	1496	1.02e-43	174
c176edd5-8840-4340-81a6-7d7797cc147f	NR_028664.1	97.143	35	1	0	1	35	1300	1266	2.98e-09	60.2
c176edd5-8840-4340-81a6-7d7797cc147f	NR_028666.1	100.000	94	0	0	29	122	1406	1499	1.02e-43	174
c176edd5-8840-4340-81a6-7d7797cc147f	NR_028666.1	97.143	35	1	0	1	35	1303	1269	2.98e-09	60.2
0dd1f644-0cb4-4039-92e9-3abf3d076d04	NR_042776.1	90.436	1422	57	62	1	1372	1410	18	0.0	1799
0dd1f644-0cb4-4039-92e9-3abf3d076d04	NR_042777.1	90.295	1422	58	63	1	1372	1409	18	0.0	1788
0dd1f644-0cb4-4039-92e9-3abf3d076d04	NR_042778.1	90.225	1422	60	62	1	1372	1410	18	0.0	1783
0dd1f644-0cb4-4039-92e9-3abf3d076d04	NR_197695.1	89.944	1422	64	62	1	1372	1409	17	0.0	1760
0dd1f644-0cb4-4039-92e9-3abf3d076d04	NR_118998.1	89.866	1421	66	61	1	1372	1404	13	0.0	1757
9713f415-78f7-49fe-ad98-7c51d1277dbf	NR_024842.1	90.402	448	23	14	12	442	452	8	3.44e-163	573
9713f415-78f7-49fe-ad98-7c51d1277dbf	NR_115241.1	90.682	440	22	13	12	435	437	1	1.60e-161	568
9713f415-78f7-49fe-ad98-7c51d1277dbf	NR_115735.1	91.346	416	21	12	12	415	428	16	1.24e-157	555
9713f415-78f7-49fe-ad98-7c51d1277dbf	NR_165737.1	89.796	441	24	15	12	435	437	1	7.49e-155	545
9713f415-78f7-49fe-ad98-7c51d1277dbf	NR_178515.1	89.796	441	24	15	12	435	437	1	7.49e-155	545
8880300e-d9f3-4ff5-a1fc-dc779fc91d2d	NR_024842.1	97.512	201	2	3	15	214	1291	1489	1.76e-93	340
8880300e-d9f3-4ff5-a1fc-dc779fc91d2d	NR_042052.1	97.512	201	2	3	15	214	1199	1397	1.76e-93	340
8880300e-d9f3-4ff5-a1fc-dc779fc91d2d	NR_042776.1	97.512	201	2	3	15	214	1301	1499	1.76e-93	340
8880300e-d9f3-4ff5-a1fc-dc779fc91d2d	NR_042777.1	97.512	201	2	3	15	214	1300	1498	1.76e-93	340
8880300e-d9f3-4ff5-a1fc-dc779fc91d2d	NR_114642.1	97.512	201	2	3	15	214	1258	1456	1.76e-93	340
bfac6f1e-90c5-46e5-a7ee-638bb5dc67e0	NR_026419.1	95.238	147	5	2	2	147	1339	1484	7.32e-61	231
bfac6f1e-90c5-46e5-a7ee-638bb5dc67e0	NR_025904.1	94.558	147	5	3	2	147	1350	1494	1.23e-58	224
bfac6f1e-90c5-46e5-a7ee-638bb5dc67e0	NR_025903.1	93.878	147	6	3	2	147	1351	1495	5.70e-57	219
bfac6f1e-90c5-46e5-a7ee-638bb5dc67e0	NR_026420.1	90.476	147	11	3	2	147	1338	1482	1.24e-48	191
bfac6f1e-90c5-46e5-a7ee-638bb5dc67e0	NR_179572.1	90.476	147	11	3	2	147	1358	1502	1.24e-48	191
ca2911a4-3e67-4b58-9367-e1ff85bc7451	NR_116168.1	96.774	186	4	2	12	197	197	14	4.49e-84	309
ca2911a4-3e67-4b58-9367-e1ff85bc7451	NR_042878.1	94.944	178	7	2	12	189	176	1	2.10e-77	287
ca2911a4-3e67-4b58-9367-e1ff85bc7451	NR_118762.1	93.617	188	10	2	12	199	200	15	2.10e-77	287
ca2911a4-3e67-4b58-9367-e1ff85bc7451	NR_118757.1	94.444	180	10	0	20	199	196	17	9.78e-76	281
ca2911a4-3e67-4b58-9367-e1ff85bc7451	NR_042879.1	95.294	170	8	0	20	189	170	1	2.12e-72	270
9134ad6a-33b1-4134-9346-4e473cb1be36	NR_025892.1	95.000	140	3	3	2	138	157	19	1.86e-56	217
9134ad6a-33b1-4134-9346-4e473cb1be36	NR_117694.1	95.455	132	2	3	2	130	131	1	1.12e-53	207
9134ad6a-33b1-4134-9346-4e473cb1be36	NR_117717.1	93.571	140	5	3	2	138	152	14	4.03e-53	206
9134ad6a-33b1-4134-9346-4e473cb1be36	NR_121687.1	93.571	140	5	3	2	138	151	13	4.03e-53	206
9134ad6a-33b1-4134-9346-4e473cb1be36	NR_121688.1	93.571	140	5	3	2	138	151	13	4.03e-53	206
7ca2821e-d422-4064-8738-32276e1cae4e	NR_037101.1	96.262	107	3	1	1	107	1441	1336	8.35e-44	174
7ca2821e-d422-4064-8738-32276e1cae4e	NR_036936.1	96.262	107	3	1	1	107	1441	1336	8.35e-44	174
7ca2821e-d422-4064-8738-32276e1cae4e	NR_040821.1	96.262	107	3	1	1	107	1441	1336	8.35e-44	174
7ca2821e-d422-4064-8738-32276e1cae4e	NR_025729.1	96.262	107	3	1	1	107	1459	1354	8.35e-44	174
7ca2821e-d422-4064-8738-32276e1cae4e	NR_026368.1	96.262	107	3	1	1	107	1443	1338	8.35e-44	174
ef37e93d-3f04-45bd-9ea9-1f890c459670	NR_117694.1	87.283	692	35	39	1	655	676	1	0.0	741
ef37e93d-3f04-45bd-9ea9-1f890c459670	NR_117717.1	86.957	690	41	33	1	655	697	22	0.0	730
ef37e93d-3f04-45bd-9ea9-1f890c459670	NR_117701.1	86.957	690	41	33	1	655	676	1	0.0	730
ef37e93d-3f04-45bd-9ea9-1f890c459670	NR_041989.1	88.117	648	29	34	1	614	634	1	0.0	726
ef37e93d-3f04-45bd-9ea9-1f890c459670	NR_121688.1	86.812	690	42	33	1	655	696	21	0.0	725
8cbb7ef7-3b70-4a39-9e08-b4e428abb2d7	NR_041989.1	95.101	347	12	4	1	344	706	362	7.43e-154	542
8cbb7ef7-3b70-4a39-9e08-b4e428abb2d7	NR_104947.1	94.236	347	15	4	1	344	721	377	7.48e-149	525
8cbb7ef7-3b70-4a39-9e08-b4e428abb2d7	NR_117717.1	94.236	347	15	4	1	344	769	425	7.48e-149	525
8cbb7ef7-3b70-4a39-9e08-b4e428abb2d7	NR_117696.1	94.236	347	15	4	1	344	735	391	7.48e-149	525
8cbb7ef7-3b70-4a39-9e08-b4e428abb2d7	NR_117701.1	94.236	347	15	4	1	344	748	404	7.48e-149	525
1378a004-49a7-450e-a8a0-120590dfe9ec	NR_117694.1	95.014	702	23	11	1	694	770	1467	0.0	1092
1378a004-49a7-450e-a8a0-120590dfe9ec	NR_043459.1	95.349	688	21	11	1	681	794	1477	0.0	1083
1378a004-49a7-450e-a8a0-120590dfe9ec	NR_117692.1	94.729	702	25	12	1	694	770	1467	0.0	1081
1378a004-49a7-450e-a8a0-120590dfe9ec	NR_025892.1	95.058	688	23	10	1	681	795	1478	0.0	1077
1378a004-49a7-450e-a8a0-120590dfe9ec	NR_025902.1	94.444	702	27	12	1	694	748	1445	0.0	1070
a0246596-2888-47c0-a1e2-87fa371755d6	NR_179540.1	96.496	799	11	14	30	820	704	1493	0.0	1304
a0246596-2888-47c0-a1e2-87fa371755d6	NR_028664.1	96.370	799	13	13	30	820	707	1497	0.0	1301
a0246596-2888-47c0-a1e2-87fa371755d6	NR_117719.1	96.370	799	13	13	30	820	704	1494	0.0	1301
a0246596-2888-47c0-a1e2-87fa371755d6	NR_179383.1	96.370	799	13	13	30	820	711	1501	0.0	1301
a0246596-2888-47c0-a1e2-87fa371755d6	NR_042927.1	96.474	794	12	13	30	815	686	1471	0.0	1297
09cf8a25-0677-445f-aed8-51649269257e	NR_116168.1	94.303	1334	40	26	1	1314	1331	14	0.0	2010
09cf8a25-0677-445f-aed8-51649269257e	NR_042878.1	94.109	1324	44	24	1	1305	1310	2	0.0	1993
09cf8a25-0677-445f-aed8-51649269257e	NR_118762.1	92.429	1334	66	26	1	1315	1333	16	0.0	1912
09cf8a25-0677-445f-aed8-51649269257e	NR_118143.1	92.760	1326	60	28	1	1305	1312	2	0.0	1884
09cf8a25-0677-445f-aed8-51649269257e	NR_025423.1	92.319	1328	62	31	1	1305	1315	5	0.0	1851
619a5e63-785e-40fc-a8b8-22b63172971a	NR_115355.1	90.200	551	26	25	1	534	946	1485	0.0	693
619a5e63-785e-40fc-a8b8-22b63172971a	NR_163639.1	90.018	551	27	25	1	534	961	1500	0.0	688
619a5e63-785e-40fc-a8b8-22b63172971a	NR_179325.1	89.837	551	28	24	1	534	920	1459	0.0	682
619a5e63-785e-40fc-a8b8-22b63172971a	NR_119169.1	89.655	551	29	25	1	534	951	1490	0.0	678
619a5e63-785e-40fc-a8b8-22b63172971a	NR_115354.1	89.292	551	31	25	1	534	946	1485	0.0	667
6300f030-8ff2-4b34-8454-f006caaf5b52	NR_024842.1	92.669	1446	64	30	1	1424	64	1489	0.0	2049
6300f030-8ff2-4b34-8454-f006caaf5b52	NR_115735.1	92.739	1446	62	31	1	1423	39	1464	0.0	2049
6300f030-8ff2-4b34-8454-f006caaf5b52	NR_115241.1	92.580	1442	65	30	1	1420	49	1470	0.0	2036
6300f030-8ff2-4b34-8454-f006caaf5b52	NR_165737.1	92.244	1444	67	33	1	1420	49	1471	0.0	2004
6300f030-8ff2-4b34-8454-f006caaf5b52	NR_156072.1	91.385	1451	73	39	1	1424	69	1494	0.0	1940
0e01f96a-4ffd-40b8-ba1d-cf9f0dccc0cf	NR_042776.1	97.068	1330	24	13	2	1321	178	1502	0.0	2226
0e01f96a-4ffd-40b8-ba1d-cf9f0dccc0cf	NR_042777.1	96.915	1329	27	13	2	1321	178	1501	0.0	2215
0e01f96a-4ffd-40b8-ba1d-cf9f0dccc0cf	NR_042778.1	96.767	1330	28	13	2	1321	178	1502	0.0	2204
0e01f96a-4ffd-40b8-ba1d-cf9f0dccc0cf	NR_197695.1	96.466	1330	32	13	2	1321	177	1501	0.0	2182
0e01f96a-4ffd-40b8-ba1d-cf9f0dccc0cf	NR_118998.1	96.241	1330	34	14	2	1321	173	1496	0.0	2165
12636d85-4b24-416b-84a3-82f944812f22	NR_179325.1	89.760	957	44	35	7	928	519	1456	0.0	1175
12636d85-4b24-416b-84a3-82f944812f22	NR_115355.1	89.551	957	46	35	7	928	545	1482	0.0	1164
12636d85-4b24-416b-84a3-82f944812f22	NR_119169.1	89.342	957	48	35	7	928	550	1487	0.0	1157
12636d85-4b24-416b-84a3-82f944812f22	NR_115354.1	89.133	957	50	35	7	928	545	1482	0.0	1144
12636d85-4b24-416b-84a3-82f944812f22	NR_119170.1	89.028	957	51	35	7	928	550	1487	0.0	1144
0c37dcfe-68bf-45f4-b25a-6a275e8a3e5c	NR_115355.1	93.769	337	4	12	5	327	1486	1153	2.61e-138	490
0c37dcfe-68bf-45f4-b25a-6a275e8a3e5c	NR_163639.1	93.769	337	4	12	5	327	1501	1168	2.61e-138	490
0c37dcfe-68bf-45f4-b25a-6a275e8a3e5c	NR_179325.1	93.769	337	4	12	5	327	1460	1127	2.61e-138	490
0c37dcfe-68bf-45f4-b25a-6a275e8a3e5c	NR_119169.1	93.472	337	5	12	5	327	1491	1158	1.21e-136	484
0c37dcfe-68bf-45f4-b25a-6a275e8a3e5c	NR_115354.1	93.175	337	6	13	5	327	1486	1153	5.65e-135	479
44483fcd-b0cc-476a-90cf-48d7035431c8	NR_042776.1	94.965	1132	24	27	1	1110	1143	23	0.0	1744
44483fcd-b0cc-476a-90cf-48d7035431c8	NR_042778.1	94.788	1132	26	27	1	1110	1143	23	0.0	1733
44483fcd-b0cc-476a-90cf-48d7035431c8	NR_042777.1	94.700	1132	26	28	1	1110	1142	23	0.0	1727
44483fcd-b0cc-476a-90cf-48d7035431c8	NR_197695.1	94.435	1132	30	27	1	1110	1142	22	0.0	1711
44483fcd-b0cc-476a-90cf-48d7035431c8	NR_118998.1	94.071	1130	37	26	1	1110	1137	18	0.0	1690
c78bc8d0-9fcd-4204-b72c-11128e2d5c03	NR_042167.1	95.556	675	15	14	1	664	671	1	0.0	1066
c78bc8d0-9fcd-4204-b72c-11128e2d5c03	NR_119241.1	90.521	633	48	11	1	624	630	1	0.0	874
c78bc8d0-9fcd-4204-b72c-11128e2d5c03	NR_025364.1	89.870	691	48	21	1	677	683	1	0.0	869
c78bc8d0-9fcd-4204-b72c-11128e2d5c03	NR_181136.1	89.496	695	52	20	1	683	698	13	0.0	859
c78bc8d0-9fcd-4204-b72c-11128e2d5c03	NR_044862.1	89.209	695	56	19	1	683	693	6	0.0	852
03e44ec3-93bb-4847-a5be-3fdfa1fbf1da	NR_179540.1	96.094	1408	30	19	1	1394	96	1492	0.0	2272
03e44ec3-93bb-4847-a5be-3fdfa1fbf1da	NR_028664.1	95.600	1409	36	20	1	1394	99	1496	0.0	2235
03e44ec3-93bb-4847-a5be-3fdfa1fbf1da	NR_117719.1	95.600	1409	36	20	1	1394	96	1493	0.0	2235
03e44ec3-93bb-4847-a5be-3fdfa1fbf1da	NR_179383.1	95.600	1409	36	20	1	1394	103	1500	0.0	2235
03e44ec3-93bb-4847-a5be-3fdfa1fbf1da	NR_042927.1	95.587	1405	36	20	1	1390	78	1471	0.0	2228
eb203f89-dd52-4a92-b760-2826ad32a5e2	NR_025862.1	87.566	378	31	14	1	369	381	11	8.37e-119	425
eb203f89-dd52-4a92-b760-2826ad32a5e2	NR_028682.1	85.450	378	36	18	1	367	382	13	8.54e-104	375
eb203f89-dd52-4a92-b760-2826ad32a5e2	NR_118953.1	73.491	381	70	28	2	367	378	14	2.04e-30	132
eb203f89-dd52-4a92-b760-2826ad32a5e2	NR_118960.1	72.775	382	75	25	2	367	382	14	1.23e-27	122
eb203f89-dd52-4a92-b760-2826ad32a5e2	NR_041241.1	89.583	48	3	2	320	367	64	19	7.56e-10	63.9
b431e522-2d30-4323-9401-d2f23136aeba	NR_115355.1	97.774	674	6	6	1	670	817	1485	0.0	1153
b431e522-2d30-4323-9401-d2f23136aeba	NR_163639.1	97.774	674	5	7	1	670	833	1500	0.0	1153
b431e522-2d30-4323-9401-d2f23136aeba	NR_179325.1	97.778	675	4	8	1	670	791	1459	0.0	1153
b431e522-2d30-4323-9401-d2f23136aeba	NR_115354.1	97.626	674	7	6	1	670	817	1485	0.0	1149
b431e522-2d30-4323-9401-d2f23136aeba	NR_119169.1	97.329	674	9	6	1	670	822	1490	0.0	1138
6bafc5d6-56b3-4b98-b59c-535ed7f18f05	NR_024842.1	97.360	644	8	8	1	637	851	1492	0.0	1086
6bafc5d6-56b3-4b98-b59c-535ed7f18f05	NR_028664.1	97.209	645	8	9	1	637	857	1499	0.0	1083
6bafc5d6-56b3-4b98-b59c-535ed7f18f05	NR_117719.1	97.209	645	8	9	1	637	854	1496	0.0	1083
6bafc5d6-56b3-4b98-b59c-535ed7f18f05	NR_115735.1	97.344	640	8	8	1	633	827	1464	0.0	1079
6bafc5d6-56b3-4b98-b59c-535ed7f18f05	NR_152678.1	97.054	645	9	10	1	637	856	1498	0.0	1077
57956c24-7877-4222-88a1-db3e7d9c6efa	NR_133753.1	97.674	387	5	2	1	383	204	590	0.0	662
57956c24-7877-4222-88a1-db3e7d9c6efa	NR_025903.1	97.674	387	5	2	1	383	250	636	0.0	662
57956c24-7877-4222-88a1-db3e7d9c6efa	NR_133752.1	97.158	387	7	2	1	383	175	561	0.0	651
57956c24-7877-4222-88a1-db3e7d9c6efa	NR_026419.1	97.158	387	7	2	1	383	238	624	0.0	651
57956c24-7877-4222-88a1-db3e7d9c6efa	NR_036920.1	96.335	382	11	1	5	383	248	629	8.00e-179	625
5062cc39-1a21-4f9e-91ee-d93a57ef7408	NR_165737.1	93.664	1310	43	31	5	1291	179	1471	0.0	1923
5062cc39-1a21-4f9e-91ee-d93a57ef7408	NR_024842.1	93.399	1318	44	32	5	1298	194	1492	0.0	1916
5062cc39-1a21-4f9e-91ee-d93a57ef7408	NR_115735.1	93.531	1314	42	32	5	1294	170	1464	0.0	1916
5062cc39-1a21-4f9e-91ee-d93a57ef7408	NR_115241.1	93.288	1311	45	32	5	1291	179	1470	0.0	1897
5062cc39-1a21-4f9e-91ee-d93a57ef7408	NR_036936.1	93.130	1310	50	32	5	1291	179	1471	0.0	1884
3f0ac592-badc-4c73-95af-9594ecbcb2b2	NR_179325.1	99.795	488	1	0	1	488	969	1456	0.0	896
3f0ac592-badc-4c73-95af-9594ecbcb2b2	NR_163639.1	99.590	488	2	0	1	488	1010	1497	0.0	891
3f0ac592-badc-4c73-95af-9594ecbcb2b2	NR_115354.1	99.385	488	3	0	1	488	995	1482	0.0	887
3f0ac592-badc-4c73-95af-9594ecbcb2b2	NR_115355.1	99.385	488	3	0	1	488	995	1482	0.0	885
3f0ac592-badc-4c73-95af-9594ecbcb2b2	NR_074980.1	98.975	488	5	0	1	488	1022	1509	0.0	874
12e90c09-7b99-4578-9e21-adb008ff150a	NR_178515.1	87.547	1068	80	40	4	1043	1221	179	0.0	1186
12e90c09-7b99-4578-9e21-adb008ff150a	NR_115735.1	87.453	1068	81	41	4	1043	1212	170	0.0	1181
12e90c09-7b99-4578-9e21-adb008ff150a	NR_116211.1	87.453	1068	81	41	4	1043	1144	102	0.0	1181
12e90c09-7b99-4578-9e21-adb008ff150a	NR_115241.1	87.360	1068	82	41	4	1043	1221	179	0.0	1177
12e90c09-7b99-4578-9e21-adb008ff150a	NR_024842.1	87.266	1068	83	41	4	1043	1236	194	0.0	1173
9521845b-3d17-47ee-8a38-ca3c51b9385e	NR_113121.1	95.392	434	8	12	3	427	132	562	0.0	680
9521845b-3d17-47ee-8a38-ca3c51b9385e	NR_026417.1	94.508	437	9	15	3	427	106	539	0.0	662
9521845b-3d17-47ee-8a38-ca3c51b9385e	NR_112878.1	89.655	435	31	13	3	427	132	562	9.42e-154	542
9521845b-3d17-47ee-8a38-ca3c51b9385e	NR_113116.1	88.479	434	38	11	3	427	119	549	2.05e-145	514
9521845b-3d17-47ee-8a38-ca3c51b9385e	NR_044850.1	88.276	435	38	12	3	427	103	534	9.55e-144	508
2029d0fb-d1d6-4ddd-8aea-d1a732a7bdfd	NR_199974.1	83.790	839	81	43	1	806	836	20	0.0	745
2029d0fb-d1d6-4ddd-8aea-d1a732a7bdfd	NR_181981.1	85.618	744	65	33	1	714	824	93	0.0	743
2029d0fb-d1d6-4ddd-8aea-d1a732a7bdfd	NR_025453.1	84.500	800	68	42	1	766	809	32	0.0	739
2029d0fb-d1d6-4ddd-8aea-d1a732a7bdfd	NR_117974.1	84.489	793	74	39	1	763	777	4	0.0	737
2029d0fb-d1d6-4ddd-8aea-d1a732a7bdfd	NR_118319.1	85.542	747	60	38	1	714	775	44	0.0	737
911baefe-4c77-4c5b-a316-5a81d99135f8	NR_028682.1	88.978	499	31	22	3	483	1001	1493	8.21e-170	595
911baefe-4c77-4c5b-a316-5a81d99135f8	NR_119263.1	88.072	503	38	20	3	488	998	1495	2.97e-164	577
911baefe-4c77-4c5b-a316-5a81d99135f8	NR_040926.1	87.525	505	37	24	3	488	979	1476	2.99e-159	560
911baefe-4c77-4c5b-a316-5a81d99135f8	NR_117521.1	87.500	504	37	24	3	488	960	1455	2.99e-159	560
911baefe-4c77-4c5b-a316-5a81d99135f8	NR_025396.1	87.450	502	41	20	3	488	972	1467	1.08e-158	558
b73f21ab-6c9c-46fc-aca5-4db9ccd78f57	NR_119168.1	93.284	268	11	6	4	267	267	3	7.77e-108	388
b73f21ab-6c9c-46fc-aca5-4db9ccd78f57	NR_163639.1	93.284	268	11	6	4	267	281	17	7.77e-108	388
b73f21ab-6c9c-46fc-aca5-4db9ccd78f57	NR_119169.1	92.910	268	12	6	4	267	267	3	1.00e-106	385
b73f21ab-6c9c-46fc-aca5-4db9ccd78f57	NR_074980.1	92.910	268	12	6	4	267	289	25	3.61e-106	383
b73f21ab-6c9c-46fc-aca5-4db9ccd78f57	NR_113031.1	92.910	268	12	6	4	267	289	25	3.61e-106	383
