ec991495-6433-429c-8c63-c50d1e31d39f	NR_042771.1	97.419	1356	20	12	8	1356	134	1481	0.0	2296
ec991495-6433-429c-8c63-c50d1e31d39f	NR_115274.1	97.419	1356	20	12	8	1356	114	1461	0.0	2296
ec991495-6433-429c-8c63-c50d1e31d39f	NR_029052.1	96.171	1358	33	14	8	1356	104	1451	0.0	2202
ec991495-6433-429c-8c63-c50d1e31d39f	NR_109720.1	96.168	1357	35	14	8	1356	110	1457	0.0	2202
ec991495-6433-429c-8c63-c50d1e31d39f	NR_103943.1	96.171	1358	33	14	8	1356	142	1489	0.0	2202
f3da87bc-8b54-4332-be2f-24be3f671423	NR_024842.1	89.813	854	47	25	1	825	848	6	0.0	1062
f3da87bc-8b54-4332-be2f-24be3f671423	NR_115241.1	90.166	844	43	25	1	815	833	1	0.0	1062
f3da87bc-8b54-4332-be2f-24be3f671423	NR_115735.1	89.940	835	43	26	1	805	824	1	0.0	1038
f3da87bc-8b54-4332-be2f-24be3f671423	NR_178515.1	89.455	844	49	25	1	815	833	1	0.0	1029
f3da87bc-8b54-4332-be2f-24be3f671423	NR_165737.1	89.349	845	48	27	1	815	833	1	0.0	1024
93296279-a3d4-4956-a709-80e3d3f5580d	NR_040933.1	94.709	378	12	7	1	376	1122	1493	1.73e-165	580
93296279-a3d4-4956-a709-80e3d3f5580d	NR_117717.1	95.380	368	12	5	11	376	1127	1491	1.73e-165	580
93296279-a3d4-4956-a709-80e3d3f5580d	NR_121688.1	95.380	368	12	5	11	376	1127	1491	1.73e-165	580
93296279-a3d4-4956-a709-80e3d3f5580d	NR_117694.1	94.709	378	12	7	1	376	1100	1471	1.73e-165	580
93296279-a3d4-4956-a709-80e3d3f5580d	NR_117696.1	95.380	368	12	5	11	376	1094	1458	1.73e-165	580
b7752fc6-2ea2-48d9-97bc-3fb0f416cff4	NR_074980.1	94.343	1255	27	33	1	1231	275	1509	0.0	1884
b7752fc6-2ea2-48d9-97bc-3fb0f416cff4	NR_113031.1	94.343	1255	27	33	1	1231	275	1509	0.0	1884
b7752fc6-2ea2-48d9-97bc-3fb0f416cff4	NR_113570.1	94.347	1256	26	35	1	1231	255	1490	0.0	1884
b7752fc6-2ea2-48d9-97bc-3fb0f416cff4	NR_043332.1	94.179	1254	31	32	1	1231	248	1482	0.0	1877
b7752fc6-2ea2-48d9-97bc-3fb0f416cff4	NR_044091.1	95.470	1192	22	27	1	1172	162	1341	0.0	1873
1e214215-ae66-4465-967f-64bd91dd827f	NR_026419.1	97.491	837	13	6	1	831	1425	591	0.0	1423
1e214215-ae66-4465-967f-64bd91dd827f	NR_133752.1	96.655	837	20	6	1	831	1362	528	0.0	1384
1e214215-ae66-4465-967f-64bd91dd827f	NR_133753.1	96.655	837	20	6	1	831	1391	557	0.0	1384
1e214215-ae66-4465-967f-64bd91dd827f	NR_025903.1	96.655	837	20	6	1	831	1437	603	0.0	1384
1e214215-ae66-4465-967f-64bd91dd827f	NR_025904.1	96.535	837	21	6	1	831	1436	602	0.0	1378
4bc5e335-ef78-4855-8be0-37905498c8bc	NR_042928.1	97.631	1224	15	13	2	1219	1216	1	0.0	2087
4bc5e335-ef78-4855-8be0-37905498c8bc	NR_199547.1	97.752	1201	14	13	2	1196	1196	3	0.0	2056
4bc5e335-ef78-4855-8be0-37905498c8bc	NR_117719.1	96.834	1232	25	13	2	1227	1236	13	0.0	2047
4bc5e335-ef78-4855-8be0-37905498c8bc	NR_199545.1	96.834	1232	25	13	2	1227	1236	13	0.0	2047
4bc5e335-ef78-4855-8be0-37905498c8bc	NR_112026.1	97.432	1207	16	14	2	1202	1198	1	0.0	2045
c9b884bd-2670-42f8-89e8-da1073f978c0	NR_026419.1	98.596	356	3	2	1	355	355	1	5.89e-180	628
c9b884bd-2670-42f8-89e8-da1073f978c0	NR_025903.1	95.068	365	14	4	1	364	367	6	1.01e-162	571
c9b884bd-2670-42f8-89e8-da1073f978c0	NR_025904.1	94.795	365	15	4	1	364	366	5	4.68e-161	566
c9b884bd-2670-42f8-89e8-da1073f978c0	NR_133753.1	95.975	323	10	3	1	322	321	1	1.03e-147	521
c9b884bd-2670-42f8-89e8-da1073f978c0	NR_036920.1	91.781	365	23	7	1	364	360	2	1.34e-141	501
6c87762a-3991-420d-8e4f-e693fd8ba854	NR_025903.1	97.360	909	6	16	4	899	909	6	0.0	1530
6c87762a-3991-420d-8e4f-e693fd8ba854	NR_133753.1	97.457	865	8	13	4	856	863	1	0.0	1463
6c87762a-3991-420d-8e4f-e693fd8ba854	NR_026419.1	96.193	893	18	16	4	882	897	7	0.0	1447
6c87762a-3991-420d-8e4f-e693fd8ba854	NR_133752.1	97.842	834	7	11	4	828	834	3	0.0	1430
6c87762a-3991-420d-8e4f-e693fd8ba854	NR_025904.1	95.390	911	20	21	4	899	908	5	0.0	1430
6c6eed2b-711a-4514-ade4-b26ae7e1d0a4	NR_042776.1	97.434	1247	21	10	43	1283	1259	18	0.0	2115
6c6eed2b-711a-4514-ade4-b26ae7e1d0a4	NR_042778.1	97.273	1247	23	10	43	1283	1259	18	0.0	2104
6c6eed2b-711a-4514-ade4-b26ae7e1d0a4	NR_042777.1	97.193	1247	23	11	43	1283	1258	18	0.0	2098
6c6eed2b-711a-4514-ade4-b26ae7e1d0a4	NR_197695.1	96.872	1247	28	10	43	1283	1258	17	0.0	2076
6c6eed2b-711a-4514-ade4-b26ae7e1d0a4	NR_118998.1	96.549	1246	33	9	43	1283	1253	13	0.0	2056
c3bff44b-540f-42b7-8ff7-9a508c211291	NR_042776.1	98.193	1107	8	10	1	1097	1123	19	0.0	1923
c3bff44b-540f-42b7-8ff7-9a508c211291	NR_042778.1	98.013	1107	10	10	1	1097	1123	19	0.0	1912
c3bff44b-540f-42b7-8ff7-9a508c211291	NR_197695.1	97.922	1107	11	10	1	1097	1122	18	0.0	1906
c3bff44b-540f-42b7-8ff7-9a508c211291	NR_042777.1	97.922	1107	10	11	1	1097	1122	19	0.0	1905
c3bff44b-540f-42b7-8ff7-9a508c211291	NR_118998.1	97.288	1106	19	9	1	1097	1117	14	0.0	1868
f79644a8-15e0-4403-a3ff-14fc3fc2fd1a	NR_024842.1	94.855	622	20	10	1	618	621	8	0.0	965
f79644a8-15e0-4403-a3ff-14fc3fc2fd1a	NR_115241.1	95.114	614	18	10	1	610	606	1	0.0	957
f79644a8-15e0-4403-a3ff-14fc3fc2fd1a	NR_115735.1	95.033	604	19	9	1	600	597	1	0.0	939
f79644a8-15e0-4403-a3ff-14fc3fc2fd1a	NR_178515.1	94.146	615	22	12	1	610	606	1	0.0	924
f79644a8-15e0-4403-a3ff-14fc3fc2fd1a	NR_117425.1	93.841	617	26	10	1	613	609	1	0.0	918
ce1d3cbb-5409-488e-afd9-011918798246	NR_042776.1	96.778	900	13	11	1	887	1268	372	0.0	1487
ce1d3cbb-5409-488e-afd9-011918798246	NR_042778.1	96.667	900	14	11	1	887	1268	372	0.0	1482
ce1d3cbb-5409-488e-afd9-011918798246	NR_197695.1	96.667	900	14	11	1	887	1267	371	0.0	1482
ce1d3cbb-5409-488e-afd9-011918798246	NR_042777.1	96.659	898	17	10	1	887	1267	372	0.0	1480
ce1d3cbb-5409-488e-afd9-011918798246	NR_118998.1	95.880	898	24	10	1	887	1262	367	0.0	1441
45a9a510-27b1-43fa-af56-c107e8008137	NR_042776.1	97.542	651	6	7	1	646	854	1499	0.0	1105
45a9a510-27b1-43fa-af56-c107e8008137	NR_042777.1	97.542	651	6	7	1	646	853	1498	0.0	1105
45a9a510-27b1-43fa-af56-c107e8008137	NR_042778.1	97.235	651	8	7	1	646	854	1499	0.0	1094
45a9a510-27b1-43fa-af56-c107e8008137	NR_197695.1	97.081	651	9	7	1	646	853	1498	0.0	1088
45a9a510-27b1-43fa-af56-c107e8008137	NR_042052.1	96.894	644	12	6	8	646	757	1397	0.0	1072
7cddc93b-ea2a-47a9-ae37-d3622b3fe56b	NR_116168.1	92.449	437	19	12	5	429	553	119	7.06e-175	612
7cddc93b-ea2a-47a9-ae37-d3622b3fe56b	NR_042878.1	91.991	437	21	12	5	429	532	98	1.18e-172	604
7cddc93b-ea2a-47a9-ae37-d3622b3fe56b	NR_118762.1	90.160	437	29	12	5	429	556	122	1.20e-162	571
7cddc93b-ea2a-47a9-ae37-d3622b3fe56b	NR_025423.1	91.101	427	26	10	5	421	537	113	1.55e-161	568
7cddc93b-ea2a-47a9-ae37-d3622b3fe56b	NR_118143.1	88.966	435	38	8	5	429	534	100	2.03e-150	531
52c9e45b-655c-4e98-97f6-117426649592	NR_180625.1	94.940	1344	39	22	1	1323	1412	77	0.0	2078
52c9e45b-655c-4e98-97f6-117426649592	NR_175455.1	94.925	1340	39	22	5	1323	1434	103	0.0	2071
52c9e45b-655c-4e98-97f6-117426649592	NR_117719.1	94.851	1340	40	22	5	1323	1446	115	0.0	2065
52c9e45b-655c-4e98-97f6-117426649592	NR_180629.1	94.717	1344	42	22	1	1323	1412	77	0.0	2061
52c9e45b-655c-4e98-97f6-117426649592	NR_199545.1	94.717	1344	42	22	1	1323	1450	115	0.0	2061
ede6ac90-c3fc-447d-b393-5f91b0f21bf3	NR_114305.1	92.683	369	12	9	30	387	1113	1477	1.43e-146	518
ede6ac90-c3fc-447d-b393-5f91b0f21bf3	NR_109628.1	92.683	369	12	9	30	387	1094	1458	1.43e-146	518
ede6ac90-c3fc-447d-b393-5f91b0f21bf3	NR_116726.1	92.603	365	12	9	30	383	1093	1453	2.40e-144	510
ede6ac90-c3fc-447d-b393-5f91b0f21bf3	NR_113105.1	92.162	370	14	10	29	387	1100	1465	8.64e-144	508
ede6ac90-c3fc-447d-b393-5f91b0f21bf3	NR_042843.1	92.141	369	14	9	30	387	1093	1457	3.11e-143	507
609e1c4c-e182-4573-b1e7-ba1e730b745c	NR_136788.1	93.277	714	20	21	13	703	721	13	0.0	1027
609e1c4c-e182-4573-b1e7-ba1e730b745c	NR_026230.1	89.347	704	47	20	13	693	699	1	0.0	878
609e1c4c-e182-4573-b1e7-ba1e730b745c	NR_152035.1	86.096	712	75	19	13	703	722	14	0.0	745
609e1c4c-e182-4573-b1e7-ba1e730b745c	NR_179662.1	84.100	717	77	28	13	703	721	16	0.0	658
609e1c4c-e182-4573-b1e7-ba1e730b745c	NR_113133.1	81.806	720	95	29	11	703	723	13	2.00e-162	571
42855066-d936-4231-8739-3f3b878619ff	NR_024842.1	92.373	472	14	11	1	453	1260	792	0.0	652
42855066-d936-4231-8739-3f3b878619ff	NR_109720.1	92.373	472	14	11	1	453	1239	771	0.0	652
42855066-d936-4231-8739-3f3b878619ff	NR_115735.1	92.373	472	14	11	1	453	1236	768	0.0	652
42855066-d936-4231-8739-3f3b878619ff	NR_116211.1	92.373	472	14	11	1	453	1168	700	0.0	652
42855066-d936-4231-8739-3f3b878619ff	NR_180875.1	92.373	472	14	12	1	453	1224	756	0.0	652
063c2a56-9c60-4668-a4b1-3a98d805162c	NR_024842.1	95.210	856	30	9	1	852	856	8	0.0	1347
063c2a56-9c60-4668-a4b1-3a98d805162c	NR_115241.1	95.401	848	28	9	1	844	841	1	0.0	1339
063c2a56-9c60-4668-a4b1-3a98d805162c	NR_178515.1	95.171	849	28	11	1	844	841	1	0.0	1328
063c2a56-9c60-4668-a4b1-3a98d805162c	NR_115735.1	95.352	839	28	9	1	835	832	1	0.0	1323
063c2a56-9c60-4668-a4b1-3a98d805162c	NR_165737.1	95.053	849	29	11	1	844	841	1	0.0	1323
48dbea6f-ff41-4d26-9494-1cd752e7e580	NR_074980.1	97.329	861	13	10	1	854	870	13	0.0	1454
48dbea6f-ff41-4d26-9494-1cd752e7e580	NR_113031.1	97.329	861	13	10	1	854	870	13	0.0	1454
48dbea6f-ff41-4d26-9494-1cd752e7e580	NR_119168.1	97.527	849	11	10	1	842	848	3	0.0	1443
48dbea6f-ff41-4d26-9494-1cd752e7e580	NR_117759.1	97.291	849	13	10	1	842	846	1	0.0	1434
48dbea6f-ff41-4d26-9494-1cd752e7e580	NR_043332.1	97.281	846	13	10	1	839	843	1	0.0	1428
dfb6d25a-533a-4592-a6c3-71b277577f52	NR_115355.1	94.994	799	14	20	23	806	698	1485	0.0	1230
dfb6d25a-533a-4592-a6c3-71b277577f52	NR_179325.1	94.994	799	14	20	23	806	672	1459	0.0	1230
dfb6d25a-533a-4592-a6c3-71b277577f52	NR_163639.1	94.994	799	13	22	23	806	714	1500	0.0	1229
dfb6d25a-533a-4592-a6c3-71b277577f52	NR_119169.1	94.618	799	17	20	23	806	703	1490	0.0	1218
dfb6d25a-533a-4592-a6c3-71b277577f52	NR_115354.1	94.618	799	17	20	23	806	698	1485	0.0	1216
876bbb43-a2ba-48da-83e5-5c6ac16f0a49	NR_042928.1	97.659	1324	18	12	1	1321	155	1468	0.0	2261
876bbb43-a2ba-48da-83e5-5c6ac16f0a49	NR_117719.1	97.346	1319	23	10	10	1325	184	1493	0.0	2231
876bbb43-a2ba-48da-83e5-5c6ac16f0a49	NR_175455.1	97.273	1320	23	11	10	1325	172	1482	0.0	2226
876bbb43-a2ba-48da-83e5-5c6ac16f0a49	NR_199547.1	97.764	1297	16	12	1	1294	135	1421	0.0	2222
876bbb43-a2ba-48da-83e5-5c6ac16f0a49	NR_028664.1	96.988	1328	28	11	1	1325	178	1496	0.0	2220
b4e0c221-6f58-4349-b469-f7ae2fabd812	NR_029097.1	93.947	1173	40	22	1	1159	1156	1	0.0	1744
b4e0c221-6f58-4349-b469-f7ae2fabd812	NR_125571.1	93.066	1197	52	23	1	1183	1180	1	0.0	1725
b4e0c221-6f58-4349-b469-f7ae2fabd812	NR_125570.1	93.766	1155	41	23	1	1141	1138	1	0.0	1705
b4e0c221-6f58-4349-b469-f7ae2fabd812	NR_179627.1	85.773	1223	125	40	1	1202	1207	13	0.0	1249
b4e0c221-6f58-4349-b469-f7ae2fabd812	NR_199415.1	85.904	1206	123	41	21	1202	1183	1	0.0	1242
c4c9ce7f-e38e-46d7-a101-10575e540f17	NR_042776.1	92.933	283	10	10	26	301	1225	946	3.23e-112	403
c4c9ce7f-e38e-46d7-a101-10575e540f17	NR_042777.1	92.933	283	10	10	26	301	1224	945	3.23e-112	403
c4c9ce7f-e38e-46d7-a101-10575e540f17	NR_042778.1	92.933	283	10	10	26	301	1225	946	3.23e-112	403
c4c9ce7f-e38e-46d7-a101-10575e540f17	NR_197695.1	92.580	283	11	10	26	301	1224	945	1.50e-110	398
c4c9ce7f-e38e-46d7-a101-10575e540f17	NR_024659.1	92.226	283	12	10	26	301	1181	902	6.98e-109	392
19259cab-012b-498e-843a-8e623c0fa93a	NR_043332.1	97.406	347	7	2	1	346	1141	1486	2.64e-168	590
19259cab-012b-498e-843a-8e623c0fa93a	NR_074980.1	97.406	347	7	2	1	346	1168	1513	2.64e-168	590
19259cab-012b-498e-843a-8e623c0fa93a	NR_113031.1	97.406	347	7	2	1	346	1168	1513	2.64e-168	590
19259cab-012b-498e-843a-8e623c0fa93a	NR_113570.1	97.126	348	7	3	1	346	1148	1494	1.23e-166	584
19259cab-012b-498e-843a-8e623c0fa93a	NR_115355.1	96.830	347	9	2	1	346	1141	1486	5.72e-165	579
ada31c1f-c1f2-4c1d-824f-dec1dac2b50a	NR_119169.1	93.797	1209	31	24	11	1188	1	1196	0.0	1783
ada31c1f-c1f2-4c1d-824f-dec1dac2b50a	NR_074980.1	93.519	1219	34	25	1	1188	14	1218	0.0	1772
ada31c1f-c1f2-4c1d-824f-dec1dac2b50a	NR_113031.1	93.519	1219	34	25	1	1188	14	1218	0.0	1772
ada31c1f-c1f2-4c1d-824f-dec1dac2b50a	NR_115355.1	93.771	1204	31	24	16	1188	1	1191	0.0	1772
ada31c1f-c1f2-4c1d-824f-dec1dac2b50a	NR_163639.1	93.437	1219	31	33	1	1188	6	1206	0.0	1762
0546468b-839f-4db7-82fd-04e053586093	NR_114413.1	94.793	1037	38	12	1	1029	1045	17	0.0	1602
0546468b-839f-4db7-82fd-04e053586093	NR_042927.1	94.757	1030	38	12	1	1022	1022	1	0.0	1589
0546468b-839f-4db7-82fd-04e053586093	NR_115734.1	94.563	1030	40	12	1	1022	1023	2	0.0	1581
0546468b-839f-4db7-82fd-04e053586093	NR_024842.1	94.311	1037	43	12	1	1029	1037	9	0.0	1578
0546468b-839f-4db7-82fd-04e053586093	NR_115241.1	94.175	1030	44	12	1	1022	1022	1	0.0	1559
9223a32f-0793-4620-b0ce-90e45adc243c	NR_026419.1	97.090	1237	12	21	1	1223	1227	1	0.0	2063
9223a32f-0793-4620-b0ce-90e45adc243c	NR_025903.1	95.827	1246	27	22	1	1232	1239	5	0.0	1989
9223a32f-0793-4620-b0ce-90e45adc243c	NR_025904.1	95.192	1248	31	25	1	1232	1238	4	0.0	1945
9223a32f-0793-4620-b0ce-90e45adc243c	NR_133753.1	96.244	1198	24	18	1	1186	1193	5	0.0	1943
9223a32f-0793-4620-b0ce-90e45adc243c	NR_133752.1	95.990	1172	27	17	1	1160	1164	1	0.0	1886
f9092719-b791-4118-bc87-18ed16d55325	NR_116168.1	96.748	369	5	5	1	362	1119	1487	7.69e-174	608
f9092719-b791-4118-bc87-18ed16d55325	NR_118762.1	96.143	363	7	5	1	356	1121	1483	2.79e-168	590
f9092719-b791-4118-bc87-18ed16d55325	NR_024897.1	94.324	370	12	7	1	362	1118	1486	7.86e-159	558
f9092719-b791-4118-bc87-18ed16d55325	NR_181418.1	94.324	370	12	7	1	362	1118	1486	7.86e-159	558
f9092719-b791-4118-bc87-18ed16d55325	NR_180040.1	94.054	370	13	7	1	362	1125	1493	3.66e-157	553
c8d7bc64-f7b0-4bef-93a6-0734f00b7b76	NR_041989.1	97.774	539	6	5	1	536	1210	675	0.0	924
c8d7bc64-f7b0-4bef-93a6-0734f00b7b76	NR_117694.1	97.588	539	7	5	1	536	1252	717	0.0	918
c8d7bc64-f7b0-4bef-93a6-0734f00b7b76	NR_178369.1	97.588	539	7	5	1	536	1223	688	0.0	918
c8d7bc64-f7b0-4bef-93a6-0734f00b7b76	NR_025892.1	97.032	539	10	5	1	536	1277	742	0.0	907
c8d7bc64-f7b0-4bef-93a6-0734f00b7b76	NR_028900.1	97.217	539	9	5	1	536	1210	675	0.0	907
6146d937-4f67-47b6-896b-b3bb2535f4fa	NR_119169.1	93.199	794	30	18	19	795	787	1	0.0	1149
6146d937-4f67-47b6-896b-b3bb2535f4fa	NR_163639.1	92.928	806	29	23	19	806	799	4	0.0	1147
6146d937-4f67-47b6-896b-b3bb2535f4fa	NR_115355.1	93.283	789	29	18	19	790	782	1	0.0	1146
6146d937-4f67-47b6-896b-b3bb2535f4fa	NR_074980.1	92.662	804	35	19	19	805	809	13	0.0	1136
6146d937-4f67-47b6-896b-b3bb2535f4fa	NR_113031.1	92.662	804	35	19	19	805	809	13	0.0	1136
b121b154-e373-4ea6-a834-a412190df219	NR_119168.1	94.388	588	19	10	1	574	588	1	0.0	891
b121b154-e373-4ea6-a834-a412190df219	NR_074980.1	93.970	597	20	11	1	583	610	16	0.0	889
b121b154-e373-4ea6-a834-a412190df219	NR_113031.1	93.970	597	20	11	1	583	610	16	0.0	889
b121b154-e373-4ea6-a834-a412190df219	NR_117759.1	94.027	586	21	10	1	572	586	1	0.0	878
b121b154-e373-4ea6-a834-a412190df219	NR_119169.1	93.878	588	22	10	1	574	588	1	0.0	878
a056f86e-d2ab-49a3-a953-60f60e54f9b6	NR_163639.1	97.412	425	5	6	1	421	1404	982	0.0	719
a056f86e-d2ab-49a3-a953-60f60e54f9b6	NR_115355.1	97.176	425	6	6	1	421	1389	967	0.0	713
a056f86e-d2ab-49a3-a953-60f60e54f9b6	NR_179325.1	97.176	425	6	6	1	421	1363	941	0.0	713
a056f86e-d2ab-49a3-a953-60f60e54f9b6	NR_041879.1	96.948	426	6	7	1	421	1347	924	0.0	708
a056f86e-d2ab-49a3-a953-60f60e54f9b6	NR_119169.1	96.471	425	9	6	1	421	1394	972	0.0	701
e5a79281-675a-4fa0-911e-48d98b3c8b08	NR_179540.1	95.892	1217	25	22	16	1212	286	1497	0.0	1947
e5a79281-675a-4fa0-911e-48d98b3c8b08	NR_117719.1	95.731	1218	26	23	16	1212	286	1498	0.0	1938
e5a79281-675a-4fa0-911e-48d98b3c8b08	NR_028664.1	95.649	1218	27	23	16	1212	289	1501	0.0	1932
e5a79281-675a-4fa0-911e-48d98b3c8b08	NR_179383.1	95.649	1218	27	23	16	1212	293	1505	0.0	1932
e5a79281-675a-4fa0-911e-48d98b3c8b08	NR_199545.1	95.645	1217	28	22	16	1212	286	1497	0.0	1930
f3e35167-53c4-4eb8-9bc1-d3bd4b757c84	NR_042776.1	95.758	825	28	5	6	826	838	17	0.0	1323
f3e35167-53c4-4eb8-9bc1-d3bd4b757c84	NR_042778.1	95.515	825	30	5	6	826	838	17	0.0	1312
f3e35167-53c4-4eb8-9bc1-d3bd4b757c84	NR_042777.1	95.394	825	30	6	6	826	837	17	0.0	1306
f3e35167-53c4-4eb8-9bc1-d3bd4b757c84	NR_197695.1	95.400	826	29	8	6	826	837	16	0.0	1306
f3e35167-53c4-4eb8-9bc1-d3bd4b757c84	NR_118998.1	94.909	825	35	6	6	826	833	12	0.0	1286
b8332c47-253a-4de3-9dd0-3c6d18504be7	NR_042776.1	94.186	172	7	3	1	170	187	17	3.85e-69	259
b8332c47-253a-4de3-9dd0-3c6d18504be7	NR_042778.1	94.186	172	7	3	1	170	187	17	3.85e-69	259
b8332c47-253a-4de3-9dd0-3c6d18504be7	NR_042777.1	94.611	167	6	3	6	170	182	17	4.99e-68	255
b8332c47-253a-4de3-9dd0-3c6d18504be7	NR_118998.1	93.023	172	9	3	1	170	182	12	2.32e-66	250
b8332c47-253a-4de3-9dd0-3c6d18504be7	NR_197695.1	94.012	167	7	3	6	170	181	16	2.32e-66	250
eb487ace-e918-4b35-8507-1ab1fe2a7b91	NR_037101.1	97.414	116	1	2	1	116	1362	1475	2.01e-50	196
eb487ace-e918-4b35-8507-1ab1fe2a7b91	NR_040821.1	97.414	116	1	2	1	116	1362	1475	2.01e-50	196
eb487ace-e918-4b35-8507-1ab1fe2a7b91	NR_025148.1	97.414	116	1	2	1	116	1382	1495	2.01e-50	196
eb487ace-e918-4b35-8507-1ab1fe2a7b91	NR_028664.1	97.414	116	1	2	1	116	1383	1496	2.01e-50	196
eb487ace-e918-4b35-8507-1ab1fe2a7b91	NR_028666.1	97.414	116	1	2	1	116	1386	1499	2.01e-50	196
c0c4e8ac-cea8-4820-8af4-5188691fb97c	NR_074568.1	91.406	128	5	4	1	123	145	19	1.34e-42	171
c0c4e8ac-cea8-4820-8af4-5188691fb97c	NR_044712.2	91.406	128	5	4	1	123	154	28	1.34e-42	171
c0c4e8ac-cea8-4820-8af4-5188691fb97c	NR_044873.1	90.551	127	8	2	1	123	134	8	6.25e-41	165
c0c4e8ac-cea8-4820-8af4-5188691fb97c	NR_117194.1	89.764	127	7	4	3	123	127	1	1.05e-38	158
c0c4e8ac-cea8-4820-8af4-5188691fb97c	NR_179723.1	89.313	131	6	6	1	123	149	19	1.05e-38	158
9de1c0c0-0200-42f9-8ec2-20f9f17f8cb9	NR_042843.1	97.552	286	5	2	26	309	1271	986	8.84e-138	488
9de1c0c0-0200-42f9-8ec2-20f9f17f8cb9	NR_102895.1	97.552	286	5	2	26	309	1299	1014	8.84e-138	488
9de1c0c0-0200-42f9-8ec2-20f9f17f8cb9	NR_113113.1	97.552	286	5	2	26	309	1279	994	8.84e-138	488
9de1c0c0-0200-42f9-8ec2-20f9f17f8cb9	NR_109628.1	97.203	286	6	2	26	309	1272	987	4.11e-136	483
9de1c0c0-0200-42f9-8ec2-20f9f17f8cb9	NR_113124.1	96.853	286	7	2	26	309	1291	1006	1.91e-134	477
63619126-d48e-4a0a-a213-227780a71b26	NR_042776.1	88.372	258	24	6	15	267	1235	1491	8.31e-83	305
63619126-d48e-4a0a-a213-227780a71b26	NR_042777.1	88.372	258	24	6	15	267	1234	1490	8.31e-83	305
63619126-d48e-4a0a-a213-227780a71b26	NR_042778.1	88.664	247	23	5	15	257	1235	1480	5.00e-80	296
63619126-d48e-4a0a-a213-227780a71b26	NR_118998.1	88.664	247	23	5	15	257	1229	1474	5.00e-80	296
63619126-d48e-4a0a-a213-227780a71b26	NR_042052.1	87.597	258	26	6	15	267	1133	1389	1.80e-79	294
c83d6ec1-9c39-45e6-a93e-a473e93f4378	NR_025630.1	98.378	185	1	2	3	185	977	793	1.48e-88	324
c83d6ec1-9c39-45e6-a93e-a473e93f4378	NR_028665.1	98.378	185	1	2	3	185	993	809	1.48e-88	324
c83d6ec1-9c39-45e6-a93e-a473e93f4378	NR_042227.1	98.378	185	1	2	3	185	978	794	1.48e-88	324
c83d6ec1-9c39-45e6-a93e-a473e93f4378	NR_112026.1	98.378	185	1	2	3	185	958	774	1.48e-88	324
c83d6ec1-9c39-45e6-a93e-a473e93f4378	NR_114172.1	98.378	185	1	2	3	185	976	792	1.48e-88	324
f054ec35-041b-4d6a-a717-ac0c820137b7	NR_028839.1	98.352	182	1	1	1	180	1182	1001	6.82e-87	318
f054ec35-041b-4d6a-a717-ac0c820137b7	NR_044091.1	98.352	182	1	1	1	180	1133	952	6.82e-87	318
f054ec35-041b-4d6a-a717-ac0c820137b7	NR_042940.1	97.802	182	2	1	1	180	1131	950	3.17e-85	313
f054ec35-041b-4d6a-a717-ac0c820137b7	NR_041879.1	96.154	182	5	1	1	180	1176	995	3.20e-80	296
f054ec35-041b-4d6a-a717-ac0c820137b7	NR_041880.1	96.154	182	4	2	1	180	1174	994	1.15e-79	294
6d880dd2-397a-4673-80ff-25a02e300a33	NR_037002.1	97.656	128	0	3	1	126	1024	898	1.73e-56	217
6d880dd2-397a-4673-80ff-25a02e300a33	NR_042776.1	97.656	128	0	3	1	126	1029	903	1.73e-56	217
6d880dd2-397a-4673-80ff-25a02e300a33	NR_042777.1	97.656	128	0	3	1	126	1028	902	1.73e-56	217
6d880dd2-397a-4673-80ff-25a02e300a33	NR_042778.1	97.656	128	0	3	1	126	1029	903	1.73e-56	217
6d880dd2-397a-4673-80ff-25a02e300a33	NR_043660.1	97.656	128	0	3	1	126	996	870	1.73e-56	217
6647b196-0eb7-49b0-aa92-2c0cf63d5f4e	NR_024659.1	96.943	229	5	2	1	229	1288	1062	3.14e-106	383
6647b196-0eb7-49b0-aa92-2c0cf63d5f4e	NR_116212.1	96.943	229	5	2	1	229	1230	1004	3.14e-106	383
6647b196-0eb7-49b0-aa92-2c0cf63d5f4e	NR_024842.1	96.507	229	6	2	1	229	1322	1096	1.46e-104	377
6647b196-0eb7-49b0-aa92-2c0cf63d5f4e	NR_036936.1	96.507	229	6	2	1	229	1307	1081	1.46e-104	377
6647b196-0eb7-49b0-aa92-2c0cf63d5f4e	NR_036918.1	96.507	229	6	2	1	229	1324	1098	1.46e-104	377
8685c927-f209-4883-817f-b0154f5a8e8e	NR_117694.1	95.941	271	8	3	1	269	284	15	3.00e-122	436
8685c927-f209-4883-817f-b0154f5a8e8e	NR_025892.1	95.572	271	9	3	1	269	310	41	3.88e-121	433
8685c927-f209-4883-817f-b0154f5a8e8e	NR_041989.1	95.885	243	7	3	1	241	242	1	2.37e-108	390
8685c927-f209-4883-817f-b0154f5a8e8e	NR_117692.1	92.647	272	15	5	1	269	284	15	3.07e-107	387
8685c927-f209-4883-817f-b0154f5a8e8e	NR_121687.1	92.279	272	16	5	1	269	304	35	1.43e-105	381
befa624e-a568-43c3-8ed6-05e3641c3eb8	NR_044873.1	91.444	187	11	5	1	184	667	483	7.02e-67	252
befa624e-a568-43c3-8ed6-05e3641c3eb8	NR_109752.1	89.840	187	13	6	1	184	688	505	7.07e-62	235
befa624e-a568-43c3-8ed6-05e3641c3eb8	NR_043968.1	89.840	187	13	6	1	184	635	452	7.07e-62	235
befa624e-a568-43c3-8ed6-05e3641c3eb8	NR_178360.1	89.840	187	13	6	1	184	644	461	7.07e-62	235
befa624e-a568-43c3-8ed6-05e3641c3eb8	NR_026451.1	89.305	187	14	6	1	184	646	463	3.29e-60	230
431efd4f-6818-42e5-a17d-e38fa5287d20	NR_042776.1	94.677	263	9	4	1	259	279	18	2.71e-112	403
431efd4f-6818-42e5-a17d-e38fa5287d20	NR_042778.1	94.297	263	10	4	1	259	279	18	1.26e-110	398
431efd4f-6818-42e5-a17d-e38fa5287d20	NR_042777.1	93.916	263	11	4	1	259	279	18	5.86e-109	392
431efd4f-6818-42e5-a17d-e38fa5287d20	NR_118998.1	93.156	263	13	4	1	259	274	13	3.53e-106	383
431efd4f-6818-42e5-a17d-e38fa5287d20	NR_197695.1	92.776	263	14	3	1	259	278	17	5.90e-104	375
5dc5cdba-ab2b-494a-887f-4dd24554fde6	NR_041879.1	89.610	231	12	8	4	222	1108	878	3.08e-76	283
5dc5cdba-ab2b-494a-887f-4dd24554fde6	NR_025762.1	89.130	230	14	7	4	222	1128	899	5.15e-74	276
5dc5cdba-ab2b-494a-887f-4dd24554fde6	NR_113570.1	95.402	174	6	2	51	222	1101	928	5.15e-74	276
5dc5cdba-ab2b-494a-887f-4dd24554fde6	NR_115355.1	89.130	230	14	7	4	222	1150	921	5.15e-74	276
5dc5cdba-ab2b-494a-887f-4dd24554fde6	NR_119169.1	95.402	174	6	2	51	222	1099	926	5.15e-74	276
2d864341-012d-4501-ac57-2dd30be29349	NR_042776.1	99.130	230	1	1	1	229	1469	1240	3.93e-115	412
2d864341-012d-4501-ac57-2dd30be29349	NR_042777.1	99.130	230	1	1	1	229	1468	1239	3.93e-115	412
2d864341-012d-4501-ac57-2dd30be29349	NR_042778.1	98.696	230	2	1	1	229	1469	1240	1.83e-113	407
2d864341-012d-4501-ac57-2dd30be29349	NR_118998.1	98.696	230	2	1	1	229	1463	1234	1.83e-113	407
2d864341-012d-4501-ac57-2dd30be29349	NR_042052.1	98.261	230	3	1	1	229	1367	1138	8.51e-112	401
3e5c5653-93fd-49f8-86ef-1b9877d7668b	NR_029097.1	97.026	269	7	1	1	268	1310	1042	9.89e-127	451
3e5c5653-93fd-49f8-86ef-1b9877d7668b	NR_125570.1	97.026	269	7	1	1	268	1292	1024	9.89e-127	451
3e5c5653-93fd-49f8-86ef-1b9877d7668b	NR_125571.1	97.026	269	7	1	1	268	1334	1066	9.89e-127	451
3e5c5653-93fd-49f8-86ef-1b9877d7668b	NR_025127.1	93.208	265	17	1	1	264	1366	1102	7.86e-108	388
3e5c5653-93fd-49f8-86ef-1b9877d7668b	NR_104836.1	91.353	266	21	2	1	264	1354	1089	4.77e-100	363
ce2a8a3b-ab3a-4ee4-9201-356d96b9c4e4	NR_042776.1	93.396	212	11	2	13	221	229	18	1.42e-84	311
ce2a8a3b-ab3a-4ee4-9201-356d96b9c4e4	NR_042778.1	93.396	212	11	2	13	221	229	18	1.42e-84	311
ce2a8a3b-ab3a-4ee4-9201-356d96b9c4e4	NR_118998.1	92.453	212	13	2	13	221	224	13	8.53e-82	302
ce2a8a3b-ab3a-4ee4-9201-356d96b9c4e4	NR_042777.1	92.453	212	13	2	13	221	229	18	3.07e-81	300
ce2a8a3b-ab3a-4ee4-9201-356d96b9c4e4	NR_197695.1	91.038	212	16	2	13	221	228	17	3.09e-76	283
6c664218-ec59-4e63-842a-02e79aed7735	NR_074568.1	95.930	172	6	1	1	172	183	13	1.07e-74	278
6c664218-ec59-4e63-842a-02e79aed7735	NR_044712.2	95.930	172	6	1	1	172	192	22	1.07e-74	278
6c664218-ec59-4e63-842a-02e79aed7735	NR_044873.1	95.349	172	7	1	1	172	172	2	4.98e-73	272
6c664218-ec59-4e63-842a-02e79aed7735	NR_109752.1	93.333	165	10	1	8	172	186	23	3.91e-64	243
6c664218-ec59-4e63-842a-02e79aed7735	NR_044894.1	94.872	156	7	1	9	164	155	1	3.91e-64	243
7c1c7a34-d360-4bc3-8037-d46992d5a480	NR_041285.1	92.754	207	10	2	1	202	1211	1005	1.28e-79	294
7c1c7a34-d360-4bc3-8037-d46992d5a480	NR_042841.1	93.434	198	8	2	1	193	1196	999	5.95e-78	289
7c1c7a34-d360-4bc3-8037-d46992d5a480	NR_113117.1	93.434	198	8	2	1	193	1216	1019	5.95e-78	289
7c1c7a34-d360-4bc3-8037-d46992d5a480	NR_113111.1	94.505	182	6	1	1	178	1211	1030	1.29e-74	278
7c1c7a34-d360-4bc3-8037-d46992d5a480	NR_041907.1	94.505	182	6	1	1	178	1191	1010	1.29e-74	278
b9cd635d-ecdf-44ea-93ae-68422087b7e2	NR_042776.1	97.807	228	3	2	1	226	1276	1503	5.00e-109	392
b9cd635d-ecdf-44ea-93ae-68422087b7e2	NR_042777.1	97.807	228	3	2	1	226	1275	1502	5.00e-109	392
b9cd635d-ecdf-44ea-93ae-68422087b7e2	NR_024842.1	97.368	228	4	2	1	226	1266	1493	2.32e-107	387
b9cd635d-ecdf-44ea-93ae-68422087b7e2	NR_040821.1	97.380	229	3	3	1	226	1251	1479	2.32e-107	387
b9cd635d-ecdf-44ea-93ae-68422087b7e2	NR_042052.1	97.368	228	4	2	1	226	1174	1401	2.32e-107	387
0ded294e-37bd-43d9-8386-88fabeae0ad6	NR_026419.1	90.610	213	7	10	1	203	1234	1025	2.17e-72	270
0ded294e-37bd-43d9-8386-88fabeae0ad6	NR_036920.1	90.047	211	12	8	1	203	1239	1030	1.01e-70	265
0ded294e-37bd-43d9-8386-88fabeae0ad6	NR_133752.1	90.047	211	12	8	1	203	1171	962	1.01e-70	265
0ded294e-37bd-43d9-8386-88fabeae0ad6	NR_133753.1	90.047	211	12	8	1	203	1200	991	1.01e-70	265
0ded294e-37bd-43d9-8386-88fabeae0ad6	NR_025904.1	90.047	211	12	8	1	203	1245	1036	1.01e-70	265
85f612ea-9d80-43ba-b065-9ecd15a6d3e1	NR_042776.1	94.136	324	10	6	12	330	527	208	1.21e-136	484
85f612ea-9d80-43ba-b065-9ecd15a6d3e1	NR_042777.1	93.827	324	10	7	12	330	526	208	5.63e-135	479
85f612ea-9d80-43ba-b065-9ecd15a6d3e1	NR_197695.1	93.827	324	11	6	12	330	526	207	5.63e-135	479
85f612ea-9d80-43ba-b065-9ecd15a6d3e1	NR_042778.1	93.519	324	12	6	12	330	527	208	2.62e-133	473
85f612ea-9d80-43ba-b065-9ecd15a6d3e1	NR_118998.1	92.593	324	15	6	12	330	522	203	2.64e-128	457
9d6098ad-5190-41b8-92bd-049e387889cc	NR_024842.1	98.171	164	3	0	1	164	1329	1492	1.72e-77	287
9d6098ad-5190-41b8-92bd-049e387889cc	NR_042052.1	98.171	164	3	0	1	164	1237	1400	1.72e-77	287
9d6098ad-5190-41b8-92bd-049e387889cc	NR_042776.1	98.171	164	3	0	1	164	1339	1502	1.72e-77	287
9d6098ad-5190-41b8-92bd-049e387889cc	NR_042777.1	98.171	164	3	0	1	164	1338	1501	1.72e-77	287
9d6098ad-5190-41b8-92bd-049e387889cc	NR_114642.1	98.171	164	3	0	1	164	1296	1459	1.72e-77	287
dfb29eb7-20b9-4278-9770-402559674b00	NR_199547.1	97.340	188	1	3	6	191	344	159	2.61e-86	316
dfb29eb7-20b9-4278-9770-402559674b00	NR_042928.1	96.809	188	2	3	6	191	364	179	1.21e-84	311
dfb29eb7-20b9-4278-9770-402559674b00	NR_109720.1	96.809	188	2	3	6	191	360	175	1.21e-84	311
dfb29eb7-20b9-4278-9770-402559674b00	NR_112026.1	96.809	188	2	3	6	191	347	162	1.21e-84	311
dfb29eb7-20b9-4278-9770-402559674b00	NR_116206.1	96.277	188	3	3	6	191	289	104	1.57e-83	307
7be61b4b-c59e-4b26-aca5-657aadb76df3	NR_042776.1	90.647	139	6	4	1	133	64	201	8.48e-45	178
7be61b4b-c59e-4b26-aca5-657aadb76df3	NR_042778.1	90.647	139	6	4	1	133	64	201	8.48e-45	178
7be61b4b-c59e-4b26-aca5-657aadb76df3	NR_118998.1	89.928	139	7	4	1	133	59	196	1.10e-43	174
7be61b4b-c59e-4b26-aca5-657aadb76df3	NR_042777.1	95.455	110	1	2	1	107	64	172	3.94e-43	172
7be61b4b-c59e-4b26-aca5-657aadb76df3	NR_118234.1	91.935	124	4	4	1	119	56	178	5.10e-42	169
9a329923-a369-43d5-9377-cccc6cd09cdf	NR_115354.1	98.261	230	4	0	1	230	1250	1479	2.42e-112	403
9a329923-a369-43d5-9377-cccc6cd09cdf	NR_115355.1	98.261	230	4	0	1	230	1250	1479	2.42e-112	403
9a329923-a369-43d5-9377-cccc6cd09cdf	NR_163639.1	98.261	230	4	0	1	230	1265	1494	2.42e-112	403
9a329923-a369-43d5-9377-cccc6cd09cdf	NR_179325.1	98.261	230	4	0	1	230	1224	1453	2.42e-112	403
9a329923-a369-43d5-9377-cccc6cd09cdf	NR_044153.1	98.261	230	2	2	2	230	1251	1479	8.71e-112	401
958de27f-85a6-4249-830c-1fb7bf36cf86	NR_024634.1	99.281	139	0	1	1	139	682	545	1.83e-66	250
958de27f-85a6-4249-830c-1fb7bf36cf86	NR_040820.1	99.281	139	0	1	1	139	671	534	1.83e-66	250
958de27f-85a6-4249-830c-1fb7bf36cf86	NR_042776.1	98.561	139	1	1	1	139	696	559	8.53e-65	244
958de27f-85a6-4249-830c-1fb7bf36cf86	NR_042777.1	98.561	139	1	1	1	139	695	558	8.53e-65	244
958de27f-85a6-4249-830c-1fb7bf36cf86	NR_042778.1	98.561	139	1	1	1	139	696	559	8.53e-65	244
a4a95dac-7c42-48f3-b102-3088386dc6c7	NR_116168.1	93.617	141	7	2	1	140	153	14	3.17e-54	209
a4a95dac-7c42-48f3-b102-3088386dc6c7	NR_118762.1	91.608	143	10	2	1	142	156	15	1.47e-52	204
a4a95dac-7c42-48f3-b102-3088386dc6c7	NR_042878.1	92.481	133	8	2	1	132	132	1	3.19e-49	193
a4a95dac-7c42-48f3-b102-3088386dc6c7	NR_024896.1	91.489	141	9	3	2	140	152	13	1.15e-48	191
a4a95dac-7c42-48f3-b102-3088386dc6c7	NR_024897.1	91.489	141	9	3	2	140	152	13	1.15e-48	191
aa418850-f033-402c-9647-84155b45dbff	NR_042843.1	98.889	90	1	0	1	90	841	752	5.14e-40	161
aa418850-f033-402c-9647-84155b45dbff	NR_102895.1	98.889	90	1	0	1	90	869	780	5.14e-40	161
aa418850-f033-402c-9647-84155b45dbff	NR_113113.1	98.889	90	1	0	1	90	849	760	5.14e-40	161
aa418850-f033-402c-9647-84155b45dbff	NR_114305.1	98.889	90	1	0	1	90	861	772	5.14e-40	161
aa418850-f033-402c-9647-84155b45dbff	NR_116726.1	98.889	90	1	0	1	90	841	752	5.14e-40	161
d6ed1ceb-09ac-4706-bcf8-7052b0bcf83b	NR_042843.1	91.925	322	8	13	1	316	99	408	1.18e-121	435
d6ed1ceb-09ac-4706-bcf8-7052b0bcf83b	NR_102895.1	91.925	322	8	13	1	316	127	436	1.18e-121	435
d6ed1ceb-09ac-4706-bcf8-7052b0bcf83b	NR_113113.1	91.925	322	8	13	1	316	107	416	1.18e-121	435
d6ed1ceb-09ac-4706-bcf8-7052b0bcf83b	NR_114305.1	91.615	322	9	13	1	316	119	428	5.51e-120	429
d6ed1ceb-09ac-4706-bcf8-7052b0bcf83b	NR_116726.1	91.615	322	9	13	1	316	99	408	5.51e-120	429
c9693556-dcfd-4517-ae1b-1ec604498455	NR_028682.1	94.118	136	4	4	3	137	370	238	1.47e-52	204
c9693556-dcfd-4517-ae1b-1ec604498455	NR_025862.1	93.382	136	4	5	3	137	369	238	2.46e-50	196
c9693556-dcfd-4517-ae1b-1ec604498455	NR_042406.1	91.971	137	7	4	2	137	361	228	4.12e-48	189
c9693556-dcfd-4517-ae1b-1ec604498455	NR_108137.1	91.971	137	7	4	2	137	371	238	4.12e-48	189
c9693556-dcfd-4517-ae1b-1ec604498455	NR_113936.1	91.971	137	7	4	2	137	361	228	4.12e-48	189
d9516079-6cbd-405a-81ab-a57438874d1a	NR_041879.1	95.217	230	6	5	1	227	375	602	5.22e-99	359
d9516079-6cbd-405a-81ab-a57438874d1a	NR_115355.1	95.217	230	6	5	1	227	418	645	5.22e-99	359
d9516079-6cbd-405a-81ab-a57438874d1a	NR_119169.1	95.217	230	6	5	1	227	423	650	5.22e-99	359
d9516079-6cbd-405a-81ab-a57438874d1a	NR_163639.1	95.217	230	6	5	1	227	434	661	5.22e-99	359
d9516079-6cbd-405a-81ab-a57438874d1a	NR_179325.1	95.217	230	6	5	1	227	392	619	5.22e-99	359
fa914561-2f05-429c-b314-0101fd8585fd	NR_025862.1	92.391	276	10	9	1	272	280	12	2.85e-107	387
fa914561-2f05-429c-b314-0101fd8585fd	NR_028682.1	89.892	277	14	11	1	271	281	13	1.74e-94	344
fa914561-2f05-429c-b314-0101fd8585fd	NR_025863.1	83.267	251	25	16	34	272	257	12	3.96e-56	217
fa914561-2f05-429c-b314-0101fd8585fd	NR_026454.1	81.853	259	32	13	4	254	252	1	3.08e-52	204
fa914561-2f05-429c-b314-0101fd8585fd	NR_113872.1	81.343	268	33	13	4	264	258	1	3.08e-52	204
00c345fb-dd54-44ba-9b06-ba4c326fc0bd	NR_025689.1	96.000	75	3	0	44	118	1410	1484	3.60e-28	122
00c345fb-dd54-44ba-9b06-ba4c326fc0bd	NR_025036.1	96.000	75	3	0	44	118	1419	1493	3.60e-28	122
00c345fb-dd54-44ba-9b06-ba4c326fc0bd	NR_044912.1	96.000	75	3	0	44	118	1355	1429	3.60e-28	122
00c345fb-dd54-44ba-9b06-ba4c326fc0bd	NR_134817.1	96.000	75	3	0	44	118	1413	1487	3.60e-28	122
00c345fb-dd54-44ba-9b06-ba4c326fc0bd	NR_179540.1	96.000	75	3	0	44	118	1418	1492	3.60e-28	122
a09c36ff-82cb-4ded-8b3a-48ef5581aab0	NR_113121.1	98.370	184	1	2	1	183	1295	1477	5.47e-88	322
a09c36ff-82cb-4ded-8b3a-48ef5581aab0	NR_112878.1	97.826	184	2	2	1	183	1295	1477	2.54e-86	316
a09c36ff-82cb-4ded-8b3a-48ef5581aab0	NR_113103.1	97.826	184	2	2	1	183	1295	1477	2.54e-86	316
a09c36ff-82cb-4ded-8b3a-48ef5581aab0	NR_176803.1	97.778	180	2	2	1	179	1275	1453	4.26e-84	309
a09c36ff-82cb-4ded-8b3a-48ef5581aab0	NR_029149.1	97.765	179	2	2	1	178	1302	1479	1.53e-83	307
fcd9eb8e-a14d-4a67-ae29-1021e3d74b51	NR_025862.1	94.638	373	10	9	5	371	825	457	1.02e-162	571
fcd9eb8e-a14d-4a67-ae29-1021e3d74b51	NR_180652.1	94.262	366	13	7	5	365	815	453	3.71e-157	553
fcd9eb8e-a14d-4a67-ae29-1021e3d74b51	NR_026467.1	93.784	370	14	8	5	368	807	441	1.73e-155	547
fcd9eb8e-a14d-4a67-ae29-1021e3d74b51	NR_042406.1	93.989	366	14	7	5	365	816	454	1.73e-155	547
fcd9eb8e-a14d-4a67-ae29-1021e3d74b51	NR_114015.1	93.583	374	12	11	5	372	816	449	1.73e-155	547
5a416937-268b-4ead-a836-06cda74a3d18	NR_028900.1	94.479	163	6	3	21	182	961	801	9.13e-66	248
5a416937-268b-4ead-a836-06cda74a3d18	NR_043458.1	94.479	163	6	3	21	182	1024	864	9.13e-66	248
5a416937-268b-4ead-a836-06cda74a3d18	NR_043459.1	94.479	163	6	3	21	182	1027	867	9.13e-66	248
5a416937-268b-4ead-a836-06cda74a3d18	NR_041988.1	94.479	163	6	3	21	182	961	801	9.13e-66	248
5a416937-268b-4ead-a836-06cda74a3d18	NR_044614.1	94.479	163	6	3	21	182	1029	869	9.13e-66	248
ea970625-ea1d-4d13-9853-211baa52cc68	NR_113124.1	91.667	132	6	4	4	132	141	12	8.25e-45	178
ea970625-ea1d-4d13-9853-211baa52cc68	NR_113101.1	90.977	133	7	4	3	132	142	12	1.07e-43	174
ea970625-ea1d-4d13-9853-211baa52cc68	NR_109628.1	92.126	127	5	4	1	124	125	1	1.07e-43	174
ea970625-ea1d-4d13-9853-211baa52cc68	NR_042842.1	90.323	124	7	4	3	123	122	1	1.08e-38	158
ea970625-ea1d-4d13-9853-211baa52cc68	NR_115327.1	90.244	123	7	4	4	123	121	1	1.08e-38	158
fddd6e99-31bb-4068-a369-271c6e72eae6	NR_041880.1	99.462	186	0	1	1	185	1162	977	1.91e-92	337
fddd6e99-31bb-4068-a369-271c6e72eae6	NR_113570.1	99.462	186	0	1	1	185	1213	1028	1.91e-92	337
fddd6e99-31bb-4068-a369-271c6e72eae6	NR_115354.1	99.462	186	0	1	1	185	1206	1021	1.91e-92	337
fddd6e99-31bb-4068-a369-271c6e72eae6	NR_163639.1	99.462	186	0	1	1	185	1221	1036	1.91e-92	337
fddd6e99-31bb-4068-a369-271c6e72eae6	NR_179325.1	99.462	186	0	1	1	185	1180	995	1.91e-92	337
06a6b331-b5e4-447b-be30-69c79cb76273	NR_163639.1	87.467	375	23	21	7	364	371	4	2.31e-114	411
06a6b331-b5e4-447b-be30-69c79cb76273	NR_074980.1	87.268	377	24	21	4	363	382	13	8.30e-114	409
06a6b331-b5e4-447b-be30-69c79cb76273	NR_113031.1	87.268	377	24	21	4	363	382	13	8.30e-114	409
06a6b331-b5e4-447b-be30-69c79cb76273	NR_119169.1	87.193	367	23	21	4	353	360	1	1.80e-110	398
06a6b331-b5e4-447b-be30-69c79cb76273	NR_119168.1	87.193	367	23	21	4	353	360	1	6.46e-110	396
b8e51ce1-19af-4102-9c74-4191896965ac	NR_024841.1	96.364	110	0	3	1	109	994	1100	6.68e-45	178
b8e51ce1-19af-4102-9c74-4191896965ac	NR_028664.1	96.364	110	0	3	1	109	1001	1107	6.68e-45	178
b8e51ce1-19af-4102-9c74-4191896965ac	NR_028665.1	96.364	110	0	3	1	109	995	1101	6.68e-45	178
b8e51ce1-19af-4102-9c74-4191896965ac	NR_042553.1	96.364	110	0	3	1	109	924	1030	6.68e-45	178
b8e51ce1-19af-4102-9c74-4191896965ac	NR_042927.1	96.364	110	0	3	1	109	980	1086	6.68e-45	178
12d51352-42ba-4485-bc5d-535a388dcc50	NR_116168.1	92.149	242	14	4	1	241	255	18	2.56e-92	337
12d51352-42ba-4485-bc5d-535a388dcc50	NR_042878.1	92.140	229	14	3	1	229	234	10	4.29e-90	329
12d51352-42ba-4485-bc5d-535a388dcc50	NR_118762.1	91.266	229	16	3	1	229	258	34	1.20e-85	315
12d51352-42ba-4485-bc5d-535a388dcc50	NR_025423.1	89.177	231	19	5	1	229	239	13	3.38e-76	283
12d51352-42ba-4485-bc5d-535a388dcc50	NR_042883.1	88.312	231	21	5	1	229	236	10	7.33e-73	272
60a47a9a-400e-487e-8c41-d90df07fb8a3	NR_042842.1	91.205	307	13	11	1	295	1153	1457	8.66e-113	405
60a47a9a-400e-487e-8c41-d90df07fb8a3	NR_113101.1	91.205	307	13	11	1	295	1173	1477	8.66e-113	405
60a47a9a-400e-487e-8c41-d90df07fb8a3	NR_113102.1	88.852	305	20	12	3	295	1177	1479	5.28e-100	363
60a47a9a-400e-487e-8c41-d90df07fb8a3	NR_112848.1	88.852	305	20	12	3	295	1186	1488	5.28e-100	363
60a47a9a-400e-487e-8c41-d90df07fb8a3	NR_042843.1	88.525	305	21	11	3	295	1155	1457	2.46e-98	357
023a9e05-b4d6-40ab-8086-96bb191a3401	NR_024842.1	98.519	135	0	2	1	133	1408	1274	1.37e-62	237
023a9e05-b4d6-40ab-8086-96bb191a3401	NR_036936.1	98.519	135	0	2	1	133	1393	1259	1.37e-62	237
023a9e05-b4d6-40ab-8086-96bb191a3401	NR_025453.1	98.519	135	0	2	1	133	1393	1259	1.37e-62	237
023a9e05-b4d6-40ab-8086-96bb191a3401	NR_028664.1	98.519	135	0	2	1	133	1414	1280	1.37e-62	237
023a9e05-b4d6-40ab-8086-96bb191a3401	NR_028665.1	98.519	135	0	2	1	133	1408	1274	1.37e-62	237
141dd245-4968-4c9c-b390-608f012824aa	NR_074980.1	96.667	120	1	3	1	120	132	16	2.18e-50	196
141dd245-4968-4c9c-b390-608f012824aa	NR_113031.1	96.667	120	1	3	1	120	132	16	2.18e-50	196
141dd245-4968-4c9c-b390-608f012824aa	NR_163639.1	96.667	120	1	3	1	120	124	8	2.18e-50	196
141dd245-4968-4c9c-b390-608f012824aa	NR_117759.1	99.083	109	0	1	1	109	108	1	7.83e-50	195
141dd245-4968-4c9c-b390-608f012824aa	NR_119168.1	99.083	109	0	1	1	109	110	3	7.83e-50	195
3187bf82-892c-4246-b2ce-90a7de38e4b6	NR_042776.1	95.633	229	5	5	1	225	1469	1242	3.99e-100	363
3187bf82-892c-4246-b2ce-90a7de38e4b6	NR_042777.1	95.633	229	5	5	1	225	1468	1241	3.99e-100	363
3187bf82-892c-4246-b2ce-90a7de38e4b6	NR_042778.1	95.197	229	6	5	1	225	1469	1242	1.86e-98	357
3187bf82-892c-4246-b2ce-90a7de38e4b6	NR_118998.1	95.197	229	6	5	1	225	1463	1236	1.86e-98	357
3187bf82-892c-4246-b2ce-90a7de38e4b6	NR_042051.1	94.783	230	6	6	1	225	1397	1169	2.40e-97	353
c4261d5b-eda7-474f-ae71-67c29a6ffb17	NR_042776.1	99.329	149	1	0	2	150	211	359	1.65e-72	270
c4261d5b-eda7-474f-ae71-67c29a6ffb17	NR_042777.1	99.329	149	1	0	2	150	211	359	1.65e-72	270
c4261d5b-eda7-474f-ae71-67c29a6ffb17	NR_042778.1	98.658	149	2	0	2	150	211	359	7.67e-71	265
c4261d5b-eda7-474f-ae71-67c29a6ffb17	NR_197695.1	98.658	149	2	0	2	150	210	358	7.67e-71	265
c4261d5b-eda7-474f-ae71-67c29a6ffb17	NR_118998.1	97.987	149	3	0	2	150	206	354	3.57e-69	259
ced6dbd4-0e5e-4fb3-a84d-15688a2dc1bd	NR_028933.1	90.909	110	7	3	4	112	920	813	7.00e-35	145
ced6dbd4-0e5e-4fb3-a84d-15688a2dc1bd	NR_042365.1	90.909	110	7	3	4	112	917	810	7.00e-35	145
ced6dbd4-0e5e-4fb3-a84d-15688a2dc1bd	NR_104683.1	90.909	110	7	3	4	112	920	813	7.00e-35	145
ced6dbd4-0e5e-4fb3-a84d-15688a2dc1bd	NR_113379.1	90.909	110	7	3	4	112	920	813	7.00e-35	145
ced6dbd4-0e5e-4fb3-a84d-15688a2dc1bd	NR_113384.1	90.909	110	7	3	4	112	920	813	7.00e-35	145
83ea3417-b6e2-478c-878c-f84ba1104e90	NR_179385.1	98.565	209	2	1	1	209	243	36	7.76e-102	368
83ea3417-b6e2-478c-878c-f84ba1104e90	NR_165741.1	98.086	209	3	1	1	209	228	21	3.61e-100	363
83ea3417-b6e2-478c-878c-f84ba1104e90	NR_199545.1	98.086	209	3	1	1	209	239	32	3.61e-100	363
83ea3417-b6e2-478c-878c-f84ba1104e90	NR_028664.1	97.129	209	5	1	1	209	242	35	7.81e-97	351
83ea3417-b6e2-478c-878c-f84ba1104e90	NR_114172.1	97.129	209	5	1	1	209	219	12	7.81e-97	351
d6894cfe-eb1e-40a9-87b7-2ab55af0c597	NR_036936.1	98.000	150	3	0	1	150	150	1	9.63e-70	261
d6894cfe-eb1e-40a9-87b7-2ab55af0c597	NR_109720.1	99.306	144	1	0	1	144	144	1	9.63e-70	261
d6894cfe-eb1e-40a9-87b7-2ab55af0c597	NR_113561.1	97.386	153	4	0	1	153	170	18	9.63e-70	261
d6894cfe-eb1e-40a9-87b7-2ab55af0c597	NR_028664.1	97.386	153	2	2	1	153	171	21	3.46e-69	259
d6894cfe-eb1e-40a9-87b7-2ab55af0c597	NR_115560.1	97.386	153	2	2	1	153	168	18	3.46e-69	259
53f9cdd5-4fff-464a-8e79-24edc0424c91	NR_041879.1	93.750	240	6	7	1	239	468	699	9.15e-97	351
53f9cdd5-4fff-464a-8e79-24edc0424c91	NR_115355.1	93.750	240	6	7	1	239	511	742	9.15e-97	351
53f9cdd5-4fff-464a-8e79-24edc0424c91	NR_119169.1	93.750	240	6	7	1	239	516	747	9.15e-97	351
53f9cdd5-4fff-464a-8e79-24edc0424c91	NR_163639.1	93.750	240	6	7	1	239	527	758	9.15e-97	351
53f9cdd5-4fff-464a-8e79-24edc0424c91	NR_179325.1	93.750	240	6	7	1	239	485	716	9.15e-97	351
7aa5a95a-2799-4ee2-ac8c-993b7970a340	NR_042776.1	96.537	1184	21	15	1	1174	1190	17	0.0	1941
7aa5a95a-2799-4ee2-ac8c-993b7970a340	NR_042778.1	96.368	1184	23	15	1	1174	1190	17	0.0	1930
7aa5a95a-2799-4ee2-ac8c-993b7970a340	NR_042777.1	96.284	1184	23	16	1	1174	1189	17	0.0	1923
7aa5a95a-2799-4ee2-ac8c-993b7970a340	NR_197695.1	95.946	1184	28	15	1	1174	1189	16	0.0	1903
7aa5a95a-2799-4ee2-ac8c-993b7970a340	NR_118998.1	95.524	1184	32	16	1	1174	1184	12	0.0	1875
8b425fd7-cd1e-49b9-826e-25ec10f818a9	NR_042776.1	95.380	909	24	16	1	896	1314	411	0.0	1430
8b425fd7-cd1e-49b9-826e-25ec10f818a9	NR_042777.1	95.270	909	24	17	1	896	1313	411	0.0	1423
8b425fd7-cd1e-49b9-826e-25ec10f818a9	NR_042778.1	95.160	909	26	16	1	896	1314	411	0.0	1419
8b425fd7-cd1e-49b9-826e-25ec10f818a9	NR_197695.1	95.050	909	27	16	1	896	1313	410	0.0	1413
8b425fd7-cd1e-49b9-826e-25ec10f818a9	NR_118998.1	94.702	906	31	15	1	894	1308	408	0.0	1391
dcc26249-4da6-41f0-b884-413e03027385	NR_042776.1	96.806	1127	16	15	1	1112	381	1502	0.0	1864
dcc26249-4da6-41f0-b884-413e03027385	NR_042777.1	96.717	1127	16	16	1	1112	381	1501	0.0	1857
dcc26249-4da6-41f0-b884-413e03027385	NR_042778.1	96.539	1127	19	15	1	1112	381	1502	0.0	1847
dcc26249-4da6-41f0-b884-413e03027385	NR_197695.1	96.451	1127	20	15	1	1112	380	1501	0.0	1842
dcc26249-4da6-41f0-b884-413e03027385	NR_118998.1	95.918	1127	25	16	1	1112	376	1496	0.0	1807
fff5d13e-ee99-4c30-bf93-b3920938ddc0	NR_024842.1	89.399	915	44	44	36	911	908	8	0.0	1105
fff5d13e-ee99-4c30-bf93-b3920938ddc0	NR_115241.1	89.416	907	43	44	36	903	893	1	0.0	1094
fff5d13e-ee99-4c30-bf93-b3920938ddc0	NR_178515.1	89.404	906	45	42	36	903	893	1	0.0	1094
fff5d13e-ee99-4c30-bf93-b3920938ddc0	NR_165737.1	89.195	907	45	43	36	903	893	1	0.0	1083
fff5d13e-ee99-4c30-bf93-b3920938ddc0	NR_115735.1	89.310	898	43	44	36	894	884	1	0.0	1077
6eb43680-01a2-4061-a7be-03494915fb52	NR_163639.1	97.857	420	5	4	9	426	1080	1497	0.0	723
6eb43680-01a2-4061-a7be-03494915fb52	NR_179325.1	97.857	420	5	4	9	426	1039	1456	0.0	723
6eb43680-01a2-4061-a7be-03494915fb52	NR_115355.1	97.619	420	6	4	9	426	1065	1482	0.0	717
6eb43680-01a2-4061-a7be-03494915fb52	NR_115354.1	97.381	420	7	4	9	426	1065	1482	0.0	712
6eb43680-01a2-4061-a7be-03494915fb52	NR_119169.1	96.905	420	9	4	9	426	1070	1487	0.0	704
300ce176-8083-41b4-8658-8382f1c07e1b	NR_115355.1	98.973	584	3	1	3	586	902	1482	0.0	1042
300ce176-8083-41b4-8658-8382f1c07e1b	NR_163639.1	98.973	584	2	2	3	586	918	1497	0.0	1042
300ce176-8083-41b4-8658-8382f1c07e1b	NR_179325.1	98.973	584	3	1	3	586	876	1456	0.0	1042
300ce176-8083-41b4-8658-8382f1c07e1b	NR_119169.1	98.459	584	6	1	3	586	907	1487	0.0	1029
300ce176-8083-41b4-8658-8382f1c07e1b	NR_115354.1	98.459	584	6	1	3	586	902	1482	0.0	1027
a9341f7d-b82a-4b4b-8625-2df2ed0268de	NR_179383.1	96.285	646	16	6	1	641	862	1504	0.0	1053
a9341f7d-b82a-4b4b-8625-2df2ed0268de	NR_028664.1	96.130	646	17	6	1	641	858	1500	0.0	1048
a9341f7d-b82a-4b4b-8625-2df2ed0268de	NR_117719.1	96.130	646	17	6	1	641	855	1497	0.0	1048
a9341f7d-b82a-4b4b-8625-2df2ed0268de	NR_175455.1	96.136	647	16	7	1	641	843	1486	0.0	1048
a9341f7d-b82a-4b4b-8625-2df2ed0268de	NR_199974.1	96.142	648	13	10	1	641	864	1506	0.0	1048
836d4a6d-77d7-47ab-b7d2-d80122e82afc	NR_026419.1	91.204	1387	55	52	1	1358	1349	1	0.0	1823
836d4a6d-77d7-47ab-b7d2-d80122e82afc	NR_025903.1	90.108	1395	70	53	1	1366	1361	6	0.0	1749
836d4a6d-77d7-47ab-b7d2-d80122e82afc	NR_025904.1	89.628	1398	71	56	1	1366	1360	5	0.0	1711
836d4a6d-77d7-47ab-b7d2-d80122e82afc	NR_133753.1	89.956	1354	68	53	1	1325	1315	1	0.0	1685
836d4a6d-77d7-47ab-b7d2-d80122e82afc	NR_133752.1	89.947	1323	68	50	1	1295	1286	1	0.0	1646
cf2d85a7-eb6b-4587-b025-5110d7cf9132	NR_042776.1	89.637	772	39	30	1	743	256	1015	0.0	944
cf2d85a7-eb6b-4587-b025-5110d7cf9132	NR_042777.1	89.508	772	39	31	1	743	256	1014	0.0	939
cf2d85a7-eb6b-4587-b025-5110d7cf9132	NR_197695.1	89.508	772	40	30	1	743	255	1014	0.0	939
cf2d85a7-eb6b-4587-b025-5110d7cf9132	NR_042778.1	90.000	750	37	27	22	743	276	1015	0.0	935
cf2d85a7-eb6b-4587-b025-5110d7cf9132	NR_118998.1	89.586	749	41	27	22	743	271	1009	0.0	917
be9d4194-9337-46f0-931a-937109e0c099	NR_025729.1	97.605	167	1	2	1	164	1218	1052	2.18e-76	283
be9d4194-9337-46f0-931a-937109e0c099	NR_024974.1	97.605	167	1	2	1	164	1194	1028	2.18e-76	283
be9d4194-9337-46f0-931a-937109e0c099	NR_025453.1	97.605	167	1	2	1	164	1200	1034	2.18e-76	283
be9d4194-9337-46f0-931a-937109e0c099	NR_044912.1	97.605	167	1	2	1	164	1155	989	2.18e-76	283
be9d4194-9337-46f0-931a-937109e0c099	NR_108485.1	97.605	167	1	2	1	164	1181	1015	2.18e-76	283
1728cb9d-5f52-4962-be68-4a75fac10298	NR_042776.1	98.039	408	5	3	1	406	153	559	0.0	706
1728cb9d-5f52-4962-be68-4a75fac10298	NR_042778.1	97.549	408	7	3	1	406	153	559	0.0	695
1728cb9d-5f52-4962-be68-4a75fac10298	NR_042777.1	97.304	408	7	3	1	406	153	558	0.0	689
1728cb9d-5f52-4962-be68-4a75fac10298	NR_197695.1	97.059	408	9	3	1	406	152	558	0.0	684
1728cb9d-5f52-4962-be68-4a75fac10298	NR_118998.1	96.814	408	10	3	1	406	148	554	0.0	678
f495ed38-5508-410d-af90-0768f1449716	NR_116168.1	92.836	1326	41	43	1	1290	1321	14	0.0	1873
f495ed38-5508-410d-af90-0768f1449716	NR_042878.1	92.640	1318	43	43	1	1282	1300	1	0.0	1858
f495ed38-5508-410d-af90-0768f1449716	NR_118143.1	90.765	1321	64	46	1	1282	1302	1	0.0	1712
f495ed38-5508-410d-af90-0768f1449716	NR_025423.1	90.113	1325	71	46	1	1285	1305	1	0.0	1666
f495ed38-5508-410d-af90-0768f1449716	NR_115546.2	88.747	1333	84	52	1	1290	1330	21	0.0	1570
4006930e-f9c4-49fc-9114-bf3c5f23dfcb	NR_042776.1	95.223	649	13	8	1	637	1361	719	0.0	1011
4006930e-f9c4-49fc-9114-bf3c5f23dfcb	NR_042777.1	95.223	649	13	8	1	637	1360	718	0.0	1011
4006930e-f9c4-49fc-9114-bf3c5f23dfcb	NR_042778.1	95.069	649	14	8	1	637	1361	719	0.0	1005
4006930e-f9c4-49fc-9114-bf3c5f23dfcb	NR_197695.1	94.761	649	16	8	1	637	1360	718	0.0	994
4006930e-f9c4-49fc-9114-bf3c5f23dfcb	NR_118998.1	94.299	649	18	9	1	637	1355	714	0.0	976
270bd483-7aad-4efe-b41e-1e79356779b9	NR_041879.1	92.612	758	27	23	13	747	400	1151	0.0	1062
270bd483-7aad-4efe-b41e-1e79356779b9	NR_115355.1	92.602	757	28	23	13	747	443	1193	0.0	1062
270bd483-7aad-4efe-b41e-1e79356779b9	NR_179325.1	92.470	757	29	23	13	747	417	1167	0.0	1057
270bd483-7aad-4efe-b41e-1e79356779b9	NR_119169.1	92.338	757	30	23	13	747	448	1198	0.0	1055
270bd483-7aad-4efe-b41e-1e79356779b9	NR_163639.1	92.338	757	29	24	13	747	459	1208	0.0	1050
ac6a81ec-a0f5-4169-8e3e-39c7d919891a	NR_116168.1	96.328	354	10	3	1	352	366	14	5.80e-165	579
ac6a81ec-a0f5-4169-8e3e-39c7d919891a	NR_042878.1	95.954	346	12	2	1	345	345	1	3.49e-162	569
ac6a81ec-a0f5-4169-8e3e-39c7d919891a	NR_118762.1	92.958	355	22	3	1	353	369	16	4.58e-151	532
ac6a81ec-a0f5-4169-8e3e-39c7d919891a	NR_025423.1	93.103	348	20	4	1	345	350	4	2.78e-143	507
ac6a81ec-a0f5-4169-8e3e-39c7d919891a	NR_042883.1	93.103	348	20	4	1	345	347	1	2.78e-143	507
f502d3c4-147e-481a-87b2-b4c104587811	NR_041989.1	96.819	723	6	10	1	707	1334	613	0.0	1192
f502d3c4-147e-481a-87b2-b4c104587811	NR_117694.1	96.680	723	7	10	1	707	1376	655	0.0	1186
f502d3c4-147e-481a-87b2-b4c104587811	NR_178369.1	96.542	723	8	10	1	707	1347	626	0.0	1181
f502d3c4-147e-481a-87b2-b4c104587811	NR_025892.1	96.404	723	9	10	1	707	1401	680	0.0	1179
f502d3c4-147e-481a-87b2-b4c104587811	NR_121687.1	96.404	723	9	10	1	707	1396	675	0.0	1175
9c8e8252-cd0e-42ef-89aa-0df75b825630	NR_165747.1	96.739	736	10	12	8	737	732	5	0.0	1214
9c8e8252-cd0e-42ef-89aa-0df75b825630	NR_042928.1	96.603	736	11	11	8	737	732	5	0.0	1208
9c8e8252-cd0e-42ef-89aa-0df75b825630	NR_199545.1	95.995	749	15	12	8	750	752	13	0.0	1203
9c8e8252-cd0e-42ef-89aa-0df75b825630	NR_028664.1	95.861	749	16	13	8	750	755	16	0.0	1197
9c8e8252-cd0e-42ef-89aa-0df75b825630	NR_165744.1	95.733	750	17	13	8	751	741	1	0.0	1194
ff20e583-703a-47bd-915d-28bba83a1553	NR_116168.1	98.588	779	8	3	1	777	713	1490	0.0	1375
ff20e583-703a-47bd-915d-28bba83a1553	NR_118762.1	97.532	770	15	4	1	768	716	1483	0.0	1330
ff20e583-703a-47bd-915d-28bba83a1553	NR_025423.1	95.995	774	26	5	1	771	697	1468	0.0	1253
ff20e583-703a-47bd-915d-28bba83a1553	NR_024897.1	95.647	781	27	7	1	777	712	1489	0.0	1247
ff20e583-703a-47bd-915d-28bba83a1553	NR_181418.1	95.530	783	24	9	1	777	712	1489	0.0	1242
6070fbb7-f178-4ca2-b8dd-6f245147cf82	NR_121688.1	91.792	731	26	28	21	733	773	1487	0.0	987
6070fbb7-f178-4ca2-b8dd-6f245147cf82	NR_117701.1	91.792	731	26	28	21	733	753	1467	0.0	987
6070fbb7-f178-4ca2-b8dd-6f245147cf82	NR_117696.1	91.655	731	27	28	21	733	740	1454	0.0	981
6070fbb7-f178-4ca2-b8dd-6f245147cf82	NR_117717.1	91.518	731	27	29	21	733	774	1487	0.0	974
6070fbb7-f178-4ca2-b8dd-6f245147cf82	NR_104947.1	91.783	718	25	28	21	720	726	1427	0.0	968
2e0316b8-68b3-400c-a97e-c44a51efa1d0	NR_179540.1	96.784	653	13	7	1	647	845	1495	0.0	1083
2e0316b8-68b3-400c-a97e-c44a51efa1d0	NR_028664.1	96.631	653	15	7	1	647	848	1499	0.0	1077
2e0316b8-68b3-400c-a97e-c44a51efa1d0	NR_117719.1	96.631	653	15	6	1	647	845	1496	0.0	1077
2e0316b8-68b3-400c-a97e-c44a51efa1d0	NR_179383.1	96.631	653	15	6	1	647	852	1503	0.0	1077
2e0316b8-68b3-400c-a97e-c44a51efa1d0	NR_175455.1	96.483	654	15	7	1	647	833	1485	0.0	1074
ab12f09d-31c2-4242-9bf2-12f154edc6d1	NR_025903.1	97.136	803	17	4	1	799	805	5	0.0	1351
ab12f09d-31c2-4242-9bf2-12f154edc6d1	NR_026419.1	96.222	794	25	3	1	790	793	1	0.0	1295
ab12f09d-31c2-4242-9bf2-12f154edc6d1	NR_133753.1	97.372	761	14	4	1	757	759	1	0.0	1290
ab12f09d-31c2-4242-9bf2-12f154edc6d1	NR_025904.1	95.404	805	27	8	1	799	804	4	0.0	1273
ab12f09d-31c2-4242-9bf2-12f154edc6d1	NR_036920.1	94.521	803	35	8	1	799	798	1	0.0	1230
156e4ba0-c3b7-4a06-807f-ced5bdf07ea0	NR_042776.1	94.540	348	8	6	25	368	365	705	2.34e-149	527
156e4ba0-c3b7-4a06-807f-ced5bdf07ea0	NR_197695.1	94.540	348	8	6	25	368	364	704	2.34e-149	527
156e4ba0-c3b7-4a06-807f-ced5bdf07ea0	NR_042777.1	94.236	347	10	7	25	368	365	704	1.09e-147	521
156e4ba0-c3b7-4a06-807f-ced5bdf07ea0	NR_042778.1	94.253	348	9	6	25	368	365	705	1.09e-147	521
156e4ba0-c3b7-4a06-807f-ced5bdf07ea0	NR_118998.1	93.660	347	13	6	25	368	360	700	2.36e-144	510
9acd8453-6ae7-4efd-bdc7-55165456f624	NR_042776.1	92.961	1307	40	39	1	1289	227	1499	0.0	1857
9acd8453-6ae7-4efd-bdc7-55165456f624	NR_042777.1	92.879	1306	42	38	1	1289	227	1498	0.0	1849
9acd8453-6ae7-4efd-bdc7-55165456f624	NR_197695.1	92.731	1307	43	39	1	1289	226	1498	0.0	1840
9acd8453-6ae7-4efd-bdc7-55165456f624	NR_126177.1	91.444	1309	57	41	1	1289	204	1477	0.0	1746
9acd8453-6ae7-4efd-bdc7-55165456f624	NR_126178.1	91.367	1309	58	41	1	1289	202	1475	0.0	1740
70fb7304-0036-48b9-b47c-b899b2249d75	NR_042776.1	88.235	476	28	23	1	467	1043	1499	2.87e-154	544
70fb7304-0036-48b9-b47c-b899b2249d75	NR_042777.1	88.235	476	28	23	1	467	1042	1498	2.87e-154	544
70fb7304-0036-48b9-b47c-b899b2249d75	NR_042778.1	87.815	476	30	23	1	467	1043	1499	6.21e-151	532
70fb7304-0036-48b9-b47c-b899b2249d75	NR_118998.1	87.815	476	30	23	1	467	1037	1493	6.21e-151	532
70fb7304-0036-48b9-b47c-b899b2249d75	NR_197695.1	87.815	476	30	23	1	467	1042	1498	6.21e-151	532
77aae9de-c890-4667-825e-9b9be2f7a9a9	NR_024842.1	92.066	542	29	10	3	538	541	8	0.0	752
77aae9de-c890-4667-825e-9b9be2f7a9a9	NR_115241.1	92.135	534	28	10	3	530	526	1	0.0	741
77aae9de-c890-4667-825e-9b9be2f7a9a9	NR_178515.1	91.963	535	27	14	3	530	526	1	0.0	736
77aae9de-c890-4667-825e-9b9be2f7a9a9	NR_165737.1	91.402	535	30	14	3	530	526	1	0.0	719
77aae9de-c890-4667-825e-9b9be2f7a9a9	NR_115735.1	91.810	525	28	13	3	520	517	1	0.0	717
03c72a6d-0a66-4bc9-8bf7-da525e13602e	NR_024842.1	97.817	229	3	2	1	228	1262	1489	1.41e-109	394
03c72a6d-0a66-4bc9-8bf7-da525e13602e	NR_134817.1	97.817	229	3	2	1	228	1260	1487	1.41e-109	394
03c72a6d-0a66-4bc9-8bf7-da525e13602e	NR_178262.1	97.826	230	2	3	1	228	1141	1369	1.41e-109	394
03c72a6d-0a66-4bc9-8bf7-da525e13602e	NR_179215.1	97.826	230	2	3	1	228	1263	1491	1.41e-109	394
03c72a6d-0a66-4bc9-8bf7-da525e13602e	NR_179540.1	97.817	229	3	2	1	228	1265	1492	1.41e-109	394
1e7ab09d-61f6-43f1-9c35-13789a8bb350	NR_117719.1	93.880	1487	42	39	2	1456	1487	18	0.0	2196
1e7ab09d-61f6-43f1-9c35-13789a8bb350	NR_175455.1	93.696	1491	44	40	2	1459	1475	2	0.0	2187
1e7ab09d-61f6-43f1-9c35-13789a8bb350	NR_028664.1	93.746	1487	44	39	2	1456	1490	21	0.0	2185
1e7ab09d-61f6-43f1-9c35-13789a8bb350	NR_042928.1	93.796	1483	44	38	2	1453	1466	1	0.0	2185
1e7ab09d-61f6-43f1-9c35-13789a8bb350	NR_179383.1	93.746	1487	44	39	2	1456	1494	25	0.0	2185
6157c5be-f4c8-4326-800e-7b2b3513db98	NR_040821.1	97.015	335	8	2	1	335	1143	1475	5.56e-160	562
6157c5be-f4c8-4326-800e-7b2b3513db98	NR_025148.1	97.015	335	8	2	1	335	1163	1495	5.56e-160	562
6157c5be-f4c8-4326-800e-7b2b3513db98	NR_040820.1	97.015	335	8	2	1	335	1143	1475	5.56e-160	562
6157c5be-f4c8-4326-800e-7b2b3513db98	NR_134818.1	97.015	335	8	2	1	335	1156	1488	5.56e-160	562
6157c5be-f4c8-4326-800e-7b2b3513db98	NR_126177.1	97.015	335	8	2	1	335	1145	1477	5.56e-160	562
081e7f72-8b02-4d1b-9356-9d5502716e50	NR_041989.1	95.198	354	9	8	5	352	360	9	4.62e-157	553
081e7f72-8b02-4d1b-9356-9d5502716e50	NR_041989.1	87.288	118	10	5	339	452	9	125	9.22e-30	130
081e7f72-8b02-4d1b-9356-9d5502716e50	NR_117694.1	95.198	354	9	8	5	352	402	51	4.62e-157	553
081e7f72-8b02-4d1b-9356-9d5502716e50	NR_117694.1	87.288	118	10	5	339	452	51	167	9.22e-30	130
081e7f72-8b02-4d1b-9356-9d5502716e50	NR_025892.1	93.785	354	14	8	5	352	428	77	6.01e-151	532
081e7f72-8b02-4d1b-9356-9d5502716e50	NR_025892.1	87.288	118	10	5	339	452	77	193	9.22e-30	130
081e7f72-8b02-4d1b-9356-9d5502716e50	NR_117692.1	92.655	354	18	7	5	352	402	51	4.72e-142	503
081e7f72-8b02-4d1b-9356-9d5502716e50	NR_104830.1	92.635	353	18	7	5	351	417	67	1.70e-141	501
f6841ac0-62ab-4771-8d46-f8e6df09f83a	NR_104930.1	96.231	1247	22	13	1	1235	1236	3	0.0	2019
f6841ac0-62ab-4771-8d46-f8e6df09f83a	NR_174301.1	95.261	1245	30	16	1	1231	1230	1	0.0	1945
f6841ac0-62ab-4771-8d46-f8e6df09f83a	NR_118744.1	93.845	1251	50	15	1	1238	1254	18	0.0	1906
f6841ac0-62ab-4771-8d46-f8e6df09f83a	NR_036871.1	93.081	1243	53	24	5	1231	1226	1	0.0	1788
f6841ac0-62ab-4771-8d46-f8e6df09f83a	NR_042871.1	92.777	1246	61	17	1	1231	1232	1	0.0	1786
21ffd3f8-04d4-4ed9-8566-5fce0bdf1c3a	NR_024842.1	95.050	303	10	5	1	302	1260	962	8.54e-133	472
21ffd3f8-04d4-4ed9-8566-5fce0bdf1c3a	NR_109720.1	95.050	303	10	5	1	302	1239	941	8.54e-133	472
21ffd3f8-04d4-4ed9-8566-5fce0bdf1c3a	NR_112026.1	95.050	303	10	5	1	302	1225	927	8.54e-133	472
21ffd3f8-04d4-4ed9-8566-5fce0bdf1c3a	NR_115735.1	95.050	303	10	5	1	302	1236	938	8.54e-133	472
21ffd3f8-04d4-4ed9-8566-5fce0bdf1c3a	NR_116211.1	95.050	303	10	5	1	302	1168	870	8.54e-133	472
0d80a7aa-e9f1-45c9-aa80-5d067b832581	NR_042927.1	97.851	1303	11	12	1	1296	179	1471	0.0	2235
0d80a7aa-e9f1-45c9-aa80-5d067b832581	NR_115734.1	97.851	1303	11	12	1	1296	180	1472	0.0	2235
0d80a7aa-e9f1-45c9-aa80-5d067b832581	NR_028664.1	97.705	1307	13	12	1	1300	200	1496	0.0	2231
0d80a7aa-e9f1-45c9-aa80-5d067b832581	NR_179383.1	97.628	1307	14	12	1	1300	204	1500	0.0	2226
0d80a7aa-e9f1-45c9-aa80-5d067b832581	NR_115240.1	97.698	1303	13	12	1	1296	177	1469	0.0	2224
540fb782-c3df-45c3-99c8-b2b990ee8a87	NR_024842.1	94.753	648	24	7	1	638	842	1489	0.0	1000
540fb782-c3df-45c3-99c8-b2b990ee8a87	NR_115735.1	94.745	647	24	7	1	637	818	1464	0.0	998
540fb782-c3df-45c3-99c8-b2b990ee8a87	NR_179540.1	94.712	643	24	7	6	638	850	1492	0.0	990
540fb782-c3df-45c3-99c8-b2b990ee8a87	NR_028665.1	94.557	643	25	7	6	638	847	1489	0.0	985
540fb782-c3df-45c3-99c8-b2b990ee8a87	NR_117719.1	94.565	644	24	8	6	638	850	1493	0.0	985
026becbd-9bf8-4570-914b-cd6dbc6bda6b	NR_115355.1	95.990	1222	23	19	9	1212	1214	1	0.0	1964
026becbd-9bf8-4570-914b-cd6dbc6bda6b	NR_119169.1	95.762	1227	26	19	9	1217	1219	1	0.0	1960
026becbd-9bf8-4570-914b-cd6dbc6bda6b	NR_163639.1	95.642	1239	22	26	9	1228	1229	4	0.0	1960
026becbd-9bf8-4570-914b-cd6dbc6bda6b	NR_074980.1	95.392	1237	31	19	9	1227	1241	13	0.0	1945
026becbd-9bf8-4570-914b-cd6dbc6bda6b	NR_113031.1	95.392	1237	31	19	9	1227	1241	13	0.0	1945
c01d4b78-3155-4f4d-acfc-4baa7c159bdb	NR_024842.1	94.523	493	21	6	1	490	502	13	0.0	758
c01d4b78-3155-4f4d-acfc-4baa7c159bdb	NR_115241.1	94.694	490	20	6	1	487	487	1	0.0	756
c01d4b78-3155-4f4d-acfc-4baa7c159bdb	NR_115735.1	94.387	481	20	7	1	477	478	1	0.0	732
c01d4b78-3155-4f4d-acfc-4baa7c159bdb	NR_117425.1	93.522	494	24	8	1	490	490	1	0.0	728
c01d4b78-3155-4f4d-acfc-4baa7c159bdb	NR_178515.1	93.483	491	24	8	1	487	487	1	0.0	723
d846719c-d478-4f93-9aea-90d001118665	NR_042776.1	88.982	1307	87	40	1	1261	204	1499	0.0	1563
d846719c-d478-4f93-9aea-90d001118665	NR_042777.1	88.906	1307	87	41	1	1261	204	1498	0.0	1557
d846719c-d478-4f93-9aea-90d001118665	NR_042778.1	88.676	1307	91	40	1	1261	204	1499	0.0	1541
d846719c-d478-4f93-9aea-90d001118665	NR_197695.1	88.600	1307	92	40	1	1261	203	1498	0.0	1535
d846719c-d478-4f93-9aea-90d001118665	NR_118998.1	88.370	1307	94	41	1	1261	199	1493	0.0	1519
a09adca3-1f6c-4b23-af22-0940dba0c77c	NR_042776.1	95.436	1249	32	21	29	1259	204	1445	0.0	1967
a09adca3-1f6c-4b23-af22-0940dba0c77c	NR_042777.1	95.356	1249	32	22	29	1259	204	1444	0.0	1962
a09adca3-1f6c-4b23-af22-0940dba0c77c	NR_042778.1	95.196	1249	35	21	29	1259	204	1445	0.0	1951
a09adca3-1f6c-4b23-af22-0940dba0c77c	NR_197695.1	95.116	1249	36	21	29	1259	203	1444	0.0	1945
a09adca3-1f6c-4b23-af22-0940dba0c77c	NR_109720.1	94.261	1272	48	21	6	1259	150	1414	0.0	1921
650769dc-2f69-4bb5-8dfe-ea5c33c46b03	NR_104947.1	95.015	341	6	7	4	338	1248	913	7.30e-149	525
650769dc-2f69-4bb5-8dfe-ea5c33c46b03	NR_117717.1	95.015	341	6	7	4	338	1295	960	7.30e-149	525
650769dc-2f69-4bb5-8dfe-ea5c33c46b03	NR_041989.1	95.015	341	6	7	4	338	1233	898	7.30e-149	525
650769dc-2f69-4bb5-8dfe-ea5c33c46b03	NR_117696.1	95.015	341	6	7	4	338	1262	927	7.30e-149	525
650769dc-2f69-4bb5-8dfe-ea5c33c46b03	NR_121687.1	94.721	341	7	7	4	338	1295	960	3.40e-147	520
c35b12f9-fa7a-4b46-816c-ee05f229e3fc	NR_036936.1	90.331	1210	70	31	5	1191	1437	252	0.0	1543
c35b12f9-fa7a-4b46-816c-ee05f229e3fc	NR_109720.1	90.331	1210	70	31	5	1191	1431	246	0.0	1543
c35b12f9-fa7a-4b46-816c-ee05f229e3fc	NR_165737.1	90.331	1210	70	31	5	1191	1437	252	0.0	1543
c35b12f9-fa7a-4b46-816c-ee05f229e3fc	NR_028833.1	90.331	1210	68	35	5	1190	1464	280	0.0	1541
c35b12f9-fa7a-4b46-816c-ee05f229e3fc	NR_178515.1	90.794	1184	62	31	31	1191	1411	252	0.0	1539
d599cd2d-e561-4654-8333-4fe9c0d85131	NR_109720.1	96.243	1331	34	14	1	1319	1387	61	0.0	2167
d599cd2d-e561-4654-8333-4fe9c0d85131	NR_109720.1	84.104	1428	96	95	1325	2652	61	1457	0.0	1258
d599cd2d-e561-4654-8333-4fe9c0d85131	NR_180875.1	96.093	1331	36	14	1	1319	1372	46	0.0	2167
d599cd2d-e561-4654-8333-4fe9c0d85131	NR_180875.1	83.180	1415	107	95	1325	2639	46	1429	0.0	1184
d599cd2d-e561-4654-8333-4fe9c0d85131	NR_178515.1	96.168	1331	35	14	1	1319	1393	67	0.0	2161
d599cd2d-e561-4654-8333-4fe9c0d85131	NR_178515.1	84.315	1358	87	89	1325	2587	67	1393	0.0	1212
d599cd2d-e561-4654-8333-4fe9c0d85131	NR_199541.1	96.168	1331	35	14	1	1319	1369	43	0.0	2161
d599cd2d-e561-4654-8333-4fe9c0d85131	NR_199541.1	83.345	1417	104	95	1319	2634	36	1421	0.0	1188
d599cd2d-e561-4654-8333-4fe9c0d85131	NR_036936.1	96.093	1331	36	14	1	1319	1393	67	0.0	2158
d599cd2d-e561-4654-8333-4fe9c0d85131	NR_036936.1	84.211	1444	96	96	1317	2660	60	1471	0.0	1284
34696091-db76-4a97-ac15-7f478bb7623c	NR_163639.1	91.981	212	12	4	13	220	224	14	5.42e-79	292
34696091-db76-4a97-ac15-7f478bb7623c	NR_119168.1	91.943	211	12	4	13	219	210	1	1.95e-78	291
34696091-db76-4a97-ac15-7f478bb7623c	NR_119169.1	91.943	211	12	4	13	219	210	1	1.95e-78	291
34696091-db76-4a97-ac15-7f478bb7623c	NR_074980.1	91.509	212	13	4	13	220	232	22	2.52e-77	287
34696091-db76-4a97-ac15-7f478bb7623c	NR_113031.1	91.509	212	13	4	13	220	232	22	2.52e-77	287
58be7d23-40b6-4dec-be9c-bb5b16355de3	NR_116168.1	96.372	1268	24	16	13	1263	228	1490	0.0	2067
58be7d23-40b6-4dec-be9c-bb5b16355de3	NR_118762.1	94.996	1259	40	17	13	1254	231	1483	0.0	1988
58be7d23-40b6-4dec-be9c-bb5b16355de3	NR_025423.1	94.062	1263	51	17	13	1257	212	1468	0.0	1895
58be7d23-40b6-4dec-be9c-bb5b16355de3	NR_042878.1	96.124	1161	23	15	13	1156	207	1362	0.0	1875
58be7d23-40b6-4dec-be9c-bb5b16355de3	NR_024897.1	92.689	1272	63	23	13	1263	227	1489	0.0	1807
2f9da0e5-c2cc-47e8-a9d5-217cd7ba4e0d	NR_117292.1	96.677	933	8	14	7	919	1428	499	0.0	1530
2f9da0e5-c2cc-47e8-a9d5-217cd7ba4e0d	NR_178363.1	96.463	933	10	14	7	919	1428	499	0.0	1519
2f9da0e5-c2cc-47e8-a9d5-217cd7ba4e0d	NR_113141.1	95.936	935	15	14	5	919	1450	519	0.0	1495
2f9da0e5-c2cc-47e8-a9d5-217cd7ba4e0d	NR_113318.1	95.936	935	15	13	5	919	1463	532	0.0	1495
2f9da0e5-c2cc-47e8-a9d5-217cd7ba4e0d	NR_117288.1	95.927	933	15	14	7	919	1428	499	0.0	1491
d72743e0-f2c5-4543-b0e7-54cc51add37c	NR_026419.1	97.425	699	8	9	1	693	695	1	0.0	1182
d72743e0-f2c5-4543-b0e7-54cc51add37c	NR_025903.1	95.615	707	20	10	1	701	707	6	0.0	1123
d72743e0-f2c5-4543-b0e7-54cc51add37c	NR_025904.1	94.640	709	23	13	1	701	706	5	0.0	1085
d72743e0-f2c5-4543-b0e7-54cc51add37c	NR_133753.1	95.646	666	18	10	1	660	661	1	0.0	1059
d72743e0-f2c5-4543-b0e7-54cc51add37c	NR_036920.1	93.099	710	29	18	1	701	700	2	0.0	1022
82c9adb5-f9ef-4041-80ba-16c0c47cb7f5	NR_044873.1	97.962	785	8	8	1	779	683	1465	0.0	1354
82c9adb5-f9ef-4041-80ba-16c0c47cb7f5	NR_074568.1	97.066	784	15	8	1	779	693	1473	0.0	1314
82c9adb5-f9ef-4041-80ba-16c0c47cb7f5	NR_025310.1	96.438	786	18	10	1	779	673	1455	0.0	1288
82c9adb5-f9ef-4041-80ba-16c0c47cb7f5	NR_044712.2	96.525	777	19	8	1	772	702	1475	0.0	1286
82c9adb5-f9ef-4041-80ba-16c0c47cb7f5	NR_109752.1	96.306	785	21	8	1	779	704	1486	0.0	1282
47cc48f7-370f-431b-89da-92a83af0d73c	NR_074980.1	95.303	511	12	12	1	503	517	11	0.0	800
47cc48f7-370f-431b-89da-92a83af0d73c	NR_113031.1	95.303	511	12	12	1	503	517	11	0.0	800
47cc48f7-370f-431b-89da-92a83af0d73c	NR_163639.1	95.472	508	10	13	1	501	506	5	0.0	798
47cc48f7-370f-431b-89da-92a83af0d73c	NR_119169.1	95.391	499	11	12	1	491	495	1	0.0	787
47cc48f7-370f-431b-89da-92a83af0d73c	NR_115355.1	95.547	494	10	12	1	486	490	1	0.0	784
fe1ab425-a33c-40e8-8bed-847d3fc99708	NR_163639.1	92.465	1420	43	46	4	1378	1406	6	0.0	1971
fe1ab425-a33c-40e8-8bed-847d3fc99708	NR_115355.1	92.598	1405	46	40	4	1364	1391	1	0.0	1969
fe1ab425-a33c-40e8-8bed-847d3fc99708	NR_119169.1	92.411	1410	49	40	4	1369	1396	1	0.0	1965
fe1ab425-a33c-40e8-8bed-847d3fc99708	NR_074980.1	92.107	1419	54	40	4	1378	1418	14	0.0	1947
fe1ab425-a33c-40e8-8bed-847d3fc99708	NR_113031.1	92.107	1419	54	40	4	1378	1418	14	0.0	1947
73fa4331-93fd-41db-93bb-a787f9475d11	NR_042776.1	92.157	306	14	7	1	305	1203	1499	2.48e-118	424
73fa4331-93fd-41db-93bb-a787f9475d11	NR_042777.1	92.157	306	14	7	1	305	1202	1498	2.48e-118	424
73fa4331-93fd-41db-93bb-a787f9475d11	NR_042052.1	91.503	306	16	7	1	305	1101	1397	5.36e-115	412
73fa4331-93fd-41db-93bb-a787f9475d11	NR_042778.1	91.503	306	16	7	1	305	1203	1499	5.36e-115	412
73fa4331-93fd-41db-93bb-a787f9475d11	NR_114642.1	91.503	306	16	7	1	305	1160	1456	5.36e-115	412
7dc05210-689b-4d09-8c40-a7ed2cd6d64c	NR_074980.1	95.090	387	12	6	17	398	397	13	3.90e-172	603
7dc05210-689b-4d09-8c40-a7ed2cd6d64c	NR_113031.1	95.090	387	12	6	17	398	397	13	3.90e-172	603
7dc05210-689b-4d09-8c40-a7ed2cd6d64c	NR_163639.1	95.052	384	11	7	20	398	385	5	1.82e-170	597
7dc05210-689b-4d09-8c40-a7ed2cd6d64c	NR_119168.1	95.225	377	11	6	17	388	375	1	3.04e-168	590
7dc05210-689b-4d09-8c40-a7ed2cd6d64c	NR_119169.1	94.960	377	12	6	17	388	375	1	3.93e-167	586
cc8b0d53-9199-4190-8616-0e0c9e3a18e2	NR_028665.1	90.782	499	26	15	1	492	1002	1487	0.0	649
cc8b0d53-9199-4190-8616-0e0c9e3a18e2	NR_036936.1	93.822	437	13	10	1	431	987	1415	0.0	645
cc8b0d53-9199-4190-8616-0e0c9e3a18e2	NR_113260.1	90.744	497	26	15	1	490	987	1470	0.0	645
cc8b0d53-9199-4190-8616-0e0c9e3a18e2	NR_115239.1	90.744	497	26	15	1	490	985	1468	0.0	645
cc8b0d53-9199-4190-8616-0e0c9e3a18e2	NR_180875.1	93.822	437	13	10	1	431	966	1394	0.0	645
cc670f1d-17ca-4eeb-aaf0-c77c7f69e562	NR_028664.1	97.448	1019	15	10	1	1010	480	1496	0.0	1727
cc670f1d-17ca-4eeb-aaf0-c77c7f69e562	NR_117719.1	97.448	1019	15	10	1	1010	477	1493	0.0	1727
cc670f1d-17ca-4eeb-aaf0-c77c7f69e562	NR_179383.1	97.350	1019	16	10	1	1010	484	1500	0.0	1722
cc670f1d-17ca-4eeb-aaf0-c77c7f69e562	NR_115240.1	97.438	1015	15	10	1	1006	457	1469	0.0	1720
cc670f1d-17ca-4eeb-aaf0-c77c7f69e562	NR_175455.1	97.255	1020	16	11	1	1010	465	1482	0.0	1718
55554020-6317-40f3-9645-535a9740fefc	NR_163639.1	95.148	474	10	9	5	469	1028	1497	0.0	736
55554020-6317-40f3-9645-535a9740fefc	NR_179325.1	95.148	474	10	9	5	469	987	1456	0.0	736
55554020-6317-40f3-9645-535a9740fefc	NR_115355.1	94.937	474	11	9	5	469	1013	1482	0.0	730
55554020-6317-40f3-9645-535a9740fefc	NR_115354.1	94.726	474	12	9	5	469	1013	1482	0.0	725
55554020-6317-40f3-9645-535a9740fefc	NR_119169.1	94.304	474	14	9	5	469	1018	1487	0.0	717
81302244-a145-465b-8a25-2b733ab21492	NR_179325.1	95.372	886	28	12	6	885	578	1456	0.0	1397
81302244-a145-465b-8a25-2b733ab21492	NR_115355.1	95.147	886	30	12	6	885	604	1482	0.0	1386
81302244-a145-465b-8a25-2b733ab21492	NR_163639.1	95.045	888	26	17	6	885	620	1497	0.0	1380
81302244-a145-465b-8a25-2b733ab21492	NR_115354.1	94.921	886	32	12	6	885	604	1482	0.0	1376
81302244-a145-465b-8a25-2b733ab21492	NR_119169.1	94.808	886	33	12	6	885	609	1487	0.0	1373
7bd3263d-fc12-4282-88af-2dd1b341729a	NR_116168.1	97.398	269	5	2	5	271	1473	1205	2.16e-128	457
7bd3263d-fc12-4282-88af-2dd1b341729a	NR_118762.1	97.398	269	5	2	5	271	1475	1207	2.16e-128	457
7bd3263d-fc12-4282-88af-2dd1b341729a	NR_126284.1	95.539	269	10	2	5	271	1453	1185	4.70e-120	429
7bd3263d-fc12-4282-88af-2dd1b341729a	NR_115157.1	95.167	269	11	2	5	271	1449	1181	2.19e-118	424
7bd3263d-fc12-4282-88af-2dd1b341729a	NR_118655.1	94.796	269	12	2	5	271	1477	1209	2.83e-117	420
a982bffb-b17a-47a0-b929-2293f80a86ad	NR_025903.1	97.948	1316	12	14	2	1309	187	1495	0.0	2266
a982bffb-b17a-47a0-b929-2293f80a86ad	NR_133753.1	98.218	1291	10	12	2	1284	141	1426	0.0	2244
a982bffb-b17a-47a0-b929-2293f80a86ad	NR_133752.1	97.986	1291	13	12	2	1284	112	1397	0.0	2228
a982bffb-b17a-47a0-b929-2293f80a86ad	NR_026419.1	97.108	1314	23	14	5	1309	177	1484	0.0	2202
a982bffb-b17a-47a0-b929-2293f80a86ad	NR_025904.1	97.176	1310	21	15	9	1309	192	1494	0.0	2200
73c0e070-c104-4276-b619-4127ba85be08	NR_025862.1	89.940	666	30	23	5	636	708	46	0.0	832
73c0e070-c104-4276-b619-4127ba85be08	NR_028682.1	87.145	669	44	32	5	636	709	46	0.0	721
73c0e070-c104-4276-b619-4127ba85be08	NR_024906.1	88.265	588	36	25	5	563	698	115	0.0	673
73c0e070-c104-4276-b619-4127ba85be08	NR_113906.1	88.265	588	36	25	5	563	699	116	0.0	673
73c0e070-c104-4276-b619-4127ba85be08	NR_114784.2	88.115	589	36	26	5	563	719	135	0.0	669
2cee84e1-97fc-4581-99be-c7ba7f19937d	NR_041989.1	92.588	823	32	26	1	801	887	72	0.0	1155
2cee84e1-97fc-4581-99be-c7ba7f19937d	NR_117694.1	91.748	824	37	28	1	801	929	114	0.0	1116
2cee84e1-97fc-4581-99be-c7ba7f19937d	NR_028900.1	90.765	823	47	26	1	801	887	72	0.0	1072
2cee84e1-97fc-4581-99be-c7ba7f19937d	NR_104947.1	90.732	820	49	24	1	799	902	89	0.0	1068
2cee84e1-97fc-4581-99be-c7ba7f19937d	NR_117696.1	90.732	820	49	24	1	799	916	103	0.0	1068
c2a0b9bd-84ce-4764-aba8-c65f1786148b	NR_042776.1	94.524	420	8	10	5	420	426	18	0.0	634
c2a0b9bd-84ce-4764-aba8-c65f1786148b	NR_042778.1	94.286	420	9	10	5	420	426	18	6.87e-180	628
c2a0b9bd-84ce-4764-aba8-c65f1786148b	NR_042777.1	94.048	420	10	10	5	420	426	18	3.20e-178	623
c2a0b9bd-84ce-4764-aba8-c65f1786148b	NR_118998.1	93.571	420	12	10	5	420	421	13	1.92e-175	614
c2a0b9bd-84ce-4764-aba8-c65f1786148b	NR_197695.1	93.333	420	13	10	5	420	425	17	3.22e-173	606
3064508e-6cca-4e2d-b9b2-c11a8c622bdb	NR_024842.1	96.037	656	16	9	4	654	844	1494	0.0	1059
3064508e-6cca-4e2d-b9b2-c11a8c622bdb	NR_179540.1	96.172	653	15	9	7	654	850	1497	0.0	1059
3064508e-6cca-4e2d-b9b2-c11a8c622bdb	NR_028665.1	96.018	653	16	9	7	654	847	1494	0.0	1053
3064508e-6cca-4e2d-b9b2-c11a8c622bdb	NR_115735.1	96.154	650	15	9	4	648	820	1464	0.0	1053
3064508e-6cca-4e2d-b9b2-c11a8c622bdb	NR_117719.1	96.024	654	15	10	7	654	850	1498	0.0	1053
e5d44659-0e3b-4658-bb03-c7cc241f86a6	NR_036936.1	94.410	483	19	8	1	479	446	924	0.0	736
e5d44659-0e3b-4658-bb03-c7cc241f86a6	NR_029052.1	94.410	483	19	8	1	479	434	912	0.0	736
e5d44659-0e3b-4658-bb03-c7cc241f86a6	NR_115241.1	94.410	483	19	8	1	479	446	924	0.0	736
e5d44659-0e3b-4658-bb03-c7cc241f86a6	NR_115735.1	94.410	483	19	8	1	479	437	915	0.0	736
e5d44659-0e3b-4658-bb03-c7cc241f86a6	NR_116211.1	94.410	483	19	8	1	479	369	847	0.0	736
9ee7d340-7ce8-4ad6-a5c6-a918b7bf9485	NR_042776.1	97.520	766	8	8	9	768	778	18	0.0	1299
9ee7d340-7ce8-4ad6-a5c6-a918b7bf9485	NR_042778.1	97.258	766	10	8	9	768	778	18	0.0	1288
9ee7d340-7ce8-4ad6-a5c6-a918b7bf9485	NR_042777.1	97.128	766	10	9	9	768	777	18	0.0	1282
9ee7d340-7ce8-4ad6-a5c6-a918b7bf9485	NR_197695.1	96.867	766	13	8	9	768	777	17	0.0	1271
9ee7d340-7ce8-4ad6-a5c6-a918b7bf9485	NR_118998.1	96.606	766	15	8	9	768	773	13	0.0	1262
b7f1eaed-801e-4cc6-aae4-f8d6a82bda15	NR_165747.1	89.320	515	22	24	19	507	508	1	6.61e-176	616
b7f1eaed-801e-4cc6-aae4-f8d6a82bda15	NR_042928.1	89.126	515	23	24	19	507	508	1	3.07e-174	610
b7f1eaed-801e-4cc6-aae4-f8d6a82bda15	NR_199545.1	88.719	523	26	25	19	515	528	13	1.11e-173	608
b7f1eaed-801e-4cc6-aae4-f8d6a82bda15	NR_028664.1	88.528	523	27	25	19	515	531	16	5.15e-172	603
b7f1eaed-801e-4cc6-aae4-f8d6a82bda15	NR_117719.1	88.337	523	28	25	19	515	528	13	2.39e-170	597
3c8f8793-1f84-4a7e-8176-e9160e470024	NR_029286.1	95.709	536	15	7	1	528	595	60	0.0	856
3c8f8793-1f84-4a7e-8176-e9160e470024	NR_041983.1	95.701	535	16	6	1	528	568	34	0.0	854
3c8f8793-1f84-4a7e-8176-e9160e470024	NR_114395.1	95.701	535	16	6	1	528	600	66	0.0	854
3c8f8793-1f84-4a7e-8176-e9160e470024	NR_119102.1	95.149	536	18	7	1	528	570	35	0.0	845
3c8f8793-1f84-4a7e-8176-e9160e470024	NR_179528.1	95.094	530	16	8	1	520	585	56	0.0	826
2bde234d-d329-4080-85d6-60380b5f7d27	NR_117719.1	96.445	1322	29	15	19	1330	185	1498	0.0	2165
2bde234d-d329-4080-85d6-60380b5f7d27	NR_175455.1	96.296	1323	30	16	19	1330	173	1487	0.0	2154
2bde234d-d329-4080-85d6-60380b5f7d27	NR_042928.1	96.163	1329	28	19	3	1321	153	1468	0.0	2150
2bde234d-d329-4080-85d6-60380b5f7d27	NR_028664.1	96.218	1322	32	15	19	1330	188	1501	0.0	2148
2bde234d-d329-4080-85d6-60380b5f7d27	NR_115240.1	96.268	1313	31	15	19	1321	165	1469	0.0	2137
a18ef189-b714-4547-8b53-2d8f3b2f033e	NR_026419.1	95.340	1030	21	24	4	1015	1021	1	0.0	1611
a18ef189-b714-4547-8b53-2d8f3b2f033e	NR_025903.1	94.021	1037	33	26	4	1021	1033	7	0.0	1544
a18ef189-b714-4547-8b53-2d8f3b2f033e	NR_025904.1	93.359	1039	36	29	4	1021	1032	6	0.0	1506
a18ef189-b714-4547-8b53-2d8f3b2f033e	NR_133753.1	94.082	997	31	25	4	982	987	1	0.0	1489
a18ef189-b714-4547-8b53-2d8f3b2f033e	NR_133752.1	93.996	966	33	22	4	952	958	1	0.0	1439
23a5bf23-5cc3-4f0a-a724-f9b2289e8672	NR_115735.1	96.646	1282	20	16	5	1273	193	1464	0.0	2108
23a5bf23-5cc3-4f0a-a724-f9b2289e8672	NR_024842.1	96.493	1283	22	16	5	1274	217	1489	0.0	2102
23a5bf23-5cc3-4f0a-a724-f9b2289e8672	NR_165737.1	96.554	1277	20	16	8	1270	205	1471	0.0	2093
23a5bf23-5cc3-4f0a-a724-f9b2289e8672	NR_115241.1	96.403	1279	23	16	5	1270	202	1470	0.0	2091
23a5bf23-5cc3-4f0a-a724-f9b2289e8672	NR_036936.1	96.398	1277	22	16	8	1270	205	1471	0.0	2082
c38bbe70-5f4c-4eb0-9374-bb6015bb0bd0	NR_043332.1	97.134	314	5	4	1	313	1168	1478	1.89e-149	527
c38bbe70-5f4c-4eb0-9374-bb6015bb0bd0	NR_074980.1	97.134	314	5	4	1	313	1195	1505	1.89e-149	527
c38bbe70-5f4c-4eb0-9374-bb6015bb0bd0	NR_113031.1	97.134	314	5	4	1	313	1195	1505	1.89e-149	527
c38bbe70-5f4c-4eb0-9374-bb6015bb0bd0	NR_113570.1	97.115	312	5	4	1	311	1175	1483	2.44e-148	523
c38bbe70-5f4c-4eb0-9374-bb6015bb0bd0	NR_115355.1	96.497	314	7	4	1	313	1168	1478	4.08e-146	516
bcf6e925-bb66-4cb5-900e-fee74d2bf3aa	NR_041989.1	91.746	739	23	25	6	726	1327	609	0.0	992
bcf6e925-bb66-4cb5-900e-fee74d2bf3aa	NR_117694.1	91.610	739	24	25	6	726	1369	651	0.0	987
bcf6e925-bb66-4cb5-900e-fee74d2bf3aa	NR_121687.1	91.475	739	25	25	6	726	1389	671	0.0	981
bcf6e925-bb66-4cb5-900e-fee74d2bf3aa	NR_025892.1	91.340	739	26	25	6	726	1394	676	0.0	979
bcf6e925-bb66-4cb5-900e-fee74d2bf3aa	NR_104947.1	90.663	739	31	25	6	726	1342	624	0.0	948
b503d797-b3f6-4a2f-98fc-aa3ab283ad26	NR_042776.1	96.203	316	8	3	1	314	1186	1499	1.48e-145	514
b503d797-b3f6-4a2f-98fc-aa3ab283ad26	NR_042777.1	96.203	316	8	3	1	314	1185	1498	1.48e-145	514
b503d797-b3f6-4a2f-98fc-aa3ab283ad26	NR_042052.1	95.570	316	10	3	1	314	1084	1397	3.21e-142	503
b503d797-b3f6-4a2f-98fc-aa3ab283ad26	NR_042778.1	95.570	316	10	3	1	314	1186	1499	3.21e-142	503
b503d797-b3f6-4a2f-98fc-aa3ab283ad26	NR_114642.1	95.570	316	10	3	1	314	1143	1456	3.21e-142	503
e98ad016-a138-4743-9092-68919daa4e9d	NR_115355.1	94.146	632	19	14	1	616	772	1401	0.0	946
e98ad016-a138-4743-9092-68919daa4e9d	NR_179325.1	94.146	632	19	14	1	616	746	1375	0.0	946
e98ad016-a138-4743-9092-68919daa4e9d	NR_041879.1	93.997	633	19	15	1	616	729	1359	0.0	941
e98ad016-a138-4743-9092-68919daa4e9d	NR_163639.1	93.987	632	18	16	1	616	789	1416	0.0	939
e98ad016-a138-4743-9092-68919daa4e9d	NR_119169.1	93.671	632	22	14	1	616	777	1406	0.0	933
cf753bfe-cf89-4781-8bee-18d9bfee853d	NR_179540.1	98.178	494	4	5	8	498	587	1078	0.0	857
cf753bfe-cf89-4781-8bee-18d9bfee853d	NR_199547.1	98.178	494	4	5	8	498	547	1038	0.0	857
cf753bfe-cf89-4781-8bee-18d9bfee853d	NR_028664.1	97.976	494	5	5	8	498	590	1081	0.0	852
cf753bfe-cf89-4781-8bee-18d9bfee853d	NR_042927.1	97.976	494	5	5	8	498	569	1060	0.0	852
cf753bfe-cf89-4781-8bee-18d9bfee853d	NR_042928.1	97.976	494	5	5	8	498	567	1058	0.0	852
65d572ec-db16-4198-a1e2-f534772003af	NR_042928.1	96.703	819	11	15	1	815	807	1	0.0	1349
65d572ec-db16-4198-a1e2-f534772003af	NR_199547.1	96.985	796	9	14	1	792	787	3	0.0	1323
65d572ec-db16-4198-a1e2-f534772003af	NR_165747.1	95.971	819	17	15	1	815	807	1	0.0	1315
65d572ec-db16-4198-a1e2-f534772003af	NR_117719.1	95.642	826	20	15	1	822	827	14	0.0	1312
65d572ec-db16-4198-a1e2-f534772003af	NR_028664.1	95.521	826	21	15	1	822	830	17	0.0	1306
ed931105-81bc-4dcf-b6ad-9fdfb3cd24c9	NR_044873.1	94.026	837	15	23	1	807	634	1465	0.0	1236
ed931105-81bc-4dcf-b6ad-9fdfb3cd24c9	NR_074568.1	93.772	835	19	26	1	807	644	1473	0.0	1223
ed931105-81bc-4dcf-b6ad-9fdfb3cd24c9	NR_044712.2	94.891	783	18	18	1	765	653	1431	0.0	1208
ed931105-81bc-4dcf-b6ad-9fdfb3cd24c9	NR_043968.1	92.926	834	28	22	1	807	602	1431	0.0	1184
ed931105-81bc-4dcf-b6ad-9fdfb3cd24c9	NR_025310.1	94.133	784	22	19	1	765	624	1402	0.0	1171
735e655b-951a-4486-b641-3f9dcf2dbb49	NR_117694.1	92.668	491	19	15	5	485	1389	906	0.0	691
735e655b-951a-4486-b641-3f9dcf2dbb49	NR_104685.1	92.464	491	20	15	5	485	1410	927	0.0	686
735e655b-951a-4486-b641-3f9dcf2dbb49	NR_041989.1	92.464	491	20	15	5	485	1347	864	0.0	686
735e655b-951a-4486-b641-3f9dcf2dbb49	NR_156926.1	92.464	491	20	15	5	485	1357	874	0.0	686
735e655b-951a-4486-b641-3f9dcf2dbb49	NR_104947.1	92.261	491	21	15	5	485	1362	879	0.0	680
4240548b-3bf9-4630-ab78-8a86cb810ff4	NR_025862.1	96.520	431	6	5	1	423	1208	779	0.0	706
4240548b-3bf9-4630-ab78-8a86cb810ff4	NR_028682.1	96.520	431	6	7	1	423	1209	780	0.0	704
4240548b-3bf9-4630-ab78-8a86cb810ff4	NR_026454.1	96.520	431	6	5	1	423	1185	756	0.0	704
4240548b-3bf9-4630-ab78-8a86cb810ff4	NR_040926.1	96.056	431	8	7	1	423	1187	758	0.0	693
4240548b-3bf9-4630-ab78-8a86cb810ff4	NR_113798.1	95.602	432	9	8	1	423	1194	764	0.0	684
e65e355b-a379-4d49-8ad9-7c74647d8fab	NR_025903.1	95.135	1151	27	19	2	1128	1152	7	0.0	1788
e65e355b-a379-4d49-8ad9-7c74647d8fab	NR_026419.1	94.728	1138	32	19	1	1114	1141	8	0.0	1744
e65e355b-a379-4d49-8ad9-7c74647d8fab	NR_133753.1	95.135	1110	27	18	2	1088	1106	1	0.0	1725
e65e355b-a379-4d49-8ad9-7c74647d8fab	NR_025904.1	93.761	1154	37	25	2	1128	1151	6	0.0	1700
e65e355b-a379-4d49-8ad9-7c74647d8fab	NR_133752.1	95.607	1070	25	13	2	1052	1077	11	0.0	1696
b5a5bc89-1fad-4f97-aec4-94f9213343f7	NR_036936.1	97.848	883	15	3	1	881	591	1471	0.0	1522
b5a5bc89-1fad-4f97-aec4-94f9213343f7	NR_165737.1	97.848	883	15	3	1	881	591	1471	0.0	1522
b5a5bc89-1fad-4f97-aec4-94f9213343f7	NR_028664.1	97.531	891	18	3	1	889	612	1500	0.0	1520
b5a5bc89-1fad-4f97-aec4-94f9213343f7	NR_179383.1	97.531	891	18	3	1	889	616	1504	0.0	1520
b5a5bc89-1fad-4f97-aec4-94f9213343f7	NR_024842.1	97.531	891	17	4	1	889	606	1493	0.0	1519
fe8f58d6-15c9-44b4-9c70-30ada64bfb2b	NR_042776.1	88.843	484	19	22	5	463	1026	1499	7.85e-160	562
fe8f58d6-15c9-44b4-9c70-30ada64bfb2b	NR_042777.1	88.843	484	19	22	5	463	1025	1498	7.85e-160	562
fe8f58d6-15c9-44b4-9c70-30ada64bfb2b	NR_042778.1	88.430	484	21	22	5	463	1026	1499	1.70e-156	551
fe8f58d6-15c9-44b4-9c70-30ada64bfb2b	NR_197695.1	88.406	483	21	22	6	463	1026	1498	6.11e-156	549
fe8f58d6-15c9-44b4-9c70-30ada64bfb2b	NR_118998.1	88.223	484	22	22	5	463	1020	1493	7.90e-155	545
bd83baa9-990a-4bf1-b069-7d9b26847333	NR_113570.1	95.470	861	13	17	29	877	71	917	0.0	1351
bd83baa9-990a-4bf1-b069-7d9b26847333	NR_119168.1	95.465	860	14	17	29	877	70	915	0.0	1349
bd83baa9-990a-4bf1-b069-7d9b26847333	NR_044091.1	96.181	838	7	16	51	877	1	824	0.0	1347
bd83baa9-990a-4bf1-b069-7d9b26847333	NR_074980.1	95.349	860	15	17	29	877	92	937	0.0	1343
bd83baa9-990a-4bf1-b069-7d9b26847333	NR_113031.1	95.349	860	15	17	29	877	92	937	0.0	1343
118bcbb4-efc1-467c-bfb2-b8a191a26fa4	NR_042776.1	94.449	1243	39	29	5	1231	271	1499	0.0	1886
118bcbb4-efc1-467c-bfb2-b8a191a26fa4	NR_042777.1	94.368	1243	39	30	5	1231	271	1498	0.0	1879
118bcbb4-efc1-467c-bfb2-b8a191a26fa4	NR_042778.1	94.203	1242	44	25	5	1231	271	1499	0.0	1869
118bcbb4-efc1-467c-bfb2-b8a191a26fa4	NR_197695.1	94.122	1242	45	25	5	1231	270	1498	0.0	1864
118bcbb4-efc1-467c-bfb2-b8a191a26fa4	NR_118998.1	93.790	1240	44	32	9	1231	270	1493	0.0	1832
29c9c838-dea8-4a5e-a912-1cf290369702	NR_024842.1	98.623	363	2	2	4	365	1132	1492	0.0	640
29c9c838-dea8-4a5e-a912-1cf290369702	NR_179720.1	98.361	366	2	3	2	365	1135	1498	0.0	640
29c9c838-dea8-4a5e-a912-1cf290369702	NR_115735.1	98.883	358	2	1	4	361	1108	1463	0.0	638
29c9c838-dea8-4a5e-a912-1cf290369702	NR_178262.1	98.352	364	2	3	4	365	1011	1372	0.0	636
29c9c838-dea8-4a5e-a912-1cf290369702	NR_179215.1	98.352	364	2	3	4	365	1133	1494	0.0	636
97025dfd-4545-4d8d-bd28-485abae1fa88	NR_043332.1	96.063	127	3	2	1	126	1354	1479	3.65e-53	206
97025dfd-4545-4d8d-bd28-485abae1fa88	NR_074980.1	96.063	127	3	2	1	126	1381	1506	3.65e-53	206
97025dfd-4545-4d8d-bd28-485abae1fa88	NR_113031.1	96.063	127	3	2	1	126	1381	1506	3.65e-53	206
97025dfd-4545-4d8d-bd28-485abae1fa88	NR_115354.1	96.063	127	3	2	1	126	1354	1479	3.65e-53	206
97025dfd-4545-4d8d-bd28-485abae1fa88	NR_115355.1	96.063	127	3	2	1	126	1354	1479	3.65e-53	206
d7ebf5e1-1e75-4c56-8de9-8a495ce787f8	NR_029097.1	93.939	1056	29	30	1	1037	1145	106	0.0	1563
d7ebf5e1-1e75-4c56-8de9-8a495ce787f8	NR_125570.1	93.087	1056	38	30	1	1037	1127	88	0.0	1513
d7ebf5e1-1e75-4c56-8de9-8a495ce787f8	NR_125571.1	92.526	1057	42	32	1	1037	1169	130	0.0	1482
d7ebf5e1-1e75-4c56-8de9-8a495ce787f8	NR_113410.1	87.406	1064	87	41	1	1038	1113	71	0.0	1179
d7ebf5e1-1e75-4c56-8de9-8a495ce787f8	NR_025567.1	87.218	1064	89	41	1	1038	1204	162	0.0	1168
69ebe7f5-5284-4877-a2c0-80628864e2ea	NR_074980.1	96.538	780	16	10	1	775	787	14	0.0	1280
69ebe7f5-5284-4877-a2c0-80628864e2ea	NR_113031.1	96.538	780	16	10	1	775	787	14	0.0	1280
69ebe7f5-5284-4877-a2c0-80628864e2ea	NR_119169.1	96.757	771	14	10	1	766	765	1	0.0	1279
69ebe7f5-5284-4877-a2c0-80628864e2ea	NR_163639.1	96.538	780	14	11	1	775	777	6	0.0	1279
69ebe7f5-5284-4877-a2c0-80628864e2ea	NR_115355.1	96.736	766	14	10	1	761	760	1	0.0	1269
2720c555-3dd6-4575-8ab6-c9b922661275	NR_024842.1	93.018	487	13	16	1	478	1015	1489	0.0	691
2720c555-3dd6-4575-8ab6-c9b922661275	NR_115735.1	93.004	486	13	16	1	477	991	1464	0.0	689
2720c555-3dd6-4575-8ab6-c9b922661275	NR_199974.1	92.990	485	12	17	4	478	1030	1502	0.0	688
2720c555-3dd6-4575-8ab6-c9b922661275	NR_036936.1	92.975	484	12	17	1	474	1000	1471	0.0	686
2720c555-3dd6-4575-8ab6-c9b922661275	NR_165737.1	92.975	484	12	17	1	474	1000	1471	0.0	686
88689f14-282a-4684-86b1-1a662c724b18	NR_179325.1	93.341	856	27	19	1	838	604	1447	0.0	1238
88689f14-282a-4684-86b1-1a662c724b18	NR_115355.1	93.107	856	29	19	1	838	630	1473	0.0	1227
88689f14-282a-4684-86b1-1a662c724b18	NR_115354.1	93.357	843	27	18	14	838	642	1473	0.0	1221
88689f14-282a-4684-86b1-1a662c724b18	NR_119169.1	92.757	856	32	19	1	838	635	1478	0.0	1214
88689f14-282a-4684-86b1-1a662c724b18	NR_163639.1	92.882	857	28	22	1	838	646	1488	0.0	1214
a733e7af-d8d6-446e-a0f5-7eb7cf820a22	NR_117694.1	97.149	877	14	11	1	871	596	1467	0.0	1471
a733e7af-d8d6-446e-a0f5-7eb7cf820a22	NR_121687.1	96.693	877	18	11	1	871	616	1487	0.0	1448
a733e7af-d8d6-446e-a0f5-7eb7cf820a22	NR_117692.1	96.579	877	19	11	1	871	596	1467	0.0	1443
a733e7af-d8d6-446e-a0f5-7eb7cf820a22	NR_117696.1	96.465	877	20	11	1	871	583	1454	0.0	1437
a733e7af-d8d6-446e-a0f5-7eb7cf820a22	NR_025902.1	96.351	877	21	11	1	871	574	1445	0.0	1432
23dae8ad-e786-4e90-b90a-fac773d2191e	NR_199545.1	97.208	1361	14	18	1	1345	143	1495	0.0	2281
23dae8ad-e786-4e90-b90a-fac773d2191e	NR_179385.1	97.134	1361	15	18	1	1345	147	1499	0.0	2276
23dae8ad-e786-4e90-b90a-fac773d2191e	NR_028664.1	97.063	1362	15	18	1	1345	146	1499	0.0	2270
23dae8ad-e786-4e90-b90a-fac773d2191e	NR_179383.1	97.063	1362	15	19	1	1345	150	1503	0.0	2270
23dae8ad-e786-4e90-b90a-fac773d2191e	NR_165744.1	97.120	1354	15	19	1	1338	132	1477	0.0	2263
65eb8463-f906-41d5-b427-3b36ad74c9e4	NR_117694.1	93.320	1018	41	23	9	1003	1189	176	0.0	1478
65eb8463-f906-41d5-b427-3b36ad74c9e4	NR_121687.1	92.829	1018	46	23	9	1003	1209	196	0.0	1450
65eb8463-f906-41d5-b427-3b36ad74c9e4	NR_041989.1	92.640	1019	46	25	9	1003	1147	134	0.0	1439
65eb8463-f906-41d5-b427-3b36ad74c9e4	NR_025892.1	91.945	1018	54	24	9	1003	1214	202	0.0	1426
65eb8463-f906-41d5-b427-3b36ad74c9e4	NR_041988.1	92.330	1017	53	21	9	1003	1147	134	0.0	1423
76f4d966-70fe-481b-80bf-43eb8e244a7b	NR_125570.1	93.074	823	46	8	2	821	533	1347	0.0	1194
76f4d966-70fe-481b-80bf-43eb8e244a7b	NR_125571.1	92.710	823	49	8	2	821	575	1389	0.0	1177
76f4d966-70fe-481b-80bf-43eb8e244a7b	NR_029097.1	92.946	808	46	8	2	806	551	1350	0.0	1166
76f4d966-70fe-481b-80bf-43eb8e244a7b	NR_042008.1	88.121	825	84	11	3	822	602	1417	0.0	968
76f4d966-70fe-481b-80bf-43eb8e244a7b	NR_074809.1	88.000	825	85	11	3	822	612	1427	0.0	963
101aff01-3531-465c-a4dd-696720b75904	NR_042776.1	89.540	478	14	26	1	462	1042	1499	3.61e-163	573
101aff01-3531-465c-a4dd-696720b75904	NR_042777.1	89.540	478	14	26	1	462	1041	1498	3.61e-163	573
101aff01-3531-465c-a4dd-696720b75904	NR_197695.1	89.331	478	15	26	1	462	1041	1498	1.68e-161	568
101aff01-3531-465c-a4dd-696720b75904	NR_042778.1	89.121	478	16	26	1	462	1042	1499	7.81e-160	562
101aff01-3531-465c-a4dd-696720b75904	NR_118998.1	89.121	478	16	26	1	462	1036	1493	7.81e-160	562
2c1b6295-cda2-4fc0-9672-b69bf96819b6	NR_117694.1	96.943	916	16	10	1	908	12	923	0.0	1526
2c1b6295-cda2-4fc0-9672-b69bf96819b6	NR_041989.1	97.738	884	10	8	32	908	1	881	0.0	1513
2c1b6295-cda2-4fc0-9672-b69bf96819b6	NR_117692.1	95.738	915	29	8	1	908	12	923	0.0	1465
2c1b6295-cda2-4fc0-9672-b69bf96819b6	NR_025892.1	95.311	917	28	12	1	908	38	948	0.0	1461
2c1b6295-cda2-4fc0-9672-b69bf96819b6	NR_121687.1	95.524	916	29	10	1	908	32	943	0.0	1454
30f91111-5ed0-4a9b-b780-f1d851e8183b	NR_025892.1	98.974	195	2	0	1	195	213	19	2.61e-96	350
30f91111-5ed0-4a9b-b780-f1d851e8183b	NR_117694.1	98.396	187	3	0	1	187	187	1	3.41e-90	329
30f91111-5ed0-4a9b-b780-f1d851e8183b	NR_104830.1	94.444	198	10	1	1	197	202	5	2.06e-82	303
30f91111-5ed0-4a9b-b780-f1d851e8183b	NR_117717.1	95.213	188	9	0	8	195	201	14	9.60e-81	298
30f91111-5ed0-4a9b-b780-f1d851e8183b	NR_121688.1	95.213	188	9	0	8	195	200	13	9.60e-81	298
b8f983bc-9ef7-4bd2-81c0-51f36dad32fa	NR_179385.1	98.334	1441	15	9	1	1436	1466	30	0.0	2519
b8f983bc-9ef7-4bd2-81c0-51f36dad32fa	NR_199545.1	98.334	1441	15	9	1	1436	1462	26	0.0	2519
b8f983bc-9ef7-4bd2-81c0-51f36dad32fa	NR_027214.1	98.265	1441	16	9	1	1436	1442	6	0.0	2514
b8f983bc-9ef7-4bd2-81c0-51f36dad32fa	NR_028664.1	98.197	1442	16	10	1	1436	1466	29	0.0	2510
b8f983bc-9ef7-4bd2-81c0-51f36dad32fa	NR_115240.1	98.197	1442	16	10	1	1436	1443	6	0.0	2510
6759d5fa-f6fe-422e-8941-09ebc885cbcf	NR_028682.1	91.941	819	31	27	1	794	689	1497	0.0	1114
6759d5fa-f6fe-422e-8941-09ebc885cbcf	NR_113798.1	90.354	819	45	23	1	795	673	1481	0.0	1044
6759d5fa-f6fe-422e-8941-09ebc885cbcf	NR_119263.1	90.244	820	46	25	1	796	686	1495	0.0	1040
6759d5fa-f6fe-422e-8941-09ebc885cbcf	NR_025396.1	90.098	818	49	23	1	796	660	1467	0.0	1035
6759d5fa-f6fe-422e-8941-09ebc885cbcf	NR_025435.1	90.000	820	47	25	1	796	686	1494	0.0	1027
3b6320e4-7eb1-4f4c-8390-87a6ae561fdb	NR_116168.1	87.244	1121	70	59	11	1082	395	1491	0.0	1210
3b6320e4-7eb1-4f4c-8390-87a6ae561fdb	NR_118762.1	86.335	1105	88	51	11	1072	398	1482	0.0	1166
3b6320e4-7eb1-4f4c-8390-87a6ae561fdb	NR_042878.1	87.202	1008	63	52	11	971	374	1362	0.0	1086
3b6320e4-7eb1-4f4c-8390-87a6ae561fdb	NR_115546.2	86.614	1016	77	47	110	1082	501	1500	0.0	1068
3b6320e4-7eb1-4f4c-8390-87a6ae561fdb	NR_114558.1	86.540	1003	80	44	110	1072	471	1458	0.0	1055
7f80e21c-bfc0-46a9-baec-b58721bc7fd2	NR_116168.1	87.855	634	47	29	4	621	645	26	0.0	717
7f80e21c-bfc0-46a9-baec-b58721bc7fd2	NR_042878.1	87.382	634	50	29	4	621	624	5	0.0	710
7f80e21c-bfc0-46a9-baec-b58721bc7fd2	NR_118762.1	85.918	632	59	29	4	619	648	31	0.0	667
7f80e21c-bfc0-46a9-baec-b58721bc7fd2	NR_025423.1	85.397	630	63	28	8	621	624	8	3.74e-179	627
7f80e21c-bfc0-46a9-baec-b58721bc7fd2	NR_042871.1	83.596	634	76	28	4	621	626	5	1.06e-164	579
e55cdd9c-ed92-43e0-8fa3-0aaea938e807	NR_042776.1	95.586	793	10	16	2	780	718	1499	0.0	1247
e55cdd9c-ed92-43e0-8fa3-0aaea938e807	NR_042777.1	95.586	793	10	16	2	780	717	1498	0.0	1247
e55cdd9c-ed92-43e0-8fa3-0aaea938e807	NR_042778.1	95.334	793	12	16	2	780	718	1499	0.0	1236
e55cdd9c-ed92-43e0-8fa3-0aaea938e807	NR_197695.1	95.082	793	14	16	2	780	717	1498	0.0	1225
e55cdd9c-ed92-43e0-8fa3-0aaea938e807	NR_118998.1	94.830	793	15	17	2	780	713	1493	0.0	1214
6271eba1-dd73-4cb6-8a59-d480b9b39bd8	NR_042776.1	94.365	1260	36	25	1	1240	255	1499	0.0	1901
6271eba1-dd73-4cb6-8a59-d480b9b39bd8	NR_042777.1	94.286	1260	36	26	1	1240	255	1498	0.0	1895
6271eba1-dd73-4cb6-8a59-d480b9b39bd8	NR_042778.1	94.206	1260	38	25	1	1240	255	1499	0.0	1890
6271eba1-dd73-4cb6-8a59-d480b9b39bd8	NR_197695.1	94.048	1260	40	25	1	1240	254	1498	0.0	1879
6271eba1-dd73-4cb6-8a59-d480b9b39bd8	NR_118998.1	93.651	1260	44	26	1	1240	250	1493	0.0	1851
517a213d-961a-49a4-b261-48203adfe712	NR_044873.1	92.811	1391	46	42	16	1379	104	1467	0.0	1965
517a213d-961a-49a4-b261-48203adfe712	NR_074568.1	91.523	1392	65	41	16	1382	115	1478	0.0	1868
517a213d-961a-49a4-b261-48203adfe712	NR_025310.1	91.033	1394	70	42	16	1382	95	1460	0.0	1831
517a213d-961a-49a4-b261-48203adfe712	NR_044712.2	91.014	1380	71	41	16	1370	124	1475	0.0	1823
517a213d-961a-49a4-b261-48203adfe712	NR_109752.1	90.831	1396	70	46	16	1382	125	1491	0.0	1816
ceea835f-a78a-4dbe-8e29-af32015fbc66	NR_042776.1	93.171	1435	46	42	1	1402	84	1499	0.0	2060
ceea835f-a78a-4dbe-8e29-af32015fbc66	NR_042777.1	92.962	1435	48	43	1	1402	84	1498	0.0	2041
ceea835f-a78a-4dbe-8e29-af32015fbc66	NR_042778.1	92.892	1435	50	42	1	1402	84	1499	0.0	2037
ceea835f-a78a-4dbe-8e29-af32015fbc66	NR_197695.1	92.613	1435	54	42	1	1402	83	1498	0.0	2015
ceea835f-a78a-4dbe-8e29-af32015fbc66	NR_118998.1	92.265	1435	58	43	1	1402	79	1493	0.0	1988
e14434a0-6fe9-4457-98e0-f27c3e1cb25d	NR_179325.1	96.691	695	15	6	1	690	765	1456	0.0	1149
e14434a0-6fe9-4457-98e0-f27c3e1cb25d	NR_163639.1	96.542	694	16	6	1	690	808	1497	0.0	1142
e14434a0-6fe9-4457-98e0-f27c3e1cb25d	NR_115354.1	96.403	695	17	6	1	690	791	1482	0.0	1140
e14434a0-6fe9-4457-98e0-f27c3e1cb25d	NR_115355.1	96.403	695	17	6	1	690	791	1482	0.0	1138
e14434a0-6fe9-4457-98e0-f27c3e1cb25d	NR_074980.1	96.115	695	19	6	1	690	818	1509	0.0	1127
ede3269d-0e24-4288-acf7-624f43489c05	NR_025862.1	91.719	1123	45	39	1	1098	1112	13	0.0	1522
ede3269d-0e24-4288-acf7-624f43489c05	NR_026454.1	91.171	1042	47	37	1	1019	1089	70	0.0	1373
ede3269d-0e24-4288-acf7-624f43489c05	NR_042406.1	89.704	1049	63	37	1	1027	1103	78	0.0	1297
ede3269d-0e24-4288-acf7-624f43489c05	NR_180652.1	89.524	1050	63	36	1	1027	1102	77	0.0	1286
ede3269d-0e24-4288-acf7-624f43489c05	NR_114015.1	89.398	1047	64	38	1	1024	1103	81	0.0	1275
6e7a9b14-2fdf-471c-a5c3-fe9b403541d4	NR_117694.1	93.810	517	15	13	1	505	512	1	0.0	761
6e7a9b14-2fdf-471c-a5c3-fe9b403541d4	NR_025892.1	92.955	511	19	13	13	511	526	21	0.0	737
6e7a9b14-2fdf-471c-a5c3-fe9b403541d4	NR_117717.1	92.500	520	28	7	1	511	533	16	0.0	734
6e7a9b14-2fdf-471c-a5c3-fe9b403541d4	NR_121688.1	92.500	520	28	7	1	511	532	15	0.0	734
6e7a9b14-2fdf-471c-a5c3-fe9b403541d4	NR_041989.1	94.703	472	14	7	1	463	470	1	0.0	723
b266eaa4-4489-4318-bfec-2b61f6d6c72e	NR_024697.1	89.561	661	46	17	46	690	479	1132	0.0	817
b266eaa4-4489-4318-bfec-2b61f6d6c72e	NR_036880.1	89.561	661	46	17	46	690	461	1114	0.0	817
b266eaa4-4489-4318-bfec-2b61f6d6c72e	NR_113990.1	89.561	661	46	17	46	690	465	1118	0.0	817
b266eaa4-4489-4318-bfec-2b61f6d6c72e	NR_113996.1	89.561	661	46	17	46	690	465	1118	0.0	817
b266eaa4-4489-4318-bfec-2b61f6d6c72e	NR_115993.1	89.561	661	46	17	46	690	441	1094	0.0	817
b652a179-b4c3-423f-ade0-27600cc6c786	NR_117717.1	97.175	531	9	6	1	528	965	1492	0.0	893
b652a179-b4c3-423f-ade0-27600cc6c786	NR_117696.1	97.175	531	9	6	1	528	932	1459	0.0	893
b652a179-b4c3-423f-ade0-27600cc6c786	NR_159079.1	96.987	531	10	6	1	528	941	1468	0.0	887
b652a179-b4c3-423f-ade0-27600cc6c786	NR_117694.1	96.987	531	10	6	1	528	945	1472	0.0	887
b652a179-b4c3-423f-ade0-27600cc6c786	NR_025902.1	96.798	531	11	6	1	528	923	1450	0.0	881
d8fa3779-c57f-4d3e-87b0-54087b72e3b8	NR_074980.1	93.651	504	22	8	1	498	1013	1512	0.0	745
d8fa3779-c57f-4d3e-87b0-54087b72e3b8	NR_113031.1	93.651	504	22	8	1	498	1013	1512	0.0	745
d8fa3779-c57f-4d3e-87b0-54087b72e3b8	NR_043332.1	93.254	504	24	8	1	498	986	1485	0.0	737
d8fa3779-c57f-4d3e-87b0-54087b72e3b8	NR_113570.1	92.871	505	25	9	1	498	993	1493	0.0	723
d8fa3779-c57f-4d3e-87b0-54087b72e3b8	NR_044153.1	92.857	504	26	8	1	498	986	1485	0.0	723
0b021488-15d0-43bb-9e90-dacfe43bf3cc	NR_042776.1	92.438	767	28	23	2	750	90	844	0.0	1068
0b021488-15d0-43bb-9e90-dacfe43bf3cc	NR_042778.1	92.177	767	30	23	2	750	90	844	0.0	1057
0b021488-15d0-43bb-9e90-dacfe43bf3cc	NR_042777.1	92.167	766	31	22	2	750	90	843	0.0	1055
0b021488-15d0-43bb-9e90-dacfe43bf3cc	NR_197695.1	92.598	743	27	21	14	740	102	832	0.0	1042
0b021488-15d0-43bb-9e90-dacfe43bf3cc	NR_118998.1	91.656	767	34	23	2	750	85	839	0.0	1037
7f498d26-cdb2-4501-b08b-50216b3fd8b2	NR_026419.1	95.266	338	7	7	1	331	541	206	1.98e-149	527
7f498d26-cdb2-4501-b08b-50216b3fd8b2	NR_133753.1	94.675	338	9	7	1	331	507	172	4.29e-146	516
7f498d26-cdb2-4501-b08b-50216b3fd8b2	NR_025903.1	94.675	338	9	7	1	331	553	218	4.29e-146	516
7f498d26-cdb2-4501-b08b-50216b3fd8b2	NR_133752.1	94.083	338	11	7	1	331	478	143	9.29e-143	505
7f498d26-cdb2-4501-b08b-50216b3fd8b2	NR_026469.1	94.083	338	11	7	1	331	543	208	9.29e-143	505
0ee53d8a-c52b-4cb5-85d6-e0ff095b2fb6	NR_117694.1	87.544	1429	85	77	41	1405	1410	11	0.0	1567
0ee53d8a-c52b-4cb5-85d6-e0ff095b2fb6	NR_041989.1	88.081	1376	82	66	54	1372	1354	4	0.0	1557
0ee53d8a-c52b-4cb5-85d6-e0ff095b2fb6	NR_117692.1	86.695	1428	99	75	41	1405	1410	11	0.0	1500
0ee53d8a-c52b-4cb5-85d6-e0ff095b2fb6	NR_025902.1	86.553	1413	100	74	41	1390	1388	3	0.0	1474
0ee53d8a-c52b-4cb5-85d6-e0ff095b2fb6	NR_028900.1	86.696	1353	96	68	54	1348	1354	28	0.0	1424
fe853e07-0e8a-4588-a110-30b7e4d99949	NR_024842.1	98.407	816	8	5	3	813	678	1493	0.0	1430
fe853e07-0e8a-4588-a110-30b7e4d99949	NR_115735.1	98.397	811	8	5	3	808	654	1464	0.0	1421
fe853e07-0e8a-4588-a110-30b7e4d99949	NR_036936.1	98.269	809	8	6	3	805	663	1471	0.0	1411
fe853e07-0e8a-4588-a110-30b7e4d99949	NR_199974.1	97.919	817	11	5	3	813	690	1506	0.0	1410
fe853e07-0e8a-4588-a110-30b7e4d99949	NR_156072.1	97.917	816	12	5	3	813	683	1498	0.0	1408
19fe3d4c-90de-432b-ad8e-210d836e0a92	NR_199541.1	93.920	773	27	15	8	766	486	1252	0.0	1149
19fe3d4c-90de-432b-ad8e-210d836e0a92	NR_180625.1	93.790	773	28	15	8	766	490	1256	0.0	1144
19fe3d4c-90de-432b-ad8e-210d836e0a92	NR_028664.1	93.661	773	29	15	8	766	531	1297	0.0	1138
19fe3d4c-90de-432b-ad8e-210d836e0a92	NR_115240.1	93.661	773	29	15	8	766	508	1274	0.0	1138
19fe3d4c-90de-432b-ad8e-210d836e0a92	NR_115732.1	93.661	773	29	15	8	766	510	1276	0.0	1138
be51c147-4526-4051-ac51-0e6f450d17ae	NR_112026.1	93.226	561	21	15	1	554	1331	781	0.0	809
be51c147-4526-4051-ac51-0e6f450d17ae	NR_179540.1	93.226	561	21	15	1	554	1369	819	0.0	809
be51c147-4526-4051-ac51-0e6f450d17ae	NR_199547.1	93.048	561	22	15	1	554	1329	779	0.0	804
be51c147-4526-4051-ac51-0e6f450d17ae	NR_116206.1	92.870	561	23	15	1	554	1274	724	0.0	800
be51c147-4526-4051-ac51-0e6f450d17ae	NR_028665.1	92.870	561	23	15	1	554	1366	816	0.0	798
5e0c4c72-1754-442c-95a6-570c6b53cec9	NR_117694.1	92.773	1024	42	24	1	995	1021	1	0.0	1452
5e0c4c72-1754-442c-95a6-570c6b53cec9	NR_041989.1	93.680	981	33	20	1	954	979	1	0.0	1441
5e0c4c72-1754-442c-95a6-570c6b53cec9	NR_117717.1	91.578	1033	56	22	1	1005	1041	12	0.0	1397
5e0c4c72-1754-442c-95a6-570c6b53cec9	NR_121688.1	91.384	1033	59	21	1	1005	1041	11	0.0	1387
5e0c4c72-1754-442c-95a6-570c6b53cec9	NR_117692.1	91.593	1023	56	22	1	995	1021	1	0.0	1386
812f2e44-c73d-4fdc-a1a7-62fa0148e8ed	NR_042776.1	92.978	712	27	20	1	701	1428	729	0.0	1016
812f2e44-c73d-4fdc-a1a7-62fa0148e8ed	NR_042777.1	92.978	712	27	20	1	701	1427	728	0.0	1016
812f2e44-c73d-4fdc-a1a7-62fa0148e8ed	NR_042778.1	92.837	712	28	20	1	701	1428	729	0.0	1011
812f2e44-c73d-4fdc-a1a7-62fa0148e8ed	NR_197695.1	92.556	712	30	20	1	701	1427	728	0.0	1000
812f2e44-c73d-4fdc-a1a7-62fa0148e8ed	NR_118998.1	92.135	712	32	21	1	701	1422	724	0.0	983
b703d1a7-c3b5-4c2a-b5a8-06c01a717403	NR_025863.1	95.974	1242	24	21	1	1228	182	1411	0.0	2002
b703d1a7-c3b5-4c2a-b5a8-06c01a717403	NR_156899.1	91.860	1290	69	30	48	1318	160	1432	0.0	1768
b703d1a7-c3b5-4c2a-b5a8-06c01a717403	NR_025307.1	91.442	1297	77	29	39	1318	205	1484	0.0	1749
b703d1a7-c3b5-4c2a-b5a8-06c01a717403	NR_025445.1	91.602	1286	75	28	50	1318	219	1488	0.0	1746
b703d1a7-c3b5-4c2a-b5a8-06c01a717403	NR_113798.1	90.971	1318	82	32	20	1317	181	1481	0.0	1740
