bfdd1b28-6032-4a9f-a3eb-716ecb70d6b7	NR_042776.1	99.694	327	1	0	1	327	1298	972	4.10e-171	599
bfdd1b28-6032-4a9f-a3eb-716ecb70d6b7	NR_042777.1	99.694	327	1	0	1	327	1297	971	4.10e-171	599
bfdd1b28-6032-4a9f-a3eb-716ecb70d6b7	NR_042778.1	99.388	327	2	0	1	327	1298	972	1.91e-169	593
bfdd1b28-6032-4a9f-a3eb-716ecb70d6b7	NR_197695.1	99.083	327	3	0	1	327	1297	971	8.88e-168	588
bfdd1b28-6032-4a9f-a3eb-716ecb70d6b7	NR_118998.1	98.471	327	5	0	1	327	1292	966	1.92e-164	577
704a0534-0c43-42bc-b957-b1087bdb403b	NR_028664.1	92.342	888	29	29	1	863	624	1497	0.0	1227
704a0534-0c43-42bc-b957-b1087bdb403b	NR_042927.1	92.412	883	28	29	1	858	603	1471	0.0	1223
704a0534-0c43-42bc-b957-b1087bdb403b	NR_115240.1	92.412	883	28	29	1	858	601	1469	0.0	1223
704a0534-0c43-42bc-b957-b1087bdb403b	NR_115734.1	92.412	883	28	29	1	858	604	1472	0.0	1223
704a0534-0c43-42bc-b957-b1087bdb403b	NR_042928.1	91.968	884	29	32	1	858	601	1468	0.0	1201
3d11f30c-2e27-48ff-b632-5368328622a8	NR_115354.1	92.069	290	13	6	1	289	1202	1482	3.94e-111	399
3d11f30c-2e27-48ff-b632-5368328622a8	NR_043332.1	91.724	290	14	6	1	289	1202	1482	1.83e-109	394
3d11f30c-2e27-48ff-b632-5368328622a8	NR_074980.1	91.724	290	14	6	1	289	1229	1509	1.83e-109	394
3d11f30c-2e27-48ff-b632-5368328622a8	NR_113031.1	91.724	290	14	6	1	289	1229	1509	1.83e-109	394
3d11f30c-2e27-48ff-b632-5368328622a8	NR_115355.1	91.724	290	14	6	1	289	1202	1482	1.83e-109	394
9c3e6a0f-d511-42a0-aafb-b217befcaf99	NR_029097.1	95.552	607	11	11	1	599	556	1154	0.0	957
9c3e6a0f-d511-42a0-aafb-b217befcaf99	NR_125570.1	95.387	607	12	11	1	599	538	1136	0.0	952
9c3e6a0f-d511-42a0-aafb-b217befcaf99	NR_125571.1	94.728	607	16	11	1	599	580	1178	0.0	929
9c3e6a0f-d511-42a0-aafb-b217befcaf99	NR_042008.1	89.327	609	46	16	1	599	606	1205	0.0	747
9c3e6a0f-d511-42a0-aafb-b217befcaf99	NR_074809.1	89.163	609	47	16	1	599	616	1215	0.0	741
1d880be2-4869-4149-8a9a-2839a1c0436b	NR_042776.1	97.710	262	6	0	1	262	279	18	9.61e-127	451
1d880be2-4869-4149-8a9a-2839a1c0436b	NR_042778.1	97.328	262	7	0	1	262	279	18	4.47e-125	446
1d880be2-4869-4149-8a9a-2839a1c0436b	NR_197695.1	97.328	262	7	0	1	262	278	17	4.47e-125	446
1d880be2-4869-4149-8a9a-2839a1c0436b	NR_042777.1	96.947	262	8	0	1	262	279	18	2.08e-123	440
1d880be2-4869-4149-8a9a-2839a1c0436b	NR_118998.1	96.183	262	10	0	1	262	274	13	1.25e-120	431
0b1e30df-b71d-4b3a-bd07-0512a0175c2b	NR_117717.1	95.939	394	8	7	1	392	1105	1492	0.0	632
0b1e30df-b71d-4b3a-bd07-0512a0175c2b	NR_121688.1	95.939	394	8	7	1	392	1105	1492	0.0	632
0b1e30df-b71d-4b3a-bd07-0512a0175c2b	NR_117694.1	95.939	394	8	7	1	392	1085	1472	0.0	632
0b1e30df-b71d-4b3a-bd07-0512a0175c2b	NR_117696.1	95.939	394	8	7	1	392	1072	1459	0.0	632
0b1e30df-b71d-4b3a-bd07-0512a0175c2b	NR_117701.1	95.939	394	8	7	1	392	1085	1472	0.0	632
f1a8af5c-1eff-4dfe-ac30-d71c624876ec	NR_042776.1	98.664	449	6	0	7	455	1051	1499	0.0	797
f1a8af5c-1eff-4dfe-ac30-d71c624876ec	NR_042777.1	98.664	449	6	0	7	455	1050	1498	0.0	797
f1a8af5c-1eff-4dfe-ac30-d71c624876ec	NR_042778.1	98.218	449	8	0	7	455	1051	1499	0.0	785
f1a8af5c-1eff-4dfe-ac30-d71c624876ec	NR_118998.1	98.218	449	8	0	7	455	1045	1493	0.0	785
f1a8af5c-1eff-4dfe-ac30-d71c624876ec	NR_179540.1	98.218	449	8	0	7	455	1044	1492	0.0	785
0c38f771-b49f-4a53-b000-8daa22965602	NR_042776.1	97.143	455	7	6	1	450	1043	1496	0.0	763
0c38f771-b49f-4a53-b000-8daa22965602	NR_042777.1	97.143	455	7	6	1	450	1042	1495	0.0	763
0c38f771-b49f-4a53-b000-8daa22965602	NR_042778.1	96.703	455	9	6	1	450	1043	1496	0.0	752
0c38f771-b49f-4a53-b000-8daa22965602	NR_118998.1	96.703	455	9	6	1	450	1037	1490	0.0	752
0c38f771-b49f-4a53-b000-8daa22965602	NR_197695.1	96.703	455	9	6	1	450	1042	1495	0.0	752
8862be78-553b-4532-a358-dce25d38b987	NR_044873.1	92.130	864	41	20	1	851	851	2	0.0	1194
8862be78-553b-4532-a358-dce25d38b987	NR_074568.1	89.931	864	59	21	1	851	861	13	0.0	1088
8862be78-553b-4532-a358-dce25d38b987	NR_179993.1	89.723	866	60	22	1	852	862	12	0.0	1079
8862be78-553b-4532-a358-dce25d38b987	NR_109752.1	89.711	865	60	22	1	851	872	23	0.0	1077
8862be78-553b-4532-a358-dce25d38b987	NR_044712.2	89.583	864	62	20	1	851	870	22	0.0	1077
0941123e-a65d-469e-b17c-4ad7829ec667	NR_179383.1	95.667	877	24	11	2	874	888	22	0.0	1397
0941123e-a65d-469e-b17c-4ad7829ec667	NR_028664.1	95.553	877	25	11	2	874	884	18	0.0	1391
0941123e-a65d-469e-b17c-4ad7829ec667	NR_199545.1	95.553	877	25	11	2	874	881	15	0.0	1391
0941123e-a65d-469e-b17c-4ad7829ec667	NR_165744.1	95.439	877	26	11	2	874	870	4	0.0	1386
0941123e-a65d-469e-b17c-4ad7829ec667	NR_115240.1	95.522	871	25	11	2	868	861	1	0.0	1380
ad5c853b-2cbc-4329-9544-46de8e3b7c74	NR_136788.1	88.601	193	15	5	1	187	1207	1398	1.87e-59	228
ad5c853b-2cbc-4329-9544-46de8e3b7c74	NR_109439.1	88.083	193	16	5	1	187	1204	1395	8.71e-58	222
ad5c853b-2cbc-4329-9544-46de8e3b7c74	NR_117913.1	88.083	193	16	5	1	187	1196	1387	8.71e-58	222
ad5c853b-2cbc-4329-9544-46de8e3b7c74	NR_026136.1	86.528	193	19	5	1	187	1189	1380	8.77e-53	206
ad5c853b-2cbc-4329-9544-46de8e3b7c74	NR_113080.1	86.528	193	19	5	1	187	1209	1400	8.77e-53	206
ee303db3-3088-4591-88f6-dccbe50df0d2	NR_044091.1	91.954	435	19	15	1	427	256	682	7.04e-170	595
ee303db3-3088-4591-88f6-dccbe50df0d2	NR_113570.1	91.034	435	23	15	1	427	349	775	3.30e-163	573
ee303db3-3088-4591-88f6-dccbe50df0d2	NR_025762.1	90.805	435	24	15	1	427	320	746	1.53e-161	568
ee303db3-3088-4591-88f6-dccbe50df0d2	NR_074980.1	90.805	435	24	15	1	427	369	795	1.53e-161	568
ee303db3-3088-4591-88f6-dccbe50df0d2	NR_113031.1	90.805	435	24	15	1	427	369	795	1.53e-161	568
9b6c98c9-e272-4c99-a6c1-36878fb0d770	NR_024842.1	90.014	711	36	25	1	688	706	8	0.0	889
9b6c98c9-e272-4c99-a6c1-36878fb0d770	NR_115241.1	90.043	703	35	25	1	680	691	1	0.0	878
9b6c98c9-e272-4c99-a6c1-36878fb0d770	NR_115735.1	90.043	693	34	25	1	669	682	1	0.0	865
9b6c98c9-e272-4c99-a6c1-36878fb0d770	NR_178515.1	89.205	704	39	27	1	680	691	1	0.0	845
9b6c98c9-e272-4c99-a6c1-36878fb0d770	NR_165737.1	89.078	705	38	29	1	680	691	1	0.0	839
6c8001de-9dcf-4c9f-8c86-9fb50352b715	NR_025862.1	94.422	753	21	18	1	739	756	11	0.0	1146
6c8001de-9dcf-4c9f-8c86-9fb50352b715	NR_028682.1	91.379	754	39	23	1	737	757	13	0.0	1009
6c8001de-9dcf-4c9f-8c86-9fb50352b715	NR_026454.1	89.488	742	46	29	1	719	733	1	0.0	909
6c8001de-9dcf-4c9f-8c86-9fb50352b715	NR_025863.1	87.122	761	66	29	1	739	761	11	0.0	837
6c8001de-9dcf-4c9f-8c86-9fb50352b715	NR_119263.1	87.190	765	58	34	1	736	754	1	0.0	833
7ed8f3c9-2057-4fc1-8c6d-1c474aff5d07	NR_136788.1	93.333	570	18	14	15	571	1021	459	0.0	824
7ed8f3c9-2057-4fc1-8c6d-1c474aff5d07	NR_026230.1	92.105	532	22	14	39	557	975	451	0.0	734
7ed8f3c9-2057-4fc1-8c6d-1c474aff5d07	NR_113082.1	92.090	531	22	14	40	557	996	473	0.0	730
7ed8f3c9-2057-4fc1-8c6d-1c474aff5d07	NR_136443.1	88.889	513	37	15	44	543	954	449	2.64e-175	614
7ed8f3c9-2057-4fc1-8c6d-1c474aff5d07	NR_179662.1	85.507	552	59	16	19	557	1016	473	4.51e-158	556
f5f204db-b167-4ca3-8293-dd4e72e5de93	NR_179540.1	91.827	624	25	19	4	607	595	1212	0.0	846
f5f204db-b167-4ca3-8293-dd4e72e5de93	NR_042927.1	91.667	624	26	19	4	607	577	1194	0.0	841
f5f204db-b167-4ca3-8293-dd4e72e5de93	NR_114413.1	91.667	624	26	19	4	607	600	1217	0.0	841
f5f204db-b167-4ca3-8293-dd4e72e5de93	NR_115734.1	91.667	624	26	19	4	607	578	1195	0.0	841
f5f204db-b167-4ca3-8293-dd4e72e5de93	NR_116210.1	91.667	624	26	19	4	607	440	1057	0.0	841
bad3fa9a-8514-4792-a273-f3e7ddc5e654	NR_042776.1	96.518	1120	17	13	1	1099	381	1499	0.0	1832
bad3fa9a-8514-4792-a273-f3e7ddc5e654	NR_042777.1	96.429	1120	17	14	1	1099	381	1498	0.0	1825
bad3fa9a-8514-4792-a273-f3e7ddc5e654	NR_042778.1	96.250	1120	20	14	1	1099	381	1499	0.0	1816
bad3fa9a-8514-4792-a273-f3e7ddc5e654	NR_197695.1	96.161	1120	21	13	1	1099	380	1498	0.0	1810
bad3fa9a-8514-4792-a273-f3e7ddc5e654	NR_118998.1	95.625	1120	26	15	1	1099	376	1493	0.0	1775
a3395e6a-010e-467a-8d63-e872bfba8d7d	NR_041989.1	95.013	381	8	7	1	376	1299	925	1.04e-167	588
a3395e6a-010e-467a-8d63-e872bfba8d7d	NR_104947.1	94.751	381	9	8	1	376	1314	940	4.85e-166	582
a3395e6a-010e-467a-8d63-e872bfba8d7d	NR_117717.1	94.751	381	9	8	1	376	1361	987	4.85e-166	582
a3395e6a-010e-467a-8d63-e872bfba8d7d	NR_121687.1	94.751	381	9	8	1	376	1361	987	4.85e-166	582
a3395e6a-010e-467a-8d63-e872bfba8d7d	NR_117694.1	94.751	381	9	7	1	376	1341	967	4.85e-166	582
aa8c09ac-68b2-4a92-93e5-912c851f47ac	NR_028666.1	92.607	257	6	10	9	260	1254	1502	2.14e-98	357
aa8c09ac-68b2-4a92-93e5-912c851f47ac	NR_028833.1	92.607	257	6	10	9	260	1257	1505	2.14e-98	357
aa8c09ac-68b2-4a92-93e5-912c851f47ac	NR_029052.1	92.607	257	6	10	9	260	1218	1466	2.14e-98	357
aa8c09ac-68b2-4a92-93e5-912c851f47ac	NR_036918.1	92.607	257	6	10	9	260	1247	1495	2.14e-98	357
aa8c09ac-68b2-4a92-93e5-912c851f47ac	NR_042771.1	92.607	257	6	10	9	260	1248	1496	2.14e-98	357
87cb3e4c-5257-48be-b07f-8558ca68d4be	NR_115735.1	92.635	1059	38	26	1	1030	417	1464	0.0	1487
87cb3e4c-5257-48be-b07f-8558ca68d4be	NR_024842.1	92.540	1059	39	26	1	1030	441	1488	0.0	1483
87cb3e4c-5257-48be-b07f-8558ca68d4be	NR_115241.1	92.330	1056	41	26	1	1027	426	1470	0.0	1471
87cb3e4c-5257-48be-b07f-8558ca68d4be	NR_109720.1	92.564	1049	37	27	1	1019	420	1457	0.0	1467
87cb3e4c-5257-48be-b07f-8558ca68d4be	NR_036936.1	92.337	1057	40	27	1	1027	426	1471	0.0	1465
1b608a1b-01b8-41ed-a07e-3d6a4445f8fd	NR_116168.1	97.720	307	6	1	1	306	1398	1092	1.82e-149	527
1b608a1b-01b8-41ed-a07e-3d6a4445f8fd	NR_118762.1	97.068	307	8	1	1	306	1400	1094	3.05e-147	520
1b608a1b-01b8-41ed-a07e-3d6a4445f8fd	NR_025073.1	96.091	307	11	1	1	306	1400	1094	3.97e-141	499
1b608a1b-01b8-41ed-a07e-3d6a4445f8fd	NR_042878.1	97.603	292	6	1	16	306	1362	1071	3.97e-141	499
1b608a1b-01b8-41ed-a07e-3d6a4445f8fd	NR_115546.2	96.091	307	11	1	1	306	1407	1101	3.97e-141	499
6fba3601-6734-4131-b129-4f4b39afa2ab	NR_042776.1	94.070	995	40	16	18	1000	1005	18	0.0	1493
6fba3601-6734-4131-b129-4f4b39afa2ab	NR_042778.1	93.869	995	42	16	18	1000	1005	18	0.0	1482
6fba3601-6734-4131-b129-4f4b39afa2ab	NR_042777.1	93.769	995	42	17	18	1000	1004	18	0.0	1476
6fba3601-6734-4131-b129-4f4b39afa2ab	NR_118234.1	93.005	1015	49	18	1	1001	1015	9	0.0	1461
6fba3601-6734-4131-b129-4f4b39afa2ab	NR_197695.1	93.467	995	46	16	18	1000	1004	17	0.0	1459
90bb1a7a-f575-4d33-8cec-e3d4797738d9	NR_179540.1	95.738	1220	25	22	12	1214	286	1495	0.0	1940
90bb1a7a-f575-4d33-8cec-e3d4797738d9	NR_028664.1	95.656	1220	27	21	12	1214	289	1499	0.0	1936
90bb1a7a-f575-4d33-8cec-e3d4797738d9	NR_117719.1	95.656	1220	27	21	12	1214	286	1496	0.0	1936
90bb1a7a-f575-4d33-8cec-e3d4797738d9	NR_179383.1	95.574	1220	28	21	12	1214	293	1503	0.0	1930
90bb1a7a-f575-4d33-8cec-e3d4797738d9	NR_199545.1	95.574	1220	27	22	12	1214	286	1495	0.0	1929
cacb84bb-d9cf-4985-8f7f-666bc864dbee	NR_042776.1	97.596	1123	14	11	1	1114	381	1499	0.0	1912
cacb84bb-d9cf-4985-8f7f-666bc864dbee	NR_042777.1	97.507	1123	14	12	1	1114	381	1498	0.0	1906
cacb84bb-d9cf-4985-8f7f-666bc864dbee	NR_042778.1	97.329	1123	17	11	1	1114	381	1499	0.0	1895
cacb84bb-d9cf-4985-8f7f-666bc864dbee	NR_197695.1	97.240	1123	18	11	1	1114	380	1498	0.0	1890
cacb84bb-d9cf-4985-8f7f-666bc864dbee	NR_118998.1	96.705	1123	23	12	1	1114	376	1493	0.0	1857
f2ff9e0d-f05f-4537-aa8f-af43ea64643d	NR_042777.1	92.622	637	33	10	1	630	992	363	0.0	904
f2ff9e0d-f05f-4537-aa8f-af43ea64643d	NR_042771.1	92.163	638	35	11	1	630	986	356	0.0	887
f2ff9e0d-f05f-4537-aa8f-af43ea64643d	NR_115274.1	92.163	638	35	11	1	630	966	336	0.0	887
f2ff9e0d-f05f-4537-aa8f-af43ea64643d	NR_116204.1	92.163	638	35	11	1	630	891	261	0.0	887
f2ff9e0d-f05f-4537-aa8f-af43ea64643d	NR_109720.1	92.006	638	36	11	1	630	962	332	0.0	881
a68732d3-a9ab-4d28-b654-495eae9cedca	NR_025862.1	86.041	788	52	36	1	745	1057	285	0.0	798
a68732d3-a9ab-4d28-b654-495eae9cedca	NR_026454.1	85.335	791	54	40	1	745	1034	260	0.0	761
a68732d3-a9ab-4d28-b654-495eae9cedca	NR_180652.1	85.025	788	60	38	1	745	1047	275	0.0	749
a68732d3-a9ab-4d28-b654-495eae9cedca	NR_025360.1	84.772	788	62	41	1	745	1045	273	0.0	737
a68732d3-a9ab-4d28-b654-495eae9cedca	NR_116890.1	84.772	788	58	42	1	743	1046	276	0.0	734
cbfab351-ba24-4986-8304-1f35932c2228	NR_042776.1	92.217	591	33	13	1	585	786	203	0.0	824
cbfab351-ba24-4986-8304-1f35932c2228	NR_197695.1	91.946	596	32	13	1	589	785	199	0.0	821
cbfab351-ba24-4986-8304-1f35932c2228	NR_042777.1	92.047	591	33	14	1	585	785	203	0.0	819
cbfab351-ba24-4986-8304-1f35932c2228	NR_042778.1	91.892	592	33	12	1	585	786	203	0.0	813
cbfab351-ba24-4986-8304-1f35932c2228	NR_118998.1	91.385	592	36	12	1	585	781	198	0.0	797
2f4b6838-aab0-4055-b58c-efdf658fcffd	NR_117694.1	92.390	1025	39	33	1	1007	461	1464	0.0	1424
2f4b6838-aab0-4055-b58c-efdf658fcffd	NR_117692.1	92.293	1025	40	33	1	1007	461	1464	0.0	1419
2f4b6838-aab0-4055-b58c-efdf658fcffd	NR_025902.1	92.098	1025	42	33	1	1007	439	1442	0.0	1408
2f4b6838-aab0-4055-b58c-efdf658fcffd	NR_121687.1	92.000	1025	43	33	1	1007	481	1484	0.0	1402
2f4b6838-aab0-4055-b58c-efdf658fcffd	NR_116766.1	91.902	1025	42	35	1	1006	461	1463	0.0	1395
3d1051ba-e759-459f-b0f4-d6f615d8b168	NR_115355.1	93.654	1040	22	32	1	1009	456	1482	0.0	1515
3d1051ba-e759-459f-b0f4-d6f615d8b168	NR_179325.1	93.654	1040	22	32	1	1009	430	1456	0.0	1515
3d1051ba-e759-459f-b0f4-d6f615d8b168	NR_119169.1	93.365	1040	25	31	1	1009	461	1487	0.0	1502
3d1051ba-e759-459f-b0f4-d6f615d8b168	NR_074980.1	92.988	1041	27	32	1	1009	483	1509	0.0	1476
3d1051ba-e759-459f-b0f4-d6f615d8b168	NR_113031.1	92.988	1041	27	32	1	1009	483	1509	0.0	1476
745d987d-2b98-4857-a851-1fc631ef7a57	NR_025862.1	93.344	631	26	15	12	631	637	12	0.0	926
745d987d-2b98-4857-a851-1fc631ef7a57	NR_028682.1	90.379	634	38	21	12	630	638	13	0.0	811
745d987d-2b98-4857-a851-1fc631ef7a57	NR_026454.1	90.614	554	35	16	12	553	614	66	0.0	719
745d987d-2b98-4857-a851-1fc631ef7a57	NR_024906.1	88.587	552	48	14	12	553	627	81	0.0	656
745d987d-2b98-4857-a851-1fc631ef7a57	NR_119263.1	85.670	642	61	26	12	629	635	1	0.0	647
7a89f24b-aee2-4213-a21c-565b21d7ff0f	NR_028682.1	94.989	459	12	9	3	456	1045	1497	0.0	710
7a89f24b-aee2-4213-a21c-565b21d7ff0f	NR_025435.1	93.246	459	22	7	1	456	1040	1492	0.0	667
7a89f24b-aee2-4213-a21c-565b21d7ff0f	NR_025396.1	93.013	458	24	5	1	456	1014	1465	0.0	662
7a89f24b-aee2-4213-a21c-565b21d7ff0f	NR_036793.2	92.810	459	24	7	1	456	1051	1503	0.0	656
7a89f24b-aee2-4213-a21c-565b21d7ff0f	NR_113798.1	92.810	459	24	6	1	456	1028	1480	0.0	656
572c9e2f-10c4-4531-a2be-0220b389428e	NR_115355.1	88.963	1504	72	71	10	1462	25	1485	0.0	1775
572c9e2f-10c4-4531-a2be-0220b389428e	NR_179325.1	89.015	1502	70	72	13	1462	1	1459	0.0	1772
572c9e2f-10c4-4531-a2be-0220b389428e	NR_119169.1	88.763	1504	75	71	10	1462	30	1490	0.0	1762
572c9e2f-10c4-4531-a2be-0220b389428e	NR_163639.1	88.771	1505	69	77	10	1462	44	1500	0.0	1751
572c9e2f-10c4-4531-a2be-0220b389428e	NR_074980.1	88.431	1504	80	70	10	1462	52	1512	0.0	1727
afef4a22-2c43-46be-af30-13a208361a95	NR_024842.1	87.951	1137	67	51	1	1088	1123	8	0.0	1279
afef4a22-2c43-46be-af30-13a208361a95	NR_115241.1	88.032	1128	66	51	1	1079	1108	1	0.0	1271
afef4a22-2c43-46be-af30-13a208361a95	NR_115735.1	88.025	1119	65	50	1	1070	1099	1	0.0	1260
afef4a22-2c43-46be-af30-13a208361a95	NR_178515.1	87.865	1129	66	52	1	1079	1108	1	0.0	1260
afef4a22-2c43-46be-af30-13a208361a95	NR_165737.1	87.600	1129	69	52	1	1079	1108	1	0.0	1243
3f188390-184b-44b9-8624-debaab2c6902	NR_165747.1	95.030	986	28	17	12	981	985	5	0.0	1530
3f188390-184b-44b9-8624-debaab2c6902	NR_042928.1	94.929	986	29	17	12	981	985	5	0.0	1524
3f188390-184b-44b9-8624-debaab2c6902	NR_117719.1	94.394	999	34	18	12	994	1005	13	0.0	1515
3f188390-184b-44b9-8624-debaab2c6902	NR_028664.1	94.294	999	35	18	12	994	1008	16	0.0	1509
3f188390-184b-44b9-8624-debaab2c6902	NR_199545.1	94.294	999	35	18	12	994	1005	13	0.0	1509
b171cff2-8b9b-470d-a2c9-e2c7cc66326d	NR_042928.1	93.714	350	11	10	4	346	346	1	1.66e-145	514
b171cff2-8b9b-470d-a2c9-e2c7cc66326d	NR_109720.1	94.083	338	14	6	4	336	342	6	7.72e-144	508
b171cff2-8b9b-470d-a2c9-e2c7cc66326d	NR_199547.1	95.092	326	9	7	4	324	326	3	2.78e-143	507
b171cff2-8b9b-470d-a2c9-e2c7cc66326d	NR_112026.1	94.294	333	9	9	4	330	329	1	1.29e-141	501
b171cff2-8b9b-470d-a2c9-e2c7cc66326d	NR_036936.1	92.550	349	19	7	4	346	348	1	6.01e-140	496
f5e6d911-9a95-4c2d-8298-5b641ec4450e	NR_024842.1	88.149	1097	65	53	1	1063	1073	8	0.0	1249
f5e6d911-9a95-4c2d-8298-5b641ec4450e	NR_115241.1	89.028	1039	59	47	44	1055	1011	1	0.0	1236
f5e6d911-9a95-4c2d-8298-5b641ec4450e	NR_178515.1	88.073	1090	63	55	1	1055	1058	1	0.0	1230
f5e6d911-9a95-4c2d-8298-5b641ec4450e	NR_115735.1	88.148	1080	62	54	1	1045	1049	1	0.0	1225
f5e6d911-9a95-4c2d-8298-5b641ec4450e	NR_165737.1	88.654	1040	61	49	44	1055	1011	1	0.0	1214
a9699b3f-03ba-4494-97e1-57bc9c2cdc2e	NR_044873.1	89.920	1379	80	47	1	1350	1354	6	0.0	1722
a9699b3f-03ba-4494-97e1-57bc9c2cdc2e	NR_074568.1	88.615	1379	97	47	1	1350	1364	17	0.0	1622
a9699b3f-03ba-4494-97e1-57bc9c2cdc2e	NR_044712.2	88.252	1379	102	47	1	1350	1373	26	0.0	1602
a9699b3f-03ba-4494-97e1-57bc9c2cdc2e	NR_025310.1	87.819	1371	105	52	1	1340	1344	5	0.0	1550
a9699b3f-03ba-4494-97e1-57bc9c2cdc2e	NR_179993.1	87.400	1381	111	53	1	1350	1365	17	0.0	1528
12893267-0616-4618-b4a0-f55715f79ee9	NR_044873.1	93.485	1320	39	40	17	1309	166	1465	0.0	1917
12893267-0616-4618-b4a0-f55715f79ee9	NR_074568.1	91.761	1323	63	38	17	1314	177	1478	0.0	1797
12893267-0616-4618-b4a0-f55715f79ee9	NR_044712.2	92.066	1273	61	34	17	1270	186	1437	0.0	1764
12893267-0616-4618-b4a0-f55715f79ee9	NR_025310.1	91.239	1324	67	41	19	1314	158	1460	0.0	1757
12893267-0616-4618-b4a0-f55715f79ee9	NR_109752.1	91.268	1317	67	40	26	1314	195	1491	0.0	1751
49bf7851-5115-4f94-955a-3def1c1af81a	NR_042776.1	97.600	375	4	3	1	375	1130	1499	0.0	638
49bf7851-5115-4f94-955a-3def1c1af81a	NR_042777.1	97.600	375	4	3	1	375	1129	1498	0.0	638
49bf7851-5115-4f94-955a-3def1c1af81a	NR_042778.1	97.067	375	6	3	1	375	1130	1499	2.19e-179	627
49bf7851-5115-4f94-955a-3def1c1af81a	NR_118998.1	97.067	375	6	3	1	375	1124	1493	2.19e-179	627
49bf7851-5115-4f94-955a-3def1c1af81a	NR_197695.1	97.067	375	6	3	1	375	1129	1498	2.19e-179	627
70e05910-3819-4061-8372-121e33bc2452	NR_025862.1	95.367	1295	36	21	1	1282	1294	11	0.0	2049
70e05910-3819-4061-8372-121e33bc2452	NR_028682.1	93.972	1294	53	22	1	1280	1295	13	0.0	1934
70e05910-3819-4061-8372-121e33bc2452	NR_026454.1	92.506	1281	67	26	1	1262	1271	1	0.0	1807
70e05910-3819-4061-8372-121e33bc2452	NR_119263.1	90.575	1305	84	31	1	1279	1292	1	0.0	1692
70e05910-3819-4061-8372-121e33bc2452	NR_113798.1	90.333	1293	91	30	1	1272	1280	1	0.0	1664
bfbd2546-d686-4a93-829a-df9de1ee469c	NR_179325.1	97.182	1384	13	20	1	1367	82	1456	0.0	2316
bfbd2546-d686-4a93-829a-df9de1ee469c	NR_115355.1	97.035	1383	16	19	1	1367	109	1482	0.0	2307
bfbd2546-d686-4a93-829a-df9de1ee469c	NR_119169.1	96.819	1383	19	19	1	1367	114	1487	0.0	2294
bfbd2546-d686-4a93-829a-df9de1ee469c	NR_113570.1	96.681	1386	17	23	1	1367	115	1490	0.0	2278
bfbd2546-d686-4a93-829a-df9de1ee469c	NR_163639.1	96.676	1384	15	25	1	1367	128	1497	0.0	2272
d6078b53-f85d-4f0f-9a6a-0bbb11b2581e	NR_179540.1	93.364	1100	34	28	2	1079	415	1497	0.0	1591
d6078b53-f85d-4f0f-9a6a-0bbb11b2581e	NR_117719.1	93.273	1100	36	27	2	1079	415	1498	0.0	1587
d6078b53-f85d-4f0f-9a6a-0bbb11b2581e	NR_028664.1	93.182	1100	37	27	2	1079	418	1501	0.0	1581
d6078b53-f85d-4f0f-9a6a-0bbb11b2581e	NR_179383.1	93.182	1100	37	27	2	1079	422	1505	0.0	1581
d6078b53-f85d-4f0f-9a6a-0bbb11b2581e	NR_042927.1	93.750	1072	34	25	2	1051	397	1457	0.0	1578
8bb0ec42-4cf7-4272-adda-36c0cc578c7d	NR_025862.1	92.651	1007	43	25	5	995	1220	229	0.0	1426
8bb0ec42-4cf7-4272-adda-36c0cc578c7d	NR_026454.1	92.277	1010	44	28	5	995	1197	203	0.0	1402
8bb0ec42-4cf7-4272-adda-36c0cc578c7d	NR_028682.1	91.477	1009	52	28	5	995	1221	229	0.0	1356
8bb0ec42-4cf7-4272-adda-36c0cc578c7d	NR_042406.1	91.443	1005	54	27	8	995	1208	219	0.0	1351
8bb0ec42-4cf7-4272-adda-36c0cc578c7d	NR_180652.1	91.443	1005	54	26	8	995	1207	218	0.0	1351
29b232f9-89eb-4321-81f4-44622e7adf40	NR_044873.1	94.709	1134	34	21	4	1128	1117	1	0.0	1738
29b232f9-89eb-4321-81f4-44622e7adf40	NR_074568.1	93.046	1136	50	24	4	1129	1127	11	0.0	1633
29b232f9-89eb-4321-81f4-44622e7adf40	NR_044712.2	92.694	1136	54	24	4	1129	1136	20	0.0	1618
29b232f9-89eb-4321-81f4-44622e7adf40	NR_109752.1	92.423	1135	58	23	4	1128	1138	22	0.0	1594
29b232f9-89eb-4321-81f4-44622e7adf40	NR_025310.1	92.192	1127	57	26	4	1119	1107	1	0.0	1565
7728fbb3-d352-4b62-99da-f95aa8520c26	NR_074980.1	93.288	1460	50	36	1	1426	1457	12	0.0	2109
7728fbb3-d352-4b62-99da-f95aa8520c26	NR_113031.1	93.288	1460	50	36	1	1426	1457	12	0.0	2109
7728fbb3-d352-4b62-99da-f95aa8520c26	NR_115355.1	93.555	1443	46	37	1	1409	1430	1	0.0	2109
7728fbb3-d352-4b62-99da-f95aa8520c26	NR_163639.1	93.283	1459	46	41	1	1425	1445	5	0.0	2104
7728fbb3-d352-4b62-99da-f95aa8520c26	NR_119169.1	93.301	1448	50	36	1	1414	1435	1	0.0	2100
b783880b-ca03-485e-b95a-549eccee0f32	NR_042928.1	93.301	1030	32	30	1	1005	1018	1	0.0	1485
b783880b-ca03-485e-b95a-549eccee0f32	NR_199547.1	94.058	993	29	26	1	970	998	13	0.0	1480
b783880b-ca03-485e-b95a-549eccee0f32	NR_112026.1	93.400	1000	29	30	1	975	1000	13	0.0	1448
b783880b-ca03-485e-b95a-549eccee0f32	NR_028664.1	92.389	1038	42	30	1	1013	1041	16	0.0	1445
b783880b-ca03-485e-b95a-549eccee0f32	NR_117719.1	92.389	1038	42	30	1	1013	1038	13	0.0	1445
581576e9-ca23-4c3f-a006-8e7e83cc34ee	NR_117694.1	94.362	1419	35	28	1	1385	1408	1	0.0	2135
581576e9-ca23-4c3f-a006-8e7e83cc34ee	NR_041989.1	95.685	1344	25	24	27	1347	1334	1	0.0	2130
581576e9-ca23-4c3f-a006-8e7e83cc34ee	NR_121687.1	93.623	1427	46	28	1	1393	1428	13	0.0	2089
581576e9-ca23-4c3f-a006-8e7e83cc34ee	NR_025892.1	93.132	1427	52	29	1	1393	1433	19	0.0	2076
581576e9-ca23-4c3f-a006-8e7e83cc34ee	NR_117717.1	93.408	1426	50	27	1	1393	1428	14	0.0	2073
21705e80-bc6e-4763-b811-83a83bdc835f	NR_042777.1	94.966	437	11	9	1	427	453	18	0.0	675
21705e80-bc6e-4763-b811-83a83bdc835f	NR_042776.1	94.508	437	13	9	1	427	453	18	0.0	664
21705e80-bc6e-4763-b811-83a83bdc835f	NR_042778.1	94.279	437	14	9	1	427	453	18	0.0	658
21705e80-bc6e-4763-b811-83a83bdc835f	NR_197695.1	93.822	437	16	9	1	427	452	17	0.0	647
21705e80-bc6e-4763-b811-83a83bdc835f	NR_118998.1	93.364	437	18	9	1	427	448	13	0.0	638
52f1fce8-92bf-4480-ba1c-0af1b244882a	NR_042776.1	96.970	462	5	9	1	458	1043	1499	0.0	767
52f1fce8-92bf-4480-ba1c-0af1b244882a	NR_042777.1	96.970	462	5	9	1	458	1042	1498	0.0	767
52f1fce8-92bf-4480-ba1c-0af1b244882a	NR_197695.1	96.753	462	6	9	1	458	1042	1498	0.0	761
52f1fce8-92bf-4480-ba1c-0af1b244882a	NR_042778.1	96.537	462	7	9	1	458	1043	1499	0.0	756
52f1fce8-92bf-4480-ba1c-0af1b244882a	NR_118998.1	96.537	462	7	9	1	458	1037	1493	0.0	756
0f3bc8a7-62ef-4187-b0f4-10bdd90e457b	NR_044873.1	89.675	523	30	19	1	510	1369	858	0.0	645
0f3bc8a7-62ef-4187-b0f4-10bdd90e457b	NR_074568.1	88.910	523	34	19	1	510	1379	868	3.93e-178	623
0f3bc8a7-62ef-4187-b0f4-10bdd90e457b	NR_041773.1	85.468	523	52	19	1	510	1396	885	4.10e-148	523
0f3bc8a7-62ef-4187-b0f4-10bdd90e457b	NR_074198.1	85.468	523	52	19	1	510	1396	885	4.10e-148	523
0f3bc8a7-62ef-4187-b0f4-10bdd90e457b	NR_041737.1	82.857	525	61	24	1	510	1367	857	3.29e-124	444
bd2a7962-7121-48ca-9e88-8c3279a0f31e	NR_042776.1	96.313	651	8	12	1	643	860	1502	0.0	1055
bd2a7962-7121-48ca-9e88-8c3279a0f31e	NR_042777.1	96.313	651	8	12	1	643	859	1501	0.0	1055
bd2a7962-7121-48ca-9e88-8c3279a0f31e	NR_042778.1	96.006	651	10	12	1	643	860	1502	0.0	1044
bd2a7962-7121-48ca-9e88-8c3279a0f31e	NR_197695.1	95.853	651	11	12	1	643	859	1501	0.0	1038
bd2a7962-7121-48ca-9e88-8c3279a0f31e	NR_042052.1	95.545	651	13	13	1	643	758	1400	0.0	1027
e906bada-7ae9-477c-b7b4-bc1c32307d30	NR_115355.1	97.886	946	10	9	1	940	1255	314	0.0	1628
e906bada-7ae9-477c-b7b4-bc1c32307d30	NR_179325.1	97.886	946	10	9	1	940	1229	288	0.0	1628
e906bada-7ae9-477c-b7b4-bc1c32307d30	NR_041879.1	97.782	947	10	10	1	940	1213	271	0.0	1622
e906bada-7ae9-477c-b7b4-bc1c32307d30	NR_119169.1	97.569	946	13	9	1	940	1260	319	0.0	1616
e906bada-7ae9-477c-b7b4-bc1c32307d30	NR_113570.1	97.759	937	11	9	10	940	1253	321	0.0	1605
450d66dd-a704-4ed5-9178-e3f9d882ef1c	NR_028664.1	94.613	297	10	6	8	300	311	17	8.60e-128	455
450d66dd-a704-4ed5-9178-e3f9d882ef1c	NR_028665.1	94.276	297	11	6	8	300	305	11	4.00e-126	449
450d66dd-a704-4ed5-9178-e3f9d882ef1c	NR_179383.1	94.276	297	11	6	8	300	315	21	4.00e-126	449
450d66dd-a704-4ed5-9178-e3f9d882ef1c	NR_179385.1	94.276	297	11	6	8	300	312	18	4.00e-126	449
450d66dd-a704-4ed5-9178-e3f9d882ef1c	NR_114172.1	94.828	290	10	5	8	294	288	1	1.44e-125	448
4342bc07-f9a9-43b4-b955-b3bb114ba42c	NR_024842.1	91.571	783	37	23	1	764	780	8	0.0	1055
4342bc07-f9a9-43b4-b955-b3bb114ba42c	NR_115241.1	91.839	772	36	21	1	753	765	2	0.0	1051
4342bc07-f9a9-43b4-b955-b3bb114ba42c	NR_178515.1	91.839	772	36	22	1	753	765	2	0.0	1051
4342bc07-f9a9-43b4-b955-b3bb114ba42c	NR_165737.1	91.451	772	39	22	1	753	765	2	0.0	1035
4342bc07-f9a9-43b4-b955-b3bb114ba42c	NR_115735.1	91.623	764	36	22	1	744	756	1	0.0	1031
4570ba93-fad0-456b-a873-236e3af0e729	NR_024842.1	97.325	785	10	11	1	779	713	1492	0.0	1323
4570ba93-fad0-456b-a873-236e3af0e729	NR_115735.1	97.311	781	10	11	1	775	689	1464	0.0	1315
4570ba93-fad0-456b-a873-236e3af0e729	NR_036936.1	97.304	779	9	12	1	772	698	1471	0.0	1312
4570ba93-fad0-456b-a873-236e3af0e729	NR_156072.1	97.070	785	12	11	1	779	718	1497	0.0	1312
4570ba93-fad0-456b-a873-236e3af0e729	NR_152678.1	96.819	786	13	12	1	779	718	1498	0.0	1303
1b9c0be7-b353-4b25-9e4c-2019f6d008bc	NR_041989.1	90.053	754	44	27	1	734	745	3	0.0	948
1b9c0be7-b353-4b25-9e4c-2019f6d008bc	NR_117694.1	88.665	794	53	31	1	768	787	5	0.0	933
1b9c0be7-b353-4b25-9e4c-2019f6d008bc	NR_117717.1	87.894	793	61	29	1	768	808	26	0.0	900
1b9c0be7-b353-4b25-9e4c-2019f6d008bc	NR_117696.1	88.205	780	59	28	1	758	774	6	0.0	900
1b9c0be7-b353-4b25-9e4c-2019f6d008bc	NR_117701.1	87.894	793	61	29	1	768	787	5	0.0	900
8e9b2724-ed01-4d1f-b379-75eaf29b7201	NR_044873.1	95.338	1287	40	18	8	1279	177	1458	0.0	2026
8e9b2724-ed01-4d1f-b379-75eaf29b7201	NR_074568.1	93.401	1288	60	22	8	1279	188	1466	0.0	1884
8e9b2724-ed01-4d1f-b379-75eaf29b7201	NR_109752.1	93.178	1290	62	23	8	1279	198	1479	0.0	1871
8e9b2724-ed01-4d1f-b379-75eaf29b7201	NR_178360.1	93.297	1283	60	23	8	1272	154	1428	0.0	1869
8e9b2724-ed01-4d1f-b379-75eaf29b7201	NR_044712.2	93.203	1280	62	22	8	1271	197	1467	0.0	1868
c7f07219-878e-44b1-a75a-7218e743b9a5	NR_024842.1	93.542	480	20	10	1	472	1397	921	0.0	704
c7f07219-878e-44b1-a75a-7218e743b9a5	NR_115735.1	93.542	480	20	10	1	472	1373	897	0.0	704
c7f07219-878e-44b1-a75a-7218e743b9a5	NR_116211.1	93.542	480	20	10	1	472	1305	829	0.0	704
c7f07219-878e-44b1-a75a-7218e743b9a5	NR_178515.1	93.542	480	20	10	1	472	1382	906	0.0	704
c7f07219-878e-44b1-a75a-7218e743b9a5	NR_180875.1	93.542	480	20	10	1	472	1361	885	0.0	704
eac09ad8-2de1-4ce1-ab97-26954ccc4ce3	NR_025862.1	90.714	280	14	12	1	278	280	11	3.79e-101	366
eac09ad8-2de1-4ce1-ab97-26954ccc4ce3	NR_028682.1	89.892	277	19	9	1	276	281	13	1.37e-95	348
eac09ad8-2de1-4ce1-ab97-26954ccc4ce3	NR_025863.1	81.786	280	38	13	4	278	282	11	6.70e-59	226
eac09ad8-2de1-4ce1-ab97-26954ccc4ce3	NR_024905.1	80.000	275	36	15	4	268	266	1	1.14e-46	185
eac09ad8-2de1-4ce1-ab97-26954ccc4ce3	NR_042695.1	79.848	263	35	14	20	276	251	1	6.85e-44	176
f5b820da-676d-4aa8-9476-9284c2649a88	NR_117694.1	88.448	1160	69	46	1	1108	1147	1	0.0	1339
f5b820da-676d-4aa8-9476-9284c2649a88	NR_041989.1	88.949	1113	66	42	1	1064	1105	1	0.0	1321
f5b820da-676d-4aa8-9476-9284c2649a88	NR_121687.1	87.811	1165	75	52	1	1112	1167	17	0.0	1303
f5b820da-676d-4aa8-9476-9284c2649a88	NR_025892.1	87.252	1161	88	45	1	1112	1172	23	0.0	1291
f5b820da-676d-4aa8-9476-9284c2649a88	NR_117692.1	87.651	1158	82	44	1	1108	1147	1	0.0	1290
29966ed3-9629-4bde-b123-f84f01052728	NR_024842.1	97.000	500	9	6	1	497	995	1491	0.0	835
29966ed3-9629-4bde-b123-f84f01052728	NR_028664.1	97.006	501	8	7	1	497	1001	1498	0.0	835
29966ed3-9629-4bde-b123-f84f01052728	NR_115735.1	96.982	497	9	6	1	494	971	1464	0.0	830
29966ed3-9629-4bde-b123-f84f01052728	NR_117719.1	96.806	501	9	7	1	497	998	1495	0.0	830
29966ed3-9629-4bde-b123-f84f01052728	NR_156072.1	96.800	500	10	6	1	497	1000	1496	0.0	830
e3b83592-5dc7-420a-b517-69321a89643e	NR_024842.1	95.029	684	21	10	1	676	686	8	0.0	1066
e3b83592-5dc7-420a-b517-69321a89643e	NR_115241.1	95.266	676	19	10	1	668	671	1	0.0	1059
e3b83592-5dc7-420a-b517-69321a89643e	NR_115735.1	95.052	667	19	11	1	658	662	1	0.0	1037
e3b83592-5dc7-420a-b517-69321a89643e	NR_178515.1	94.239	677	24	12	1	668	671	1	0.0	1020
e3b83592-5dc7-420a-b517-69321a89643e	NR_165737.1	94.092	677	25	12	1	668	671	1	0.0	1014
38efce68-f525-4ceb-a33c-5973434d478e	NR_024842.1	96.150	1039	23	17	1	1032	1036	8	0.0	1685
38efce68-f525-4ceb-a33c-5973434d478e	NR_115241.1	96.120	1031	23	17	1	1024	1021	1	0.0	1670
38efce68-f525-4ceb-a33c-5973434d478e	NR_115735.1	96.184	1022	21	18	1	1014	1012	1	0.0	1655
38efce68-f525-4ceb-a33c-5973434d478e	NR_178515.1	95.736	1032	25	19	1	1024	1021	1	0.0	1644
38efce68-f525-4ceb-a33c-5973434d478e	NR_165737.1	95.543	1032	27	19	1	1024	1021	1	0.0	1633
61d783e7-7062-4849-bc77-79ad7209034b	NR_028666.1	94.966	298	8	5	1	295	1211	1504	1.80e-129	460
61d783e7-7062-4849-bc77-79ad7209034b	NR_028833.1	94.966	298	8	5	1	295	1214	1507	1.80e-129	460
61d783e7-7062-4849-bc77-79ad7209034b	NR_029052.1	94.966	298	8	5	1	295	1175	1468	1.80e-129	460
61d783e7-7062-4849-bc77-79ad7209034b	NR_036918.1	94.966	298	8	5	1	295	1204	1497	1.80e-129	460
61d783e7-7062-4849-bc77-79ad7209034b	NR_042771.1	94.966	298	8	5	1	295	1205	1498	1.80e-129	460
43c1acc7-507f-47a1-9f6e-f3daf038734d	NR_025862.1	88.036	443	29	22	1	425	445	9	9.39e-144	508
43c1acc7-507f-47a1-9f6e-f3daf038734d	NR_028682.1	85.360	444	40	23	1	425	446	9	4.49e-122	436
43c1acc7-507f-47a1-9f6e-f3daf038734d	NR_026454.1	89.375	320	22	12	1	313	420	106	9.86e-109	392
43c1acc7-507f-47a1-9f6e-f3daf038734d	NR_180911.1	81.532	444	51	28	1	421	436	1	4.69e-92	337
43c1acc7-507f-47a1-9f6e-f3daf038734d	NR_025863.1	81.027	448	56	28	1	425	450	9	6.06e-91	333
053cb4d2-b853-4419-9b8a-ce250155ba47	NR_115735.1	95.820	1220	22	21	54	1259	260	1464	0.0	1943
053cb4d2-b853-4419-9b8a-ce250155ba47	NR_024842.1	95.741	1221	23	21	54	1260	284	1489	0.0	1941
053cb4d2-b853-4419-9b8a-ce250155ba47	NR_165737.1	95.731	1218	22	22	54	1256	269	1471	0.0	1934
053cb4d2-b853-4419-9b8a-ce250155ba47	NR_115241.1	95.563	1217	25	21	54	1256	269	1470	0.0	1927
053cb4d2-b853-4419-9b8a-ce250155ba47	NR_036936.1	95.484	1218	25	22	54	1256	269	1471	0.0	1917
228f3278-4c18-4dd3-a133-054af442c088	NR_116168.1	96.267	1393	24	22	1	1375	1397	15	0.0	2259
228f3278-4c18-4dd3-a133-054af442c088	NR_042878.1	96.275	1369	27	18	14	1366	1362	2	0.0	2235
228f3278-4c18-4dd3-a133-054af442c088	NR_118762.1	94.472	1393	48	23	1	1375	1399	18	0.0	2161
228f3278-4c18-4dd3-a133-054af442c088	NR_118143.1	94.165	1371	54	20	14	1366	1364	2	0.0	2067
228f3278-4c18-4dd3-a133-054af442c088	NR_025423.1	93.103	1392	64	26	1	1371	1381	1	0.0	2010
72a939aa-7547-4d33-86c4-4bfd4658948f	NR_133753.1	88.935	958	40	50	1	911	338	1276	0.0	1122
72a939aa-7547-4d33-86c4-4bfd4658948f	NR_025903.1	88.935	958	40	50	1	911	384	1322	0.0	1122
72a939aa-7547-4d33-86c4-4bfd4658948f	NR_133752.1	88.727	958	42	51	1	911	309	1247	0.0	1110
72a939aa-7547-4d33-86c4-4bfd4658948f	NR_025904.1	88.008	959	47	53	1	911	383	1321	0.0	1072
72a939aa-7547-4d33-86c4-4bfd4658948f	NR_026419.1	87.891	958	50	51	1	911	372	1310	0.0	1066
b7400ef6-3716-4f4a-a845-99caa8eb11fe	NR_042776.1	94.912	1415	38	28	1	1389	1424	18	0.0	2183
b7400ef6-3716-4f4a-a845-99caa8eb11fe	NR_042778.1	94.700	1415	41	28	1	1389	1424	18	0.0	2167
b7400ef6-3716-4f4a-a845-99caa8eb11fe	NR_042777.1	94.700	1415	40	29	1	1389	1423	18	0.0	2165
b7400ef6-3716-4f4a-a845-99caa8eb11fe	NR_197695.1	94.629	1415	42	28	1	1389	1423	17	0.0	2161
b7400ef6-3716-4f4a-a845-99caa8eb11fe	NR_118998.1	93.993	1415	50	28	1	1389	1418	13	0.0	2111
334e3b29-0e0b-4104-b281-89cb3e877945	NR_115355.1	90.515	854	38	34	1	826	646	1484	0.0	1088
334e3b29-0e0b-4104-b281-89cb3e877945	NR_119169.1	90.398	854	39	34	1	826	651	1489	0.0	1085
334e3b29-0e0b-4104-b281-89cb3e877945	NR_043332.1	90.281	854	40	34	1	826	646	1484	0.0	1081
334e3b29-0e0b-4104-b281-89cb3e877945	NR_113570.1	90.281	854	41	33	1	826	653	1492	0.0	1079
334e3b29-0e0b-4104-b281-89cb3e877945	NR_074980.1	90.281	854	40	34	1	826	673	1511	0.0	1077
b8a99564-67ed-45e7-830e-dd830f627b1e	NR_026419.1	95.813	1242	25	16	1	1224	1233	1	0.0	1980
b8a99564-67ed-45e7-830e-dd830f627b1e	NR_025903.1	94.560	1250	40	17	1	1232	1245	6	0.0	1906
b8a99564-67ed-45e7-830e-dd830f627b1e	NR_133753.1	95.029	1207	34	15	1	1189	1199	1	0.0	1873
b8a99564-67ed-45e7-830e-dd830f627b1e	NR_025904.1	94.010	1252	43	20	1	1232	1244	5	0.0	1868
b8a99564-67ed-45e7-830e-dd830f627b1e	NR_133752.1	95.076	1178	34	13	1	1162	1170	1	0.0	1832
47586034-78f2-4f20-a820-213401c88c03	NR_136788.1	91.736	484	21	17	1	472	489	13	0.0	654
47586034-78f2-4f20-a820-213401c88c03	NR_113082.1	90.135	446	26	16	38	472	451	13	2.22e-160	564
47586034-78f2-4f20-a820-213401c88c03	NR_026230.1	87.361	451	37	18	24	462	443	1	6.29e-146	516
47586034-78f2-4f20-a820-213401c88c03	NR_074234.1	87.528	449	34	22	37	472	459	20	6.34e-141	499
47586034-78f2-4f20-a820-213401c88c03	NR_113086.1	87.528	449	34	22	37	472	452	13	6.34e-141	499
be38ca93-9c77-4b8d-9ffb-6f2769cd985d	NR_041989.1	92.804	403	11	14	19	410	337	732	1.47e-161	568
be38ca93-9c77-4b8d-9ffb-6f2769cd985d	NR_104947.1	92.060	403	14	14	19	410	352	747	1.48e-156	551
be38ca93-9c77-4b8d-9ffb-6f2769cd985d	NR_117717.1	92.060	403	14	14	19	410	400	795	1.48e-156	551
be38ca93-9c77-4b8d-9ffb-6f2769cd985d	NR_117696.1	92.060	403	14	14	19	410	366	761	1.48e-156	551
be38ca93-9c77-4b8d-9ffb-6f2769cd985d	NR_117701.1	92.060	403	14	14	19	410	379	774	1.48e-156	551
6ad5b82f-e171-4e00-9ea0-c8465df0f8af	NR_024842.1	96.444	450	10	6	1	449	1048	1492	0.0	737
6ad5b82f-e171-4e00-9ea0-c8465df0f8af	NR_178262.1	96.452	451	9	7	1	449	927	1372	0.0	737
6ad5b82f-e171-4e00-9ea0-c8465df0f8af	NR_179215.1	96.452	451	9	7	1	449	1049	1494	0.0	737
6ad5b82f-e171-4e00-9ea0-c8465df0f8af	NR_036918.1	96.231	451	10	7	1	449	1050	1495	0.0	732
6ad5b82f-e171-4e00-9ea0-c8465df0f8af	NR_042776.1	96.231	451	9	8	1	449	1058	1502	0.0	732
7628cdf5-e9f2-4917-b37d-713986833bb4	NR_028664.1	97.416	658	11	5	1	655	845	1499	0.0	1116
7628cdf5-e9f2-4917-b37d-713986833bb4	NR_117719.1	97.416	658	11	5	1	655	842	1496	0.0	1116
7628cdf5-e9f2-4917-b37d-713986833bb4	NR_179383.1	97.264	658	12	5	1	655	849	1503	0.0	1110
7628cdf5-e9f2-4917-b37d-713986833bb4	NR_028665.1	97.260	657	13	4	1	655	839	1492	0.0	1109
7628cdf5-e9f2-4917-b37d-713986833bb4	NR_175455.1	97.117	659	12	6	1	655	830	1485	0.0	1105
b6ec6233-1f81-4d35-a4ed-826ea51a2097	NR_026419.1	94.704	1435	32	31	1	1399	1427	1	0.0	2189
b6ec6233-1f81-4d35-a4ed-826ea51a2097	NR_025903.1	93.347	1443	51	32	1	1407	1439	6	0.0	2091
b6ec6233-1f81-4d35-a4ed-826ea51a2097	NR_133753.1	93.652	1402	46	31	1	1368	1393	1	0.0	2056
b6ec6233-1f81-4d35-a4ed-826ea51a2097	NR_025904.1	92.803	1445	55	35	1	1407	1438	5	0.0	2047
b6ec6233-1f81-4d35-a4ed-826ea51a2097	NR_133752.1	93.440	1372	48	30	1	1338	1364	1	0.0	1997
1ef957d7-93f7-4703-afdc-52c2f7a5e152	NR_043589.1	94.194	1240	38	30	1	1213	1233	1	0.0	1860
1ef957d7-93f7-4703-afdc-52c2f7a5e152	NR_042847.1	93.888	1129	40	24	1	1106	1208	86	0.0	1676
1ef957d7-93f7-4703-afdc-52c2f7a5e152	NR_042847.1	90.244	41	2	2	1175	1213	41	1	5.68e-06	52.8
1ef957d7-93f7-4703-afdc-52c2f7a5e152	NR_117641.1	91.399	1244	67	35	1	1213	1235	1	0.0	1668
1ef957d7-93f7-4703-afdc-52c2f7a5e152	NR_180817.1	93.623	1129	43	24	1	1106	1230	108	0.0	1659
1ef957d7-93f7-4703-afdc-52c2f7a5e152	NR_180817.1	91.837	49	2	2	1175	1221	63	15	2.03e-10	67.6
1ef957d7-93f7-4703-afdc-52c2f7a5e152	NR_118652.1	93.440	1128	45	25	1	1106	1232	112	0.0	1657
1ef957d7-93f7-4703-afdc-52c2f7a5e152	NR_118652.1	89.796	49	3	2	1175	1221	67	19	9.43e-09	62.1
43a27790-c21e-46e2-91ea-a9d59e0b7760	NR_042776.1	89.844	1221	47	59	1	1172	1209	17	0.0	1496
43a27790-c21e-46e2-91ea-a9d59e0b7760	NR_042778.1	89.681	1221	49	59	1	1172	1209	17	0.0	1485
43a27790-c21e-46e2-91ea-a9d59e0b7760	NR_042777.1	89.599	1221	49	59	1	1172	1208	17	0.0	1480
43a27790-c21e-46e2-91ea-a9d59e0b7760	NR_197695.1	89.517	1221	51	59	1	1172	1208	16	0.0	1474
43a27790-c21e-46e2-91ea-a9d59e0b7760	NR_118998.1	88.943	1221	57	59	1	1172	1203	12	0.0	1437
c05efe4f-efbc-44ec-affc-3ad85fc2e171	NR_178515.1	94.554	1120	36	22	4	1107	1387	277	0.0	1707
c05efe4f-efbc-44ec-affc-3ad85fc2e171	NR_115241.1	94.375	1120	38	22	4	1107	1387	277	0.0	1698
c05efe4f-efbc-44ec-affc-3ad85fc2e171	NR_036936.1	94.375	1120	38	22	4	1107	1387	277	0.0	1696
c05efe4f-efbc-44ec-affc-3ad85fc2e171	NR_115735.1	94.375	1120	38	22	4	1107	1378	268	0.0	1696
c05efe4f-efbc-44ec-affc-3ad85fc2e171	NR_116211.1	94.375	1120	38	22	4	1107	1310	200	0.0	1696
a784ec3e-5dfb-4ee6-8483-55a8dec3884a	NR_042776.1	93.694	222	11	2	2	220	90	311	3.86e-90	329
a784ec3e-5dfb-4ee6-8483-55a8dec3884a	NR_042778.1	93.243	222	12	2	2	220	90	311	1.79e-88	324
a784ec3e-5dfb-4ee6-8483-55a8dec3884a	NR_042777.1	92.793	222	13	2	2	220	90	311	8.35e-87	318
a784ec3e-5dfb-4ee6-8483-55a8dec3884a	NR_118998.1	92.342	222	14	2	2	220	85	306	1.08e-85	315
a784ec3e-5dfb-4ee6-8483-55a8dec3884a	NR_197695.1	91.441	222	16	2	2	220	89	310	8.41e-82	302
8f5dd2b2-3fd9-4516-a032-d81f99f87c79	NR_044873.1	94.434	1024	30	21	1	1008	455	1467	0.0	1550
8f5dd2b2-3fd9-4516-a032-d81f99f87c79	NR_074568.1	93.164	1024	42	21	1	1009	466	1476	0.0	1478
8f5dd2b2-3fd9-4516-a032-d81f99f87c79	NR_044712.2	93.813	986	38	18	1	973	475	1450	0.0	1463
8f5dd2b2-3fd9-4516-a032-d81f99f87c79	NR_109752.1	92.585	1025	48	22	1	1009	477	1489	0.0	1447
8f5dd2b2-3fd9-4516-a032-d81f99f87c79	NR_043968.1	92.488	1025	47	23	1	1009	424	1434	0.0	1439
433216b0-a974-4893-8a40-9c07512d6209	NR_117694.1	95.252	674	16	10	1	667	665	1	0.0	1053
433216b0-a974-4893-8a40-9c07512d6209	NR_117717.1	94.265	680	27	6	1	675	686	14	0.0	1029
433216b0-a974-4893-8a40-9c07512d6209	NR_041989.1	96.349	630	11	6	1	625	623	1	0.0	1026
433216b0-a974-4893-8a40-9c07512d6209	NR_121688.1	94.118	680	28	6	1	675	685	13	0.0	1024
433216b0-a974-4893-8a40-9c07512d6209	NR_117701.1	94.345	672	26	6	1	667	665	1	0.0	1020
95c2a2ba-196b-4bbe-9c70-e6e461078315	NR_074980.1	94.086	558	20	11	8	558	565	14	0.0	835
95c2a2ba-196b-4bbe-9c70-e6e461078315	NR_113031.1	94.086	558	20	11	8	558	565	14	0.0	835
95c2a2ba-196b-4bbe-9c70-e6e461078315	NR_119168.1	94.353	549	19	10	8	550	543	1	0.0	832
95c2a2ba-196b-4bbe-9c70-e6e461078315	NR_119169.1	94.171	549	20	10	8	550	543	1	0.0	830
95c2a2ba-196b-4bbe-9c70-e6e461078315	NR_163639.1	93.907	558	18	14	8	558	554	6	0.0	828
aecaa277-6cb9-49c9-ad75-a3534f8bbbc7	NR_041989.1	93.634	487	18	13	2	480	739	258	0.0	715
aecaa277-6cb9-49c9-ad75-a3534f8bbbc7	NR_104947.1	92.813	487	22	13	2	480	754	273	0.0	693
aecaa277-6cb9-49c9-ad75-a3534f8bbbc7	NR_117717.1	92.813	487	22	13	2	480	802	321	0.0	693
aecaa277-6cb9-49c9-ad75-a3534f8bbbc7	NR_117696.1	92.813	487	22	13	2	480	768	287	0.0	693
aecaa277-6cb9-49c9-ad75-a3534f8bbbc7	NR_117701.1	92.813	487	22	13	2	480	781	300	0.0	693
c41b0765-6917-467f-baff-34764349682b	NR_025863.1	94.494	1344	47	16	15	1331	68	1411	0.0	2058
c41b0765-6917-467f-baff-34764349682b	NR_025445.1	88.432	1409	114	37	49	1417	89	1488	0.0	1653
c41b0765-6917-467f-baff-34764349682b	NR_119263.1	88.151	1401	125	29	53	1417	100	1495	0.0	1629
c41b0765-6917-467f-baff-34764349682b	NR_025625.1	87.812	1403	124	34	53	1417	90	1483	0.0	1602
c41b0765-6917-467f-baff-34764349682b	NR_041706.1	87.723	1401	129	32	53	1417	91	1484	0.0	1594
e25126f7-3e92-4535-ba3d-045362a35e31	NR_117694.1	89.093	871	40	39	1	827	860	1	0.0	1031
e25126f7-3e92-4535-ba3d-045362a35e31	NR_041989.1	89.372	828	35	37	1	785	818	1	0.0	992
e25126f7-3e92-4535-ba3d-045362a35e31	NR_117692.1	88.276	870	49	36	1	827	860	1	0.0	992
e25126f7-3e92-4535-ba3d-045362a35e31	NR_117701.1	87.816	870	53	38	1	827	860	1	0.0	970
e25126f7-3e92-4535-ba3d-045362a35e31	NR_104830.1	87.486	879	54	41	1	834	875	8	0.0	963
3b5938d9-fb90-4156-bf28-34ed11254181	NR_042928.1	88.974	390	26	15	3	384	381	1	6.83e-131	466
3b5938d9-fb90-4156-bf28-34ed11254181	NR_109720.1	88.512	383	29	11	3	378	377	3	6.88e-126	449
3b5938d9-fb90-4156-bf28-34ed11254181	NR_112026.1	89.008	373	26	14	3	369	364	1	2.47e-125	448
3b5938d9-fb90-4156-bf28-34ed11254181	NR_165747.1	87.949	390	30	12	3	384	381	1	3.20e-124	444
3b5938d9-fb90-4156-bf28-34ed11254181	NR_199547.1	89.101	367	26	13	3	363	361	3	3.20e-124	444
ffc5a268-ab1e-4ff4-98cc-d52a62886852	NR_117694.1	91.518	1344	55	44	1	1300	137	1465	0.0	1796
ffc5a268-ab1e-4ff4-98cc-d52a62886852	NR_121687.1	90.774	1344	65	44	1	1300	157	1485	0.0	1740
ffc5a268-ab1e-4ff4-98cc-d52a62886852	NR_025892.1	90.373	1340	69	45	1	1296	163	1486	0.0	1731
ffc5a268-ab1e-4ff4-98cc-d52a62886852	NR_117692.1	90.618	1343	63	46	4	1300	140	1465	0.0	1724
ffc5a268-ab1e-4ff4-98cc-d52a62886852	NR_025902.1	90.469	1343	65	46	4	1300	118	1443	0.0	1712
779961fc-a11c-477a-ad3d-1ce669082b20	NR_178515.1	94.343	601	13	14	1	586	816	222	0.0	902
779961fc-a11c-477a-ad3d-1ce669082b20	NR_115241.1	94.176	601	14	14	1	586	816	222	0.0	896
779961fc-a11c-477a-ad3d-1ce669082b20	NR_115735.1	94.176	601	14	14	1	586	807	213	0.0	896
779961fc-a11c-477a-ad3d-1ce669082b20	NR_116211.1	94.176	601	14	14	1	586	739	145	0.0	896
779961fc-a11c-477a-ad3d-1ce669082b20	NR_036936.1	94.010	601	15	14	1	586	816	222	0.0	891
f555e0de-78e0-4b4f-8cda-78641babdfff	NR_026419.1	95.400	587	12	9	1	579	580	1	0.0	920
f555e0de-78e0-4b4f-8cda-78641babdfff	NR_025903.1	93.277	595	24	10	1	587	592	6	0.0	863
f555e0de-78e0-4b4f-8cda-78641babdfff	NR_025904.1	92.295	597	26	13	1	587	591	5	0.0	830
f555e0de-78e0-4b4f-8cda-78641babdfff	NR_133753.1	93.141	554	22	10	1	546	546	1	0.0	798
f555e0de-78e0-4b4f-8cda-78641babdfff	NR_036920.1	90.924	595	35	13	1	587	585	2	0.0	782
926ea54d-987c-4b5b-a6f8-e0605fd5fb3c	NR_028682.1	96.210	343	5	7	16	353	1153	1492	9.99e-158	555
926ea54d-987c-4b5b-a6f8-e0605fd5fb3c	NR_024817.1	94.118	357	15	5	5	359	1127	1479	2.80e-153	540
926ea54d-987c-4b5b-a6f8-e0605fd5fb3c	NR_025435.1	94.783	345	10	7	19	359	1154	1494	1.68e-150	531
926ea54d-987c-4b5b-a6f8-e0605fd5fb3c	NR_025396.1	94.752	343	13	4	19	359	1128	1467	6.05e-150	529
926ea54d-987c-4b5b-a6f8-e0605fd5fb3c	NR_042357.1	94.461	343	14	4	19	359	1125	1464	2.82e-148	523
ab65e508-12f0-49de-974d-58621ac29ec6	NR_024842.1	92.047	1270	53	36	1	1246	1256	11	0.0	1746
ab65e508-12f0-49de-974d-58621ac29ec6	NR_115241.1	92.016	1265	53	36	1	1241	1241	1	0.0	1736
ab65e508-12f0-49de-974d-58621ac29ec6	NR_178515.1	91.990	1261	55	34	4	1241	1238	1	0.0	1727
ab65e508-12f0-49de-974d-58621ac29ec6	NR_115735.1	92.038	1256	51	37	1	1231	1232	1	0.0	1720
ab65e508-12f0-49de-974d-58621ac29ec6	NR_165737.1	91.753	1261	58	34	4	1241	1238	1	0.0	1711
a20713ef-cf26-4979-bba6-c574eda76d56	NR_028664.1	94.601	889	24	22	5	885	888	16	0.0	1354
a20713ef-cf26-4979-bba6-c574eda76d56	NR_179383.1	94.601	889	24	22	5	885	892	20	0.0	1354
a20713ef-cf26-4979-bba6-c574eda76d56	NR_199545.1	94.488	889	25	22	5	885	885	13	0.0	1349
a20713ef-cf26-4979-bba6-c574eda76d56	NR_165744.1	94.382	890	26	20	5	886	874	1	0.0	1345
a20713ef-cf26-4979-bba6-c574eda76d56	NR_115240.1	94.851	874	22	21	5	871	865	8	0.0	1343
66130cf1-8bf7-46f9-9803-12df2d9fb870	NR_026419.1	94.717	795	19	16	5	780	1104	314	0.0	1214
66130cf1-8bf7-46f9-9803-12df2d9fb870	NR_133753.1	94.770	784	19	15	16	780	1060	280	0.0	1201
66130cf1-8bf7-46f9-9803-12df2d9fb870	NR_025903.1	94.770	784	19	15	16	780	1106	326	0.0	1201
66130cf1-8bf7-46f9-9803-12df2d9fb870	NR_133752.1	94.515	784	21	15	16	780	1031	251	0.0	1190
66130cf1-8bf7-46f9-9803-12df2d9fb870	NR_025904.1	94.020	786	21	18	16	780	1105	325	0.0	1168
374d4bc0-f916-41cc-aaf6-6e87c5cdf268	NR_044712.2	94.083	507	16	10	1	497	972	470	0.0	760
374d4bc0-f916-41cc-aaf6-6e87c5cdf268	NR_074568.1	94.083	507	16	10	1	497	963	461	0.0	758
374d4bc0-f916-41cc-aaf6-6e87c5cdf268	NR_024785.1	93.097	507	21	10	1	497	919	417	0.0	730
374d4bc0-f916-41cc-aaf6-6e87c5cdf268	NR_043968.1	92.659	504	23	10	1	494	921	422	0.0	713
374d4bc0-f916-41cc-aaf6-6e87c5cdf268	NR_044873.1	92.475	505	23	11	1	494	953	453	0.0	708
b1a77b09-d01e-47b9-b536-2fd361773c16	NR_042776.1	89.274	1240	78	39	1	1200	280	1504	0.0	1502
b1a77b09-d01e-47b9-b536-2fd361773c16	NR_042777.1	89.194	1240	78	40	1	1200	280	1503	0.0	1496
b1a77b09-d01e-47b9-b536-2fd361773c16	NR_042778.1	89.032	1240	81	39	1	1200	280	1504	0.0	1485
b1a77b09-d01e-47b9-b536-2fd361773c16	NR_197695.1	89.032	1240	81	39	1	1200	279	1503	0.0	1485
b1a77b09-d01e-47b9-b536-2fd361773c16	NR_118998.1	88.468	1240	87	40	1	1200	275	1498	0.0	1447
9ec3b6ee-32a9-48b6-b050-dde03d6bec76	NR_025862.1	91.479	1068	56	26	1	1043	1301	244	0.0	1441
9ec3b6ee-32a9-48b6-b050-dde03d6bec76	NR_026454.1	90.833	1069	64	26	1	1043	1278	218	0.0	1400
9ec3b6ee-32a9-48b6-b050-dde03d6bec76	NR_028682.1	86.758	1314	104	51	1	1268	1302	13	0.0	1399
9ec3b6ee-32a9-48b6-b050-dde03d6bec76	NR_116890.1	90.356	1068	69	25	1	1043	1290	232	0.0	1371
9ec3b6ee-32a9-48b6-b050-dde03d6bec76	NR_119263.1	90.338	1066	73	23	1	1043	1299	241	0.0	1371
807535b1-c261-4d72-a386-8a36128d4e62	NR_115355.1	95.295	1424	36	25	1	1402	68	1482	0.0	2233
807535b1-c261-4d72-a386-8a36128d4e62	NR_179325.1	95.298	1425	35	26	1	1402	41	1456	0.0	2231
807535b1-c261-4d72-a386-8a36128d4e62	NR_119169.1	95.014	1424	40	25	1	1402	73	1487	0.0	2215
807535b1-c261-4d72-a386-8a36128d4e62	NR_113570.1	94.951	1426	39	28	1	1402	74	1490	0.0	2204
807535b1-c261-4d72-a386-8a36128d4e62	NR_163639.1	94.944	1424	37	29	1	1402	87	1497	0.0	2198
48e7be88-2f91-4aee-96b9-df1a43ff7fa7	NR_115355.1	93.870	783	24	22	1	771	771	1	0.0	1162
48e7be88-2f91-4aee-96b9-df1a43ff7fa7	NR_119169.1	93.766	786	25	22	1	774	776	3	0.0	1162
48e7be88-2f91-4aee-96b9-df1a43ff7fa7	NR_074980.1	93.258	801	29	23	1	789	798	11	0.0	1157
48e7be88-2f91-4aee-96b9-df1a43ff7fa7	NR_113031.1	93.258	801	29	23	1	789	798	11	0.0	1157
48e7be88-2f91-4aee-96b9-df1a43ff7fa7	NR_163639.1	93.250	800	25	27	1	787	788	5	0.0	1151
5acd1343-6ab9-4e34-a011-135146ea26c6	NR_036936.1	96.721	1281	17	20	1	1262	1275	1	0.0	2111
5acd1343-6ab9-4e34-a011-135146ea26c6	NR_109720.1	96.627	1275	18	18	1	1256	1269	1	0.0	2093
5acd1343-6ab9-4e34-a011-135146ea26c6	NR_199545.1	95.811	1289	27	20	1	1270	1293	13	0.0	2056
5acd1343-6ab9-4e34-a011-135146ea26c6	NR_028664.1	95.733	1289	28	20	1	1270	1296	16	0.0	2050
5acd1343-6ab9-4e34-a011-135146ea26c6	NR_179385.1	95.733	1289	28	20	1	1270	1297	17	0.0	2050
b54b99b9-6b43-4a98-8086-145a1f4017b3	NR_118143.1	94.146	632	14	17	1	618	1226	604	0.0	941
b54b99b9-6b43-4a98-8086-145a1f4017b3	NR_042878.1	93.987	632	15	17	1	618	1224	602	0.0	937
b54b99b9-6b43-4a98-8086-145a1f4017b3	NR_116168.1	93.987	632	15	17	1	618	1245	623	0.0	935
b54b99b9-6b43-4a98-8086-145a1f4017b3	NR_118762.1	92.247	632	25	18	1	618	1247	626	0.0	894
b54b99b9-6b43-4a98-8086-145a1f4017b3	NR_025423.1	92.089	632	27	17	1	618	1229	607	0.0	869
e14f5e9e-100f-4650-a733-ea955f29f149	NR_074980.1	90.287	1462	65	52	2	1403	1457	13	0.0	1842
e14f5e9e-100f-4650-a733-ea955f29f149	NR_113031.1	90.287	1462	65	52	2	1403	1457	13	0.0	1842
e14f5e9e-100f-4650-a733-ea955f29f149	NR_044091.1	91.759	1359	47	43	3	1312	1344	2	0.0	1829
e14f5e9e-100f-4650-a733-ea955f29f149	NR_113570.1	90.241	1455	62	54	2	1394	1437	1	0.0	1827
e14f5e9e-100f-4650-a733-ea955f29f149	NR_043332.1	90.117	1447	66	52	2	1388	1430	1	0.0	1814
cbae14d1-ac96-4a65-98bb-41e32f504de1	NR_042776.1	96.291	1321	23	22	5	1307	187	1499	0.0	2145
cbae14d1-ac96-4a65-98bb-41e32f504de1	NR_042777.1	96.226	1325	23	23	1	1307	183	1498	0.0	2145
cbae14d1-ac96-4a65-98bb-41e32f504de1	NR_042778.1	95.988	1321	27	22	5	1307	187	1499	0.0	2122
cbae14d1-ac96-4a65-98bb-41e32f504de1	NR_197695.1	95.767	1323	30	22	3	1307	184	1498	0.0	2109
cbae14d1-ac96-4a65-98bb-41e32f504de1	NR_118998.1	95.382	1321	34	23	5	1307	182	1493	0.0	2076
9c569b1a-fa2c-411b-99e2-af42b921ff14	NR_042928.1	97.059	374	4	6	1	371	370	1	2.88e-178	623
9c569b1a-fa2c-411b-99e2-af42b921ff14	NR_109720.1	97.011	368	7	3	1	366	366	1	4.81e-176	616
9c569b1a-fa2c-411b-99e2-af42b921ff14	NR_199547.1	98.006	351	2	4	1	349	350	3	1.04e-172	604
9c569b1a-fa2c-411b-99e2-af42b921ff14	NR_112026.1	97.199	357	4	5	1	355	353	1	4.85e-171	599
9c569b1a-fa2c-411b-99e2-af42b921ff14	NR_036936.1	95.935	369	11	3	1	367	372	6	1.74e-170	597
69d66907-8524-46f5-b81c-bc4a9a7e7d87	NR_026419.1	97.048	542	12	4	4	543	55	594	0.0	909
69d66907-8524-46f5-b81c-bc4a9a7e7d87	NR_133753.1	95.203	542	21	5	4	543	22	560	0.0	852
69d66907-8524-46f5-b81c-bc4a9a7e7d87	NR_025903.1	94.834	542	23	5	4	543	68	606	0.0	841
69d66907-8524-46f5-b81c-bc4a9a7e7d87	NR_133752.1	94.569	534	24	5	12	543	1	531	0.0	821
69d66907-8524-46f5-b81c-bc4a9a7e7d87	NR_025904.1	93.394	545	25	10	4	543	67	605	0.0	797
2958a91a-3e69-4ab4-8892-f9dd3ec69db6	NR_025862.1	91.309	863	41	27	1	841	862	12	0.0	1155
2958a91a-3e69-4ab4-8892-f9dd3ec69db6	NR_028682.1	89.364	865	53	32	1	840	863	13	0.0	1051
2958a91a-3e69-4ab4-8892-f9dd3ec69db6	NR_026454.1	87.544	851	65	35	1	822	839	1	0.0	946
2958a91a-3e69-4ab4-8892-f9dd3ec69db6	NR_119263.1	86.286	875	69	38	1	839	860	1	0.0	904
2958a91a-3e69-4ab4-8892-f9dd3ec69db6	NR_114015.1	87.277	786	65	29	1	765	853	82	0.0	865
548a099f-721a-4f59-8c8a-b601f08a657b	NR_117719.1	96.406	640	10	11	6	636	1499	864	0.0	1042
548a099f-721a-4f59-8c8a-b601f08a657b	NR_179383.1	96.406	640	10	11	6	636	1506	871	0.0	1042
548a099f-721a-4f59-8c8a-b601f08a657b	NR_179540.1	96.406	640	9	12	6	636	1498	864	0.0	1042
548a099f-721a-4f59-8c8a-b601f08a657b	NR_175455.1	96.256	641	10	12	6	636	1488	852	0.0	1038
548a099f-721a-4f59-8c8a-b601f08a657b	NR_028664.1	96.250	640	11	11	6	636	1502	867	0.0	1037
1b76b786-3113-48f8-a12d-dca4ad72d620	NR_134699.1	88.418	1062	66	43	1	1035	1144	113	0.0	1229
1b76b786-3113-48f8-a12d-dca4ad72d620	NR_145948.1	87.042	1065	82	41	1	1035	1184	146	0.0	1151
1b76b786-3113-48f8-a12d-dca4ad72d620	NR_117297.1	86.679	1051	91	35	1	1031	1156	135	0.0	1120
1b76b786-3113-48f8-a12d-dca4ad72d620	NR_181088.1	86.591	1059	86	43	1	1035	1175	149	0.0	1118
1b76b786-3113-48f8-a12d-dca4ad72d620	NR_178630.1	86.646	981	83	31	1	957	1149	193	0.0	1042
b01bd857-db64-494a-ab73-c592c21aa57b	NR_102895.1	90.490	1041	43	36	1	1000	1046	21	0.0	1323
b01bd857-db64-494a-ab73-c592c21aa57b	NR_113113.1	90.394	1041	44	36	1	1000	1026	1	0.0	1317
b01bd857-db64-494a-ab73-c592c21aa57b	NR_042843.1	90.407	1032	44	35	1	991	1018	1	0.0	1308
b01bd857-db64-494a-ab73-c592c21aa57b	NR_114305.1	88.868	1042	58	39	1	1000	1038	13	0.0	1229
b01bd857-db64-494a-ab73-c592c21aa57b	NR_116726.1	88.867	1033	58	38	1	991	1018	1	0.0	1218
f5b847a3-5424-40c8-8575-f239ec5f3147	NR_042776.1	89.786	421	26	15	1	407	1443	1026	3.24e-148	523
f5b847a3-5424-40c8-8575-f239ec5f3147	NR_042777.1	89.786	421	26	15	1	407	1442	1025	3.24e-148	523
f5b847a3-5424-40c8-8575-f239ec5f3147	NR_042778.1	89.549	421	27	15	1	407	1443	1026	1.51e-146	518
f5b847a3-5424-40c8-8575-f239ec5f3147	NR_197695.1	89.227	427	27	16	1	411	1442	1019	5.43e-146	516
f5b847a3-5424-40c8-8575-f239ec5f3147	NR_118998.1	89.311	421	28	15	1	407	1437	1020	7.02e-145	512
75adcf3d-a3cc-409e-b6bd-069b420c49d8	NR_024841.1	92.568	296	10	11	4	289	1252	959	1.41e-115	414
75adcf3d-a3cc-409e-b6bd-069b420c49d8	NR_024842.1	92.308	299	11	11	1	289	1256	960	1.41e-115	414
75adcf3d-a3cc-409e-b6bd-069b420c49d8	NR_028665.1	92.568	296	10	11	4	289	1253	960	1.41e-115	414
75adcf3d-a3cc-409e-b6bd-069b420c49d8	NR_042927.1	92.568	296	10	11	4	289	1238	945	1.41e-115	414
75adcf3d-a3cc-409e-b6bd-069b420c49d8	NR_109720.1	92.568	296	10	11	4	289	1232	939	1.41e-115	414
bb4612b9-3e1c-4416-9e61-ffdcd02468fa	NR_178515.1	98.145	593	5	5	4	593	1115	526	0.0	1029
bb4612b9-3e1c-4416-9e61-ffdcd02468fa	NR_109720.1	97.976	593	6	5	4	593	1109	520	0.0	1024
bb4612b9-3e1c-4416-9e61-ffdcd02468fa	NR_115735.1	97.976	593	6	5	4	593	1106	517	0.0	1024
bb4612b9-3e1c-4416-9e61-ffdcd02468fa	NR_116211.1	97.976	593	6	5	4	593	1038	449	0.0	1024
bb4612b9-3e1c-4416-9e61-ffdcd02468fa	NR_165737.1	97.980	594	4	6	4	593	1115	526	0.0	1024
4a668e4a-a826-4a99-a0da-72401226a727	NR_115355.1	92.150	586	17	19	1	559	1293	710	0.0	800
4a668e4a-a826-4a99-a0da-72401226a727	NR_179325.1	92.150	586	17	19	1	559	1267	684	0.0	800
4a668e4a-a826-4a99-a0da-72401226a727	NR_041879.1	91.993	587	17	20	1	559	1251	667	0.0	797
4a668e4a-a826-4a99-a0da-72401226a727	NR_163639.1	91.980	586	17	21	1	559	1308	726	0.0	795
4a668e4a-a826-4a99-a0da-72401226a727	NR_119169.1	91.809	586	19	19	1	559	1298	715	0.0	793
271a3015-06d0-4a15-986f-74b281ced067	NR_115355.1	89.373	367	25	11	4	365	1125	1482	4.95e-126	449
271a3015-06d0-4a15-986f-74b281ced067	NR_163639.1	89.373	367	25	11	4	365	1140	1497	4.95e-126	449
271a3015-06d0-4a15-986f-74b281ced067	NR_179325.1	89.373	367	25	11	4	365	1099	1456	4.95e-126	449
271a3015-06d0-4a15-986f-74b281ced067	NR_119169.1	89.101	367	26	11	4	365	1130	1487	2.30e-124	444
271a3015-06d0-4a15-986f-74b281ced067	NR_115354.1	88.828	367	27	11	4	365	1125	1482	1.07e-122	438
43d1894f-5cf6-43ef-a342-ebb2c552728b	NR_042776.1	91.529	1086	49	31	11	1070	1159	91	0.0	1456
43d1894f-5cf6-43ef-a342-ebb2c552728b	NR_042778.1	91.344	1086	51	31	11	1070	1159	91	0.0	1445
43d1894f-5cf6-43ef-a342-ebb2c552728b	NR_042777.1	91.252	1086	51	32	11	1070	1158	91	0.0	1439
43d1894f-5cf6-43ef-a342-ebb2c552728b	NR_197695.1	90.876	1085	58	30	11	1070	1158	90	0.0	1417
43d1894f-5cf6-43ef-a342-ebb2c552728b	NR_118998.1	90.700	1086	57	31	11	1070	1153	86	0.0	1408
5f1dfc2a-8032-476b-936c-37d69c94b7f5	NR_041989.1	94.335	1112	31	23	1	1091	1105	5	0.0	1676
5f1dfc2a-8032-476b-936c-37d69c94b7f5	NR_117694.1	93.097	1159	42	29	1	1133	1147	1	0.0	1663
5f1dfc2a-8032-476b-936c-37d69c94b7f5	NR_117692.1	92.135	1157	57	26	1	1133	1147	1	0.0	1602
5f1dfc2a-8032-476b-936c-37d69c94b7f5	NR_117717.1	91.852	1166	58	28	1	1141	1167	14	0.0	1592
5f1dfc2a-8032-476b-936c-37d69c94b7f5	NR_121688.1	91.681	1166	61	27	1	1141	1167	13	0.0	1583
7d922674-01f9-4f80-88ba-63c77739e94e	NR_028682.1	94.222	225	11	2	69	292	236	13	6.76e-94	342
7d922674-01f9-4f80-88ba-63c77739e94e	NR_025862.1	90.749	227	17	4	69	293	236	12	3.19e-82	303
7d922674-01f9-4f80-88ba-63c77739e94e	NR_112661.1	84.279	229	28	8	69	293	227	3	4.27e-56	217
7d922674-01f9-4f80-88ba-63c77739e94e	NR_113872.1	83.258	221	27	10	69	284	216	1	5.57e-50	196
7d922674-01f9-4f80-88ba-63c77739e94e	NR_025863.1	88.166	169	13	7	131	293	179	12	2.00e-49	195
2387cdb1-4ffc-4437-9932-3a0284353a0e	NR_025423.1	86.381	536	33	30	1	511	723	203	6.76e-156	549
2387cdb1-4ffc-4437-9932-3a0284353a0e	NR_042878.1	85.634	536	37	30	1	511	718	198	3.17e-149	527
2387cdb1-4ffc-4437-9932-3a0284353a0e	NR_116168.1	85.634	536	37	30	1	511	739	219	3.17e-149	527
2387cdb1-4ffc-4437-9932-3a0284353a0e	NR_118143.1	84.486	535	41	30	1	509	720	202	1.15e-138	492
2387cdb1-4ffc-4437-9932-3a0284353a0e	NR_118762.1	83.769	536	47	30	1	511	742	222	4.15e-138	490
3e00a5b3-0321-4e96-9235-daf2b94b6a3d	NR_041879.1	91.450	269	13	3	22	281	508	775	2.02e-99	361
3e00a5b3-0321-4e96-9235-daf2b94b6a3d	NR_115355.1	91.450	269	13	3	22	281	551	818	2.02e-99	361
3e00a5b3-0321-4e96-9235-daf2b94b6a3d	NR_119169.1	91.450	269	13	3	22	281	556	823	2.02e-99	361
3e00a5b3-0321-4e96-9235-daf2b94b6a3d	NR_179325.1	91.450	269	13	3	22	281	525	792	2.02e-99	361
3e00a5b3-0321-4e96-9235-daf2b94b6a3d	NR_025762.1	90.706	269	15	3	22	281	529	796	4.37e-96	350
32557b9d-d0b6-468a-ad1e-72a15b8c281c	NR_042776.1	96.109	771	14	13	1	758	786	19	0.0	1243
32557b9d-d0b6-468a-ad1e-72a15b8c281c	NR_197695.1	95.979	771	15	13	1	758	785	18	0.0	1238
32557b9d-d0b6-468a-ad1e-72a15b8c281c	NR_042778.1	95.850	771	16	13	1	758	786	19	0.0	1232
32557b9d-d0b6-468a-ad1e-72a15b8c281c	NR_042777.1	95.720	771	16	14	1	758	785	19	0.0	1225
32557b9d-d0b6-468a-ad1e-72a15b8c281c	NR_118998.1	95.201	771	21	13	1	758	781	14	0.0	1206
54b4cddc-296d-4915-b9ca-6a593536fa0a	NR_115241.1	94.208	259	6	7	4	256	699	444	2.68e-107	387
54b4cddc-296d-4915-b9ca-6a593536fa0a	NR_115735.1	94.208	259	6	7	4	256	690	435	2.68e-107	387
54b4cddc-296d-4915-b9ca-6a593536fa0a	NR_116211.1	94.208	259	6	7	4	256	622	367	2.68e-107	387
54b4cddc-296d-4915-b9ca-6a593536fa0a	NR_024842.1	93.822	259	7	7	4	256	714	459	3.47e-106	383
54b4cddc-296d-4915-b9ca-6a593536fa0a	NR_036936.1	93.822	259	7	7	4	256	699	444	1.25e-105	381
