00947567-b4f1-443d-87cf-c53c7a2c7251	NR_042776.1	88.601	1430	98	52	7	1394	93	1499	0.0	1677
00947567-b4f1-443d-87cf-c53c7a2c7251	NR_042777.1	88.392	1430	100	53	7	1394	93	1498	0.0	1661
00947567-b4f1-443d-87cf-c53c7a2c7251	NR_042778.1	88.322	1430	102	52	7	1394	93	1499	0.0	1655
00947567-b4f1-443d-87cf-c53c7a2c7251	NR_197695.1	87.989	1432	103	54	7	1394	92	1498	0.0	1628
00947567-b4f1-443d-87cf-c53c7a2c7251	NR_118998.1	87.902	1430	107	54	7	1394	88	1493	0.0	1622
56be38bc-4011-41a1-ac63-76eb223a684c	NR_044873.1	97.198	1285	17	16	1	1274	1279	3	0.0	2156
56be38bc-4011-41a1-ac63-76eb223a684c	NR_074568.1	95.720	1285	35	17	1	1274	1289	14	0.0	2050
56be38bc-4011-41a1-ac63-76eb223a684c	NR_044712.2	95.331	1285	40	17	1	1274	1298	23	0.0	2032
56be38bc-4011-41a1-ac63-76eb223a684c	NR_109752.1	94.561	1287	47	21	1	1274	1300	24	0.0	1967
56be38bc-4011-41a1-ac63-76eb223a684c	NR_025310.1	94.688	1280	45	19	1	1268	1269	1	0.0	1965
0838e244-28b3-4404-834c-71cc42f41b8d	NR_116168.1	92.254	1420	50	46	1	1389	1409	19	0.0	1958
0838e244-28b3-4404-834c-71cc42f41b8d	NR_042878.1	92.092	1391	50	46	27	1386	1362	1	0.0	1916
0838e244-28b3-4404-834c-71cc42f41b8d	NR_118762.1	90.768	1419	72	46	1	1389	1411	22	0.0	1879
0838e244-28b3-4404-834c-71cc42f41b8d	NR_025423.1	90.091	1423	77	51	1	1389	1393	1	0.0	1788
0838e244-28b3-4404-834c-71cc42f41b8d	NR_118143.1	90.524	1393	70	48	27	1386	1364	1	0.0	1786
aacf5cb0-dad4-4999-bdf6-6a6d5fc813be	NR_115355.1	96.370	854	19	8	1	851	845	1	0.0	1399
aacf5cb0-dad4-4999-bdf6-6a6d5fc813be	NR_119169.1	96.266	857	20	8	1	854	850	3	0.0	1399
aacf5cb0-dad4-4999-bdf6-6a6d5fc813be	NR_163639.1	95.657	875	19	13	1	872	861	3	0.0	1387
aacf5cb0-dad4-4999-bdf6-6a6d5fc813be	NR_119168.1	95.799	857	24	8	1	854	850	3	0.0	1373
aacf5cb0-dad4-4999-bdf6-6a6d5fc813be	NR_074980.1	95.304	873	25	11	1	870	872	13	0.0	1371
1950c6de-af22-4f9a-ad6f-216dfeea9797	NR_029097.1	86.057	1126	65	65	9	1060	1110	3	0.0	1125
1950c6de-af22-4f9a-ad6f-216dfeea9797	NR_125571.1	85.108	1155	76	70	9	1088	1134	1	0.0	1096
1950c6de-af22-4f9a-ad6f-216dfeea9797	NR_125570.1	85.663	1109	68	65	9	1043	1092	1	0.0	1083
1950c6de-af22-4f9a-ad6f-216dfeea9797	NR_151895.1	79.693	1172	139	76	9	1102	1157	7	0.0	754
1950c6de-af22-4f9a-ad6f-216dfeea9797	NR_044289.1	79.384	1169	141	77	9	1099	1147	1	0.0	737
7bf7d2a2-84d5-4e7e-bb0b-c1fc79a4fedb	NR_024659.1	90.484	1282	76	41	7	1255	53	1321	0.0	1650
7bf7d2a2-84d5-4e7e-bb0b-c1fc79a4fedb	NR_117425.1	90.491	1283	74	43	7	1255	75	1343	0.0	1650
7bf7d2a2-84d5-4e7e-bb0b-c1fc79a4fedb	NR_116212.1	90.439	1276	76	41	13	1255	1	1263	0.0	1639
7bf7d2a2-84d5-4e7e-bb0b-c1fc79a4fedb	NR_042776.1	90.172	1282	80	36	7	1255	97	1365	0.0	1628
7bf7d2a2-84d5-4e7e-bb0b-c1fc79a4fedb	NR_042777.1	90.164	1281	81	35	7	1255	97	1364	0.0	1626
cb262da2-7c7f-468e-a579-afff5d0a7d0d	NR_117694.1	95.949	1012	22	14	8	1001	457	1467	0.0	1624
cb262da2-7c7f-468e-a579-afff5d0a7d0d	NR_117692.1	95.751	1012	24	16	8	1001	457	1467	0.0	1613
cb262da2-7c7f-468e-a579-afff5d0a7d0d	NR_121687.1	95.652	1012	25	14	8	1001	477	1487	0.0	1607
cb262da2-7c7f-468e-a579-afff5d0a7d0d	NR_025902.1	95.553	1012	26	16	8	1001	435	1445	0.0	1602
cb262da2-7c7f-468e-a579-afff5d0a7d0d	NR_117696.1	95.455	1012	27	16	8	1001	444	1454	0.0	1596
adf99c09-e9bb-47b5-807d-2bf32cec5003	NR_115355.1	91.627	1266	62	36	4	1237	1254	1	0.0	1714
adf99c09-e9bb-47b5-807d-2bf32cec5003	NR_119169.1	91.417	1270	65	36	4	1241	1259	2	0.0	1709
adf99c09-e9bb-47b5-807d-2bf32cec5003	NR_163639.1	91.144	1276	65	41	4	1247	1269	10	0.0	1687
adf99c09-e9bb-47b5-807d-2bf32cec5003	NR_074980.1	91.160	1267	70	34	12	1247	1273	18	0.0	1681
adf99c09-e9bb-47b5-807d-2bf32cec5003	NR_113031.1	91.160	1267	70	34	12	1247	1273	18	0.0	1681
954403f8-5a00-4656-be3b-683df3cdd8dd	NR_179540.1	92.795	347	13	8	1	343	1086	748	7.80e-139	492
954403f8-5a00-4656-be3b-683df3cdd8dd	NR_199547.1	92.795	347	13	8	1	343	1046	708	7.80e-139	492
954403f8-5a00-4656-be3b-683df3cdd8dd	NR_115560.1	92.507	347	14	8	1	343	1086	748	1.01e-137	488
954403f8-5a00-4656-be3b-683df3cdd8dd	NR_028664.1	92.507	347	14	8	1	343	1089	751	3.63e-137	486
954403f8-5a00-4656-be3b-683df3cdd8dd	NR_028665.1	92.507	347	14	8	1	343	1083	745	3.63e-137	486
14cbc22a-c824-49b8-ae1f-8c9725d1564d	NR_116168.1	94.966	298	9	5	1	293	1196	1492	5.01e-130	462
14cbc22a-c824-49b8-ae1f-8c9725d1564d	NR_118762.1	95.122	287	8	5	1	282	1198	1483	1.40e-125	448
14cbc22a-c824-49b8-ae1f-8c9725d1564d	NR_199884.1	93.333	300	10	10	1	293	1194	1490	1.09e-121	435
14cbc22a-c824-49b8-ae1f-8c9725d1564d	NR_199885.1	93.311	299	12	8	1	293	1194	1490	1.09e-121	435
14cbc22a-c824-49b8-ae1f-8c9725d1564d	NR_199942.1	93.311	299	12	8	1	293	1190	1486	1.09e-121	435
9949d017-d352-43c8-b87f-b1e73f0adfab	NR_025863.1	96.250	720	24	3	1	718	693	1411	0.0	1184
9949d017-d352-43c8-b87f-b1e73f0adfab	NR_179378.1	92.534	817	50	11	1	810	690	1502	0.0	1160
9949d017-d352-43c8-b87f-b1e73f0adfab	NR_180911.1	92.138	814	49	15	1	805	679	1486	0.0	1134
9949d017-d352-43c8-b87f-b1e73f0adfab	NR_156899.1	91.411	815	59	11	1	808	623	1433	0.0	1107
9949d017-d352-43c8-b87f-b1e73f0adfab	NR_025445.1	91.144	813	64	8	1	808	680	1489	0.0	1096
fb19f34d-c8ad-4a49-aec6-69825ea9f42e	NR_044873.1	95.869	581	14	10	13	587	578	2	0.0	931
fb19f34d-c8ad-4a49-aec6-69825ea9f42e	NR_074568.1	93.772	578	26	10	16	587	586	13	0.0	859
fb19f34d-c8ad-4a49-aec6-69825ea9f42e	NR_044712.2	93.241	577	31	8	16	587	595	22	0.0	848
fb19f34d-c8ad-4a49-aec6-69825ea9f42e	NR_179993.1	92.281	583	34	11	13	588	590	12	0.0	817
fb19f34d-c8ad-4a49-aec6-69825ea9f42e	NR_109752.1	92.096	582	35	11	13	587	600	23	0.0	809
0fb97c4a-8965-43a5-9a85-577efd5544ce	NR_115735.1	97.732	1323	18	9	1	1317	148	1464	0.0	2266
0fb97c4a-8965-43a5-9a85-577efd5544ce	NR_024842.1	97.585	1325	20	9	1	1319	172	1490	0.0	2263
0fb97c4a-8965-43a5-9a85-577efd5544ce	NR_115241.1	97.500	1320	21	9	1	1314	157	1470	0.0	2250
0fb97c4a-8965-43a5-9a85-577efd5544ce	NR_165737.1	97.428	1322	19	12	1	1314	157	1471	0.0	2239
0fb97c4a-8965-43a5-9a85-577efd5544ce	NR_036936.1	97.050	1322	24	12	1	1314	157	1471	0.0	2211
a4c4f94e-4c5c-4bef-a2c0-0646e7bc2b5e	NR_042776.1	92.094	468	25	11	1	461	1042	1504	0.0	649
a4c4f94e-4c5c-4bef-a2c0-0646e7bc2b5e	NR_042777.1	92.094	468	25	11	1	461	1041	1503	0.0	649
a4c4f94e-4c5c-4bef-a2c0-0646e7bc2b5e	NR_197695.1	91.898	469	24	12	1	461	1041	1503	0.0	643
a4c4f94e-4c5c-4bef-a2c0-0646e7bc2b5e	NR_042778.1	91.667	468	27	11	1	461	1042	1504	0.0	638
a4c4f94e-4c5c-4bef-a2c0-0646e7bc2b5e	NR_118998.1	91.667	468	27	11	1	461	1036	1498	0.0	638
b53e1438-0c04-4c0b-b6b9-a0e503134e96	NR_165019.1	96.354	192	2	5	1	187	1435	1244	1.16e-84	311
b53e1438-0c04-4c0b-b6b9-a0e503134e96	NR_178796.1	95.833	192	3	5	1	187	1458	1267	5.41e-83	305
b53e1438-0c04-4c0b-b6b9-a0e503134e96	NR_178939.1	95.833	192	3	5	1	187	1459	1268	5.41e-83	305
b53e1438-0c04-4c0b-b6b9-a0e503134e96	NR_179620.1	95.812	191	3	5	1	187	1433	1244	1.95e-82	303
b53e1438-0c04-4c0b-b6b9-a0e503134e96	NR_026187.1	95.337	193	3	6	1	187	1448	1256	7.00e-82	302
4aa8b477-971b-41d8-9826-516dcba77b1b	NR_042776.1	95.013	742	16	17	1	727	710	1445	0.0	1146
4aa8b477-971b-41d8-9826-516dcba77b1b	NR_042777.1	95.013	742	16	17	1	727	709	1444	0.0	1146
4aa8b477-971b-41d8-9826-516dcba77b1b	NR_042778.1	94.879	742	17	17	1	727	710	1445	0.0	1140
4aa8b477-971b-41d8-9826-516dcba77b1b	NR_197695.1	94.609	742	19	17	1	727	709	1444	0.0	1129
4aa8b477-971b-41d8-9826-516dcba77b1b	NR_118998.1	94.205	742	21	17	1	727	705	1439	0.0	1112
1d825ee1-32da-4814-b034-391a936b4cc1	NR_042776.1	95.630	778	19	13	1	767	791	18	0.0	1234
1d825ee1-32da-4814-b034-391a936b4cc1	NR_042778.1	95.373	778	21	13	1	767	791	18	0.0	1223
1d825ee1-32da-4814-b034-391a936b4cc1	NR_042777.1	95.244	778	21	14	1	767	790	18	0.0	1218
1d825ee1-32da-4814-b034-391a936b4cc1	NR_197695.1	94.987	778	24	13	1	767	790	17	0.0	1206
1d825ee1-32da-4814-b034-391a936b4cc1	NR_118998.1	94.859	778	25	13	1	767	786	13	0.0	1203
a372524a-9287-4bc7-b2bb-1fc56b23d9c9	NR_024842.1	88.723	470	23	24	4	460	1184	732	2.25e-155	547
a372524a-9287-4bc7-b2bb-1fc56b23d9c9	NR_109720.1	88.723	470	23	24	4	460	1163	711	2.25e-155	547
a372524a-9287-4bc7-b2bb-1fc56b23d9c9	NR_041780.1	88.298	470	25	23	4	460	1180	728	4.86e-152	536
a372524a-9287-4bc7-b2bb-1fc56b23d9c9	NR_028833.1	87.660	470	28	23	4	460	1196	744	4.90e-147	520
a372524a-9287-4bc7-b2bb-1fc56b23d9c9	NR_042771.1	87.660	470	28	23	4	460	1187	735	4.90e-147	520
54b5f903-6899-40f3-b392-bcf26be63785	NR_074980.1	91.853	1252	52	40	1	1226	1239	12	0.0	1701
54b5f903-6899-40f3-b392-bcf26be63785	NR_113031.1	91.853	1252	52	40	1	1226	1239	12	0.0	1701
54b5f903-6899-40f3-b392-bcf26be63785	NR_117759.1	91.768	1239	52	40	1	1213	1215	1	0.0	1681
54b5f903-6899-40f3-b392-bcf26be63785	NR_043332.1	91.667	1236	53	40	1	1210	1212	1	0.0	1672
54b5f903-6899-40f3-b392-bcf26be63785	NR_113570.1	91.633	1243	53	41	1	1216	1219	1	0.0	1672
67566a6d-4ce6-4dd7-8762-5fe0718a6693	NR_119168.1	98.529	544	2	4	1	540	545	4	0.0	955
67566a6d-4ce6-4dd7-8762-5fe0718a6693	NR_074980.1	98.007	552	5	4	1	548	567	18	0.0	953
67566a6d-4ce6-4dd7-8762-5fe0718a6693	NR_113031.1	98.007	552	5	4	1	548	567	18	0.0	953
67566a6d-4ce6-4dd7-8762-5fe0718a6693	NR_119169.1	98.346	544	3	4	1	540	545	4	0.0	953
67566a6d-4ce6-4dd7-8762-5fe0718a6693	NR_115355.1	98.694	536	4	2	1	535	540	7	0.0	952
4b08ec08-45e0-4e6d-b0c4-ca73e2b0284c	NR_041989.1	93.631	895	24	23	6	871	891	1	0.0	1306
4b08ec08-45e0-4e6d-b0c4-ca73e2b0284c	NR_117694.1	92.111	938	33	28	6	907	933	1	0.0	1284
4b08ec08-45e0-4e6d-b0c4-ca73e2b0284c	NR_025892.1	90.928	937	45	27	6	907	958	27	0.0	1240
4b08ec08-45e0-4e6d-b0c4-ca73e2b0284c	NR_117692.1	91.142	937	44	26	6	907	933	1	0.0	1234
4b08ec08-45e0-4e6d-b0c4-ca73e2b0284c	NR_121687.1	91.035	937	45	27	6	907	953	21	0.0	1229
6145ee4e-3c33-4389-a165-2fcf29326be2	NR_042928.1	90.836	371	11	19	1	361	358	1	8.26e-134	475
6145ee4e-3c33-4389-a165-2fcf29326be2	NR_165747.1	89.488	371	16	20	1	361	358	1	1.80e-125	448
6145ee4e-3c33-4389-a165-2fcf29326be2	NR_112026.1	90.395	354	11	19	1	344	341	1	2.33e-124	444
6145ee4e-3c33-4389-a165-2fcf29326be2	NR_117719.1	88.684	380	19	21	1	370	378	13	8.38e-124	442
6145ee4e-3c33-4389-a165-2fcf29326be2	NR_199545.1	88.421	380	20	20	1	370	378	13	3.90e-122	436
1cfc6657-4082-415a-9dec-623d4c09e0c8	NR_125571.1	90.863	1368	40	49	1	1298	1353	1	0.0	1759
1cfc6657-4082-415a-9dec-623d4c09e0c8	NR_125570.1	90.498	1326	41	48	1	1256	1311	1	0.0	1672
1cfc6657-4082-415a-9dec-623d4c09e0c8	NR_029097.1	89.814	1345	50	51	1	1274	1329	1	0.0	1644
1cfc6657-4082-415a-9dec-623d4c09e0c8	NR_043551.1	83.131	1399	134	61	1	1318	1389	12	0.0	1182
1cfc6657-4082-415a-9dec-623d4c09e0c8	NR_181407.1	83.107	1397	134	60	1	1318	1393	20	0.0	1179
8c7a0797-84e1-4c3c-8d83-59e3023f5400	NR_042776.1	97.386	153	3	1	1	153	169	18	3.39e-69	259
8c7a0797-84e1-4c3c-8d83-59e3023f5400	NR_042777.1	97.386	153	3	1	1	153	169	18	3.39e-69	259
8c7a0797-84e1-4c3c-8d83-59e3023f5400	NR_042778.1	97.386	153	3	1	1	153	169	18	3.39e-69	259
8c7a0797-84e1-4c3c-8d83-59e3023f5400	NR_024841.1	96.732	153	4	1	1	153	158	7	1.58e-67	254
8c7a0797-84e1-4c3c-8d83-59e3023f5400	NR_118234.1	96.732	153	4	1	1	153	161	10	1.58e-67	254
274fc9b7-77d0-4d6b-951b-4486c4d638f6	NR_115355.1	96.589	733	17	7	1	730	755	1482	0.0	1208
274fc9b7-77d0-4d6b-951b-4486c4d638f6	NR_179325.1	96.589	733	17	7	1	730	729	1456	0.0	1208
274fc9b7-77d0-4d6b-951b-4486c4d638f6	NR_163639.1	96.453	733	16	9	1	730	772	1497	0.0	1201
274fc9b7-77d0-4d6b-951b-4486c4d638f6	NR_119169.1	96.180	733	20	7	1	730	760	1487	0.0	1195
274fc9b7-77d0-4d6b-951b-4486c4d638f6	NR_115354.1	96.180	733	20	7	1	730	755	1482	0.0	1194
0fc1de02-84e4-4c11-8127-245c5ae4589b	NR_136788.1	91.077	1244	38	51	4	1198	260	1479	0.0	1615
0fc1de02-84e4-4c11-8127-245c5ae4589b	NR_026230.1	88.532	1247	64	58	4	1198	238	1457	0.0	1445
0fc1de02-84e4-4c11-8127-245c5ae4589b	NR_113082.1	88.351	1219	63	58	4	1170	260	1451	0.0	1391
0fc1de02-84e4-4c11-8127-245c5ae4589b	NR_074140.1	83.749	1243	131	50	4	1198	225	1444	0.0	1110
0fc1de02-84e4-4c11-8127-245c5ae4589b	NR_117913.1	83.293	1245	133	53	4	1198	249	1468	0.0	1077
f9848237-d533-4ffb-8a3e-e3452d1a3911	NR_042776.1	96.947	655	3	14	1	642	671	21	0.0	1083
f9848237-d533-4ffb-8a3e-e3452d1a3911	NR_042778.1	96.641	655	5	14	1	642	671	21	0.0	1072
f9848237-d533-4ffb-8a3e-e3452d1a3911	NR_042777.1	96.489	655	5	15	1	642	670	21	0.0	1066
f9848237-d533-4ffb-8a3e-e3452d1a3911	NR_197695.1	96.183	655	8	14	1	642	670	20	0.0	1055
f9848237-d533-4ffb-8a3e-e3452d1a3911	NR_118998.1	95.878	655	10	14	1	642	666	16	0.0	1046
219c6de1-152f-41ab-8174-dbd305b1cb51	NR_116168.1	91.852	1436	78	30	8	1421	72	1490	0.0	1967
219c6de1-152f-41ab-8174-dbd305b1cb51	NR_118762.1	90.526	1425	99	26	8	1412	75	1483	0.0	1888
219c6de1-152f-41ab-8174-dbd305b1cb51	NR_042878.1	94.940	1166	28	21	165	1317	215	1362	0.0	1799
219c6de1-152f-41ab-8174-dbd305b1cb51	NR_025423.1	92.508	1268	59	27	165	1415	220	1468	0.0	1783
219c6de1-152f-41ab-8174-dbd305b1cb51	NR_024897.1	89.281	1446	98	41	7	1421	70	1489	0.0	1759
dd3c590a-479e-4c72-a25d-8046fbc7abb1	NR_042776.1	94.694	980	19	30	1	964	210	1172	0.0	1491
dd3c590a-479e-4c72-a25d-8046fbc7abb1	NR_042777.1	94.592	980	19	31	1	964	210	1171	0.0	1485
dd3c590a-479e-4c72-a25d-8046fbc7abb1	NR_042778.1	94.490	980	21	30	1	964	210	1172	0.0	1480
dd3c590a-479e-4c72-a25d-8046fbc7abb1	NR_197695.1	94.388	980	22	30	1	964	209	1171	0.0	1474
dd3c590a-479e-4c72-a25d-8046fbc7abb1	NR_118998.1	93.871	979	28	29	1	964	205	1166	0.0	1447
393497b8-b83d-4464-a337-9d7649788d1b	NR_041989.1	94.175	927	26	23	1	906	920	1	0.0	1387
393497b8-b83d-4464-a337-9d7649788d1b	NR_104947.1	91.819	929	48	23	1	908	935	14	0.0	1269
393497b8-b83d-4464-a337-9d7649788d1b	NR_117696.1	91.819	929	48	23	1	908	949	28	0.0	1269
393497b8-b83d-4464-a337-9d7649788d1b	NR_117701.1	91.819	929	48	23	1	908	962	41	0.0	1269
393497b8-b83d-4464-a337-9d7649788d1b	NR_121688.1	91.712	929	49	23	1	908	982	61	0.0	1264
1dbe91c7-6026-4c99-b562-cca18d9cc501	NR_117694.1	94.487	526	16	12	1	518	521	1	0.0	798
1dbe91c7-6026-4c99-b562-cca18d9cc501	NR_117717.1	93.809	533	22	10	1	526	542	14	0.0	791
1dbe91c7-6026-4c99-b562-cca18d9cc501	NR_121688.1	93.809	533	22	10	1	526	541	13	0.0	791
1dbe91c7-6026-4c99-b562-cca18d9cc501	NR_025892.1	92.884	534	25	12	1	526	547	19	0.0	778
1dbe91c7-6026-4c99-b562-cca18d9cc501	NR_041989.1	96.058	482	10	8	1	476	479	1	0.0	776
50237c32-9327-49e5-a803-cb8d5dc4b822	NR_043332.1	86.437	494	46	17	2	486	1001	1482	3.89e-148	523
50237c32-9327-49e5-a803-cb8d5dc4b822	NR_113570.1	86.465	495	45	18	2	486	1008	1490	3.89e-148	523
50237c32-9327-49e5-a803-cb8d5dc4b822	NR_074980.1	86.437	494	46	17	2	486	1028	1509	1.40e-147	521
50237c32-9327-49e5-a803-cb8d5dc4b822	NR_113031.1	86.437	494	46	17	2	486	1028	1509	1.40e-147	521
50237c32-9327-49e5-a803-cb8d5dc4b822	NR_115355.1	86.263	495	45	18	2	486	1001	1482	6.50e-146	516
b58814df-01c4-4d79-9fed-513573deb5bd	NR_042776.1	95.043	1271	33	22	1	1256	230	1485	0.0	1971
b58814df-01c4-4d79-9fed-513573deb5bd	NR_042777.1	94.965	1271	33	23	1	1256	230	1484	0.0	1964
b58814df-01c4-4d79-9fed-513573deb5bd	NR_042778.1	94.729	1271	37	22	1	1256	230	1485	0.0	1949
b58814df-01c4-4d79-9fed-513573deb5bd	NR_197695.1	94.729	1271	37	22	1	1256	229	1484	0.0	1949
b58814df-01c4-4d79-9fed-513573deb5bd	NR_118998.1	94.256	1271	42	24	1	1256	225	1479	0.0	1914
124ed67e-d3c9-4cd0-b4c9-f074cf412600	NR_117694.1	95.841	553	10	11	5	550	547	1	0.0	881
124ed67e-d3c9-4cd0-b4c9-f074cf412600	NR_117717.1	94.991	559	19	7	5	558	568	14	0.0	869
124ed67e-d3c9-4cd0-b4c9-f074cf412600	NR_121688.1	94.991	559	19	7	5	558	567	13	0.0	869
124ed67e-d3c9-4cd0-b4c9-f074cf412600	NR_025892.1	94.118	561	20	11	5	558	573	19	0.0	856
124ed67e-d3c9-4cd0-b4c9-f074cf412600	NR_041989.1	97.250	509	5	7	5	508	505	1	0.0	854
97e8a71e-ff84-46ab-96de-17264a51469e	NR_025862.1	92.571	1198	49	30	1	1180	1186	11	0.0	1692
97e8a71e-ff84-46ab-96de-17264a51469e	NR_028682.1	91.054	1196	68	29	1	1178	1187	13	0.0	1580
97e8a71e-ff84-46ab-96de-17264a51469e	NR_026454.1	89.772	1183	78	32	1	1160	1163	1	0.0	1474
97e8a71e-ff84-46ab-96de-17264a51469e	NR_180652.1	88.388	1197	91	33	1	1170	1176	1	0.0	1397
97e8a71e-ff84-46ab-96de-17264a51469e	NR_041706.1	87.854	1202	88	36	1	1171	1175	1	0.0	1358
9c9de958-4a03-485a-b479-9e249e0416c2	NR_037101.1	90.439	638	35	17	2	620	825	1455	0.0	817
9c9de958-4a03-485a-b479-9e249e0416c2	NR_027517.1	90.439	638	35	17	2	620	845	1475	0.0	817
9c9de958-4a03-485a-b479-9e249e0416c2	NR_115738.1	90.439	638	35	17	2	620	829	1459	0.0	817
9c9de958-4a03-485a-b479-9e249e0416c2	NR_024633.1	89.358	639	40	19	2	620	839	1469	0.0	778
9c9de958-4a03-485a-b479-9e249e0416c2	NR_181987.1	89.202	639	41	19	2	620	832	1462	0.0	773
4d8342a5-46fc-46b9-a845-f1ea38572944	NR_042776.1	88.218	331	18	13	10	324	833	1158	7.78e-104	375
4d8342a5-46fc-46b9-a845-f1ea38572944	NR_042777.1	88.218	331	18	13	10	324	832	1157	7.78e-104	375
4d8342a5-46fc-46b9-a845-f1ea38572944	NR_042778.1	88.218	331	18	13	10	324	833	1158	7.78e-104	375
4d8342a5-46fc-46b9-a845-f1ea38572944	NR_197695.1	87.613	331	20	13	10	324	832	1157	1.68e-100	364
4d8342a5-46fc-46b9-a845-f1ea38572944	NR_043660.1	88.599	307	16	12	32	324	824	1125	1.01e-97	355
cf2a3fb7-4e59-4802-820b-ce011a52f3ee	NR_116168.1	97.207	358	6	4	1	355	1131	1487	3.50e-172	603
cf2a3fb7-4e59-4802-820b-ce011a52f3ee	NR_118762.1	96.591	352	8	4	1	349	1133	1483	1.27e-166	584
cf2a3fb7-4e59-4802-820b-ce011a52f3ee	NR_024897.1	94.986	359	12	6	1	355	1130	1486	7.68e-159	558
cf2a3fb7-4e59-4802-820b-ce011a52f3ee	NR_181418.1	94.986	359	12	6	1	355	1130	1486	7.68e-159	558
cf2a3fb7-4e59-4802-820b-ce011a52f3ee	NR_180040.1	94.708	359	13	6	1	355	1137	1493	3.57e-157	553
0f94d925-1771-4d72-b8fa-c154a3db8ad2	NR_041989.1	94.146	820	24	16	1	805	1185	375	0.0	1227
0f94d925-1771-4d72-b8fa-c154a3db8ad2	NR_104947.1	93.049	820	33	18	1	805	1200	390	0.0	1177
0f94d925-1771-4d72-b8fa-c154a3db8ad2	NR_117694.1	93.066	822	29	20	1	805	1227	417	0.0	1177
0f94d925-1771-4d72-b8fa-c154a3db8ad2	NR_117696.1	93.049	820	33	18	1	805	1214	404	0.0	1177
0f94d925-1771-4d72-b8fa-c154a3db8ad2	NR_117717.1	92.927	820	33	19	1	805	1247	438	0.0	1170
21307a75-a2ee-4454-9c84-aa1d2fec476d	NR_024842.1	98.188	883	6	7	1	880	617	1492	0.0	1533
21307a75-a2ee-4454-9c84-aa1d2fec476d	NR_115735.1	98.180	879	6	7	1	876	593	1464	0.0	1526
21307a75-a2ee-4454-9c84-aa1d2fec476d	NR_156072.1	97.735	883	10	7	1	880	622	1497	0.0	1511
21307a75-a2ee-4454-9c84-aa1d2fec476d	NR_036936.1	97.948	877	7	8	1	873	602	1471	0.0	1509
21307a75-a2ee-4454-9c84-aa1d2fec476d	NR_115241.1	97.831	876	9	7	1	873	602	1470	0.0	1509
8d4b0d1b-267c-4a9c-8a11-1b0c81c4e837	NR_042878.1	96.565	524	12	6	1	520	1189	668	0.0	865
8d4b0d1b-267c-4a9c-8a11-1b0c81c4e837	NR_116168.1	96.565	524	12	6	1	520	1210	689	0.0	863
8d4b0d1b-267c-4a9c-8a11-1b0c81c4e837	NR_118143.1	96.374	524	13	6	1	520	1191	670	0.0	857
8d4b0d1b-267c-4a9c-8a11-1b0c81c4e837	NR_118762.1	94.656	524	21	7	1	520	1212	692	0.0	822
8d4b0d1b-267c-4a9c-8a11-1b0c81c4e837	NR_025423.1	95.038	524	20	6	1	520	1194	673	0.0	819
e3b287fe-3bd5-4686-bb7d-b0d7dcdc8e07	NR_042776.1	90.751	519	28	17	1	509	526	18	0.0	675
e3b287fe-3bd5-4686-bb7d-b0d7dcdc8e07	NR_197695.1	90.559	519	29	17	1	509	525	17	0.0	669
e3b287fe-3bd5-4686-bb7d-b0d7dcdc8e07	NR_042778.1	90.366	519	30	17	1	509	526	18	0.0	664
e3b287fe-3bd5-4686-bb7d-b0d7dcdc8e07	NR_042777.1	90.173	519	30	17	1	509	525	18	0.0	656
e3b287fe-3bd5-4686-bb7d-b0d7dcdc8e07	NR_118998.1	89.403	519	35	17	1	509	521	13	0.0	638
1204a7e3-b9de-4663-b3f1-e3875a530401	NR_041879.1	94.941	593	18	10	19	601	1057	467	0.0	918
1204a7e3-b9de-4663-b3f1-e3875a530401	NR_115355.1	94.941	593	18	10	19	601	1100	510	0.0	918
1204a7e3-b9de-4663-b3f1-e3875a530401	NR_179325.1	94.941	593	18	10	19	601	1074	484	0.0	918
1204a7e3-b9de-4663-b3f1-e3875a530401	NR_119169.1	94.772	593	19	10	19	601	1105	515	0.0	915
1204a7e3-b9de-4663-b3f1-e3875a530401	NR_025762.1	94.435	593	21	10	19	601	1078	488	0.0	902
dd23f58c-a3b6-4bc5-84cb-97778cbe69fa	NR_179540.1	93.619	1144	38	28	4	1127	1141	13	0.0	1676
dd23f58c-a3b6-4bc5-84cb-97778cbe69fa	NR_028665.1	93.263	1143	44	26	4	1127	1138	10	0.0	1655
dd23f58c-a3b6-4bc5-84cb-97778cbe69fa	NR_115239.1	93.386	1134	43	25	4	1118	1121	1	0.0	1650
dd23f58c-a3b6-4bc5-84cb-97778cbe69fa	NR_117496.1	93.298	1134	44	25	4	1118	1121	1	0.0	1646
dd23f58c-a3b6-4bc5-84cb-97778cbe69fa	NR_156072.1	91.892	1147	54	32	4	1127	1143	13	0.0	1567
dd2ea10d-a216-49a4-b636-23c220b05138	NR_115355.1	95.607	1161	31	17	18	1171	1148	1	0.0	1847
dd2ea10d-a216-49a4-b636-23c220b05138	NR_119169.1	95.275	1164	35	17	18	1174	1153	3	0.0	1834
dd2ea10d-a216-49a4-b636-23c220b05138	NR_163639.1	94.992	1178	32	24	18	1187	1163	5	0.0	1823
dd2ea10d-a216-49a4-b636-23c220b05138	NR_074980.1	94.737	1178	41	18	18	1188	1175	12	0.0	1812
dd2ea10d-a216-49a4-b636-23c220b05138	NR_113031.1	94.737	1178	41	18	18	1188	1175	12	0.0	1812
d818694d-f19a-499e-a9a0-6a42adb2f8c2	NR_025862.1	96.175	366	8	4	1	364	372	11	1.65e-170	597
d818694d-f19a-499e-a9a0-6a42adb2f8c2	NR_028682.1	93.443	366	15	7	1	362	373	13	1.31e-151	534
d818694d-f19a-499e-a9a0-6a42adb2f8c2	NR_026454.1	87.464	351	34	8	1	345	347	1	6.46e-110	396
d818694d-f19a-499e-a9a0-6a42adb2f8c2	NR_025863.1	85.753	372	40	11	1	364	377	11	1.40e-106	385
d818694d-f19a-499e-a9a0-6a42adb2f8c2	NR_112661.1	84.741	367	45	9	3	364	362	2	3.05e-98	357
914f1bae-8108-4f90-9047-dec12c009336	NR_133752.1	91.389	511	22	17	1	498	462	963	0.0	680
914f1bae-8108-4f90-9047-dec12c009336	NR_133753.1	91.389	511	22	17	1	498	491	992	0.0	680
914f1bae-8108-4f90-9047-dec12c009336	NR_025904.1	91.389	511	22	17	1	498	536	1037	0.0	680
914f1bae-8108-4f90-9047-dec12c009336	NR_026419.1	91.389	511	22	17	1	498	525	1026	0.0	680
914f1bae-8108-4f90-9047-dec12c009336	NR_025903.1	91.389	511	22	17	1	498	537	1038	0.0	680
04030c6d-1f19-4f95-b09e-cfbea20cd684	NR_119169.1	90.079	1018	51	40	1	982	1004	1	0.0	1279
04030c6d-1f19-4f95-b09e-cfbea20cd684	NR_074980.1	89.941	1024	55	39	4	992	1023	13	0.0	1277
04030c6d-1f19-4f95-b09e-cfbea20cd684	NR_113031.1	89.941	1024	55	39	4	992	1023	13	0.0	1277
04030c6d-1f19-4f95-b09e-cfbea20cd684	NR_115355.1	90.128	1013	50	40	1	977	999	1	0.0	1273
04030c6d-1f19-4f95-b09e-cfbea20cd684	NR_163639.1	89.766	1026	55	41	1	992	1014	5	0.0	1267
b713dbe1-a75e-47cd-b9a3-0b8f94f72c00	NR_028665.1	95.745	564	12	8	5	562	558	1115	0.0	898
b713dbe1-a75e-47cd-b9a3-0b8f94f72c00	NR_115239.1	95.745	564	12	8	5	562	541	1098	0.0	898
b713dbe1-a75e-47cd-b9a3-0b8f94f72c00	NR_116213.1	95.745	564	12	8	5	562	466	1023	0.0	898
b713dbe1-a75e-47cd-b9a3-0b8f94f72c00	NR_117496.1	95.745	564	12	8	5	562	541	1098	0.0	898
b713dbe1-a75e-47cd-b9a3-0b8f94f72c00	NR_027214.1	95.745	564	12	8	5	562	541	1098	0.0	898
38375da1-71cc-4223-b1f3-759493f9cdf5	NR_024842.1	93.383	665	24	16	1	649	829	1489	0.0	966
38375da1-71cc-4223-b1f3-759493f9cdf5	NR_115735.1	93.373	664	24	16	1	648	805	1464	0.0	965
38375da1-71cc-4223-b1f3-759493f9cdf5	NR_199974.1	92.943	666	26	16	1	649	841	1502	0.0	950
38375da1-71cc-4223-b1f3-759493f9cdf5	NR_115241.1	92.890	661	27	16	1	645	814	1470	0.0	948
38375da1-71cc-4223-b1f3-759493f9cdf5	NR_109720.1	93.529	649	21	17	1	632	808	1452	0.0	946
3984ffd2-a6ae-492f-8605-64c0ba0db791	NR_042776.1	96.121	464	9	7	1	458	1042	1502	0.0	749
3984ffd2-a6ae-492f-8605-64c0ba0db791	NR_042777.1	96.121	464	9	7	1	458	1041	1501	0.0	749
3984ffd2-a6ae-492f-8605-64c0ba0db791	NR_042778.1	95.905	464	10	7	1	458	1042	1502	0.0	743
3984ffd2-a6ae-492f-8605-64c0ba0db791	NR_118998.1	95.905	464	10	7	1	458	1036	1496	0.0	743
3984ffd2-a6ae-492f-8605-64c0ba0db791	NR_197695.1	95.690	464	11	7	1	458	1041	1501	0.0	737
ca79ac99-de68-4201-a97a-ebb1f5df0eb8	NR_163639.1	93.694	444	13	11	1	431	1056	1497	0.0	651
ca79ac99-de68-4201-a97a-ebb1f5df0eb8	NR_179325.1	93.694	444	13	11	1	431	1015	1456	0.0	651
ca79ac99-de68-4201-a97a-ebb1f5df0eb8	NR_115355.1	93.468	444	14	11	1	431	1041	1482	0.0	645
ca79ac99-de68-4201-a97a-ebb1f5df0eb8	NR_115354.1	93.243	444	15	11	1	431	1041	1482	0.0	640
ca79ac99-de68-4201-a97a-ebb1f5df0eb8	NR_119169.1	92.793	444	17	11	1	431	1046	1487	0.0	632
df96d8b9-2837-440b-b23c-e3a4423147a4	NR_119169.1	93.904	689	26	14	1	680	682	1	0.0	1029
df96d8b9-2837-440b-b23c-e3a4423147a4	NR_115355.1	94.006	684	25	14	1	675	677	1	0.0	1026
df96d8b9-2837-440b-b23c-e3a4423147a4	NR_163639.1	93.562	699	26	17	1	690	693	5	0.0	1024
df96d8b9-2837-440b-b23c-e3a4423147a4	NR_074980.1	93.133	699	32	14	1	690	704	13	0.0	1011
df96d8b9-2837-440b-b23c-e3a4423147a4	NR_113031.1	93.133	699	32	14	1	690	704	13	0.0	1011
ccec74c3-6567-46de-8367-feac20198cf1	NR_028664.1	84.559	136	9	8	2	126	162	28	1.08e-28	124
ccec74c3-6567-46de-8367-feac20198cf1	NR_115240.1	84.559	136	9	8	2	126	139	5	1.08e-28	124
ccec74c3-6567-46de-8367-feac20198cf1	NR_115560.1	84.559	136	9	8	2	126	159	25	1.08e-28	124
ccec74c3-6567-46de-8367-feac20198cf1	NR_109720.1	84.672	137	5	8	2	124	135	1	3.89e-28	122
ccec74c3-6567-46de-8367-feac20198cf1	NR_036936.1	84.173	139	6	8	2	126	141	5	1.40e-27	121
0c5c06a1-8b66-4ffe-88c9-be1eeb72242c	NR_025862.1	92.742	372	12	10	4	367	1136	772	8.02e-149	525
0c5c06a1-8b66-4ffe-88c9-be1eeb72242c	NR_026454.1	92.742	372	12	10	4	367	1113	749	2.88e-148	523
0c5c06a1-8b66-4ffe-88c9-be1eeb72242c	NR_028682.1	92.267	375	14	10	1	367	1140	773	1.34e-146	518
0c5c06a1-8b66-4ffe-88c9-be1eeb72242c	NR_040926.1	93.447	351	11	7	4	346	1115	769	2.25e-144	510
0c5c06a1-8b66-4ffe-88c9-be1eeb72242c	NR_043443.1	92.938	354	13	7	1	346	1094	745	2.90e-143	507
3c9e8de2-45c5-41be-a88f-c10b1f80efea	NR_042878.1	95.509	334	8	4	66	392	625	292	2.38e-149	527
3c9e8de2-45c5-41be-a88f-c10b1f80efea	NR_116168.1	95.509	334	8	4	66	392	646	313	2.38e-149	527
3c9e8de2-45c5-41be-a88f-c10b1f80efea	NR_118762.1	93.713	334	14	4	66	392	649	316	1.11e-142	505
3c9e8de2-45c5-41be-a88f-c10b1f80efea	NR_118143.1	93.373	332	15	4	66	390	627	296	4.04e-137	486
3c9e8de2-45c5-41be-a88f-c10b1f80efea	NR_025423.1	93.393	333	13	6	69	392	629	297	1.45e-136	484
f1749116-7eee-4503-ae56-18e2f6fa67a6	NR_179325.1	94.260	1237	38	27	1	1225	1377	162	0.0	1860
f1749116-7eee-4503-ae56-18e2f6fa67a6	NR_115355.1	94.099	1237	40	27	1	1225	1403	188	0.0	1849
f1749116-7eee-4503-ae56-18e2f6fa67a6	NR_041879.1	94.023	1238	40	28	1	1225	1361	145	0.0	1845
f1749116-7eee-4503-ae56-18e2f6fa67a6	NR_119169.1	93.775	1237	44	27	1	1225	1408	193	0.0	1832
f1749116-7eee-4503-ae56-18e2f6fa67a6	NR_163639.1	93.694	1237	41	31	1	1225	1418	207	0.0	1818
44ab27e5-141c-4da0-8db9-7523c0f666a8	NR_113570.1	94.590	1220	36	23	14	1210	278	1490	0.0	1860
44ab27e5-141c-4da0-8db9-7523c0f666a8	NR_043332.1	94.340	1219	40	22	14	1210	271	1482	0.0	1847
44ab27e5-141c-4da0-8db9-7523c0f666a8	NR_074980.1	94.422	1219	39	22	14	1210	298	1509	0.0	1847
44ab27e5-141c-4da0-8db9-7523c0f666a8	NR_113031.1	94.422	1219	39	22	14	1210	298	1509	0.0	1847
44ab27e5-141c-4da0-8db9-7523c0f666a8	NR_115355.1	94.258	1219	41	22	14	1210	271	1482	0.0	1836
f412960d-56e1-46a8-8767-847b621db98a	NR_148589.1	96.243	346	9	4	22	364	1131	1475	1.70e-160	564
f412960d-56e1-46a8-8767-847b621db98a	NR_158064.1	96.243	346	9	4	22	364	1153	1497	1.70e-160	564
f412960d-56e1-46a8-8767-847b621db98a	NR_178262.1	96.254	347	7	6	22	364	1025	1369	1.70e-160	564
f412960d-56e1-46a8-8767-847b621db98a	NR_179215.1	96.254	347	7	6	22	364	1147	1491	1.70e-160	564
f412960d-56e1-46a8-8767-847b621db98a	NR_179720.1	96.254	347	7	6	22	364	1151	1495	1.70e-160	564
69fb1096-3c9e-498a-b741-9cb84f2d1d94	NR_026419.1	98.007	602	9	2	1	600	1349	749	0.0	1042
69fb1096-3c9e-498a-b741-9cb84f2d1d94	NR_133752.1	96.844	602	16	2	1	600	1286	686	0.0	1003
69fb1096-3c9e-498a-b741-9cb84f2d1d94	NR_133753.1	96.844	602	16	2	1	600	1315	715	0.0	1003
69fb1096-3c9e-498a-b741-9cb84f2d1d94	NR_025903.1	96.844	602	16	2	1	600	1361	761	0.0	1003
69fb1096-3c9e-498a-b741-9cb84f2d1d94	NR_025904.1	96.678	602	17	2	1	600	1360	760	0.0	998
e2055809-496d-49a5-8811-7faf98dccad6	NR_024842.1	97.177	673	14	5	1	668	680	8	0.0	1136
e2055809-496d-49a5-8811-7faf98dccad6	NR_115241.1	97.444	665	12	5	1	660	665	1	0.0	1129
e2055809-496d-49a5-8811-7faf98dccad6	NR_115735.1	97.256	656	12	6	1	650	656	1	0.0	1107
e2055809-496d-49a5-8811-7faf98dccad6	NR_178515.1	96.396	666	17	7	1	660	665	1	0.0	1090
e2055809-496d-49a5-8811-7faf98dccad6	NR_114413.1	95.988	673	22	4	1	668	688	16	0.0	1088
55c56cf3-4350-4c47-96ce-6843fbb97a37	NR_042927.1	91.118	608	25	20	1	595	850	1441	0.0	797
55c56cf3-4350-4c47-96ce-6843fbb97a37	NR_115734.1	91.118	608	25	20	1	595	851	1442	0.0	797
55c56cf3-4350-4c47-96ce-6843fbb97a37	NR_179540.1	91.118	608	24	21	1	595	868	1458	0.0	797
55c56cf3-4350-4c47-96ce-6843fbb97a37	NR_199547.1	91.118	608	24	21	1	595	828	1418	0.0	797
55c56cf3-4350-4c47-96ce-6843fbb97a37	NR_028664.1	90.954	608	26	20	1	595	871	1462	0.0	791
4bc37b87-300c-4a4f-9dce-01565cc05ff1	NR_042776.1	96.850	984	16	12	1	972	1009	29	0.0	1631
4bc37b87-300c-4a4f-9dce-01565cc05ff1	NR_042778.1	96.646	984	18	12	1	972	1009	29	0.0	1620
4bc37b87-300c-4a4f-9dce-01565cc05ff1	NR_042777.1	96.545	984	18	13	1	972	1008	29	0.0	1615
4bc37b87-300c-4a4f-9dce-01565cc05ff1	NR_197695.1	96.240	984	22	12	1	972	1008	28	0.0	1598
4bc37b87-300c-4a4f-9dce-01565cc05ff1	NR_118998.1	95.732	984	26	13	1	972	1003	24	0.0	1572
4a1279fd-e738-4439-a9fe-010fa70b53f7	NR_042776.1	92.790	749	30	20	2	736	249	987	0.0	1062
4a1279fd-e738-4439-a9fe-010fa70b53f7	NR_197695.1	92.657	749	31	20	2	736	248	986	0.0	1057
4a1279fd-e738-4439-a9fe-010fa70b53f7	NR_042777.1	92.657	749	30	21	2	736	249	986	0.0	1055
4a1279fd-e738-4439-a9fe-010fa70b53f7	NR_042778.1	92.523	749	32	20	2	736	249	987	0.0	1051
4a1279fd-e738-4439-a9fe-010fa70b53f7	NR_118998.1	92.112	748	36	17	2	736	244	981	0.0	1033
3536f405-4ea9-4197-965a-b7b6527be99a	NR_042776.1	93.112	1263	48	31	1	1238	251	1499	0.0	1814
3536f405-4ea9-4197-965a-b7b6527be99a	NR_042777.1	93.032	1263	48	32	1	1238	251	1498	0.0	1808
3536f405-4ea9-4197-965a-b7b6527be99a	NR_042778.1	92.874	1263	51	31	1	1238	251	1499	0.0	1797
3536f405-4ea9-4197-965a-b7b6527be99a	NR_197695.1	92.874	1263	51	31	1	1238	250	1498	0.0	1797
3536f405-4ea9-4197-965a-b7b6527be99a	NR_118998.1	92.552	1262	56	31	1	1238	246	1493	0.0	1775
28e3e8ea-cb34-46f7-9947-775b87508fa8	NR_115735.1	90.728	1305	63	43	1	1280	193	1464	0.0	1687
28e3e8ea-cb34-46f7-9947-775b87508fa8	NR_024842.1	90.582	1306	65	43	1	1281	217	1489	0.0	1681
28e3e8ea-cb34-46f7-9947-775b87508fa8	NR_165737.1	90.699	1301	60	46	4	1277	205	1471	0.0	1676
28e3e8ea-cb34-46f7-9947-775b87508fa8	NR_115241.1	90.476	1302	66	43	1	1277	202	1470	0.0	1670
28e3e8ea-cb34-46f7-9947-775b87508fa8	NR_036936.1	90.546	1301	62	46	4	1277	205	1471	0.0	1664
55c156e5-d1a2-41aa-ad40-0f25e8a2c211	NR_136788.1	92.486	346	13	9	150	488	780	441	6.67e-136	483
55c156e5-d1a2-41aa-ad40-0f25e8a2c211	NR_026230.1	92.903	310	14	7	150	453	758	451	3.15e-124	444
55c156e5-d1a2-41aa-ad40-0f25e8a2c211	NR_113082.1	92.903	310	14	7	150	453	780	473	3.15e-124	444
55c156e5-d1a2-41aa-ad40-0f25e8a2c211	NR_040839.1	88.065	310	29	7	150	453	780	473	3.26e-99	361
55c156e5-d1a2-41aa-ad40-0f25e8a2c211	NR_074140.1	88.065	310	29	7	150	453	745	438	3.26e-99	361
039f2c75-9b86-43bb-8012-c56266a87217	NR_117694.1	96.300	1027	24	12	7	1028	450	1467	0.0	1674
039f2c75-9b86-43bb-8012-c56266a87217	NR_121687.1	95.910	1027	28	12	7	1028	470	1487	0.0	1652
039f2c75-9b86-43bb-8012-c56266a87217	NR_117692.1	95.910	1027	28	12	7	1028	450	1467	0.0	1652
039f2c75-9b86-43bb-8012-c56266a87217	NR_025902.1	95.716	1027	30	12	7	1028	428	1445	0.0	1640
039f2c75-9b86-43bb-8012-c56266a87217	NR_117696.1	95.547	1033	32	12	1	1028	431	1454	0.0	1640
fca63001-517f-44bd-9b59-8aaa5729d314	NR_119170.1	91.452	854	30	33	3	823	847	4	0.0	1134
fca63001-517f-44bd-9b59-8aaa5729d314	NR_115354.1	91.315	852	31	33	3	821	842	1	0.0	1125
fca63001-517f-44bd-9b59-8aaa5729d314	NR_163639.1	90.679	869	33	38	3	837	858	4	0.0	1112
fca63001-517f-44bd-9b59-8aaa5729d314	NR_119169.1	90.771	856	34	35	3	824	847	3	0.0	1105
fca63001-517f-44bd-9b59-8aaa5729d314	NR_115355.1	90.856	853	33	35	3	821	842	1	0.0	1103
9dcd5ca1-f527-4f6b-851a-9f37bb435c3b	NR_119169.1	92.389	1130	44	32	1	1118	1100	1	0.0	1576
9dcd5ca1-f527-4f6b-851a-9f37bb435c3b	NR_115355.1	92.444	1125	43	32	1	1113	1095	1	0.0	1572
9dcd5ca1-f527-4f6b-851a-9f37bb435c3b	NR_163639.1	92.119	1142	42	38	1	1129	1110	4	0.0	1567
9dcd5ca1-f527-4f6b-851a-9f37bb435c3b	NR_074980.1	92.018	1140	49	31	1	1128	1122	13	0.0	1563
9dcd5ca1-f527-4f6b-851a-9f37bb435c3b	NR_113031.1	92.018	1140	49	31	1	1128	1122	13	0.0	1563
c35a966d-8282-4c87-8b4b-9cc08eb19e07	NR_044091.1	94.415	376	12	9	4	372	1126	753	3.76e-162	569
c35a966d-8282-4c87-8b4b-9cc08eb19e07	NR_042940.1	93.617	376	15	9	4	372	1124	751	3.78e-157	553
c35a966d-8282-4c87-8b4b-9cc08eb19e07	NR_025762.1	93.351	376	15	10	4	372	1189	817	1.76e-155	547
c35a966d-8282-4c87-8b4b-9cc08eb19e07	NR_041879.1	93.351	376	16	9	4	372	1169	796	1.76e-155	547
c35a966d-8282-4c87-8b4b-9cc08eb19e07	NR_113570.1	93.351	376	15	10	4	372	1218	846	1.76e-155	547
bb89d04d-98dd-4294-990c-03423d15a7bc	NR_117696.1	88.985	1271	77	50	2	1244	198	1433	0.0	1513
bb89d04d-98dd-4294-990c-03423d15a7bc	NR_104947.1	88.906	1271	78	50	2	1244	184	1419	0.0	1507
bb89d04d-98dd-4294-990c-03423d15a7bc	NR_117717.1	88.906	1271	77	51	2	1244	232	1466	0.0	1507
bb89d04d-98dd-4294-990c-03423d15a7bc	NR_117694.1	88.932	1274	72	56	2	1244	211	1446	0.0	1507
bb89d04d-98dd-4294-990c-03423d15a7bc	NR_117701.1	88.828	1271	79	50	2	1244	211	1446	0.0	1502
71059d58-2e65-4eb5-977b-f26085f4fb00	NR_178515.1	94.045	806	22	18	1	792	255	1048	0.0	1199
71059d58-2e65-4eb5-977b-f26085f4fb00	NR_165737.1	93.921	806	23	18	1	792	255	1048	0.0	1194
71059d58-2e65-4eb5-977b-f26085f4fb00	NR_115735.1	93.672	806	25	18	1	792	246	1039	0.0	1182
71059d58-2e65-4eb5-977b-f26085f4fb00	NR_116211.1	93.672	806	25	18	1	792	178	971	0.0	1182
71059d58-2e65-4eb5-977b-f26085f4fb00	NR_036936.1	93.556	807	24	20	1	792	255	1048	0.0	1177
1b083990-0a1d-4bb2-9dde-f49ce73258db	NR_042776.1	97.607	1337	14	14	1	1327	171	1499	0.0	2276
1b083990-0a1d-4bb2-9dde-f49ce73258db	NR_042777.1	97.382	1337	16	15	1	1327	171	1498	0.0	2257
1b083990-0a1d-4bb2-9dde-f49ce73258db	NR_042778.1	97.307	1337	18	14	1	1327	171	1499	0.0	2254
1b083990-0a1d-4bb2-9dde-f49ce73258db	NR_197695.1	97.008	1337	22	14	1	1327	170	1498	0.0	2231
1b083990-0a1d-4bb2-9dde-f49ce73258db	NR_118998.1	96.784	1337	24	15	1	1327	166	1493	0.0	2213
06782f3a-f48b-4ed0-a794-29cfb5781348	NR_179900.1	75.994	654	105	38	691	1308	782	1419	1.25e-77	291
06782f3a-f48b-4ed0-a794-29cfb5781348	NR_151898.1	72.538	1198	218	81	190	1308	225	1390	1.61e-76	287
06782f3a-f48b-4ed0-a794-29cfb5781348	NR_025298.1	84.762	210	26	5	1100	1308	1196	1400	4.64e-52	206
06782f3a-f48b-4ed0-a794-29cfb5781348	NR_042347.1	84.951	206	25	5	1104	1308	1220	1420	1.67e-51	204
06782f3a-f48b-4ed0-a794-29cfb5781348	NR_108839.1	84.541	207	27	4	1100	1306	1220	1421	2.16e-50	200
d3887b4d-2ddd-4b59-9602-01cbd6d28f3a	NR_178515.1	93.654	520	20	11	1	511	520	5	0.0	765
d3887b4d-2ddd-4b59-9602-01cbd6d28f3a	NR_165737.1	93.436	518	21	11	3	511	518	5	0.0	756
d3887b4d-2ddd-4b59-9602-01cbd6d28f3a	NR_114413.1	92.509	534	25	13	1	525	543	16	0.0	750
d3887b4d-2ddd-4b59-9602-01cbd6d28f3a	NR_042927.1	92.885	520	24	12	1	511	520	5	0.0	743
d3887b4d-2ddd-4b59-9602-01cbd6d28f3a	NR_115734.1	92.500	520	26	12	1	511	521	6	0.0	736
dc3a2cdb-47ba-4cf0-8356-33e5d2bcdcd5	NR_042928.1	94.816	733	27	11	21	747	686	1413	0.0	1133
dc3a2cdb-47ba-4cf0-8356-33e5d2bcdcd5	NR_179540.1	94.816	733	27	11	21	747	706	1433	0.0	1133
dc3a2cdb-47ba-4cf0-8356-33e5d2bcdcd5	NR_199547.1	94.679	733	28	11	21	747	666	1393	0.0	1127
dc3a2cdb-47ba-4cf0-8356-33e5d2bcdcd5	NR_116206.1	94.890	724	26	11	21	738	611	1329	0.0	1123
dc3a2cdb-47ba-4cf0-8356-33e5d2bcdcd5	NR_042927.1	94.543	733	29	11	21	747	688	1415	0.0	1122
46ccd53e-6a34-4479-a104-52e3258e1e63	NR_044873.1	98.077	156	2	1	1	155	1221	1066	1.89e-72	270
46ccd53e-6a34-4479-a104-52e3258e1e63	NR_026158.1	97.436	156	3	1	1	155	1208	1053	8.79e-71	265
46ccd53e-6a34-4479-a104-52e3258e1e63	NR_026159.1	97.436	156	3	1	1	155	1208	1053	8.79e-71	265
46ccd53e-6a34-4479-a104-52e3258e1e63	NR_026511.1	97.436	156	3	1	1	155	1205	1050	8.79e-71	265
46ccd53e-6a34-4479-a104-52e3258e1e63	NR_025074.1	97.436	156	3	1	1	155	1202	1047	8.79e-71	265
2d4caa6b-63d9-4392-8520-d81ceb6c0547	NR_024842.1	98.193	498	4	5	1	495	994	1489	0.0	865
2d4caa6b-63d9-4392-8520-d81ceb6c0547	NR_115735.1	98.189	497	4	5	1	494	970	1464	0.0	863
2d4caa6b-63d9-4392-8520-d81ceb6c0547	NR_028664.1	97.796	499	5	6	1	495	1000	1496	0.0	856
2d4caa6b-63d9-4392-8520-d81ceb6c0547	NR_115240.1	97.778	495	5	6	1	491	977	1469	0.0	848
2d4caa6b-63d9-4392-8520-d81ceb6c0547	NR_156072.1	97.590	498	7	5	1	495	999	1494	0.0	848
4ee286aa-7ffc-4c7a-b00e-f4fa5d237d04	NR_113570.1	94.334	353	7	7	1	340	1219	867	5.68e-150	529
4ee286aa-7ffc-4c7a-b00e-f4fa5d237d04	NR_025762.1	94.051	353	8	7	1	340	1190	838	2.64e-148	523
4ee286aa-7ffc-4c7a-b00e-f4fa5d237d04	NR_115355.1	94.051	353	8	7	1	340	1212	860	2.64e-148	523
4ee286aa-7ffc-4c7a-b00e-f4fa5d237d04	NR_163639.1	94.034	352	9	6	1	340	1227	876	2.64e-148	523
4ee286aa-7ffc-4c7a-b00e-f4fa5d237d04	NR_179325.1	94.051	353	8	7	1	340	1186	834	2.64e-148	523
11016650-854d-4a85-bd88-ce489bbfdd1d	NR_102895.1	87.109	543	42	24	1	526	552	21	4.10e-168	590
11016650-854d-4a85-bd88-ce489bbfdd1d	NR_113113.1	86.924	543	43	26	1	526	532	1	1.91e-166	584
11016650-854d-4a85-bd88-ce489bbfdd1d	NR_042843.1	86.729	535	43	26	1	518	524	1	1.48e-162	571
11016650-854d-4a85-bd88-ce489bbfdd1d	NR_114305.1	85.793	542	51	22	1	526	544	13	1.93e-156	551
11016650-854d-4a85-bd88-ce489bbfdd1d	NR_116726.1	85.581	534	51	24	1	518	524	1	5.41e-152	536
f83ee2ab-76d9-48e9-b922-58e8dce4cfc8	NR_179325.1	94.229	1369	31	37	1	1340	1363	14	0.0	2047
f83ee2ab-76d9-48e9-b922-58e8dce4cfc8	NR_041879.1	94.260	1359	32	36	1	1332	1347	8	0.0	2036
f83ee2ab-76d9-48e9-b922-58e8dce4cfc8	NR_115355.1	94.079	1368	34	36	1	1340	1389	41	0.0	2036
f83ee2ab-76d9-48e9-b922-58e8dce4cfc8	NR_119169.1	93.787	1368	38	33	1	1340	1394	46	0.0	2017
f83ee2ab-76d9-48e9-b922-58e8dce4cfc8	NR_163639.1	93.791	1369	32	41	1	1340	1404	60	0.0	2008
0beb08e9-efe7-424f-8976-f75d7ab750dd	NR_024842.1	94.849	796	21	16	3	788	707	1492	0.0	1225
0beb08e9-efe7-424f-8976-f75d7ab750dd	NR_115735.1	94.823	792	21	17	3	784	683	1464	0.0	1218
0beb08e9-efe7-424f-8976-f75d7ab750dd	NR_036936.1	95.128	780	20	16	3	774	692	1461	0.0	1214
0beb08e9-efe7-424f-8976-f75d7ab750dd	NR_109720.1	95.000	780	21	16	3	774	686	1455	0.0	1208
0beb08e9-efe7-424f-8976-f75d7ab750dd	NR_156072.1	94.347	796	25	16	3	788	712	1497	0.0	1203
109a4f45-62fa-45c6-98ea-6fd75ae3cd50	NR_074980.1	95.788	831	22	13	1	823	842	17	0.0	1328
109a4f45-62fa-45c6-98ea-6fd75ae3cd50	NR_113031.1	95.788	831	22	13	1	823	842	17	0.0	1328
109a4f45-62fa-45c6-98ea-6fd75ae3cd50	NR_119168.1	95.879	825	21	13	1	817	820	1	0.0	1323
109a4f45-62fa-45c6-98ea-6fd75ae3cd50	NR_117759.1	95.626	823	23	13	1	815	818	1	0.0	1310
109a4f45-62fa-45c6-98ea-6fd75ae3cd50	NR_043332.1	95.610	820	23	13	1	812	815	1	0.0	1304
d23c6160-e3f4-47e9-a56e-79c489cce483	NR_178515.1	93.266	787	18	25	8	766	1042	263	0.0	1127
d23c6160-e3f4-47e9-a56e-79c489cce483	NR_165737.1	92.884	787	21	25	8	766	1042	263	0.0	1110
d23c6160-e3f4-47e9-a56e-79c489cce483	NR_115735.1	92.748	786	24	24	8	766	1033	254	0.0	1105
d23c6160-e3f4-47e9-a56e-79c489cce483	NR_116211.1	92.748	786	24	24	8	766	965	186	0.0	1105
d23c6160-e3f4-47e9-a56e-79c489cce483	NR_024842.1	92.611	785	25	24	8	765	1057	279	0.0	1099
dcc9f5a3-57c9-4b3b-b4a6-816f5f0aa34c	NR_042776.1	98.204	835	8	7	11	840	855	23	0.0	1452
dcc9f5a3-57c9-4b3b-b4a6-816f5f0aa34c	NR_042778.1	97.964	835	10	7	11	840	855	23	0.0	1441
dcc9f5a3-57c9-4b3b-b4a6-816f5f0aa34c	NR_042777.1	97.844	835	10	8	11	840	854	23	0.0	1435
dcc9f5a3-57c9-4b3b-b4a6-816f5f0aa34c	NR_197695.1	97.485	835	14	7	11	840	854	22	0.0	1419
dcc9f5a3-57c9-4b3b-b4a6-816f5f0aa34c	NR_118998.1	97.365	835	15	7	11	840	850	18	0.0	1415
2118bb7d-3ef2-4aed-90fc-0fa11e8d0eba	NR_113570.1	91.510	907	40	29	18	901	599	1491	0.0	1214
2118bb7d-3ef2-4aed-90fc-0fa11e8d0eba	NR_043332.1	91.391	906	42	28	18	901	592	1483	0.0	1212
2118bb7d-3ef2-4aed-90fc-0fa11e8d0eba	NR_074980.1	91.391	906	42	28	18	901	619	1510	0.0	1208
2118bb7d-3ef2-4aed-90fc-0fa11e8d0eba	NR_113031.1	91.391	906	42	28	18	901	619	1510	0.0	1208
2118bb7d-3ef2-4aed-90fc-0fa11e8d0eba	NR_115355.1	91.391	906	42	28	18	901	592	1483	0.0	1208
e3ccbd86-673b-4f56-aa42-47050eca245c	NR_042928.1	91.869	824	38	25	5	815	808	1	0.0	1123
e3ccbd86-673b-4f56-aa42-47050eca245c	NR_199547.1	92.115	799	37	23	5	790	788	3	0.0	1103
e3ccbd86-673b-4f56-aa42-47050eca245c	NR_112026.1	91.677	805	39	24	5	796	790	1	0.0	1092
e3ccbd86-673b-4f56-aa42-47050eca245c	NR_165747.1	91.141	824	44	26	5	815	808	1	0.0	1090
e3ccbd86-673b-4f56-aa42-47050eca245c	NR_117719.1	90.832	829	47	25	5	820	828	16	0.0	1083
cb3a4874-d5fe-4b35-8c17-fd94d781f8a0	NR_026419.1	95.648	1149	23	20	1	1136	350	1484	0.0	1820
cb3a4874-d5fe-4b35-8c17-fd94d781f8a0	NR_025903.1	94.691	1149	33	22	1	1136	362	1495	0.0	1759
cb3a4874-d5fe-4b35-8c17-fd94d781f8a0	NR_025904.1	94.179	1151	35	25	1	1136	361	1494	0.0	1725
cb3a4874-d5fe-4b35-8c17-fd94d781f8a0	NR_133753.1	94.667	1125	33	21	1	1112	316	1426	0.0	1720
cb3a4874-d5fe-4b35-8c17-fd94d781f8a0	NR_133752.1	94.489	1125	35	21	1	1112	287	1397	0.0	1709
79ae21d0-9ad4-4a15-b73d-955c161fc86a	NR_024842.1	98.347	484	6	2	1	483	1012	1494	0.0	848
79ae21d0-9ad4-4a15-b73d-955c161fc86a	NR_115735.1	98.536	478	5	2	1	477	988	1464	0.0	843
79ae21d0-9ad4-4a15-b73d-955c161fc86a	NR_028664.1	97.938	485	7	3	1	483	1018	1501	0.0	837
79ae21d0-9ad4-4a15-b73d-955c161fc86a	NR_199956.1	97.938	485	7	3	1	483	1017	1500	0.0	837
79ae21d0-9ad4-4a15-b73d-955c161fc86a	NR_152678.1	97.732	485	8	3	1	483	1017	1500	0.0	832
09bd4509-0088-4578-b8e9-2ce868fc7ebb	NR_042928.1	88.791	1133	68	47	31	1126	1205	95	0.0	1334
09bd4509-0088-4578-b8e9-2ce868fc7ebb	NR_165747.1	88.654	1137	67	50	31	1126	1210	95	0.0	1328
09bd4509-0088-4578-b8e9-2ce868fc7ebb	NR_199541.1	88.703	1133	69	47	31	1126	1183	73	0.0	1328
09bd4509-0088-4578-b8e9-2ce868fc7ebb	NR_116206.1	88.614	1133	70	47	31	1126	1130	20	0.0	1327
09bd4509-0088-4578-b8e9-2ce868fc7ebb	NR_199547.1	88.614	1133	70	47	31	1126	1185	75	0.0	1323
e7e83125-9b9f-4dfa-ad23-04bcd27f5110	NR_025903.1	97.711	1005	15	6	1	1000	1008	7	0.0	1722
e7e83125-9b9f-4dfa-ad23-04bcd27f5110	NR_133753.1	97.817	962	13	6	1	957	962	4	0.0	1653
e7e83125-9b9f-4dfa-ad23-04bcd27f5110	NR_026419.1	96.496	999	26	7	1	993	996	1	0.0	1642
e7e83125-9b9f-4dfa-ad23-04bcd27f5110	NR_025904.1	95.929	1007	29	10	1	1000	1007	6	0.0	1622
e7e83125-9b9f-4dfa-ad23-04bcd27f5110	NR_133752.1	97.752	934	14	5	1	930	933	3	0.0	1602
069546ca-c8a6-4138-b357-f8a67f0b0bea	NR_115355.1	92.516	962	38	23	140	1079	483	1432	0.0	1347
069546ca-c8a6-4138-b357-f8a67f0b0bea	NR_115355.1	100.000	28	0	0	1085	1112	1458	1485	5.15e-06	52.8
069546ca-c8a6-4138-b357-f8a67f0b0bea	NR_179325.1	92.516	962	38	22	140	1079	457	1406	0.0	1347
069546ca-c8a6-4138-b357-f8a67f0b0bea	NR_179325.1	100.000	28	0	0	1085	1112	1432	1459	5.15e-06	52.8
069546ca-c8a6-4138-b357-f8a67f0b0bea	NR_163639.1	92.412	962	38	24	140	1079	499	1447	0.0	1339
069546ca-c8a6-4138-b357-f8a67f0b0bea	NR_163639.1	100.000	28	0	0	1085	1112	1473	1500	5.15e-06	52.8
069546ca-c8a6-4138-b357-f8a67f0b0bea	NR_119169.1	92.204	962	41	23	140	1079	488	1437	0.0	1334
069546ca-c8a6-4138-b357-f8a67f0b0bea	NR_119169.1	100.000	28	0	0	1085	1112	1463	1490	5.15e-06	52.8
069546ca-c8a6-4138-b357-f8a67f0b0bea	NR_115354.1	88.989	1108	76	31	1	1079	342	1432	0.0	1332
069546ca-c8a6-4138-b357-f8a67f0b0bea	NR_115354.1	100.000	28	0	0	1085	1112	1458	1485	5.15e-06	52.8
3483f13d-2199-4973-878b-663521e9de6a	NR_178515.1	94.653	692	14	21	1	674	897	211	0.0	1051
3483f13d-2199-4973-878b-663521e9de6a	NR_036936.1	94.509	692	15	21	1	674	897	211	0.0	1046
3483f13d-2199-4973-878b-663521e9de6a	NR_115241.1	94.509	692	15	21	1	674	897	211	0.0	1046
3483f13d-2199-4973-878b-663521e9de6a	NR_115735.1	94.509	692	15	21	1	674	888	202	0.0	1046
3483f13d-2199-4973-878b-663521e9de6a	NR_116211.1	94.509	692	15	21	1	674	820	134	0.0	1046
20439b62-1d11-4373-ab12-cf4c4f2a880f	NR_026419.1	92.611	406	14	11	1	392	605	202	3.96e-162	569
20439b62-1d11-4373-ab12-cf4c4f2a880f	NR_133753.1	91.768	413	17	12	1	398	571	161	8.57e-159	558
20439b62-1d11-4373-ab12-cf4c4f2a880f	NR_026469.1	92.118	406	16	11	1	392	607	204	8.57e-159	558
20439b62-1d11-4373-ab12-cf4c4f2a880f	NR_025903.1	91.768	413	17	12	1	398	617	207	8.57e-159	558
20439b62-1d11-4373-ab12-cf4c4f2a880f	NR_133752.1	91.283	413	19	12	1	398	542	132	1.86e-155	547
1c5c9c9e-0193-4e9f-8430-36bbd98b6f1c	NR_042776.1	96.215	1321	25	20	6	1311	189	1499	0.0	2139
1c5c9c9e-0193-4e9f-8430-36bbd98b6f1c	NR_042777.1	96.139	1321	25	21	6	1311	189	1498	0.0	2134
1c5c9c9e-0193-4e9f-8430-36bbd98b6f1c	NR_042778.1	95.912	1321	29	20	6	1311	189	1499	0.0	2117
1c5c9c9e-0193-4e9f-8430-36bbd98b6f1c	NR_197695.1	95.685	1321	32	20	6	1311	188	1498	0.0	2100
1c5c9c9e-0193-4e9f-8430-36bbd98b6f1c	NR_118998.1	95.455	1320	36	20	6	1311	184	1493	0.0	2084
6368a8ef-67d3-4976-b933-598ebe549825	NR_025862.1	95.742	1362	27	21	1	1346	1357	11	0.0	2176
6368a8ef-67d3-4976-b933-598ebe549825	NR_028682.1	94.208	1364	41	29	1	1344	1358	13	0.0	2047
6368a8ef-67d3-4976-b933-598ebe549825	NR_026454.1	93.111	1350	54	29	1	1327	1334	1	0.0	1941
6368a8ef-67d3-4976-b933-598ebe549825	NR_025863.1	89.781	1370	98	32	1	1346	1362	11	0.0	1727
6368a8ef-67d3-4976-b933-598ebe549825	NR_029337.1	89.034	1377	95	37	1	1344	1366	13	0.0	1655
b5d50e13-4cdb-4837-ab7a-9f3742387d1f	NR_026419.1	90.949	453	21	17	5	441	449	1	9.56e-169	592
b5d50e13-4cdb-4837-ab7a-9f3742387d1f	NR_025903.1	89.245	437	29	15	20	443	443	12	2.11e-150	531
b5d50e13-4cdb-4837-ab7a-9f3742387d1f	NR_025904.1	89.016	437	30	15	20	443	442	11	9.83e-149	525
b5d50e13-4cdb-4837-ab7a-9f3742387d1f	NR_133753.1	91.139	395	20	13	20	401	397	5	1.27e-147	521
b5d50e13-4cdb-4837-ab7a-9f3742387d1f	NR_133752.1	90.270	370	21	13	20	376	368	1	4.67e-132	470
133ade0c-76d2-4f38-bb92-ba08c7e3026a	NR_108485.1	87.708	480	42	14	1	466	791	315	2.84e-154	544
133ade0c-76d2-4f38-bb92-ba08c7e3026a	NR_180669.1	86.820	478	46	13	3	466	835	361	1.72e-146	518
133ade0c-76d2-4f38-bb92-ba08c7e3026a	NR_179271.1	86.611	478	46	15	3	466	815	342	8.00e-145	512
133ade0c-76d2-4f38-bb92-ba08c7e3026a	NR_112882.1	86.402	478	48	14	3	466	826	352	3.72e-143	507
133ade0c-76d2-4f38-bb92-ba08c7e3026a	NR_169485.1	86.458	480	44	17	3	466	808	334	3.72e-143	507
fb4e29c7-9742-44e8-a29b-de445d6df84c	NR_025863.1	92.769	484	21	11	1	472	482	1	0.0	689
fb4e29c7-9742-44e8-a29b-de445d6df84c	NR_025863.1	87.692	390	20	17	512	876	79	465	1.23e-120	433
fb4e29c7-9742-44e8-a29b-de445d6df84c	NR_025862.1	85.802	486	45	23	1	472	476	1	4.31e-140	497
fb4e29c7-9742-44e8-a29b-de445d6df84c	NR_025862.1	78.507	442	49	33	465	870	23	454	3.70e-66	252
fb4e29c7-9742-44e8-a29b-de445d6df84c	NR_179378.1	84.134	479	56	18	5	469	475	3	1.58e-124	446
fb4e29c7-9742-44e8-a29b-de445d6df84c	NR_026454.1	84.716	458	49	18	2	442	454	1	2.65e-122	438
fb4e29c7-9742-44e8-a29b-de445d6df84c	NR_026454.1	81.551	374	40	18	529	876	66	436	4.72e-75	281
fb4e29c7-9742-44e8-a29b-de445d6df84c	NR_025400.1	84.086	465	48	24	8	456	455	1	2.06e-118	425
d35f3a51-a316-4c0b-8603-f2b46f79007a	NR_114413.1	93.665	1389	55	27	1	1366	1395	17	0.0	2047
d35f3a51-a316-4c0b-8603-f2b46f79007a	NR_024842.1	93.521	1389	57	27	1	1366	1387	9	0.0	2039
d35f3a51-a316-4c0b-8603-f2b46f79007a	NR_042927.1	93.755	1377	54	26	1	1354	1372	5	0.0	2037
d35f3a51-a316-4c0b-8603-f2b46f79007a	NR_115734.1	93.609	1377	56	26	1	1354	1373	6	0.0	2030
d35f3a51-a316-4c0b-8603-f2b46f79007a	NR_115241.1	93.415	1382	58	27	1	1359	1372	1	0.0	2021
498267c6-f331-42e2-8859-f9e7368b0c97	NR_108477.1	96.581	234	6	2	67	298	1379	1146	3.18e-107	387
498267c6-f331-42e2-8859-f9e7368b0c97	NR_199543.1	96.581	234	6	2	67	298	1483	1250	3.18e-107	387
498267c6-f331-42e2-8859-f9e7368b0c97	NR_036936.1	96.154	234	7	2	67	298	1448	1215	1.48e-105	381
498267c6-f331-42e2-8859-f9e7368b0c97	NR_025453.1	96.154	234	7	2	67	298	1448	1215	1.48e-105	381
498267c6-f331-42e2-8859-f9e7368b0c97	NR_028666.1	96.154	234	7	2	67	298	1472	1239	1.48e-105	381
1095754f-3882-4112-ab0e-e43cfa5a79c1	NR_116168.1	98.289	526	7	2	1	525	963	1487	0.0	920
1095754f-3882-4112-ab0e-e43cfa5a79c1	NR_118762.1	97.885	520	9	2	1	519	965	1483	0.0	902
1095754f-3882-4112-ab0e-e43cfa5a79c1	NR_025423.1	95.611	524	19	4	1	522	947	1468	0.0	837
1095754f-3882-4112-ab0e-e43cfa5a79c1	NR_024897.1	95.455	528	18	5	1	525	962	1486	0.0	837
1095754f-3882-4112-ab0e-e43cfa5a79c1	NR_181418.1	95.283	530	15	8	1	525	962	1486	0.0	832
ad58d462-16eb-4a5c-85c2-31a5615cd4b3	NR_044873.1	94.741	1293	34	25	3	1275	1279	1	0.0	1980
ad58d462-16eb-4a5c-85c2-31a5615cd4b3	NR_074568.1	93.354	1294	51	26	3	1276	1289	11	0.0	1881
ad58d462-16eb-4a5c-85c2-31a5615cd4b3	NR_044712.2	92.968	1294	56	26	3	1276	1298	20	0.0	1862
ad58d462-16eb-4a5c-85c2-31a5615cd4b3	NR_109752.1	92.195	1294	65	28	3	1275	1300	22	0.0	1797
ad58d462-16eb-4a5c-85c2-31a5615cd4b3	NR_025310.1	92.218	1285	63	29	3	1266	1269	1	0.0	1784
6eb82e4f-242f-47be-86b0-dd98487e1265	NR_025903.1	94.058	690	18	18	1	674	688	6	0.0	1026
6eb82e4f-242f-47be-86b0-dd98487e1265	NR_133753.1	93.837	649	18	17	1	634	642	1	0.0	957
6eb82e4f-242f-47be-86b0-dd98487e1265	NR_026419.1	92.105	684	28	19	1	666	676	1	0.0	941
6eb82e4f-242f-47be-86b0-dd98487e1265	NR_025904.1	91.462	691	34	20	1	674	687	5	0.0	926
6eb82e4f-242f-47be-86b0-dd98487e1265	NR_133752.1	94.013	618	17	15	1	605	613	3	0.0	918
