27f5bc4a-be51-49de-9470-ac8a53bb6974	NR_117694.1	94.758	744	21	15	6	736	753	15	0.0	1142
27f5bc4a-be51-49de-9470-ac8a53bb6974	NR_041989.1	95.798	714	16	12	6	708	711	1	0.0	1140
27f5bc4a-be51-49de-9470-ac8a53bb6974	NR_117717.1	93.935	742	31	12	6	736	774	36	0.0	1109
27f5bc4a-be51-49de-9470-ac8a53bb6974	NR_117696.1	93.935	742	31	12	6	736	740	2	0.0	1109
27f5bc4a-be51-49de-9470-ac8a53bb6974	NR_117701.1	93.935	742	31	12	6	736	753	15	0.0	1109
a63a6016-3090-491a-a8ef-5f9ccf3746dd	NR_119169.1	86.927	1025	68	52	1	989	995	1	0.0	1094
a63a6016-3090-491a-a8ef-5f9ccf3746dd	NR_074980.1	86.763	1035	71	52	1	999	1017	13	0.0	1092
a63a6016-3090-491a-a8ef-5f9ccf3746dd	NR_113031.1	86.763	1035	71	52	1	999	1017	13	0.0	1092
a63a6016-3090-491a-a8ef-5f9ccf3746dd	NR_115355.1	86.863	1020	68	52	1	984	990	1	0.0	1083
a63a6016-3090-491a-a8ef-5f9ccf3746dd	NR_163639.1	86.667	1035	68	55	1	999	1005	5	0.0	1083
263ab33e-cf88-4b30-97e1-f37b96ff24ff	NR_041989.1	90.701	1269	65	48	10	1249	1245	1	0.0	1640
263ab33e-cf88-4b30-97e1-f37b96ff24ff	NR_117694.1	89.346	1314	79	56	10	1289	1287	1	0.0	1594
263ab33e-cf88-4b30-97e1-f37b96ff24ff	NR_104947.1	89.300	1271	81	50	10	1250	1260	15	0.0	1543
263ab33e-cf88-4b30-97e1-f37b96ff24ff	NR_117696.1	89.300	1271	81	50	10	1250	1274	29	0.0	1543
263ab33e-cf88-4b30-97e1-f37b96ff24ff	NR_117717.1	88.576	1313	90	55	10	1289	1307	22	0.0	1539
fef156fb-3fa9-420e-8e39-7afbe8701edc	NR_115354.1	89.891	920	57	25	1	893	576	1486	0.0	1155
fef156fb-3fa9-420e-8e39-7afbe8701edc	NR_113570.1	89.685	921	58	27	1	893	583	1494	0.0	1140
fef156fb-3fa9-420e-8e39-7afbe8701edc	NR_043332.1	89.565	920	60	26	1	893	576	1486	0.0	1138
fef156fb-3fa9-420e-8e39-7afbe8701edc	NR_119170.1	89.457	920	61	25	1	893	581	1491	0.0	1136
fef156fb-3fa9-420e-8e39-7afbe8701edc	NR_074980.1	89.565	920	60	26	1	893	603	1513	0.0	1134
83490cec-76d7-4c7c-a3be-10de09b27af3	NR_042777.1	97.074	786	15	7	1	785	152	930	0.0	1317
83490cec-76d7-4c7c-a3be-10de09b27af3	NR_042776.1	96.947	786	17	6	1	785	152	931	0.0	1312
83490cec-76d7-4c7c-a3be-10de09b27af3	NR_042778.1	96.692	786	19	6	1	785	152	931	0.0	1301
83490cec-76d7-4c7c-a3be-10de09b27af3	NR_197695.1	96.565	786	20	6	1	785	151	930	0.0	1295
83490cec-76d7-4c7c-a3be-10de09b27af3	NR_118998.1	96.183	786	23	6	1	785	147	926	0.0	1279
313cb9fa-93fd-43b5-9f65-07c9da96868c	NR_044873.1	97.204	1073	18	9	18	1086	1066	2	0.0	1805
313cb9fa-93fd-43b5-9f65-07c9da96868c	NR_074568.1	95.433	1073	36	10	18	1086	1076	13	0.0	1698
313cb9fa-93fd-43b5-9f65-07c9da96868c	NR_044712.2	95.061	1073	40	10	18	1086	1085	22	0.0	1683
313cb9fa-93fd-43b5-9f65-07c9da96868c	NR_109752.1	94.693	1074	43	11	18	1086	1087	23	0.0	1655
313cb9fa-93fd-43b5-9f65-07c9da96868c	NR_025310.1	94.653	1066	42	12	18	1078	1056	1	0.0	1639
94c87a49-9045-4c04-aae0-4933e1f2d2bf	NR_117694.1	97.479	714	10	8	1	711	709	1	0.0	1212
94c87a49-9045-4c04-aae0-4933e1f2d2bf	NR_025892.1	95.378	714	24	9	1	711	734	27	0.0	1147
94c87a49-9045-4c04-aae0-4933e1f2d2bf	NR_121687.1	95.804	715	20	10	1	711	729	21	0.0	1146
94c87a49-9045-4c04-aae0-4933e1f2d2bf	NR_117692.1	95.518	714	24	8	1	711	709	1	0.0	1134
94c87a49-9045-4c04-aae0-4933e1f2d2bf	NR_117717.1	94.545	715	29	10	1	711	730	22	0.0	1096
5a56d9d8-87a1-4acb-8527-51d8871af8a1	NR_042928.1	97.154	527	10	4	1	525	524	1	0.0	885
5a56d9d8-87a1-4acb-8527-51d8871af8a1	NR_109720.1	96.929	521	13	2	1	519	520	1	0.0	870
5a56d9d8-87a1-4acb-8527-51d8871af8a1	NR_036936.1	96.205	527	17	2	1	525	526	1	0.0	861
5a56d9d8-87a1-4acb-8527-51d8871af8a1	NR_199547.1	97.619	504	8	3	1	502	504	3	0.0	861
5a56d9d8-87a1-4acb-8527-51d8871af8a1	NR_028664.1	95.701	535	18	4	1	533	547	16	0.0	856
c7ac2ea1-4571-40aa-b3c2-5b8d3543c350	NR_044873.1	90.647	417	23	14	3	410	411	2	3.21e-153	540
c7ac2ea1-4571-40aa-b3c2-5b8d3543c350	NR_074568.1	90.144	416	27	12	3	410	422	13	6.95e-150	529
c7ac2ea1-4571-40aa-b3c2-5b8d3543c350	NR_044712.2	89.663	416	29	13	3	410	431	22	1.16e-147	521
c7ac2ea1-4571-40aa-b3c2-5b8d3543c350	NR_179993.1	89.021	419	29	15	3	411	423	12	4.21e-142	503
c7ac2ea1-4571-40aa-b3c2-5b8d3543c350	NR_109752.1	88.489	417	33	13	3	410	433	23	3.28e-138	490
5d5c2a6f-b5a4-4b50-8135-53c131696b9e	NR_165747.1	97.814	366	5	3	1	363	366	1	5.99e-180	628
5d5c2a6f-b5a4-4b50-8135-53c131696b9e	NR_042928.1	97.268	366	7	3	1	363	366	1	1.30e-176	617
5d5c2a6f-b5a4-4b50-8135-53c131696b9e	NR_199545.1	96.257	374	10	4	1	370	386	13	2.17e-174	610
5d5c2a6f-b5a4-4b50-8135-53c131696b9e	NR_117719.1	95.989	374	11	4	1	370	386	13	1.01e-172	604
5d5c2a6f-b5a4-4b50-8135-53c131696b9e	NR_179383.1	95.989	374	11	4	1	370	393	20	1.01e-172	604
40ca63bb-dc49-46b8-9ae4-aa3a50d9b368	NR_113570.1	96.355	439	6	8	1	432	1219	784	0.0	713
40ca63bb-dc49-46b8-9ae4-aa3a50d9b368	NR_025762.1	96.128	439	7	8	1	432	1190	755	0.0	708
40ca63bb-dc49-46b8-9ae4-aa3a50d9b368	NR_115355.1	96.128	439	7	8	1	432	1212	777	0.0	708
40ca63bb-dc49-46b8-9ae4-aa3a50d9b368	NR_179325.1	96.128	439	7	8	1	432	1186	751	0.0	708
40ca63bb-dc49-46b8-9ae4-aa3a50d9b368	NR_115354.1	95.900	439	8	8	1	432	1212	777	0.0	704
8aad6c72-ff27-4fa1-a74a-d92630a06535	NR_028666.1	89.288	1419	90	51	37	1406	94	1499	0.0	1722
8aad6c72-ff27-4fa1-a74a-d92630a06535	NR_115242.1	89.258	1415	90	51	37	1402	78	1479	0.0	1714
8aad6c72-ff27-4fa1-a74a-d92630a06535	NR_117425.1	89.405	1378	87	50	30	1361	66	1430	0.0	1681
8aad6c72-ff27-4fa1-a74a-d92630a06535	NR_109371.1	88.670	1421	95	56	37	1406	98	1503	0.0	1672
8aad6c72-ff27-4fa1-a74a-d92630a06535	NR_043660.1	88.513	1419	99	53	38	1406	63	1467	0.0	1659
2b5069be-0d48-4bb7-9c01-e09f438bd8d5	NR_116168.1	83.436	1135	129	49	1	1105	351	1456	0.0	1000
2b5069be-0d48-4bb7-9c01-e09f438bd8d5	NR_126177.1	83.948	1084	130	34	1	1060	338	1401	0.0	998
2b5069be-0d48-4bb7-9c01-e09f438bd8d5	NR_126178.1	83.856	1084	131	34	1	1060	336	1399	0.0	992
2b5069be-0d48-4bb7-9c01-e09f438bd8d5	NR_199546.1	86.339	937	95	30	143	1060	512	1434	0.0	990
2b5069be-0d48-4bb7-9c01-e09f438bd8d5	NR_109371.1	83.734	1082	136	35	1	1060	364	1427	0.0	987
9effbdc3-1eec-452a-b40c-c84977229a53	NR_025862.1	95.591	998	28	15	1	988	1002	11	0.0	1594
9effbdc3-1eec-452a-b40c-c84977229a53	NR_028682.1	93.500	1000	42	22	1	986	1003	13	0.0	1465
9effbdc3-1eec-452a-b40c-c84977229a53	NR_026454.1	92.292	986	52	23	1	969	979	1	0.0	1378
9effbdc3-1eec-452a-b40c-c84977229a53	NR_119263.1	90.278	1008	67	25	1	985	1000	1	0.0	1290
9effbdc3-1eec-452a-b40c-c84977229a53	NR_181558.1	90.149	1005	71	21	3	985	999	1	0.0	1282
3f0c4c3b-1cca-4b78-8a1e-f7c7b5daa037	NR_179540.1	97.692	650	8	7	1	648	853	1497	0.0	1110
3f0c4c3b-1cca-4b78-8a1e-f7c7b5daa037	NR_117719.1	97.538	650	10	6	1	648	853	1498	0.0	1107
3f0c4c3b-1cca-4b78-8a1e-f7c7b5daa037	NR_028664.1	97.385	650	11	6	1	648	856	1501	0.0	1101
3f0c4c3b-1cca-4b78-8a1e-f7c7b5daa037	NR_179383.1	97.385	650	11	6	1	648	860	1505	0.0	1101
3f0c4c3b-1cca-4b78-8a1e-f7c7b5daa037	NR_042927.1	97.660	641	9	6	1	639	835	1471	0.0	1096
5c1886c0-343c-4586-bd13-6650c515ca92	NR_115735.1	89.236	1282	68	55	1	1232	203	1464	0.0	1539
5c1886c0-343c-4586-bd13-6650c515ca92	NR_024842.1	89.053	1288	71	55	1	1238	227	1494	0.0	1537
5c1886c0-343c-4586-bd13-6650c515ca92	NR_165737.1	89.210	1279	69	53	1	1229	212	1471	0.0	1533
5c1886c0-343c-4586-bd13-6650c515ca92	NR_115241.1	88.976	1279	71	55	1	1229	212	1470	0.0	1520
5c1886c0-343c-4586-bd13-6650c515ca92	NR_036936.1	88.984	1280	70	55	1	1229	212	1471	0.0	1517
5a82dc3e-c6e0-4bb0-bb0c-6879c150aea5	NR_042776.1	94.703	774	22	17	1	760	222	990	0.0	1184
5a82dc3e-c6e0-4bb0-bb0c-6879c150aea5	NR_042777.1	94.574	774	22	18	1	760	222	989	0.0	1179
5a82dc3e-c6e0-4bb0-bb0c-6879c150aea5	NR_197695.1	94.574	774	23	17	1	760	221	989	0.0	1179
5a82dc3e-c6e0-4bb0-bb0c-6879c150aea5	NR_042778.1	94.444	774	24	17	1	760	222	990	0.0	1173
5a82dc3e-c6e0-4bb0-bb0c-6879c150aea5	NR_118998.1	93.870	783	27	19	1	768	217	993	0.0	1160
7c262835-f146-4cc7-8d2c-40d76a6e875b	NR_115355.1	96.359	824	15	13	1	814	1435	617	0.0	1341
7c262835-f146-4cc7-8d2c-40d76a6e875b	NR_179325.1	96.359	824	15	13	1	814	1409	591	0.0	1341
7c262835-f146-4cc7-8d2c-40d76a6e875b	NR_163639.1	96.121	825	14	16	1	814	1450	633	0.0	1330
7c262835-f146-4cc7-8d2c-40d76a6e875b	NR_119169.1	95.995	824	18	13	1	814	1440	622	0.0	1328
7c262835-f146-4cc7-8d2c-40d76a6e875b	NR_115354.1	95.752	824	20	13	1	814	1435	617	0.0	1315
0d71c42f-7cc4-403d-a716-f77f10e7f80f	NR_024842.1	93.164	629	21	17	1	608	1381	754	0.0	904
0d71c42f-7cc4-403d-a716-f77f10e7f80f	NR_115735.1	93.164	629	21	17	1	608	1357	730	0.0	904
0d71c42f-7cc4-403d-a716-f77f10e7f80f	NR_116211.1	93.164	629	21	17	1	608	1289	662	0.0	904
0d71c42f-7cc4-403d-a716-f77f10e7f80f	NR_178515.1	93.005	629	22	17	1	608	1366	739	0.0	898
0d71c42f-7cc4-403d-a716-f77f10e7f80f	NR_115241.1	92.846	629	23	17	1	608	1366	739	0.0	896
70651715-0640-4726-bb5d-d6b0ebb23538	NR_042776.1	96.288	431	8	7	4	430	450	24	0.0	701
70651715-0640-4726-bb5d-d6b0ebb23538	NR_042778.1	96.056	431	9	7	4	430	450	24	0.0	695
70651715-0640-4726-bb5d-d6b0ebb23538	NR_042777.1	95.824	431	10	7	4	430	450	24	0.0	689
70651715-0640-4726-bb5d-d6b0ebb23538	NR_118998.1	95.128	431	13	7	4	430	445	19	0.0	675
70651715-0640-4726-bb5d-d6b0ebb23538	NR_197695.1	95.128	431	13	7	4	430	449	23	0.0	673
23be77f6-a558-4776-8895-328821d426d8	NR_042927.1	97.674	473	7	4	1	471	1176	706	0.0	809
23be77f6-a558-4776-8895-328821d426d8	NR_114413.1	97.674	473	7	4	1	471	1199	729	0.0	809
23be77f6-a558-4776-8895-328821d426d8	NR_115734.1	97.674	473	7	4	1	471	1177	707	0.0	809
23be77f6-a558-4776-8895-328821d426d8	NR_116210.1	97.674	473	7	4	1	471	1039	569	0.0	809
23be77f6-a558-4776-8895-328821d426d8	NR_179385.1	97.674	473	7	4	1	471	1198	728	0.0	809
bc392dc1-d4ac-40ff-91f7-1d2d96a41303	NR_042928.1	95.640	1445	37	21	1	1434	1433	4	0.0	2296
bc392dc1-d4ac-40ff-91f7-1d2d96a41303	NR_199547.1	95.930	1425	33	21	1	1414	1413	3	0.0	2287
bc392dc1-d4ac-40ff-91f7-1d2d96a41303	NR_117719.1	95.156	1445	45	20	1	1434	1454	24	0.0	2257
bc392dc1-d4ac-40ff-91f7-1d2d96a41303	NR_028664.1	95.087	1445	46	20	1	1434	1457	27	0.0	2252
bc392dc1-d4ac-40ff-91f7-1d2d96a41303	NR_115240.1	95.087	1445	46	20	1	1434	1434	4	0.0	2252
969ba843-d8d4-4374-8471-6d502c518ff5	NR_042927.1	91.538	910	37	28	11	899	1123	233	0.0	1218
969ba843-d8d4-4374-8471-6d502c518ff5	NR_114413.1	91.538	910	37	28	11	899	1146	256	0.0	1218
969ba843-d8d4-4374-8471-6d502c518ff5	NR_115734.1	91.538	910	37	28	11	899	1124	234	0.0	1218
969ba843-d8d4-4374-8471-6d502c518ff5	NR_116210.1	91.538	910	37	28	11	899	986	96	0.0	1218
969ba843-d8d4-4374-8471-6d502c518ff5	NR_199547.1	91.538	910	37	29	11	899	1101	211	0.0	1218
f8026751-a1d4-4f80-ae75-993fa6762772	NR_042776.1	93.054	1267	44	30	1	1240	1279	30	0.0	1812
f8026751-a1d4-4f80-ae75-993fa6762772	NR_042778.1	92.885	1265	46	30	3	1240	1277	30	0.0	1797
f8026751-a1d4-4f80-ae75-993fa6762772	NR_042777.1	92.818	1267	46	31	1	1240	1278	30	0.0	1794
f8026751-a1d4-4f80-ae75-993fa6762772	NR_197695.1	92.654	1266	47	32	3	1240	1276	29	0.0	1781
f8026751-a1d4-4f80-ae75-993fa6762772	NR_118998.1	92.332	1265	52	32	3	1240	1271	25	0.0	1759
409e397f-4cc6-4ee1-9f04-ad3bb695232d	NR_044091.1	90.955	398	17	17	4	396	1253	870	1.47e-146	518
409e397f-4cc6-4ee1-9f04-ad3bb695232d	NR_113570.1	89.950	398	20	18	4	396	1345	963	6.87e-140	496
409e397f-4cc6-4ee1-9f04-ad3bb695232d	NR_043332.1	89.447	398	22	18	4	396	1338	956	1.15e-137	488
409e397f-4cc6-4ee1-9f04-ad3bb695232d	NR_117759.1	89.447	398	22	18	4	396	1341	959	4.13e-137	486
409e397f-4cc6-4ee1-9f04-ad3bb695232d	NR_074980.1	89.447	398	22	18	4	396	1365	983	1.49e-136	484
7401aee3-6897-4093-9c8c-4168187e16b5	NR_024842.1	98.006	351	5	2	1	349	1143	1493	7.29e-174	608
7401aee3-6897-4093-9c8c-4168187e16b5	NR_115735.1	98.266	346	4	2	1	344	1119	1464	9.43e-173	604
7401aee3-6897-4093-9c8c-4168187e16b5	NR_178262.1	97.727	352	5	3	1	349	1022	1373	3.39e-172	603
7401aee3-6897-4093-9c8c-4168187e16b5	NR_179215.1	97.727	352	5	3	1	349	1144	1495	3.39e-172	603
7401aee3-6897-4093-9c8c-4168187e16b5	NR_179720.1	97.727	352	5	3	1	349	1148	1499	3.39e-172	603
a5ed2764-e3ec-436d-9e29-d4819d31a086	NR_125570.1	95.493	1065	24	16	1	1052	342	1395	0.0	1679
a5ed2764-e3ec-436d-9e29-d4819d31a086	NR_125571.1	95.305	1065	25	16	1	1052	384	1436	0.0	1666
a5ed2764-e3ec-436d-9e29-d4819d31a086	NR_029097.1	96.012	1028	14	18	1	1014	360	1374	0.0	1646
a5ed2764-e3ec-436d-9e29-d4819d31a086	NR_026409.1	89.342	1079	79	27	1	1057	410	1474	0.0	1323
a5ed2764-e3ec-436d-9e29-d4819d31a086	NR_026100.1	89.157	1079	81	27	1	1057	392	1456	0.0	1314
82b8d095-5fcc-46d5-9d86-797ab003ab21	NR_074980.1	94.614	1244	29	32	1	1223	1239	13	0.0	1892
82b8d095-5fcc-46d5-9d86-797ab003ab21	NR_113031.1	94.614	1244	29	32	1	1223	1239	13	0.0	1892
82b8d095-5fcc-46d5-9d86-797ab003ab21	NR_163639.1	94.547	1247	22	39	1	1224	1227	4	0.0	1884
82b8d095-5fcc-46d5-9d86-797ab003ab21	NR_119169.1	94.413	1235	29	33	1	1213	1217	1	0.0	1869
82b8d095-5fcc-46d5-9d86-797ab003ab21	NR_115355.1	94.553	1230	27	33	1	1208	1212	1	0.0	1868
9869865a-b362-44b6-8cd6-2a18aa4c52ab	NR_102895.1	91.667	384	24	6	1	378	402	21	8.25e-149	525
9869865a-b362-44b6-8cd6-2a18aa4c52ab	NR_113113.1	91.406	384	25	6	1	378	382	1	3.84e-147	520
9869865a-b362-44b6-8cd6-2a18aa4c52ab	NR_042843.1	91.223	376	25	6	1	370	374	1	2.99e-143	507
9869865a-b362-44b6-8cd6-2a18aa4c52ab	NR_114305.1	90.649	385	26	8	1	378	394	13	3.87e-142	503
9869865a-b362-44b6-8cd6-2a18aa4c52ab	NR_116726.1	90.451	377	26	8	1	370	374	1	1.08e-137	488
4cab1880-d8d3-41ea-a0ac-8764704da46f	NR_024659.1	97.679	517	7	4	1	513	823	1338	0.0	883
4cab1880-d8d3-41ea-a0ac-8764704da46f	NR_116212.1	97.679	517	7	4	1	513	765	1280	0.0	883
4cab1880-d8d3-41ea-a0ac-8764704da46f	NR_117425.1	97.679	517	7	4	1	513	845	1360	0.0	883
4cab1880-d8d3-41ea-a0ac-8764704da46f	NR_042776.1	97.485	517	8	4	1	513	867	1382	0.0	878
4cab1880-d8d3-41ea-a0ac-8764704da46f	NR_042777.1	97.485	517	8	4	1	513	866	1381	0.0	878
c22a7d2b-ad38-4628-b0a7-d3f47088c2d7	NR_042776.1	93.732	1388	55	24	1	1372	1389	18	0.0	2052
c22a7d2b-ad38-4628-b0a7-d3f47088c2d7	NR_042778.1	93.660	1388	56	24	1	1372	1389	18	0.0	2047
c22a7d2b-ad38-4628-b0a7-d3f47088c2d7	NR_042777.1	93.655	1387	57	23	1	1372	1388	18	0.0	2045
c22a7d2b-ad38-4628-b0a7-d3f47088c2d7	NR_197695.1	93.161	1389	61	25	1	1372	1388	17	0.0	2008
c22a7d2b-ad38-4628-b0a7-d3f47088c2d7	NR_118998.1	93.084	1388	63	25	1	1372	1383	13	0.0	2002
5151cdf8-557d-46e6-9a38-42479c4a4378	NR_042927.1	97.631	591	9	4	1	588	809	221	0.0	1009
5151cdf8-557d-46e6-9a38-42479c4a4378	NR_042928.1	97.631	591	9	4	1	588	807	219	0.0	1009
5151cdf8-557d-46e6-9a38-42479c4a4378	NR_114413.1	97.631	591	9	4	1	588	832	244	0.0	1009
5151cdf8-557d-46e6-9a38-42479c4a4378	NR_115734.1	97.631	591	9	4	1	588	810	222	0.0	1009
5151cdf8-557d-46e6-9a38-42479c4a4378	NR_116210.1	97.631	591	9	4	1	588	672	84	0.0	1009
9c5ea96d-fabf-44f6-9e55-2dcb85af5c64	NR_026419.1	96.266	1339	24	22	1	1326	1326	1	0.0	2172
9c5ea96d-fabf-44f6-9e55-2dcb85af5c64	NR_025903.1	94.955	1348	41	23	1	1335	1338	5	0.0	2087
9c5ea96d-fabf-44f6-9e55-2dcb85af5c64	NR_025904.1	94.375	1351	43	28	1	1335	1337	4	0.0	2043
9c5ea96d-fabf-44f6-9e55-2dcb85af5c64	NR_133753.1	95.023	1306	38	23	1	1293	1292	1	0.0	2026
9c5ea96d-fabf-44f6-9e55-2dcb85af5c64	NR_133752.1	94.832	1277	40	22	1	1265	1263	1	0.0	1969
064b6413-bb92-4fdb-aa38-4bfb68d6762b	NR_113059.1	95.277	487	15	5	11	493	1023	1505	0.0	765
064b6413-bb92-4fdb-aa38-4bfb68d6762b	NR_113058.1	95.072	487	20	2	11	493	1021	1507	0.0	763
064b6413-bb92-4fdb-aa38-4bfb68d6762b	NR_044288.1	95.238	483	15	5	11	489	1003	1481	0.0	758
064b6413-bb92-4fdb-aa38-4bfb68d6762b	NR_104895.1	94.867	487	21	2	11	493	1001	1487	0.0	758
064b6413-bb92-4fdb-aa38-4bfb68d6762b	NR_025559.1	94.824	483	19	4	15	493	1002	1482	0.0	749
d3890c17-39d5-4597-8465-fe5bbaed6050	NR_024842.1	92.066	668	29	22	1	650	827	1488	0.0	918
d3890c17-39d5-4597-8465-fe5bbaed6050	NR_115735.1	92.066	668	29	22	1	650	803	1464	0.0	918
d3890c17-39d5-4597-8465-fe5bbaed6050	NR_115241.1	91.729	665	31	22	1	647	812	1470	0.0	905
d3890c17-39d5-4597-8465-fe5bbaed6050	NR_156072.1	91.617	668	32	22	1	650	832	1493	0.0	902
d3890c17-39d5-4597-8465-fe5bbaed6050	NR_199974.1	91.629	669	31	22	1	650	839	1501	0.0	902
3e5f2fcc-30fd-4941-963b-62988b1c551e	NR_044873.1	95.490	776	18	15	10	773	695	1465	0.0	1223
3e5f2fcc-30fd-4941-963b-62988b1c551e	NR_074568.1	94.487	780	26	14	10	778	705	1478	0.0	1186
3e5f2fcc-30fd-4941-963b-62988b1c551e	NR_025310.1	93.990	782	28	16	10	778	685	1460	0.0	1166
3e5f2fcc-30fd-4941-963b-62988b1c551e	NR_109752.1	93.854	781	31	14	10	778	716	1491	0.0	1160
3e5f2fcc-30fd-4941-963b-62988b1c551e	NR_044712.2	94.010	768	29	15	10	766	714	1475	0.0	1153
245eb0ee-ed17-474b-ba88-e286e9fed914	NR_179385.1	98.091	838	8	6	4	836	665	1499	0.0	1452
245eb0ee-ed17-474b-ba88-e286e9fed914	NR_199545.1	98.091	838	8	6	4	836	661	1495	0.0	1452
245eb0ee-ed17-474b-ba88-e286e9fed914	NR_028665.1	97.852	838	10	6	4	836	658	1492	0.0	1441
245eb0ee-ed17-474b-ba88-e286e9fed914	NR_165744.1	97.954	831	9	6	4	829	650	1477	0.0	1434
245eb0ee-ed17-474b-ba88-e286e9fed914	NR_028664.1	97.616	839	11	7	4	836	664	1499	0.0	1430
be5857ae-6372-4aec-a179-f27062e76e61	NR_040821.1	97.429	350	7	1	6	355	1131	1478	5.82e-170	595
be5857ae-6372-4aec-a179-f27062e76e61	NR_025148.1	97.429	350	7	1	6	355	1151	1498	5.82e-170	595
be5857ae-6372-4aec-a179-f27062e76e61	NR_040820.1	97.429	350	7	1	6	355	1131	1478	5.82e-170	595
be5857ae-6372-4aec-a179-f27062e76e61	NR_134818.1	97.429	350	7	1	6	355	1144	1491	5.82e-170	595
be5857ae-6372-4aec-a179-f27062e76e61	NR_126177.1	97.429	350	7	1	6	355	1133	1480	5.82e-170	595
602b642d-dc7b-404b-97a3-6522828447ea	NR_024842.1	95.918	539	13	6	1	533	543	8	0.0	867
602b642d-dc7b-404b-97a3-6522828447ea	NR_115241.1	96.045	531	12	6	1	525	528	1	0.0	856
602b642d-dc7b-404b-97a3-6522828447ea	NR_115735.1	95.785	522	12	7	1	515	519	1	0.0	833
602b642d-dc7b-404b-97a3-6522828447ea	NR_178515.1	94.361	532	19	9	1	525	528	1	0.0	806
602b642d-dc7b-404b-97a3-6522828447ea	NR_117425.1	94.007	534	23	6	1	528	531	1	0.0	800
42ac28b6-5b70-44be-a219-ff6e79adaaa4	NR_024842.1	95.485	598	18	9	12	601	604	8	0.0	950
42ac28b6-5b70-44be-a219-ff6e79adaaa4	NR_115241.1	95.763	590	16	9	12	593	589	1	0.0	942
42ac28b6-5b70-44be-a219-ff6e79adaaa4	NR_178515.1	95.262	591	17	11	12	593	589	1	0.0	926
42ac28b6-5b70-44be-a219-ff6e79adaaa4	NR_115735.1	95.525	581	16	10	12	583	580	1	0.0	920
42ac28b6-5b70-44be-a219-ff6e79adaaa4	NR_165737.1	94.924	591	19	11	12	593	589	1	0.0	915
d94a07e5-943c-43b3-9a77-190de324678d	NR_125571.1	93.450	458	17	7	16	466	452	1	0.0	671
d94a07e5-943c-43b3-9a77-190de324678d	NR_029097.1	93.779	434	14	7	16	442	428	1	0.0	640
d94a07e5-943c-43b3-9a77-190de324678d	NR_125570.1	93.750	416	13	7	16	424	410	1	8.01e-175	612
d94a07e5-943c-43b3-9a77-190de324678d	NR_151895.1	85.417	480	54	11	16	486	473	1	1.82e-136	484
d94a07e5-943c-43b3-9a77-190de324678d	NR_179183.1	85.106	470	53	14	16	474	464	1	2.37e-130	464
6feea064-34c6-4542-8667-9574186825ba	NR_026328.1	95.604	91	3	1	1	91	1087	998	5.41e-35	145
6feea064-34c6-4542-8667-9574186825ba	NR_199927.1	95.604	91	3	1	1	91	1122	1033	5.41e-35	145
6feea064-34c6-4542-8667-9574186825ba	NR_199930.1	95.604	91	3	1	1	91	1116	1027	5.41e-35	145
6feea064-34c6-4542-8667-9574186825ba	NR_026323.1	94.505	91	4	1	1	91	1093	1004	6.99e-34	141
6feea064-34c6-4542-8667-9574186825ba	NR_026329.1	94.505	91	4	1	1	91	1077	988	6.99e-34	141
706199e5-8a6d-45aa-910d-3900404c0f0a	NR_042927.1	93.533	634	13	23	4	622	814	194	0.0	918
706199e5-8a6d-45aa-910d-3900404c0f0a	NR_114413.1	93.533	634	13	23	4	622	837	217	0.0	918
706199e5-8a6d-45aa-910d-3900404c0f0a	NR_115734.1	93.533	634	13	23	4	622	815	195	0.0	918
706199e5-8a6d-45aa-910d-3900404c0f0a	NR_116210.1	93.533	634	13	23	4	622	677	57	0.0	918
706199e5-8a6d-45aa-910d-3900404c0f0a	NR_042928.1	93.375	634	14	23	4	622	812	192	0.0	913
3ee4e765-7363-4791-ae3f-6387cdaaf98a	NR_116168.1	95.238	1386	41	23	1	1372	118	1492	0.0	2170
3ee4e765-7363-4791-ae3f-6387cdaaf98a	NR_118762.1	94.182	1375	54	24	1	1361	121	1483	0.0	2109
3ee4e765-7363-4791-ae3f-6387cdaaf98a	NR_042878.1	95.133	1274	38	22	1	1261	97	1359	0.0	1997
3ee4e765-7363-4791-ae3f-6387cdaaf98a	NR_025423.1	92.738	1377	77	21	1	1364	102	1468	0.0	1967
3ee4e765-7363-4791-ae3f-6387cdaaf98a	NR_114558.1	91.945	1378	83	25	1	1363	97	1461	0.0	1906
0b51f13f-d35b-4bcf-b881-095e267be452	NR_028666.1	90.678	354	17	12	24	370	1160	1504	2.99e-128	457
0b51f13f-d35b-4bcf-b881-095e267be452	NR_028833.1	90.678	354	17	12	24	370	1163	1507	2.99e-128	457
0b51f13f-d35b-4bcf-b881-095e267be452	NR_029052.1	90.678	354	17	12	24	370	1124	1468	2.99e-128	457
0b51f13f-d35b-4bcf-b881-095e267be452	NR_036918.1	90.678	354	17	12	24	370	1153	1497	2.99e-128	457
0b51f13f-d35b-4bcf-b881-095e267be452	NR_042771.1	90.678	354	17	12	24	370	1154	1498	2.99e-128	457
2d6bd9a4-c558-4b54-ab25-b32abfce3117	NR_044873.1	97.902	286	4	2	1	284	1182	1467	1.72e-139	494
2d6bd9a4-c558-4b54-ab25-b32abfce3117	NR_026233.1	96.167	287	9	2	1	286	1171	1456	1.04e-131	468
2d6bd9a4-c558-4b54-ab25-b32abfce3117	NR_026234.1	96.167	287	9	2	1	286	1174	1459	1.04e-131	468
2d6bd9a4-c558-4b54-ab25-b32abfce3117	NR_026235.1	96.167	287	9	2	1	286	1180	1465	1.04e-131	468
2d6bd9a4-c558-4b54-ab25-b32abfce3117	NR_027199.1	96.167	287	9	2	1	286	1176	1461	1.04e-131	468
6dfd62fa-74de-4f81-972d-0b6e44bb0c2c	NR_115355.1	98.034	1475	14	9	1	1468	1467	1	0.0	2553
6dfd62fa-74de-4f81-972d-0b6e44bb0c2c	NR_163639.1	97.721	1492	13	14	1	1484	1482	4	0.0	2547
6dfd62fa-74de-4f81-972d-0b6e44bb0c2c	NR_119169.1	97.770	1480	18	9	1	1473	1472	1	0.0	2543
6dfd62fa-74de-4f81-972d-0b6e44bb0c2c	NR_179325.1	98.275	1449	13	9	1	1445	1441	1	0.0	2527
6dfd62fa-74de-4f81-972d-0b6e44bb0c2c	NR_074980.1	97.248	1490	26	8	1	1483	1494	13	0.0	2510
b76cbc27-37f5-4135-ae59-20e0c6378586	NR_042776.1	94.935	1224	33	21	26	1232	292	1503	0.0	1890
b76cbc27-37f5-4135-ae59-20e0c6378586	NR_042777.1	94.853	1224	33	22	26	1232	292	1502	0.0	1884
b76cbc27-37f5-4135-ae59-20e0c6378586	NR_042778.1	94.690	1224	36	21	26	1232	292	1503	0.0	1873
b76cbc27-37f5-4135-ae59-20e0c6378586	NR_197695.1	94.690	1224	36	21	26	1232	291	1502	0.0	1873
b76cbc27-37f5-4135-ae59-20e0c6378586	NR_118998.1	94.118	1224	42	22	26	1232	287	1497	0.0	1834
bfe66c32-0345-4408-83c3-480520be4af1	NR_029097.1	94.028	653	20	16	7	645	648	1	0.0	972
bfe66c32-0345-4408-83c3-480520be4af1	NR_125571.1	92.773	678	28	18	7	669	672	1	0.0	965
bfe66c32-0345-4408-83c3-480520be4af1	NR_125570.1	93.701	635	21	16	7	627	630	1	0.0	933
bfe66c32-0345-4408-83c3-480520be4af1	NR_165739.1	84.993	693	76	25	7	679	685	1	0.0	678
bfe66c32-0345-4408-83c3-480520be4af1	NR_199415.1	84.814	698	79	23	10	686	692	1	0.0	676
61d40cfd-e7a2-48e7-9d95-37bb43a8d5ff	NR_026419.1	95.677	694	10	10	1	675	693	1	0.0	1098
61d40cfd-e7a2-48e7-9d95-37bb43a8d5ff	NR_025903.1	93.875	702	22	10	1	683	705	6	0.0	1038
61d40cfd-e7a2-48e7-9d95-37bb43a8d5ff	NR_025904.1	93.305	702	26	18	1	683	704	5	0.0	1016
61d40cfd-e7a2-48e7-9d95-37bb43a8d5ff	NR_133753.1	93.949	661	20	9	1	643	659	1	0.0	981
61d40cfd-e7a2-48e7-9d95-37bb43a8d5ff	NR_036920.1	91.738	702	34	14	1	683	698	2	0.0	953
5cf0c5a2-a8b9-4bb3-ba2c-9fdc53936dd3	NR_042928.1	92.727	165	5	4	1	160	163	1	8.52e-61	231
5cf0c5a2-a8b9-4bb3-ba2c-9fdc53936dd3	NR_179385.1	94.118	153	2	5	15	162	173	23	3.96e-59	226
5cf0c5a2-a8b9-4bb3-ba2c-9fdc53936dd3	NR_199545.1	94.118	153	2	5	15	162	169	19	3.96e-59	226
5cf0c5a2-a8b9-4bb3-ba2c-9fdc53936dd3	NR_112025.1	93.464	153	3	5	15	162	169	19	5.13e-58	222
5cf0c5a2-a8b9-4bb3-ba2c-9fdc53936dd3	NR_028665.1	93.464	153	3	5	15	162	166	16	1.84e-57	220
700f5c96-b086-4eeb-8bdb-0748c7a8f34a	NR_042776.1	94.714	454	9	10	13	457	1052	1499	0.0	691
700f5c96-b086-4eeb-8bdb-0748c7a8f34a	NR_042777.1	94.714	454	9	10	13	457	1051	1498	0.0	691
700f5c96-b086-4eeb-8bdb-0748c7a8f34a	NR_042778.1	94.273	454	11	10	13	457	1052	1499	0.0	680
700f5c96-b086-4eeb-8bdb-0748c7a8f34a	NR_118998.1	94.273	454	11	10	13	457	1046	1493	0.0	680
700f5c96-b086-4eeb-8bdb-0748c7a8f34a	NR_197695.1	94.273	454	11	10	13	457	1051	1498	0.0	680
14057c1d-02e2-4d9c-ad7e-0af612fa6a00	NR_026419.1	96.629	356	9	3	1	354	1130	1484	9.64e-168	588
14057c1d-02e2-4d9c-ad7e-0af612fa6a00	NR_025904.1	94.944	356	14	4	1	354	1141	1494	9.78e-158	555
14057c1d-02e2-4d9c-ad7e-0af612fa6a00	NR_025903.1	94.944	356	14	4	1	354	1142	1495	9.78e-158	555
14057c1d-02e2-4d9c-ad7e-0af612fa6a00	NR_133752.1	95.455	330	12	3	1	328	1067	1395	2.76e-148	523
14057c1d-02e2-4d9c-ad7e-0af612fa6a00	NR_133753.1	95.455	330	12	3	1	328	1096	1424	2.76e-148	523
f58a8710-fec3-42bd-ae72-c8deb42568db	NR_044091.1	90.305	722	32	24	1	693	1274	562	0.0	911
f58a8710-fec3-42bd-ae72-c8deb42568db	NR_113570.1	89.751	722	35	25	1	693	1366	655	0.0	887
f58a8710-fec3-42bd-ae72-c8deb42568db	NR_041879.1	89.612	722	37	24	1	693	1317	605	0.0	883
f58a8710-fec3-42bd-ae72-c8deb42568db	NR_115355.1	89.612	722	36	25	1	693	1359	648	0.0	881
f58a8710-fec3-42bd-ae72-c8deb42568db	NR_043332.1	89.474	722	37	25	1	693	1359	648	0.0	880
e8e240d9-d249-40bd-98cc-80e3873c859a	NR_115241.1	95.817	263	5	4	1	260	392	651	3.06e-117	420
e8e240d9-d249-40bd-98cc-80e3873c859a	NR_115735.1	95.817	263	5	4	1	260	383	642	3.06e-117	420
e8e240d9-d249-40bd-98cc-80e3873c859a	NR_116211.1	95.817	263	5	4	1	260	315	574	3.06e-117	420
e8e240d9-d249-40bd-98cc-80e3873c859a	NR_024842.1	95.437	263	6	4	1	260	407	666	3.95e-116	416
e8e240d9-d249-40bd-98cc-80e3873c859a	NR_036936.1	95.437	263	6	4	1	260	392	651	1.42e-115	414
0e5fd005-18ae-46d4-85d9-90a198c99c00	NR_024842.1	92.336	548	18	18	1	536	543	8	0.0	760
0e5fd005-18ae-46d4-85d9-90a198c99c00	NR_115241.1	92.407	540	17	18	1	528	528	1	0.0	749
0e5fd005-18ae-46d4-85d9-90a198c99c00	NR_115735.1	93.010	515	14	16	1	504	519	16	0.0	732
0e5fd005-18ae-46d4-85d9-90a198c99c00	NR_178515.1	90.775	542	22	21	1	528	528	1	0.0	699
0e5fd005-18ae-46d4-85d9-90a198c99c00	NR_117425.1	90.441	544	26	19	1	531	531	1	0.0	693
e5a9704f-64d4-4bbc-a8e9-5206109e0501	NR_042776.1	97.281	993	16	8	1	984	1008	18	0.0	1674
e5a9704f-64d4-4bbc-a8e9-5206109e0501	NR_042778.1	97.080	993	18	8	1	984	1008	18	0.0	1663
e5a9704f-64d4-4bbc-a8e9-5206109e0501	NR_042777.1	96.979	993	18	9	1	984	1007	18	0.0	1657
e5a9704f-64d4-4bbc-a8e9-5206109e0501	NR_197695.1	96.777	993	21	8	1	984	1007	17	0.0	1646
e5a9704f-64d4-4bbc-a8e9-5206109e0501	NR_118998.1	96.274	993	25	9	1	984	1002	13	0.0	1618
3c045c17-4754-4aaf-8452-0d3a752b7097	NR_024842.1	94.406	286	6	6	1	284	1212	1489	1.37e-120	431
3c045c17-4754-4aaf-8452-0d3a752b7097	NR_115735.1	94.386	285	6	6	1	283	1188	1464	4.91e-120	429
3c045c17-4754-4aaf-8452-0d3a752b7097	NR_115241.1	93.972	282	7	6	1	280	1197	1470	2.96e-117	420
3c045c17-4754-4aaf-8452-0d3a752b7097	NR_042052.1	93.357	286	9	6	1	284	1120	1397	1.38e-115	414
3c045c17-4754-4aaf-8452-0d3a752b7097	NR_042776.1	93.357	286	9	6	1	284	1222	1499	1.38e-115	414
27474d0a-b1c9-4db0-bef8-6b1ba76195bc	NR_040821.1	96.386	332	5	5	1	328	1150	1478	2.53e-153	540
27474d0a-b1c9-4db0-bef8-6b1ba76195bc	NR_025148.1	96.386	332	5	5	1	328	1170	1498	2.53e-153	540
27474d0a-b1c9-4db0-bef8-6b1ba76195bc	NR_040820.1	96.386	332	5	5	1	328	1150	1478	2.53e-153	540
27474d0a-b1c9-4db0-bef8-6b1ba76195bc	NR_134818.1	96.386	332	5	5	1	328	1163	1491	2.53e-153	540
27474d0a-b1c9-4db0-bef8-6b1ba76195bc	NR_126177.1	96.386	332	5	5	1	328	1152	1480	2.53e-153	540
33d5e3c6-4f81-4cd0-89a3-0d389a0dbed3	NR_029097.1	90.149	1279	67	49	1	1242	117	1373	0.0	1609
33d5e3c6-4f81-4cd0-89a3-0d389a0dbed3	NR_125570.1	89.310	1319	77	51	1	1277	99	1395	0.0	1596
33d5e3c6-4f81-4cd0-89a3-0d389a0dbed3	NR_125571.1	89.234	1319	77	52	1	1277	141	1436	0.0	1591
33d5e3c6-4f81-4cd0-89a3-0d389a0dbed3	NR_025127.1	86.228	1140	99	49	123	1228	300	1415	0.0	1182
33d5e3c6-4f81-4cd0-89a3-0d389a0dbed3	NR_115211.1	85.225	1198	113	51	123	1279	288	1462	0.0	1173
7459e719-1fc9-447b-a1db-3764c515d602	NR_024842.1	89.548	1282	74	41	1	1244	1266	7	0.0	1574
7459e719-1fc9-447b-a1db-3764c515d602	NR_115241.1	89.482	1274	72	43	1	1235	1251	1	0.0	1555
7459e719-1fc9-447b-a1db-3764c515d602	NR_115735.1	90.057	1237	68	39	1	1198	1242	22	0.0	1552
7459e719-1fc9-447b-a1db-3764c515d602	NR_178515.1	89.159	1273	78	41	1	1235	1251	1	0.0	1531
7459e719-1fc9-447b-a1db-3764c515d602	NR_116211.1	90.420	1190	63	36	1	1155	1174	1	0.0	1519
777eb02a-ffea-4b60-a2d8-810f75db2681	NR_042927.1	96.706	1184	24	13	1	1174	1184	6	0.0	1956
777eb02a-ffea-4b60-a2d8-810f75db2681	NR_114413.1	96.706	1184	24	13	1	1174	1207	29	0.0	1956
777eb02a-ffea-4b60-a2d8-810f75db2681	NR_042928.1	96.706	1184	22	15	1	1174	1182	6	0.0	1954
777eb02a-ffea-4b60-a2d8-810f75db2681	NR_115734.1	96.537	1184	26	13	1	1174	1185	7	0.0	1949
777eb02a-ffea-4b60-a2d8-810f75db2681	NR_112026.1	96.502	1172	23	16	1	1162	1164	1	0.0	1923
377dec83-4820-47d7-bd67-bedf95f35823	NR_115355.1	98.252	286	4	1	1	286	1202	1486	3.69e-141	499
377dec83-4820-47d7-bd67-bedf95f35823	NR_163639.1	98.252	286	4	1	1	286	1217	1501	3.69e-141	499
377dec83-4820-47d7-bd67-bedf95f35823	NR_179325.1	98.252	286	4	1	1	286	1176	1460	3.69e-141	499
377dec83-4820-47d7-bd67-bedf95f35823	NR_119169.1	97.902	286	5	1	1	286	1207	1491	1.72e-139	494
377dec83-4820-47d7-bd67-bedf95f35823	NR_115354.1	97.552	286	6	1	1	286	1202	1486	7.99e-138	488
ed1e69f4-abfc-487f-a271-18eac8716a15	NR_044873.1	94.203	552	12	12	1	534	1384	835	0.0	824
ed1e69f4-abfc-487f-a271-18eac8716a15	NR_074568.1	93.478	552	16	12	1	534	1394	845	0.0	802
ed1e69f4-abfc-487f-a271-18eac8716a15	NR_044712.2	93.297	552	17	12	1	534	1403	854	0.0	798
ed1e69f4-abfc-487f-a271-18eac8716a15	NR_025310.1	92.767	553	18	14	1	534	1374	825	0.0	780
ed1e69f4-abfc-487f-a271-18eac8716a15	NR_109752.1	92.754	552	20	12	1	534	1405	856	0.0	780
f7125559-1c03-4087-8d4e-b2bff9bbe5ba	NR_042776.1	97.319	373	8	2	1	371	1418	1046	0.0	632
f7125559-1c03-4087-8d4e-b2bff9bbe5ba	NR_042777.1	97.319	373	8	2	1	371	1417	1045	0.0	632
f7125559-1c03-4087-8d4e-b2bff9bbe5ba	NR_042778.1	97.051	373	9	2	1	371	1418	1046	2.21e-179	627
f7125559-1c03-4087-8d4e-b2bff9bbe5ba	NR_118998.1	97.051	373	9	2	1	371	1412	1040	2.21e-179	627
f7125559-1c03-4087-8d4e-b2bff9bbe5ba	NR_197695.1	97.051	373	9	2	1	371	1417	1045	2.21e-179	627
fd1595b0-13a3-4ad5-8a71-96bc418af1ff	NR_163639.1	97.787	497	5	5	1	496	1010	1501	0.0	852
fd1595b0-13a3-4ad5-8a71-96bc418af1ff	NR_115355.1	97.586	497	6	5	1	496	995	1486	0.0	846
fd1595b0-13a3-4ad5-8a71-96bc418af1ff	NR_179325.1	97.586	497	6	5	1	496	969	1460	0.0	846
fd1595b0-13a3-4ad5-8a71-96bc418af1ff	NR_119169.1	96.982	497	9	5	1	496	1000	1491	0.0	833
fd1595b0-13a3-4ad5-8a71-96bc418af1ff	NR_115354.1	96.982	497	9	5	1	496	995	1486	0.0	832
bcd24d52-617e-4f51-8d64-f09cb9cc42cb	NR_025289.1	89.721	788	33	39	1	748	1358	579	0.0	965
bcd24d52-617e-4f51-8d64-f09cb9cc42cb	NR_118780.1	89.734	789	32	40	1	748	1365	585	0.0	963
bcd24d52-617e-4f51-8d64-f09cb9cc42cb	NR_133037.1	86.150	787	63	36	1	749	1383	605	0.0	808
bcd24d52-617e-4f51-8d64-f09cb9cc42cb	NR_026031.1	84.286	770	77	38	14	748	1343	583	0.0	712
bcd24d52-617e-4f51-8d64-f09cb9cc42cb	NR_179555.1	83.780	783	77	40	1	742	1384	611	0.0	699
fba61ee3-7220-4346-bf64-25f0095e3c36	NR_165741.1	96.053	380	6	8	14	388	382	7	2.30e-174	610
fba61ee3-7220-4346-bf64-25f0095e3c36	NR_179385.1	96.053	380	6	8	14	388	397	22	2.30e-174	610
fba61ee3-7220-4346-bf64-25f0095e3c36	NR_199545.1	96.053	380	6	8	14	388	393	18	2.30e-174	610
fba61ee3-7220-4346-bf64-25f0095e3c36	NR_028664.1	95.526	380	8	8	14	388	396	21	4.98e-171	599
fba61ee3-7220-4346-bf64-25f0095e3c36	NR_114172.1	95.491	377	8	8	14	385	373	1	2.32e-169	593
d5263c04-c5a8-4592-9632-0fdd4dbe4c2c	NR_024842.1	93.648	614	12	20	13	613	890	1489	0.0	893
d5263c04-c5a8-4592-9632-0fdd4dbe4c2c	NR_115735.1	93.770	610	11	20	13	609	866	1461	0.0	891
d5263c04-c5a8-4592-9632-0fdd4dbe4c2c	NR_117719.1	93.496	615	12	21	13	613	893	1493	0.0	889
d5263c04-c5a8-4592-9632-0fdd4dbe4c2c	NR_179383.1	93.496	615	12	21	13	613	900	1500	0.0	889
d5263c04-c5a8-4592-9632-0fdd4dbe4c2c	NR_036936.1	93.607	610	13	20	13	609	875	1471	0.0	887
c8c70cea-d43d-4e24-bd5b-e8f16bdfa625	NR_179540.1	95.775	497	13	7	1	495	1416	926	0.0	795
c8c70cea-d43d-4e24-bd5b-e8f16bdfa625	NR_116206.1	95.573	497	14	7	1	495	1321	831	0.0	791
c8c70cea-d43d-4e24-bd5b-e8f16bdfa625	NR_042928.1	95.573	497	14	7	1	495	1396	906	0.0	789
c8c70cea-d43d-4e24-bd5b-e8f16bdfa625	NR_199547.1	95.573	497	14	7	1	495	1376	886	0.0	789
c8c70cea-d43d-4e24-bd5b-e8f16bdfa625	NR_028665.1	95.372	497	15	6	1	495	1413	923	0.0	784
6a3b625b-39c4-4b29-949b-2c1b2936c57b	NR_029097.1	87.971	823	46	42	7	796	1322	520	0.0	922
6a3b625b-39c4-4b29-949b-2c1b2936c57b	NR_125570.1	87.728	823	48	42	7	796	1304	502	0.0	911
6a3b625b-39c4-4b29-949b-2c1b2936c57b	NR_125571.1	87.120	823	53	44	7	796	1346	544	0.0	883
6a3b625b-39c4-4b29-949b-2c1b2936c57b	NR_114315.1	83.024	807	79	45	7	777	1369	585	0.0	686
6a3b625b-39c4-4b29-949b-2c1b2936c57b	NR_156077.1	82.246	828	85	52	7	796	1368	565	0.0	658
1965493b-3226-4d15-856b-96a1f04d1e8e	NR_026419.1	97.988	1342	19	6	1	1335	1345	5	0.0	2322
1965493b-3226-4d15-856b-96a1f04d1e8e	NR_025903.1	96.384	1355	39	8	1	1348	1357	6	0.0	2222
1965493b-3226-4d15-856b-96a1f04d1e8e	NR_025904.1	95.873	1357	42	11	1	1348	1356	5	0.0	2183
1965493b-3226-4d15-856b-96a1f04d1e8e	NR_133753.1	96.573	1313	36	7	1	1306	1311	1	0.0	2167
1965493b-3226-4d15-856b-96a1f04d1e8e	NR_133752.1	96.417	1284	37	7	1	1277	1282	1	0.0	2108
502057e6-c411-4711-af7b-896d1664adeb	NR_042928.1	94.195	379	10	10	5	377	373	1	1.37e-161	568
502057e6-c411-4711-af7b-896d1664adeb	NR_109720.1	93.834	373	13	8	5	371	369	1	3.85e-157	553
502057e6-c411-4711-af7b-896d1664adeb	NR_199547.1	94.663	356	8	9	5	354	353	3	8.33e-154	542
502057e6-c411-4711-af7b-896d1664adeb	NR_036936.1	92.612	379	18	8	5	377	375	1	1.08e-152	538
502057e6-c411-4711-af7b-896d1664adeb	NR_112026.1	93.923	362	10	10	5	360	356	1	3.88e-152	536
ff141647-be5a-4fd3-86c7-ee2fa4c04f11	NR_024841.1	96.644	298	1	9	1	290	1425	1129	2.93e-137	486
ff141647-be5a-4fd3-86c7-ee2fa4c04f11	NR_028665.1	96.644	298	1	6	1	290	1426	1130	2.93e-137	486
ff141647-be5a-4fd3-86c7-ee2fa4c04f11	NR_028736.1	96.644	298	1	9	1	290	1435	1139	2.93e-137	486
ff141647-be5a-4fd3-86c7-ee2fa4c04f11	NR_041721.1	96.644	298	1	9	1	290	1434	1138	2.93e-137	486
ff141647-be5a-4fd3-86c7-ee2fa4c04f11	NR_042927.1	96.644	298	1	6	1	290	1411	1115	2.93e-137	486
eefc11f6-d5d8-41c8-b158-f19ab476caf4	NR_042776.1	92.617	447	22	5	1	436	449	895	0.0	632
eefc11f6-d5d8-41c8-b158-f19ab476caf4	NR_197695.1	92.617	447	22	5	1	436	448	894	0.0	632
eefc11f6-d5d8-41c8-b158-f19ab476caf4	NR_042777.1	92.394	447	22	6	1	436	449	894	2.58e-179	627
eefc11f6-d5d8-41c8-b158-f19ab476caf4	NR_042778.1	92.394	447	23	5	1	436	449	895	2.58e-179	627
eefc11f6-d5d8-41c8-b158-f19ab476caf4	NR_118998.1	92.170	447	24	5	1	436	444	890	1.20e-177	621
cff12bb3-ae38-41b7-9059-817d73338524	NR_042878.1	88.757	507	32	17	1	488	262	762	2.29e-170	597
cff12bb3-ae38-41b7-9059-817d73338524	NR_116168.1	88.757	507	32	17	1	488	283	783	2.29e-170	597
cff12bb3-ae38-41b7-9059-817d73338524	NR_118143.1	87.598	508	36	19	1	488	264	764	6.45e-161	566
cff12bb3-ae38-41b7-9059-817d73338524	NR_042868.1	86.811	508	40	19	1	488	264	764	1.09e-153	542
cff12bb3-ae38-41b7-9059-817d73338524	NR_042873.1	86.811	508	40	19	1	488	262	762	1.09e-153	542
32a4fa38-1eb9-4eab-9ced-576769366311	NR_117719.1	90.923	1278	62	48	1	1249	1265	13	0.0	1668
32a4fa38-1eb9-4eab-9ced-576769366311	NR_028664.1	90.689	1278	65	48	1	1249	1268	16	0.0	1652
32a4fa38-1eb9-4eab-9ced-576769366311	NR_118234.1	90.569	1283	63	52	1	1251	1264	8	0.0	1646
32a4fa38-1eb9-4eab-9ced-576769366311	NR_115240.1	90.709	1270	65	47	1	1242	1245	1	0.0	1642
32a4fa38-1eb9-4eab-9ced-576769366311	NR_199541.1	91.329	1234	56	45	1	1207	1223	14	0.0	1639
bb22cf9f-0620-45c6-8f98-78089476e360	NR_117694.1	94.533	1189	35	26	1	1171	1462	286	0.0	1808
bb22cf9f-0620-45c6-8f98-78089476e360	NR_117696.1	94.524	1187	39	21	1	1171	1449	273	0.0	1808
bb22cf9f-0620-45c6-8f98-78089476e360	NR_117717.1	94.440	1187	39	23	1	1171	1482	307	0.0	1801
bb22cf9f-0620-45c6-8f98-78089476e360	NR_104947.1	94.572	1179	38	21	9	1171	1427	259	0.0	1799
bb22cf9f-0620-45c6-8f98-78089476e360	NR_117701.1	94.356	1187	41	21	1	1171	1462	286	0.0	1797
b5f20905-38cb-4e3e-8685-a4db235a2a24	NR_074980.1	94.802	1443	43	25	2	1423	1444	13	0.0	2220
b5f20905-38cb-4e3e-8685-a4db235a2a24	NR_113031.1	94.802	1443	43	25	2	1423	1444	13	0.0	2220
b5f20905-38cb-4e3e-8685-a4db235a2a24	NR_043332.1	94.881	1426	43	23	2	1406	1417	1	0.0	2207
b5f20905-38cb-4e3e-8685-a4db235a2a24	NR_115355.1	94.881	1426	43	24	2	1406	1417	1	0.0	2206
b5f20905-38cb-4e3e-8685-a4db235a2a24	NR_113570.1	94.825	1430	43	25	2	1409	1424	4	0.0	2202
19e64217-bea3-42c2-b765-fb1ccf88a7e9	NR_025903.1	96.714	852	14	10	1	840	855	6	0.0	1406
19e64217-bea3-42c2-b765-fb1ccf88a7e9	NR_025904.1	95.082	854	24	14	1	840	854	5	0.0	1328
19e64217-bea3-42c2-b765-fb1ccf88a7e9	NR_133753.1	96.424	811	15	10	1	799	809	1	0.0	1325
19e64217-bea3-42c2-b765-fb1ccf88a7e9	NR_026419.1	95.148	845	26	11	1	832	843	1	0.0	1319
19e64217-bea3-42c2-b765-fb1ccf88a7e9	NR_036920.1	94.360	851	33	11	1	840	848	2	0.0	1291
4985e72f-0a98-4d8b-862a-2fa8af827895	NR_179540.1	95.045	1332	37	24	1	1317	175	1492	0.0	2067
4985e72f-0a98-4d8b-862a-2fa8af827895	NR_028664.1	94.872	1326	38	25	8	1317	185	1496	0.0	2045
4985e72f-0a98-4d8b-862a-2fa8af827895	NR_179383.1	94.796	1326	39	25	8	1317	189	1500	0.0	2039
4985e72f-0a98-4d8b-862a-2fa8af827895	NR_042927.1	94.856	1322	38	24	8	1313	164	1471	0.0	2037
4985e72f-0a98-4d8b-862a-2fa8af827895	NR_115240.1	94.856	1322	38	25	8	1313	162	1469	0.0	2037
921b179d-f35c-4c78-84bf-62f20462b527	NR_042776.1	91.930	632	26	16	1	611	653	26	0.0	861
921b179d-f35c-4c78-84bf-62f20462b527	NR_042777.1	91.614	632	27	17	1	611	652	26	0.0	850
921b179d-f35c-4c78-84bf-62f20462b527	NR_042778.1	91.614	632	28	16	1	611	653	26	0.0	850
921b179d-f35c-4c78-84bf-62f20462b527	NR_197695.1	91.456	632	29	16	1	611	652	25	0.0	845
921b179d-f35c-4c78-84bf-62f20462b527	NR_118998.1	90.823	632	33	16	1	611	648	21	0.0	824
37d88ce4-e07f-461f-85a5-06f9ec6bdd48	NR_115355.1	97.740	929	10	7	1	923	563	1486	0.0	1589
37d88ce4-e07f-461f-85a5-06f9ec6bdd48	NR_179325.1	97.740	929	10	7	1	923	537	1460	0.0	1589
37d88ce4-e07f-461f-85a5-06f9ec6bdd48	NR_163639.1	97.527	930	9	10	1	923	579	1501	0.0	1578
37d88ce4-e07f-461f-85a5-06f9ec6bdd48	NR_119169.1	97.417	929	13	7	1	923	568	1491	0.0	1576
37d88ce4-e07f-461f-85a5-06f9ec6bdd48	NR_115354.1	96.878	929	18	7	1	923	563	1486	0.0	1548
ac4cfc25-7c51-4937-99ac-e9c71aea9327	NR_044091.1	93.605	1032	30	32	1	1004	174	1197	0.0	1507
ac4cfc25-7c51-4937-99ac-e9c71aea9327	NR_113570.1	93.120	1032	34	33	1	1004	267	1289	0.0	1478
ac4cfc25-7c51-4937-99ac-e9c71aea9327	NR_074980.1	92.933	1033	34	35	1	1004	287	1309	0.0	1467
ac4cfc25-7c51-4937-99ac-e9c71aea9327	NR_113031.1	92.933	1033	34	35	1	1004	287	1309	0.0	1467
ac4cfc25-7c51-4937-99ac-e9c71aea9327	NR_043332.1	92.829	1032	37	33	1	1004	260	1282	0.0	1465
2940d9bb-db17-46ee-9c58-63b5b3a7240b	NR_044873.1	97.864	515	6	3	1	510	521	7	0.0	885
2940d9bb-db17-46ee-9c58-63b5b3a7240b	NR_074568.1	95.922	515	16	3	1	510	532	18	0.0	830
2940d9bb-db17-46ee-9c58-63b5b3a7240b	NR_044712.2	95.340	515	19	3	1	510	541	27	0.0	819
2940d9bb-db17-46ee-9c58-63b5b3a7240b	NR_179993.1	94.186	516	24	4	1	510	533	18	0.0	782
2940d9bb-db17-46ee-9c58-63b5b3a7240b	NR_025310.1	94.336	512	24	3	1	507	512	1	0.0	780
9655fcdd-58e1-456d-8169-e385adfef4f2	NR_163639.1	94.297	1245	30	31	1	1225	1227	4	0.0	1868
9655fcdd-58e1-456d-8169-e385adfef4f2	NR_119169.1	94.165	1234	35	27	1	1214	1217	1	0.0	1853
9655fcdd-58e1-456d-8169-e385adfef4f2	NR_115355.1	94.304	1229	33	27	1	1209	1212	1	0.0	1851
9655fcdd-58e1-456d-8169-e385adfef4f2	NR_074980.1	93.891	1244	39	27	1	1224	1239	13	0.0	1842
9655fcdd-58e1-456d-8169-e385adfef4f2	NR_113031.1	93.891	1244	39	27	1	1224	1239	13	0.0	1842
607a9934-a8b9-46e2-ab37-a8a9cc0fd055	NR_165744.1	91.924	1424	73	31	1	1396	1410	1	0.0	1954
607a9934-a8b9-46e2-ab37-a8a9cc0fd055	NR_117719.1	91.918	1423	73	31	1	1395	1421	13	0.0	1953
607a9934-a8b9-46e2-ab37-a8a9cc0fd055	NR_179540.1	91.918	1423	73	31	1	1395	1421	13	0.0	1953
607a9934-a8b9-46e2-ab37-a8a9cc0fd055	NR_028665.1	91.848	1423	74	32	1	1395	1418	10	0.0	1949
607a9934-a8b9-46e2-ab37-a8a9cc0fd055	NR_115239.1	92.051	1409	72	31	1	1381	1401	5	0.0	1945
43aff675-ab32-4765-a7b4-cfea8ee0b0de	NR_116168.1	97.037	945	12	11	1	934	549	1488	0.0	1576
43aff675-ab32-4765-a7b4-cfea8ee0b0de	NR_118762.1	96.051	937	22	11	1	927	552	1483	0.0	1531
43aff675-ab32-4765-a7b4-cfea8ee0b0de	NR_114764.1	94.374	942	35	13	1	930	531	1466	0.0	1434
43aff675-ab32-4765-a7b4-cfea8ee0b0de	NR_181418.1	93.987	948	35	16	1	934	548	1487	0.0	1415
43aff675-ab32-4765-a7b4-cfea8ee0b0de	NR_025423.1	93.949	942	39	13	1	930	533	1468	0.0	1408
0d88a069-4d41-45fb-bc68-5cf863cef6c5	NR_028664.1	96.890	643	11	6	1	636	856	1496	0.0	1068
0d88a069-4d41-45fb-bc68-5cf863cef6c5	NR_117719.1	96.890	643	11	6	1	636	853	1493	0.0	1068
0d88a069-4d41-45fb-bc68-5cf863cef6c5	NR_024842.1	96.734	643	11	7	1	636	850	1489	0.0	1062
0d88a069-4d41-45fb-bc68-5cf863cef6c5	NR_152678.1	96.734	643	12	6	1	636	855	1495	0.0	1062
0d88a069-4d41-45fb-bc68-5cf863cef6c5	NR_179383.1	96.734	643	12	6	1	636	860	1500	0.0	1062
9a739ae4-fe0b-4eaa-ace1-413ca5f41687	NR_117839.1	89.451	948	44	43	1	906	951	18	0.0	1147
9a739ae4-fe0b-4eaa-ace1-413ca5f41687	NR_178363.1	89.648	937	44	41	1	898	923	1	0.0	1144
9a739ae4-fe0b-4eaa-ace1-413ca5f41687	NR_117292.1	89.434	937	46	41	1	898	923	1	0.0	1133
9a739ae4-fe0b-4eaa-ace1-413ca5f41687	NR_113141.1	88.901	946	50	41	1	906	943	13	0.0	1114
9a739ae4-fe0b-4eaa-ace1-413ca5f41687	NR_117842.1	88.807	947	50	42	1	906	957	26	0.0	1112
06b464e1-968e-488a-9522-e2baf345e5c6	NR_117694.1	94.802	808	26	13	1	794	806	1	0.0	1245
06b464e1-968e-488a-9522-e2baf345e5c6	NR_041989.1	95.942	764	20	9	1	753	764	1	0.0	1229
06b464e1-968e-488a-9522-e2baf345e5c6	NR_117717.1	93.742	815	39	10	1	803	827	13	0.0	1212
06b464e1-968e-488a-9522-e2baf345e5c6	NR_121687.1	93.758	817	35	13	1	803	826	12	0.0	1212
06b464e1-968e-488a-9522-e2baf345e5c6	NR_121688.1	93.620	815	40	10	1	803	826	12	0.0	1206
9efcb4f2-5510-4072-a761-2b04f84acfdb	NR_115355.1	97.124	452	6	6	6	452	1335	886	0.0	756
9efcb4f2-5510-4072-a761-2b04f84acfdb	NR_163639.1	97.124	452	5	7	6	452	1350	902	0.0	756
9efcb4f2-5510-4072-a761-2b04f84acfdb	NR_179325.1	97.124	452	6	6	6	452	1309	860	0.0	756
9efcb4f2-5510-4072-a761-2b04f84acfdb	NR_119169.1	96.903	452	7	6	6	452	1340	891	0.0	754
9efcb4f2-5510-4072-a761-2b04f84acfdb	NR_041879.1	96.909	453	6	7	6	452	1293	843	0.0	752
05894351-a38f-4f3a-812e-320ded49fcb4	NR_136788.1	95.749	1435	36	20	1	1424	1433	13	0.0	2289
05894351-a38f-4f3a-812e-320ded49fcb4	NR_113082.1	92.892	1435	73	24	3	1424	1431	13	0.0	2058
05894351-a38f-4f3a-812e-320ded49fcb4	NR_026230.1	92.346	1424	82	22	3	1414	1409	1	0.0	2025
05894351-a38f-4f3a-812e-320ded49fcb4	NR_043154.1	83.804	1451	180	43	1	1425	1433	12	0.0	1327
05894351-a38f-4f3a-812e-320ded49fcb4	NR_169488.1	82.823	1438	196	39	7	1424	1419	13	0.0	1240
c0a8fce1-b4d8-46bd-9b33-a2b10f7e3c4b	NR_029097.1	97.692	130	1	2	1	130	1338	1211	3.79e-58	222
c0a8fce1-b4d8-46bd-9b33-a2b10f7e3c4b	NR_125570.1	97.692	130	1	2	1	130	1320	1193	3.79e-58	222
c0a8fce1-b4d8-46bd-9b33-a2b10f7e3c4b	NR_125571.1	97.692	130	1	2	1	130	1362	1235	3.79e-58	222
c0a8fce1-b4d8-46bd-9b33-a2b10f7e3c4b	NR_042007.1	96.923	130	2	2	1	130	1393	1266	1.76e-56	217
c0a8fce1-b4d8-46bd-9b33-a2b10f7e3c4b	NR_074634.1	96.923	130	2	2	1	130	1398	1271	1.76e-56	217
71d480f9-0622-4e1a-beca-81d81d8cea89	NR_024842.1	90.796	565	29	16	1	551	563	8	0.0	737
71d480f9-0622-4e1a-beca-81d81d8cea89	NR_115241.1	91.023	557	27	16	1	543	548	1	0.0	730
71d480f9-0622-4e1a-beca-81d81d8cea89	NR_115735.1	91.557	533	26	13	1	519	539	12	0.0	717
71d480f9-0622-4e1a-beca-81d81d8cea89	NR_178515.1	89.785	558	32	17	1	543	548	1	0.0	691
71d480f9-0622-4e1a-beca-81d81d8cea89	NR_114413.1	89.381	565	37	15	1	551	571	16	0.0	689
649a29e7-c33a-4364-8417-c3c6f2384b74	NR_074980.1	96.478	653	14	8	1	649	661	14	0.0	1070
649a29e7-c33a-4364-8417-c3c6f2384b74	NR_113031.1	96.478	653	14	8	1	649	661	14	0.0	1070
649a29e7-c33a-4364-8417-c3c6f2384b74	NR_119168.1	96.880	641	12	7	1	637	639	3	0.0	1066
649a29e7-c33a-4364-8417-c3c6f2384b74	NR_117759.1	96.568	641	14	7	1	637	637	1	0.0	1057
649a29e7-c33a-4364-8417-c3c6f2384b74	NR_043332.1	96.552	638	14	7	1	634	634	1	0.0	1051
7867d6a7-ac1f-4d84-a524-87facd62e5bb	NR_026419.1	90.732	669	35	20	3	653	664	5	0.0	867
7867d6a7-ac1f-4d84-a524-87facd62e5bb	NR_025903.1	88.710	682	47	22	3	665	676	6	0.0	806
7867d6a7-ac1f-4d84-a524-87facd62e5bb	NR_133753.1	90.094	636	38	17	3	620	630	2	0.0	802
7867d6a7-ac1f-4d84-a524-87facd62e5bb	NR_025904.1	88.141	683	49	25	3	665	675	5	0.0	784
7867d6a7-ac1f-4d84-a524-87facd62e5bb	NR_133752.1	89.967	608	38	16	3	594	601	1	0.0	763
e4a393fa-e4ae-488f-8be0-af19bc881a2d	NR_042776.1	95.344	451	8	11	13	455	1054	1499	0.0	704
e4a393fa-e4ae-488f-8be0-af19bc881a2d	NR_042777.1	95.344	451	8	11	13	455	1053	1498	0.0	704
e4a393fa-e4ae-488f-8be0-af19bc881a2d	NR_042778.1	94.900	451	10	11	13	455	1054	1499	0.0	693
e4a393fa-e4ae-488f-8be0-af19bc881a2d	NR_118998.1	94.900	451	10	11	13	455	1048	1493	0.0	693
e4a393fa-e4ae-488f-8be0-af19bc881a2d	NR_197695.1	94.900	451	10	11	13	455	1053	1498	0.0	693
4a29a1c4-99d3-4a2e-a7b3-f724ac7c11be	NR_026419.1	99.531	426	1	1	1	425	259	684	0.0	774
4a29a1c4-99d3-4a2e-a7b3-f724ac7c11be	NR_133753.1	99.061	426	3	1	1	425	225	650	0.0	763
4a29a1c4-99d3-4a2e-a7b3-f724ac7c11be	NR_025903.1	99.061	426	3	1	1	425	271	696	0.0	763
4a29a1c4-99d3-4a2e-a7b3-f724ac7c11be	NR_133752.1	98.592	426	5	1	1	425	196	621	0.0	752
4a29a1c4-99d3-4a2e-a7b3-f724ac7c11be	NR_026469.1	98.357	426	6	1	1	425	261	686	0.0	747
f518c225-10e2-46a3-9eaa-bee885adffb3	NR_117696.1	93.423	1338	43	34	1	1311	135	1454	0.0	1941
f518c225-10e2-46a3-9eaa-bee885adffb3	NR_117717.1	93.348	1338	43	35	1	1311	169	1487	0.0	1936
f518c225-10e2-46a3-9eaa-bee885adffb3	NR_117701.1	93.274	1338	45	34	1	1311	148	1467	0.0	1930
f518c225-10e2-46a3-9eaa-bee885adffb3	NR_121688.1	93.199	1338	46	34	1	1311	168	1487	0.0	1925
f518c225-10e2-46a3-9eaa-bee885adffb3	NR_041989.1	94.558	1268	24	30	1	1242	106	1354	0.0	1917
54913b06-3d77-48c9-85dc-700fb1f9607f	NR_042776.1	93.089	463	17	12	1	454	1042	1498	0.0	664
54913b06-3d77-48c9-85dc-700fb1f9607f	NR_042777.1	93.089	463	17	12	1	454	1041	1497	0.0	664
54913b06-3d77-48c9-85dc-700fb1f9607f	NR_042778.1	92.657	463	19	12	1	454	1042	1498	0.0	652
54913b06-3d77-48c9-85dc-700fb1f9607f	NR_118998.1	92.657	463	19	12	1	454	1036	1492	0.0	652
54913b06-3d77-48c9-85dc-700fb1f9607f	NR_197695.1	92.657	463	19	12	1	454	1041	1497	0.0	652
3ce19e37-7f66-4e8d-9ebf-6405b431aa94	NR_165737.1	91.469	1137	52	36	1	1112	355	1471	0.0	1520
3ce19e37-7f66-4e8d-9ebf-6405b431aa94	NR_024842.1	91.446	1134	53	35	11	1120	380	1493	0.0	1519
3ce19e37-7f66-4e8d-9ebf-6405b431aa94	NR_115735.1	91.585	1129	51	35	11	1115	356	1464	0.0	1519
3ce19e37-7f66-4e8d-9ebf-6405b431aa94	NR_036936.1	91.482	1127	51	36	11	1112	365	1471	0.0	1507
3ce19e37-7f66-4e8d-9ebf-6405b431aa94	NR_115241.1	91.297	1126	54	35	11	1112	365	1470	0.0	1502
a0a8e123-5acb-4e5b-80c0-a5a67724640a	NR_025862.1	95.963	966	18	15	4	953	1341	381	0.0	1554
a0a8e123-5acb-4e5b-80c0-a5a67724640a	NR_026454.1	95.145	968	22	18	4	952	1318	357	0.0	1504
a0a8e123-5acb-4e5b-80c0-a5a67724640a	NR_180652.1	94.720	966	28	17	4	952	1331	372	0.0	1480
a0a8e123-5acb-4e5b-80c0-a5a67724640a	NR_028682.1	94.623	967	29	17	4	953	1342	382	0.0	1476
a0a8e123-5acb-4e5b-80c0-a5a67724640a	NR_113798.1	94.525	968	27	20	4	952	1327	367	0.0	1471
b43fbd71-82a3-4a84-9409-f46b76c86538	NR_024842.1	95.259	675	20	9	1	669	821	1489	0.0	1059
b43fbd71-82a3-4a84-9409-f46b76c86538	NR_115735.1	95.252	674	20	9	1	668	797	1464	0.0	1057
b43fbd71-82a3-4a84-9409-f46b76c86538	NR_156072.1	94.963	675	22	9	1	669	826	1494	0.0	1048
b43fbd71-82a3-4a84-9409-f46b76c86538	NR_036936.1	95.089	672	20	10	1	665	806	1471	0.0	1046
b43fbd71-82a3-4a84-9409-f46b76c86538	NR_115241.1	94.784	671	23	9	1	665	806	1470	0.0	1040
35e4b20c-2f7b-4e5d-86b6-b3d337bc3525	NR_042928.1	95.732	1476	31	26	1	1454	1466	1	0.0	2348
35e4b20c-2f7b-4e5d-86b6-b3d337bc3525	NR_028664.1	95.286	1485	39	25	1	1463	1490	15	0.0	2326
35e4b20c-2f7b-4e5d-86b6-b3d337bc3525	NR_117719.1	95.219	1485	40	25	1	1463	1487	12	0.0	2320
35e4b20c-2f7b-4e5d-86b6-b3d337bc3525	NR_115240.1	95.257	1476	39	25	1	1454	1467	1	0.0	2309
35e4b20c-2f7b-4e5d-86b6-b3d337bc3525	NR_175455.1	95.142	1482	41	25	1	1460	1475	3	0.0	2309
4944dbd4-d8b4-4236-a715-11ef93cd6e53	NR_199547.1	96.069	1221	25	16	1	1205	41	1254	0.0	1967
4944dbd4-d8b4-4236-a715-11ef93cd6e53	NR_042928.1	95.987	1221	26	16	1	1205	61	1274	0.0	1962
4944dbd4-d8b4-4236-a715-11ef93cd6e53	NR_112026.1	95.823	1221	27	17	1	1205	44	1256	0.0	1953
4944dbd4-d8b4-4236-a715-11ef93cd6e53	NR_116206.1	95.937	1206	26	16	16	1205	1	1199	0.0	1938
4944dbd4-d8b4-4236-a715-11ef93cd6e53	NR_199541.1	95.328	1220	34	16	2	1205	40	1252	0.0	1916
feea3c41-3bc6-4e22-a817-fa7c50b122ee	NR_024842.1	93.548	837	29	17	1	822	833	7	0.0	1225
feea3c41-3bc6-4e22-a817-fa7c50b122ee	NR_115241.1	93.720	828	27	18	1	813	818	1	0.0	1218
feea3c41-3bc6-4e22-a817-fa7c50b122ee	NR_115735.1	93.529	819	27	19	1	803	809	1	0.0	1195
feea3c41-3bc6-4e22-a817-fa7c50b122ee	NR_178515.1	93.124	829	30	20	1	813	818	1	0.0	1190
feea3c41-3bc6-4e22-a817-fa7c50b122ee	NR_165737.1	92.883	829	32	20	1	813	818	1	0.0	1179
a8b0aac0-382b-4423-a0dd-f2eb0e169ef9	NR_163639.1	97.354	567	7	6	1	563	566	4	0.0	957
a8b0aac0-382b-4423-a0dd-f2eb0e169ef9	NR_074980.1	97.178	567	9	4	1	562	577	13	0.0	952
a8b0aac0-382b-4423-a0dd-f2eb0e169ef9	NR_113031.1	97.178	567	9	4	1	562	577	13	0.0	952
a8b0aac0-382b-4423-a0dd-f2eb0e169ef9	NR_119168.1	97.307	557	8	4	1	552	555	1	0.0	939
a8b0aac0-382b-4423-a0dd-f2eb0e169ef9	NR_119169.1	97.127	557	9	4	1	552	555	1	0.0	937
42bda4a1-2a55-41b4-a219-1621c079c8cb	NR_024842.1	93.137	1122	52	18	1	1112	383	1489	0.0	1624
42bda4a1-2a55-41b4-a219-1621c079c8cb	NR_115735.1	93.131	1121	52	18	1	1111	359	1464	0.0	1620
42bda4a1-2a55-41b4-a219-1621c079c8cb	NR_109720.1	93.315	1107	51	17	1	1096	362	1456	0.0	1613
42bda4a1-2a55-41b4-a219-1621c079c8cb	NR_115241.1	92.934	1118	54	18	1	1108	368	1470	0.0	1607
42bda4a1-2a55-41b4-a219-1621c079c8cb	NR_036936.1	92.851	1119	54	19	1	1108	368	1471	0.0	1600
dc18e24f-d8d8-418b-8556-04e629f2eff9	NR_163639.1	97.226	685	11	7	1	681	684	4	0.0	1153
dc18e24f-d8d8-418b-8556-04e629f2eff9	NR_119169.1	97.329	674	13	4	1	670	673	1	0.0	1144
dc18e24f-d8d8-418b-8556-04e629f2eff9	NR_074980.1	96.784	684	17	4	1	680	695	13	0.0	1136
dc18e24f-d8d8-418b-8556-04e629f2eff9	NR_113031.1	96.784	684	17	4	1	680	695	13	0.0	1136
dc18e24f-d8d8-418b-8556-04e629f2eff9	NR_115355.1	97.309	669	13	4	1	665	668	1	0.0	1134
00646b2a-7dad-4815-8d15-f0c2e7f7152a	NR_029097.1	94.810	501	12	12	1	493	1329	835	0.0	769
00646b2a-7dad-4815-8d15-f0c2e7f7152a	NR_125570.1	94.411	501	14	12	1	493	1311	817	0.0	758
00646b2a-7dad-4815-8d15-f0c2e7f7152a	NR_125571.1	94.212	501	15	12	1	493	1353	859	0.0	752
00646b2a-7dad-4815-8d15-f0c2e7f7152a	NR_025127.1	89.820	501	37	12	1	493	1385	891	2.25e-180	630
00646b2a-7dad-4815-8d15-f0c2e7f7152a	NR_104758.1	89.243	502	39	12	1	493	1385	890	6.30e-176	616
382ab401-f849-477f-a836-94db053fb55d	NR_119169.1	97.540	935	16	7	1	929	934	1	0.0	1596
382ab401-f849-477f-a836-94db053fb55d	NR_115355.1	97.634	930	15	7	1	924	929	1	0.0	1592
382ab401-f849-477f-a836-94db053fb55d	NR_074980.1	97.037	945	21	7	1	939	956	13	0.0	1583
382ab401-f849-477f-a836-94db053fb55d	NR_113031.1	97.037	945	21	7	1	939	956	13	0.0	1583
382ab401-f849-477f-a836-94db053fb55d	NR_163639.1	97.040	946	17	11	1	940	944	4	0.0	1581
cef5510e-5d0d-4422-a19d-cf0fcef0fff9	NR_042776.1	91.781	730	19	27	31	730	785	1503	0.0	977
cef5510e-5d0d-4422-a19d-cf0fcef0fff9	NR_042777.1	91.781	730	19	27	31	730	784	1502	0.0	977
cef5510e-5d0d-4422-a19d-cf0fcef0fff9	NR_042778.1	91.507	730	21	27	31	730	785	1503	0.0	966
cef5510e-5d0d-4422-a19d-cf0fcef0fff9	NR_197695.1	91.233	730	23	27	31	730	784	1502	0.0	955
cef5510e-5d0d-4422-a19d-cf0fcef0fff9	NR_118998.1	91.084	729	25	27	31	730	780	1497	0.0	950
0fcafc0f-3612-4351-9000-1c5165be5442	NR_042776.1	96.133	543	7	12	4	542	550	18	0.0	874
0fcafc0f-3612-4351-9000-1c5165be5442	NR_042778.1	95.764	543	9	12	4	542	550	18	0.0	863
0fcafc0f-3612-4351-9000-1c5165be5442	NR_042777.1	95.580	543	9	12	4	542	549	18	0.0	856
0fcafc0f-3612-4351-9000-1c5165be5442	NR_197695.1	95.212	543	12	12	4	542	549	17	0.0	846
0fcafc0f-3612-4351-9000-1c5165be5442	NR_118998.1	94.843	543	14	12	4	542	545	13	0.0	837
e39c03eb-0cef-4ce9-9280-f169a8b0deb4	NR_024842.1	94.602	352	11	7	6	349	359	8	2.71e-153	540
e39c03eb-0cef-4ce9-9280-f169a8b0deb4	NR_115241.1	95.058	344	10	6	6	342	344	1	1.26e-151	534
e39c03eb-0cef-4ce9-9280-f169a8b0deb4	NR_115735.1	94.627	335	10	7	6	332	335	1	5.92e-145	512
e39c03eb-0cef-4ce9-9280-f169a8b0deb4	NR_165737.1	92.464	345	17	8	6	342	344	1	1.29e-136	484
e39c03eb-0cef-4ce9-9280-f169a8b0deb4	NR_178515.1	92.464	345	17	8	6	342	344	1	1.29e-136	484
5de2b8ad-22e7-4776-b5e3-90e728e261cd	NR_026419.1	96.850	1111	17	14	1	1103	1105	5	0.0	1842
5de2b8ad-22e7-4776-b5e3-90e728e261cd	NR_025903.1	95.442	1119	31	16	4	1114	1114	8	0.0	1766
5de2b8ad-22e7-4776-b5e3-90e728e261cd	NR_133753.1	96.286	1077	23	13	4	1072	1068	1	0.0	1751
5de2b8ad-22e7-4776-b5e3-90e728e261cd	NR_025904.1	94.826	1121	34	19	4	1114	1113	7	0.0	1727
5de2b8ad-22e7-4776-b5e3-90e728e261cd	NR_133752.1	95.992	1048	25	13	4	1043	1039	1	0.0	1687
efdd01c0-5728-425e-b48e-625f7c09b817	NR_024842.1	96.078	816	17	12	1	806	682	1492	0.0	1315
efdd01c0-5728-425e-b48e-625f7c09b817	NR_115735.1	96.059	812	17	12	1	802	658	1464	0.0	1308
efdd01c0-5728-425e-b48e-625f7c09b817	NR_036936.1	95.802	810	18	13	1	799	667	1471	0.0	1293
efdd01c0-5728-425e-b48e-625f7c09b817	NR_156072.1	95.588	816	21	12	1	806	687	1497	0.0	1293
efdd01c0-5728-425e-b48e-625f7c09b817	NR_165737.1	95.802	810	18	13	1	799	667	1471	0.0	1293
426844fb-4c9b-4524-82cd-fc43e33698b3	NR_044873.1	90.892	538	15	29	1	514	883	356	0.0	691
426844fb-4c9b-4524-82cd-fc43e33698b3	NR_043968.1	89.610	539	19	30	1	514	851	325	0.0	651
426844fb-4c9b-4524-82cd-fc43e33698b3	NR_179993.1	89.239	539	21	31	1	514	894	368	0.0	640
426844fb-4c9b-4524-82cd-fc43e33698b3	NR_024785.1	89.219	538	20	31	2	514	848	324	0.0	638
426844fb-4c9b-4524-82cd-fc43e33698b3	NR_074568.1	89.054	539	22	30	1	514	893	367	0.0	634
df04b901-5277-4d18-8687-6af85eb49d55	NR_040933.1	96.143	363	7	5	2	359	1129	1489	3.56e-167	586
df04b901-5277-4d18-8687-6af85eb49d55	NR_117717.1	96.369	358	7	4	6	359	1132	1487	1.28e-166	584
df04b901-5277-4d18-8687-6af85eb49d55	NR_121688.1	96.369	358	7	4	6	359	1132	1487	1.28e-166	584
df04b901-5277-4d18-8687-6af85eb49d55	NR_117696.1	96.369	358	7	4	6	359	1099	1454	1.28e-166	584
df04b901-5277-4d18-8687-6af85eb49d55	NR_117701.1	96.369	358	7	4	6	359	1112	1467	1.28e-166	584
f9560f9c-4d9d-446f-80de-97193a219383	NR_117694.1	92.413	1173	44	35	32	1171	1161	1	0.0	1631
f9560f9c-4d9d-446f-80de-97193a219383	NR_041989.1	93.250	1126	39	29	32	1128	1119	2	0.0	1624
f9560f9c-4d9d-446f-80de-97193a219383	NR_121687.1	91.412	1176	56	35	32	1174	1181	18	0.0	1570
f9560f9c-4d9d-446f-80de-97193a219383	NR_117692.1	91.460	1171	59	31	32	1171	1161	1	0.0	1570
f9560f9c-4d9d-446f-80de-97193a219383	NR_025892.1	90.994	1177	58	38	32	1174	1186	24	0.0	1567
9eda1812-f090-4fb0-8e2d-fffe38dd578b	NR_042776.1	96.544	463	4	8	1	456	1042	1499	0.0	756
9eda1812-f090-4fb0-8e2d-fffe38dd578b	NR_042777.1	96.544	463	4	8	1	456	1041	1498	0.0	756
9eda1812-f090-4fb0-8e2d-fffe38dd578b	NR_042778.1	96.112	463	6	8	1	456	1042	1499	0.0	745
9eda1812-f090-4fb0-8e2d-fffe38dd578b	NR_118998.1	96.112	463	6	8	1	456	1036	1493	0.0	745
9eda1812-f090-4fb0-8e2d-fffe38dd578b	NR_197695.1	96.112	463	6	8	1	456	1041	1498	0.0	745
46cfac7a-3f7c-4801-9ab7-9e1f9f4df4b6	NR_025862.1	92.654	599	22	21	13	595	162	754	0.0	846
46cfac7a-3f7c-4801-9ab7-9e1f9f4df4b6	NR_028682.1	89.286	616	38	26	1	595	147	755	0.0	747
46cfac7a-3f7c-4801-9ab7-9e1f9f4df4b6	NR_026454.1	89.159	618	37	29	1	595	121	731	0.0	743
46cfac7a-3f7c-4801-9ab7-9e1f9f4df4b6	NR_114015.1	90.959	542	26	22	70	595	211	745	0.0	708
46cfac7a-3f7c-4801-9ab7-9e1f9f4df4b6	NR_044160.1	90.959	542	26	22	70	595	189	723	0.0	708
703cf023-c62b-4704-aa06-715b9a97202f	NR_042776.1	95.058	607	17	8	10	610	900	1499	0.0	942
703cf023-c62b-4704-aa06-715b9a97202f	NR_042777.1	95.058	607	17	8	10	610	899	1498	0.0	942
703cf023-c62b-4704-aa06-715b9a97202f	NR_042778.1	94.728	607	19	9	10	610	900	1499	0.0	931
703cf023-c62b-4704-aa06-715b9a97202f	NR_197695.1	94.563	607	20	9	10	610	899	1498	0.0	926
703cf023-c62b-4704-aa06-715b9a97202f	NR_042052.1	94.234	607	22	8	10	610	798	1397	0.0	915
2fc84a25-1e8e-4bae-b983-685c1c187a4c	NR_042928.1	99.324	444	2	1	1	443	639	1082	0.0	802
2fc84a25-1e8e-4bae-b983-685c1c187a4c	NR_116206.1	99.324	444	2	1	1	443	564	1007	0.0	802
2fc84a25-1e8e-4bae-b983-685c1c187a4c	NR_028664.1	99.099	444	3	1	1	443	662	1105	0.0	797
2fc84a25-1e8e-4bae-b983-685c1c187a4c	NR_042927.1	99.099	444	3	1	1	443	641	1084	0.0	797
2fc84a25-1e8e-4bae-b983-685c1c187a4c	NR_114413.1	99.099	444	3	1	1	443	664	1107	0.0	797
432c8da7-ca9a-4bfa-a32c-bef575bbfeab	NR_025902.1	90.665	1339	77	42	1	1310	126	1445	0.0	1736
432c8da7-ca9a-4bfa-a32c-bef575bbfeab	NR_117692.1	90.658	1338	79	40	1	1310	148	1467	0.0	1736
432c8da7-ca9a-4bfa-a32c-bef575bbfeab	NR_041989.1	91.239	1267	67	38	1	1240	106	1355	0.0	1685
432c8da7-ca9a-4bfa-a32c-bef575bbfeab	NR_043459.1	89.842	1329	91	37	1	1301	170	1482	0.0	1666
432c8da7-ca9a-4bfa-a32c-bef575bbfeab	NR_116766.1	89.730	1334	91	40	1	1306	148	1463	0.0	1663
1e69e098-de7b-47e9-b989-d77d751a89ef	NR_074980.1	88.319	1481	98	63	9	1451	1456	13	0.0	1707
1e69e098-de7b-47e9-b989-d77d751a89ef	NR_113031.1	88.319	1481	98	63	9	1451	1456	13	0.0	1707
1e69e098-de7b-47e9-b989-d77d751a89ef	NR_043332.1	88.267	1466	98	62	9	1437	1429	1	0.0	1692
1e69e098-de7b-47e9-b989-d77d751a89ef	NR_113570.1	88.187	1473	99	63	9	1443	1436	1	0.0	1687
1e69e098-de7b-47e9-b989-d77d751a89ef	NR_115355.1	88.199	1466	99	62	9	1437	1429	1	0.0	1683
2e520c09-e9e0-4e89-a7e9-c90db427a60e	NR_042776.1	97.495	918	13	7	1	910	587	1502	0.0	1559
2e520c09-e9e0-4e89-a7e9-c90db427a60e	NR_042777.1	97.495	918	13	7	1	910	586	1501	0.0	1559
2e520c09-e9e0-4e89-a7e9-c90db427a60e	NR_042778.1	97.277	918	15	6	1	910	587	1502	0.0	1548
2e520c09-e9e0-4e89-a7e9-c90db427a60e	NR_197695.1	97.059	918	17	6	1	910	586	1501	0.0	1537
2e520c09-e9e0-4e89-a7e9-c90db427a60e	NR_118998.1	96.947	917	19	6	1	910	582	1496	0.0	1530
b64f5c52-6a81-458e-8da7-5e6d4c5da928	NR_125571.1	94.981	259	11	2	13	270	11	268	6.08e-114	409
b64f5c52-6a81-458e-8da7-5e6d4c5da928	NR_029097.1	95.918	245	8	2	27	270	1	244	4.74e-110	396
b64f5c52-6a81-458e-8da7-5e6d4c5da928	NR_125570.1	96.035	227	7	2	45	270	1	226	1.03e-101	368
b64f5c52-6a81-458e-8da7-5e6d4c5da928	NR_118651.1	76.628	261	52	9	13	268	50	306	8.81e-33	139
b64f5c52-6a81-458e-8da7-5e6d4c5da928	NR_043232.1	77.670	206	34	9	73	269	80	282	1.49e-25	115
11428474-d03b-4d76-af43-9943992b6635	NR_165747.1	96.984	829	15	10	1	824	824	1	0.0	1384
11428474-d03b-4d76-af43-9943992b6635	NR_199545.1	96.544	839	19	10	1	834	844	11	0.0	1380
11428474-d03b-4d76-af43-9943992b6635	NR_042928.1	96.864	829	16	10	1	824	824	1	0.0	1378
11428474-d03b-4d76-af43-9943992b6635	NR_165744.1	96.535	837	19	10	1	832	833	2	0.0	1376
11428474-d03b-4d76-af43-9943992b6635	NR_028664.1	96.424	839	20	10	1	834	847	14	0.0	1375
b57d9615-f323-4b84-9fa7-072a5929c42f	NR_026419.1	97.599	1083	13	12	1	1074	1402	324	0.0	1844
b57d9615-f323-4b84-9fa7-072a5929c42f	NR_133753.1	96.861	1083	21	12	1	1074	1368	290	0.0	1799
b57d9615-f323-4b84-9fa7-072a5929c42f	NR_025903.1	96.861	1083	21	12	1	1074	1414	336	0.0	1799
b57d9615-f323-4b84-9fa7-072a5929c42f	NR_133752.1	96.676	1083	23	12	1	1074	1339	261	0.0	1788
b57d9615-f323-4b84-9fa7-072a5929c42f	NR_025904.1	96.221	1085	24	14	1	1074	1413	335	0.0	1760
785eeb09-4708-45db-b0ad-63526beb5183	NR_024842.1	95.795	1189	28	18	3	1179	1185	7	0.0	1903
785eeb09-4708-45db-b0ad-63526beb5183	NR_115241.1	95.763	1180	28	18	3	1170	1170	1	0.0	1886
785eeb09-4708-45db-b0ad-63526beb5183	NR_115735.1	95.901	1171	26	18	3	1161	1161	1	0.0	1877
785eeb09-4708-45db-b0ad-63526beb5183	NR_178515.1	95.512	1181	29	21	3	1170	1170	1	0.0	1866
785eeb09-4708-45db-b0ad-63526beb5183	NR_165737.1	95.258	1181	32	20	3	1170	1170	1	0.0	1849
aa8731f5-239d-4094-998a-8e632faedb24	NR_028664.1	95.151	1196	38	16	1	1182	1205	16	0.0	1869
aa8731f5-239d-4094-998a-8e632faedb24	NR_165744.1	94.987	1197	40	16	1	1183	1191	1	0.0	1860
aa8731f5-239d-4094-998a-8e632faedb24	NR_179383.1	94.983	1196	40	16	1	1182	1209	20	0.0	1858
aa8731f5-239d-4094-998a-8e632faedb24	NR_199545.1	94.983	1196	40	16	1	1182	1202	13	0.0	1858
aa8731f5-239d-4094-998a-8e632faedb24	NR_115240.1	95.118	1188	38	16	1	1174	1182	1	0.0	1855
4050ffd7-a7c1-4df3-9951-867c28bc903a	NR_116168.1	98.519	405	4	2	11	413	1085	1489	0.0	713
4050ffd7-a7c1-4df3-9951-867c28bc903a	NR_118762.1	97.985	397	6	2	11	405	1087	1483	0.0	691
4050ffd7-a7c1-4df3-9951-867c28bc903a	NR_024897.1	96.798	406	9	4	11	413	1084	1488	0.0	675
4050ffd7-a7c1-4df3-9951-867c28bc903a	NR_181418.1	96.798	406	9	4	11	413	1084	1488	0.0	675
4050ffd7-a7c1-4df3-9951-867c28bc903a	NR_115546.2	96.296	405	13	2	11	413	1094	1498	0.0	664
a5b342b0-5609-4e2a-8161-6298784104de	NR_180625.1	97.531	405	8	2	15	419	810	1212	0.0	691
a5b342b0-5609-4e2a-8161-6298784104de	NR_199541.1	97.531	405	8	2	15	419	806	1208	0.0	691
a5b342b0-5609-4e2a-8161-6298784104de	NR_156072.1	97.519	403	8	2	17	419	852	1252	0.0	688
a5b342b0-5609-4e2a-8161-6298784104de	NR_028664.1	97.284	405	9	2	15	419	851	1253	0.0	686
a5b342b0-5609-4e2a-8161-6298784104de	NR_028665.1	97.284	405	9	2	15	419	845	1247	0.0	686
dfa63762-ec39-4f1b-8224-ecb37239af3a	NR_163639.1	97.051	780	13	8	1	778	775	4	0.0	1304
dfa63762-ec39-4f1b-8224-ecb37239af3a	NR_119169.1	97.269	769	13	7	1	767	763	1	0.0	1301
dfa63762-ec39-4f1b-8224-ecb37239af3a	NR_074980.1	96.791	779	17	7	1	777	785	13	0.0	1293
dfa63762-ec39-4f1b-8224-ecb37239af3a	NR_113031.1	96.791	779	17	7	1	777	785	13	0.0	1293
dfa63762-ec39-4f1b-8224-ecb37239af3a	NR_115355.1	97.251	764	13	7	1	762	758	1	0.0	1291
8ce431a1-be9a-4923-abad-5de17db3fb68	NR_116168.1	93.103	638	21	19	1	629	645	22	0.0	913
8ce431a1-be9a-4923-abad-5de17db3fb68	NR_042878.1	92.476	638	25	19	1	629	624	1	0.0	900
8ce431a1-be9a-4923-abad-5de17db3fb68	NR_118762.1	90.909	638	35	19	1	629	648	25	0.0	856
8ce431a1-be9a-4923-abad-5de17db3fb68	NR_118143.1	90.156	640	38	21	1	629	626	1	0.0	811
8ce431a1-be9a-4923-abad-5de17db3fb68	NR_025423.1	90.094	636	38	21	5	629	625	4	0.0	802
4f75479f-4e34-4a7e-bbd6-28cf90d328c3	NR_178515.1	92.584	836	22	25	5	815	1014	194	0.0	1164
4f75479f-4e34-4a7e-bbd6-28cf90d328c3	NR_115735.1	92.464	836	23	25	5	815	1005	185	0.0	1158
4f75479f-4e34-4a7e-bbd6-28cf90d328c3	NR_116211.1	92.464	836	23	25	5	815	937	117	0.0	1158
4f75479f-4e34-4a7e-bbd6-28cf90d328c3	NR_115241.1	92.344	836	24	25	5	815	1014	194	0.0	1155
4f75479f-4e34-4a7e-bbd6-28cf90d328c3	NR_165737.1	92.344	836	24	25	5	815	1014	194	0.0	1153
96272277-e152-4ef5-b11b-fd7443e47fcd	NR_042776.1	93.992	799	21	19	1	785	714	1499	0.0	1184
96272277-e152-4ef5-b11b-fd7443e47fcd	NR_042777.1	93.992	799	21	19	1	785	713	1498	0.0	1184
96272277-e152-4ef5-b11b-fd7443e47fcd	NR_118998.1	93.358	798	27	19	1	785	709	1493	0.0	1157
96272277-e152-4ef5-b11b-fd7443e47fcd	NR_118937.1	90.761	736	42	19	1	723	612	1334	0.0	976
96272277-e152-4ef5-b11b-fd7443e47fcd	NR_118942.1	89.932	735	48	21	1	723	612	1332	0.0	970
8a29ded9-28ee-446b-bfaf-ef78933b08e5	NR_117694.1	93.202	1368	50	35	1	1334	1359	1	0.0	1971
8a29ded9-28ee-446b-bfaf-ef78933b08e5	NR_041989.1	94.020	1321	43	28	1	1292	1317	4	0.0	1969
8a29ded9-28ee-446b-bfaf-ef78933b08e5	NR_025892.1	92.145	1375	66	35	1	1342	1384	19	0.0	1927
8a29ded9-28ee-446b-bfaf-ef78933b08e5	NR_121687.1	92.375	1377	60	37	1	1342	1379	13	0.0	1919
8a29ded9-28ee-446b-bfaf-ef78933b08e5	NR_117692.1	92.234	1365	69	29	1	1334	1359	1	0.0	1899
de30ab11-94c4-4b9d-b42a-9af9783113db	NR_117694.1	89.914	347	17	14	77	412	341	2	2.08e-120	431
de30ab11-94c4-4b9d-b42a-9af9783113db	NR_025892.1	89.080	348	18	16	77	412	367	28	4.50e-117	420
de30ab11-94c4-4b9d-b42a-9af9783113db	NR_117717.1	88.150	346	25	11	77	412	362	23	2.11e-110	398
de30ab11-94c4-4b9d-b42a-9af9783113db	NR_117701.1	88.150	346	25	11	77	412	341	2	2.11e-110	398
de30ab11-94c4-4b9d-b42a-9af9783113db	NR_121687.1	87.896	347	24	12	77	412	361	22	9.81e-109	392
0abe05fa-4cb8-4274-8283-873fa5e122df	NR_042843.1	95.522	335	6	6	1	331	783	454	2.00e-149	527
0abe05fa-4cb8-4274-8283-873fa5e122df	NR_102895.1	95.522	335	6	6	1	331	811	482	2.00e-149	527
0abe05fa-4cb8-4274-8283-873fa5e122df	NR_113113.1	95.522	335	6	6	1	331	791	462	2.00e-149	527
0abe05fa-4cb8-4274-8283-873fa5e122df	NR_114305.1	94.925	335	8	6	1	331	803	474	4.32e-146	516
0abe05fa-4cb8-4274-8283-873fa5e122df	NR_116726.1	94.925	335	8	6	1	331	783	454	4.32e-146	516
a977751a-bff9-4aea-b9eb-7b2537b61e2b	NR_117717.1	93.462	520	22	7	6	513	531	12	0.0	761
a977751a-bff9-4aea-b9eb-7b2537b61e2b	NR_121688.1	93.462	520	22	7	6	513	530	11	0.0	761
a977751a-bff9-4aea-b9eb-7b2537b61e2b	NR_117701.1	93.529	510	21	7	6	503	510	1	0.0	749
a977751a-bff9-4aea-b9eb-7b2537b61e2b	NR_117696.1	93.561	497	21	6	6	491	497	1	0.0	730
a977751a-bff9-4aea-b9eb-7b2537b61e2b	NR_041989.1	95.085	468	12	5	6	462	468	1	0.0	726
4fa8c05d-7863-4f0a-a8ba-95cda26179a2	NR_042776.1	95.652	460	15	4	1	457	477	20	0.0	734
4fa8c05d-7863-4f0a-a8ba-95cda26179a2	NR_042777.1	95.217	460	17	4	1	457	477	20	0.0	723
4fa8c05d-7863-4f0a-a8ba-95cda26179a2	NR_042778.1	95.217	460	17	4	1	457	477	20	0.0	723
4fa8c05d-7863-4f0a-a8ba-95cda26179a2	NR_197695.1	94.565	460	20	4	1	457	476	19	0.0	706
4fa8c05d-7863-4f0a-a8ba-95cda26179a2	NR_118998.1	94.348	460	21	4	1	457	472	15	0.0	702
52d99669-2c87-4cf6-a61b-991142996548	NR_028664.1	95.776	805	23	11	1	798	699	1499	0.0	1288
52d99669-2c87-4cf6-a61b-991142996548	NR_179383.1	95.776	805	23	11	1	798	703	1503	0.0	1288
52d99669-2c87-4cf6-a61b-991142996548	NR_175455.1	95.658	806	23	12	1	798	684	1485	0.0	1284
52d99669-2c87-4cf6-a61b-991142996548	NR_117719.1	95.652	805	24	11	1	798	696	1496	0.0	1282
52d99669-2c87-4cf6-a61b-991142996548	NR_042927.1	95.865	798	22	11	1	791	678	1471	0.0	1280
830d0dd3-432c-4ece-a01d-57d296a122db	NR_042167.1	94.643	392	10	8	1	383	390	1	1.84e-170	597
830d0dd3-432c-4ece-a01d-57d296a122db	NR_025364.1	88.889	405	30	11	1	395	401	2	1.49e-136	484
830d0dd3-432c-4ece-a01d-57d296a122db	NR_181136.1	88.350	412	31	15	1	402	417	13	6.96e-135	479
830d0dd3-432c-4ece-a01d-57d296a122db	NR_025379.1	87.864	412	33	15	1	402	405	1	1.51e-131	468
830d0dd3-432c-4ece-a01d-57d296a122db	NR_044862.1	87.621	412	35	12	1	402	411	6	5.41e-131	466
95bb2765-a23c-456e-be5b-886688ec35d7	NR_028833.1	96.078	459	5	10	1	453	741	290	0.0	736
95bb2765-a23c-456e-be5b-886688ec35d7	NR_178515.1	96.078	459	5	10	1	453	714	263	0.0	736
95bb2765-a23c-456e-be5b-886688ec35d7	NR_115241.1	95.861	459	6	10	1	453	714	263	0.0	730
95bb2765-a23c-456e-be5b-886688ec35d7	NR_115735.1	95.861	459	6	10	1	453	705	254	0.0	730
95bb2765-a23c-456e-be5b-886688ec35d7	NR_116211.1	95.861	459	6	10	1	453	637	186	0.0	730
6f3e6007-86d5-4aa2-bb06-8dadd670a4b1	NR_042928.1	95.666	323	9	4	1	318	978	656	1.48e-145	514
6f3e6007-86d5-4aa2-bb06-8dadd670a4b1	NR_116206.1	95.666	323	9	4	1	318	903	581	1.48e-145	514
6f3e6007-86d5-4aa2-bb06-8dadd670a4b1	NR_024659.1	95.356	323	10	4	1	318	961	639	6.88e-144	508
6f3e6007-86d5-4aa2-bb06-8dadd670a4b1	NR_028664.1	95.356	323	10	4	1	318	1001	679	6.88e-144	508
6f3e6007-86d5-4aa2-bb06-8dadd670a4b1	NR_042927.1	95.356	323	10	4	1	318	980	658	6.88e-144	508
38eb3b86-ac83-4557-a099-728f7f7b3df1	NR_042776.1	96.740	1135	14	19	1	1121	1143	18	0.0	1869
38eb3b86-ac83-4557-a099-728f7f7b3df1	NR_042778.1	96.564	1135	16	19	1	1121	1143	18	0.0	1858
38eb3b86-ac83-4557-a099-728f7f7b3df1	NR_042777.1	96.476	1135	16	20	1	1121	1142	18	0.0	1853
38eb3b86-ac83-4557-a099-728f7f7b3df1	NR_197695.1	96.211	1135	20	19	1	1121	1142	17	0.0	1836
38eb3b86-ac83-4557-a099-728f7f7b3df1	NR_118998.1	95.683	1135	25	20	1	1121	1137	13	0.0	1805
