d30139cb-9a69-45a7-b019-a6ca971d9c32	NR_029097.1	89.870	849	39	39	1	813	1059	222	0.0	1048
d30139cb-9a69-45a7-b019-a6ca971d9c32	NR_125570.1	89.399	849	43	39	1	813	1041	204	0.0	1026
d30139cb-9a69-45a7-b019-a6ca971d9c32	NR_125571.1	88.824	850	46	40	1	813	1083	246	0.0	998
d30139cb-9a69-45a7-b019-a6ca971d9c32	NR_113410.1	85.783	830	71	39	19	813	1005	188	0.0	835
d30139cb-9a69-45a7-b019-a6ca971d9c32	NR_180797.1	85.851	834	63	45	19	813	1094	277	0.0	835
29c5ee8b-9b06-46fa-8460-5de9a0812c09	NR_041989.1	89.831	354	13	16	1	343	1228	887	4.64e-121	433
29c5ee8b-9b06-46fa-8460-5de9a0812c09	NR_104947.1	89.548	354	14	16	1	343	1243	902	2.16e-119	427
29c5ee8b-9b06-46fa-8460-5de9a0812c09	NR_117717.1	89.548	354	14	16	1	343	1290	949	2.16e-119	427
29c5ee8b-9b06-46fa-8460-5de9a0812c09	NR_121687.1	89.548	354	14	16	1	343	1290	949	2.16e-119	427
29c5ee8b-9b06-46fa-8460-5de9a0812c09	NR_117696.1	89.548	354	14	16	1	343	1257	916	2.16e-119	427
9eb4481d-f190-41c1-9dbf-ba19068b1e6f	NR_042776.1	97.024	1008	12	10	11	1003	495	1499	0.0	1679
9eb4481d-f190-41c1-9dbf-ba19068b1e6f	NR_042777.1	97.024	1008	11	11	11	1003	495	1498	0.0	1677
9eb4481d-f190-41c1-9dbf-ba19068b1e6f	NR_118941.1	90.622	949	71	11	7	941	390	1334	0.0	1301
9eb4481d-f190-41c1-9dbf-ba19068b1e6f	NR_118918.1	89.106	973	78	22	23	976	330	1293	0.0	1208
9eb4481d-f190-41c1-9dbf-ba19068b1e6f	NR_118905.1	88.223	985	91	19	23	989	515	1492	0.0	1190
ca11f89e-7812-4a06-9323-c11b7743d54f	NR_125571.1	93.301	1224	47	27	1	1199	1214	1	0.0	1775
ca11f89e-7812-4a06-9323-c11b7743d54f	NR_125570.1	93.787	1175	42	25	1	1154	1172	8	0.0	1736
ca11f89e-7812-4a06-9323-c11b7743d54f	NR_029097.1	92.667	1200	53	27	1	1175	1190	1	0.0	1696
ca11f89e-7812-4a06-9323-c11b7743d54f	NR_025567.1	86.254	1244	129	34	5	1217	1245	13	0.0	1312
ca11f89e-7812-4a06-9323-c11b7743d54f	NR_179538.1	86.104	1245	129	38	4	1217	1244	13	0.0	1301
d7df9a3b-9391-4483-a145-aac1cd0e531d	NR_115355.1	94.453	1262	33	31	1	1238	1249	1	0.0	1912
d7df9a3b-9391-4483-a145-aac1cd0e531d	NR_119169.1	94.308	1265	35	31	1	1241	1254	3	0.0	1910
d7df9a3b-9391-4483-a145-aac1cd0e531d	NR_163639.1	94.122	1276	33	37	1	1251	1264	6	0.0	1903
d7df9a3b-9391-4483-a145-aac1cd0e531d	NR_074980.1	93.956	1274	37	35	4	1251	1273	14	0.0	1890
d7df9a3b-9391-4483-a145-aac1cd0e531d	NR_113031.1	93.956	1274	37	35	4	1251	1273	14	0.0	1890
158b0f66-32cb-4a00-a78a-ab5aa18b14d2	NR_116168.1	93.007	1001	39	24	1	987	1005	22	0.0	1432
158b0f66-32cb-4a00-a78a-ab5aa18b14d2	NR_042878.1	92.707	1001	42	24	1	987	984	1	0.0	1426
158b0f66-32cb-4a00-a78a-ab5aa18b14d2	NR_118762.1	91.009	1001	58	25	1	987	1007	25	0.0	1354
158b0f66-32cb-4a00-a78a-ab5aa18b14d2	NR_025423.1	91.335	1004	52	30	1	987	989	4	0.0	1339
158b0f66-32cb-4a00-a78a-ab5aa18b14d2	NR_118143.1	91.127	1003	56	27	1	987	986	1	0.0	1330
88f0f0b3-5599-4a9c-ade0-0e0cd2138037	NR_042776.1	96.486	370	10	3	9	376	1131	1499	7.94e-174	608
88f0f0b3-5599-4a9c-ade0-0e0cd2138037	NR_042777.1	96.486	370	10	3	9	376	1130	1498	7.94e-174	608
88f0f0b3-5599-4a9c-ade0-0e0cd2138037	NR_042778.1	95.946	370	12	3	9	376	1131	1499	1.72e-170	597
88f0f0b3-5599-4a9c-ade0-0e0cd2138037	NR_118998.1	95.946	370	12	3	9	376	1125	1493	1.72e-170	597
88f0f0b3-5599-4a9c-ade0-0e0cd2138037	NR_197695.1	95.946	370	12	3	9	376	1130	1498	1.72e-170	597
6d0a9308-e917-49da-b220-b14d34e0415c	NR_117425.1	94.089	406	13	8	1	401	166	565	3.08e-173	606
6d0a9308-e917-49da-b220-b14d34e0415c	NR_115241.1	93.596	406	15	8	1	401	163	562	6.67e-170	595
6d0a9308-e917-49da-b220-b14d34e0415c	NR_115735.1	93.596	406	15	8	1	401	154	553	6.67e-170	595
6d0a9308-e917-49da-b220-b14d34e0415c	NR_116211.1	93.596	406	15	8	1	401	86	485	6.67e-170	595
6d0a9308-e917-49da-b220-b14d34e0415c	NR_178515.1	93.350	406	16	8	1	401	163	562	3.10e-168	590
51799468-862a-4d36-8e96-239edd89123d	NR_042776.1	95.166	1055	16	30	8	1044	462	1499	0.0	1633
51799468-862a-4d36-8e96-239edd89123d	NR_042777.1	95.071	1055	16	31	8	1044	462	1498	0.0	1628
51799468-862a-4d36-8e96-239edd89123d	NR_042778.1	94.976	1055	18	30	8	1044	462	1499	0.0	1622
51799468-862a-4d36-8e96-239edd89123d	NR_197695.1	94.787	1055	20	30	8	1044	461	1498	0.0	1611
51799468-862a-4d36-8e96-239edd89123d	NR_118998.1	94.492	1053	26	30	8	1044	457	1493	0.0	1594
37f5576f-0a17-44f0-a21b-aa5c651ff062	NR_163639.1	92.437	714	31	19	1	697	711	4	0.0	998
37f5576f-0a17-44f0-a21b-aa5c651ff062	NR_115355.1	92.561	699	31	17	1	682	695	1	0.0	987
37f5576f-0a17-44f0-a21b-aa5c651ff062	NR_119169.1	92.561	699	31	17	1	682	700	6	0.0	987
37f5576f-0a17-44f0-a21b-aa5c651ff062	NR_074980.1	92.006	713	37	16	1	696	722	13	0.0	983
37f5576f-0a17-44f0-a21b-aa5c651ff062	NR_043332.1	91.977	698	37	15	1	682	695	1	0.0	963
b0f74a5b-f978-489f-9f86-dc76a9872619	NR_042776.1	95.667	1477	33	25	7	1467	43	1504	0.0	2344
b0f74a5b-f978-489f-9f86-dc76a9872619	NR_042777.1	95.464	1477	35	26	7	1467	43	1503	0.0	2327
b0f74a5b-f978-489f-9f86-dc76a9872619	NR_042778.1	95.396	1477	37	25	7	1467	43	1504	0.0	2322
b0f74a5b-f978-489f-9f86-dc76a9872619	NR_197695.1	95.058	1477	42	25	7	1467	42	1503	0.0	2294
b0f74a5b-f978-489f-9f86-dc76a9872619	NR_118998.1	94.787	1477	45	26	7	1467	38	1498	0.0	2274
3752be02-1321-4ffb-b7a3-2c2168c20481	NR_044091.1	94.674	751	20	14	1	731	1127	377	0.0	1147
3752be02-1321-4ffb-b7a3-2c2168c20481	NR_113570.1	94.133	750	23	15	1	730	1219	471	0.0	1122
3752be02-1321-4ffb-b7a3-2c2168c20481	NR_042940.1	94.000	750	25	16	1	730	1125	376	0.0	1118
3752be02-1321-4ffb-b7a3-2c2168c20481	NR_043332.1	93.733	750	26	15	1	730	1212	464	0.0	1110
3752be02-1321-4ffb-b7a3-2c2168c20481	NR_074980.1	93.867	750	25	15	1	730	1239	491	0.0	1110
1cd71cf2-383b-45c7-b9b4-3e38116b788a	NR_028682.1	91.859	1474	86	34	1	1456	40	1497	0.0	2026
1cd71cf2-383b-45c7-b9b4-3e38116b788a	NR_113798.1	91.983	1422	82	29	52	1457	76	1481	0.0	1965
1cd71cf2-383b-45c7-b9b4-3e38116b788a	NR_041706.1	91.977	1421	83	28	52	1458	81	1484	0.0	1964
1cd71cf2-383b-45c7-b9b4-3e38116b788a	NR_180652.1	91.997	1412	93	17	52	1454	81	1481	0.0	1964
1cd71cf2-383b-45c7-b9b4-3e38116b788a	NR_113931.1	91.896	1419	88	21	52	1457	81	1485	0.0	1958
714d1cc2-fa96-45da-8ba2-bc1905a4d961	NR_199545.1	95.097	1285	32	26	1	1272	229	1495	0.0	1995
714d1cc2-fa96-45da-8ba2-bc1905a4d961	NR_179385.1	95.019	1285	33	26	1	1272	233	1499	0.0	1989
714d1cc2-fa96-45da-8ba2-bc1905a4d961	NR_028664.1	94.942	1285	35	27	1	1272	232	1499	0.0	1986
714d1cc2-fa96-45da-8ba2-bc1905a4d961	NR_028665.1	94.786	1285	36	26	1	1272	226	1492	0.0	1975
714d1cc2-fa96-45da-8ba2-bc1905a4d961	NR_179383.1	94.786	1285	37	27	1	1272	236	1503	0.0	1975
159291e9-414d-4f2f-9b76-86edc0550a2b	NR_028666.1	96.784	342	9	2	1	342	1164	1503	3.39e-162	569
159291e9-414d-4f2f-9b76-86edc0550a2b	NR_028833.1	96.784	342	9	2	1	342	1167	1506	3.39e-162	569
159291e9-414d-4f2f-9b76-86edc0550a2b	NR_029052.1	96.784	342	9	2	1	342	1128	1467	3.39e-162	569
159291e9-414d-4f2f-9b76-86edc0550a2b	NR_036918.1	96.784	342	9	2	1	342	1157	1496	3.39e-162	569
159291e9-414d-4f2f-9b76-86edc0550a2b	NR_042771.1	96.784	342	9	2	1	342	1158	1497	3.39e-162	569
f7d7573b-e9dc-45a3-bd68-9b418524dcca	NR_042776.1	96.109	1362	21	27	1	1348	1361	18	0.0	2193
f7d7573b-e9dc-45a3-bd68-9b418524dcca	NR_042778.1	95.888	1362	24	27	1	1348	1361	18	0.0	2176
f7d7573b-e9dc-45a3-bd68-9b418524dcca	NR_042777.1	95.888	1362	23	28	1	1348	1360	18	0.0	2174
f7d7573b-e9dc-45a3-bd68-9b418524dcca	NR_197695.1	95.521	1362	29	27	1	1348	1360	17	0.0	2148
f7d7573b-e9dc-45a3-bd68-9b418524dcca	NR_118998.1	95.154	1362	33	28	1	1348	1355	13	0.0	2121
5a00b00d-d094-472c-8010-b610406d7fe2	NR_113114.1	94.841	1008	26	23	1	992	480	1477	0.0	1550
5a00b00d-d094-472c-8010-b610406d7fe2	NR_043292.1	94.661	974	26	23	1	958	431	1394	0.0	1487
5a00b00d-d094-472c-8010-b610406d7fe2	NR_029147.1	87.885	1007	91	28	5	992	490	1484	0.0	1155
5a00b00d-d094-472c-8010-b610406d7fe2	NR_025300.1	87.686	1007	93	28	5	992	487	1481	0.0	1144
5a00b00d-d094-472c-8010-b610406d7fe2	NR_113092.1	87.686	1007	93	28	5	992	475	1469	0.0	1144
9cc0f47d-9b15-4f07-aba7-ad9e6ac59f6e	NR_042928.1	95.728	515	16	6	3	515	865	355	0.0	824
9cc0f47d-9b15-4f07-aba7-ad9e6ac59f6e	NR_116206.1	95.728	515	16	6	3	515	790	280	0.0	824
9cc0f47d-9b15-4f07-aba7-ad9e6ac59f6e	NR_028664.1	95.534	515	17	6	3	515	888	378	0.0	819
9cc0f47d-9b15-4f07-aba7-ad9e6ac59f6e	NR_042927.1	95.534	515	17	6	3	515	867	357	0.0	819
9cc0f47d-9b15-4f07-aba7-ad9e6ac59f6e	NR_114413.1	95.534	515	17	6	3	515	890	380	0.0	819
56be7844-b79b-4f6d-b3c6-88690afc8759	NR_113570.1	93.048	748	22	23	1	732	1459	726	0.0	1066
56be7844-b79b-4f6d-b3c6-88690afc8759	NR_043332.1	92.781	748	24	23	1	732	1452	719	0.0	1059
56be7844-b79b-4f6d-b3c6-88690afc8759	NR_074980.1	92.781	748	24	23	1	732	1479	746	0.0	1055
56be7844-b79b-4f6d-b3c6-88690afc8759	NR_113031.1	92.781	748	24	23	1	732	1479	746	0.0	1055
56be7844-b79b-4f6d-b3c6-88690afc8759	NR_115355.1	92.781	748	24	23	1	732	1452	719	0.0	1055
f658a5fe-8a84-44be-8d31-7dae582c366d	NR_029286.1	88.931	524	26	20	1	500	527	12	1.80e-176	617
f658a5fe-8a84-44be-8d31-7dae582c366d	NR_114395.1	88.910	523	27	21	1	500	532	18	6.46e-176	616
f658a5fe-8a84-44be-8d31-7dae582c366d	NR_179528.1	88.910	523	26	23	1	497	517	1	6.46e-176	616
f658a5fe-8a84-44be-8d31-7dae582c366d	NR_041983.1	89.087	504	26	19	1	483	500	5	6.51e-171	599
f658a5fe-8a84-44be-8d31-7dae582c366d	NR_026182.1	87.810	525	33	20	1	500	529	11	5.07e-167	586
9432d2ae-d547-42d2-b8b2-75de9f6f341e	NR_115355.1	94.788	1228	32	23	15	1223	1215	1	0.0	1888
9432d2ae-d547-42d2-b8b2-75de9f6f341e	NR_119169.1	94.557	1231	35	23	15	1226	1220	3	0.0	1881
9432d2ae-d547-42d2-b8b2-75de9f6f341e	NR_163639.1	94.302	1246	32	30	15	1240	1230	4	0.0	1871
9432d2ae-d547-42d2-b8b2-75de9f6f341e	NR_074980.1	94.051	1244	41	24	15	1239	1242	13	0.0	1857
9432d2ae-d547-42d2-b8b2-75de9f6f341e	NR_113031.1	94.051	1244	41	24	15	1239	1242	13	0.0	1857
1c010e7a-1611-4c99-93a5-16a6b8a535bb	NR_024659.1	93.416	243	9	5	16	252	690	931	2.67e-97	353
1c010e7a-1611-4c99-93a5-16a6b8a535bb	NR_028664.1	93.416	243	9	5	16	252	730	971	2.67e-97	353
1c010e7a-1611-4c99-93a5-16a6b8a535bb	NR_042927.1	93.416	243	9	5	16	252	709	950	2.67e-97	353
1c010e7a-1611-4c99-93a5-16a6b8a535bb	NR_114413.1	93.416	243	9	5	16	252	732	973	2.67e-97	353
1c010e7a-1611-4c99-93a5-16a6b8a535bb	NR_115240.1	93.416	243	9	5	16	252	707	948	2.67e-97	353
40785ab7-d8c2-4255-a59e-2f7c11e7bc87	NR_028664.1	95.816	717	19	9	4	710	781	1496	0.0	1147
40785ab7-d8c2-4255-a59e-2f7c11e7bc87	NR_117719.1	95.816	717	19	9	4	710	778	1493	0.0	1147
40785ab7-d8c2-4255-a59e-2f7c11e7bc87	NR_179383.1	95.676	717	20	9	4	710	785	1500	0.0	1142
40785ab7-d8c2-4255-a59e-2f7c11e7bc87	NR_115240.1	95.792	713	19	9	4	706	758	1469	0.0	1140
40785ab7-d8c2-4255-a59e-2f7c11e7bc87	NR_175455.1	95.543	718	20	10	4	710	766	1482	0.0	1138
eb6c3c14-7916-4d6e-9999-fceeba949107	NR_042928.1	90.258	503	16	19	405	878	691	193	5.43e-179	627
eb6c3c14-7916-4d6e-9999-fceeba949107	NR_042928.1	76.968	343	23	26	25	312	1183	842	6.66e-34	145
eb6c3c14-7916-4d6e-9999-fceeba949107	NR_112026.1	90.258	503	16	19	405	878	674	176	5.43e-179	627
eb6c3c14-7916-4d6e-9999-fceeba949107	NR_112026.1	76.968	343	23	26	25	312	1165	824	6.66e-34	145
eb6c3c14-7916-4d6e-9999-fceeba949107	NR_042927.1	90.381	499	15	19	405	874	693	199	1.95e-178	625
eb6c3c14-7916-4d6e-9999-fceeba949107	NR_042927.1	76.968	343	23	26	25	312	1185	844	6.66e-34	145
eb6c3c14-7916-4d6e-9999-fceeba949107	NR_114413.1	90.381	499	15	19	405	874	716	222	1.95e-178	625
eb6c3c14-7916-4d6e-9999-fceeba949107	NR_114413.1	76.968	343	23	26	25	312	1208	867	6.66e-34	145
eb6c3c14-7916-4d6e-9999-fceeba949107	NR_028664.1	90.180	499	16	19	405	874	714	220	9.08e-177	619
eb6c3c14-7916-4d6e-9999-fceeba949107	NR_028664.1	76.968	343	23	26	25	312	1206	865	6.66e-34	145
ee3be17b-1c25-4f71-85a9-3df70ad5ec3b	NR_042776.1	94.867	565	11	13	1	559	1505	953	0.0	867
ee3be17b-1c25-4f71-85a9-3df70ad5ec3b	NR_042777.1	94.867	565	11	13	1	559	1504	952	0.0	867
ee3be17b-1c25-4f71-85a9-3df70ad5ec3b	NR_042778.1	94.690	565	12	13	1	559	1505	953	0.0	861
ee3be17b-1c25-4f71-85a9-3df70ad5ec3b	NR_197695.1	94.513	565	13	12	1	559	1504	952	0.0	856
ee3be17b-1c25-4f71-85a9-3df70ad5ec3b	NR_118998.1	94.159	565	15	12	1	559	1499	947	0.0	845
32484295-1bbb-4b64-97f0-c06ed6ff0dfc	NR_114040.1	90.323	186	8	6	2	182	1459	1279	7.24e-62	235
32484295-1bbb-4b64-97f0-c06ed6ff0dfc	NR_025902.1	89.840	187	8	7	2	182	1437	1256	3.37e-60	230
32484295-1bbb-4b64-97f0-c06ed6ff0dfc	NR_028844.1	89.840	187	8	7	2	182	1468	1287	3.37e-60	230
32484295-1bbb-4b64-97f0-c06ed6ff0dfc	NR_040933.1	89.840	187	8	7	2	182	1481	1300	3.37e-60	230
32484295-1bbb-4b64-97f0-c06ed6ff0dfc	NR_114098.1	89.840	187	8	7	2	182	1457	1276	3.37e-60	230
4b84eea0-79e7-4db4-931b-93573decbd52	NR_179325.1	90.800	1337	72	44	1	1307	145	1460	0.0	1740
4b84eea0-79e7-4db4-931b-93573decbd52	NR_115355.1	90.726	1337	73	44	1	1307	171	1486	0.0	1736
4b84eea0-79e7-4db4-931b-93573decbd52	NR_163639.1	90.651	1337	70	48	1	1307	190	1501	0.0	1725
4b84eea0-79e7-4db4-931b-93573decbd52	NR_119169.1	90.508	1338	74	45	1	1307	176	1491	0.0	1724
4b84eea0-79e7-4db4-931b-93573decbd52	NR_113570.1	90.135	1338	80	45	1	1307	178	1494	0.0	1692
e3a80757-604a-49d4-9fdb-970a5bcd383c	NR_036936.1	88.592	1271	85	42	5	1227	207	1465	0.0	1489
e3a80757-604a-49d4-9fdb-970a5bcd383c	NR_024842.1	88.208	1289	91	43	2	1242	219	1494	0.0	1483
e3a80757-604a-49d4-9fdb-970a5bcd383c	NR_115735.1	88.462	1274	86	43	2	1227	195	1455	0.0	1482
e3a80757-604a-49d4-9fdb-970a5bcd383c	NR_109720.1	88.495	1269	86	42	5	1225	201	1457	0.0	1480
e3a80757-604a-49d4-9fdb-970a5bcd383c	NR_115241.1	88.226	1274	89	43	2	1227	204	1464	0.0	1471
bf018994-4c3e-42ca-b5ad-26c81f8600e5	NR_175455.1	94.714	700	26	6	12	709	693	3	0.0	1077
bf018994-4c3e-42ca-b5ad-26c81f8600e5	NR_117719.1	94.587	702	27	6	12	711	705	13	0.0	1075
bf018994-4c3e-42ca-b5ad-26c81f8600e5	NR_199545.1	94.302	702	29	6	12	711	705	13	0.0	1064
bf018994-4c3e-42ca-b5ad-26c81f8600e5	NR_042928.1	94.380	694	28	6	12	703	685	1	0.0	1055
bf018994-4c3e-42ca-b5ad-26c81f8600e5	NR_179385.1	94.017	702	31	6	12	711	709	17	0.0	1053
30258525-b6e9-4c7c-a7d8-ab1fbc150cf9	NR_042928.1	90.679	1384	77	44	1	1357	110	1468	0.0	1794
30258525-b6e9-4c7c-a7d8-ab1fbc150cf9	NR_199547.1	91.016	1358	72	43	1	1332	90	1423	0.0	1786
30258525-b6e9-4c7c-a7d8-ab1fbc150cf9	NR_116206.1	91.494	1305	62	42	1	1281	35	1314	0.0	1753
30258525-b6e9-4c7c-a7d8-ab1fbc150cf9	NR_117719.1	89.906	1387	89	43	1	1360	130	1492	0.0	1738
30258525-b6e9-4c7c-a7d8-ab1fbc150cf9	NR_199541.1	90.420	1357	79	43	1	1330	88	1420	0.0	1738
5c60868f-027e-42c6-9a24-069cb1f7c1ef	NR_026419.1	95.575	1243	32	18	1	1228	250	1484	0.0	1969
5c60868f-027e-42c6-9a24-069cb1f7c1ef	NR_025903.1	94.771	1243	41	19	1	1228	262	1495	0.0	1914
5c60868f-027e-42c6-9a24-069cb1f7c1ef	NR_025904.1	94.690	1243	42	20	1	1228	261	1494	0.0	1908
5c60868f-027e-42c6-9a24-069cb1f7c1ef	NR_133752.1	94.750	1219	41	18	1	1204	187	1397	0.0	1875
5c60868f-027e-42c6-9a24-069cb1f7c1ef	NR_133753.1	94.750	1219	41	18	1	1204	216	1426	0.0	1875
2f34bb53-ea7f-4c02-9a2d-8d0d9fe6682c	NR_028682.1	94.643	1456	41	30	7	1440	57	1497	0.0	2222
2f34bb53-ea7f-4c02-9a2d-8d0d9fe6682c	NR_025862.1	96.109	1362	26	19	7	1353	57	1406	0.0	2207
2f34bb53-ea7f-4c02-9a2d-8d0d9fe6682c	NR_113798.1	92.887	1420	67	27	42	1441	76	1481	0.0	2032
2f34bb53-ea7f-4c02-9a2d-8d0d9fe6682c	NR_026454.1	94.031	1357	47	28	18	1353	40	1383	0.0	2026
2f34bb53-ea7f-4c02-9a2d-8d0d9fe6682c	NR_119263.1	92.276	1450	73	32	18	1442	60	1495	0.0	2021
f6aa3efd-ab50-4b0d-a279-f96526d5bb62	NR_117694.1	92.463	1433	61	41	9	1412	1415	1	0.0	2004
f6aa3efd-ab50-4b0d-a279-f96526d5bb62	NR_041989.1	93.280	1369	52	33	29	1372	1354	1	0.0	1982
f6aa3efd-ab50-4b0d-a279-f96526d5bb62	NR_117717.1	91.614	1431	76	36	9	1412	1435	22	0.0	1938
f6aa3efd-ab50-4b0d-a279-f96526d5bb62	NR_121687.1	91.632	1434	71	42	9	1412	1435	21	0.0	1938
f6aa3efd-ab50-4b0d-a279-f96526d5bb62	NR_025892.1	91.277	1433	77	43	9	1412	1440	27	0.0	1934
31bf20f8-53b3-433f-86b8-d65e906d5243	NR_041989.1	90.576	902	38	41	1	871	886	1	0.0	1151
31bf20f8-53b3-433f-86b8-d65e906d5243	NR_117692.1	87.777	949	59	47	1	913	928	1	0.0	1057
31bf20f8-53b3-433f-86b8-d65e906d5243	NR_117701.1	87.777	949	59	49	1	913	928	1	0.0	1057
31bf20f8-53b3-433f-86b8-d65e906d5243	NR_117717.1	87.697	951	59	50	1	915	948	20	0.0	1055
31bf20f8-53b3-433f-86b8-d65e906d5243	NR_121688.1	87.697	951	60	49	1	915	948	19	0.0	1055
72e4bbc6-7bec-45ec-ac49-30de43dca247	NR_042878.1	91.880	665	27	18	1	651	1266	615	0.0	905
72e4bbc6-7bec-45ec-ac49-30de43dca247	NR_116168.1	91.880	665	27	18	1	651	1287	636	0.0	904
72e4bbc6-7bec-45ec-ac49-30de43dca247	NR_118143.1	90.827	665	34	18	1	651	1268	617	0.0	865
72e4bbc6-7bec-45ec-ac49-30de43dca247	NR_118762.1	90.075	665	38	19	1	651	1289	639	0.0	857
72e4bbc6-7bec-45ec-ac49-30de43dca247	NR_025423.1	90.107	657	36	20	1	642	1271	629	0.0	826
7048e73f-0727-491f-b4e5-0ee77c15f1de	NR_028664.1	95.163	765	20	14	1	756	740	1496	0.0	1192
7048e73f-0727-491f-b4e5-0ee77c15f1de	NR_179383.1	95.163	765	20	14	1	756	744	1500	0.0	1192
7048e73f-0727-491f-b4e5-0ee77c15f1de	NR_179385.1	95.157	764	21	13	1	756	741	1496	0.0	1192
7048e73f-0727-491f-b4e5-0ee77c15f1de	NR_199545.1	95.157	764	21	13	1	756	737	1492	0.0	1192
7048e73f-0727-491f-b4e5-0ee77c15f1de	NR_042927.1	95.269	761	19	14	1	752	719	1471	0.0	1190
75bed9f2-cc78-4d37-8b9b-b95825ab74de	NR_109720.1	93.089	246	11	5	1	244	242	1	7.65e-98	355
75bed9f2-cc78-4d37-8b9b-b95825ab74de	NR_042928.1	92.430	251	13	5	1	250	246	1	2.75e-97	353
75bed9f2-cc78-4d37-8b9b-b95825ab74de	NR_199547.1	96.244	213	4	3	1	211	226	16	4.61e-95	346
75bed9f2-cc78-4d37-8b9b-b95825ab74de	NR_036936.1	91.270	252	16	5	1	250	248	1	2.14e-93	340
75bed9f2-cc78-4d37-8b9b-b95825ab74de	NR_117719.1	90.734	259	18	5	1	258	266	13	2.14e-93	340
1f0ad7a7-2a76-4508-8605-7d35c64bff6e	NR_024842.1	92.487	1504	54	43	10	1483	15	1489	0.0	2100
1f0ad7a7-2a76-4508-8605-7d35c64bff6e	NR_115241.1	92.395	1499	55	43	11	1479	1	1470	0.0	2087
1f0ad7a7-2a76-4508-8605-7d35c64bff6e	NR_115735.1	92.498	1493	52	44	21	1482	1	1464	0.0	2082
1f0ad7a7-2a76-4508-8605-7d35c64bff6e	NR_165737.1	92.061	1499	61	44	11	1479	1	1471	0.0	2056
1f0ad7a7-2a76-4508-8605-7d35c64bff6e	NR_036936.1	91.333	1500	70	45	11	1479	1	1471	0.0	1997
f658a67a-8f0b-47f5-ad94-215af3a0eb56	NR_024842.1	91.179	1213	66	33	1	1191	1199	6	0.0	1613
f658a67a-8f0b-47f5-ad94-215af3a0eb56	NR_115241.1	91.410	1199	62	33	1	1177	1184	5	0.0	1609
f658a67a-8f0b-47f5-ad94-215af3a0eb56	NR_115735.1	91.374	1194	61	34	1	1171	1175	1	0.0	1596
f658a67a-8f0b-47f5-ad94-215af3a0eb56	NR_178515.1	90.833	1200	67	35	1	1177	1184	5	0.0	1567
f658a67a-8f0b-47f5-ad94-215af3a0eb56	NR_165737.1	90.583	1200	70	35	1	1177	1184	5	0.0	1550
c418a840-c2d2-4d9d-bb24-99da4c876aa0	NR_115355.1	96.320	625	14	8	1	621	868	1487	0.0	1018
c418a840-c2d2-4d9d-bb24-99da4c876aa0	NR_163639.1	96.320	625	13	10	1	621	884	1502	0.0	1018
c418a840-c2d2-4d9d-bb24-99da4c876aa0	NR_179325.1	96.320	625	14	8	1	621	842	1461	0.0	1018
c418a840-c2d2-4d9d-bb24-99da4c876aa0	NR_119169.1	95.840	625	17	8	1	621	873	1492	0.0	1005
c418a840-c2d2-4d9d-bb24-99da4c876aa0	NR_115354.1	95.840	625	17	8	1	621	868	1487	0.0	1003
f9faf7c4-347a-4c8c-a5fb-23585ddf5e9c	NR_042928.1	96.586	908	15	14	12	911	904	5	0.0	1491
f9faf7c4-347a-4c8c-a5fb-23585ddf5e9c	NR_199547.1	96.738	889	14	13	12	892	884	3	0.0	1467
f9faf7c4-347a-4c8c-a5fb-23585ddf5e9c	NR_165747.1	95.925	908	21	14	12	911	904	5	0.0	1458
f9faf7c4-347a-4c8c-a5fb-23585ddf5e9c	NR_112026.1	96.201	895	17	15	12	898	886	1	0.0	1450
f9faf7c4-347a-4c8c-a5fb-23585ddf5e9c	NR_028664.1	95.331	921	26	15	12	924	927	16	0.0	1447
1160055c-6866-4947-b5a9-11d958c77e89	NR_041879.1	97.945	438	4	5	1	435	126	561	0.0	754
1160055c-6866-4947-b5a9-11d958c77e89	NR_115355.1	97.945	438	4	5	1	435	169	604	0.0	754
1160055c-6866-4947-b5a9-11d958c77e89	NR_179325.1	97.945	438	4	5	1	435	143	578	0.0	754
1160055c-6866-4947-b5a9-11d958c77e89	NR_119169.1	97.717	438	5	5	1	435	174	609	0.0	750
1160055c-6866-4947-b5a9-11d958c77e89	NR_113570.1	97.489	438	6	5	1	435	176	611	0.0	743
0a072911-ed48-4dce-82c1-3d9f0929598e	NR_042776.1	98.904	456	4	1	1	456	1042	1496	0.0	813
0a072911-ed48-4dce-82c1-3d9f0929598e	NR_042777.1	98.904	456	4	1	1	456	1041	1495	0.0	813
0a072911-ed48-4dce-82c1-3d9f0929598e	NR_042778.1	98.465	456	6	1	1	456	1042	1496	0.0	802
0a072911-ed48-4dce-82c1-3d9f0929598e	NR_118998.1	98.465	456	6	1	1	456	1036	1490	0.0	802
0a072911-ed48-4dce-82c1-3d9f0929598e	NR_197695.1	98.465	456	6	1	1	456	1041	1495	0.0	802
d67b87fb-50c0-4d55-b6cd-5531306c2192	NR_026419.1	99.138	348	3	0	1	348	355	8	2.10e-179	627
d67b87fb-50c0-4d55-b6cd-5531306c2192	NR_025903.1	95.317	363	15	2	1	362	367	6	7.71e-164	575
d67b87fb-50c0-4d55-b6cd-5531306c2192	NR_025904.1	95.041	363	16	2	1	362	366	5	3.59e-162	569
d67b87fb-50c0-4d55-b6cd-5531306c2192	NR_133753.1	96.273	322	11	1	1	322	321	1	2.19e-149	527
d67b87fb-50c0-4d55-b6cd-5531306c2192	NR_036920.1	91.736	363	25	5	1	362	360	2	4.78e-141	499
76831f94-ddd0-4abd-b853-fffdaf54dabb	NR_041989.1	91.089	505	15	22	5	483	1044	544	0.0	656
76831f94-ddd0-4abd-b853-fffdaf54dabb	NR_117694.1	90.891	505	16	22	5	483	1086	586	0.0	651
76831f94-ddd0-4abd-b853-fffdaf54dabb	NR_121687.1	90.693	505	17	22	5	483	1106	606	0.0	645
76831f94-ddd0-4abd-b853-fffdaf54dabb	NR_028900.1	90.495	505	18	23	5	483	1044	544	0.0	640
76831f94-ddd0-4abd-b853-fffdaf54dabb	NR_043459.1	90.278	504	21	21	5	483	1110	610	0.0	634
582c5477-cb12-44bb-9576-f31d00aabcc9	NR_028900.1	100.000	153	0	0	1	153	968	816	2.04e-76	283
582c5477-cb12-44bb-9576-f31d00aabcc9	NR_043458.1	100.000	153	0	0	1	153	1031	879	2.04e-76	283
582c5477-cb12-44bb-9576-f31d00aabcc9	NR_043459.1	100.000	153	0	0	1	153	1034	882	2.04e-76	283
582c5477-cb12-44bb-9576-f31d00aabcc9	NR_041988.1	100.000	153	0	0	1	153	968	816	2.04e-76	283
582c5477-cb12-44bb-9576-f31d00aabcc9	NR_044614.1	100.000	153	0	0	1	153	1036	884	2.04e-76	283
7302357b-2dea-48ae-9faf-f0df7955aaed	NR_116168.1	87.522	1114	76	47	16	1102	1103	26	0.0	1229
7302357b-2dea-48ae-9faf-f0df7955aaed	NR_042878.1	87.343	1114	78	47	16	1102	1082	5	0.0	1227
7302357b-2dea-48ae-9faf-f0df7955aaed	NR_118762.1	85.881	1112	93	49	16	1100	1105	31	0.0	1158
7302357b-2dea-48ae-9faf-f0df7955aaed	NR_118143.1	85.702	1119	89	55	16	1102	1084	5	0.0	1116
7302357b-2dea-48ae-9faf-f0df7955aaed	NR_025423.1	85.420	1118	94	51	16	1102	1087	8	0.0	1098
19557431-daf6-483e-8c4e-60165ce9d261	NR_112026.1	96.929	521	9	7	14	529	1314	796	0.0	867
19557431-daf6-483e-8c4e-60165ce9d261	NR_179540.1	96.929	521	9	7	14	529	1352	834	0.0	867
19557431-daf6-483e-8c4e-60165ce9d261	NR_199547.1	96.737	521	10	7	14	529	1312	794	0.0	861
19557431-daf6-483e-8c4e-60165ce9d261	NR_116206.1	96.545	521	11	7	14	529	1257	739	0.0	857
19557431-daf6-483e-8c4e-60165ce9d261	NR_028665.1	96.545	521	11	7	14	529	1349	831	0.0	856
e4124fdd-e7c9-43b4-8d7e-75fdeac634c1	NR_074980.1	92.526	1231	50	35	4	1210	1230	18	0.0	1725
e4124fdd-e7c9-43b4-8d7e-75fdeac634c1	NR_113031.1	92.526	1231	50	35	4	1210	1230	18	0.0	1725
e4124fdd-e7c9-43b4-8d7e-75fdeac634c1	NR_115355.1	92.629	1221	48	31	4	1200	1203	1	0.0	1722
e4124fdd-e7c9-43b4-8d7e-75fdeac634c1	NR_163639.1	92.526	1231	46	39	4	1210	1218	10	0.0	1722
e4124fdd-e7c9-43b4-8d7e-75fdeac634c1	NR_119169.1	92.484	1224	50	31	4	1203	1208	3	0.0	1720
d36d1c17-ccec-4bc4-af3e-2f5f2b30b8b8	NR_042776.1	91.190	420	18	17	1	411	1033	624	4.21e-157	553
d36d1c17-ccec-4bc4-af3e-2f5f2b30b8b8	NR_042777.1	91.190	420	18	17	1	411	1032	623	4.21e-157	553
d36d1c17-ccec-4bc4-af3e-2f5f2b30b8b8	NR_042778.1	91.190	420	18	17	1	411	1033	624	4.21e-157	553
d36d1c17-ccec-4bc4-af3e-2f5f2b30b8b8	NR_197695.1	90.714	420	20	17	1	411	1032	623	9.12e-154	542
d36d1c17-ccec-4bc4-af3e-2f5f2b30b8b8	NR_126177.1	90.431	418	21	17	3	411	1008	601	5.49e-151	532
1959022e-04d4-40ac-a01b-52082473b6d0	NR_029286.1	89.207	593	39	19	3	580	591	9	0.0	717
1959022e-04d4-40ac-a01b-52082473b6d0	NR_114395.1	89.207	593	38	20	3	580	596	15	0.0	717
1959022e-04d4-40ac-a01b-52082473b6d0	NR_041983.1	89.043	575	37	20	3	562	564	1	0.0	689
1959022e-04d4-40ac-a01b-52082473b6d0	NR_179528.1	88.494	591	39	22	3	574	581	1	0.0	688
1959022e-04d4-40ac-a01b-52082473b6d0	NR_119102.1	88.502	574	41	20	3	561	566	3	0.0	675
4f0ce468-c263-4e9e-9760-3f298b54ecc5	NR_199545.1	95.338	1330	32	27	1	1310	126	1445	0.0	2085
4f0ce468-c263-4e9e-9760-3f298b54ecc5	NR_028664.1	95.263	1330	33	27	1	1310	129	1448	0.0	2080
4f0ce468-c263-4e9e-9760-3f298b54ecc5	NR_115240.1	95.263	1330	33	27	1	1310	106	1425	0.0	2080
4f0ce468-c263-4e9e-9760-3f298b54ecc5	NR_115732.1	95.263	1330	33	27	1	1310	108	1427	0.0	2080
4f0ce468-c263-4e9e-9760-3f298b54ecc5	NR_179385.1	95.263	1330	33	27	1	1310	130	1449	0.0	2080
d8b01859-c737-4df4-b347-d0c79e51be08	NR_116168.1	94.577	461	10	14	3	453	469	14	0.0	699
d8b01859-c737-4df4-b347-d0c79e51be08	NR_042878.1	94.040	453	12	14	3	445	448	1	0.0	680
d8b01859-c737-4df4-b347-d0c79e51be08	NR_118762.1	91.793	463	23	14	3	455	472	15	0.0	651
d8b01859-c737-4df4-b347-d0c79e51be08	NR_025423.1	92.123	457	19	15	4	448	452	1	7.42e-180	628
d8b01859-c737-4df4-b347-d0c79e51be08	NR_118143.1	90.749	454	25	15	4	445	449	1	3.50e-168	590
09356a56-c609-4f65-b614-e75f95228ddc	NR_024842.1	97.692	130	3	0	1	130	1408	1279	1.04e-58	224
09356a56-c609-4f65-b614-e75f95228ddc	NR_036936.1	97.692	130	3	0	1	130	1393	1264	1.04e-58	224
09356a56-c609-4f65-b614-e75f95228ddc	NR_025453.1	97.692	130	3	0	1	130	1393	1264	1.04e-58	224
09356a56-c609-4f65-b614-e75f95228ddc	NR_028664.1	97.692	130	3	0	1	130	1414	1285	1.04e-58	224
09356a56-c609-4f65-b614-e75f95228ddc	NR_028665.1	97.692	130	3	0	1	130	1408	1279	1.04e-58	224
fbe48985-08d8-4a15-8cf1-1235bd4eaa24	NR_042776.1	90.659	182	9	7	3	177	1360	1180	7.02e-62	235
fbe48985-08d8-4a15-8cf1-1235bd4eaa24	NR_042777.1	90.659	182	9	7	3	177	1359	1179	7.02e-62	235
fbe48985-08d8-4a15-8cf1-1235bd4eaa24	NR_042778.1	90.110	182	10	7	3	177	1360	1180	3.27e-60	230
fbe48985-08d8-4a15-8cf1-1235bd4eaa24	NR_118998.1	90.110	182	10	7	3	177	1354	1174	3.27e-60	230
fbe48985-08d8-4a15-8cf1-1235bd4eaa24	NR_197695.1	90.110	182	10	7	3	177	1359	1179	3.27e-60	230
79f86ba7-935b-4745-8eaf-5047f93e8ce1	NR_042928.1	92.638	163	5	7	1	159	165	6	1.09e-59	228
79f86ba7-935b-4745-8eaf-5047f93e8ce1	NR_165747.1	92.025	163	6	6	1	159	165	6	5.09e-58	222
79f86ba7-935b-4745-8eaf-5047f93e8ce1	NR_036936.1	92.453	159	5	6	6	159	162	6	1.83e-57	220
79f86ba7-935b-4745-8eaf-5047f93e8ce1	NR_028664.1	90.643	171	9	6	6	172	183	16	1.83e-57	220
79f86ba7-935b-4745-8eaf-5047f93e8ce1	NR_115560.1	90.643	171	9	6	6	172	180	13	1.83e-57	220
8593c95f-11bd-4f09-b971-2680af6da5d0	NR_042878.1	99.394	165	1	0	1	165	1343	1179	2.18e-81	300
8593c95f-11bd-4f09-b971-2680af6da5d0	NR_116168.1	99.394	165	1	0	1	165	1364	1200	2.18e-81	300
8593c95f-11bd-4f09-b971-2680af6da5d0	NR_118762.1	99.394	165	1	0	1	165	1366	1202	2.18e-81	300
8593c95f-11bd-4f09-b971-2680af6da5d0	NR_025073.1	96.364	165	6	0	1	165	1366	1202	4.75e-73	272
8593c95f-11bd-4f09-b971-2680af6da5d0	NR_042868.1	95.758	165	7	0	1	165	1345	1181	2.21e-71	267
a507f210-05af-4ca7-85e5-211870f8dc24	NR_043332.1	88.652	141	4	8	6	140	1348	1482	9.07e-40	161
a507f210-05af-4ca7-85e5-211870f8dc24	NR_074980.1	88.652	141	4	8	6	140	1375	1509	9.07e-40	161
a507f210-05af-4ca7-85e5-211870f8dc24	NR_113031.1	88.652	141	4	8	6	140	1375	1509	9.07e-40	161
a507f210-05af-4ca7-85e5-211870f8dc24	NR_115354.1	88.652	141	4	8	6	140	1348	1482	9.07e-40	161
a507f210-05af-4ca7-85e5-211870f8dc24	NR_115355.1	88.652	141	4	8	6	140	1348	1482	9.07e-40	161
98b567a3-4545-432d-944a-75e9fbedf954	NR_074568.1	89.773	264	13	12	1	254	1218	1477	5.92e-89	326
98b567a3-4545-432d-944a-75e9fbedf954	NR_044873.1	89.655	261	13	13	1	250	1208	1465	2.76e-87	320
98b567a3-4545-432d-944a-75e9fbedf954	NR_117032.1	89.015	264	16	12	1	254	1181	1441	1.28e-85	315
98b567a3-4545-432d-944a-75e9fbedf954	NR_074518.1	88.973	263	17	11	1	254	1213	1472	1.28e-85	315
98b567a3-4545-432d-944a-75e9fbedf954	NR_025361.1	88.973	263	16	12	1	254	1214	1472	4.61e-85	313
7c437ae4-5dd4-48ab-be38-b0d93e72d680	NR_042776.1	98.113	159	2	1	1	159	175	18	3.57e-74	276
7c437ae4-5dd4-48ab-be38-b0d93e72d680	NR_042777.1	98.113	159	2	1	1	159	175	18	3.57e-74	276
7c437ae4-5dd4-48ab-be38-b0d93e72d680	NR_042778.1	98.113	159	2	1	1	159	175	18	3.57e-74	276
7c437ae4-5dd4-48ab-be38-b0d93e72d680	NR_118234.1	97.516	161	3	1	1	161	167	8	1.28e-73	274
7c437ae4-5dd4-48ab-be38-b0d93e72d680	NR_024841.1	97.484	159	3	1	1	159	164	7	1.66e-72	270
6683146a-db49-4337-9ab8-58dd2b1368fa	NR_041706.1	91.329	173	9	3	1	168	1313	1484	8.40e-61	231
6683146a-db49-4337-9ab8-58dd2b1368fa	NR_025625.1	91.329	173	9	3	1	168	1312	1483	8.40e-61	231
6683146a-db49-4337-9ab8-58dd2b1368fa	NR_028705.1	91.329	173	9	3	1	168	1316	1487	8.40e-61	231
6683146a-db49-4337-9ab8-58dd2b1368fa	NR_036921.1	91.329	173	9	3	1	168	1315	1486	8.40e-61	231
6683146a-db49-4337-9ab8-58dd2b1368fa	NR_036922.1	91.329	173	9	3	1	168	1326	1497	8.40e-61	231
82daf6ba-07ce-4512-bde8-7c435b5d6ae7	NR_042776.1	96.396	222	8	0	1	222	90	311	2.98e-101	366
82daf6ba-07ce-4512-bde8-7c435b5d6ae7	NR_197695.1	96.396	222	8	0	1	222	89	310	2.98e-101	366
82daf6ba-07ce-4512-bde8-7c435b5d6ae7	NR_042778.1	95.946	222	9	0	1	222	90	311	1.39e-99	361
82daf6ba-07ce-4512-bde8-7c435b5d6ae7	NR_042777.1	95.495	222	10	0	1	222	90	311	6.46e-98	355
82daf6ba-07ce-4512-bde8-7c435b5d6ae7	NR_118998.1	95.045	222	11	0	1	222	85	306	8.35e-97	351
d88b16a5-1009-43db-927c-83d8d4528798	NR_027608.1	95.575	113	4	1	1	113	1394	1283	2.00e-45	180
d88b16a5-1009-43db-927c-83d8d4528798	NR_041880.1	95.575	113	4	1	1	113	1357	1246	2.00e-45	180
d88b16a5-1009-43db-927c-83d8d4528798	NR_134226.1	95.575	113	4	1	1	113	1339	1228	2.00e-45	180
d88b16a5-1009-43db-927c-83d8d4528798	NR_025762.1	95.575	113	4	1	1	113	1379	1268	2.00e-45	180
d88b16a5-1009-43db-927c-83d8d4528798	NR_025046.1	95.575	113	4	1	1	113	1397	1286	2.00e-45	180
5f445c30-d1ed-4b78-b3f7-e00f9f85e4ca	NR_025036.1	98.450	129	1	1	1	128	1365	1493	2.85e-59	226
5f445c30-d1ed-4b78-b3f7-e00f9f85e4ca	NR_044912.1	98.450	129	1	1	1	128	1301	1429	2.85e-59	226
5f445c30-d1ed-4b78-b3f7-e00f9f85e4ca	NR_134817.1	98.450	129	1	1	1	128	1359	1487	2.85e-59	226
5f445c30-d1ed-4b78-b3f7-e00f9f85e4ca	NR_179540.1	98.450	129	1	1	1	128	1364	1492	2.85e-59	226
5f445c30-d1ed-4b78-b3f7-e00f9f85e4ca	NR_024634.1	97.692	130	1	2	1	128	1357	1486	3.69e-58	222
3b79260a-2648-4917-8a73-6fb89b34b452	NR_117364.1	99.535	215	0	1	1	214	721	507	1.70e-108	390
3b79260a-2648-4917-8a73-6fb89b34b452	NR_028797.1	96.744	215	6	1	1	214	727	513	1.72e-98	357
3b79260a-2648-4917-8a73-6fb89b34b452	NR_041805.1	96.744	215	6	1	1	214	732	518	1.72e-98	357
3b79260a-2648-4917-8a73-6fb89b34b452	NR_181318.1	96.744	215	6	1	1	214	725	511	1.72e-98	357
3b79260a-2648-4917-8a73-6fb89b34b452	NR_041950.1	96.279	215	7	1	1	214	697	483	8.02e-97	351
6ce6e704-78ca-481a-bd65-f76182362df1	NR_026419.1	88.496	226	14	11	1	218	1260	1481	4.09e-70	263
6ce6e704-78ca-481a-bd65-f76182362df1	NR_025904.1	89.552	201	13	7	24	218	1293	1491	1.14e-65	248
6ce6e704-78ca-481a-bd65-f76182362df1	NR_025903.1	89.055	201	14	7	24	218	1294	1492	5.32e-64	243
6ce6e704-78ca-481a-bd65-f76182362df1	NR_133752.1	90.608	181	9	7	24	198	1219	1397	3.20e-61	233
6ce6e704-78ca-481a-bd65-f76182362df1	NR_133753.1	90.608	181	9	7	24	198	1248	1426	3.20e-61	233
c21b2d6f-8109-424c-8914-809d8e82dfa9	NR_037101.1	93.103	116	4	4	1	115	1363	1475	1.56e-41	167
c21b2d6f-8109-424c-8914-809d8e82dfa9	NR_040821.1	93.103	116	4	4	1	115	1363	1475	1.56e-41	167
c21b2d6f-8109-424c-8914-809d8e82dfa9	NR_025148.1	93.103	116	4	4	1	115	1383	1495	1.56e-41	167
c21b2d6f-8109-424c-8914-809d8e82dfa9	NR_028664.1	93.103	116	4	4	1	115	1384	1496	1.56e-41	167
c21b2d6f-8109-424c-8914-809d8e82dfa9	NR_028666.1	93.103	116	4	4	1	115	1387	1499	1.56e-41	167
3e584bb7-ba67-4d95-aea5-b7a310b3ec86	NR_029097.1	98.507	201	1	2	1	199	424	224	2.08e-97	353
3e584bb7-ba67-4d95-aea5-b7a310b3ec86	NR_125570.1	98.507	201	1	2	1	199	406	206	2.08e-97	353
3e584bb7-ba67-4d95-aea5-b7a310b3ec86	NR_125571.1	98.507	201	1	2	1	199	448	248	2.08e-97	353
3e584bb7-ba67-4d95-aea5-b7a310b3ec86	NR_044048.1	95.588	204	6	3	1	201	461	258	1.63e-88	324
3e584bb7-ba67-4d95-aea5-b7a310b3ec86	NR_179276.1	95.588	204	6	3	1	201	467	264	1.63e-88	324
594ba6d3-bdf6-4cfd-b562-490d7bccd401	NR_024842.1	98.830	171	2	0	1	171	176	6	4.98e-83	305
594ba6d3-bdf6-4cfd-b562-490d7bccd401	NR_115241.1	99.379	161	1	0	1	161	161	1	3.88e-79	292
594ba6d3-bdf6-4cfd-b562-490d7bccd401	NR_114413.1	97.024	168	5	0	4	171	181	14	2.33e-76	283
594ba6d3-bdf6-4cfd-b562-490d7bccd401	NR_179720.1	97.024	168	5	0	4	171	178	11	2.33e-76	283
594ba6d3-bdf6-4cfd-b562-490d7bccd401	NR_199956.1	97.024	168	5	0	4	171	178	11	2.33e-76	283
d78ac569-11f0-4c27-88cd-213defd43f9d	NR_024842.1	96.875	128	0	1	5	128	1362	1489	7.99e-55	211
d78ac569-11f0-4c27-88cd-213defd43f9d	NR_041706.1	96.875	128	0	1	5	128	1357	1484	7.99e-55	211
d78ac569-11f0-4c27-88cd-213defd43f9d	NR_042052.1	96.875	128	0	1	5	128	1270	1397	7.99e-55	211
d78ac569-11f0-4c27-88cd-213defd43f9d	NR_025625.1	96.875	128	0	1	5	128	1356	1483	7.99e-55	211
d78ac569-11f0-4c27-88cd-213defd43f9d	NR_028705.1	96.875	128	0	1	5	128	1360	1487	7.99e-55	211
805621e8-f809-4ff1-9333-b277f060f7e7	NR_041989.1	98.621	145	0	1	6	148	1109	965	4.28e-68	255
805621e8-f809-4ff1-9333-b277f060f7e7	NR_025892.1	97.931	145	1	1	6	148	1176	1032	5.53e-67	252
805621e8-f809-4ff1-9333-b277f060f7e7	NR_028843.1	97.931	145	1	1	6	148	1153	1009	1.99e-66	250
805621e8-f809-4ff1-9333-b277f060f7e7	NR_028899.1	97.931	145	1	1	6	148	1109	965	1.99e-66	250
805621e8-f809-4ff1-9333-b277f060f7e7	NR_028900.1	97.931	145	1	1	6	148	1109	965	1.99e-66	250
d39e9663-74d9-43fe-adc8-d31c33d98b32	NR_042052.1	98.157	217	2	2	6	221	1182	1397	1.41e-104	377
d39e9663-74d9-43fe-adc8-d31c33d98b32	NR_042776.1	98.157	217	2	2	6	221	1284	1499	1.41e-104	377
d39e9663-74d9-43fe-adc8-d31c33d98b32	NR_042777.1	98.157	217	2	2	6	221	1283	1498	1.41e-104	377
d39e9663-74d9-43fe-adc8-d31c33d98b32	NR_114642.1	98.157	217	2	2	6	221	1241	1456	1.41e-104	377
d39e9663-74d9-43fe-adc8-d31c33d98b32	NR_037101.1	97.706	218	2	3	6	221	1259	1475	6.54e-103	372
66fe01fc-57c9-42d6-8558-211b2d17c4b7	NR_026419.1	96.875	160	4	1	1	159	1349	1190	2.15e-71	267
66fe01fc-57c9-42d6-8558-211b2d17c4b7	NR_133752.1	95.000	160	7	1	1	159	1286	1127	2.16e-66	250
66fe01fc-57c9-42d6-8558-211b2d17c4b7	NR_133753.1	95.000	160	7	1	1	159	1315	1156	2.16e-66	250
66fe01fc-57c9-42d6-8558-211b2d17c4b7	NR_025903.1	95.000	160	7	1	1	159	1361	1202	2.16e-66	250
66fe01fc-57c9-42d6-8558-211b2d17c4b7	NR_025904.1	94.375	160	8	1	1	159	1360	1201	1.01e-64	244
811a2323-9eae-44fb-bab8-2f75dcfc24cb	NR_042928.1	97.059	170	2	3	4	172	168	1	2.47e-76	283
811a2323-9eae-44fb-bab8-2f75dcfc24cb	NR_028664.1	95.506	178	5	3	4	180	191	16	8.89e-76	281
811a2323-9eae-44fb-bab8-2f75dcfc24cb	NR_115560.1	95.506	178	5	3	4	180	188	13	8.89e-76	281
811a2323-9eae-44fb-bab8-2f75dcfc24cb	NR_179385.1	95.506	178	5	3	4	180	192	17	8.89e-76	281
811a2323-9eae-44fb-bab8-2f75dcfc24cb	NR_199545.1	95.506	178	5	3	4	180	188	13	8.89e-76	281
60cea63f-1bfc-4135-93b3-4aa2081b918f	NR_025862.1	92.279	272	15	6	1	268	280	11	1.01e-106	385
60cea63f-1bfc-4135-93b3-4aa2081b918f	NR_028682.1	89.338	272	20	8	1	266	281	13	3.71e-91	333
60cea63f-1bfc-4135-93b3-4aa2081b918f	NR_026454.1	83.399	253	33	9	4	248	252	1	6.47e-59	226
60cea63f-1bfc-4135-93b3-4aa2081b918f	NR_043661.1	81.985	272	32	16	4	266	277	14	1.40e-55	215
60cea63f-1bfc-4135-93b3-4aa2081b918f	NR_025863.1	82.239	259	30	14	21	268	264	11	1.81e-54	211
b5d91c75-9e20-4773-b671-57b27d82657d	NR_026419.1	97.500	280	4	2	1	277	1205	1484	6.08e-134	475
b5d91c75-9e20-4773-b671-57b27d82657d	NR_025904.1	95.714	280	8	3	1	277	1216	1494	1.32e-125	448
b5d91c75-9e20-4773-b671-57b27d82657d	NR_025903.1	95.714	280	8	3	1	277	1217	1495	1.32e-125	448
b5d91c75-9e20-4773-b671-57b27d82657d	NR_133752.1	95.703	256	8	2	1	253	1142	1397	6.25e-114	409
b5d91c75-9e20-4773-b671-57b27d82657d	NR_133753.1	95.703	256	8	2	1	253	1171	1426	6.25e-114	409
78997df9-c357-46ce-b588-70e1f542c3f7	NR_165747.1	91.803	183	8	4	1	178	181	1	9.30e-66	248
78997df9-c357-46ce-b588-70e1f542c3f7	NR_117719.1	91.351	185	9	4	7	186	195	13	3.35e-65	246
78997df9-c357-46ce-b588-70e1f542c3f7	NR_199545.1	92.179	179	7	4	13	186	189	13	3.35e-65	246
78997df9-c357-46ce-b588-70e1f542c3f7	NR_042928.1	92.135	178	7	4	6	178	176	1	1.20e-64	244
78997df9-c357-46ce-b588-70e1f542c3f7	NR_115560.1	91.713	181	8	4	13	188	189	11	1.20e-64	244
dd0228f3-1f29-4350-a62b-4307eed0c684	NR_044873.1	95.781	237	6	4	1	233	1229	1465	4.10e-105	379
dd0228f3-1f29-4350-a62b-4307eed0c684	NR_028925.1	94.606	241	9	4	1	237	1232	1472	2.47e-102	370
dd0228f3-1f29-4350-a62b-4307eed0c684	NR_044871.1	94.606	241	9	4	1	237	1228	1468	2.47e-102	370
dd0228f3-1f29-4350-a62b-4307eed0c684	NR_112192.1	94.606	241	9	4	1	237	1214	1454	2.47e-102	370
dd0228f3-1f29-4350-a62b-4307eed0c684	NR_043899.1	94.606	241	9	4	1	237	1197	1437	2.47e-102	370
7d4ff565-39b4-41c8-becc-1bac412bf4dc	NR_044873.1	89.831	236	14	6	30	258	1231	1463	1.71e-79	294
7d4ff565-39b4-41c8-becc-1bac412bf4dc	NR_025084.1	89.407	236	15	8	30	258	1206	1438	7.94e-78	289
7d4ff565-39b4-41c8-becc-1bac412bf4dc	NR_042469.2	89.407	236	15	8	30	258	1238	1470	7.94e-78	289
7d4ff565-39b4-41c8-becc-1bac412bf4dc	NR_024954.1	89.316	234	17	6	30	258	1216	1446	2.86e-77	287
7d4ff565-39b4-41c8-becc-1bac412bf4dc	NR_044895.1	89.316	234	17	6	30	258	1225	1455	2.86e-77	287
16d75a15-8c3d-42d2-b4e0-b8ec3b54fecf	NR_109720.1	95.862	145	3	3	2	143	145	1	7.66e-61	231
16d75a15-8c3d-42d2-b4e0-b8ec3b54fecf	NR_036936.1	95.205	146	4	3	2	144	151	6	9.91e-60	228
16d75a15-8c3d-42d2-b4e0-b8ec3b54fecf	NR_117425.1	94.521	146	5	3	2	144	154	9	4.61e-58	222
16d75a15-8c3d-42d2-b4e0-b8ec3b54fecf	NR_103943.1	91.875	160	9	4	2	158	177	19	1.66e-57	220
16d75a15-8c3d-42d2-b4e0-b8ec3b54fecf	NR_113561.1	91.875	160	9	4	2	158	171	13	1.66e-57	220
dab87c0a-b9a7-4edc-92e6-cbd42dc3ebc1	NR_042878.1	95.604	91	4	0	1	91	234	144	3.23e-37	152
dab87c0a-b9a7-4edc-92e6-cbd42dc3ebc1	NR_116168.1	96.703	91	3	0	1	91	255	165	3.23e-37	152
dab87c0a-b9a7-4edc-92e6-cbd42dc3ebc1	NR_181946.1	96.667	90	2	1	2	91	238	150	4.18e-36	148
dab87c0a-b9a7-4edc-92e6-cbd42dc3ebc1	NR_118762.1	95.604	91	4	0	1	91	258	168	1.50e-35	147
dab87c0a-b9a7-4edc-92e6-cbd42dc3ebc1	NR_180040.1	95.556	90	3	1	2	91	259	171	1.94e-34	143
3696bf7f-ed4a-43c9-8c30-aad3dcc25538	NR_024817.1	93.023	129	4	4	1	125	1473	1346	1.66e-46	183
3696bf7f-ed4a-43c9-8c30-aad3dcc25538	NR_042051.1	92.308	130	4	5	1	125	1421	1293	2.15e-45	180
3696bf7f-ed4a-43c9-8c30-aad3dcc25538	NR_115719.1	92.308	130	4	5	1	125	1461	1333	2.15e-45	180
3696bf7f-ed4a-43c9-8c30-aad3dcc25538	NR_024842.1	92.248	129	5	4	1	125	1483	1356	7.73e-45	178
3696bf7f-ed4a-43c9-8c30-aad3dcc25538	NR_041706.1	92.248	129	5	4	1	125	1478	1351	7.73e-45	178
f8e6e4ac-e8f7-4edb-bed9-0bac410e5472	NR_042928.1	96.654	269	3	6	1	264	967	700	5.81e-124	442
f8e6e4ac-e8f7-4edb-bed9-0bac410e5472	NR_116206.1	96.654	269	3	6	1	264	892	625	5.81e-124	442
f8e6e4ac-e8f7-4edb-bed9-0bac410e5472	NR_024659.1	96.283	269	4	6	1	264	950	683	2.70e-122	436
f8e6e4ac-e8f7-4edb-bed9-0bac410e5472	NR_028664.1	96.283	269	4	6	1	264	990	723	2.70e-122	436
f8e6e4ac-e8f7-4edb-bed9-0bac410e5472	NR_042927.1	96.283	269	4	6	1	264	969	702	2.70e-122	436
1a2fb0a4-0f7a-4c38-b308-e17589b4dbc1	NR_043332.1	96.070	229	4	5	1	227	1257	1482	8.59e-102	368
1a2fb0a4-0f7a-4c38-b308-e17589b4dbc1	NR_074980.1	96.070	229	4	5	1	227	1284	1509	8.59e-102	368
1a2fb0a4-0f7a-4c38-b308-e17589b4dbc1	NR_113031.1	96.070	229	4	5	1	227	1284	1509	8.59e-102	368
1a2fb0a4-0f7a-4c38-b308-e17589b4dbc1	NR_115354.1	96.444	225	3	5	5	227	1261	1482	3.09e-101	366
1a2fb0a4-0f7a-4c38-b308-e17589b4dbc1	NR_115355.1	96.444	225	3	5	5	227	1261	1482	3.09e-101	366
8c54ed6c-a3a1-498a-bd8c-c3e9025cf08d	NR_042776.1	94.422	251	5	3	1	249	1256	1499	1.58e-104	377
8c54ed6c-a3a1-498a-bd8c-c3e9025cf08d	NR_024842.1	93.625	251	7	3	1	249	1246	1489	3.43e-101	366
8c54ed6c-a3a1-498a-bd8c-c3e9025cf08d	NR_042052.1	93.625	251	7	3	1	249	1154	1397	3.43e-101	366
8c54ed6c-a3a1-498a-bd8c-c3e9025cf08d	NR_025625.1	94.298	228	6	1	22	249	1263	1483	5.78e-94	342
8c54ed6c-a3a1-498a-bd8c-c3e9025cf08d	NR_028705.1	94.298	228	6	1	22	249	1267	1487	5.78e-94	342
21d5c5e9-f6f5-4b07-b75f-33a3455e0c0d	NR_042776.1	94.737	171	5	3	1	169	186	18	2.98e-70	263
21d5c5e9-f6f5-4b07-b75f-33a3455e0c0d	NR_042778.1	94.737	171	5	3	1	169	186	18	2.98e-70	263
21d5c5e9-f6f5-4b07-b75f-33a3455e0c0d	NR_042777.1	94.643	168	5	3	4	169	183	18	1.39e-68	257
21d5c5e9-f6f5-4b07-b75f-33a3455e0c0d	NR_197695.1	94.118	170	6	3	2	169	184	17	4.99e-68	255
21d5c5e9-f6f5-4b07-b75f-33a3455e0c0d	NR_118998.1	93.567	171	7	3	1	169	181	13	1.79e-67	254
656de593-cd6b-4a0f-936a-c5ce9fb715ce	NR_041879.1	93.388	121	3	4	1	119	1299	1182	9.42e-44	174
656de593-cd6b-4a0f-936a-c5ce9fb715ce	NR_115355.1	93.388	121	3	4	1	119	1341	1224	9.42e-44	174
656de593-cd6b-4a0f-936a-c5ce9fb715ce	NR_119169.1	93.388	121	3	4	1	119	1346	1229	9.42e-44	174
656de593-cd6b-4a0f-936a-c5ce9fb715ce	NR_163639.1	93.388	121	3	4	1	119	1356	1239	9.42e-44	174
656de593-cd6b-4a0f-936a-c5ce9fb715ce	NR_179325.1	93.388	121	3	4	1	119	1315	1198	9.42e-44	174
03da8d3b-6610-44ee-86c4-a32f23529516	NR_037101.1	90.071	141	7	4	1	140	1393	1259	3.18e-44	176
03da8d3b-6610-44ee-86c4-a32f23529516	NR_040821.1	90.071	141	7	4	1	140	1393	1259	3.18e-44	176
03da8d3b-6610-44ee-86c4-a32f23529516	NR_042052.1	90.071	141	7	4	1	140	1316	1182	3.18e-44	176
03da8d3b-6610-44ee-86c4-a32f23529516	NR_025630.1	90.071	141	7	4	1	140	1392	1258	3.18e-44	176
03da8d3b-6610-44ee-86c4-a32f23529516	NR_024634.1	90.071	141	7	4	1	140	1404	1270	3.18e-44	176
8d6b5081-c74d-4cb1-b0dd-6d40b10bc87b	NR_116168.1	93.590	234	8	4	5	232	1255	1487	5.33e-94	342
8d6b5081-c74d-4cb1-b0dd-6d40b10bc87b	NR_118762.1	93.421	228	8	4	5	226	1257	1483	1.15e-90	331
8d6b5081-c74d-4cb1-b0dd-6d40b10bc87b	NR_044741.1	93.304	224	8	4	15	232	1229	1451	1.93e-88	324
8d6b5081-c74d-4cb1-b0dd-6d40b10bc87b	NR_024897.1	93.274	223	8	4	16	232	1265	1486	6.94e-88	322
8d6b5081-c74d-4cb1-b0dd-6d40b10bc87b	NR_181418.1	93.274	223	8	4	16	232	1265	1486	6.94e-88	322
d241af1a-14d1-4920-96c7-ca9086572b27	NR_024842.1	94.208	259	6	8	1	255	1236	1489	2.70e-107	387
d241af1a-14d1-4920-96c7-ca9086572b27	NR_115735.1	94.186	258	6	8	1	254	1212	1464	9.72e-107	385
d241af1a-14d1-4920-96c7-ca9086572b27	NR_178262.1	93.846	260	6	9	1	255	1115	1369	3.50e-106	383
d241af1a-14d1-4920-96c7-ca9086572b27	NR_179215.1	93.846	260	6	9	1	255	1237	1491	3.50e-106	383
d241af1a-14d1-4920-96c7-ca9086572b27	NR_179720.1	93.846	260	6	9	1	255	1241	1495	3.50e-106	383
5c4f507d-f0c6-4dea-851c-6be6bb7b22e7	NR_042928.1	94.350	177	8	1	1	177	179	5	2.02e-72	270
5c4f507d-f0c6-4dea-851c-6be6bb7b22e7	NR_036936.1	92.697	178	11	2	1	177	181	5	1.57e-68	257
5c4f507d-f0c6-4dea-851c-6be6bb7b22e7	NR_112026.1	94.512	164	7	1	1	164	162	1	7.32e-67	252
5c4f507d-f0c6-4dea-851c-6be6bb7b22e7	NR_165747.1	92.655	177	9	3	2	177	178	5	7.32e-67	252
5c4f507d-f0c6-4dea-851c-6be6bb7b22e7	NR_109720.1	92.045	176	12	2	1	175	175	1	3.41e-65	246
532a43b8-17d5-4445-8e97-cdc328b9d82e	NR_115355.1	92.279	272	12	8	3	272	1223	1487	1.72e-104	377
532a43b8-17d5-4445-8e97-cdc328b9d82e	NR_163639.1	92.279	272	12	8	3	272	1238	1502	1.72e-104	377
532a43b8-17d5-4445-8e97-cdc328b9d82e	NR_179325.1	92.279	272	12	8	3	272	1197	1461	1.72e-104	377
532a43b8-17d5-4445-8e97-cdc328b9d82e	NR_119169.1	91.912	272	13	8	3	272	1228	1492	8.01e-103	372
532a43b8-17d5-4445-8e97-cdc328b9d82e	NR_115354.1	91.544	272	14	8	3	272	1223	1487	3.73e-101	366
a450cd2d-8eb0-49a8-8bac-f704180c89a1	NR_042776.1	95.376	173	3	5	1	172	186	18	1.80e-72	270
a450cd2d-8eb0-49a8-8bac-f704180c89a1	NR_042778.1	95.376	173	3	5	1	172	186	18	1.80e-72	270
a450cd2d-8eb0-49a8-8bac-f704180c89a1	NR_042777.1	95.294	170	3	5	4	172	183	18	8.40e-71	265
a450cd2d-8eb0-49a8-8bac-f704180c89a1	NR_197695.1	94.767	172	4	5	2	172	184	17	3.02e-70	263
a450cd2d-8eb0-49a8-8bac-f704180c89a1	NR_118234.1	94.253	174	4	6	1	173	177	9	1.09e-69	261
02709e4c-c6ee-4ae1-88cf-d77965e8fad3	NR_041880.1	97.647	85	1	1	22	105	1089	1005	6.70e-35	145
02709e4c-c6ee-4ae1-88cf-d77965e8fad3	NR_134226.1	97.647	85	1	1	22	105	1071	987	6.70e-35	145
02709e4c-c6ee-4ae1-88cf-d77965e8fad3	NR_025046.1	97.647	85	1	1	22	105	1129	1045	6.70e-35	145
02709e4c-c6ee-4ae1-88cf-d77965e8fad3	NR_029101.1	97.647	85	1	1	22	105	1095	1011	6.70e-35	145
02709e4c-c6ee-4ae1-88cf-d77965e8fad3	NR_113376.1	97.647	85	1	1	22	105	1160	1076	6.70e-35	145
e6f6aa95-ff1f-41b0-9a50-5cba120a5016	NR_042776.1	96.774	155	1	3	1	152	1123	1276	4.35e-68	255
e6f6aa95-ff1f-41b0-9a50-5cba120a5016	NR_042777.1	96.774	155	1	3	1	152	1122	1275	4.35e-68	255
e6f6aa95-ff1f-41b0-9a50-5cba120a5016	NR_042778.1	96.774	155	1	3	1	152	1123	1276	4.35e-68	255
e6f6aa95-ff1f-41b0-9a50-5cba120a5016	NR_118998.1	96.774	155	1	3	1	152	1117	1270	4.35e-68	255
e6f6aa95-ff1f-41b0-9a50-5cba120a5016	NR_197695.1	96.774	155	1	3	1	152	1122	1275	4.35e-68	255
8a050b8b-f6dc-481b-a442-19b42db69b38	NR_199974.1	98.795	166	2	0	1	166	185	20	2.88e-80	296
8a050b8b-f6dc-481b-a442-19b42db69b38	NR_114413.1	99.375	160	1	0	7	166	175	16	1.34e-78	291
8a050b8b-f6dc-481b-a442-19b42db69b38	NR_199956.1	99.375	160	1	0	7	166	172	13	1.34e-78	291
8a050b8b-f6dc-481b-a442-19b42db69b38	NR_148589.1	100.000	156	0	0	3	158	156	1	4.82e-78	289
8a050b8b-f6dc-481b-a442-19b42db69b38	NR_152678.1	98.750	160	2	0	7	166	172	13	6.23e-77	285
69951981-eca1-43af-9a15-113a1f4f1a49	NR_026419.1	94.220	173	2	6	1	165	1312	1484	1.39e-68	257
69951981-eca1-43af-9a15-113a1f4f1a49	NR_025904.1	93.642	173	2	6	1	165	1323	1494	2.32e-66	250
69951981-eca1-43af-9a15-113a1f4f1a49	NR_025903.1	93.064	173	3	6	1	165	1324	1495	1.08e-64	244
69951981-eca1-43af-9a15-113a1f4f1a49	NR_133752.1	94.631	149	1	4	1	142	1249	1397	1.41e-58	224
69951981-eca1-43af-9a15-113a1f4f1a49	NR_133753.1	94.631	149	1	4	1	142	1278	1426	1.41e-58	224
daf9261d-99a3-4390-abc4-abc48f5ddde5	NR_041879.1	98.305	118	0	2	1	116	1299	1182	3.24e-53	206
daf9261d-99a3-4390-abc4-abc48f5ddde5	NR_115355.1	98.305	118	0	2	1	116	1341	1224	3.24e-53	206
daf9261d-99a3-4390-abc4-abc48f5ddde5	NR_119169.1	98.305	118	0	2	1	116	1346	1229	3.24e-53	206
daf9261d-99a3-4390-abc4-abc48f5ddde5	NR_163639.1	98.305	118	0	2	1	116	1356	1239	3.24e-53	206
daf9261d-99a3-4390-abc4-abc48f5ddde5	NR_179325.1	98.305	118	0	2	1	116	1315	1198	3.24e-53	206
b12cc8f4-8425-44ed-b8c4-94fde5c0172c	NR_042776.1	96.296	216	2	4	3	212	1276	1061	2.84e-96	350
b12cc8f4-8425-44ed-b8c4-94fde5c0172c	NR_042777.1	96.296	216	2	4	3	212	1275	1060	2.84e-96	350
b12cc8f4-8425-44ed-b8c4-94fde5c0172c	NR_042778.1	96.296	216	2	4	3	212	1276	1061	2.84e-96	350
b12cc8f4-8425-44ed-b8c4-94fde5c0172c	NR_118998.1	96.296	216	2	4	3	212	1270	1055	2.84e-96	350
b12cc8f4-8425-44ed-b8c4-94fde5c0172c	NR_197695.1	96.296	216	2	4	3	212	1275	1060	2.84e-96	350
d0852005-e33d-4c86-a14e-4e1805f7c38c	NR_109752.1	96.000	125	3	1	1	125	145	23	4.63e-52	202
d0852005-e33d-4c86-a14e-4e1805f7c38c	NR_179993.1	94.444	126	5	1	1	126	135	12	2.79e-49	193
d0852005-e33d-4c86-a14e-4e1805f7c38c	NR_074568.1	94.400	125	5	1	1	125	135	13	1.00e-48	191
d0852005-e33d-4c86-a14e-4e1805f7c38c	NR_044712.2	94.400	125	5	1	1	125	144	22	1.00e-48	191
d0852005-e33d-4c86-a14e-4e1805f7c38c	NR_028924.1	93.600	125	6	1	1	125	135	13	4.67e-47	185
fc082ee6-0c87-40ed-be5e-fce8bc6e159d	NR_042776.1	95.814	215	6	2	1	214	230	18	1.34e-94	344
fc082ee6-0c87-40ed-be5e-fce8bc6e159d	NR_042778.1	95.814	215	6	2	1	214	230	18	1.34e-94	344
fc082ee6-0c87-40ed-be5e-fce8bc6e159d	NR_118998.1	94.884	215	8	2	1	214	225	13	8.08e-92	335
fc082ee6-0c87-40ed-be5e-fce8bc6e159d	NR_042777.1	94.884	215	8	2	1	214	230	18	2.90e-91	333
fc082ee6-0c87-40ed-be5e-fce8bc6e159d	NR_197695.1	93.953	215	10	2	1	214	229	17	6.29e-88	322
08a75ca4-b44f-4164-ba4c-ad5d1e332ac0	NR_025310.1	97.500	160	3	1	1	159	960	801	4.65e-73	272
08a75ca4-b44f-4164-ba4c-ad5d1e332ac0	NR_044873.1	97.500	160	3	1	1	159	970	811	4.65e-73	272
08a75ca4-b44f-4164-ba4c-ad5d1e332ac0	NR_074568.1	97.500	160	3	1	1	159	980	821	4.65e-73	272
08a75ca4-b44f-4164-ba4c-ad5d1e332ac0	NR_043968.1	97.500	160	3	1	1	159	938	779	4.65e-73	272
08a75ca4-b44f-4164-ba4c-ad5d1e332ac0	NR_109752.1	97.468	158	3	1	3	159	989	832	6.01e-72	268
db4cbe8a-0d00-4a41-a3a9-4ce89e51ef08	NR_043332.1	96.503	143	2	2	1	140	1340	1482	1.88e-61	233
db4cbe8a-0d00-4a41-a3a9-4ce89e51ef08	NR_074980.1	96.503	143	2	2	1	140	1367	1509	1.88e-61	233
db4cbe8a-0d00-4a41-a3a9-4ce89e51ef08	NR_113031.1	96.503	143	2	2	1	140	1367	1509	1.88e-61	233
db4cbe8a-0d00-4a41-a3a9-4ce89e51ef08	NR_115354.1	96.503	143	2	2	1	140	1340	1482	1.88e-61	233
db4cbe8a-0d00-4a41-a3a9-4ce89e51ef08	NR_115355.1	96.503	143	2	2	1	140	1340	1482	1.88e-61	233
7a1e509a-afaa-4127-a68c-d8a921a42cd6	NR_043332.1	98.473	131	1	1	15	144	1356	1486	2.49e-60	230
7a1e509a-afaa-4127-a68c-d8a921a42cd6	NR_074980.1	98.473	131	1	1	15	144	1383	1513	2.49e-60	230
7a1e509a-afaa-4127-a68c-d8a921a42cd6	NR_113031.1	98.473	131	1	1	15	144	1383	1513	2.49e-60	230
7a1e509a-afaa-4127-a68c-d8a921a42cd6	NR_115354.1	98.473	131	1	1	15	144	1356	1486	2.49e-60	230
7a1e509a-afaa-4127-a68c-d8a921a42cd6	NR_115355.1	98.473	131	1	1	15	144	1356	1486	2.49e-60	230
f3392737-0465-4027-b585-dd13ba5e3b5c	NR_136788.1	89.726	292	18	8	9	289	719	429	5.11e-100	363
f3392737-0465-4027-b585-dd13ba5e3b5c	NR_026230.1	91.770	243	17	3	9	249	697	456	1.11e-91	335
f3392737-0465-4027-b585-dd13ba5e3b5c	NR_113082.1	91.770	243	17	3	9	249	719	478	1.11e-91	335
f3392737-0465-4027-b585-dd13ba5e3b5c	NR_136443.1	86.809	235	26	5	9	240	681	449	2.48e-68	257
f3392737-0465-4027-b585-dd13ba5e3b5c	NR_108635.1	85.246	244	31	5	9	249	696	455	5.37e-65	246
2db83c94-0490-42fe-b38a-4f03fcfa7b44	NR_116168.1	91.228	114	6	4	22	132	126	14	4.96e-37	152
2db83c94-0490-42fe-b38a-4f03fcfa7b44	NR_042878.1	92.233	103	4	4	22	121	105	4	8.29e-35	145
2db83c94-0490-42fe-b38a-4f03fcfa7b44	NR_118762.1	88.496	113	9	4	23	132	128	17	1.39e-32	137
2db83c94-0490-42fe-b38a-4f03fcfa7b44	NR_148279.1	89.286	112	8	4	24	132	111	1	1.39e-32	137
2db83c94-0490-42fe-b38a-4f03fcfa7b44	NR_165022.1	88.596	114	9	4	22	132	126	14	4.99e-32	135
22a919c3-d50e-4d11-aea8-209f5eeb3960	NR_028682.1	95.429	175	2	6	1	173	182	12	1.40e-73	274
22a919c3-d50e-4d11-aea8-209f5eeb3960	NR_025862.1	94.675	169	3	5	6	172	177	13	1.09e-69	261
22a919c3-d50e-4d11-aea8-209f5eeb3960	NR_025863.1	87.135	171	12	10	8	172	179	13	6.77e-47	185
22a919c3-d50e-4d11-aea8-209f5eeb3960	NR_025008.1	86.420	162	12	10	7	164	156	1	6.82e-42	169
22a919c3-d50e-4d11-aea8-209f5eeb3960	NR_112658.1	86.420	162	12	10	7	164	156	1	6.82e-42	169
0b27e5c3-145b-4eb1-8eb8-e6b568cc95b4	NR_043332.1	90.351	114	4	4	1	107	1340	1227	2.41e-34	143
0b27e5c3-145b-4eb1-8eb8-e6b568cc95b4	NR_074980.1	90.351	114	4	4	1	107	1367	1254	2.41e-34	143
0b27e5c3-145b-4eb1-8eb8-e6b568cc95b4	NR_113031.1	90.351	114	4	4	1	107	1367	1254	2.41e-34	143
0b27e5c3-145b-4eb1-8eb8-e6b568cc95b4	NR_041880.1	87.719	114	7	4	1	107	1296	1183	2.43e-29	126
0b27e5c3-145b-4eb1-8eb8-e6b568cc95b4	NR_025762.1	86.842	114	8	4	1	107	1318	1205	1.13e-27	121
144b3395-30a1-423b-a4b3-dddfcf4adf1f	NR_024842.1	94.492	236	9	3	8	242	240	8	1.53e-99	361
144b3395-30a1-423b-a4b3-dddfcf4adf1f	NR_115241.1	94.298	228	9	3	8	234	225	1	4.29e-95	346
144b3395-30a1-423b-a4b3-dddfcf4adf1f	NR_115735.1	93.607	219	9	4	8	224	216	1	7.24e-88	322
144b3395-30a1-423b-a4b3-dddfcf4adf1f	NR_117425.1	91.342	231	16	3	8	237	228	1	4.36e-85	313
144b3395-30a1-423b-a4b3-dddfcf4adf1f	NR_114413.1	90.638	235	20	2	8	242	248	16	1.57e-84	311
ee4a1261-aa10-4837-9912-a1ea3d9e2689	NR_044873.1	95.588	136	2	4	1	133	1083	949	6.35e-56	215
ee4a1261-aa10-4837-9912-a1ea3d9e2689	NR_074568.1	93.382	136	5	4	1	133	1093	959	6.39e-51	198
ee4a1261-aa10-4837-9912-a1ea3d9e2689	NR_109752.1	93.382	136	5	4	1	133	1104	970	6.39e-51	198
ee4a1261-aa10-4837-9912-a1ea3d9e2689	NR_044712.2	93.382	136	5	4	1	133	1102	968	6.39e-51	198
ee4a1261-aa10-4837-9912-a1ea3d9e2689	NR_178360.1	93.382	136	5	4	1	133	1060	926	6.39e-51	198
ba349150-f680-468e-9f9b-0078468e1521	NR_042928.1	93.578	218	6	7	1	215	213	1	8.52e-87	318
ba349150-f680-468e-9f9b-0078468e1521	NR_109720.1	92.925	212	9	4	1	209	209	1	2.38e-82	303
ba349150-f680-468e-9f9b-0078468e1521	NR_199547.1	96.739	184	2	2	1	181	193	11	2.38e-82	303
ba349150-f680-468e-9f9b-0078468e1521	NR_165747.1	92.202	218	9	7	1	215	213	1	8.58e-82	302
ba349150-f680-468e-9f9b-0078468e1521	NR_036936.1	91.284	218	13	5	1	215	215	1	1.44e-79	294
8c3834dd-40c9-4ba3-a01d-72bb41325fd8	NR_159079.1	93.532	201	5	5	1	194	1357	1158	4.39e-79	292
8c3834dd-40c9-4ba3-a01d-72bb41325fd8	NR_025144.1	93.069	202	4	6	1	194	1363	1164	2.04e-77	287
8c3834dd-40c9-4ba3-a01d-72bb41325fd8	NR_025891.1	93.035	201	6	5	1	194	1387	1188	2.04e-77	287
8c3834dd-40c9-4ba3-a01d-72bb41325fd8	NR_025892.1	93.035	201	6	5	1	194	1386	1187	2.04e-77	287
8c3834dd-40c9-4ba3-a01d-72bb41325fd8	NR_025902.1	93.035	201	6	5	1	194	1339	1140	2.04e-77	287
ba551cce-4467-4a6d-8b29-98a86f3ca242	NR_041880.1	93.333	105	3	3	1	101	798	902	3.64e-37	152
ba551cce-4467-4a6d-8b29-98a86f3ca242	NR_025762.1	93.333	105	3	3	1	101	820	924	3.64e-37	152
ba551cce-4467-4a6d-8b29-98a86f3ca242	NR_041879.1	93.333	105	3	3	1	101	799	903	3.64e-37	152
ba551cce-4467-4a6d-8b29-98a86f3ca242	NR_042940.1	93.333	105	3	3	1	101	754	858	3.64e-37	152
ba551cce-4467-4a6d-8b29-98a86f3ca242	NR_043332.1	93.333	105	3	3	1	101	842	946	3.64e-37	152
eb50ee9d-0651-43d8-9353-940561ad64d1	NR_116168.1	92.029	138	5	5	7	142	147	14	4.19e-48	189
eb50ee9d-0651-43d8-9353-940561ad64d1	NR_118762.1	88.489	139	10	5	7	143	150	16	1.52e-42	171
eb50ee9d-0651-43d8-9353-940561ad64d1	NR_024896.1	88.112	143	13	3	1	142	152	13	1.96e-41	167
eb50ee9d-0651-43d8-9353-940561ad64d1	NR_024897.1	88.112	143	13	3	1	142	152	13	1.96e-41	167
eb50ee9d-0651-43d8-9353-940561ad64d1	NR_024898.1	88.112	143	13	3	1	142	152	13	1.96e-41	167
27ade892-4120-4a15-90f1-f3a059dd7eab	NR_025892.1	95.082	183	2	5	16	192	200	19	9.50e-76	281
27ade892-4120-4a15-90f1-f3a059dd7eab	NR_117694.1	95.402	174	2	4	16	183	174	1	5.72e-73	272
27ade892-4120-4a15-90f1-f3a059dd7eab	NR_117717.1	91.257	183	9	5	16	192	195	14	4.49e-64	243
27ade892-4120-4a15-90f1-f3a059dd7eab	NR_121688.1	91.257	183	9	5	16	192	194	13	4.49e-64	243
27ade892-4120-4a15-90f1-f3a059dd7eab	NR_117701.1	91.954	174	8	4	16	183	174	1	5.80e-63	239
44d6929d-317b-440b-b30e-9f7ec23faa4c	NR_042776.1	96.757	185	4	2	66	249	1436	1253	2.15e-83	307
44d6929d-317b-440b-b30e-9f7ec23faa4c	NR_042777.1	96.757	185	4	2	66	249	1435	1252	2.15e-83	307
44d6929d-317b-440b-b30e-9f7ec23faa4c	NR_042778.1	96.216	185	5	2	66	249	1436	1253	9.98e-82	302
44d6929d-317b-440b-b30e-9f7ec23faa4c	NR_118998.1	96.216	185	5	2	66	249	1430	1247	9.98e-82	302
44d6929d-317b-440b-b30e-9f7ec23faa4c	NR_181981.1	96.216	185	5	2	66	249	1426	1243	9.98e-82	302
9c777f83-09c7-4624-a39d-54695922df41	NR_074568.1	97.561	123	2	1	1	122	135	13	2.69e-54	209
9c777f83-09c7-4624-a39d-54695922df41	NR_044712.2	97.561	123	2	1	1	122	144	22	2.69e-54	209
9c777f83-09c7-4624-a39d-54695922df41	NR_044873.1	96.748	123	3	1	1	122	124	2	1.25e-52	204
9c777f83-09c7-4624-a39d-54695922df41	NR_179993.1	95.968	124	4	1	1	123	135	12	1.62e-51	200
9c777f83-09c7-4624-a39d-54695922df41	NR_109752.1	95.935	123	4	1	1	122	145	23	5.82e-51	198
58a3b8d9-2673-49de-9b0b-096a6262177f	NR_044873.1	92.647	204	8	7	2	201	1197	997	2.13e-77	287
58a3b8d9-2673-49de-9b0b-096a6262177f	NR_025310.1	92.157	204	9	7	2	201	1187	987	9.89e-76	281
58a3b8d9-2673-49de-9b0b-096a6262177f	NR_074568.1	92.157	204	9	7	2	201	1207	1007	9.89e-76	281
58a3b8d9-2673-49de-9b0b-096a6262177f	NR_109752.1	92.157	204	9	7	2	201	1218	1018	9.89e-76	281
58a3b8d9-2673-49de-9b0b-096a6262177f	NR_044712.2	92.157	204	9	7	2	201	1216	1016	9.89e-76	281
dc0026ba-8e84-465d-8e87-4a9a9eef6a68	NR_026419.1	95.652	207	5	3	1	203	1234	1028	3.52e-90	329
dc0026ba-8e84-465d-8e87-4a9a9eef6a68	NR_036920.1	93.720	207	9	3	1	203	1239	1033	1.65e-83	307
dc0026ba-8e84-465d-8e87-4a9a9eef6a68	NR_133752.1	93.720	207	9	3	1	203	1171	965	1.65e-83	307
dc0026ba-8e84-465d-8e87-4a9a9eef6a68	NR_133753.1	93.720	207	9	3	1	203	1200	994	1.65e-83	307
dc0026ba-8e84-465d-8e87-4a9a9eef6a68	NR_025904.1	93.720	207	9	3	1	203	1245	1039	1.65e-83	307
42189cf2-d35e-4568-8eb2-ad40f5d29289	NR_145857.1	96.825	63	2	0	5	67	1384	1446	1.80e-23	106
42189cf2-d35e-4568-8eb2-ad40f5d29289	NR_178796.1	95.385	65	3	0	3	67	1408	1472	6.46e-23	104
42189cf2-d35e-4568-8eb2-ad40f5d29289	NR_178939.1	95.385	65	3	0	3	67	1409	1473	6.46e-23	104
42189cf2-d35e-4568-8eb2-ad40f5d29289	NR_116716.1	95.385	65	2	1	3	67	1334	1397	2.32e-22	102
42189cf2-d35e-4568-8eb2-ad40f5d29289	NR_152030.1	95.385	65	2	1	3	67	1361	1424	2.32e-22	102
454d0d49-a3c6-4648-9d7b-dfaa768de038	NR_027191.1	98.387	248	2	1	13	258	1197	1444	9.64e-122	435
454d0d49-a3c6-4648-9d7b-dfaa768de038	NR_027203.1	97.590	249	3	2	13	258	1214	1462	2.09e-118	424
454d0d49-a3c6-4648-9d7b-dfaa768de038	NR_024712.1	97.581	248	3	2	13	258	1214	1460	7.50e-118	422
454d0d49-a3c6-4648-9d7b-dfaa768de038	NR_028608.1	96.774	248	6	1	13	258	1208	1455	4.51e-115	412
454d0d49-a3c6-4648-9d7b-dfaa768de038	NR_036995.1	96.774	248	6	1	13	258	1225	1472	4.51e-115	412
60886238-da5b-4b32-9c92-98b7bab651ff	NR_024841.1	99.231	130	1	0	1	130	1128	999	4.83e-62	235
60886238-da5b-4b32-9c92-98b7bab651ff	NR_036936.1	100.000	127	0	0	1	127	1114	988	4.83e-62	235
60886238-da5b-4b32-9c92-98b7bab651ff	NR_028664.1	99.231	130	1	0	1	130	1135	1006	4.83e-62	235
60886238-da5b-4b32-9c92-98b7bab651ff	NR_028665.1	99.231	130	1	0	1	130	1129	1000	4.83e-62	235
60886238-da5b-4b32-9c92-98b7bab651ff	NR_042927.1	99.231	130	1	0	1	130	1114	985	4.83e-62	235
0d6e13ac-36a0-4859-a5f8-cfcc699f3239	NR_042776.1	96.730	1101	18	17	11	1102	1109	18	0.0	1818
0d6e13ac-36a0-4859-a5f8-cfcc699f3239	NR_042778.1	96.549	1101	20	17	11	1102	1109	18	0.0	1807
0d6e13ac-36a0-4859-a5f8-cfcc699f3239	NR_042777.1	96.458	1101	20	18	11	1102	1108	18	0.0	1799
0d6e13ac-36a0-4859-a5f8-cfcc699f3239	NR_197695.1	96.094	1101	25	17	11	1102	1108	17	0.0	1779
0d6e13ac-36a0-4859-a5f8-cfcc699f3239	NR_118998.1	95.822	1101	27	18	11	1102	1103	13	0.0	1762
363fcaa6-49fb-4102-8d35-d0f5d472b00d	NR_117694.1	93.759	689	27	15	1	676	686	1	0.0	1020
363fcaa6-49fb-4102-8d35-d0f5d472b00d	NR_117717.1	92.950	695	35	12	1	683	707	15	0.0	1000
363fcaa6-49fb-4102-8d35-d0f5d472b00d	NR_121688.1	92.806	695	36	12	1	683	706	14	0.0	994
363fcaa6-49fb-4102-8d35-d0f5d472b00d	NR_041989.1	94.737	646	20	13	1	634	644	1	0.0	992
363fcaa6-49fb-4102-8d35-d0f5d472b00d	NR_117701.1	92.878	688	35	12	1	676	686	1	0.0	987
4a2334af-369a-43a5-9e9c-a62d6df5e98d	NR_163639.1	95.512	1515	30	33	1	1490	1505	4	0.0	2386
4a2334af-369a-43a5-9e9c-a62d6df5e98d	NR_115355.1	95.661	1498	34	26	1	1475	1490	1	0.0	2381
4a2334af-369a-43a5-9e9c-a62d6df5e98d	NR_119169.1	95.476	1503	37	26	1	1480	1495	1	0.0	2377
4a2334af-369a-43a5-9e9c-a62d6df5e98d	NR_074980.1	94.977	1513	44	27	1	1489	1517	13	0.0	2344
4a2334af-369a-43a5-9e9c-a62d6df5e98d	NR_113031.1	94.977	1513	44	27	1	1489	1517	13	0.0	2344
daf827d2-8c6d-444b-8bca-ee5fbd2e5dcf	NR_115735.1	95.113	1371	40	20	1	1349	89	1454	0.0	2135
daf827d2-8c6d-444b-8bca-ee5fbd2e5dcf	NR_024842.1	94.967	1371	42	20	1	1349	113	1478	0.0	2128
daf827d2-8c6d-444b-8bca-ee5fbd2e5dcf	NR_115241.1	94.894	1371	43	20	1	1349	98	1463	0.0	2122
daf827d2-8c6d-444b-8bca-ee5fbd2e5dcf	NR_165737.1	94.602	1371	48	21	1	1349	98	1464	0.0	2098
daf827d2-8c6d-444b-8bca-ee5fbd2e5dcf	NR_109720.1	94.432	1365	48	22	1	1342	92	1451	0.0	2074
79d5bf34-223a-4313-b389-02370aae4bc1	NR_042776.1	91.241	411	20	12	11	409	425	19	6.90e-155	545
79d5bf34-223a-4313-b389-02370aae4bc1	NR_042778.1	90.998	411	21	12	11	409	425	19	3.21e-153	540
79d5bf34-223a-4313-b389-02370aae4bc1	NR_042777.1	90.754	411	22	12	11	409	425	19	1.49e-151	534
79d5bf34-223a-4313-b389-02370aae4bc1	NR_197695.1	90.511	411	23	12	11	409	424	18	6.95e-150	529
79d5bf34-223a-4313-b389-02370aae4bc1	NR_118998.1	90.024	411	25	13	11	409	420	14	4.18e-147	520
59e83bf0-9193-446f-9a4d-dde4d0079c5a	NR_024842.1	98.800	500	3	3	1	499	995	1492	0.0	887
59e83bf0-9193-446f-9a4d-dde4d0079c5a	NR_115735.1	98.790	496	3	3	1	495	971	1464	0.0	880
59e83bf0-9193-446f-9a4d-dde4d0079c5a	NR_028664.1	98.400	500	6	2	1	499	1001	1499	0.0	878
59e83bf0-9193-446f-9a4d-dde4d0079c5a	NR_117719.1	98.000	500	8	2	1	499	998	1496	0.0	867
59e83bf0-9193-446f-9a4d-dde4d0079c5a	NR_152678.1	98.000	500	8	2	1	499	1000	1498	0.0	867
58d7b54f-2fe9-4928-96eb-2272e25cd1fb	NR_028664.1	94.247	365	12	8	4	363	378	18	4.77e-156	549
58d7b54f-2fe9-4928-96eb-2272e25cd1fb	NR_179385.1	93.973	365	13	8	4	363	379	19	2.22e-154	544
58d7b54f-2fe9-4928-96eb-2272e25cd1fb	NR_115240.1	94.150	359	12	8	4	357	355	1	1.03e-152	538
58d7b54f-2fe9-4928-96eb-2272e25cd1fb	NR_165741.1	93.699	365	14	8	4	363	364	4	1.03e-152	538
58d7b54f-2fe9-4928-96eb-2272e25cd1fb	NR_179383.1	93.699	365	14	8	4	363	382	22	1.03e-152	538
fe94e0fd-513f-4658-b12f-d7422d8b97ac	NR_024842.1	95.035	1410	36	29	1	1393	1400	8	0.0	2189
fe94e0fd-513f-4658-b12f-d7422d8b97ac	NR_115241.1	95.007	1402	36	29	1	1385	1385	1	0.0	2174
fe94e0fd-513f-4658-b12f-d7422d8b97ac	NR_115735.1	95.118	1393	34	29	1	1376	1376	1	0.0	2165
fe94e0fd-513f-4658-b12f-d7422d8b97ac	NR_178515.1	94.440	1403	42	31	1	1385	1385	1	0.0	2126
fe94e0fd-513f-4658-b12f-d7422d8b97ac	NR_165737.1	94.227	1403	45	31	1	1385	1385	1	0.0	2109
ac948675-66da-46c8-8375-738fcaf5715f	NR_042776.1	92.984	1354	43	41	1	1312	1361	18	0.0	1927
ac948675-66da-46c8-8375-738fcaf5715f	NR_042778.1	92.762	1354	46	41	1	1312	1361	18	0.0	1910
ac948675-66da-46c8-8375-738fcaf5715f	NR_042777.1	92.762	1354	45	42	1	1312	1360	18	0.0	1908
ac948675-66da-46c8-8375-738fcaf5715f	NR_197695.1	92.541	1354	49	41	1	1312	1360	17	0.0	1893
ac948675-66da-46c8-8375-738fcaf5715f	NR_118998.1	92.313	1353	53	42	1	1312	1355	13	0.0	1877
a90a800e-9269-4a2b-a306-9f6973abebbf	NR_041989.1	94.363	479	12	12	1	466	1109	633	0.0	721
a90a800e-9269-4a2b-a306-9f6973abebbf	NR_117694.1	94.154	479	13	12	1	466	1151	675	0.0	715
a90a800e-9269-4a2b-a306-9f6973abebbf	NR_178369.1	93.946	479	14	12	1	466	1122	646	0.0	710
a90a800e-9269-4a2b-a306-9f6973abebbf	NR_025892.1	93.528	479	16	12	1	466	1176	700	0.0	704
a90a800e-9269-4a2b-a306-9f6973abebbf	NR_028900.1	93.737	479	15	11	1	466	1109	633	0.0	704
e56f0096-50ba-4cfa-b358-0a965e79327d	NR_165747.1	89.954	438	26	15	1	431	427	1	5.72e-156	549
e56f0096-50ba-4cfa-b358-0a965e79327d	NR_042928.1	89.749	439	25	16	1	431	427	1	2.66e-154	544
e56f0096-50ba-4cfa-b358-0a965e79327d	NR_179383.1	89.238	446	30	15	1	439	454	20	9.58e-154	542
e56f0096-50ba-4cfa-b358-0a965e79327d	NR_028664.1	89.013	446	31	15	1	439	450	16	4.46e-152	536
e56f0096-50ba-4cfa-b358-0a965e79327d	NR_117719.1	89.038	447	29	16	1	439	447	13	4.46e-152	536
f337d5c9-1e28-4013-b341-568afe0ca706	NR_042776.1	91.504	718	23	24	1	688	727	18	0.0	953
f337d5c9-1e28-4013-b341-568afe0ca706	NR_042778.1	91.226	718	25	24	1	688	727	18	0.0	942
f337d5c9-1e28-4013-b341-568afe0ca706	NR_042777.1	91.086	718	25	25	1	688	726	18	0.0	935
f337d5c9-1e28-4013-b341-568afe0ca706	NR_197695.1	90.947	718	27	25	1	688	726	17	0.0	931
f337d5c9-1e28-4013-b341-568afe0ca706	NR_118998.1	90.529	718	30	24	1	688	722	13	0.0	917
e7087d4e-2b24-41c0-b0d1-fa6acc22d694	NR_024842.1	91.385	1451	70	41	9	1434	72	1492	0.0	1940
e7087d4e-2b24-41c0-b0d1-fa6acc22d694	NR_115735.1	91.795	1426	66	38	26	1430	69	1464	0.0	1938
e7087d4e-2b24-41c0-b0d1-fa6acc22d694	NR_115241.1	91.274	1444	71	41	9	1427	57	1470	0.0	1921
e7087d4e-2b24-41c0-b0d1-fa6acc22d694	NR_165737.1	90.727	1445	78	42	9	1427	57	1471	0.0	1875
e7087d4e-2b24-41c0-b0d1-fa6acc22d694	NR_036936.1	90.590	1424	82	39	26	1427	78	1471	0.0	1840
65916d23-3360-4232-925f-8c12beebcdca	NR_042776.1	94.039	671	22	14	7	667	777	115	0.0	1002
65916d23-3360-4232-925f-8c12beebcdca	NR_042778.1	93.741	671	24	14	7	667	777	115	0.0	990
65916d23-3360-4232-925f-8c12beebcdca	NR_197695.1	93.592	671	25	13	7	667	776	114	0.0	985
65916d23-3360-4232-925f-8c12beebcdca	NR_042777.1	93.592	671	24	15	7	667	776	115	0.0	983
65916d23-3360-4232-925f-8c12beebcdca	NR_118998.1	93.145	671	28	14	7	667	772	110	0.0	970
ea160a51-7e7d-4936-9f71-358d99bd84e9	NR_115355.1	96.799	1406	20	21	1	1396	1391	1	0.0	2327
ea160a51-7e7d-4936-9f71-358d99bd84e9	NR_163639.1	96.484	1422	21	25	1	1412	1406	4	0.0	2322
ea160a51-7e7d-4936-9f71-358d99bd84e9	NR_119169.1	96.525	1410	24	21	1	1400	1396	2	0.0	2316
ea160a51-7e7d-4936-9f71-358d99bd84e9	NR_179325.1	97.097	1378	17	19	1	1368	1365	1	0.0	2302
ea160a51-7e7d-4936-9f71-358d99bd84e9	NR_074980.1	95.989	1421	32	21	1	1411	1418	13	0.0	2285
d5070a1b-bad2-4596-8eeb-302be61e9ebb	NR_179325.1	87.854	741	43	30	1	708	729	1455	0.0	826
d5070a1b-bad2-4596-8eeb-302be61e9ebb	NR_115354.1	87.584	741	45	30	1	708	755	1481	0.0	817
d5070a1b-bad2-4596-8eeb-302be61e9ebb	NR_115355.1	87.584	741	45	30	1	708	755	1481	0.0	815
d5070a1b-bad2-4596-8eeb-302be61e9ebb	NR_163639.1	87.568	740	45	30	1	708	772	1496	0.0	813
d5070a1b-bad2-4596-8eeb-302be61e9ebb	NR_119170.1	87.314	741	47	30	1	708	760	1486	0.0	808
908a1074-f3c4-473e-9d71-4318490c17d6	NR_026419.1	91.167	1483	66	49	1	1441	1460	1	0.0	1953
908a1074-f3c4-473e-9d71-4318490c17d6	NR_025903.1	89.966	1485	83	50	2	1444	1471	11	0.0	1857
908a1074-f3c4-473e-9d71-4318490c17d6	NR_025904.1	89.509	1487	86	54	2	1444	1470	10	0.0	1818
908a1074-f3c4-473e-9d71-4318490c17d6	NR_133753.1	89.862	1450	81	50	1	1408	1426	1	0.0	1803
908a1074-f3c4-473e-9d71-4318490c17d6	NR_133752.1	89.585	1421	82	50	1	1379	1397	1	0.0	1744
b0c509a7-141e-4d89-b86c-7f260e62fd95	NR_133752.1	94.845	194	6	2	21	213	170	360	2.95e-81	300
b0c509a7-141e-4d89-b86c-7f260e62fd95	NR_133753.1	94.845	194	6	2	21	213	199	389	2.95e-81	300
b0c509a7-141e-4d89-b86c-7f260e62fd95	NR_026419.1	94.845	194	6	2	21	213	233	423	2.95e-81	300
b0c509a7-141e-4d89-b86c-7f260e62fd95	NR_025903.1	94.845	194	6	2	21	213	245	435	2.95e-81	300
b0c509a7-141e-4d89-b86c-7f260e62fd95	NR_025904.1	94.330	194	7	2	21	213	244	434	1.37e-79	294
b248bc51-4a0e-4959-bdd4-b4638353e13e	NR_028664.1	96.368	881	17	11	1	876	626	1496	0.0	1435
b248bc51-4a0e-4959-bdd4-b4638353e13e	NR_117719.1	96.368	881	17	11	1	876	623	1493	0.0	1435
b248bc51-4a0e-4959-bdd4-b4638353e13e	NR_179383.1	96.254	881	18	11	1	876	630	1500	0.0	1430
b248bc51-4a0e-4959-bdd4-b4638353e13e	NR_115240.1	96.351	877	17	11	1	872	603	1469	0.0	1428
b248bc51-4a0e-4959-bdd4-b4638353e13e	NR_175455.1	96.145	882	18	12	1	876	611	1482	0.0	1426
9a27c63f-f1f5-4608-8a7d-a21eda2bdc92	NR_042776.1	92.776	263	9	7	1	254	279	18	7.47e-103	372
9a27c63f-f1f5-4608-8a7d-a21eda2bdc92	NR_042777.1	92.776	263	9	7	1	254	279	18	7.47e-103	372
9a27c63f-f1f5-4608-8a7d-a21eda2bdc92	NR_042778.1	92.395	263	10	7	1	254	279	18	3.48e-101	366
9a27c63f-f1f5-4608-8a7d-a21eda2bdc92	NR_197695.1	91.635	263	12	7	1	254	278	17	7.52e-98	355
9a27c63f-f1f5-4608-8a7d-a21eda2bdc92	NR_118998.1	91.255	263	13	7	1	254	274	13	9.73e-97	351
f4800501-1ea3-4e1a-89c0-b7ac2909b85d	NR_117694.1	92.250	1342	67	30	4	1324	1326	1	0.0	1868
f4800501-1ea3-4e1a-89c0-b7ac2909b85d	NR_041989.1	92.835	1298	61	25	4	1283	1284	1	0.0	1853
f4800501-1ea3-4e1a-89c0-b7ac2909b85d	NR_117692.1	91.573	1341	78	28	4	1324	1326	1	0.0	1818
f4800501-1ea3-4e1a-89c0-b7ac2909b85d	NR_117717.1	91.098	1348	85	28	4	1331	1346	14	0.0	1792
f4800501-1ea3-4e1a-89c0-b7ac2909b85d	NR_117701.1	91.119	1340	86	26	4	1324	1326	1	0.0	1784
22eb4d51-a500-4f45-bcbe-43b5886bc4f4	NR_102895.1	95.691	998	20	16	8	989	1011	21	0.0	1583
22eb4d51-a500-4f45-bcbe-43b5886bc4f4	NR_113113.1	95.591	998	21	16	8	989	991	1	0.0	1578
22eb4d51-a500-4f45-bcbe-43b5886bc4f4	NR_042843.1	95.556	990	21	16	8	981	983	1	0.0	1565
22eb4d51-a500-4f45-bcbe-43b5886bc4f4	NR_114305.1	94.529	987	31	16	19	989	992	13	0.0	1502
22eb4d51-a500-4f45-bcbe-43b5886bc4f4	NR_116726.1	94.484	979	31	16	19	981	972	1	0.0	1487
7821c331-8ac5-4e6a-a32b-51a404097107	NR_042776.1	96.734	796	18	7	1	792	999	208	0.0	1319
7821c331-8ac5-4e6a-a32b-51a404097107	NR_042777.1	96.608	796	18	7	1	792	998	208	0.0	1312
7821c331-8ac5-4e6a-a32b-51a404097107	NR_042778.1	96.482	796	20	7	1	792	999	208	0.0	1308
7821c331-8ac5-4e6a-a32b-51a404097107	NR_197695.1	96.482	796	20	7	1	792	998	207	0.0	1308
7821c331-8ac5-4e6a-a32b-51a404097107	NR_118998.1	95.603	796	26	8	1	792	993	203	0.0	1267
e55498a7-2438-4546-90eb-e148a8c13f54	NR_136788.1	97.759	1294	18	11	7	1293	187	1476	0.0	2218
e55498a7-2438-4546-90eb-e148a8c13f54	NR_026230.1	94.668	1294	56	13	8	1293	166	1454	0.0	2001
e55498a7-2438-4546-90eb-e148a8c13f54	NR_113082.1	95.124	1251	50	11	1	1243	181	1428	0.0	1962
e55498a7-2438-4546-90eb-e148a8c13f54	NR_074140.1	89.204	1269	121	16	34	1293	180	1441	0.0	1570
e55498a7-2438-4546-90eb-e148a8c13f54	NR_113125.1	89.204	1269	121	16	34	1293	210	1471	0.0	1570
c7a14abd-238f-42cc-8f5a-0ae19bcbb711	NR_028682.1	94.677	263	7	5	1	256	1483	1221	9.61e-112	401
c7a14abd-238f-42cc-8f5a-0ae19bcbb711	NR_024817.1	93.511	262	11	4	1	256	1465	1204	2.69e-107	387
c7a14abd-238f-42cc-8f5a-0ae19bcbb711	NR_025435.1	92.803	264	10	7	1	256	1480	1218	2.09e-103	374
c7a14abd-238f-42cc-8f5a-0ae19bcbb711	NR_042357.1	92.748	262	13	4	1	256	1450	1189	2.09e-103	374
c7a14abd-238f-42cc-8f5a-0ae19bcbb711	NR_116890.1	92.366	262	14	4	1	256	1470	1209	9.75e-102	368
c5278a22-0dd4-4e72-98fb-ab7e57d5d4ba	NR_042776.1	94.771	459	18	5	1	455	1043	1499	0.0	710
c5278a22-0dd4-4e72-98fb-ab7e57d5d4ba	NR_042777.1	94.771	459	18	5	1	455	1042	1498	0.0	710
c5278a22-0dd4-4e72-98fb-ab7e57d5d4ba	NR_042778.1	94.336	459	20	5	1	455	1043	1499	0.0	699
c5278a22-0dd4-4e72-98fb-ab7e57d5d4ba	NR_118998.1	94.336	459	20	5	1	455	1037	1493	0.0	699
c5278a22-0dd4-4e72-98fb-ab7e57d5d4ba	NR_197695.1	94.336	459	20	5	1	455	1042	1498	0.0	699
fec74890-b3b3-4ba6-bb54-e3d29d34634c	NR_044873.1	97.093	1204	16	14	39	1226	267	1467	0.0	2012
fec74890-b3b3-4ba6-bb54-e3d29d34634c	NR_074568.1	95.519	1205	32	16	39	1227	278	1476	0.0	1906
fec74890-b3b3-4ba6-bb54-e3d29d34634c	NR_109752.1	95.357	1206	34	16	39	1227	289	1489	0.0	1897
fec74890-b3b3-4ba6-bb54-e3d29d34634c	NR_025310.1	95.278	1207	33	18	39	1227	258	1458	0.0	1892
fec74890-b3b3-4ba6-bb54-e3d29d34634c	NR_043968.1	95.191	1206	34	18	39	1227	236	1434	0.0	1884
82089aef-8f70-4155-b57e-c4e50ee0494c	NR_115355.1	97.222	1260	16	17	1	1247	232	1485	0.0	2115
82089aef-8f70-4155-b57e-c4e50ee0494c	NR_179325.1	97.222	1260	16	17	1	1247	206	1459	0.0	2115
82089aef-8f70-4155-b57e-c4e50ee0494c	NR_119169.1	96.905	1260	20	17	1	1247	237	1490	0.0	2098
82089aef-8f70-4155-b57e-c4e50ee0494c	NR_163639.1	96.828	1261	15	23	1	1247	251	1500	0.0	2084
82089aef-8f70-4155-b57e-c4e50ee0494c	NR_113570.1	96.590	1261	23	18	1	1247	239	1493	0.0	2073
236fe432-0905-4400-bcfa-3fc2efd6279f	NR_117694.1	94.900	1353	38	21	1	1334	1341	1	0.0	2087
236fe432-0905-4400-bcfa-3fc2efd6279f	NR_041989.1	95.646	1309	30	17	1	1292	1299	1	0.0	2076
236fe432-0905-4400-bcfa-3fc2efd6279f	NR_117717.1	94.004	1351	53	19	1	1334	1361	22	0.0	2021
236fe432-0905-4400-bcfa-3fc2efd6279f	NR_117701.1	93.930	1351	55	18	1	1334	1341	1	0.0	2015
236fe432-0905-4400-bcfa-3fc2efd6279f	NR_112833.1	86.538	1352	139	36	6	1334	1332	1	0.0	1448
8137afba-36fc-4e2f-928d-72b95042e5c3	NR_025903.1	90.909	341	17	12	1	331	1160	1496	5.79e-125	446
8137afba-36fc-4e2f-928d-72b95042e5c3	NR_025904.1	90.029	341	20	12	1	331	1159	1495	5.83e-120	429
8137afba-36fc-4e2f-928d-72b95042e5c3	NR_026419.1	89.443	341	23	11	1	331	1148	1485	1.26e-116	418
8137afba-36fc-4e2f-928d-72b95042e5c3	NR_133752.1	90.823	316	16	10	1	306	1085	1397	2.11e-114	411
8137afba-36fc-4e2f-928d-72b95042e5c3	NR_133753.1	90.823	316	16	10	1	306	1114	1426	2.11e-114	411
34cb831b-8322-4818-8c6f-6de35a575bdd	NR_116168.1	93.706	572	18	14	1	558	586	19	0.0	841
34cb831b-8322-4818-8c6f-6de35a575bdd	NR_042878.1	93.440	564	19	14	1	550	565	6	0.0	830
34cb831b-8322-4818-8c6f-6de35a575bdd	NR_118762.1	91.222	581	30	17	1	566	589	15	0.0	791
34cb831b-8322-4818-8c6f-6de35a575bdd	NR_025423.1	91.404	570	29	16	5	558	566	1	0.0	763
34cb831b-8322-4818-8c6f-6de35a575bdd	NR_118143.1	90.459	566	34	16	1	550	567	6	0.0	730
4c9ed87b-3ae6-4df1-9ea2-656a0c30758c	NR_118937.1	90.547	402	23	12	1	390	1062	664	8.53e-149	525
4c9ed87b-3ae6-4df1-9ea2-656a0c30758c	NR_118998.1	89.776	401	28	11	1	390	1159	761	1.44e-141	501
4c9ed87b-3ae6-4df1-9ea2-656a0c30758c	NR_119003.1	89.750	400	27	12	1	388	1163	766	5.17e-141	499
4c9ed87b-3ae6-4df1-9ea2-656a0c30758c	NR_040789.1	89.500	400	28	13	1	390	1167	772	2.41e-139	494
4c9ed87b-3ae6-4df1-9ea2-656a0c30758c	NR_118941.1	88.250	400	36	9	1	390	1062	664	8.65e-139	492
939b16b7-61a6-4378-92fa-4cccce32efb1	NR_042776.1	96.304	460	6	7	1	451	1042	1499	0.0	745
939b16b7-61a6-4378-92fa-4cccce32efb1	NR_042777.1	96.304	460	6	7	1	451	1041	1498	0.0	745
939b16b7-61a6-4378-92fa-4cccce32efb1	NR_042052.1	95.870	460	8	7	1	451	940	1397	0.0	734
939b16b7-61a6-4378-92fa-4cccce32efb1	NR_042778.1	95.870	460	8	7	1	451	1042	1499	0.0	734
939b16b7-61a6-4378-92fa-4cccce32efb1	NR_114642.1	95.870	460	8	7	1	451	999	1456	0.0	734
3105596e-3b16-479d-bd9e-c641a0667c0a	NR_118941.1	83.884	484	45	24	1	462	1024	552	4.94e-127	453
3105596e-3b16-479d-bd9e-c641a0667c0a	NR_118998.1	84.298	484	43	27	1	462	1121	649	1.07e-123	442
3105596e-3b16-479d-bd9e-c641a0667c0a	NR_040789.1	84.298	484	40	31	1	462	1129	660	3.84e-123	440
3105596e-3b16-479d-bd9e-c641a0667c0a	NR_118918.1	84.058	483	44	27	1	462	947	477	1.38e-122	438
3105596e-3b16-479d-bd9e-c641a0667c0a	NR_118937.1	83.811	488	44	27	1	465	1024	549	1.38e-122	438
3d0a2429-f390-4d31-9364-3a1381dddc07	NR_115735.1	93.728	1435	49	32	1	1403	39	1464	0.0	2113
3d0a2429-f390-4d31-9364-3a1381dddc07	NR_024842.1	93.654	1434	51	31	1	1403	64	1488	0.0	2111
3d0a2429-f390-4d31-9364-3a1381dddc07	NR_115241.1	93.711	1431	50	31	1	1400	49	1470	0.0	2109
3d0a2429-f390-4d31-9364-3a1381dddc07	NR_165737.1	93.636	1430	54	30	1	1400	49	1471	0.0	2102
3d0a2429-f390-4d31-9364-3a1381dddc07	NR_036936.1	93.140	1414	56	32	19	1400	67	1471	0.0	2036
f52d2471-5df2-444f-b70f-a61a8d6dd318	NR_042928.1	90.435	1035	56	33	1	1008	1019	1	0.0	1323
f52d2471-5df2-444f-b70f-a61a8d6dd318	NR_165747.1	90.357	1037	55	35	1	1008	1021	1	0.0	1319
f52d2471-5df2-444f-b70f-a61a8d6dd318	NR_199545.1	90.164	1037	59	33	1	1010	1039	19	0.0	1310
f52d2471-5df2-444f-b70f-a61a8d6dd318	NR_028664.1	90.068	1037	60	33	1	1010	1042	22	0.0	1304
f52d2471-5df2-444f-b70f-a61a8d6dd318	NR_117719.1	90.068	1037	60	33	1	1010	1039	19	0.0	1304
76137c88-5c0a-463b-93d2-1cbaef930e63	NR_115355.1	92.296	1363	48	50	1	1328	1341	1	0.0	1886
76137c88-5c0a-463b-93d2-1cbaef930e63	NR_163639.1	92.096	1379	48	53	1	1344	1356	4	0.0	1886
76137c88-5c0a-463b-93d2-1cbaef930e63	NR_119169.1	92.167	1366	50	50	1	1331	1346	3	0.0	1884
76137c88-5c0a-463b-93d2-1cbaef930e63	NR_074980.1	91.945	1378	54	51	1	1343	1368	13	0.0	1877
76137c88-5c0a-463b-93d2-1cbaef930e63	NR_113031.1	91.945	1378	54	51	1	1343	1368	13	0.0	1877
ec964706-04a8-479e-b962-a59cd5e7c0a7	NR_179325.1	93.402	485	19	11	9	486	1307	829	0.0	706
ec964706-04a8-479e-b962-a59cd5e7c0a7	NR_041879.1	93.196	485	21	10	9	486	1291	812	0.0	702
ec964706-04a8-479e-b962-a59cd5e7c0a7	NR_041880.1	93.196	485	20	11	9	486	1289	811	0.0	701
ec964706-04a8-479e-b962-a59cd5e7c0a7	NR_115354.1	92.990	485	21	11	9	486	1333	855	0.0	697
ec964706-04a8-479e-b962-a59cd5e7c0a7	NR_115355.1	92.990	485	21	11	9	486	1333	855	0.0	695
0d6410d9-8981-449a-bf66-f7fdb0b6aa2d	NR_116168.1	88.603	544	29	18	1	528	540	14	2.42e-180	630
0d6410d9-8981-449a-bf66-f7fdb0b6aa2d	NR_042878.1	88.060	536	31	18	1	520	519	1	8.77e-175	612
0d6410d9-8981-449a-bf66-f7fdb0b6aa2d	NR_118762.1	86.606	545	40	21	1	529	543	16	3.18e-169	593
0d6410d9-8981-449a-bf66-f7fdb0b6aa2d	NR_025423.1	86.667	540	39	21	1	523	524	1	1.93e-161	568
0d6410d9-8981-449a-bf66-f7fdb0b6aa2d	NR_118143.1	85.634	536	46	17	1	520	521	1	5.43e-152	536
a8fd4b90-03d2-43ba-9d68-7b20e31a50ee	NR_113570.1	93.664	868	31	23	1	859	638	1490	0.0	1277
a8fd4b90-03d2-43ba-9d68-7b20e31a50ee	NR_043332.1	93.541	867	33	22	1	859	631	1482	0.0	1273
a8fd4b90-03d2-43ba-9d68-7b20e31a50ee	NR_074980.1	93.541	867	33	22	1	859	658	1509	0.0	1269
a8fd4b90-03d2-43ba-9d68-7b20e31a50ee	NR_115355.1	93.627	863	34	20	4	859	634	1482	0.0	1269
a8fd4b90-03d2-43ba-9d68-7b20e31a50ee	NR_044091.1	93.966	812	27	21	1	804	545	1342	0.0	1208
2a5b9c8e-d725-4ab4-9137-33fbc57d3106	NR_115355.1	96.176	1229	18	22	1	1217	1212	1	0.0	1986
2a5b9c8e-d725-4ab4-9137-33fbc57d3106	NR_119169.1	95.948	1234	21	22	1	1222	1217	1	0.0	1982
2a5b9c8e-d725-4ab4-9137-33fbc57d3106	NR_163639.1	95.827	1246	17	28	1	1233	1227	4	0.0	1980
2a5b9c8e-d725-4ab4-9137-33fbc57d3106	NR_074980.1	95.579	1244	26	22	1	1232	1239	13	0.0	1965
2a5b9c8e-d725-4ab4-9137-33fbc57d3106	NR_113031.1	95.579	1244	26	22	1	1232	1239	13	0.0	1965
257d55b7-0c46-4de8-97c4-c2688ef3f295	NR_179540.1	87.173	803	39	45	1	748	1403	610	0.0	854
257d55b7-0c46-4de8-97c4-c2688ef3f295	NR_116206.1	87.049	803	40	45	1	748	1308	515	0.0	850
257d55b7-0c46-4de8-97c4-c2688ef3f295	NR_028665.1	87.049	803	40	46	1	748	1400	607	0.0	848
257d55b7-0c46-4de8-97c4-c2688ef3f295	NR_042927.1	87.049	803	40	45	1	748	1385	592	0.0	848
257d55b7-0c46-4de8-97c4-c2688ef3f295	NR_042928.1	87.049	803	40	45	1	748	1383	590	0.0	848
29097ee1-d78a-49de-8fef-fc83facddf00	NR_042776.1	94.162	1456	44	34	7	1437	1457	18	0.0	2180
29097ee1-d78a-49de-8fef-fc83facddf00	NR_042777.1	94.089	1455	46	34	7	1437	1456	18	0.0	2174
29097ee1-d78a-49de-8fef-fc83facddf00	NR_042778.1	93.956	1456	47	34	7	1437	1457	18	0.0	2163
29097ee1-d78a-49de-8fef-fc83facddf00	NR_197695.1	93.673	1454	51	34	9	1437	1454	17	0.0	2137
29097ee1-d78a-49de-8fef-fc83facddf00	NR_118998.1	93.269	1456	56	35	7	1437	1451	13	0.0	2109
9f5b1271-b62a-42af-bdf4-ab65594c0225	NR_044873.1	89.000	600	49	16	6	593	732	138	0.0	726
9f5b1271-b62a-42af-bdf4-ab65594c0225	NR_074568.1	86.644	599	64	15	6	593	742	149	0.0	649
9f5b1271-b62a-42af-bdf4-ab65594c0225	NR_044712.2	86.144	599	67	15	6	593	751	158	0.0	638
9f5b1271-b62a-42af-bdf4-ab65594c0225	NR_178360.1	86.333	600	65	16	6	593	709	115	0.0	638
9f5b1271-b62a-42af-bdf4-ab65594c0225	NR_024785.1	86.311	599	65	16	6	593	698	106	0.0	636
52d24980-d9c6-4e31-be50-c3cdd2b908ea	NR_026419.1	95.891	1290	25	21	1	1270	1282	1	0.0	2063
52d24980-d9c6-4e31-be50-c3cdd2b908ea	NR_025903.1	94.376	1298	44	22	1	1278	1294	6	0.0	1965
52d24980-d9c6-4e31-be50-c3cdd2b908ea	NR_025904.1	93.769	1300	48	25	1	1278	1293	5	0.0	1921
52d24980-d9c6-4e31-be50-c3cdd2b908ea	NR_133753.1	94.431	1257	41	22	1	1237	1248	1	0.0	1906
52d24980-d9c6-4e31-be50-c3cdd2b908ea	NR_133752.1	94.218	1228	43	21	1	1209	1219	1	0.0	1849
d4cc1cd7-e0bb-402d-bfab-b26014bc3de6	NR_179720.1	92.643	367	13	13	1	358	1134	1495	4.73e-146	516
d4cc1cd7-e0bb-402d-bfab-b26014bc3de6	NR_024842.1	92.623	366	14	12	1	358	1129	1489	1.70e-145	514
d4cc1cd7-e0bb-402d-bfab-b26014bc3de6	NR_115735.1	93.239	355	14	10	1	350	1105	1454	1.70e-145	514
d4cc1cd7-e0bb-402d-bfab-b26014bc3de6	NR_115241.1	92.958	355	15	10	1	350	1114	1463	2.20e-144	510
d4cc1cd7-e0bb-402d-bfab-b26014bc3de6	NR_152678.1	92.371	367	14	13	1	358	1134	1495	2.20e-144	510
07f04f3c-6d9d-4c6f-98b9-8b0214a53d0d	NR_165737.1	95.908	611	15	9	1	606	230	835	0.0	981
07f04f3c-6d9d-4c6f-98b9-8b0214a53d0d	NR_178515.1	95.902	610	17	8	1	606	230	835	0.0	981
07f04f3c-6d9d-4c6f-98b9-8b0214a53d0d	NR_028833.1	95.574	610	19	8	1	606	257	862	0.0	970
07f04f3c-6d9d-4c6f-98b9-8b0214a53d0d	NR_115241.1	95.410	610	20	8	1	606	230	835	0.0	965
07f04f3c-6d9d-4c6f-98b9-8b0214a53d0d	NR_115735.1	95.410	610	20	8	1	606	221	826	0.0	965
9db38580-5bc3-44bd-8d1d-f8f8dbcfd831	NR_113570.1	98.507	268	2	2	8	273	1136	869	7.71e-133	472
9db38580-5bc3-44bd-8d1d-f8f8dbcfd831	NR_025762.1	98.134	268	3	2	8	273	1107	840	3.59e-131	466
9db38580-5bc3-44bd-8d1d-f8f8dbcfd831	NR_115355.1	98.134	268	3	2	8	273	1129	862	3.59e-131	466
9db38580-5bc3-44bd-8d1d-f8f8dbcfd831	NR_179325.1	98.134	268	3	2	8	273	1103	836	3.59e-131	466
9db38580-5bc3-44bd-8d1d-f8f8dbcfd831	NR_163639.1	98.134	268	2	3	8	273	1144	878	1.29e-130	464
83e6d9a9-aac8-4437-ae09-5da42be3af2b	NR_042928.1	95.424	1355	42	17	1	1342	1411	64	0.0	2141
83e6d9a9-aac8-4437-ae09-5da42be3af2b	NR_179540.1	95.428	1356	40	19	1	1342	1431	84	0.0	2141
83e6d9a9-aac8-4437-ae09-5da42be3af2b	NR_199544.1	95.424	1355	42	17	1	1342	1389	42	0.0	2141
83e6d9a9-aac8-4437-ae09-5da42be3af2b	NR_042927.1	95.421	1354	42	17	1	1341	1413	67	0.0	2139
83e6d9a9-aac8-4437-ae09-5da42be3af2b	NR_114413.1	95.421	1354	42	17	1	1341	1436	90	0.0	2139
