dcee725f-7740-495f-aec4-1d4bb33d6b4b	NR_024842.1	91.278	1135	59	26	5	1111	1130	8	0.0	1515
dcee725f-7740-495f-aec4-1d4bb33d6b4b	NR_115241.1	91.216	1127	59	26	5	1103	1115	1	0.0	1500
dcee725f-7740-495f-aec4-1d4bb33d6b4b	NR_178515.1	91.223	1128	57	28	5	1103	1115	1	0.0	1496
dcee725f-7740-495f-aec4-1d4bb33d6b4b	NR_115735.1	91.234	1118	57	27	5	1093	1106	1	0.0	1483
dcee725f-7740-495f-aec4-1d4bb33d6b4b	NR_165737.1	90.957	1128	60	28	5	1103	1115	1	0.0	1480
7c0474ae-38e3-44b4-a17e-fb67c03e9cdc	NR_044091.1	96.828	536	10	5	1	530	1127	593	0.0	889
7c0474ae-38e3-44b4-a17e-fb67c03e9cdc	NR_025762.1	96.082	536	13	6	1	530	1190	657	0.0	867
7c0474ae-38e3-44b4-a17e-fb67c03e9cdc	NR_041879.1	96.082	536	14	5	1	530	1170	636	0.0	867
7c0474ae-38e3-44b4-a17e-fb67c03e9cdc	NR_042940.1	96.082	536	14	5	1	530	1125	591	0.0	867
7c0474ae-38e3-44b4-a17e-fb67c03e9cdc	NR_113570.1	96.082	536	13	6	1	530	1219	686	0.0	867
c31b48f4-eeb9-4b8d-bc1a-30d4c0479d2d	NR_025036.1	93.289	149	4	6	1	147	1349	1493	7.49e-56	215
c31b48f4-eeb9-4b8d-bc1a-30d4c0479d2d	NR_044912.1	93.289	149	4	6	1	147	1285	1429	7.49e-56	215
c31b48f4-eeb9-4b8d-bc1a-30d4c0479d2d	NR_134817.1	93.289	149	4	6	1	147	1343	1487	7.49e-56	215
c31b48f4-eeb9-4b8d-bc1a-30d4c0479d2d	NR_179540.1	93.289	149	4	6	1	147	1348	1492	7.49e-56	215
c31b48f4-eeb9-4b8d-bc1a-30d4c0479d2d	NR_115730.1	93.151	146	4	6	1	144	1310	1451	3.48e-54	209
039d1824-1ade-43d0-b3a6-b352b39cc4f3	NR_115735.1	95.493	954	20	17	1	935	515	1464	0.0	1502
039d1824-1ade-43d0-b3a6-b352b39cc4f3	NR_024842.1	95.393	955	21	17	1	936	539	1489	0.0	1500
039d1824-1ade-43d0-b3a6-b352b39cc4f3	NR_036936.1	95.483	952	19	18	1	932	524	1471	0.0	1498
039d1824-1ade-43d0-b3a6-b352b39cc4f3	NR_156072.1	95.183	955	23	17	1	936	544	1494	0.0	1487
039d1824-1ade-43d0-b3a6-b352b39cc4f3	NR_165737.1	95.273	952	21	18	1	932	524	1471	0.0	1487
f8a15763-d768-42a2-9fc1-a39f25be0c77	NR_028664.1	91.045	670	32	26	7	656	835	1496	0.0	880
f8a15763-d768-42a2-9fc1-a39f25be0c77	NR_117719.1	91.045	670	32	26	7	656	832	1493	0.0	880
f8a15763-d768-42a2-9fc1-a39f25be0c77	NR_179383.1	90.896	670	33	26	7	656	839	1500	0.0	874
f8a15763-d768-42a2-9fc1-a39f25be0c77	NR_115240.1	90.991	666	32	26	7	652	812	1469	0.0	872
f8a15763-d768-42a2-9fc1-a39f25be0c77	NR_175455.1	90.760	671	33	27	7	656	820	1482	0.0	869
f189a6f1-144c-48c0-a5cf-4e534c8e48ef	NR_165747.1	93.348	887	23	30	1	861	877	1	0.0	1279
f189a6f1-144c-48c0-a5cf-4e534c8e48ef	NR_028664.1	93.073	895	26	30	1	869	900	16	0.0	1277
f189a6f1-144c-48c0-a5cf-4e534c8e48ef	NR_115240.1	93.123	887	25	30	1	861	877	1	0.0	1267
f189a6f1-144c-48c0-a5cf-4e534c8e48ef	NR_165744.1	92.857	896	28	30	1	870	886	1	0.0	1267
f189a6f1-144c-48c0-a5cf-4e534c8e48ef	NR_179383.1	92.849	895	28	30	1	869	904	20	0.0	1266
ce92294d-a3fe-485d-8dd8-0c424e92664d	NR_115355.1	94.652	804	23	20	25	818	803	10	0.0	1232
ce92294d-a3fe-485d-8dd8-0c424e92664d	NR_119169.1	94.652	804	23	20	25	818	808	15	0.0	1232
ce92294d-a3fe-485d-8dd8-0c424e92664d	NR_163639.1	93.833	827	23	28	28	839	817	4	0.0	1219
ce92294d-a3fe-485d-8dd8-0c424e92664d	NR_074980.1	93.599	828	29	24	25	838	830	13	0.0	1214
ce92294d-a3fe-485d-8dd8-0c424e92664d	NR_113031.1	93.599	828	29	24	25	838	830	13	0.0	1214
e654f731-6fa9-4b6b-9446-a59b24e8269c	NR_117717.1	95.127	513	14	9	5	511	976	1483	0.0	798
e654f731-6fa9-4b6b-9446-a59b24e8269c	NR_117694.1	95.127	513	14	9	5	511	956	1463	0.0	798
e654f731-6fa9-4b6b-9446-a59b24e8269c	NR_117696.1	95.127	513	14	9	5	511	943	1450	0.0	798
e654f731-6fa9-4b6b-9446-a59b24e8269c	NR_121688.1	94.932	513	15	8	5	511	976	1483	0.0	793
e654f731-6fa9-4b6b-9446-a59b24e8269c	NR_159079.1	94.932	513	15	9	5	511	952	1459	0.0	793
034373ae-c82b-4994-90a9-6cf63d5adf34	NR_115355.1	92.525	709	27	20	1	700	791	1482	0.0	992
034373ae-c82b-4994-90a9-6cf63d5adf34	NR_179325.1	92.525	709	27	20	1	700	765	1456	0.0	992
034373ae-c82b-4994-90a9-6cf63d5adf34	NR_163639.1	92.514	708	27	20	1	700	808	1497	0.0	990
034373ae-c82b-4994-90a9-6cf63d5adf34	NR_119169.1	92.102	709	30	20	1	700	796	1487	0.0	979
034373ae-c82b-4994-90a9-6cf63d5adf34	NR_115354.1	92.102	709	30	20	1	700	791	1482	0.0	977
ddae2341-e938-489f-9422-87b2aecf8dc2	NR_025862.1	94.414	1289	42	26	1	1267	1294	14	0.0	1965
ddae2341-e938-489f-9422-87b2aecf8dc2	NR_028682.1	93.194	1293	51	32	1	1267	1295	14	0.0	1866
ddae2341-e938-489f-9422-87b2aecf8dc2	NR_026454.1	91.634	1279	70	33	1	1250	1271	1	0.0	1735
ddae2341-e938-489f-9422-87b2aecf8dc2	NR_116890.1	90.039	1295	81	41	1	1259	1283	1	0.0	1635
ddae2341-e938-489f-9422-87b2aecf8dc2	NR_119263.1	89.724	1304	85	40	1	1267	1292	1	0.0	1620
f3fcb483-721c-42ff-a022-a96eac7b4743	NR_044873.1	89.178	499	33	14	1	484	966	1458	4.91e-172	603
f3fcb483-721c-42ff-a022-a96eac7b4743	NR_044712.2	88.454	485	37	13	1	472	985	1463	4.98e-162	569
f3fcb483-721c-42ff-a022-a96eac7b4743	NR_074568.1	88.454	485	37	13	1	472	976	1454	1.79e-161	568
f3fcb483-721c-42ff-a022-a96eac7b4743	NR_117299.1	86.653	487	46	15	1	472	929	1411	1.41e-147	521
f3fcb483-721c-42ff-a022-a96eac7b4743	NR_116702.1	86.777	484	42	18	4	472	958	1434	5.08e-147	520
bed64667-bac8-458d-b855-450da8b6fba9	NR_116168.1	92.826	460	11	17	1	450	1040	1487	0.0	647
bed64667-bac8-458d-b855-450da8b6fba9	NR_118762.1	92.291	454	13	17	1	444	1042	1483	7.39e-180	628
bed64667-bac8-458d-b855-450da8b6fba9	NR_024897.1	91.106	461	17	19	1	450	1039	1486	4.48e-172	603
bed64667-bac8-458d-b855-450da8b6fba9	NR_024898.1	91.087	460	19	16	1	450	1039	1486	4.48e-172	603
bed64667-bac8-458d-b855-450da8b6fba9	NR_115546.2	91.087	460	19	16	1	450	1049	1496	4.48e-172	603
b15192b6-27b5-493c-9520-a0f91be3891e	NR_028664.1	93.881	1046	34	22	23	1052	465	1496	0.0	1550
b15192b6-27b5-493c-9520-a0f91be3891e	NR_117719.1	93.881	1046	34	22	23	1052	462	1493	0.0	1550
b15192b6-27b5-493c-9520-a0f91be3891e	NR_179383.1	93.786	1046	35	22	23	1052	469	1500	0.0	1544
b15192b6-27b5-493c-9520-a0f91be3891e	NR_115240.1	93.858	1042	34	22	23	1048	442	1469	0.0	1543
b15192b6-27b5-493c-9520-a0f91be3891e	NR_175455.1	93.696	1047	35	23	23	1052	450	1482	0.0	1539
cade185d-dfd9-4584-acbb-66267b83d132	NR_115735.1	90.399	1427	57	63	23	1400	69	1464	0.0	1803
cade185d-dfd9-4584-acbb-66267b83d132	NR_024842.1	89.993	1449	61	66	6	1401	72	1489	0.0	1799
cade185d-dfd9-4584-acbb-66267b83d132	NR_115241.1	90.035	1445	60	66	6	1397	57	1470	0.0	1796
cade185d-dfd9-4584-acbb-66267b83d132	NR_036936.1	89.214	1437	69	71	15	1397	67	1471	0.0	1716
cade185d-dfd9-4584-acbb-66267b83d132	NR_109720.1	89.301	1430	67	70	14	1389	60	1457	0.0	1714
0f0e4d3b-8b40-4549-a0ea-99dde41e3207	NR_025895.1	82.906	117	12	7	11	124	776	665	2.07e-20	99.0
0f0e4d3b-8b40-4549-a0ea-99dde41e3207	NR_025974.1	82.906	117	12	7	11	124	748	637	2.07e-20	99.0
0f0e4d3b-8b40-4549-a0ea-99dde41e3207	NR_104561.1	82.906	117	12	7	11	124	762	651	2.07e-20	99.0
0f0e4d3b-8b40-4549-a0ea-99dde41e3207	NR_075011.1	82.906	117	12	7	11	124	784	673	2.07e-20	99.0
0f0e4d3b-8b40-4549-a0ea-99dde41e3207	NR_181819.1	82.906	117	12	7	11	124	777	666	2.07e-20	99.0
5e95ad88-4b3f-41c2-9a0f-5105b7360a06	NR_025762.1	93.714	350	16	6	1	348	733	1078	3.51e-147	520
5e95ad88-4b3f-41c2-9a0f-5105b7360a06	NR_041879.1	93.714	350	16	6	1	348	712	1057	3.51e-147	520
5e95ad88-4b3f-41c2-9a0f-5105b7360a06	NR_113570.1	93.714	350	16	6	1	348	762	1107	3.51e-147	520
5e95ad88-4b3f-41c2-9a0f-5105b7360a06	NR_115355.1	93.714	350	16	6	1	348	755	1100	3.51e-147	520
5e95ad88-4b3f-41c2-9a0f-5105b7360a06	NR_044091.1	93.714	350	16	6	1	348	669	1014	3.51e-147	520
598632db-8f2c-462e-b496-10daaf1c73d9	NR_024842.1	94.904	157	7	1	1	157	95	250	9.77e-65	244
598632db-8f2c-462e-b496-10daaf1c73d9	NR_115241.1	94.904	157	7	1	1	157	80	235	9.77e-65	244
598632db-8f2c-462e-b496-10daaf1c73d9	NR_115735.1	94.904	157	7	1	1	157	71	226	9.77e-65	244
598632db-8f2c-462e-b496-10daaf1c73d9	NR_116211.1	94.904	157	7	1	1	157	3	158	9.77e-65	244
598632db-8f2c-462e-b496-10daaf1c73d9	NR_117425.1	94.268	157	8	1	1	157	83	238	4.55e-63	239
6612bf0c-6502-4f5d-bf19-6b3ee88ffa62	NR_024842.1	97.194	499	10	2	1	495	994	1492	0.0	841
6612bf0c-6502-4f5d-bf19-6b3ee88ffa62	NR_028664.1	97.200	500	9	3	1	495	1000	1499	0.0	841
6612bf0c-6502-4f5d-bf19-6b3ee88ffa62	NR_117719.1	97.000	500	10	3	1	495	997	1496	0.0	835
6612bf0c-6502-4f5d-bf19-6b3ee88ffa62	NR_156072.1	96.994	499	11	2	1	495	999	1497	0.0	835
6612bf0c-6502-4f5d-bf19-6b3ee88ffa62	NR_179383.1	97.000	500	10	3	1	495	1004	1503	0.0	835
81ca1138-fd1e-4805-9e88-0bd7f726755e	NR_036936.1	92.215	912	41	26	1	890	63	966	0.0	1266
81ca1138-fd1e-4805-9e88-0bd7f726755e	NR_109720.1	92.105	912	42	26	1	890	57	960	0.0	1258
81ca1138-fd1e-4805-9e88-0bd7f726755e	NR_178515.1	92.079	909	42	26	4	890	66	966	0.0	1253
81ca1138-fd1e-4805-9e88-0bd7f726755e	NR_165737.1	91.859	909	44	26	4	890	66	966	0.0	1242
81ca1138-fd1e-4805-9e88-0bd7f726755e	NR_180875.1	91.648	910	46	26	3	890	44	945	0.0	1242
5230c2ea-c2d2-43c1-9248-a195c506dfea	NR_042776.1	96.643	1430	23	20	1	1419	84	1499	0.0	2351
5230c2ea-c2d2-43c1-9248-a195c506dfea	NR_042777.1	96.434	1430	25	21	1	1419	84	1498	0.0	2335
5230c2ea-c2d2-43c1-9248-a195c506dfea	NR_042778.1	96.364	1430	27	20	1	1419	84	1499	0.0	2329
5230c2ea-c2d2-43c1-9248-a195c506dfea	NR_197695.1	96.014	1430	32	20	1	1419	83	1498	0.0	2302
5230c2ea-c2d2-43c1-9248-a195c506dfea	NR_118998.1	95.804	1430	34	21	1	1419	79	1493	0.0	2287
46a78a22-4cd5-4dbf-bb26-cec82031acf6	NR_028664.1	95.000	280	8	6	15	292	475	200	1.08e-121	435
46a78a22-4cd5-4dbf-bb26-cec82031acf6	NR_042927.1	95.000	280	8	6	15	292	454	179	1.08e-121	435
46a78a22-4cd5-4dbf-bb26-cec82031acf6	NR_114413.1	95.000	280	8	6	15	292	477	202	1.08e-121	435
46a78a22-4cd5-4dbf-bb26-cec82031acf6	NR_115240.1	95.000	280	8	6	15	292	452	177	1.08e-121	435
46a78a22-4cd5-4dbf-bb26-cec82031acf6	NR_115732.1	95.000	280	8	6	15	292	454	179	1.08e-121	435
961a60b4-9326-4ca7-bba1-8d5f693ffe73	NR_181481.1	88.482	1285	94	45	17	1273	164	1422	0.0	1504
961a60b4-9326-4ca7-bba1-8d5f693ffe73	NR_181935.1	88.482	1285	94	45	17	1273	171	1429	0.0	1504
961a60b4-9326-4ca7-bba1-8d5f693ffe73	NR_181981.1	88.363	1289	88	54	17	1273	151	1409	0.0	1493
961a60b4-9326-4ca7-bba1-8d5f693ffe73	NR_042051.1	88.103	1286	97	47	17	1273	88	1346	0.0	1476
961a60b4-9326-4ca7-bba1-8d5f693ffe73	NR_115719.1	88.103	1286	97	47	17	1273	128	1386	0.0	1476
cac1e775-c11e-4456-8b6f-aa344b0ac9f4	NR_042776.1	95.067	223	5	5	1	220	1280	1499	3.91e-95	346
cac1e775-c11e-4456-8b6f-aa344b0ac9f4	NR_042777.1	95.067	223	5	5	1	220	1279	1498	3.91e-95	346
cac1e775-c11e-4456-8b6f-aa344b0ac9f4	NR_044912.1	95.067	223	5	5	1	220	1210	1429	3.91e-95	346
cac1e775-c11e-4456-8b6f-aa344b0ac9f4	NR_152063.1	95.089	224	4	6	1	220	1285	1505	3.91e-95	346
cac1e775-c11e-4456-8b6f-aa344b0ac9f4	NR_199955.1	95.089	224	4	6	1	220	1286	1506	3.91e-95	346
912129c5-1910-4f4a-b709-f901af0ebdcd	NR_199547.1	94.306	966	33	20	1	948	1000	39	0.0	1459
912129c5-1910-4f4a-b709-f901af0ebdcd	NR_042928.1	94.450	955	32	19	1	938	1020	70	0.0	1450
912129c5-1910-4f4a-b709-f901af0ebdcd	NR_116206.1	94.409	948	32	19	1	931	945	2	0.0	1439
912129c5-1910-4f4a-b709-f901af0ebdcd	NR_112026.1	94.136	955	34	20	1	938	1002	53	0.0	1435
912129c5-1910-4f4a-b709-f901af0ebdcd	NR_199541.1	93.588	967	39	21	1	948	998	36	0.0	1421
e746e932-6bea-4618-90c2-930ae49bfc5f	NR_041879.1	95.472	773	21	8	1	765	1299	533	0.0	1221
e746e932-6bea-4618-90c2-930ae49bfc5f	NR_115355.1	95.337	772	23	7	1	765	1341	576	0.0	1214
e746e932-6bea-4618-90c2-930ae49bfc5f	NR_179325.1	95.337	772	23	7	1	765	1315	550	0.0	1214
e746e932-6bea-4618-90c2-930ae49bfc5f	NR_119169.1	95.207	772	24	7	1	765	1346	581	0.0	1210
e746e932-6bea-4618-90c2-930ae49bfc5f	NR_163639.1	95.084	773	22	10	1	765	1356	592	0.0	1203
5f676ee8-b473-4597-ad1e-1fa65fce0e0c	NR_042776.1	95.968	1116	25	15	1	1102	1127	18	0.0	1794
5f676ee8-b473-4597-ad1e-1fa65fce0e0c	NR_042778.1	95.789	1116	27	15	1	1102	1127	18	0.0	1783
5f676ee8-b473-4597-ad1e-1fa65fce0e0c	NR_042777.1	95.699	1116	27	16	1	1102	1126	18	0.0	1775
5f676ee8-b473-4597-ad1e-1fa65fce0e0c	NR_197695.1	95.430	1116	31	15	1	1102	1126	17	0.0	1760
5f676ee8-b473-4597-ad1e-1fa65fce0e0c	NR_118998.1	94.892	1116	36	16	1	1102	1121	13	0.0	1727
7319640b-a136-473a-8b40-4a7165d1f191	NR_116168.1	93.277	357	11	10	1	353	1143	1490	1.66e-145	514
7319640b-a136-473a-8b40-4a7165d1f191	NR_118762.1	93.235	340	11	9	1	336	1145	1476	2.16e-139	494
7319640b-a136-473a-8b40-4a7165d1f191	NR_024897.1	91.061	358	17	12	1	353	1142	1489	3.64e-132	470
7319640b-a136-473a-8b40-4a7165d1f191	NR_180040.1	91.086	359	15	12	1	353	1149	1496	3.64e-132	470
7319640b-a136-473a-8b40-4a7165d1f191	NR_181418.1	91.061	358	17	12	1	353	1142	1489	3.64e-132	470
3886374b-1176-4dd4-ae41-d6fef1e69a6b	NR_042776.1	89.455	844	31	40	27	823	667	1499	0.0	1013
3886374b-1176-4dd4-ae41-d6fef1e69a6b	NR_042777.1	89.455	844	31	40	27	823	666	1498	0.0	1013
3886374b-1176-4dd4-ae41-d6fef1e69a6b	NR_042778.1	89.218	844	33	40	27	823	667	1499	0.0	1002
3886374b-1176-4dd4-ae41-d6fef1e69a6b	NR_197695.1	88.981	844	35	40	27	823	666	1498	0.0	990
3886374b-1176-4dd4-ae41-d6fef1e69a6b	NR_118998.1	88.968	843	36	40	27	823	662	1493	0.0	989
50a336ef-5630-4e82-ad2d-46d684c8a655	NR_044873.1	94.533	567	19	10	12	569	904	1467	0.0	865
50a336ef-5630-4e82-ad2d-46d684c8a655	NR_074568.1	93.640	566	26	9	12	570	914	1476	0.0	837
50a336ef-5630-4e82-ad2d-46d684c8a655	NR_025310.1	92.958	568	28	9	12	570	894	1458	0.0	817
50a336ef-5630-4e82-ad2d-46d684c8a655	NR_109752.1	92.958	568	28	10	12	570	925	1489	0.0	817
50a336ef-5630-4e82-ad2d-46d684c8a655	NR_044712.2	93.923	543	24	8	12	547	923	1463	0.0	813
33a172bf-3161-4db7-b65a-26fd5614c35b	NR_117694.1	91.048	983	50	31	4	961	970	1	0.0	1293
33a172bf-3161-4db7-b65a-26fd5614c35b	NR_041989.1	91.693	939	44	27	4	919	928	1	0.0	1271
33a172bf-3161-4db7-b65a-26fd5614c35b	NR_121687.1	90.428	982	58	29	4	961	990	21	0.0	1260
33a172bf-3161-4db7-b65a-26fd5614c35b	NR_117692.1	90.214	981	62	28	4	961	970	1	0.0	1249
33a172bf-3161-4db7-b65a-26fd5614c35b	NR_121688.1	90.020	982	62	29	4	961	990	21	0.0	1238
982aa5f9-b57e-4097-a0b5-2d5d36390ff9	NR_026419.1	96.383	1244	28	13	1	1237	1234	1	0.0	2032
982aa5f9-b57e-4097-a0b5-2d5d36390ff9	NR_025903.1	95.208	1252	42	14	1	1245	1246	6	0.0	1964
982aa5f9-b57e-4097-a0b5-2d5d36390ff9	NR_025904.1	94.900	1255	40	19	1	1245	1245	5	0.0	1941
982aa5f9-b57e-4097-a0b5-2d5d36390ff9	NR_133753.1	95.211	1211	40	14	1	1204	1200	1	0.0	1899
982aa5f9-b57e-4097-a0b5-2d5d36390ff9	NR_133752.1	95.008	1182	42	13	1	1176	1171	1	0.0	1840
52783cef-2801-42ee-8c07-c38908b0434f	NR_117719.1	93.475	659	23	18	1	645	830	1482	0.0	961
52783cef-2801-42ee-8c07-c38908b0434f	NR_179540.1	93.475	659	22	19	1	645	830	1481	0.0	959
52783cef-2801-42ee-8c07-c38908b0434f	NR_042927.1	93.323	659	24	18	1	645	812	1464	0.0	955
52783cef-2801-42ee-8c07-c38908b0434f	NR_115734.1	93.323	659	24	18	1	645	813	1465	0.0	955
52783cef-2801-42ee-8c07-c38908b0434f	NR_175455.1	93.323	659	24	18	1	645	818	1470	0.0	955
20ca3e9b-cb8a-4e44-aea9-5b3700ed896a	NR_028682.1	93.542	511	17	13	1	506	998	1497	0.0	747
20ca3e9b-cb8a-4e44-aea9-5b3700ed896a	NR_025396.1	92.745	510	24	10	1	508	969	1467	0.0	725
20ca3e9b-cb8a-4e44-aea9-5b3700ed896a	NR_113798.1	92.564	511	22	13	1	507	983	1481	0.0	719
20ca3e9b-cb8a-4e44-aea9-5b3700ed896a	NR_025435.1	92.383	512	23	14	1	508	995	1494	0.0	715
20ca3e9b-cb8a-4e44-aea9-5b3700ed896a	NR_040926.1	92.398	513	22	14	1	508	976	1476	0.0	715
2e729812-e774-462d-b999-bb1a53fbd1a2	NR_025862.1	89.487	409	26	14	9	402	675	269	1.21e-142	505
2e729812-e774-462d-b999-bb1a53fbd1a2	NR_026454.1	87.835	411	29	18	9	401	652	245	7.39e-130	462
2e729812-e774-462d-b999-bb1a53fbd1a2	NR_180652.1	87.531	409	34	14	9	402	665	259	3.44e-128	457
2e729812-e774-462d-b999-bb1a53fbd1a2	NR_028682.1	86.936	421	34	18	9	411	676	259	4.45e-127	453
2e729812-e774-462d-b999-bb1a53fbd1a2	NR_042054.1	86.967	422	31	22	9	411	685	269	4.45e-127	453
92c79483-c35c-4991-9a89-bbff2124ec0e	NR_042776.1	96.750	677	11	9	4	674	833	1504	0.0	1118
92c79483-c35c-4991-9a89-bbff2124ec0e	NR_042777.1	96.750	677	11	9	4	674	832	1503	0.0	1118
92c79483-c35c-4991-9a89-bbff2124ec0e	NR_042778.1	96.455	677	13	9	4	674	833	1504	0.0	1107
92c79483-c35c-4991-9a89-bbff2124ec0e	NR_197695.1	96.307	677	14	9	4	674	832	1503	0.0	1101
92c79483-c35c-4991-9a89-bbff2124ec0e	NR_118998.1	95.716	677	17	10	4	674	828	1498	0.0	1079
3ba76fe8-8000-4d5e-8a86-1a253c6415d8	NR_028664.1	94.248	678	17	16	1	659	825	1499	0.0	1016
3ba76fe8-8000-4d5e-8a86-1a253c6415d8	NR_117719.1	94.248	678	17	16	1	659	822	1496	0.0	1016
3ba76fe8-8000-4d5e-8a86-1a253c6415d8	NR_179383.1	94.248	678	17	16	1	659	829	1503	0.0	1016
3ba76fe8-8000-4d5e-8a86-1a253c6415d8	NR_179540.1	94.248	678	16	17	1	659	822	1495	0.0	1014
3ba76fe8-8000-4d5e-8a86-1a253c6415d8	NR_175455.1	94.109	679	17	17	1	659	810	1485	0.0	1011
e528ad9a-c853-40b2-b495-eafbe593c77c	NR_025902.1	95.000	260	6	7	110	365	1192	1448	1.40e-111	401
e528ad9a-c853-40b2-b495-eafbe593c77c	NR_040933.1	95.000	260	6	7	110	365	1236	1492	1.40e-111	401
e528ad9a-c853-40b2-b495-eafbe593c77c	NR_117717.1	95.000	260	6	7	110	365	1234	1490	1.40e-111	401
e528ad9a-c853-40b2-b495-eafbe593c77c	NR_121688.1	95.000	260	6	7	110	365	1234	1490	1.40e-111	401
e528ad9a-c853-40b2-b495-eafbe593c77c	NR_117692.1	95.000	260	6	7	110	365	1214	1470	1.40e-111	401
dde928f9-652b-4e37-be76-20bfa77669d2	NR_028682.1	90.347	259	13	10	6	260	1473	1223	4.66e-90	329
dde928f9-652b-4e37-be76-20bfa77669d2	NR_024817.1	89.231	260	18	9	4	260	1458	1206	1.01e-86	318
dde928f9-652b-4e37-be76-20bfa77669d2	NR_025435.1	88.806	268	12	16	1	260	1477	1220	4.69e-85	313
dde928f9-652b-4e37-be76-20bfa77669d2	NR_036793.2	88.060	268	14	16	1	260	1488	1231	1.02e-81	302
dde928f9-652b-4e37-be76-20bfa77669d2	NR_119273.1	88.015	267	16	15	1	260	1488	1231	1.02e-81	302
58ec7250-da8b-42d5-b1af-b284515d61ef	NR_115560.1	96.407	167	3	3	21	186	175	11	5.49e-73	272
58ec7250-da8b-42d5-b1af-b284515d61ef	NR_113561.1	96.364	165	5	1	21	184	177	13	1.97e-72	270
58ec7250-da8b-42d5-b1af-b284515d61ef	NR_028664.1	96.364	165	3	3	21	184	178	16	7.10e-72	268
58ec7250-da8b-42d5-b1af-b284515d61ef	NR_179385.1	96.364	165	3	3	21	184	179	17	7.10e-72	268
58ec7250-da8b-42d5-b1af-b284515d61ef	NR_199545.1	96.894	161	3	2	24	184	171	13	7.10e-72	268
09523e4d-d990-4bd4-8007-222f4f68cd24	NR_024842.1	91.983	237	10	8	4	233	1094	860	1.96e-88	324
09523e4d-d990-4bd4-8007-222f4f68cd24	NR_109720.1	91.983	237	10	8	4	233	1073	839	1.96e-88	324
09523e4d-d990-4bd4-8007-222f4f68cd24	NR_115735.1	91.983	237	10	8	4	233	1070	836	1.96e-88	324
09523e4d-d990-4bd4-8007-222f4f68cd24	NR_116211.1	91.983	237	10	8	4	233	1002	768	1.96e-88	324
09523e4d-d990-4bd4-8007-222f4f68cd24	NR_116213.1	91.983	237	10	8	4	233	1002	768	1.96e-88	324
48b17016-14bb-4b3b-8859-3c50171d9aa9	NR_024841.1	92.035	226	9	8	1	225	999	1216	5.15e-84	309
48b17016-14bb-4b3b-8859-3c50171d9aa9	NR_024842.1	92.000	225	11	6	1	225	1000	1217	5.15e-84	309
48b17016-14bb-4b3b-8859-3c50171d9aa9	NR_028664.1	92.000	225	11	6	1	225	1006	1223	5.15e-84	309
48b17016-14bb-4b3b-8859-3c50171d9aa9	NR_028665.1	92.035	226	9	8	1	225	1000	1217	5.15e-84	309
48b17016-14bb-4b3b-8859-3c50171d9aa9	NR_042927.1	92.035	226	9	8	1	225	985	1202	5.15e-84	309
68aca0ba-c9d1-42e0-bd75-8f3decc94230	NR_041931.1	81.111	90	11	5	1	85	1476	1388	1.07e-11	67.6
68aca0ba-c9d1-42e0-bd75-8f3decc94230	NR_114637.1	81.111	90	11	5	1	85	1447	1359	1.07e-11	67.6
68aca0ba-c9d1-42e0-bd75-8f3decc94230	NR_181977.1	81.111	90	11	5	1	85	1455	1367	1.07e-11	67.6
68aca0ba-c9d1-42e0-bd75-8f3decc94230	NR_025185.1	80.000	90	12	5	1	85	1450	1362	4.97e-10	62.1
68aca0ba-c9d1-42e0-bd75-8f3decc94230	NR_025127.1	100.000	29	0	0	57	85	1417	1389	8.32e-08	54.7
1baf8488-3b03-4656-beee-8ca441ebd341	NR_042928.1	98.400	250	3	1	4	252	254	5	7.17e-123	438
1baf8488-3b03-4656-beee-8ca441ebd341	NR_112026.1	98.312	237	3	1	4	239	237	1	1.21e-115	414
1baf8488-3b03-4656-beee-8ca441ebd341	NR_165747.1	96.000	250	9	1	4	252	254	5	7.27e-113	405
1baf8488-3b03-4656-beee-8ca441ebd341	NR_036936.1	95.238	252	9	3	4	252	256	5	1.22e-110	398
1baf8488-3b03-4656-beee-8ca441ebd341	NR_109720.1	95.200	250	9	3	4	250	250	1	5.66e-109	392
df9b166f-85cc-4447-8033-dd5efeaadd42	NR_043332.1	91.304	115	4	4	3	113	1336	1224	4.14e-37	152
df9b166f-85cc-4447-8033-dd5efeaadd42	NR_074980.1	91.304	115	4	4	3	113	1363	1251	4.14e-37	152
df9b166f-85cc-4447-8033-dd5efeaadd42	NR_113031.1	91.304	115	4	4	3	113	1363	1251	4.14e-37	152
df9b166f-85cc-4447-8033-dd5efeaadd42	NR_113570.1	91.304	115	4	4	3	113	1343	1231	4.14e-37	152
df9b166f-85cc-4447-8033-dd5efeaadd42	NR_117759.1	91.304	115	4	4	3	113	1339	1227	4.14e-37	152
64e0fc41-8ea7-4172-bcf8-ac190d5eed1b	NR_028666.1	96.283	269	5	5	1	268	1235	1499	2.79e-122	436
64e0fc41-8ea7-4172-bcf8-ac190d5eed1b	NR_028833.1	96.283	269	5	5	1	268	1238	1502	2.79e-122	436
64e0fc41-8ea7-4172-bcf8-ac190d5eed1b	NR_029052.1	96.283	269	5	5	1	268	1199	1463	2.79e-122	436
64e0fc41-8ea7-4172-bcf8-ac190d5eed1b	NR_036918.1	96.283	269	5	5	1	268	1228	1492	2.79e-122	436
64e0fc41-8ea7-4172-bcf8-ac190d5eed1b	NR_042771.1	96.283	269	5	5	1	268	1229	1493	2.79e-122	436
1723bd3c-1ecc-48c8-9b11-89b978218ef8	NR_036936.1	93.151	219	7	4	2	214	529	313	1.06e-85	315
1723bd3c-1ecc-48c8-9b11-89b978218ef8	NR_028664.1	93.151	219	7	4	2	214	550	334	1.06e-85	315
1723bd3c-1ecc-48c8-9b11-89b978218ef8	NR_028665.1	93.151	219	7	4	2	214	544	328	1.06e-85	315
1723bd3c-1ecc-48c8-9b11-89b978218ef8	NR_042771.1	93.151	219	7	4	2	214	547	331	1.06e-85	315
1723bd3c-1ecc-48c8-9b11-89b978218ef8	NR_042927.1	93.151	219	7	4	2	214	529	313	1.06e-85	315
b5b00a7b-4063-4df0-9b70-06d01cc1520d	NR_037101.1	87.379	103	7	5	1	97	1376	1478	1.63e-25	113
b5b00a7b-4063-4df0-9b70-06d01cc1520d	NR_040821.1	87.379	103	7	5	1	97	1376	1478	1.63e-25	113
b5b00a7b-4063-4df0-9b70-06d01cc1520d	NR_025148.1	87.379	103	7	5	1	97	1396	1498	1.63e-25	113
b5b00a7b-4063-4df0-9b70-06d01cc1520d	NR_028664.1	87.379	103	7	5	1	97	1397	1499	1.63e-25	113
b5b00a7b-4063-4df0-9b70-06d01cc1520d	NR_028666.1	87.379	103	7	5	1	97	1400	1502	1.63e-25	113
7517db6f-1e51-44d0-9421-0f154c98e6c1	NR_115354.1	93.776	241	8	7	1	236	1247	1485	7.01e-98	355
7517db6f-1e51-44d0-9421-0f154c98e6c1	NR_115355.1	93.697	238	8	7	4	236	1250	1485	3.26e-96	350
7517db6f-1e51-44d0-9421-0f154c98e6c1	NR_119170.1	93.361	241	9	7	1	236	1252	1490	3.26e-96	350
7517db6f-1e51-44d0-9421-0f154c98e6c1	NR_163639.1	93.697	238	8	7	4	236	1265	1500	3.26e-96	350
7517db6f-1e51-44d0-9421-0f154c98e6c1	NR_179325.1	93.697	238	8	7	4	236	1224	1459	3.26e-96	350
55a6869f-0f0f-400d-bd78-8a8d84f6be7c	NR_025892.1	89.573	211	12	9	1	202	1448	1239	4.84e-69	259
55a6869f-0f0f-400d-bd78-8a8d84f6be7c	NR_025902.1	89.573	211	12	9	1	202	1401	1192	4.84e-69	259
55a6869f-0f0f-400d-bd78-8a8d84f6be7c	NR_040933.1	89.573	211	12	9	1	202	1445	1236	4.84e-69	259
55a6869f-0f0f-400d-bd78-8a8d84f6be7c	NR_104947.1	89.573	211	12	9	1	202	1396	1187	4.84e-69	259
55a6869f-0f0f-400d-bd78-8a8d84f6be7c	NR_114040.1	89.573	211	12	9	1	202	1424	1215	4.84e-69	259
bf8871ae-d846-4355-9693-58e6ba6ea74d	NR_024841.1	93.162	117	7	1	1	116	1398	1282	1.19e-42	171
bf8871ae-d846-4355-9693-58e6ba6ea74d	NR_024842.1	93.162	117	7	1	1	116	1399	1283	1.19e-42	171
bf8871ae-d846-4355-9693-58e6ba6ea74d	NR_036936.1	93.162	117	7	1	1	116	1384	1268	1.19e-42	171
bf8871ae-d846-4355-9693-58e6ba6ea74d	NR_041722.2	93.162	117	7	1	1	116	1419	1303	1.19e-42	171
bf8871ae-d846-4355-9693-58e6ba6ea74d	NR_025453.1	93.162	117	7	1	1	116	1384	1268	1.19e-42	171
fd7192b3-072a-4d5f-8253-fb8f60a494c2	NR_028666.1	99.588	243	1	0	1	243	1257	1499	1.50e-124	444
fd7192b3-072a-4d5f-8253-fb8f60a494c2	NR_028833.1	99.588	243	1	0	1	243	1260	1502	1.50e-124	444
fd7192b3-072a-4d5f-8253-fb8f60a494c2	NR_029052.1	99.588	243	1	0	1	243	1221	1463	1.50e-124	444
fd7192b3-072a-4d5f-8253-fb8f60a494c2	NR_036918.1	99.588	243	1	0	1	243	1250	1492	1.50e-124	444
fd7192b3-072a-4d5f-8253-fb8f60a494c2	NR_042771.1	99.588	243	1	0	1	243	1251	1493	1.50e-124	444
b320fdc4-3849-4e69-8d7e-3821a537278d	NR_113570.1	85.976	164	6	10	3	150	1149	987	3.48e-39	159
b320fdc4-3849-4e69-8d7e-3821a537278d	NR_163639.1	85.976	164	6	10	3	150	1157	995	3.48e-39	159
b320fdc4-3849-4e69-8d7e-3821a537278d	NR_025762.1	85.366	164	7	10	3	150	1120	958	1.62e-37	154
b320fdc4-3849-4e69-8d7e-3821a537278d	NR_115355.1	85.366	164	7	10	3	150	1142	980	1.62e-37	154
b320fdc4-3849-4e69-8d7e-3821a537278d	NR_179325.1	85.366	164	7	10	3	150	1116	954	1.62e-37	154
86c93ef7-bde4-4e75-a6f2-a8a9d1b01c42	NR_136788.1	94.667	150	4	3	1	147	1333	1481	2.57e-60	230
86c93ef7-bde4-4e75-a6f2-a8a9d1b01c42	NR_026230.1	92.667	150	7	3	1	147	1311	1459	2.59e-55	213
86c93ef7-bde4-4e75-a6f2-a8a9d1b01c42	NR_113074.1	92.000	150	8	3	1	147	1329	1477	1.21e-53	207
86c93ef7-bde4-4e75-a6f2-a8a9d1b01c42	NR_112897.1	92.414	145	7	3	1	142	1309	1452	1.56e-52	204
86c93ef7-bde4-4e75-a6f2-a8a9d1b01c42	NR_136443.1	94.161	137	3	4	1	134	1295	1429	1.56e-52	204
4782d701-8190-4568-99a1-6dded57a66d0	NR_041879.1	96.324	136	3	2	1	135	1150	1284	4.00e-58	222
4782d701-8190-4568-99a1-6dded57a66d0	NR_115355.1	96.324	136	3	2	1	135	1192	1326	4.00e-58	222
4782d701-8190-4568-99a1-6dded57a66d0	NR_119169.1	96.324	136	3	2	1	135	1197	1331	4.00e-58	222
4782d701-8190-4568-99a1-6dded57a66d0	NR_163639.1	96.324	136	3	2	1	135	1207	1341	4.00e-58	222
4782d701-8190-4568-99a1-6dded57a66d0	NR_179325.1	96.324	136	3	2	1	135	1166	1300	4.00e-58	222
818cb54f-311c-4499-86b6-5d49937dbc2c	NR_024841.1	93.893	131	2	2	3	128	1407	1278	3.03e-49	193
818cb54f-311c-4499-86b6-5d49937dbc2c	NR_041722.2	93.893	131	2	2	3	128	1428	1299	3.03e-49	193
818cb54f-311c-4499-86b6-5d49937dbc2c	NR_028736.1	93.893	131	2	2	3	128	1417	1288	3.03e-49	193
818cb54f-311c-4499-86b6-5d49937dbc2c	NR_041721.1	93.893	131	2	2	3	128	1416	1287	3.03e-49	193
818cb54f-311c-4499-86b6-5d49937dbc2c	NR_112704.1	93.893	131	2	2	3	128	1312	1183	3.03e-49	193
dc1f1d18-5321-4076-8d33-1e2a1b2f9378	NR_042776.1	96.186	236	6	2	1	236	1267	1499	3.18e-106	383
dc1f1d18-5321-4076-8d33-1e2a1b2f9378	NR_042777.1	96.186	236	6	2	1	236	1266	1498	3.18e-106	383
dc1f1d18-5321-4076-8d33-1e2a1b2f9378	NR_024842.1	95.763	236	7	2	1	236	1257	1489	1.48e-104	377
dc1f1d18-5321-4076-8d33-1e2a1b2f9378	NR_040821.1	95.763	236	6	3	2	236	1243	1475	1.48e-104	377
dc1f1d18-5321-4076-8d33-1e2a1b2f9378	NR_042052.1	95.763	236	7	2	1	236	1165	1397	1.48e-104	377
f70017f2-d2c6-415c-be9c-fd3d45b42b92	NR_042776.1	95.000	80	2	2	1	78	166	87	5.55e-29	124
f70017f2-d2c6-415c-be9c-fd3d45b42b92	NR_042777.1	95.000	80	2	2	1	78	166	87	5.55e-29	124
f70017f2-d2c6-415c-be9c-fd3d45b42b92	NR_042778.1	95.000	80	2	2	1	78	166	87	5.55e-29	124
f70017f2-d2c6-415c-be9c-fd3d45b42b92	NR_036936.1	94.937	79	3	1	1	78	141	63	2.00e-28	122
f70017f2-d2c6-415c-be9c-fd3d45b42b92	NR_041781.1	94.937	79	3	1	1	78	150	72	2.00e-28	122
5d0fbf4b-57e2-4ef2-a8ed-4999cd7a35ae	NR_116168.1	96.078	102	2	2	1	100	14	115	4.56e-41	165
5d0fbf4b-57e2-4ef2-a8ed-4999cd7a35ae	NR_118762.1	93.137	102	5	2	1	100	17	118	3.55e-37	152
5d0fbf4b-57e2-4ef2-a8ed-4999cd7a35ae	NR_136472.1	93.137	102	5	2	1	100	13	114	4.59e-36	148
5d0fbf4b-57e2-4ef2-a8ed-4999cd7a35ae	NR_042878.1	94.681	94	3	2	9	100	1	94	1.65e-35	147
5d0fbf4b-57e2-4ef2-a8ed-4999cd7a35ae	NR_024896.1	92.157	102	6	2	1	100	13	114	2.14e-34	143
6ce6f7fb-8ab3-41cb-a578-6e3634a10aaf	NR_115560.1	93.902	164	5	4	1	163	170	11	3.67e-64	243
6ce6f7fb-8ab3-41cb-a578-6e3634a10aaf	NR_113561.1	93.827	162	7	2	1	161	172	13	1.32e-63	241
6ce6f7fb-8ab3-41cb-a578-6e3634a10aaf	NR_028664.1	93.827	162	5	4	1	161	173	16	4.75e-63	239
6ce6f7fb-8ab3-41cb-a578-6e3634a10aaf	NR_112025.1	93.333	165	4	7	1	163	170	11	4.75e-63	239
6ce6f7fb-8ab3-41cb-a578-6e3634a10aaf	NR_179385.1	93.827	162	5	5	1	161	174	17	4.75e-63	239
d2cc9986-fe29-49df-8b55-62f66334e2e7	NR_042776.1	99.091	220	1	1	11	229	1456	1237	1.41e-109	394
d2cc9986-fe29-49df-8b55-62f66334e2e7	NR_042777.1	99.091	220	1	1	11	229	1455	1236	1.41e-109	394
d2cc9986-fe29-49df-8b55-62f66334e2e7	NR_042778.1	98.636	220	2	1	11	229	1456	1237	6.56e-108	388
d2cc9986-fe29-49df-8b55-62f66334e2e7	NR_118998.1	98.636	220	2	1	11	229	1450	1231	6.56e-108	388
d2cc9986-fe29-49df-8b55-62f66334e2e7	NR_197695.1	98.630	219	2	1	12	229	1454	1236	2.36e-107	387
fe265495-72f3-4320-88a8-e6aec2c9c091	NR_028682.1	89.444	180	11	7	1	175	1434	1258	1.87e-57	220
fe265495-72f3-4320-88a8-e6aec2c9c091	NR_179652.1	88.202	178	13	7	3	175	1435	1261	5.23e-53	206
fe265495-72f3-4320-88a8-e6aec2c9c091	NR_025435.1	89.286	168	11	6	3	165	1429	1264	1.88e-52	204
fe265495-72f3-4320-88a8-e6aec2c9c091	NR_148280.1	87.500	176	16	5	3	174	1377	1204	8.75e-51	198
fe265495-72f3-4320-88a8-e6aec2c9c091	NR_133974.1	87.500	176	16	5	3	174	1400	1227	8.75e-51	198
f083f128-fb16-48da-947e-66f42bbd24f8	NR_044153.1	92.509	267	8	9	1	261	1222	1482	7.76e-103	372
f083f128-fb16-48da-947e-66f42bbd24f8	NR_115354.1	92.135	267	9	9	1	261	1222	1482	3.61e-101	366
f083f128-fb16-48da-947e-66f42bbd24f8	NR_115355.1	92.105	266	11	7	1	261	1222	1482	3.61e-101	366
f083f128-fb16-48da-947e-66f42bbd24f8	NR_163639.1	92.105	266	11	7	1	261	1237	1497	3.61e-101	366
f083f128-fb16-48da-947e-66f42bbd24f8	NR_179325.1	92.105	266	11	7	1	261	1196	1456	3.61e-101	366
e608146e-fa9b-4919-93b6-7be531b1e5b4	NR_041879.1	92.500	120	4	5	1	117	1299	1182	1.54e-41	167
e608146e-fa9b-4919-93b6-7be531b1e5b4	NR_115355.1	92.500	120	4	5	1	117	1341	1224	1.54e-41	167
e608146e-fa9b-4919-93b6-7be531b1e5b4	NR_119169.1	92.500	120	4	5	1	117	1346	1229	1.54e-41	167
e608146e-fa9b-4919-93b6-7be531b1e5b4	NR_163639.1	92.500	120	4	5	1	117	1356	1239	1.54e-41	167
e608146e-fa9b-4919-93b6-7be531b1e5b4	NR_179325.1	92.500	120	4	5	1	117	1315	1198	1.54e-41	167
52243883-c116-4f7c-ae6b-1a26f3a006cb	NR_028682.1	89.680	281	14	12	6	276	1222	1497	1.81e-94	344
52243883-c116-4f7c-ae6b-1a26f3a006cb	NR_024817.1	89.324	281	18	9	3	276	1202	1477	1.81e-94	344
52243883-c116-4f7c-ae6b-1a26f3a006cb	NR_025435.1	89.046	283	16	12	3	276	1216	1492	3.03e-92	337
52243883-c116-4f7c-ae6b-1a26f3a006cb	NR_025211.1	88.339	283	19	11	3	276	1209	1486	1.82e-89	327
52243883-c116-4f7c-ae6b-1a26f3a006cb	NR_025396.1	88.489	278	20	9	6	276	1193	1465	6.55e-89	326
89f98000-74eb-4312-92af-323422353be2	NR_025611.1	93.519	108	2	4	1	108	1390	1288	3.03e-38	156
89f98000-74eb-4312-92af-323422353be2	NR_028828.1	93.519	108	2	4	1	108	1401	1299	3.03e-38	156
89f98000-74eb-4312-92af-323422353be2	NR_029274.1	93.519	108	2	4	1	108	1418	1316	3.03e-38	156
89f98000-74eb-4312-92af-323422353be2	NR_041990.1	93.519	108	2	4	1	108	1390	1288	3.03e-38	156
89f98000-74eb-4312-92af-323422353be2	NR_026187.1	93.519	108	2	4	1	108	1393	1291	3.03e-38	156
dcf444a2-260e-4d4d-9126-640a471946c2	NR_074980.1	97.647	85	0	2	1	84	95	12	4.72e-35	145
dcf444a2-260e-4d4d-9126-640a471946c2	NR_113031.1	97.647	85	0	2	1	84	95	12	4.72e-35	145
dcf444a2-260e-4d4d-9126-640a471946c2	NR_163639.1	97.619	84	0	2	1	83	87	5	1.70e-34	143
dcf444a2-260e-4d4d-9126-640a471946c2	NR_113376.1	96.471	85	1	2	1	84	95	12	2.20e-33	139
dcf444a2-260e-4d4d-9126-640a471946c2	NR_117759.1	98.592	71	0	1	1	71	71	2	6.15e-29	124
d322b62a-8f3c-4f7b-a1a5-43da484f4be4	NR_025892.1	93.870	261	5	10	1	253	1366	1109	3.44e-106	383
d322b62a-8f3c-4f7b-a1a5-43da484f4be4	NR_041989.1	93.870	261	5	10	1	253	1299	1042	3.44e-106	383
d322b62a-8f3c-4f7b-a1a5-43da484f4be4	NR_117694.1	93.870	261	5	10	1	253	1341	1084	3.44e-106	383
d322b62a-8f3c-4f7b-a1a5-43da484f4be4	NR_040933.1	93.487	261	6	10	1	253	1363	1106	1.60e-104	377
d322b62a-8f3c-4f7b-a1a5-43da484f4be4	NR_104947.1	93.487	261	6	10	1	253	1314	1057	1.60e-104	377
b6ea89b9-9d32-427d-9b3a-09cd35b11caf	NR_043332.1	91.579	95	5	3	1	93	1389	1482	5.60e-30	128
b6ea89b9-9d32-427d-9b3a-09cd35b11caf	NR_074980.1	91.579	95	5	3	1	93	1416	1509	5.60e-30	128
b6ea89b9-9d32-427d-9b3a-09cd35b11caf	NR_113031.1	91.579	95	5	3	1	93	1416	1509	5.60e-30	128
b6ea89b9-9d32-427d-9b3a-09cd35b11caf	NR_115354.1	91.579	95	5	3	1	93	1389	1482	5.60e-30	128
b6ea89b9-9d32-427d-9b3a-09cd35b11caf	NR_115355.1	91.579	95	5	3	1	93	1389	1482	5.60e-30	128
ca7c9057-0a9f-49a9-9c51-31f485a11cea	NR_024842.1	90.576	191	10	7	23	206	197	8	3.75e-65	246
ca7c9057-0a9f-49a9-9c51-31f485a11cea	NR_115241.1	90.608	181	10	6	23	196	182	2	2.92e-61	233
ca7c9057-0a9f-49a9-9c51-31f485a11cea	NR_165737.1	90.751	173	9	6	31	196	174	2	1.76e-58	224
ca7c9057-0a9f-49a9-9c51-31f485a11cea	NR_178515.1	90.751	173	9	6	31	196	174	2	1.76e-58	224
ca7c9057-0a9f-49a9-9c51-31f485a11cea	NR_114413.1	89.130	184	12	7	30	206	198	16	6.32e-58	222
285919f8-76f6-43f1-a7d0-0bbfafc47e62	NR_148589.1	93.939	132	4	4	1	129	131	1	2.38e-50	196
285919f8-76f6-43f1-a7d0-0bbfafc47e62	NR_165737.1	93.939	132	4	4	1	129	131	1	2.38e-50	196
285919f8-76f6-43f1-a7d0-0bbfafc47e62	NR_178515.1	93.939	132	4	4	1	129	131	1	2.38e-50	196
285919f8-76f6-43f1-a7d0-0bbfafc47e62	NR_024842.1	92.199	141	5	6	1	137	146	8	8.57e-50	195
285919f8-76f6-43f1-a7d0-0bbfafc47e62	NR_114413.1	92.199	141	5	6	1	137	154	16	8.57e-50	195
1eceec19-3052-42af-a8c1-4ff7162cb8fd	NR_115241.1	97.080	137	4	0	1	137	595	459	6.47e-61	231
1eceec19-3052-42af-a8c1-4ff7162cb8fd	NR_115735.1	97.080	137	4	0	1	137	586	450	6.47e-61	231
1eceec19-3052-42af-a8c1-4ff7162cb8fd	NR_116211.1	97.080	137	4	0	1	137	518	382	6.47e-61	231
1eceec19-3052-42af-a8c1-4ff7162cb8fd	NR_024842.1	96.350	137	5	0	1	137	610	474	8.37e-60	228
1eceec19-3052-42af-a8c1-4ff7162cb8fd	NR_024659.1	96.350	137	5	0	1	137	576	440	3.01e-59	226
41f3f10f-977c-45e2-8d76-c28f476980ae	NR_133752.1	96.602	206	3	4	1	203	803	599	5.85e-93	339
41f3f10f-977c-45e2-8d76-c28f476980ae	NR_133753.1	96.602	206	3	4	1	203	832	628	5.85e-93	339
41f3f10f-977c-45e2-8d76-c28f476980ae	NR_025904.1	96.602	206	3	4	1	203	877	673	5.85e-93	339
41f3f10f-977c-45e2-8d76-c28f476980ae	NR_026419.1	96.602	206	3	4	1	203	866	662	5.85e-93	339
41f3f10f-977c-45e2-8d76-c28f476980ae	NR_025903.1	96.602	206	3	4	1	203	878	674	5.85e-93	339
aa38596c-7315-4a66-a3d5-a0dbfff76c5d	NR_042776.1	94.961	258	4	8	1	251	227	482	4.34e-110	396
aa38596c-7315-4a66-a3d5-a0dbfff76c5d	NR_042777.1	94.961	258	4	8	1	251	227	482	4.34e-110	396
aa38596c-7315-4a66-a3d5-a0dbfff76c5d	NR_197695.1	94.961	258	4	8	1	251	226	481	4.34e-110	396
aa38596c-7315-4a66-a3d5-a0dbfff76c5d	NR_042778.1	94.574	258	5	8	1	251	227	482	2.02e-108	390
aa38596c-7315-4a66-a3d5-a0dbfff76c5d	NR_118998.1	93.798	258	7	8	1	251	222	477	4.37e-105	379
dfab66ff-3120-4590-bf71-8606e8024f36	NR_044049.1	95.960	99	1	3	72	168	928	831	1.43e-38	158
dfab66ff-3120-4590-bf71-8606e8024f36	NR_025796.1	95.918	98	1	3	74	168	934	837	5.13e-38	156
dfab66ff-3120-4590-bf71-8606e8024f36	NR_026100.1	95.918	98	1	3	74	168	935	838	5.13e-38	156
dfab66ff-3120-4590-bf71-8606e8024f36	NR_026106.1	95.918	98	1	3	74	168	928	831	5.13e-38	156
dfab66ff-3120-4590-bf71-8606e8024f36	NR_024917.1	95.918	98	1	3	74	168	951	854	5.13e-38	156
48043b00-f0cf-4213-9d55-3f369e5a9f75	NR_041880.1	96.000	125	3	2	1	123	132	8	4.85e-52	202
48043b00-f0cf-4213-9d55-3f369e5a9f75	NR_041879.1	96.000	125	3	2	1	123	133	9	4.85e-52	202
48043b00-f0cf-4213-9d55-3f369e5a9f75	NR_115354.1	96.000	125	3	2	1	123	176	52	4.85e-52	202
48043b00-f0cf-4213-9d55-3f369e5a9f75	NR_119170.1	96.000	125	3	2	1	123	181	57	4.85e-52	202
48043b00-f0cf-4213-9d55-3f369e5a9f75	NR_115355.1	95.200	125	4	2	1	123	176	52	1.75e-51	200
178a8f3f-ebdc-4ebd-bbb6-4e0516844cef	NR_025892.1	91.743	109	2	3	1	105	145	40	7.00e-35	145
178a8f3f-ebdc-4ebd-bbb6-4e0516844cef	NR_117694.1	90.826	109	3	3	1	105	119	14	3.26e-33	139
178a8f3f-ebdc-4ebd-bbb6-4e0516844cef	NR_117692.1	89.908	109	4	3	1	105	119	14	1.52e-31	134
178a8f3f-ebdc-4ebd-bbb6-4e0516844cef	NR_117717.1	91.089	101	2	3	9	105	132	35	1.96e-30	130
178a8f3f-ebdc-4ebd-bbb6-4e0516844cef	NR_121687.1	91.089	101	2	3	9	105	131	34	1.96e-30	130
24552423-cf84-4d21-a4bc-ae7155ba401a	NR_163639.1	94.444	144	2	6	1	139	145	3	1.84e-56	217
24552423-cf84-4d21-a4bc-ae7155ba401a	NR_074980.1	94.366	142	2	6	1	137	153	13	2.39e-55	213
24552423-cf84-4d21-a4bc-ae7155ba401a	NR_113031.1	94.366	142	2	6	1	137	153	13	2.39e-55	213
24552423-cf84-4d21-a4bc-ae7155ba401a	NR_117759.1	94.615	130	1	6	1	125	129	1	2.40e-50	196
24552423-cf84-4d21-a4bc-ae7155ba401a	NR_119168.1	94.615	130	1	6	1	125	131	3	2.40e-50	196
3546f24b-32c2-4e5b-88e5-c8328bbf87a1	NR_024841.1	97.414	116	1	2	1	114	1024	1139	1.95e-50	196
3546f24b-32c2-4e5b-88e5-c8328bbf87a1	NR_036936.1	97.414	116	1	2	1	114	1010	1125	1.95e-50	196
3546f24b-32c2-4e5b-88e5-c8328bbf87a1	NR_028665.1	97.414	116	1	2	1	114	1025	1140	1.95e-50	196
3546f24b-32c2-4e5b-88e5-c8328bbf87a1	NR_042927.1	97.414	116	1	2	1	114	1010	1125	1.95e-50	196
3546f24b-32c2-4e5b-88e5-c8328bbf87a1	NR_109720.1	97.414	116	1	2	1	114	1004	1119	1.95e-50	196
28a6ad86-ca85-4d22-bfb0-f55618e04395	NR_026419.1	95.425	153	1	3	8	154	1318	1470	4.95e-63	239
28a6ad86-ca85-4d22-bfb0-f55618e04395	NR_025904.1	94.771	153	1	4	8	154	1329	1480	8.29e-61	231
28a6ad86-ca85-4d22-bfb0-f55618e04395	NR_025903.1	94.118	153	2	4	8	154	1330	1481	3.86e-59	226
28a6ad86-ca85-4d22-bfb0-f55618e04395	NR_133752.1	94.406	143	2	3	8	144	1255	1397	8.35e-56	215
28a6ad86-ca85-4d22-bfb0-f55618e04395	NR_133753.1	94.406	143	2	3	8	144	1284	1426	8.35e-56	215
8cf1bfb4-9bd8-452e-a581-c693224e0dea	NR_041880.1	94.030	67	2	2	1	67	1304	1240	7.86e-22	100
8cf1bfb4-9bd8-452e-a581-c693224e0dea	NR_134226.1	94.030	67	2	2	1	67	1286	1222	7.86e-22	100
8cf1bfb4-9bd8-452e-a581-c693224e0dea	NR_025762.1	94.030	67	2	2	1	67	1326	1262	7.86e-22	100
8cf1bfb4-9bd8-452e-a581-c693224e0dea	NR_025046.1	94.030	67	2	2	1	67	1344	1280	7.86e-22	100
8cf1bfb4-9bd8-452e-a581-c693224e0dea	NR_029101.1	94.030	67	2	2	1	67	1310	1246	7.86e-22	100
2cc70fcf-433f-42d2-9ff1-6f8011bc5041	NR_041879.1	96.203	158	2	4	17	172	1095	1250	5.12e-68	255
2cc70fcf-433f-42d2-9ff1-6f8011bc5041	NR_115355.1	96.203	158	2	4	17	172	1137	1292	5.12e-68	255
2cc70fcf-433f-42d2-9ff1-6f8011bc5041	NR_119169.1	96.203	158	2	4	17	172	1142	1297	5.12e-68	255
2cc70fcf-433f-42d2-9ff1-6f8011bc5041	NR_163639.1	96.203	158	2	4	17	172	1152	1307	5.12e-68	255
2cc70fcf-433f-42d2-9ff1-6f8011bc5041	NR_179325.1	96.203	158	2	4	17	172	1111	1266	5.12e-68	255
474a082e-2b1b-45bc-9cbd-94aca8365b8c	NR_163639.1	90.780	141	4	7	7	139	143	4	2.42e-45	180
474a082e-2b1b-45bc-9cbd-94aca8365b8c	NR_074980.1	90.714	140	4	7	7	138	151	13	8.70e-45	178
474a082e-2b1b-45bc-9cbd-94aca8365b8c	NR_113031.1	90.714	140	4	7	7	138	151	13	8.70e-45	178
474a082e-2b1b-45bc-9cbd-94aca8365b8c	NR_119168.1	90.769	130	4	6	7	129	129	1	1.88e-41	167
474a082e-2b1b-45bc-9cbd-94aca8365b8c	NR_119169.1	90.769	130	4	6	7	129	129	1	1.88e-41	167
25c51415-f952-4b0c-a720-fd1b45d87f7d	NR_163639.1	99.387	163	1	0	7	169	166	4	2.92e-80	296
25c51415-f952-4b0c-a720-fd1b45d87f7d	NR_074980.1	99.383	162	1	0	7	168	174	13	1.05e-79	294
25c51415-f952-4b0c-a720-fd1b45d87f7d	NR_113031.1	99.383	162	1	0	7	168	174	13	1.05e-79	294
25c51415-f952-4b0c-a720-fd1b45d87f7d	NR_119168.1	99.342	152	1	0	7	158	152	1	3.80e-74	276
25c51415-f952-4b0c-a720-fd1b45d87f7d	NR_119169.1	99.342	152	1	0	7	158	152	1	3.80e-74	276
b5949d80-c1ab-4bd1-bd08-c3fec88c8e0d	NR_026419.1	90.625	128	4	5	1	121	1349	1223	2.12e-40	163
0becd847-06a0-410f-b005-a758e1568994	NR_116091.1	85.882	85	6	5	61	140	1454	1371	5.47e-17	86.1
0becd847-06a0-410f-b005-a758e1568994	NR_115789.1	85.714	84	7	4	61	140	1396	1314	1.97e-16	84.2
0becd847-06a0-410f-b005-a758e1568994	NR_044177.1	87.179	78	5	4	61	134	1372	1296	1.97e-16	84.2
0becd847-06a0-410f-b005-a758e1568994	NR_115787.1	84.884	86	6	6	61	140	1399	1315	2.55e-15	80.5
0becd847-06a0-410f-b005-a758e1568994	NR_043412.1	83.750	80	6	6	61	134	1398	1320	1.53e-12	71.3
2d9b7b33-4273-4e21-836f-2be1d5d15267	NR_028666.1	99.045	314	2	1	1	313	1186	1499	5.17e-160	562
2d9b7b33-4273-4e21-836f-2be1d5d15267	NR_028833.1	99.045	314	2	1	1	313	1189	1502	5.17e-160	562
2d9b7b33-4273-4e21-836f-2be1d5d15267	NR_029052.1	99.045	314	2	1	1	313	1150	1463	5.17e-160	562
2d9b7b33-4273-4e21-836f-2be1d5d15267	NR_036918.1	99.045	314	2	1	1	313	1179	1492	5.17e-160	562
2d9b7b33-4273-4e21-836f-2be1d5d15267	NR_042771.1	99.045	314	2	1	1	313	1180	1493	5.17e-160	562
00673ed7-4db0-45a6-99fb-807ccc0014f8	NR_025902.1	93.617	188	10	2	1	186	1262	1449	3.28e-75	279
00673ed7-4db0-45a6-99fb-807ccc0014f8	NR_028844.1	93.617	188	10	2	1	186	1293	1480	3.28e-75	279
00673ed7-4db0-45a6-99fb-807ccc0014f8	NR_040933.1	93.617	188	10	2	1	186	1306	1493	3.28e-75	279
00673ed7-4db0-45a6-99fb-807ccc0014f8	NR_117717.1	93.617	188	10	2	1	186	1304	1491	3.28e-75	279
00673ed7-4db0-45a6-99fb-807ccc0014f8	NR_121688.1	93.617	188	10	2	1	186	1304	1491	3.28e-75	279
c307285c-3c16-4411-b46a-be9354395b8d	NR_043332.1	81.739	115	11	9	1	108	1341	1230	1.16e-17	87.9
c307285c-3c16-4411-b46a-be9354395b8d	NR_074980.1	81.739	115	11	9	1	108	1368	1257	1.16e-17	87.9
c307285c-3c16-4411-b46a-be9354395b8d	NR_113031.1	81.739	115	11	9	1	108	1368	1257	1.16e-17	87.9
c307285c-3c16-4411-b46a-be9354395b8d	NR_113570.1	81.739	115	11	9	1	108	1348	1237	1.16e-17	87.9
c307285c-3c16-4411-b46a-be9354395b8d	NR_117759.1	81.739	115	11	9	1	108	1344	1233	1.16e-17	87.9
a1ccc3b9-48cf-4191-9545-f70097c21033	NR_042776.1	89.299	271	15	12	1	261	284	18	1.69e-89	327
a1ccc3b9-48cf-4191-9545-f70097c21033	NR_042778.1	88.930	271	16	11	1	261	284	18	7.86e-88	322
a1ccc3b9-48cf-4191-9545-f70097c21033	NR_042777.1	88.561	271	17	12	1	261	284	18	3.66e-86	316
a1ccc3b9-48cf-4191-9545-f70097c21033	NR_118998.1	87.823	271	19	11	1	261	279	13	2.20e-83	307
a1ccc3b9-48cf-4191-9545-f70097c21033	NR_197695.1	87.823	271	19	12	1	261	283	17	7.92e-83	305
81a830b3-94e2-4227-9266-46e9ce575325	NR_043332.1	93.893	131	6	2	1	129	1352	1482	2.28e-50	196
81a830b3-94e2-4227-9266-46e9ce575325	NR_074980.1	93.893	131	6	2	1	129	1379	1509	2.28e-50	196
81a830b3-94e2-4227-9266-46e9ce575325	NR_113031.1	93.893	131	6	2	1	129	1379	1509	2.28e-50	196
81a830b3-94e2-4227-9266-46e9ce575325	NR_115354.1	93.893	131	6	2	1	129	1352	1482	2.28e-50	196
81a830b3-94e2-4227-9266-46e9ce575325	NR_115355.1	93.893	131	6	2	1	129	1352	1482	2.28e-50	196
31f4269c-bacf-421e-8771-2598cdd5d43b	NR_041520.1	89.041	146	8	7	8	149	840	981	1.28e-43	174
31f4269c-bacf-421e-8771-2598cdd5d43b	NR_041522.1	89.041	146	8	7	8	149	844	985	1.28e-43	174
31f4269c-bacf-421e-8771-2598cdd5d43b	NR_042214.1	89.041	146	8	7	8	149	856	997	1.28e-43	174
31f4269c-bacf-421e-8771-2598cdd5d43b	NR_112626.1	89.041	146	8	7	8	149	842	983	1.28e-43	174
31f4269c-bacf-421e-8771-2598cdd5d43b	NR_118218.1	89.041	146	8	7	8	149	840	981	1.28e-43	174
33264adb-630b-4833-8b79-c6198d7edc22	NR_043332.1	90.909	132	7	4	1	127	1493	1362	3.87e-43	172
33264adb-630b-4833-8b79-c6198d7edc22	NR_074980.1	90.909	132	7	4	1	127	1520	1389	3.87e-43	172
33264adb-630b-4833-8b79-c6198d7edc22	NR_113031.1	90.909	132	7	4	1	127	1520	1389	3.87e-43	172
33264adb-630b-4833-8b79-c6198d7edc22	NR_115354.1	90.909	132	7	4	1	127	1493	1362	3.87e-43	172
33264adb-630b-4833-8b79-c6198d7edc22	NR_115355.1	90.909	132	7	4	1	127	1493	1362	3.87e-43	172
4e8faba9-6eda-41e5-8fda-33ce6edaa305	NR_042776.1	95.307	277	9	3	1	273	87	363	2.82e-122	436
4e8faba9-6eda-41e5-8fda-33ce6edaa305	NR_042778.1	94.946	277	10	3	1	273	87	363	1.31e-120	431
4e8faba9-6eda-41e5-8fda-33ce6edaa305	NR_042777.1	94.585	277	11	3	1	273	87	363	6.11e-119	425
4e8faba9-6eda-41e5-8fda-33ce6edaa305	NR_118998.1	94.224	277	12	3	1	273	82	358	7.90e-118	422
4e8faba9-6eda-41e5-8fda-33ce6edaa305	NR_197695.1	93.502	277	14	3	1	273	86	362	6.15e-114	409
5e64ecf9-b167-42ea-80a2-465ab1954629	NR_113561.1	95.973	149	3	3	1	146	161	13	4.21e-63	239
5e64ecf9-b167-42ea-80a2-465ab1954629	NR_028665.1	95.946	148	3	3	1	146	156	10	1.51e-62	237
5e64ecf9-b167-42ea-80a2-465ab1954629	NR_117719.1	95.946	148	3	3	1	146	159	13	1.51e-62	237
5e64ecf9-b167-42ea-80a2-465ab1954629	NR_165741.1	95.946	148	3	3	1	146	148	2	1.51e-62	237
5e64ecf9-b167-42ea-80a2-465ab1954629	NR_179383.1	95.946	148	3	3	1	146	166	20	1.51e-62	237
54fae1ac-b4c1-4508-911f-faec86554197	NR_024842.1	95.322	171	5	2	1	170	176	8	6.45e-72	268
54fae1ac-b4c1-4508-911f-faec86554197	NR_115241.1	97.973	148	3	0	1	148	161	14	1.40e-68	257
54fae1ac-b4c1-4508-911f-faec86554197	NR_115735.1	97.315	149	3	1	1	148	152	4	6.49e-67	252
54fae1ac-b4c1-4508-911f-faec86554197	NR_114413.1	93.452	168	8	2	4	170	181	16	3.02e-65	246
54fae1ac-b4c1-4508-911f-faec86554197	NR_179720.1	93.452	168	8	2	4	170	178	13	3.02e-65	246
42e6714f-f2b5-41c0-8165-d0e6332a93c4	NR_028682.1	89.916	119	3	8	1	111	1337	1220	7.39e-35	145
42e6714f-f2b5-41c0-8165-d0e6332a93c4	NR_025862.1	89.916	119	3	8	1	111	1336	1219	7.39e-35	145
42e6714f-f2b5-41c0-8165-d0e6332a93c4	NR_025435.1	89.167	120	4	7	1	112	1334	1216	9.55e-34	141
42e6714f-f2b5-41c0-8165-d0e6332a93c4	NR_104971.1	89.655	116	4	6	4	112	1321	1207	9.55e-34	141
42e6714f-f2b5-41c0-8165-d0e6332a93c4	NR_043484.1	89.167	120	4	6	1	112	1325	1207	9.55e-34	141
f008ad76-5a4c-4a3e-b380-dd48d7a79b30	NR_024904.1	95.092	163	6	2	1	161	1339	1501	4.82e-68	255
f008ad76-5a4c-4a3e-b380-dd48d7a79b30	NR_041707.1	95.092	163	6	2	1	161	1320	1482	4.82e-68	255
f008ad76-5a4c-4a3e-b380-dd48d7a79b30	NR_024906.1	95.092	163	6	2	1	161	1324	1486	4.82e-68	255
f008ad76-5a4c-4a3e-b380-dd48d7a79b30	NR_025435.1	95.092	163	6	2	1	161	1332	1494	4.82e-68	255
f008ad76-5a4c-4a3e-b380-dd48d7a79b30	NR_036793.2	95.092	163	6	2	1	161	1343	1505	4.82e-68	255
1d3f3532-57bc-4782-9e82-a5528fc78ea5	NR_024842.1	95.376	173	5	2	7	176	1417	1245	5.25e-73	272
1d3f3532-57bc-4782-9e82-a5528fc78ea5	NR_115241.1	95.376	173	5	2	7	176	1402	1230	5.25e-73	272
1d3f3532-57bc-4782-9e82-a5528fc78ea5	NR_115735.1	95.376	173	5	2	7	176	1393	1221	5.25e-73	272
1d3f3532-57bc-4782-9e82-a5528fc78ea5	NR_116211.1	95.376	173	5	2	7	176	1325	1153	5.25e-73	272
1d3f3532-57bc-4782-9e82-a5528fc78ea5	NR_116212.1	95.376	173	5	2	7	176	1325	1153	5.25e-73	272
c0e3c8bf-700d-42ba-98fb-81edce4f7a08	NR_042776.1	92.941	170	6	5	1	165	186	18	3.72e-64	243
c0e3c8bf-700d-42ba-98fb-81edce4f7a08	NR_042778.1	92.941	170	6	5	1	165	186	18	3.72e-64	243
c0e3c8bf-700d-42ba-98fb-81edce4f7a08	NR_042777.1	93.373	166	5	5	5	165	182	18	1.34e-63	241
c0e3c8bf-700d-42ba-98fb-81edce4f7a08	NR_197695.1	92.353	170	6	6	2	165	185	17	6.23e-62	235
c0e3c8bf-700d-42ba-98fb-81edce4f7a08	NR_041781.1	92.727	165	6	5	6	165	165	2	2.24e-61	233
474da88b-eb32-4cd3-a1cf-5f5e15f34c51	NR_042878.1	96.059	203	2	3	1	197	1229	1027	4.41e-89	326
474da88b-eb32-4cd3-a1cf-5f5e15f34c51	NR_116168.1	96.059	203	2	3	1	197	1250	1048	4.41e-89	326
474da88b-eb32-4cd3-a1cf-5f5e15f34c51	NR_024899.1	96.000	200	2	3	4	197	1246	1047	2.05e-87	320
474da88b-eb32-4cd3-a1cf-5f5e15f34c51	NR_042868.1	95.567	203	3	3	1	197	1231	1029	2.05e-87	320
474da88b-eb32-4cd3-a1cf-5f5e15f34c51	NR_115215.1	96.000	200	2	3	4	197	1226	1027	2.05e-87	320
b8ad02c5-1095-4928-954c-c0bebb826426	NR_025880.1	88.235	119	7	3	1	119	1385	1274	4.45e-32	135
b8ad02c5-1095-4928-954c-c0bebb826426	NR_117521.1	87.395	119	8	3	1	119	1347	1236	2.07e-30	130
b8ad02c5-1095-4928-954c-c0bebb826426	NR_125468.1	87.395	119	8	3	1	119	1367	1256	2.07e-30	130
b8ad02c5-1095-4928-954c-c0bebb826426	NR_025642.1	86.555	119	9	3	1	119	1405	1294	9.62e-29	124
b8ad02c5-1095-4928-954c-c0bebb826426	NR_029041.1	86.555	119	9	3	1	119	1392	1281	9.62e-29	124
7d257564-d3ee-4468-ad12-2a1ea83cdb5e	NR_113570.1	92.913	1030	38	27	6	1013	477	1493	0.0	1465
7d257564-d3ee-4468-ad12-2a1ea83cdb5e	NR_043332.1	92.711	1029	41	26	6	1013	470	1485	0.0	1459
7d257564-d3ee-4468-ad12-2a1ea83cdb5e	NR_074980.1	92.809	1029	40	26	6	1013	497	1512	0.0	1459
7d257564-d3ee-4468-ad12-2a1ea83cdb5e	NR_113031.1	92.809	1029	40	26	6	1013	497	1512	0.0	1459
7d257564-d3ee-4468-ad12-2a1ea83cdb5e	NR_115354.1	92.517	1029	43	26	6	1013	470	1485	0.0	1447
75ff1afa-b407-4838-8f33-15a3f06f1a01	NR_042928.1	92.897	535	22	14	1	530	524	1	0.0	763
75ff1afa-b407-4838-8f33-15a3f06f1a01	NR_199547.1	94.235	503	14	13	1	497	504	11	0.0	754
75ff1afa-b407-4838-8f33-15a3f06f1a01	NR_112026.1	93.861	505	16	13	1	500	507	13	0.0	747
75ff1afa-b407-4838-8f33-15a3f06f1a01	NR_109720.1	92.264	530	25	14	1	524	520	1	0.0	737
75ff1afa-b407-4838-8f33-15a3f06f1a01	NR_165747.1	91.776	535	28	14	1	530	524	1	0.0	730
1cef5bb0-1397-42d8-b31e-3904f34cf6c6	NR_117694.1	92.945	893	35	23	17	896	591	1468	0.0	1275
1cef5bb0-1397-42d8-b31e-3904f34cf6c6	NR_121687.1	92.721	893	37	23	17	896	611	1488	0.0	1264
1cef5bb0-1397-42d8-b31e-3904f34cf6c6	NR_026079.2	92.273	893	41	23	17	896	618	1495	0.0	1242
1cef5bb0-1397-42d8-b31e-3904f34cf6c6	NR_117692.1	92.273	893	41	23	17	896	591	1468	0.0	1242
1cef5bb0-1397-42d8-b31e-3904f34cf6c6	NR_025892.1	91.880	899	43	24	6	889	603	1486	0.0	1238
2f9e5e64-7fa9-4801-b0e2-bdbb9b27cc9c	NR_044873.1	89.243	846	50	30	6	830	944	119	0.0	1020
2f9e5e64-7fa9-4801-b0e2-bdbb9b27cc9c	NR_074568.1	87.456	845	66	29	6	830	954	130	0.0	937
2f9e5e64-7fa9-4801-b0e2-bdbb9b27cc9c	NR_178360.1	87.470	846	65	30	6	830	921	96	0.0	937
2f9e5e64-7fa9-4801-b0e2-bdbb9b27cc9c	NR_025310.1	87.337	845	67	29	6	830	934	110	0.0	931
2f9e5e64-7fa9-4801-b0e2-bdbb9b27cc9c	NR_109752.1	87.352	846	66	30	6	830	965	140	0.0	931
ec718c19-155b-4ecf-a2fe-302833925758	NR_042776.1	93.548	837	21	23	3	819	841	18	0.0	1216
ec718c19-155b-4ecf-a2fe-302833925758	NR_042778.1	93.309	837	23	23	3	819	841	18	0.0	1205
ec718c19-155b-4ecf-a2fe-302833925758	NR_042777.1	93.190	837	23	24	3	819	840	18	0.0	1199
ec718c19-155b-4ecf-a2fe-302833925758	NR_197695.1	93.037	833	25	23	7	819	836	17	0.0	1186
ec718c19-155b-4ecf-a2fe-302833925758	NR_118998.1	92.703	836	30	21	3	819	836	13	0.0	1179
6e550fe4-dbda-4d38-b3ca-6bad7c2c871d	NR_136788.1	95.200	875	29	10	7	875	609	1476	0.0	1371
6e550fe4-dbda-4d38-b3ca-6bad7c2c871d	NR_026230.1	92.652	871	52	9	10	875	591	1454	0.0	1249
6e550fe4-dbda-4d38-b3ca-6bad7c2c871d	NR_113082.1	92.798	847	47	11	10	850	613	1451	0.0	1214
6e550fe4-dbda-4d38-b3ca-6bad7c2c871d	NR_136443.1	89.019	856	75	18	20	867	585	1429	0.0	1042
6e550fe4-dbda-4d38-b3ca-6bad7c2c871d	NR_152035.1	86.982	868	85	24	22	875	626	1479	0.0	952
51b3b2bb-28c0-44f8-8cdc-f2570a455bfb	NR_028664.1	95.380	368	8	8	16	377	695	331	2.25e-164	577
51b3b2bb-28c0-44f8-8cdc-f2570a455bfb	NR_042927.1	95.380	368	8	8	16	377	674	310	2.25e-164	577
51b3b2bb-28c0-44f8-8cdc-f2570a455bfb	NR_042928.1	95.380	368	8	8	16	377	672	308	2.25e-164	577
51b3b2bb-28c0-44f8-8cdc-f2570a455bfb	NR_112026.1	95.380	368	8	8	16	377	655	291	2.25e-164	577
51b3b2bb-28c0-44f8-8cdc-f2570a455bfb	NR_114413.1	95.380	368	8	8	16	377	697	333	2.25e-164	577
24b7cf6b-ee6d-43b4-93b8-b4aa7c96d7d6	NR_042776.1	95.918	392	11	4	1	389	407	18	1.75e-180	630
24b7cf6b-ee6d-43b4-93b8-b4aa7c96d7d6	NR_042778.1	95.663	392	12	4	1	389	407	18	8.15e-179	625
24b7cf6b-ee6d-43b4-93b8-b4aa7c96d7d6	NR_042777.1	95.408	392	13	4	1	389	407	18	3.79e-177	619
24b7cf6b-ee6d-43b4-93b8-b4aa7c96d7d6	NR_118998.1	94.898	392	15	4	1	389	402	13	2.28e-174	610
24b7cf6b-ee6d-43b4-93b8-b4aa7c96d7d6	NR_197695.1	94.643	392	16	4	1	389	406	17	3.82e-172	603
fcec8917-1da3-4eed-b22c-e1d540428d68	NR_024842.1	88.532	436	31	17	7	432	436	10	2.68e-144	510
fcec8917-1da3-4eed-b22c-e1d540428d68	NR_115241.1	88.372	430	31	17	7	426	421	1	5.80e-141	499
fcec8917-1da3-4eed-b22c-e1d540428d68	NR_115735.1	87.886	421	31	18	7	416	412	1	2.72e-134	477
fcec8917-1da3-4eed-b22c-e1d540428d68	NR_165737.1	87.239	431	34	19	7	426	421	1	1.27e-132	472
fcec8917-1da3-4eed-b22c-e1d540428d68	NR_178515.1	87.239	431	34	19	7	426	421	1	1.27e-132	472
46ad8bf2-d221-4dc4-a2b9-b358e8b25534	NR_042776.1	94.840	814	18	16	1	796	692	1499	0.0	1249
46ad8bf2-d221-4dc4-a2b9-b358e8b25534	NR_042777.1	94.840	814	18	16	1	796	691	1498	0.0	1249
46ad8bf2-d221-4dc4-a2b9-b358e8b25534	NR_042778.1	94.595	814	20	16	1	796	692	1499	0.0	1238
46ad8bf2-d221-4dc4-a2b9-b358e8b25534	NR_197695.1	94.472	814	21	16	1	796	691	1498	0.0	1232
46ad8bf2-d221-4dc4-a2b9-b358e8b25534	NR_118998.1	94.219	813	24	16	1	796	687	1493	0.0	1219
8cb9347e-01ce-4888-8dda-17ef1bfd1671	NR_042928.1	93.218	634	25	17	5	631	626	4	0.0	917
8cb9347e-01ce-4888-8dda-17ef1bfd1671	NR_109720.1	93.185	631	27	15	5	628	622	1	0.0	913
8cb9347e-01ce-4888-8dda-17ef1bfd1671	NR_199547.1	93.801	613	23	14	5	611	606	3	0.0	907
8cb9347e-01ce-4888-8dda-17ef1bfd1671	NR_165747.1	92.744	634	28	17	5	631	626	4	0.0	900
8cb9347e-01ce-4888-8dda-17ef1bfd1671	NR_036936.1	92.598	635	29	16	5	631	628	4	0.0	896
179b506e-92be-4780-8378-d20797579a50	NR_102895.1	91.552	1385	68	42	1	1358	1368	6	0.0	1864
179b506e-92be-4780-8378-d20797579a50	NR_113113.1	91.679	1370	65	42	1	1343	1348	1	0.0	1853
179b506e-92be-4780-8378-d20797579a50	NR_042843.1	91.630	1362	65	42	1	1335	1340	1	0.0	1840
179b506e-92be-4780-8378-d20797579a50	NR_114305.1	90.166	1383	85	43	1	1355	1360	1	0.0	1753
179b506e-92be-4780-8378-d20797579a50	NR_109628.1	90.389	1363	82	42	1	1336	1341	1	0.0	1746
8abf621d-0282-4277-be3a-3eb6edb5a4aa	NR_044873.1	91.832	404	15	16	1	392	933	536	1.84e-155	547
8abf621d-0282-4277-be3a-3eb6edb5a4aa	NR_026194.1	91.045	402	21	13	1	392	929	533	6.65e-150	529
8abf621d-0282-4277-be3a-3eb6edb5a4aa	NR_026198.1	91.111	405	15	18	1	392	941	545	6.65e-150	529
8abf621d-0282-4277-be3a-3eb6edb5a4aa	NR_027199.1	91.045	402	21	13	1	392	927	531	6.65e-150	529
8abf621d-0282-4277-be3a-3eb6edb5a4aa	NR_043968.1	91.089	404	17	17	1	392	901	505	6.65e-150	529
02fcaf86-de27-44b5-9d9d-6f98c4c06be0	NR_165747.1	97.129	627	6	10	3	623	625	5	0.0	1048
02fcaf86-de27-44b5-9d9d-6f98c4c06be0	NR_042928.1	96.970	627	7	9	3	623	625	5	0.0	1042
02fcaf86-de27-44b5-9d9d-6f98c4c06be0	NR_199545.1	96.406	640	10	10	3	636	645	13	0.0	1042
02fcaf86-de27-44b5-9d9d-6f98c4c06be0	NR_028664.1	96.250	640	11	11	3	636	648	16	0.0	1037
02fcaf86-de27-44b5-9d9d-6f98c4c06be0	NR_165744.1	96.100	641	12	11	3	637	634	1	0.0	1033
e88d92f6-bd56-4c80-91f6-2f81f026bc0d	NR_042776.1	93.148	467	16	14	2	461	1042	1499	0.0	671
e88d92f6-bd56-4c80-91f6-2f81f026bc0d	NR_042777.1	93.148	467	16	14	2	461	1041	1498	0.0	671
e88d92f6-bd56-4c80-91f6-2f81f026bc0d	NR_042052.1	92.704	466	20	12	2	461	940	1397	0.0	660
e88d92f6-bd56-4c80-91f6-2f81f026bc0d	NR_042778.1	92.719	467	18	14	2	461	1042	1499	0.0	660
e88d92f6-bd56-4c80-91f6-2f81f026bc0d	NR_042051.1	92.704	466	21	11	2	461	969	1427	0.0	660
53d0b4f5-98cc-4c3c-a0f4-3a68342464d9	NR_024842.1	88.699	584	42	20	1	570	581	8	0.0	695
53d0b4f5-98cc-4c3c-a0f4-3a68342464d9	NR_115241.1	88.889	576	40	20	1	562	566	1	0.0	688
53d0b4f5-98cc-4c3c-a0f4-3a68342464d9	NR_115735.1	88.908	568	36	23	1	552	557	1	0.0	675
53d0b4f5-98cc-4c3c-a0f4-3a68342464d9	NR_117425.1	87.910	579	46	21	1	565	569	1	0.0	660
53d0b4f5-98cc-4c3c-a0f4-3a68342464d9	NR_178515.1	87.695	577	45	23	1	562	566	1	0.0	649
d6335ddf-06c4-483b-a62f-bf88f3691ca9	NR_024842.1	90.602	1064	42	40	4	1026	1054	8	0.0	1362
d6335ddf-06c4-483b-a62f-bf88f3691ca9	NR_115735.1	91.398	1023	35	36	4	985	1030	20	0.0	1352
d6335ddf-06c4-483b-a62f-bf88f3691ca9	NR_115241.1	90.530	1056	42	40	4	1018	1039	1	0.0	1347
d6335ddf-06c4-483b-a62f-bf88f3691ca9	NR_178515.1	89.404	1057	52	42	4	1018	1039	1	0.0	1277
d6335ddf-06c4-483b-a62f-bf88f3691ca9	NR_116211.1	91.161	973	35	34	4	936	962	1	0.0	1273
51f07c68-2525-49ef-b191-ff7ad7ea24a3	NR_025862.1	92.916	367	12	12	1	363	439	83	7.88e-149	525
51f07c68-2525-49ef-b191-ff7ad7ea24a3	NR_028682.1	90.244	369	19	16	1	363	440	83	4.84e-131	466
51f07c68-2525-49ef-b191-ff7ad7ea24a3	NR_026454.1	88.154	363	22	19	1	355	414	65	6.40e-115	412
51f07c68-2525-49ef-b191-ff7ad7ea24a3	NR_042093.1	85.675	363	29	21	1	354	444	96	2.35e-99	361
51f07c68-2525-49ef-b191-ff7ad7ea24a3	NR_113289.1	85.556	360	35	16	1	354	455	107	2.35e-99	361
