0eea1694-f503-48e6-97f0-9dbe37fdcff7	NR_042776.1	96.542	347	6	5	1	341	1153	1499	3.40e-162	569
0eea1694-f503-48e6-97f0-9dbe37fdcff7	NR_042777.1	96.542	347	6	5	1	341	1152	1498	3.40e-162	569
0eea1694-f503-48e6-97f0-9dbe37fdcff7	NR_042052.1	95.965	347	8	5	1	341	1051	1397	7.36e-159	558
0eea1694-f503-48e6-97f0-9dbe37fdcff7	NR_042778.1	95.965	347	8	5	1	341	1153	1499	7.36e-159	558
0eea1694-f503-48e6-97f0-9dbe37fdcff7	NR_114642.1	95.965	347	8	5	1	341	1110	1456	7.36e-159	558
2145f81e-e66d-4e65-b1df-9f23283cc4be	NR_025862.1	95.890	657	14	11	1	650	662	12	0.0	1057
2145f81e-e66d-4e65-b1df-9f23283cc4be	NR_028682.1	92.716	659	30	16	1	649	663	13	0.0	935
2145f81e-e66d-4e65-b1df-9f23283cc4be	NR_026454.1	90.402	646	40	20	1	631	639	1	0.0	830
2145f81e-e66d-4e65-b1df-9f23283cc4be	NR_025863.1	88.120	665	55	22	1	650	667	12	0.0	773
2145f81e-e66d-4e65-b1df-9f23283cc4be	NR_180911.1	87.613	662	60	19	1	649	653	1	0.0	749
7eb853ae-832c-4dc7-a430-b892ec1b8d63	NR_115355.1	94.885	1349	34	31	1	1322	1341	1	0.0	2080
7eb853ae-832c-4dc7-a430-b892ec1b8d63	NR_163639.1	94.652	1365	31	38	1	1336	1356	5	0.0	2078
7eb853ae-832c-4dc7-a430-b892ec1b8d63	NR_119169.1	94.671	1351	37	31	1	1324	1346	4	0.0	2071
7eb853ae-832c-4dc7-a430-b892ec1b8d63	NR_179325.1	94.992	1318	34	29	1	1292	1315	4	0.0	2039
7eb853ae-832c-4dc7-a430-b892ec1b8d63	NR_074980.1	94.057	1363	47	31	1	1336	1368	13	0.0	2037
0b002df7-0b5c-4500-8fef-13f8bd0143cb	NR_044873.1	89.762	420	17	18	29	436	1371	966	2.09e-145	514
0b002df7-0b5c-4500-8fef-13f8bd0143cb	NR_074568.1	88.810	420	21	18	29	436	1381	976	9.78e-139	492
0b002df7-0b5c-4500-8fef-13f8bd0143cb	NR_044712.2	88.571	420	22	18	29	436	1390	985	1.27e-137	488
0b002df7-0b5c-4500-8fef-13f8bd0143cb	NR_025310.1	87.886	421	23	20	29	436	1361	956	4.58e-132	470
0b002df7-0b5c-4500-8fef-13f8bd0143cb	NR_109752.1	87.857	420	25	18	29	436	1392	987	4.58e-132	470
9dd83e64-08b3-4fb2-aacf-f63f2a30df33	NR_118143.1	94.883	469	11	9	1	461	1116	653	0.0	721
9dd83e64-08b3-4fb2-aacf-f63f2a30df33	NR_042878.1	94.670	469	12	9	1	461	1114	651	0.0	717
9dd83e64-08b3-4fb2-aacf-f63f2a30df33	NR_116168.1	94.670	469	12	9	1	461	1135	672	0.0	715
9dd83e64-08b3-4fb2-aacf-f63f2a30df33	NR_118762.1	93.162	468	20	8	1	461	1137	675	0.0	689
9dd83e64-08b3-4fb2-aacf-f63f2a30df33	NR_025423.1	92.964	469	20	9	1	461	1119	656	0.0	671
e62f341d-7eb1-46ba-87a0-643fd29e9474	NR_165747.1	91.111	270	17	7	5	269	268	1	6.39e-99	359
e62f341d-7eb1-46ba-87a0-643fd29e9474	NR_042928.1	90.741	270	18	7	5	269	268	1	2.97e-97	353
e62f341d-7eb1-46ba-87a0-643fd29e9474	NR_199545.1	89.928	278	21	7	5	277	288	13	1.07e-96	351
e62f341d-7eb1-46ba-87a0-643fd29e9474	NR_028664.1	89.568	278	22	7	5	277	291	16	4.97e-95	346
e62f341d-7eb1-46ba-87a0-643fd29e9474	NR_179385.1	89.568	278	22	7	5	277	292	17	4.97e-95	346
6d204139-92ac-4a63-8ebe-572a5d8cc2b2	NR_042776.1	96.423	643	9	11	1	632	860	1499	0.0	1048
6d204139-92ac-4a63-8ebe-572a5d8cc2b2	NR_042777.1	96.423	643	9	11	1	632	859	1498	0.0	1048
6d204139-92ac-4a63-8ebe-572a5d8cc2b2	NR_042778.1	96.112	643	11	11	1	632	860	1499	0.0	1037
6d204139-92ac-4a63-8ebe-572a5d8cc2b2	NR_197695.1	96.112	643	11	11	1	632	859	1498	0.0	1037
6d204139-92ac-4a63-8ebe-572a5d8cc2b2	NR_118998.1	95.794	642	14	10	1	632	855	1493	0.0	1024
a75a5b83-5478-472e-b82f-cd167591641e	NR_041879.1	92.063	189	10	3	1	185	1373	1186	1.18e-69	261
a75a5b83-5478-472e-b82f-cd167591641e	NR_115355.1	92.063	189	10	3	1	185	1415	1228	1.18e-69	261
a75a5b83-5478-472e-b82f-cd167591641e	NR_163639.1	92.063	189	10	3	1	185	1430	1243	1.18e-69	261
a75a5b83-5478-472e-b82f-cd167591641e	NR_179325.1	92.063	189	10	3	1	185	1389	1202	1.18e-69	261
a75a5b83-5478-472e-b82f-cd167591641e	NR_119169.1	91.534	189	11	3	1	185	1420	1233	5.49e-68	255
49dbfbe2-45d8-487d-92de-8e036a021222	NR_025862.1	95.470	287	6	5	1	285	293	12	8.07e-128	455
49dbfbe2-45d8-487d-92de-8e036a021222	NR_028682.1	92.334	287	14	5	1	284	294	13	1.07e-111	401
49dbfbe2-45d8-487d-92de-8e036a021222	NR_026454.1	85.978	271	29	7	1	266	268	2	1.45e-75	281
49dbfbe2-45d8-487d-92de-8e036a021222	NR_025863.1	83.051	295	32	13	1	285	298	12	8.79e-68	255
49dbfbe2-45d8-487d-92de-8e036a021222	NR_042093.1	81.570	293	38	12	1	284	298	13	1.92e-59	228
a5809587-faf0-44d1-a074-a79dc052eb6a	NR_163639.1	92.083	960	38	29	5	943	946	4	0.0	1317
a5809587-faf0-44d1-a074-a79dc052eb6a	NR_119169.1	92.211	950	38	27	5	932	936	1	0.0	1315
a5809587-faf0-44d1-a074-a79dc052eb6a	NR_074980.1	91.979	960	41	27	5	942	958	13	0.0	1314
a5809587-faf0-44d1-a074-a79dc052eb6a	NR_113031.1	91.979	960	41	27	5	942	958	13	0.0	1314
a5809587-faf0-44d1-a074-a79dc052eb6a	NR_115355.1	92.169	945	38	27	5	927	931	1	0.0	1306
f752ecce-d22a-465b-8842-ad8fe3b588f7	NR_028664.1	95.341	1202	27	24	1	1181	303	1496	0.0	1882
f752ecce-d22a-465b-8842-ad8fe3b588f7	NR_179383.1	95.341	1202	27	24	1	1181	307	1500	0.0	1882
f752ecce-d22a-465b-8842-ad8fe3b588f7	NR_199545.1	95.341	1202	26	25	1	1181	300	1492	0.0	1882
f752ecce-d22a-465b-8842-ad8fe3b588f7	NR_175455.1	95.262	1203	27	25	1	1181	288	1482	0.0	1879
f752ecce-d22a-465b-8842-ad8fe3b588f7	NR_117719.1	95.258	1202	28	24	1	1181	300	1493	0.0	1877
d776d729-1084-4ca2-b5fd-8661530ba1af	NR_042776.1	98.352	546	6	2	1	546	118	660	0.0	955
d776d729-1084-4ca2-b5fd-8661530ba1af	NR_042778.1	97.985	546	8	2	1	546	118	660	0.0	944
d776d729-1084-4ca2-b5fd-8661530ba1af	NR_042777.1	97.802	546	8	3	1	546	118	659	0.0	939
d776d729-1084-4ca2-b5fd-8661530ba1af	NR_197695.1	97.619	546	10	2	1	546	117	659	0.0	933
d776d729-1084-4ca2-b5fd-8661530ba1af	NR_118998.1	97.253	546	12	2	1	546	113	655	0.0	924
a7f702cd-c752-4d11-89fc-8005f1da8c6d	NR_116168.1	90.535	1458	74	46	1	1412	1453	14	0.0	1869
a7f702cd-c752-4d11-89fc-8005f1da8c6d	NR_042878.1	90.591	1371	76	41	63	1397	1362	9	0.0	1779
a7f702cd-c752-4d11-89fc-8005f1da8c6d	NR_118762.1	88.889	1458	99	44	1	1413	1455	16	0.0	1775
a7f702cd-c752-4d11-89fc-8005f1da8c6d	NR_025423.1	88.950	1457	91	49	1	1407	1437	1	0.0	1735
a7f702cd-c752-4d11-89fc-8005f1da8c6d	NR_024897.1	87.705	1464	104	55	1	1412	1452	13	0.0	1637
57174391-7681-4416-b1e6-2fa078c88857	NR_042878.1	89.905	317	16	10	1	311	548	242	1.98e-109	394
57174391-7681-4416-b1e6-2fa078c88857	NR_116168.1	89.905	317	16	10	1	311	569	263	1.98e-109	394
57174391-7681-4416-b1e6-2fa078c88857	NR_025423.1	88.959	317	19	10	1	311	553	247	1.99e-104	377
57174391-7681-4416-b1e6-2fa078c88857	NR_118762.1	87.697	317	23	10	1	311	572	266	1.20e-101	368
57174391-7681-4416-b1e6-2fa078c88857	NR_118143.1	88.013	317	22	10	1	311	550	244	5.57e-100	363
434789de-5d99-4f9f-856c-e003952ba81f	NR_042776.1	88.689	999	70	36	1	965	1009	20	0.0	1179
434789de-5d99-4f9f-856c-e003952ba81f	NR_042778.1	88.589	999	71	36	1	965	1009	20	0.0	1173
434789de-5d99-4f9f-856c-e003952ba81f	NR_042777.1	88.488	999	71	37	1	965	1008	20	0.0	1168
434789de-5d99-4f9f-856c-e003952ba81f	NR_197695.1	88.288	999	74	36	1	965	1008	19	0.0	1157
434789de-5d99-4f9f-856c-e003952ba81f	NR_118998.1	88.100	1000	73	37	1	965	1003	15	0.0	1147
c17bc80e-d66a-4ef0-a069-b67aadca3a39	NR_042776.1	95.724	608	11	13	17	615	619	18	0.0	965
c17bc80e-d66a-4ef0-a069-b67aadca3a39	NR_042778.1	95.395	608	13	13	17	615	619	18	0.0	953
c17bc80e-d66a-4ef0-a069-b67aadca3a39	NR_042777.1	95.230	608	13	14	17	615	618	18	0.0	948
c17bc80e-d66a-4ef0-a069-b67aadca3a39	NR_197695.1	94.901	608	16	13	17	615	618	17	0.0	937
c17bc80e-d66a-4ef0-a069-b67aadca3a39	NR_118998.1	94.572	608	18	13	17	615	614	13	0.0	928
0132e0da-4624-49e3-a099-2d4c7d825065	NR_025862.1	94.444	576	19	8	11	580	586	18	0.0	880
0132e0da-4624-49e3-a099-2d4c7d825065	NR_028682.1	92.083	581	24	17	11	580	587	18	0.0	798
0132e0da-4624-49e3-a099-2d4c7d825065	NR_026454.1	88.287	572	42	21	11	566	563	1	0.0	662
0132e0da-4624-49e3-a099-2d4c7d825065	NR_180911.1	86.082	582	59	18	11	580	577	6	4.53e-173	606
0132e0da-4624-49e3-a099-2d4c7d825065	NR_119263.1	85.908	589	55	19	11	580	584	5	5.86e-172	603
7d2f8dd1-af42-40ba-90b3-44695a0daba5	NR_042776.1	94.810	867	28	15	1	863	649	1502	0.0	1336
7d2f8dd1-af42-40ba-90b3-44695a0daba5	NR_042777.1	94.810	867	28	15	1	863	648	1501	0.0	1336
7d2f8dd1-af42-40ba-90b3-44695a0daba5	NR_042778.1	94.579	867	30	15	1	863	649	1502	0.0	1325
7d2f8dd1-af42-40ba-90b3-44695a0daba5	NR_197695.1	94.348	867	32	15	1	863	648	1501	0.0	1314
7d2f8dd1-af42-40ba-90b3-44695a0daba5	NR_118998.1	94.233	867	32	16	1	863	644	1496	0.0	1308
7d4884b1-cdae-4445-b43b-0034d739ee0a	NR_024842.1	91.706	1049	53	27	1	1032	1039	8	0.0	1428
7d4884b1-cdae-4445-b43b-0034d739ee0a	NR_115241.1	91.739	1041	52	27	1	1024	1024	1	0.0	1419
7d4884b1-cdae-4445-b43b-0034d739ee0a	NR_115735.1	91.667	1032	51	28	1	1014	1015	1	0.0	1397
7d4884b1-cdae-4445-b43b-0034d739ee0a	NR_178515.1	91.267	1042	55	29	1	1024	1024	1	0.0	1387
7d4884b1-cdae-4445-b43b-0034d739ee0a	NR_165737.1	91.075	1042	57	29	1	1024	1024	1	0.0	1376
ba812af0-70c8-4884-bf6a-7212bc1cc8a7	NR_115355.1	93.388	983	28	25	1	954	513	1487	0.0	1421
ba812af0-70c8-4884-bf6a-7212bc1cc8a7	NR_179325.1	93.388	983	28	25	1	954	487	1461	0.0	1421
ba812af0-70c8-4884-bf6a-7212bc1cc8a7	NR_115354.1	92.879	983	33	26	1	954	513	1487	0.0	1395
ba812af0-70c8-4884-bf6a-7212bc1cc8a7	NR_113570.1	92.785	984	33	27	1	954	520	1495	0.0	1389
ba812af0-70c8-4884-bf6a-7212bc1cc8a7	NR_119170.1	92.675	983	35	26	1	954	518	1492	0.0	1389
92f7cbae-c077-404d-9489-4a8142e3ed7d	NR_179540.1	89.612	645	37	24	1	625	862	1496	0.0	793
92f7cbae-c077-404d-9489-4a8142e3ed7d	NR_024842.1	89.474	646	36	25	1	625	859	1493	0.0	787
92f7cbae-c077-404d-9489-4a8142e3ed7d	NR_115735.1	89.548	641	36	24	1	621	835	1464	0.0	784
92f7cbae-c077-404d-9489-4a8142e3ed7d	NR_042928.1	89.482	637	38	23	1	618	842	1468	0.0	778
92f7cbae-c077-404d-9489-4a8142e3ed7d	NR_036936.1	89.342	638	38	24	1	618	844	1471	0.0	774
dfa1d86e-cc9f-4997-8b5f-e1773add1ff8	NR_119169.1	91.459	761	35	19	3	741	755	3	0.0	1022
dfa1d86e-cc9f-4997-8b5f-e1773add1ff8	NR_074980.1	91.085	774	37	21	3	753	777	13	0.0	1018
dfa1d86e-cc9f-4997-8b5f-e1773add1ff8	NR_113031.1	91.085	774	37	21	3	753	777	13	0.0	1018
dfa1d86e-cc9f-4997-8b5f-e1773add1ff8	NR_115355.1	91.425	758	35	19	3	738	750	1	0.0	1016
dfa1d86e-cc9f-4997-8b5f-e1773add1ff8	NR_163639.1	91.097	775	33	24	3	753	767	5	0.0	1016
7ada7c64-f7dd-4507-8eff-2b17f10cf837	NR_042776.1	93.960	596	16	15	1	586	649	1234	0.0	883
7ada7c64-f7dd-4507-8eff-2b17f10cf837	NR_042777.1	93.960	596	16	15	1	586	648	1233	0.0	883
7ada7c64-f7dd-4507-8eff-2b17f10cf837	NR_042778.1	93.960	596	16	15	1	586	649	1234	0.0	883
7ada7c64-f7dd-4507-8eff-2b17f10cf837	NR_197695.1	93.624	596	18	15	1	586	648	1233	0.0	872
7ada7c64-f7dd-4507-8eff-2b17f10cf837	NR_118998.1	93.613	595	19	15	1	586	644	1228	0.0	870
224f6ffa-394e-4f46-8f3b-9c3f949259e0	NR_179325.1	94.077	726	14	23	1	709	1186	473	0.0	1075
224f6ffa-394e-4f46-8f3b-9c3f949259e0	NR_041880.1	93.802	726	16	23	1	709	1168	455	0.0	1064
224f6ffa-394e-4f46-8f3b-9c3f949259e0	NR_074980.1	93.802	726	16	23	1	709	1239	526	0.0	1064
224f6ffa-394e-4f46-8f3b-9c3f949259e0	NR_113031.1	93.802	726	16	23	1	709	1239	526	0.0	1064
224f6ffa-394e-4f46-8f3b-9c3f949259e0	NR_115355.1	93.802	726	16	23	1	709	1212	499	0.0	1064
6161a7ee-fcb6-4da0-a609-09f380053def	NR_024842.1	96.610	472	15	1	1	472	478	8	0.0	784
6161a7ee-fcb6-4da0-a609-09f380053def	NR_115241.1	96.767	464	14	1	1	464	463	1	0.0	773
6161a7ee-fcb6-4da0-a609-09f380053def	NR_178515.1	96.559	465	13	3	1	464	463	1	0.0	767
6161a7ee-fcb6-4da0-a609-09f380053def	NR_165737.1	96.344	465	14	3	1	464	463	1	0.0	761
6161a7ee-fcb6-4da0-a609-09f380053def	NR_115735.1	96.484	455	14	2	1	454	454	1	0.0	750
b02cd15d-cfcc-49aa-8039-b7f5535ea9f9	NR_042776.1	95.804	858	14	16	4	846	649	1499	0.0	1365
b02cd15d-cfcc-49aa-8039-b7f5535ea9f9	NR_042777.1	95.804	858	14	16	4	846	648	1498	0.0	1365
b02cd15d-cfcc-49aa-8039-b7f5535ea9f9	NR_042778.1	95.571	858	16	16	4	846	649	1499	0.0	1354
b02cd15d-cfcc-49aa-8039-b7f5535ea9f9	NR_197695.1	95.455	858	17	16	4	846	648	1498	0.0	1349
b02cd15d-cfcc-49aa-8039-b7f5535ea9f9	NR_118998.1	95.216	857	20	16	4	846	644	1493	0.0	1336
ca5f9cb4-6638-4a20-af8b-53602f87b3d9	NR_028682.1	94.007	1218	46	25	6	1203	287	1497	0.0	1820
ca5f9cb4-6638-4a20-af8b-53602f87b3d9	NR_025862.1	95.911	1125	27	15	6	1115	286	1406	0.0	1812
ca5f9cb4-6638-4a20-af8b-53602f87b3d9	NR_113798.1	93.437	1219	52	23	6	1204	271	1481	0.0	1783
ca5f9cb4-6638-4a20-af8b-53602f87b3d9	NR_025445.1	93.421	1216	57	19	7	1205	279	1488	0.0	1781
ca5f9cb4-6638-4a20-af8b-53602f87b3d9	NR_180652.1	93.482	1212	57	17	6	1201	276	1481	0.0	1781
1a2c3eb5-39a6-42d7-83f5-bbd344ef5792	NR_042776.1	93.732	1069	32	27	1	1048	445	1499	0.0	1570
1a2c3eb5-39a6-42d7-83f5-bbd344ef5792	NR_042777.1	93.639	1069	32	28	1	1048	445	1498	0.0	1565
1a2c3eb5-39a6-42d7-83f5-bbd344ef5792	NR_042778.1	93.452	1069	35	27	1	1048	445	1499	0.0	1554
1a2c3eb5-39a6-42d7-83f5-bbd344ef5792	NR_197695.1	93.358	1069	36	27	1	1048	444	1498	0.0	1548
1a2c3eb5-39a6-42d7-83f5-bbd344ef5792	NR_118998.1	92.978	1068	41	26	1	1048	440	1493	0.0	1526
9aa2de0c-f149-47f0-8db9-7601fb471ce0	NR_179325.1	91.218	501	19	23	1	489	969	1456	0.0	658
9aa2de0c-f149-47f0-8db9-7601fb471ce0	NR_115354.1	91.018	501	20	23	1	489	995	1482	0.0	654
9aa2de0c-f149-47f0-8db9-7601fb471ce0	NR_163639.1	91.018	501	20	23	1	489	1010	1497	0.0	652
9aa2de0c-f149-47f0-8db9-7601fb471ce0	NR_074980.1	90.837	502	19	25	1	489	1022	1509	0.0	647
9aa2de0c-f149-47f0-8db9-7601fb471ce0	NR_113031.1	90.837	502	19	25	1	489	1022	1509	0.0	647
a92cc568-e1d9-4098-855a-7a40e017fc77	NR_041989.1	90.972	720	36	21	5	698	1327	611	0.0	942
a92cc568-e1d9-4098-855a-7a40e017fc77	NR_117694.1	90.833	720	37	21	5	698	1369	653	0.0	937
a92cc568-e1d9-4098-855a-7a40e017fc77	NR_178369.1	90.694	720	38	21	5	698	1340	624	0.0	931
a92cc568-e1d9-4098-855a-7a40e017fc77	NR_025892.1	90.417	720	40	21	5	698	1394	678	0.0	926
a92cc568-e1d9-4098-855a-7a40e017fc77	NR_121687.1	90.556	720	39	21	5	698	1389	673	0.0	926
8f2fdcf7-baf7-481e-a318-ff197e1306c9	NR_043604.1	91.919	396	14	14	1	385	963	575	1.10e-152	538
8f2fdcf7-baf7-481e-a318-ff197e1306c9	NR_118512.1	91.919	396	14	14	1	385	963	575	1.10e-152	538
8f2fdcf7-baf7-481e-a318-ff197e1306c9	NR_181565.1	91.919	396	14	15	1	385	928	540	1.10e-152	538
8f2fdcf7-baf7-481e-a318-ff197e1306c9	NR_197757.1	91.667	396	15	14	1	385	982	594	5.14e-151	532
8f2fdcf7-baf7-481e-a318-ff197e1306c9	NR_043603.1	91.414	396	16	14	1	385	1102	714	2.39e-149	527
084786d8-2cbf-4824-83ca-1e33b0fd21a8	NR_042928.1	97.509	1325	19	12	9	1325	150	1468	0.0	2252
084786d8-2cbf-4824-83ca-1e33b0fd21a8	NR_117719.1	97.411	1313	23	9	25	1329	184	1493	0.0	2226
084786d8-2cbf-4824-83ca-1e33b0fd21a8	NR_175455.1	97.336	1314	23	10	25	1329	172	1482	0.0	2222
084786d8-2cbf-4824-83ca-1e33b0fd21a8	NR_179540.1	97.260	1314	22	12	25	1329	184	1492	0.0	2215
084786d8-2cbf-4824-83ca-1e33b0fd21a8	NR_042927.1	97.186	1315	26	9	19	1325	160	1471	0.0	2213
6eaa8f61-b7e0-4fc2-8a43-cf7711b72266	NR_042776.1	88.290	854	52	33	17	834	661	1502	0.0	979
6eaa8f61-b7e0-4fc2-8a43-cf7711b72266	NR_042777.1	88.290	854	52	33	17	834	660	1501	0.0	979
6eaa8f61-b7e0-4fc2-8a43-cf7711b72266	NR_197695.1	88.173	854	53	34	17	834	660	1501	0.0	974
6eaa8f61-b7e0-4fc2-8a43-cf7711b72266	NR_042778.1	88.056	854	54	33	17	834	661	1502	0.0	968
6eaa8f61-b7e0-4fc2-8a43-cf7711b72266	NR_118998.1	87.808	853	57	32	17	834	656	1496	0.0	955
28b29d9d-0862-42ba-8bcb-9d11d59c727a	NR_024842.1	94.732	1120	36	18	16	1121	1118	8	0.0	1724
28b29d9d-0862-42ba-8bcb-9d11d59c727a	NR_115241.1	94.694	1112	36	18	16	1113	1103	1	0.0	1709
28b29d9d-0862-42ba-8bcb-9d11d59c727a	NR_115735.1	94.742	1103	34	19	16	1103	1094	1	0.0	1694
28b29d9d-0862-42ba-8bcb-9d11d59c727a	NR_178515.1	94.340	1113	38	20	16	1113	1103	1	0.0	1683
28b29d9d-0862-42ba-8bcb-9d11d59c727a	NR_165737.1	94.070	1113	41	20	16	1113	1103	1	0.0	1666
bd73f787-1cae-47f3-8292-5b6908835108	NR_163639.1	91.105	742	39	22	1	723	739	6	0.0	979
bd73f787-1cae-47f3-8292-5b6908835108	NR_115355.1	91.096	730	37	23	1	709	723	1	0.0	965
bd73f787-1cae-47f3-8292-5b6908835108	NR_119169.1	90.884	735	39	23	1	714	728	1	0.0	965
bd73f787-1cae-47f3-8292-5b6908835108	NR_074980.1	90.457	744	43	23	1	723	750	14	0.0	955
bd73f787-1cae-47f3-8292-5b6908835108	NR_113031.1	90.457	744	43	23	1	723	750	14	0.0	955
b93201d6-6cfb-4d7f-a1fe-352c56779fa7	NR_036936.1	95.380	974	24	19	1	962	1335	371	0.0	1530
b93201d6-6cfb-4d7f-a1fe-352c56779fa7	NR_109720.1	95.277	974	25	19	1	962	1329	365	0.0	1524
b93201d6-6cfb-4d7f-a1fe-352c56779fa7	NR_115735.1	95.277	974	25	19	1	962	1326	362	0.0	1524
b93201d6-6cfb-4d7f-a1fe-352c56779fa7	NR_116211.1	95.277	974	25	19	1	962	1258	294	0.0	1524
b93201d6-6cfb-4d7f-a1fe-352c56779fa7	NR_178515.1	95.277	974	25	19	1	962	1335	371	0.0	1524
7e56304a-d622-4078-a33f-6eb5a62b31e2	NR_042776.1	95.565	1398	39	17	1	1390	1400	18	0.0	2217
7e56304a-d622-4078-a33f-6eb5a62b31e2	NR_042778.1	95.422	1398	41	17	1	1390	1400	18	0.0	2206
7e56304a-d622-4078-a33f-6eb5a62b31e2	NR_042777.1	95.351	1398	41	18	1	1390	1399	18	0.0	2200
7e56304a-d622-4078-a33f-6eb5a62b31e2	NR_118998.1	95.061	1397	47	16	1	1390	1394	13	0.0	2180
7e56304a-d622-4078-a33f-6eb5a62b31e2	NR_197695.1	94.993	1398	47	17	1	1390	1399	17	0.0	2172
85310adb-29e9-45ca-a7c1-5c4c3a8f2f75	NR_028664.1	97.740	1283	19	9	1	1279	223	1499	0.0	2200
85310adb-29e9-45ca-a7c1-5c4c3a8f2f75	NR_117719.1	97.740	1283	19	9	1	1279	220	1496	0.0	2200
85310adb-29e9-45ca-a7c1-5c4c3a8f2f75	NR_179383.1	97.662	1283	20	9	1	1279	227	1503	0.0	2194
85310adb-29e9-45ca-a7c1-5c4c3a8f2f75	NR_042927.1	97.806	1276	18	9	1	1272	202	1471	0.0	2193
85310adb-29e9-45ca-a7c1-5c4c3a8f2f75	NR_115734.1	97.806	1276	18	9	1	1272	203	1472	0.0	2193
d2833836-6caa-4b64-9b26-323b87352ecc	NR_042776.1	89.773	616	27	22	28	627	623	28	0.0	756
d2833836-6caa-4b64-9b26-323b87352ecc	NR_042778.1	89.448	616	29	22	28	627	623	28	0.0	745
d2833836-6caa-4b64-9b26-323b87352ecc	NR_042777.1	89.286	616	29	23	28	627	622	28	0.0	737
d2833836-6caa-4b64-9b26-323b87352ecc	NR_197695.1	88.961	616	32	22	28	627	622	27	0.0	728
d2833836-6caa-4b64-9b26-323b87352ecc	NR_118998.1	89.109	606	33	19	28	619	618	32	0.0	725
ac20e5f3-0f54-48fc-857a-7e0521b16126	NR_043589.1	97.154	738	8	9	16	747	731	1	0.0	1234
ac20e5f3-0f54-48fc-857a-7e0521b16126	NR_117641.1	92.982	741	35	13	16	747	733	1	0.0	1064
ac20e5f3-0f54-48fc-857a-7e0521b16126	NR_042847.1	96.557	639	11	7	16	650	706	75	0.0	1048
ac20e5f3-0f54-48fc-857a-7e0521b16126	NR_042847.1	100.000	40	0	0	708	747	40	1	7.40e-13	75.0
ac20e5f3-0f54-48fc-857a-7e0521b16126	NR_118652.1	96.244	639	13	6	16	650	732	101	0.0	1040
ac20e5f3-0f54-48fc-857a-7e0521b16126	NR_118652.1	95.918	49	1	1	708	756	66	19	1.59e-14	80.5
ac20e5f3-0f54-48fc-857a-7e0521b16126	NR_180817.1	95.775	639	16	7	16	650	728	97	0.0	1020
ac20e5f3-0f54-48fc-857a-7e0521b16126	NR_180817.1	97.959	49	0	1	708	756	62	15	1.23e-15	84.2
b0eeec6f-ff17-49fc-998d-2c232fc4f336	NR_044873.1	97.000	400	7	4	1	396	933	535	0.0	667
b0eeec6f-ff17-49fc-998d-2c232fc4f336	NR_043968.1	96.250	400	9	5	1	396	901	504	0.0	651
b0eeec6f-ff17-49fc-998d-2c232fc4f336	NR_179993.1	96.000	400	10	5	1	396	944	547	0.0	645
b0eeec6f-ff17-49fc-998d-2c232fc4f336	NR_024785.1	95.750	400	11	5	1	396	899	502	0.0	640
b0eeec6f-ff17-49fc-998d-2c232fc4f336	NR_074568.1	95.500	400	12	5	1	396	943	546	0.0	634
4072b4b5-8bed-4fc9-ad74-9c0280df8288	NR_113114.1	93.131	1252	49	34	1	1229	237	1474	0.0	1801
4072b4b5-8bed-4fc9-ad74-9c0280df8288	NR_043292.1	93.109	1219	47	34	1	1196	188	1392	0.0	1751
4072b4b5-8bed-4fc9-ad74-9c0280df8288	NR_029147.1	85.885	1254	137	38	1	1229	243	1481	0.0	1299
4072b4b5-8bed-4fc9-ad74-9c0280df8288	NR_176803.1	85.748	1256	126	48	1	1225	220	1453	0.0	1279
4072b4b5-8bed-4fc9-ad74-9c0280df8288	NR_113120.1	85.578	1255	139	40	1	1229	238	1476	0.0	1277
f0459f2c-9f76-4691-8f3c-2d2a2b35f824	NR_179540.1	91.613	1240	53	44	5	1213	273	1492	0.0	1666
f0459f2c-9f76-4691-8f3c-2d2a2b35f824	NR_117719.1	91.532	1240	55	43	5	1213	273	1493	0.0	1663
f0459f2c-9f76-4691-8f3c-2d2a2b35f824	NR_042927.1	91.646	1233	54	42	5	1207	255	1468	0.0	1661
f0459f2c-9f76-4691-8f3c-2d2a2b35f824	NR_115734.1	91.646	1233	54	42	5	1207	256	1469	0.0	1661
f0459f2c-9f76-4691-8f3c-2d2a2b35f824	NR_028664.1	91.452	1240	56	43	5	1213	276	1496	0.0	1657
f07f84a7-3afb-4f4b-86f1-a2e84ffd5dae	NR_042776.1	91.591	440	21	15	4	431	453	18	2.56e-169	593
f07f84a7-3afb-4f4b-86f1-a2e84ffd5dae	NR_042778.1	91.364	440	22	15	4	431	453	18	1.19e-167	588
f07f84a7-3afb-4f4b-86f1-a2e84ffd5dae	NR_042777.1	91.136	440	23	15	4	431	453	18	5.53e-166	582
f07f84a7-3afb-4f4b-86f1-a2e84ffd5dae	NR_118998.1	90.455	440	26	15	4	431	448	13	1.55e-161	568
f07f84a7-3afb-4f4b-86f1-a2e84ffd5dae	NR_197695.1	90.455	440	26	15	4	431	452	17	5.57e-161	566
2b114490-fa05-4976-ab20-be4c0f09edef	NR_024842.1	91.913	1422	50	45	1	1391	1396	9	0.0	1932
2b114490-fa05-4976-ab20-be4c0f09edef	NR_115241.1	91.873	1415	50	46	1	1384	1381	1	0.0	1919
2b114490-fa05-4976-ab20-be4c0f09edef	NR_115735.1	91.963	1406	48	46	1	1375	1372	1	0.0	1910
2b114490-fa05-4976-ab20-be4c0f09edef	NR_178515.1	91.596	1416	52	47	1	1384	1381	1	0.0	1893
2b114490-fa05-4976-ab20-be4c0f09edef	NR_165737.1	91.384	1416	55	47	1	1384	1381	1	0.0	1877
0a5eb080-6ae0-4457-848f-5ee52960edfc	NR_178515.1	92.513	1122	50	30	4	1098	1115	1	0.0	1576
0a5eb080-6ae0-4457-848f-5ee52960edfc	NR_165737.1	92.246	1122	53	30	4	1098	1115	1	0.0	1559
0a5eb080-6ae0-4457-848f-5ee52960edfc	NR_036936.1	92.157	1122	54	30	4	1098	1115	1	0.0	1555
0a5eb080-6ae0-4457-848f-5ee52960edfc	NR_024842.1	91.777	1131	57	32	4	1106	1130	8	0.0	1544
0a5eb080-6ae0-4457-848f-5ee52960edfc	NR_109720.1	92.108	1115	55	29	4	1092	1109	2	0.0	1541
ae7a3115-6de0-4bf3-b304-d1b0368cb2b3	NR_074980.1	92.194	474	23	12	73	543	479	17	0.0	658
ae7a3115-6de0-4bf3-b304-d1b0368cb2b3	NR_113031.1	92.194	474	23	12	73	543	479	17	0.0	658
ae7a3115-6de0-4bf3-b304-d1b0368cb2b3	NR_119169.1	92.128	470	23	12	71	537	459	1	0.0	654
ae7a3115-6de0-4bf3-b304-d1b0368cb2b3	NR_119168.1	92.308	468	22	12	73	537	457	1	0.0	652
ae7a3115-6de0-4bf3-b304-d1b0368cb2b3	NR_113570.1	91.949	472	23	13	71	538	461	1	0.0	647
d5dc9b70-65f2-42ec-bb9a-cd7c38cb9be6	NR_042776.1	96.632	1336	22	17	1	1318	1348	18	0.0	2196
d5dc9b70-65f2-42ec-bb9a-cd7c38cb9be6	NR_042777.1	96.407	1336	24	18	1	1318	1347	18	0.0	2180
d5dc9b70-65f2-42ec-bb9a-cd7c38cb9be6	NR_042778.1	96.407	1336	25	17	1	1318	1348	18	0.0	2180
d5dc9b70-65f2-42ec-bb9a-cd7c38cb9be6	NR_197695.1	96.033	1336	30	17	1	1318	1347	17	0.0	2152
d5dc9b70-65f2-42ec-bb9a-cd7c38cb9be6	NR_118998.1	95.805	1335	34	16	1	1318	1342	13	0.0	2137
e437b514-48d6-4fc3-8f11-7ca87eabf486	NR_044873.1	93.956	546	20	9	1	538	915	1455	0.0	813
e437b514-48d6-4fc3-8f11-7ca87eabf486	NR_074568.1	92.844	545	26	9	1	538	925	1463	0.0	778
e437b514-48d6-4fc3-8f11-7ca87eabf486	NR_044712.2	93.524	525	22	8	1	519	934	1452	0.0	773
e437b514-48d6-4fc3-8f11-7ca87eabf486	NR_025310.1	92.322	547	27	11	1	538	905	1445	0.0	763
e437b514-48d6-4fc3-8f11-7ca87eabf486	NR_109752.1	92.308	546	29	9	1	538	936	1476	0.0	763
12b66d13-b530-4ec8-a739-2a8e42b0e25b	NR_042776.1	96.950	459	7	4	4	457	1456	1000	0.0	763
12b66d13-b530-4ec8-a739-2a8e42b0e25b	NR_042777.1	96.950	459	7	4	4	457	1455	999	0.0	763
12b66d13-b530-4ec8-a739-2a8e42b0e25b	NR_042778.1	96.732	459	8	4	4	457	1456	1000	0.0	758
12b66d13-b530-4ec8-a739-2a8e42b0e25b	NR_118998.1	96.514	459	9	4	4	457	1450	994	0.0	752
12b66d13-b530-4ec8-a739-2a8e42b0e25b	NR_197695.1	96.320	462	9	5	2	457	1458	999	0.0	752
d2a97084-f47b-4737-aa7a-cb7d5d62d7f9	NR_024842.1	92.165	970	42	27	1	951	539	1493	0.0	1341
d2a97084-f47b-4737-aa7a-cb7d5d62d7f9	NR_115735.1	92.228	965	41	27	1	946	515	1464	0.0	1336
d2a97084-f47b-4737-aa7a-cb7d5d62d7f9	NR_036936.1	92.004	963	42	28	1	943	524	1471	0.0	1319
d2a97084-f47b-4737-aa7a-cb7d5d62d7f9	NR_109720.1	92.235	953	41	27	1	933	518	1457	0.0	1319
d2a97084-f47b-4737-aa7a-cb7d5d62d7f9	NR_115241.1	91.892	962	44	27	1	943	524	1470	0.0	1319
eb325ec3-1196-4e56-9c7a-2b88f656b775	NR_024842.1	92.769	1134	39	33	13	1121	1123	8	0.0	1604
eb325ec3-1196-4e56-9c7a-2b88f656b775	NR_115241.1	92.718	1126	39	33	13	1113	1108	1	0.0	1589
eb325ec3-1196-4e56-9c7a-2b88f656b775	NR_178515.1	92.724	1127	37	35	13	1113	1108	1	0.0	1585
eb325ec3-1196-4e56-9c7a-2b88f656b775	NR_115735.1	92.748	1117	37	34	13	1103	1099	1	0.0	1574
eb325ec3-1196-4e56-9c7a-2b88f656b775	NR_165737.1	92.458	1127	40	35	13	1113	1108	1	0.0	1568
9656913f-9e9a-4c55-9c72-30e9b030b72a	NR_025862.1	91.133	406	22	11	1	395	682	280	8.56e-154	542
9656913f-9e9a-4c55-9c72-30e9b030b72a	NR_026454.1	89.512	410	23	17	1	395	659	255	1.45e-141	501
9656913f-9e9a-4c55-9c72-30e9b030b72a	NR_114785.2	89.681	407	22	17	1	394	689	290	1.45e-141	501
9656913f-9e9a-4c55-9c72-30e9b030b72a	NR_036921.1	89.435	407	25	15	1	394	673	272	5.23e-141	499
9656913f-9e9a-4c55-9c72-30e9b030b72a	NR_042406.1	89.435	407	27	13	1	395	673	271	5.23e-141	499
0df9bf70-88ed-41af-a2c9-467347f30551	NR_042776.1	91.939	521	15	18	1	502	1465	953	0.0	704
0df9bf70-88ed-41af-a2c9-467347f30551	NR_042777.1	91.939	521	15	18	1	502	1464	952	0.0	704
0df9bf70-88ed-41af-a2c9-467347f30551	NR_042778.1	91.747	521	16	18	1	502	1465	953	0.0	699
0df9bf70-88ed-41af-a2c9-467347f30551	NR_197695.1	91.363	521	18	18	1	502	1464	952	0.0	688
0df9bf70-88ed-41af-a2c9-467347f30551	NR_118998.1	91.171	521	19	18	1	502	1459	947	0.0	682
b13ad868-6e59-4a47-aa97-fd529ccaaddd	NR_024842.1	97.553	940	10	12	1	930	556	1492	0.0	1596
b13ad868-6e59-4a47-aa97-fd529ccaaddd	NR_115735.1	97.543	936	10	12	1	926	532	1464	0.0	1589
b13ad868-6e59-4a47-aa97-fd529ccaaddd	NR_036936.1	97.323	934	11	13	1	923	541	1471	0.0	1574
b13ad868-6e59-4a47-aa97-fd529ccaaddd	NR_156072.1	97.128	940	14	12	1	930	561	1497	0.0	1574
b13ad868-6e59-4a47-aa97-fd529ccaaddd	NR_165737.1	97.323	934	11	13	1	923	541	1471	0.0	1574
60f86c6a-5a97-4cd8-a770-9a285af8d61a	NR_115355.1	96.664	1319	16	20	1	1304	182	1487	0.0	2167
60f86c6a-5a97-4cd8-a770-9a285af8d61a	NR_179325.1	96.664	1319	16	20	1	1304	156	1461	0.0	2167
60f86c6a-5a97-4cd8-a770-9a285af8d61a	NR_119169.1	96.361	1319	20	20	1	1304	187	1492	0.0	2150
60f86c6a-5a97-4cd8-a770-9a285af8d61a	NR_163639.1	96.288	1320	15	26	1	1304	201	1502	0.0	2135
60f86c6a-5a97-4cd8-a770-9a285af8d61a	NR_113570.1	96.061	1320	23	21	1	1304	189	1495	0.0	2122
8da01055-ba22-4053-aee6-d902b3c56837	NR_074980.1	84.225	710	78	30	3	695	821	1513	0.0	660
8da01055-ba22-4053-aee6-d902b3c56837	NR_113031.1	84.225	710	78	30	3	695	821	1513	0.0	660
8da01055-ba22-4053-aee6-d902b3c56837	NR_043332.1	83.944	710	80	30	3	695	794	1486	0.0	652
8da01055-ba22-4053-aee6-d902b3c56837	NR_113377.1	83.989	712	76	32	3	695	821	1513	0.0	649
8da01055-ba22-4053-aee6-d902b3c56837	NR_114538.1	83.989	712	76	32	3	695	798	1490	0.0	649
6110313e-29b8-4ab7-a0a8-e2e8cbb30b19	NR_024842.1	92.898	1042	45	24	1	1026	1036	8	0.0	1491
6110313e-29b8-4ab7-a0a8-e2e8cbb30b19	NR_115241.1	92.843	1034	45	24	1	1018	1021	1	0.0	1476
6110313e-29b8-4ab7-a0a8-e2e8cbb30b19	NR_115735.1	92.878	1025	43	25	1	1008	1012	1	0.0	1461
6110313e-29b8-4ab7-a0a8-e2e8cbb30b19	NR_178515.1	92.464	1035	47	26	1	1018	1021	1	0.0	1450
6110313e-29b8-4ab7-a0a8-e2e8cbb30b19	NR_165737.1	92.375	1036	46	28	1	1018	1021	1	0.0	1445
83daa129-ba17-4c7f-99e3-bdba6aff9bc7	NR_026419.1	94.202	1190	36	29	3	1172	1243	67	0.0	1784
83daa129-ba17-4c7f-99e3-bdba6aff9bc7	NR_133753.1	93.277	1190	46	27	3	1172	1209	34	0.0	1724
83daa129-ba17-4c7f-99e3-bdba6aff9bc7	NR_025903.1	93.277	1190	46	27	3	1172	1255	80	0.0	1724
83daa129-ba17-4c7f-99e3-bdba6aff9bc7	NR_133752.1	93.025	1190	49	27	3	1172	1180	5	0.0	1707
83daa129-ba17-4c7f-99e3-bdba6aff9bc7	NR_025904.1	92.707	1193	47	32	3	1172	1254	79	0.0	1685
65ce80c1-03cf-4ab2-90b4-7b01baa93638	NR_040821.1	92.733	344	12	9	3	344	1143	1475	1.27e-136	484
65ce80c1-03cf-4ab2-90b4-7b01baa93638	NR_024634.1	92.733	344	12	9	3	344	1154	1486	1.27e-136	484
65ce80c1-03cf-4ab2-90b4-7b01baa93638	NR_025148.1	92.733	344	12	9	3	344	1163	1495	1.27e-136	484
65ce80c1-03cf-4ab2-90b4-7b01baa93638	NR_027517.1	92.733	344	12	9	3	344	1163	1495	1.27e-136	484
65ce80c1-03cf-4ab2-90b4-7b01baa93638	NR_040820.1	92.733	344	12	9	3	344	1143	1475	1.27e-136	484
a6ac6524-ae1a-4090-8b0a-50589ff4d9e3	NR_042776.1	96.612	1092	17	15	12	1085	256	1345	0.0	1794
a6ac6524-ae1a-4090-8b0a-50589ff4d9e3	NR_042777.1	96.520	1092	17	16	12	1085	256	1344	0.0	1786
a6ac6524-ae1a-4090-8b0a-50589ff4d9e3	NR_042778.1	96.337	1092	20	15	12	1085	256	1345	0.0	1777
a6ac6524-ae1a-4090-8b0a-50589ff4d9e3	NR_197695.1	96.337	1092	20	15	12	1085	255	1344	0.0	1777
a6ac6524-ae1a-4090-8b0a-50589ff4d9e3	NR_118998.1	95.784	1091	27	15	12	1085	251	1339	0.0	1742
c684626a-ad1a-4047-b93f-b093eb394af5	NR_041879.1	92.920	339	11	10	10	337	765	429	1.61e-135	481
c684626a-ad1a-4047-b93f-b093eb394af5	NR_115355.1	92.920	339	11	10	10	337	808	472	1.61e-135	481
c684626a-ad1a-4047-b93f-b093eb394af5	NR_119169.1	92.920	339	11	10	10	337	813	477	1.61e-135	481
c684626a-ad1a-4047-b93f-b093eb394af5	NR_179325.1	92.920	339	11	10	10	337	782	446	1.61e-135	481
c684626a-ad1a-4047-b93f-b093eb394af5	NR_163639.1	95.638	298	4	9	47	337	783	488	3.48e-132	470
fb9d8446-c52c-417d-a0b7-da5d5b6f9cfb	NR_042776.1	96.232	637	11	12	2	632	652	23	0.0	1031
fb9d8446-c52c-417d-a0b7-da5d5b6f9cfb	NR_042778.1	95.918	637	13	12	2	632	652	23	0.0	1020
fb9d8446-c52c-417d-a0b7-da5d5b6f9cfb	NR_042777.1	95.761	637	13	13	2	632	651	23	0.0	1014
fb9d8446-c52c-417d-a0b7-da5d5b6f9cfb	NR_197695.1	95.604	637	15	12	2	632	651	22	0.0	1009
fb9d8446-c52c-417d-a0b7-da5d5b6f9cfb	NR_118998.1	95.133	637	18	12	2	632	647	18	0.0	994
79930ab3-d369-4bcd-afb6-1559b119261a	NR_117694.1	93.750	352	12	9	1	344	9	358	3.51e-147	520
79930ab3-d369-4bcd-afb6-1559b119261a	NR_025892.1	92.898	352	15	8	1	344	35	384	7.61e-144	508
79930ab3-d369-4bcd-afb6-1559b119261a	NR_117692.1	91.193	352	21	9	1	344	9	358	3.59e-132	470
79930ab3-d369-4bcd-afb6-1559b119261a	NR_121687.1	90.935	353	20	11	1	344	29	378	1.67e-130	464
79930ab3-d369-4bcd-afb6-1559b119261a	NR_041989.1	93.396	318	11	9	35	344	1	316	6.01e-130	462
7ee46d9a-f5a3-4804-8167-71ee9f52276a	NR_024842.1	97.342	301	6	1	1	299	894	594	2.43e-144	510
7ee46d9a-f5a3-4804-8167-71ee9f52276a	NR_024842.1	90.566	106	6	4	289	392	640	743	4.76e-32	137
7ee46d9a-f5a3-4804-8167-71ee9f52276a	NR_028833.1	97.342	301	6	1	1	299	906	606	2.43e-144	510
7ee46d9a-f5a3-4804-8167-71ee9f52276a	NR_028833.1	90.566	106	6	4	289	392	652	755	4.76e-32	137
7ee46d9a-f5a3-4804-8167-71ee9f52276a	NR_042771.1	97.342	301	6	1	1	299	897	597	2.43e-144	510
7ee46d9a-f5a3-4804-8167-71ee9f52276a	NR_042771.1	90.566	106	6	4	289	392	643	746	4.76e-32	137
7ee46d9a-f5a3-4804-8167-71ee9f52276a	NR_109720.1	97.342	301	6	1	1	299	873	573	2.43e-144	510
7ee46d9a-f5a3-4804-8167-71ee9f52276a	NR_109720.1	90.566	106	6	4	289	392	619	722	4.76e-32	137
7ee46d9a-f5a3-4804-8167-71ee9f52276a	NR_112025.1	97.342	301	6	1	1	299	897	597	2.43e-144	510
7ee46d9a-f5a3-4804-8167-71ee9f52276a	NR_112025.1	90.566	106	6	4	289	392	643	746	4.76e-32	137
c52a0792-8dc7-4801-af99-237b1eb10558	NR_042928.1	94.515	237	10	2	1	237	348	115	4.17e-100	363
c52a0792-8dc7-4801-af99-237b1eb10558	NR_112026.1	94.515	237	10	2	1	237	331	98	4.17e-100	363
c52a0792-8dc7-4801-af99-237b1eb10558	NR_116206.1	94.093	237	11	2	1	237	273	40	5.39e-99	359
c52a0792-8dc7-4801-af99-237b1eb10558	NR_199547.1	94.093	237	11	2	1	237	328	95	1.94e-98	357
c52a0792-8dc7-4801-af99-237b1eb10558	NR_199541.1	92.887	239	10	5	1	237	326	93	1.95e-93	340
df124e15-4cbd-498f-a0cb-aa77f621f881	NR_028664.1	92.610	1069	60	16	1	1057	1078	17	0.0	1519
df124e15-4cbd-498f-a0cb-aa77f621f881	NR_179383.1	92.610	1069	60	16	1	1057	1082	21	0.0	1519
df124e15-4cbd-498f-a0cb-aa77f621f881	NR_199545.1	92.516	1069	61	16	1	1057	1075	14	0.0	1513
df124e15-4cbd-498f-a0cb-aa77f621f881	NR_165744.1	92.423	1069	62	16	1	1057	1064	3	0.0	1507
df124e15-4cbd-498f-a0cb-aa77f621f881	NR_115240.1	92.561	1062	60	16	1	1050	1055	1	0.0	1506
d1ecd06b-d0a5-4b72-980e-0722a0775292	NR_024842.1	92.483	1011	33	34	47	1035	999	10	0.0	1410
d1ecd06b-d0a5-4b72-980e-0722a0775292	NR_115241.1	92.637	1005	31	34	47	1029	984	1	0.0	1406
d1ecd06b-d0a5-4b72-980e-0722a0775292	NR_115735.1	92.470	996	31	35	47	1019	975	1	0.0	1384
d1ecd06b-d0a5-4b72-980e-0722a0775292	NR_178515.1	91.948	1006	36	37	47	1029	984	1	0.0	1367
d1ecd06b-d0a5-4b72-980e-0722a0775292	NR_165737.1	91.750	1006	38	37	47	1029	984	1	0.0	1356
e9cab532-2ac3-4e29-aa11-fe4990c906fe	NR_044873.1	95.067	446	12	8	1	440	449	8	0.0	693
e9cab532-2ac3-4e29-aa11-fe4990c906fe	NR_074568.1	93.722	446	18	8	1	440	460	19	0.0	660
e9cab532-2ac3-4e29-aa11-fe4990c906fe	NR_044712.2	93.049	446	21	8	1	440	469	28	0.0	647
e9cab532-2ac3-4e29-aa11-fe4990c906fe	NR_025310.1	91.441	444	28	8	1	438	440	1	1.60e-171	601
e9cab532-2ac3-4e29-aa11-fe4990c906fe	NR_179993.1	91.275	447	28	9	1	440	461	19	5.75e-171	599
bc15b5ec-79e0-46a7-b248-70cf59d65753	NR_115560.1	92.424	462	10	17	1	449	681	232	0.0	636
bc15b5ec-79e0-46a7-b248-70cf59d65753	NR_028664.1	91.991	462	12	19	1	449	684	235	1.11e-178	625
bc15b5ec-79e0-46a7-b248-70cf59d65753	NR_115240.1	91.991	462	12	19	1	449	661	212	1.11e-178	625
bc15b5ec-79e0-46a7-b248-70cf59d65753	NR_115732.1	91.991	462	12	19	1	449	663	214	1.11e-178	625
bc15b5ec-79e0-46a7-b248-70cf59d65753	NR_042927.1	96.570	379	5	7	1	375	663	289	1.44e-177	621
341540f5-8b87-441f-bac4-e86082edf621	NR_115355.1	86.953	1234	89	57	1	1189	1207	1	0.0	1325
341540f5-8b87-441f-bac4-e86082edf621	NR_113570.1	86.844	1239	94	54	1	1195	1214	1	0.0	1321
341540f5-8b87-441f-bac4-e86082edf621	NR_119169.1	86.764	1239	92	57	1	1194	1212	1	0.0	1321
341540f5-8b87-441f-bac4-e86082edf621	NR_074980.1	86.619	1248	95	56	1	1203	1234	14	0.0	1314
341540f5-8b87-441f-bac4-e86082edf621	NR_113031.1	86.619	1248	95	56	1	1203	1234	14	0.0	1314
0f21edd8-8dc6-43d6-8ec5-6f713dbe1181	NR_074980.1	91.164	1392	56	50	1	1361	1368	13	0.0	1827
0f21edd8-8dc6-43d6-8ec5-6f713dbe1181	NR_113031.1	91.164	1392	56	50	1	1361	1368	13	0.0	1827
0f21edd8-8dc6-43d6-8ec5-6f713dbe1181	NR_113570.1	91.119	1385	54	51	1	1353	1348	1	0.0	1812
0f21edd8-8dc6-43d6-8ec5-6f713dbe1181	NR_117759.1	91.087	1380	57	49	1	1350	1344	1	0.0	1810
0f21edd8-8dc6-43d6-8ec5-6f713dbe1181	NR_043332.1	91.068	1377	57	49	1	1347	1341	1	0.0	1807
b91dc45c-8bc8-4058-aade-2640e809139a	NR_040821.1	95.000	240	5	5	1	239	1237	1470	2.58e-102	370
b91dc45c-8bc8-4058-aade-2640e809139a	NR_025148.1	95.000	240	5	5	1	239	1257	1490	2.58e-102	370
b91dc45c-8bc8-4058-aade-2640e809139a	NR_040820.1	95.000	240	5	5	1	239	1237	1470	2.58e-102	370
b91dc45c-8bc8-4058-aade-2640e809139a	NR_113262.1	95.000	240	5	5	1	239	1237	1470	2.58e-102	370
b91dc45c-8bc8-4058-aade-2640e809139a	NR_115728.1	95.000	240	5	5	1	239	1229	1462	2.58e-102	370
ac91bc9f-08e0-46f9-bdc9-b8926f94b7bb	NR_042776.1	95.561	856	26	10	3	851	649	1499	0.0	1360
ac91bc9f-08e0-46f9-bdc9-b8926f94b7bb	NR_042777.1	95.561	856	26	10	3	851	648	1498	0.0	1360
ac91bc9f-08e0-46f9-bdc9-b8926f94b7bb	NR_042778.1	95.444	856	27	10	3	851	649	1499	0.0	1354
ac91bc9f-08e0-46f9-bdc9-b8926f94b7bb	NR_197695.1	95.210	856	29	10	3	851	648	1498	0.0	1343
ac91bc9f-08e0-46f9-bdc9-b8926f94b7bb	NR_118998.1	94.860	856	31	11	3	851	644	1493	0.0	1325
865dac1a-ebd7-4734-846b-226e68322041	NR_026419.1	97.500	400	6	2	1	396	401	2	0.0	680
865dac1a-ebd7-4734-846b-226e68322041	NR_025904.1	94.621	409	17	3	1	405	412	5	6.58e-180	628
865dac1a-ebd7-4734-846b-226e68322041	NR_025903.1	94.621	409	17	3	1	405	413	6	6.58e-180	628
865dac1a-ebd7-4734-846b-226e68322041	NR_133753.1	94.837	368	14	3	1	364	367	1	4.04e-162	569
865dac1a-ebd7-4734-846b-226e68322041	NR_036920.1	91.443	409	27	6	1	405	406	2	1.13e-157	555
b4a8a45c-647f-43ec-8009-01ac98ea1daf	NR_024842.1	98.301	471	6	2	3	471	1019	1489	0.0	824
b4a8a45c-647f-43ec-8009-01ac98ea1daf	NR_115735.1	98.298	470	6	2	3	470	995	1464	0.0	822
b4a8a45c-647f-43ec-8009-01ac98ea1daf	NR_199974.1	98.097	473	6	3	2	471	1030	1502	0.0	821
b4a8a45c-647f-43ec-8009-01ac98ea1daf	NR_179540.1	97.886	473	8	2	1	471	1020	1492	0.0	817
b4a8a45c-647f-43ec-8009-01ac98ea1daf	NR_036936.1	98.085	470	6	3	1	467	1002	1471	0.0	815
9ef0801c-c0d5-419f-b6c4-ffae6c665446	NR_117719.1	95.279	1292	31	25	1	1276	220	1497	0.0	2021
9ef0801c-c0d5-419f-b6c4-ffae6c665446	NR_028664.1	95.201	1292	32	25	1	1276	223	1500	0.0	2015
9ef0801c-c0d5-419f-b6c4-ffae6c665446	NR_179383.1	95.201	1292	32	25	1	1276	227	1504	0.0	2015
9ef0801c-c0d5-419f-b6c4-ffae6c665446	NR_175455.1	95.128	1293	32	26	1	1276	208	1486	0.0	2010
9ef0801c-c0d5-419f-b6c4-ffae6c665446	NR_042927.1	95.249	1284	31	25	1	1268	202	1471	0.0	2006
b6904ca5-94df-4ca5-908e-b196f763dfb9	NR_024842.1	96.919	357	6	3	7	358	1135	1491	2.11e-169	593
b6904ca5-94df-4ca5-908e-b196f763dfb9	NR_178262.1	96.648	358	6	4	7	358	1014	1371	2.73e-168	590
b6904ca5-94df-4ca5-908e-b196f763dfb9	NR_179215.1	96.648	358	6	4	7	358	1136	1493	2.73e-168	590
b6904ca5-94df-4ca5-908e-b196f763dfb9	NR_179720.1	96.648	358	6	4	7	358	1140	1497	2.73e-168	590
b6904ca5-94df-4ca5-908e-b196f763dfb9	NR_115735.1	96.893	354	6	3	7	355	1111	1464	9.82e-168	588
c40975d3-a879-461c-aab8-576d841b066b	NR_179325.1	94.934	987	27	19	1	974	480	1456	0.0	1524
c40975d3-a879-461c-aab8-576d841b066b	NR_115355.1	94.833	987	28	19	1	974	506	1482	0.0	1519
c40975d3-a879-461c-aab8-576d841b066b	NR_163639.1	94.833	987	27	20	1	974	522	1497	0.0	1519
c40975d3-a879-461c-aab8-576d841b066b	NR_119169.1	94.630	987	30	19	1	974	511	1487	0.0	1511
c40975d3-a879-461c-aab8-576d841b066b	NR_115354.1	94.022	987	36	20	1	974	506	1482	0.0	1478
948532ec-b523-4570-9836-1584996e4e87	NR_026419.1	96.684	1146	22	10	1	1133	1143	1	0.0	1892
948532ec-b523-4570-9836-1584996e4e87	NR_025903.1	95.482	1151	35	11	4	1141	1152	6	0.0	1821
948532ec-b523-4570-9836-1584996e4e87	NR_025904.1	94.883	1153	38	14	4	1141	1151	5	0.0	1783
948532ec-b523-4570-9836-1584996e4e87	NR_133753.1	95.766	1110	33	10	4	1103	1106	1	0.0	1777
948532ec-b523-4570-9836-1584996e4e87	NR_133752.1	95.375	1081	36	10	4	1074	1077	1	0.0	1707
51178f0b-4634-443a-bc9d-7e2e58f5cbca	NR_165747.1	92.050	717	23	26	1	700	700	1	0.0	977
51178f0b-4634-443a-bc9d-7e2e58f5cbca	NR_042928.1	91.911	717	24	25	1	700	700	1	0.0	972
51178f0b-4634-443a-bc9d-7e2e58f5cbca	NR_199545.1	91.575	724	26	25	1	706	720	14	0.0	966
51178f0b-4634-443a-bc9d-7e2e58f5cbca	NR_028664.1	91.436	724	27	25	1	706	723	17	0.0	961
51178f0b-4634-443a-bc9d-7e2e58f5cbca	NR_179385.1	91.436	724	27	26	1	706	724	18	0.0	961
202ce06d-2108-40da-a52b-43123ce80d54	NR_028682.1	95.560	473	13	8	1	468	1028	1497	0.0	750
202ce06d-2108-40da-a52b-43123ce80d54	NR_025435.1	93.882	474	21	7	1	470	1025	1494	0.0	708
202ce06d-2108-40da-a52b-43123ce80d54	NR_025396.1	93.856	472	24	5	1	470	999	1467	0.0	706
202ce06d-2108-40da-a52b-43123ce80d54	NR_113798.1	93.856	472	23	5	1	469	1013	1481	0.0	706
202ce06d-2108-40da-a52b-43123ce80d54	NR_036793.2	93.460	474	23	7	1	470	1036	1505	0.0	697
a204e5d6-d90c-404a-9750-574969921506	NR_042776.1	88.812	1153	95	31	9	1141	1355	217	0.0	1384
a204e5d6-d90c-404a-9750-574969921506	NR_042777.1	88.725	1153	95	32	9	1141	1354	217	0.0	1376
a204e5d6-d90c-404a-9750-574969921506	NR_197695.1	88.743	1146	96	30	9	1134	1354	222	0.0	1371
a204e5d6-d90c-404a-9750-574969921506	NR_118998.1	88.205	1153	101	32	9	1141	1349	212	0.0	1343
a204e5d6-d90c-404a-9750-574969921506	NR_181481.1	88.045	1146	104	29	9	1134	1358	226	0.0	1327
653885c0-fbdd-42d6-a307-9146a8a0ffe5	NR_133753.1	87.976	998	52	49	10	965	421	1392	0.0	1116
653885c0-fbdd-42d6-a307-9146a8a0ffe5	NR_025903.1	87.976	998	52	49	10	965	467	1438	0.0	1116
653885c0-fbdd-42d6-a307-9146a8a0ffe5	NR_133752.1	87.876	998	53	49	10	965	392	1363	0.0	1110
653885c0-fbdd-42d6-a307-9146a8a0ffe5	NR_025904.1	87.487	999	55	51	11	965	465	1437	0.0	1088
653885c0-fbdd-42d6-a307-9146a8a0ffe5	NR_026419.1	87.161	997	60	49	11	965	456	1426	0.0	1070
f2c8f4f2-2703-4cc8-908c-36f4fb713185	NR_036936.1	89.343	1051	62	41	5	1022	1303	270	0.0	1275
f2c8f4f2-2703-4cc8-908c-36f4fb713185	NR_115735.1	89.354	1052	60	43	5	1022	1294	261	0.0	1275
f2c8f4f2-2703-4cc8-908c-36f4fb713185	NR_116211.1	89.354	1052	60	43	5	1022	1226	193	0.0	1275
f2c8f4f2-2703-4cc8-908c-36f4fb713185	NR_178515.1	89.343	1051	62	41	5	1022	1303	270	0.0	1275
f2c8f4f2-2703-4cc8-908c-36f4fb713185	NR_024842.1	89.259	1052	61	43	5	1022	1318	285	0.0	1271
e1ca4453-c06b-49d4-861c-193c30639708	NR_117694.1	95.076	1442	29	33	1	1415	41	1467	0.0	2231
e1ca4453-c06b-49d4-861c-193c30639708	NR_117692.1	94.306	1440	44	31	1	1415	41	1467	0.0	2170
e1ca4453-c06b-49d4-861c-193c30639708	NR_041989.1	95.608	1366	26	26	3	1346	1	1354	0.0	2159
e1ca4453-c06b-49d4-861c-193c30639708	NR_117696.1	94.163	1439	48	28	1	1415	28	1454	0.0	2159
e1ca4453-c06b-49d4-861c-193c30639708	NR_025902.1	94.101	1441	46	32	1	1415	18	1445	0.0	2154
71ae3dd1-4626-490b-9ea0-85dfc7b6a890	NR_115355.1	91.867	1328	51	41	11	1301	178	1485	0.0	1801
71ae3dd1-4626-490b-9ea0-85dfc7b6a890	NR_179325.1	91.867	1328	51	41	11	1301	152	1459	0.0	1801
71ae3dd1-4626-490b-9ea0-85dfc7b6a890	NR_119169.1	91.717	1328	53	43	11	1301	183	1490	0.0	1794
71ae3dd1-4626-490b-9ea0-85dfc7b6a890	NR_163639.1	91.786	1327	50	44	11	1301	197	1500	0.0	1792
71ae3dd1-4626-490b-9ea0-85dfc7b6a890	NR_113570.1	91.272	1329	58	42	11	1301	185	1493	0.0	1759
8c662cd9-d87a-4759-898f-4d7c39001df0	NR_026419.1	87.629	582	44	19	6	569	916	1487	0.0	651
8c662cd9-d87a-4759-898f-4d7c39001df0	NR_133752.1	89.641	502	27	17	6	491	853	1345	7.35e-176	616
8c662cd9-d87a-4759-898f-4d7c39001df0	NR_133753.1	89.641	502	27	17	6	491	882	1374	7.35e-176	616
8c662cd9-d87a-4759-898f-4d7c39001df0	NR_025904.1	89.662	503	25	18	6	491	927	1419	7.35e-176	616
8c662cd9-d87a-4759-898f-4d7c39001df0	NR_025903.1	89.641	502	27	17	6	491	928	1420	7.35e-176	616
908241d9-2210-4f50-b44f-e78b36d6b373	NR_042776.1	97.188	569	7	7	1	562	1484	918	0.0	953
908241d9-2210-4f50-b44f-e78b36d6b373	NR_042777.1	97.188	569	7	7	1	562	1483	917	0.0	953
908241d9-2210-4f50-b44f-e78b36d6b373	NR_042778.1	97.158	563	8	6	6	562	1478	918	0.0	944
908241d9-2210-4f50-b44f-e78b36d6b373	NR_197695.1	96.661	569	10	7	1	562	1483	917	0.0	937
908241d9-2210-4f50-b44f-e78b36d6b373	NR_118998.1	96.797	562	11	5	6	562	1472	913	0.0	931
942ee557-5f94-4d9d-ba23-b40b0436e3ba	NR_115560.1	94.239	243	6	6	1	242	247	12	1.18e-100	364
942ee557-5f94-4d9d-ba23-b40b0436e3ba	NR_028664.1	94.215	242	6	6	1	241	250	16	4.25e-100	363
942ee557-5f94-4d9d-ba23-b40b0436e3ba	NR_165744.1	93.416	243	8	6	1	242	236	1	2.55e-97	353
942ee557-5f94-4d9d-ba23-b40b0436e3ba	NR_115240.1	94.421	233	6	5	1	232	227	1	9.19e-97	351
942ee557-5f94-4d9d-ba23-b40b0436e3ba	NR_028665.1	92.975	242	9	6	1	241	244	10	4.28e-95	346
