746da690-1e09-424d-b520-f75dd39c7c64	NR_118143.1	95.679	648	13	12	1	637	1226	583	0.0	1027
746da690-1e09-424d-b520-f75dd39c7c64	NR_042878.1	95.525	648	14	12	1	637	1224	581	0.0	1024
746da690-1e09-424d-b520-f75dd39c7c64	NR_116168.1	95.525	648	14	12	1	637	1245	602	0.0	1022
746da690-1e09-424d-b520-f75dd39c7c64	NR_025338.1	90.000	650	42	19	4	637	1233	591	0.0	819
746da690-1e09-424d-b520-f75dd39c7c64	NR_041979.1	90.000	650	42	19	4	637	1225	583	0.0	819
9180583b-b9c5-4c98-8143-38cc3299fdf1	NR_044873.1	95.975	795	20	9	1	784	644	1437	0.0	1280
9180583b-b9c5-4c98-8143-38cc3299fdf1	NR_074568.1	95.443	790	24	9	1	780	654	1441	0.0	1249
9180583b-b9c5-4c98-8143-38cc3299fdf1	NR_044712.2	95.316	790	25	9	1	780	663	1450	0.0	1245
9180583b-b9c5-4c98-8143-38cc3299fdf1	NR_025310.1	94.557	790	29	11	1	778	634	1421	0.0	1208
9180583b-b9c5-4c98-8143-38cc3299fdf1	NR_109752.1	94.550	789	31	9	1	778	665	1452	0.0	1208
19739a78-1648-46f9-9c0e-18ca10bbc407	NR_136788.1	95.623	891	15	14	1	878	602	1481	0.0	1408
19739a78-1648-46f9-9c0e-18ca10bbc407	NR_026230.1	93.378	891	35	14	1	878	580	1459	0.0	1299
19739a78-1648-46f9-9c0e-18ca10bbc407	NR_113082.1	93.706	858	29	15	1	844	602	1448	0.0	1262
19739a78-1648-46f9-9c0e-18ca10bbc407	NR_109439.1	86.907	886	88	17	8	878	606	1478	0.0	968
19739a78-1648-46f9-9c0e-18ca10bbc407	NR_025052.1	87.879	825	77	19	64	878	648	1459	0.0	948
9a3a317b-f60f-42e0-8511-e8e88236f993	NR_163639.1	94.863	1129	23	21	1	1101	1125	4	0.0	1731
9a3a317b-f60f-42e0-8511-e8e88236f993	NR_119169.1	94.812	1118	27	17	1	1090	1115	1	0.0	1720
9a3a317b-f60f-42e0-8511-e8e88236f993	NR_115355.1	94.879	1113	26	17	1	1085	1110	1	0.0	1714
9a3a317b-f60f-42e0-8511-e8e88236f993	NR_074980.1	94.415	1128	32	17	1	1100	1137	13	0.0	1705
9a3a317b-f60f-42e0-8511-e8e88236f993	NR_113031.1	94.415	1128	32	17	1	1100	1137	13	0.0	1705
5dc53a05-585b-4630-aa57-a244e0c58d65	NR_042776.1	93.954	1257	38	30	1	1228	1266	19	0.0	1866
5dc53a05-585b-4630-aa57-a244e0c58d65	NR_042778.1	93.795	1257	40	30	1	1228	1266	19	0.0	1855
5dc53a05-585b-4630-aa57-a244e0c58d65	NR_042777.1	93.715	1257	40	31	1	1228	1265	19	0.0	1847
5dc53a05-585b-4630-aa57-a244e0c58d65	NR_197695.1	93.397	1257	45	30	1	1228	1265	18	0.0	1827
5dc53a05-585b-4630-aa57-a244e0c58d65	NR_118998.1	93.079	1257	48	31	1	1228	1260	14	0.0	1803
fc059be5-5c9c-46db-bdd2-ded268550bdc	NR_165739.1	94.848	330	7	7	4	328	1130	1454	2.62e-143	507
fc059be5-5c9c-46db-bdd2-ded268550bdc	NR_104684.1	94.294	333	11	7	4	332	1150	1478	3.39e-142	503
fc059be5-5c9c-46db-bdd2-ded268550bdc	NR_118086.1	95.904	293	6	5	4	294	1147	1435	3.43e-132	470
fc059be5-5c9c-46db-bdd2-ded268550bdc	NR_116814.1	95.122	287	8	5	4	288	1130	1412	1.61e-125	448
fc059be5-5c9c-46db-bdd2-ded268550bdc	NR_116814.1	95.122	41	1	1	292	332	1529	1568	6.81e-10	63.9
fc059be5-5c9c-46db-bdd2-ded268550bdc	NR_074613.1	91.718	326	17	8	11	332	1158	1477	2.08e-124	444
51443696-b599-4d33-9542-5e1d699db611	NR_179540.1	95.518	647	12	13	1	640	857	1493	0.0	1018
51443696-b599-4d33-9542-5e1d699db611	NR_117719.1	95.363	647	14	12	1	640	857	1494	0.0	1014
51443696-b599-4d33-9542-5e1d699db611	NR_028664.1	95.356	646	14	12	2	640	861	1497	0.0	1013
51443696-b599-4d33-9542-5e1d699db611	NR_179383.1	95.356	646	14	12	2	640	865	1501	0.0	1013
51443696-b599-4d33-9542-5e1d699db611	NR_042927.1	95.476	641	13	12	2	635	840	1471	0.0	1009
4d47c26b-8388-4623-bf8f-4443b63ca8eb	NR_042776.1	98.980	294	2	1	16	308	1209	1502	6.60e-149	525
4d47c26b-8388-4623-bf8f-4443b63ca8eb	NR_042777.1	98.980	294	2	1	16	308	1208	1501	6.60e-149	525
4d47c26b-8388-4623-bf8f-4443b63ca8eb	NR_042052.1	98.299	294	4	1	16	308	1107	1400	1.43e-145	514
4d47c26b-8388-4623-bf8f-4443b63ca8eb	NR_042778.1	98.299	294	4	1	16	308	1209	1502	1.43e-145	514
4d47c26b-8388-4623-bf8f-4443b63ca8eb	NR_114642.1	98.299	294	4	1	16	308	1166	1459	1.43e-145	514
2845fc6d-282d-414c-ac94-5ebfc3772e65	NR_115735.1	94.420	1362	44	26	1	1345	118	1464	0.0	2065
2845fc6d-282d-414c-ac94-5ebfc3772e65	NR_024842.1	94.273	1362	46	26	1	1345	142	1488	0.0	2058
2845fc6d-282d-414c-ac94-5ebfc3772e65	NR_115241.1	94.187	1359	47	26	1	1342	127	1470	0.0	2049
2845fc6d-282d-414c-ac94-5ebfc3772e65	NR_165737.1	94.048	1361	46	30	1	1342	127	1471	0.0	2032
2845fc6d-282d-414c-ac94-5ebfc3772e65	NR_178515.1	95.046	1292	39	23	1	1274	127	1411	0.0	2008
f4db9328-b79e-44c9-85a3-18c95321c467	NR_024842.1	96.654	1016	24	8	2	1010	481	1493	0.0	1681
f4db9328-b79e-44c9-85a3-18c95321c467	NR_115735.1	96.736	1011	23	8	2	1005	457	1464	0.0	1676
f4db9328-b79e-44c9-85a3-18c95321c467	NR_156072.1	96.542	1012	25	8	6	1010	490	1498	0.0	1666
f4db9328-b79e-44c9-85a3-18c95321c467	NR_115241.1	96.429	1008	26	8	2	1002	466	1470	0.0	1659
f4db9328-b79e-44c9-85a3-18c95321c467	NR_036936.1	96.617	1005	23	9	6	1002	470	1471	0.0	1657
a63cecaa-6437-4c1b-a725-e955df751d3c	NR_042776.1	98.485	462	2	3	5	465	1042	1499	0.0	809
a63cecaa-6437-4c1b-a725-e955df751d3c	NR_042777.1	98.485	462	2	3	5	465	1041	1498	0.0	809
a63cecaa-6437-4c1b-a725-e955df751d3c	NR_042778.1	98.052	462	4	3	5	465	1042	1499	0.0	798
a63cecaa-6437-4c1b-a725-e955df751d3c	NR_118998.1	98.052	462	4	3	5	465	1036	1493	0.0	798
a63cecaa-6437-4c1b-a725-e955df751d3c	NR_197695.1	98.052	462	4	3	5	465	1041	1498	0.0	798
64fc5568-68fd-414d-b0e2-f6e72acca90f	NR_179325.1	91.862	1364	48	43	1	1317	114	1461	0.0	1845
64fc5568-68fd-414d-b0e2-f6e72acca90f	NR_115355.1	91.636	1363	52	42	1	1317	141	1487	0.0	1832
64fc5568-68fd-414d-b0e2-f6e72acca90f	NR_119169.1	91.416	1363	55	42	1	1317	146	1492	0.0	1820
64fc5568-68fd-414d-b0e2-f6e72acca90f	NR_113570.1	91.435	1366	50	47	1	1317	148	1495	0.0	1812
64fc5568-68fd-414d-b0e2-f6e72acca90f	NR_163639.1	91.416	1363	51	46	1	1317	160	1502	0.0	1808
24eebc04-27e1-478c-bf05-a1d82866738b	NR_028664.1	94.131	1295	42	25	1	1274	215	1496	0.0	1940
24eebc04-27e1-478c-bf05-a1d82866738b	NR_042927.1	94.191	1291	41	24	1	1270	194	1471	0.0	1938
24eebc04-27e1-478c-bf05-a1d82866738b	NR_115734.1	94.191	1291	41	24	1	1270	195	1472	0.0	1938
24eebc04-27e1-478c-bf05-a1d82866738b	NR_117719.1	94.054	1295	43	25	1	1274	212	1493	0.0	1934
24eebc04-27e1-478c-bf05-a1d82866738b	NR_179383.1	94.054	1295	43	24	1	1274	219	1500	0.0	1934
004a2322-56d1-4cb2-8beb-cf42631f5b8c	NR_028682.1	96.617	266	1	8	1	260	1234	1497	9.84e-122	435
004a2322-56d1-4cb2-8beb-cf42631f5b8c	NR_024817.1	94.717	265	9	4	1	262	1217	1479	5.96e-114	409
004a2322-56d1-4cb2-8beb-cf42631f5b8c	NR_025435.1	94.382	267	7	6	1	262	1231	1494	2.77e-112	403
004a2322-56d1-4cb2-8beb-cf42631f5b8c	NR_036793.2	93.633	267	9	6	1	262	1242	1505	6.00e-109	392
004a2322-56d1-4cb2-8beb-cf42631f5b8c	NR_116890.1	95.219	251	7	5	1	248	1222	1470	6.00e-109	392
8227278f-f510-4f40-8271-b59a8b7ea2de	NR_041989.1	94.992	1218	35	21	1	1200	1210	1	0.0	1888
8227278f-f510-4f40-8271-b59a8b7ea2de	NR_117717.1	93.370	1267	57	21	1	1249	1272	15	0.0	1849
8227278f-f510-4f40-8271-b59a8b7ea2de	NR_121688.1	93.212	1267	60	20	1	1249	1272	14	0.0	1840
8227278f-f510-4f40-8271-b59a8b7ea2de	NR_117692.1	93.254	1260	59	21	1	1242	1252	1	0.0	1832
8227278f-f510-4f40-8271-b59a8b7ea2de	NR_117701.1	93.254	1260	59	20	1	1242	1252	1	0.0	1832
62f67e86-b877-41f5-8e4e-d62743fe2efa	NR_133752.1	95.113	573	13	13	1	566	1339	775	0.0	889
62f67e86-b877-41f5-8e4e-d62743fe2efa	NR_133753.1	95.113	573	13	13	1	566	1368	804	0.0	889
62f67e86-b877-41f5-8e4e-d62743fe2efa	NR_025903.1	95.113	573	13	13	1	566	1414	850	0.0	889
62f67e86-b877-41f5-8e4e-d62743fe2efa	NR_025904.1	94.590	573	16	13	1	566	1413	849	0.0	872
62f67e86-b877-41f5-8e4e-d62743fe2efa	NR_026419.1	94.415	573	17	13	1	566	1402	838	0.0	867
987023a4-e802-4746-ab2f-1d1f7a99c290	NR_028682.1	96.010	401	8	8	24	420	1101	1497	0.0	645
987023a4-e802-4746-ab2f-1d1f7a99c290	NR_025435.1	93.781	402	17	8	24	422	1098	1494	1.95e-170	597
987023a4-e802-4746-ab2f-1d1f7a99c290	NR_025396.1	93.734	399	22	3	24	422	1072	1467	7.00e-170	595
987023a4-e802-4746-ab2f-1d1f7a99c290	NR_113798.1	93.500	400	20	6	24	421	1086	1481	3.26e-168	590
987023a4-e802-4746-ab2f-1d1f7a99c290	NR_036793.2	93.284	402	19	8	24	422	1109	1505	4.21e-167	586
a280a44c-694f-484e-a043-17e2c5300569	NR_024842.1	94.011	935	29	22	1	911	558	1489	0.0	1391
a280a44c-694f-484e-a043-17e2c5300569	NR_115735.1	94.004	934	29	22	1	910	534	1464	0.0	1389
a280a44c-694f-484e-a043-17e2c5300569	NR_156072.1	93.797	935	31	22	1	911	563	1494	0.0	1380
a280a44c-694f-484e-a043-17e2c5300569	NR_165737.1	93.777	932	30	23	1	907	543	1471	0.0	1375
a280a44c-694f-484e-a043-17e2c5300569	NR_115241.1	93.663	931	32	22	1	907	543	1470	0.0	1373
0b9cae71-789c-4b23-8159-58bc41757e05	NR_036936.1	97.254	619	9	7	1	616	1468	855	0.0	1042
0b9cae71-789c-4b23-8159-58bc41757e05	NR_042927.1	97.254	619	9	7	1	616	1468	855	0.0	1042
0b9cae71-789c-4b23-8159-58bc41757e05	NR_115734.1	97.254	619	9	7	1	616	1469	856	0.0	1042
0b9cae71-789c-4b23-8159-58bc41757e05	NR_179540.1	97.249	618	10	6	1	616	1485	873	0.0	1040
0b9cae71-789c-4b23-8159-58bc41757e05	NR_028664.1	97.092	619	10	7	1	616	1489	876	0.0	1037
fca80703-d392-4fcb-bf15-1f5f9427e7e2	NR_179325.1	92.643	1169	52	25	2	1141	293	1456	0.0	1652
fca80703-d392-4fcb-bf15-1f5f9427e7e2	NR_115355.1	92.472	1169	54	25	2	1141	319	1482	0.0	1640
fca80703-d392-4fcb-bf15-1f5f9427e7e2	NR_119169.1	92.216	1169	57	25	2	1141	324	1487	0.0	1629
fca80703-d392-4fcb-bf15-1f5f9427e7e2	NR_113570.1	91.795	1170	61	26	2	1141	326	1490	0.0	1596
fca80703-d392-4fcb-bf15-1f5f9427e7e2	NR_074980.1	91.702	1169	63	25	2	1141	346	1509	0.0	1591
7e319c6a-ba96-4b6e-93e4-01d813bab161	NR_117694.1	97.857	420	4	5	1	417	418	1	0.0	721
7e319c6a-ba96-4b6e-93e4-01d813bab161	NR_025892.1	96.729	428	9	5	1	425	444	19	0.0	717
7e319c6a-ba96-4b6e-93e4-01d813bab161	NR_104830.1	95.360	431	14	6	1	427	433	5	0.0	680
7e319c6a-ba96-4b6e-93e4-01d813bab161	NR_117717.1	95.561	428	14	5	1	425	439	14	0.0	680
7e319c6a-ba96-4b6e-93e4-01d813bab161	NR_121687.1	95.571	429	12	7	1	425	438	13	0.0	680
ecd81022-2853-4f46-9f42-8850986ba569	NR_115355.1	94.625	707	21	7	1	694	780	1482	0.0	1079
ecd81022-2853-4f46-9f42-8850986ba569	NR_179325.1	94.625	707	21	7	1	694	754	1456	0.0	1079
ecd81022-2853-4f46-9f42-8850986ba569	NR_163639.1	94.484	707	20	9	1	694	797	1497	0.0	1072
ecd81022-2853-4f46-9f42-8850986ba569	NR_113570.1	94.358	709	20	10	1	694	787	1490	0.0	1070
ecd81022-2853-4f46-9f42-8850986ba569	NR_044153.1	94.342	707	23	7	1	694	780	1482	0.0	1068
c56d6d81-8039-456b-acae-3d33f93d5ae5	NR_042776.1	97.645	467	5	6	2	464	1035	1499	0.0	797
c56d6d81-8039-456b-acae-3d33f93d5ae5	NR_042777.1	97.645	467	5	6	2	464	1034	1498	0.0	797
c56d6d81-8039-456b-acae-3d33f93d5ae5	NR_042778.1	97.216	467	7	6	2	464	1035	1499	0.0	785
c56d6d81-8039-456b-acae-3d33f93d5ae5	NR_197695.1	97.216	467	7	6	2	464	1034	1498	0.0	785
c56d6d81-8039-456b-acae-3d33f93d5ae5	NR_118998.1	97.204	465	7	6	4	464	1031	1493	0.0	782
21cf3c5e-cdf9-47b4-bd48-e71ed38a0f33	NR_199547.1	95.506	445	14	5	1	442	124	565	0.0	706
21cf3c5e-cdf9-47b4-bd48-e71ed38a0f33	NR_042928.1	95.281	445	15	5	1	442	144	585	0.0	701
21cf3c5e-cdf9-47b4-bd48-e71ed38a0f33	NR_112026.1	95.281	445	15	5	1	442	127	568	0.0	701
21cf3c5e-cdf9-47b4-bd48-e71ed38a0f33	NR_116206.1	95.056	445	16	5	1	442	69	510	0.0	697
21cf3c5e-cdf9-47b4-bd48-e71ed38a0f33	NR_199541.1	94.382	445	19	5	1	442	122	563	0.0	678
82aba55b-5d79-4eb6-86da-fab5ee64dcc8	NR_024842.1	95.631	1007	23	19	1	991	1009	8	0.0	1600
82aba55b-5d79-4eb6-86da-fab5ee64dcc8	NR_115241.1	95.796	999	21	19	1	983	994	1	0.0	1592
82aba55b-5d79-4eb6-86da-fab5ee64dcc8	NR_115735.1	95.657	990	21	20	1	973	985	1	0.0	1570
82aba55b-5d79-4eb6-86da-fab5ee64dcc8	NR_178515.1	94.900	1000	28	21	1	983	994	1	0.0	1543
82aba55b-5d79-4eb6-86da-fab5ee64dcc8	NR_165737.1	94.700	1000	30	21	1	983	994	1	0.0	1531
58e8e012-407e-4fdc-a63c-2a03587f2188	NR_042928.1	94.444	378	9	8	1	373	371	1	1.06e-162	571
58e8e012-407e-4fdc-a63c-2a03587f2188	NR_109720.1	93.566	373	12	7	1	367	367	1	6.42e-155	545
58e8e012-407e-4fdc-a63c-2a03587f2188	NR_117719.1	92.526	388	17	8	1	383	391	11	6.42e-155	545
58e8e012-407e-4fdc-a63c-2a03587f2188	NR_165747.1	93.122	378	14	8	1	373	371	1	2.31e-154	544
58e8e012-407e-4fdc-a63c-2a03587f2188	NR_199547.1	95.143	350	6	6	1	344	351	7	8.31e-154	542
35d575a4-3898-4a99-8b50-235c7d3206c6	NR_042928.1	95.114	307	8	7	1	305	302	1	1.91e-134	477
35d575a4-3898-4a99-8b50-235c7d3206c6	NR_109720.1	95.349	301	9	5	1	299	298	1	2.48e-133	473
35d575a4-3898-4a99-8b50-235c7d3206c6	NR_036936.1	93.811	307	14	5	1	305	304	1	6.93e-129	459
35d575a4-3898-4a99-8b50-235c7d3206c6	NR_117719.1	93.016	315	14	8	1	312	322	13	3.23e-127	453
35d575a4-3898-4a99-8b50-235c7d3206c6	NR_199547.1	95.775	284	6	6	1	282	282	3	3.23e-127	453
05a4abc9-bd01-41b0-a2c8-45c283dd621a	NR_133752.1	90.566	106	3	4	1	101	1272	1169	1.42e-31	134
05a4abc9-bd01-41b0-a2c8-45c283dd621a	NR_133753.1	90.566	106	3	4	1	101	1301	1198	1.42e-31	134
05a4abc9-bd01-41b0-a2c8-45c283dd621a	NR_025903.1	90.566	106	3	4	1	101	1347	1244	1.42e-31	134
05a4abc9-bd01-41b0-a2c8-45c283dd621a	NR_025904.1	87.736	106	6	4	1	101	1346	1243	1.43e-26	117
05a4abc9-bd01-41b0-a2c8-45c283dd621a	NR_026419.1	87.736	106	6	4	1	101	1335	1232	1.43e-26	117
b0af1a13-7783-495c-9671-a1586a2c0cd4	NR_041989.1	95.298	638	13	14	1	627	632	1	0.0	996
b0af1a13-7783-495c-9671-a1586a2c0cd4	NR_117717.1	93.119	683	29	16	1	671	695	19	0.0	985
b0af1a13-7783-495c-9671-a1586a2c0cd4	NR_121688.1	92.972	683	30	16	1	671	694	18	0.0	979
b0af1a13-7783-495c-9671-a1586a2c0cd4	NR_117701.1	93.088	680	29	16	1	668	674	1	0.0	979
b0af1a13-7783-495c-9671-a1586a2c0cd4	NR_117692.1	92.794	680	31	16	1	668	674	1	0.0	968
f37fd626-7bec-45c3-9855-4dbfc7bb3d1a	NR_042776.1	96.416	279	4	6	6	280	294	18	8.04e-128	455
f37fd626-7bec-45c3-9855-4dbfc7bb3d1a	NR_042778.1	96.057	279	5	6	6	280	294	18	3.74e-126	449
f37fd626-7bec-45c3-9855-4dbfc7bb3d1a	NR_042777.1	95.699	279	6	6	6	280	294	18	1.74e-124	444
f37fd626-7bec-45c3-9855-4dbfc7bb3d1a	NR_118998.1	94.982	279	8	5	6	280	289	13	1.05e-121	435
f37fd626-7bec-45c3-9855-4dbfc7bb3d1a	NR_197695.1	94.624	279	9	6	6	280	293	17	1.75e-119	427
04b59b01-a237-4a6e-931b-8a278a126483	NR_024842.1	90.873	504	22	20	5	492	994	1489	0.0	654
04b59b01-a237-4a6e-931b-8a278a126483	NR_115735.1	90.855	503	22	22	5	491	970	1464	0.0	652
04b59b01-a237-4a6e-931b-8a278a126483	NR_179540.1	90.675	504	23	20	5	492	997	1492	0.0	649
04b59b01-a237-4a6e-931b-8a278a126483	NR_036936.1	91.039	491	22	21	5	481	979	1461	0.0	643
04b59b01-a237-4a6e-931b-8a278a126483	NR_028664.1	90.495	505	23	21	5	492	1000	1496	0.0	643
82036de6-8b5f-45ed-84a8-611bcfa0bb25	NR_042776.1	96.934	1174	25	11	1	1165	1190	19	0.0	1958
82036de6-8b5f-45ed-84a8-611bcfa0bb25	NR_042778.1	96.763	1174	27	11	1	1165	1190	19	0.0	1947
82036de6-8b5f-45ed-84a8-611bcfa0bb25	NR_042777.1	96.678	1174	27	12	1	1165	1189	19	0.0	1941
82036de6-8b5f-45ed-84a8-611bcfa0bb25	NR_197695.1	96.422	1174	31	11	1	1165	1189	18	0.0	1925
82036de6-8b5f-45ed-84a8-611bcfa0bb25	NR_118998.1	95.911	1174	36	12	1	1165	1184	14	0.0	1893
96138613-c25f-40fa-8a4c-8f089a385313	NR_115355.1	89.241	1292	75	55	1	1236	199	1482	0.0	1557
96138613-c25f-40fa-8a4c-8f089a385313	NR_119169.1	89.164	1292	76	55	1	1236	204	1487	0.0	1555
96138613-c25f-40fa-8a4c-8f089a385313	NR_179325.1	89.164	1292	76	55	1	1236	173	1456	0.0	1552
96138613-c25f-40fa-8a4c-8f089a385313	NR_163639.1	88.854	1292	76	59	1	1236	218	1497	0.0	1526
96138613-c25f-40fa-8a4c-8f089a385313	NR_113570.1	88.708	1293	81	55	1	1236	206	1490	0.0	1519
2bad3148-3c89-4792-b222-020c60e4c775	NR_179540.1	97.106	622	9	8	1	619	880	1495	0.0	1040
2bad3148-3c89-4792-b222-020c60e4c775	NR_028664.1	96.945	622	11	6	1	619	883	1499	0.0	1037
2bad3148-3c89-4792-b222-020c60e4c775	NR_117719.1	96.945	622	11	7	1	619	880	1496	0.0	1037
2bad3148-3c89-4792-b222-020c60e4c775	NR_179383.1	96.945	622	11	7	1	619	887	1503	0.0	1037
2bad3148-3c89-4792-b222-020c60e4c775	NR_175455.1	96.790	623	11	8	1	619	868	1485	0.0	1031
dd827bb3-b744-430d-9170-e99130913ca2	NR_115243.1	89.785	372	23	13	1	361	1018	651	1.89e-130	464
dd827bb3-b744-430d-9170-e99130913ca2	NR_024794.1	90.251	359	21	12	1	347	1190	834	3.16e-128	457
dd827bb3-b744-430d-9170-e99130913ca2	NR_112661.1	90.251	359	21	12	1	347	1213	857	3.16e-128	457
dd827bb3-b744-430d-9170-e99130913ca2	NR_113872.1	90.251	359	21	12	1	347	1202	846	3.16e-128	457
dd827bb3-b744-430d-9170-e99130913ca2	NR_041393.1	89.972	359	22	12	1	347	1189	833	1.47e-126	451
3d7a4bf8-d964-4491-b3da-ff369aafd90a	NR_199547.1	96.926	1171	19	12	1	1157	135	1302	0.0	1947
3d7a4bf8-d964-4491-b3da-ff369aafd90a	NR_112026.1	96.755	1171	20	14	1	1157	138	1304	0.0	1938
3d7a4bf8-d964-4491-b3da-ff369aafd90a	NR_042928.1	96.755	1171	21	13	1	1157	155	1322	0.0	1936
3d7a4bf8-d964-4491-b3da-ff369aafd90a	NR_116206.1	96.670	1171	22	13	1	1157	80	1247	0.0	1934
3d7a4bf8-d964-4491-b3da-ff369aafd90a	NR_199541.1	96.246	1172	25	15	1	1157	133	1300	0.0	1903
d0bf467b-a977-4e1f-9b5b-69406e3a5e6f	NR_115355.1	96.142	985	17	19	1	976	510	1482	0.0	1589
d0bf467b-a977-4e1f-9b5b-69406e3a5e6f	NR_179325.1	96.142	985	17	19	1	976	484	1456	0.0	1589
d0bf467b-a977-4e1f-9b5b-69406e3a5e6f	NR_163639.1	95.943	986	16	22	1	976	526	1497	0.0	1578
d0bf467b-a977-4e1f-9b5b-69406e3a5e6f	NR_119169.1	95.838	985	20	19	1	976	515	1487	0.0	1576
d0bf467b-a977-4e1f-9b5b-69406e3a5e6f	NR_113570.1	95.335	986	24	20	1	976	517	1490	0.0	1546
aeba2f04-03ee-43a8-98f0-16606256e406	NR_044873.1	97.297	888	11	12	1	881	586	1467	0.0	1495
aeba2f04-03ee-43a8-98f0-16606256e406	NR_074568.1	96.032	882	24	11	7	883	602	1477	0.0	1424
aeba2f04-03ee-43a8-98f0-16606256e406	NR_043968.1	95.490	887	26	14	3	883	557	1435	0.0	1404
aeba2f04-03ee-43a8-98f0-16606256e406	NR_109752.1	95.281	890	28	14	1	883	608	1490	0.0	1399
aeba2f04-03ee-43a8-98f0-16606256e406	NR_025310.1	95.174	891	27	16	1	883	577	1459	0.0	1393
f7253830-d992-46b4-ac63-982cbb1b72c6	NR_041879.1	95.738	305	6	7	1	301	331	632	1.12e-136	484
f7253830-d992-46b4-ac63-982cbb1b72c6	NR_115355.1	95.738	305	6	7	1	301	374	675	1.12e-136	484
f7253830-d992-46b4-ac63-982cbb1b72c6	NR_179325.1	95.738	305	6	7	1	301	348	649	1.12e-136	484
f7253830-d992-46b4-ac63-982cbb1b72c6	NR_119169.1	95.410	305	7	7	1	301	379	680	1.44e-135	481
f7253830-d992-46b4-ac63-982cbb1b72c6	NR_163639.1	95.410	305	6	8	1	301	391	691	5.19e-135	479
d18700d7-74de-4857-8f66-05839d169314	NR_115241.1	97.862	421	6	1	1	421	421	4	0.0	725
d18700d7-74de-4857-8f66-05839d169314	NR_024842.1	96.991	432	8	3	1	430	436	8	0.0	723
d18700d7-74de-4857-8f66-05839d169314	NR_115735.1	97.590	415	6	2	1	414	412	1	0.0	708
d18700d7-74de-4857-8f66-05839d169314	NR_114413.1	95.370	432	15	3	1	430	444	16	0.0	682
d18700d7-74de-4857-8f66-05839d169314	NR_042927.1	95.735	422	15	1	1	422	421	3	0.0	676
4236560e-4e28-4912-becd-ec678727deeb	NR_041879.1	95.506	178	5	3	1	177	445	620	8.95e-76	281
4236560e-4e28-4912-becd-ec678727deeb	NR_115355.1	95.506	178	5	3	1	177	488	663	8.95e-76	281
4236560e-4e28-4912-becd-ec678727deeb	NR_119169.1	95.506	178	5	3	1	177	493	668	8.95e-76	281
4236560e-4e28-4912-becd-ec678727deeb	NR_163639.1	95.506	178	5	3	1	177	504	679	8.95e-76	281
4236560e-4e28-4912-becd-ec678727deeb	NR_179325.1	95.506	178	5	3	1	177	462	637	8.95e-76	281
aac27ab1-e719-4771-8746-f863c9079976	NR_118512.1	98.089	314	5	1	1	313	1414	1101	5.32e-155	545
aac27ab1-e719-4771-8746-f863c9079976	NR_156802.1	96.497	314	10	1	1	313	1435	1122	1.16e-146	518
aac27ab1-e719-4771-8746-f863c9079976	NR_156805.1	96.497	314	10	1	1	313	1435	1122	1.16e-146	518
aac27ab1-e719-4771-8746-f863c9079976	NR_197757.1	95.860	314	12	1	1	313	1433	1120	2.51e-143	507
aac27ab1-e719-4771-8746-f863c9079976	NR_118524.1	95.541	314	12	2	1	313	1413	1101	1.17e-141	501
cb341e29-7d07-48a8-a10a-8dbd1adf370d	NR_024842.1	96.489	1367	33	12	4	1360	1382	21	0.0	2248
cb341e29-7d07-48a8-a10a-8dbd1adf370d	NR_115241.1	96.489	1367	33	12	4	1360	1367	6	0.0	2248
cb341e29-7d07-48a8-a10a-8dbd1adf370d	NR_178515.1	96.491	1368	31	14	4	1360	1367	6	0.0	2244
cb341e29-7d07-48a8-a10a-8dbd1adf370d	NR_115735.1	96.552	1363	31	13	4	1355	1358	1	0.0	2242
cb341e29-7d07-48a8-a10a-8dbd1adf370d	NR_165737.1	96.272	1368	34	14	4	1360	1367	6	0.0	2228
4751c894-8927-4487-90ee-140319a46e15	NR_042776.1	87.689	463	21	28	1	446	1458	1015	3.61e-143	507
4751c894-8927-4487-90ee-140319a46e15	NR_042777.1	87.689	463	21	28	1	446	1457	1014	3.61e-143	507
4751c894-8927-4487-90ee-140319a46e15	NR_042778.1	87.473	463	22	28	1	446	1458	1015	1.68e-141	501
4751c894-8927-4487-90ee-140319a46e15	NR_118998.1	87.257	463	23	28	1	446	1452	1009	7.82e-140	496
4751c894-8927-4487-90ee-140319a46e15	NR_197695.1	87.174	460	23	28	4	446	1454	1014	3.64e-138	490
9c515f2e-de16-4409-b78b-e27d6b2c538f	NR_042776.1	95.309	469	14	7	1	467	1042	1504	0.0	737
9c515f2e-de16-4409-b78b-e27d6b2c538f	NR_042777.1	95.309	469	14	7	1	467	1041	1503	0.0	737
9c515f2e-de16-4409-b78b-e27d6b2c538f	NR_042778.1	94.883	469	16	7	1	467	1042	1504	0.0	726
9c515f2e-de16-4409-b78b-e27d6b2c538f	NR_118998.1	94.883	469	16	7	1	467	1036	1498	0.0	726
9c515f2e-de16-4409-b78b-e27d6b2c538f	NR_197695.1	94.883	469	16	7	1	467	1041	1503	0.0	726
b476e682-edca-4fec-98af-e1156ee6e8b7	NR_042776.1	94.048	420	15	5	1	411	1209	791	6.66e-180	628
b476e682-edca-4fec-98af-e1156ee6e8b7	NR_042777.1	94.048	420	15	5	1	411	1208	790	6.66e-180	628
b476e682-edca-4fec-98af-e1156ee6e8b7	NR_042778.1	94.048	420	15	5	1	411	1209	791	6.66e-180	628
b476e682-edca-4fec-98af-e1156ee6e8b7	NR_197695.1	93.571	420	17	5	1	411	1208	790	1.44e-176	617
b476e682-edca-4fec-98af-e1156ee6e8b7	NR_024659.1	92.857	420	20	5	1	411	1165	747	1.45e-171	601
7f86d8ec-3610-44be-9cd3-042f1d240d90	NR_028736.1	87.500	160	14	6	1	155	260	418	2.75e-45	180
7f86d8ec-3610-44be-9cd3-042f1d240d90	NR_042776.1	87.500	160	14	6	1	155	261	419	2.75e-45	180
7f86d8ec-3610-44be-9cd3-042f1d240d90	NR_042777.1	87.500	160	14	6	1	155	261	419	2.75e-45	180
7f86d8ec-3610-44be-9cd3-042f1d240d90	NR_197695.1	87.500	160	14	6	1	155	260	418	2.75e-45	180
7f86d8ec-3610-44be-9cd3-042f1d240d90	NR_037101.1	86.875	160	15	6	1	155	236	394	1.28e-43	174
c17341c7-1d41-45c2-9e83-c6fff094f0c9	NR_025902.1	99.535	215	0	1	1	214	1231	1445	1.74e-108	390
c17341c7-1d41-45c2-9e83-c6fff094f0c9	NR_040933.1	99.535	215	0	1	1	214	1275	1489	1.74e-108	390
c17341c7-1d41-45c2-9e83-c6fff094f0c9	NR_117717.1	99.535	215	0	1	1	214	1273	1487	1.74e-108	390
c17341c7-1d41-45c2-9e83-c6fff094f0c9	NR_121688.1	99.535	215	0	1	1	214	1273	1487	1.74e-108	390
c17341c7-1d41-45c2-9e83-c6fff094f0c9	NR_117692.1	99.535	215	0	1	1	214	1253	1467	1.74e-108	390
d980852e-c104-40e1-932d-a08d7f6070c1	NR_024842.1	92.329	365	16	10	7	362	371	10	2.23e-144	510
d980852e-c104-40e1-932d-a08d7f6070c1	NR_115241.1	92.479	359	15	10	7	356	356	1	3.72e-142	503
d980852e-c104-40e1-932d-a08d7f6070c1	NR_115735.1	92.000	350	15	11	7	346	347	1	6.28e-135	479
d980852e-c104-40e1-932d-a08d7f6070c1	NR_117425.1	90.083	363	24	10	6	359	360	1	2.27e-129	460
d980852e-c104-40e1-932d-a08d7f6070c1	NR_165737.1	90.305	361	21	12	6	356	357	1	2.27e-129	460
532dd966-d1a1-4590-bd9f-726d1de3c3a0	NR_042776.1	97.219	791	10	9	1	783	805	19	0.0	1328
532dd966-d1a1-4590-bd9f-726d1de3c3a0	NR_042778.1	96.966	791	12	9	1	783	805	19	0.0	1317
532dd966-d1a1-4590-bd9f-726d1de3c3a0	NR_042777.1	96.839	791	12	10	1	783	804	19	0.0	1310
532dd966-d1a1-4590-bd9f-726d1de3c3a0	NR_197695.1	96.587	791	15	9	1	783	804	18	0.0	1301
532dd966-d1a1-4590-bd9f-726d1de3c3a0	NR_118998.1	96.334	791	17	9	1	783	800	14	0.0	1291
d51544e9-73f0-4cb0-b054-111ba6db5380	NR_113570.1	94.452	721	34	6	17	734	773	1490	0.0	1105
d51544e9-73f0-4cb0-b054-111ba6db5380	NR_043332.1	94.306	720	36	5	17	734	766	1482	0.0	1101
d51544e9-73f0-4cb0-b054-111ba6db5380	NR_074980.1	94.306	720	36	5	17	734	793	1509	0.0	1098
d51544e9-73f0-4cb0-b054-111ba6db5380	NR_113031.1	94.306	720	36	5	17	734	793	1509	0.0	1098
d51544e9-73f0-4cb0-b054-111ba6db5380	NR_115355.1	94.306	720	36	5	17	734	766	1482	0.0	1098
c8436011-f734-4c8a-aaf6-683cb7e9c6df	NR_115354.1	97.150	842	10	7	1	837	652	1484	0.0	1411
c8436011-f734-4c8a-aaf6-683cb7e9c6df	NR_113570.1	97.034	843	10	8	1	837	659	1492	0.0	1404
c8436011-f734-4c8a-aaf6-683cb7e9c6df	NR_115355.1	97.031	842	11	7	1	837	652	1484	0.0	1404
c8436011-f734-4c8a-aaf6-683cb7e9c6df	NR_179325.1	97.031	842	11	7	1	837	626	1458	0.0	1404
c8436011-f734-4c8a-aaf6-683cb7e9c6df	NR_119170.1	96.793	842	13	7	1	837	657	1489	0.0	1399
0a3d6493-1c8d-4560-bc4b-2e8a06ad8e7b	NR_025902.1	93.822	259	11	4	1	256	1189	1445	9.68e-107	385
0a3d6493-1c8d-4560-bc4b-2e8a06ad8e7b	NR_040933.1	93.822	259	11	4	1	256	1233	1489	9.68e-107	385
0a3d6493-1c8d-4560-bc4b-2e8a06ad8e7b	NR_117717.1	93.822	259	11	4	1	256	1231	1487	9.68e-107	385
0a3d6493-1c8d-4560-bc4b-2e8a06ad8e7b	NR_121688.1	93.822	259	11	4	1	256	1231	1487	9.68e-107	385
0a3d6493-1c8d-4560-bc4b-2e8a06ad8e7b	NR_117692.1	93.822	259	11	4	1	256	1211	1467	9.68e-107	385
29fe1019-52e0-4f7d-aa7c-d4446db91afb	NR_125571.1	94.715	246	4	7	1	238	1192	1436	1.98e-103	374
29fe1019-52e0-4f7d-aa7c-d4446db91afb	NR_125570.1	93.522	247	6	9	1	238	1150	1395	5.54e-99	359
29fe1019-52e0-4f7d-aa7c-d4446db91afb	NR_029097.1	93.720	207	6	6	1	202	1168	1372	2.63e-82	303
29fe1019-52e0-4f7d-aa7c-d4446db91afb	NR_074634.1	88.583	254	13	12	1	240	1228	1479	1.58e-79	294
29fe1019-52e0-4f7d-aa7c-d4446db91afb	NR_026312.1	87.747	253	17	10	1	240	1205	1456	9.54e-77	285
6600201a-064a-4da0-a33d-1c42e6f0cb44	NR_074980.1	86.166	1265	100	56	45	1261	1255	18	0.0	1297
6600201a-064a-4da0-a33d-1c42e6f0cb44	NR_113031.1	86.166	1265	100	56	45	1261	1255	18	0.0	1297
6600201a-064a-4da0-a33d-1c42e6f0cb44	NR_119169.1	85.964	1261	100	57	45	1256	1233	1	0.0	1284
6600201a-064a-4da0-a33d-1c42e6f0cb44	NR_115355.1	86.067	1256	98	57	45	1251	1228	1	0.0	1282
6600201a-064a-4da0-a33d-1c42e6f0cb44	NR_117759.1	85.919	1257	104	55	45	1254	1231	1	0.0	1275
a0a133e9-1ec6-4a43-b4c2-1a303130b0b7	NR_024842.1	95.769	780	15	10	3	770	716	1489	0.0	1242
a0a133e9-1ec6-4a43-b4c2-1a303130b0b7	NR_115735.1	95.764	779	15	10	3	769	692	1464	0.0	1240
a0a133e9-1ec6-4a43-b4c2-1a303130b0b7	NR_036936.1	95.753	777	14	11	3	766	701	1471	0.0	1234
a0a133e9-1ec6-4a43-b4c2-1a303130b0b7	NR_115241.1	95.361	776	18	10	3	766	701	1470	0.0	1223
a0a133e9-1ec6-4a43-b4c2-1a303130b0b7	NR_165737.1	95.495	777	16	11	3	766	701	1471	0.0	1223
aafde239-ffaa-4310-be45-17f3f1818740	NR_042776.1	94.984	1276	29	27	1	1260	1274	18	0.0	1969
aafde239-ffaa-4310-be45-17f3f1818740	NR_042778.1	94.906	1276	30	27	1	1260	1274	18	0.0	1964
aafde239-ffaa-4310-be45-17f3f1818740	NR_042777.1	94.749	1276	31	28	1	1260	1273	18	0.0	1953
aafde239-ffaa-4310-be45-17f3f1818740	NR_197695.1	94.514	1276	35	27	1	1260	1273	17	0.0	1936
aafde239-ffaa-4310-be45-17f3f1818740	NR_118998.1	94.201	1276	38	28	1	1260	1268	13	0.0	1916
2b3f1225-fd3b-4db6-bebe-79de1d6f743b	NR_026419.1	97.065	1363	17	17	1	1345	127	1484	0.0	2274
2b3f1225-fd3b-4db6-bebe-79de1d6f743b	NR_025903.1	95.815	1362	34	19	1	1345	140	1495	0.0	2178
2b3f1225-fd3b-4db6-bebe-79de1d6f743b	NR_133753.1	96.285	1319	32	14	1	1308	94	1406	0.0	2148
2b3f1225-fd3b-4db6-bebe-79de1d6f743b	NR_133752.1	96.058	1319	35	14	1	1308	65	1377	0.0	2132
2b3f1225-fd3b-4db6-bebe-79de1d6f743b	NR_025904.1	95.092	1365	38	24	1	1345	139	1494	0.0	2122
23303da6-2c81-4526-ac77-483fe6c74848	NR_042776.1	94.533	439	9	13	36	467	1073	1503	0.0	664
23303da6-2c81-4526-ac77-483fe6c74848	NR_042777.1	94.533	439	9	13	36	467	1072	1502	0.0	664
23303da6-2c81-4526-ac77-483fe6c74848	NR_042778.1	94.077	439	11	13	36	467	1073	1503	0.0	652
23303da6-2c81-4526-ac77-483fe6c74848	NR_118998.1	94.077	439	11	13	36	467	1067	1497	0.0	652
23303da6-2c81-4526-ac77-483fe6c74848	NR_197695.1	94.077	439	11	13	36	467	1072	1502	0.0	652
c4d685c6-18d2-4c20-8e8d-f3131ddd7596	NR_119169.1	90.532	1278	70	39	4	1247	1261	1	0.0	1650
c4d685c6-18d2-4c20-8e8d-f3131ddd7596	NR_163639.1	90.528	1288	65	45	4	1256	1271	6	0.0	1650
c4d685c6-18d2-4c20-8e8d-f3131ddd7596	NR_115355.1	90.652	1273	68	39	4	1242	1256	1	0.0	1648
c4d685c6-18d2-4c20-8e8d-f3131ddd7596	NR_074980.1	90.054	1287	77	39	4	1256	1283	14	0.0	1620
c4d685c6-18d2-4c20-8e8d-f3131ddd7596	NR_113031.1	90.054	1287	77	39	4	1256	1283	14	0.0	1620
092b0676-4c9f-4238-9264-bc923fa2b8bd	NR_042776.1	95.615	935	21	14	4	928	942	18	0.0	1482
092b0676-4c9f-4238-9264-bc923fa2b8bd	NR_197695.1	95.508	935	22	14	4	928	941	17	0.0	1476
092b0676-4c9f-4238-9264-bc923fa2b8bd	NR_042777.1	95.508	935	21	15	4	928	941	18	0.0	1474
092b0676-4c9f-4238-9264-bc923fa2b8bd	NR_042778.1	95.401	935	23	14	4	928	942	18	0.0	1471
092b0676-4c9f-4238-9264-bc923fa2b8bd	NR_118998.1	94.861	934	29	13	4	928	936	13	0.0	1443
073b666f-c6b7-4344-8282-88d33a8c7faf	NR_113570.1	93.892	1015	36	22	6	1008	107	1107	0.0	1507
073b666f-c6b7-4344-8282-88d33a8c7faf	NR_115355.1	93.892	1015	35	20	6	1008	101	1100	0.0	1507
073b666f-c6b7-4344-8282-88d33a8c7faf	NR_041879.1	93.892	1015	35	20	6	1008	58	1057	0.0	1506
073b666f-c6b7-4344-8282-88d33a8c7faf	NR_119169.1	93.695	1015	37	20	6	1008	106	1105	0.0	1500
073b666f-c6b7-4344-8282-88d33a8c7faf	NR_179325.1	93.701	1016	36	21	6	1008	74	1074	0.0	1496
85405d3b-37e0-40c6-8e79-40f64ffeff3b	NR_042776.1	95.249	842	18	16	5	832	666	1499	0.0	1314
85405d3b-37e0-40c6-8e79-40f64ffeff3b	NR_042777.1	95.249	842	18	16	5	832	665	1498	0.0	1314
85405d3b-37e0-40c6-8e79-40f64ffeff3b	NR_042778.1	95.012	842	20	16	5	832	666	1499	0.0	1303
85405d3b-37e0-40c6-8e79-40f64ffeff3b	NR_197695.1	94.893	842	21	16	5	832	665	1498	0.0	1297
85405d3b-37e0-40c6-8e79-40f64ffeff3b	NR_118998.1	94.537	842	23	16	5	832	661	1493	0.0	1279
fd82d66c-14e9-4cd6-b2fe-094ccf4dd96a	NR_025862.1	96.318	679	16	8	4	677	1295	621	0.0	1110
fd82d66c-14e9-4cd6-b2fe-094ccf4dd96a	NR_026454.1	96.171	679	17	9	4	677	1272	598	0.0	1101
fd82d66c-14e9-4cd6-b2fe-094ccf4dd96a	NR_028682.1	96.024	679	18	8	4	677	1296	622	0.0	1096
fd82d66c-14e9-4cd6-b2fe-094ccf4dd96a	NR_116890.1	95.140	679	24	8	4	677	1284	610	0.0	1062
fd82d66c-14e9-4cd6-b2fe-094ccf4dd96a	NR_119263.1	94.845	679	26	8	4	677	1293	619	0.0	1051
904fdee4-0f44-4ba6-8068-93d2da1259a5	NR_118234.1	90.743	1480	63	57	1163	2591	17	1473	0.0	1906
904fdee4-0f44-4ba6-8068-93d2da1259a5	NR_118234.1	92.374	1154	58	23	10	1148	1146	8	0.0	1616
904fdee4-0f44-4ba6-8068-93d2da1259a5	NR_036936.1	90.457	1488	71	54	1168	2606	6	1471	0.0	1897
904fdee4-0f44-4ba6-8068-93d2da1259a5	NR_036936.1	92.570	1144	55	22	10	1138	1129	1	0.0	1616
904fdee4-0f44-4ba6-8068-93d2da1259a5	NR_042776.1	96.351	1151	14	21	10	1146	1154	18	0.0	1868
904fdee4-0f44-4ba6-8068-93d2da1259a5	NR_042776.1	88.165	1504	103	56	1163	2615	25	1504	0.0	1722
904fdee4-0f44-4ba6-8068-93d2da1259a5	NR_042778.1	96.177	1151	16	21	10	1146	1154	18	0.0	1857
904fdee4-0f44-4ba6-8068-93d2da1259a5	NR_042778.1	87.891	1503	109	54	1163	2615	25	1504	0.0	1700
904fdee4-0f44-4ba6-8068-93d2da1259a5	NR_042777.1	96.090	1151	16	22	10	1146	1153	18	0.0	1849
904fdee4-0f44-4ba6-8068-93d2da1259a5	NR_042777.1	88.098	1504	103	57	1163	2615	25	1503	0.0	1716
377b4b89-ebcf-41c6-b1e8-17348c62b9a5	NR_024659.1	96.175	366	4	8	1	357	649	285	2.73e-168	590
377b4b89-ebcf-41c6-b1e8-17348c62b9a5	NR_028833.1	96.175	366	4	7	1	357	695	331	2.73e-168	590
377b4b89-ebcf-41c6-b1e8-17348c62b9a5	NR_116212.1	96.175	366	4	8	1	357	591	227	2.73e-168	590
377b4b89-ebcf-41c6-b1e8-17348c62b9a5	NR_117425.1	96.175	366	4	8	1	357	671	307	2.73e-168	590
377b4b89-ebcf-41c6-b1e8-17348c62b9a5	NR_178515.1	96.175	366	4	7	1	357	668	304	2.73e-168	590
484e277a-6da7-49fd-af95-be54fc66b75e	NR_115355.1	92.558	1411	61	36	1	1385	1393	1	0.0	1988
484e277a-6da7-49fd-af95-be54fc66b75e	NR_163639.1	92.362	1427	60	41	1	1400	1408	4	0.0	1986
484e277a-6da7-49fd-af95-be54fc66b75e	NR_119169.1	92.297	1415	65	36	1	1389	1398	2	0.0	1977
484e277a-6da7-49fd-af95-be54fc66b75e	NR_074980.1	91.725	1426	73	37	1	1399	1420	13	0.0	1938
484e277a-6da7-49fd-af95-be54fc66b75e	NR_113031.1	91.725	1426	73	37	1	1399	1420	13	0.0	1938
6f68d7da-130a-4da2-ae3c-2da6aa2224a4	NR_074980.1	96.323	1115	24	13	1	1101	1125	14	0.0	1816
6f68d7da-130a-4da2-ae3c-2da6aa2224a4	NR_113031.1	96.323	1115	24	13	1	1101	1125	14	0.0	1816
6f68d7da-130a-4da2-ae3c-2da6aa2224a4	NR_119169.1	96.467	1104	22	13	3	1092	1101	1	0.0	1810
6f68d7da-130a-4da2-ae3c-2da6aa2224a4	NR_115355.1	96.458	1101	22	13	1	1087	1098	1	0.0	1805
6f68d7da-130a-4da2-ae3c-2da6aa2224a4	NR_163639.1	96.147	1116	20	19	1	1101	1113	6	0.0	1801
56743f6b-0966-4a3f-8af5-74f48ec65727	NR_026419.1	96.609	1091	12	22	20	1089	1091	5	0.0	1786
56743f6b-0966-4a3f-8af5-74f48ec65727	NR_025903.1	95.307	1108	24	25	3	1089	1118	18	0.0	1733
56743f6b-0966-4a3f-8af5-74f48ec65727	NR_133753.1	95.729	1077	20	23	3	1058	1072	1	0.0	1711
56743f6b-0966-4a3f-8af5-74f48ec65727	NR_025904.1	94.689	1111	25	30	3	1089	1117	17	0.0	1694
56743f6b-0966-4a3f-8af5-74f48ec65727	NR_133752.1	95.611	1048	21	22	3	1030	1043	1	0.0	1657
00625bed-ee80-4523-9ddc-d225e7ac005b	NR_115355.1	90.196	1275	99	23	20	1277	220	1485	0.0	1639
00625bed-ee80-4523-9ddc-d225e7ac005b	NR_179325.1	90.196	1275	99	23	20	1277	194	1459	0.0	1639
00625bed-ee80-4523-9ddc-d225e7ac005b	NR_115354.1	90.039	1275	101	23	20	1277	220	1485	0.0	1629
00625bed-ee80-4523-9ddc-d225e7ac005b	NR_119169.1	89.961	1275	102	23	20	1277	225	1490	0.0	1628
00625bed-ee80-4523-9ddc-d225e7ac005b	NR_119170.1	89.882	1275	103	23	20	1277	225	1490	0.0	1624
48cf98fb-992c-4660-b290-441f9b225293	NR_115735.1	94.544	1283	34	27	6	1266	196	1464	0.0	1949
48cf98fb-992c-4660-b290-441f9b225293	NR_024842.1	94.393	1284	36	27	6	1267	220	1489	0.0	1943
48cf98fb-992c-4660-b290-441f9b225293	NR_036936.1	94.531	1280	35	27	6	1263	205	1471	0.0	1943
48cf98fb-992c-4660-b290-441f9b225293	NR_165737.1	94.531	1280	35	26	6	1263	205	1471	0.0	1943
48cf98fb-992c-4660-b290-441f9b225293	NR_115241.1	94.297	1280	37	27	6	1263	205	1470	0.0	1932
5ed74f1c-eeb0-434a-8224-4045cd95438a	NR_115354.1	93.188	1145	31	32	11	1119	1134	1	0.0	1642
5ed74f1c-eeb0-434a-8224-4045cd95438a	NR_119170.1	92.957	1150	34	32	11	1124	1139	1	0.0	1639
5ed74f1c-eeb0-434a-8224-4045cd95438a	NR_041880.1	93.182	1100	29	31	11	1074	1090	1	0.0	1574
5ed74f1c-eeb0-434a-8224-4045cd95438a	NR_044091.1	92.536	1045	31	32	24	1032	1034	1	0.0	1454
5ed74f1c-eeb0-434a-8224-4045cd95438a	NR_113376.1	89.673	1162	69	36	11	1134	1161	13	0.0	1434
8044962a-d1b1-45da-9a30-1c87b56f4236	NR_041989.1	96.813	1318	23	18	1	1302	1317	3	0.0	2183
8044962a-d1b1-45da-9a30-1c87b56f4236	NR_117692.1	95.505	1357	41	17	1	1339	1359	5	0.0	2150
8044962a-d1b1-45da-9a30-1c87b56f4236	NR_117717.1	95.136	1357	45	19	1	1339	1379	26	0.0	2121
8044962a-d1b1-45da-9a30-1c87b56f4236	NR_121688.1	95.063	1357	47	18	1	1339	1379	25	0.0	2117
8044962a-d1b1-45da-9a30-1c87b56f4236	NR_117701.1	95.063	1357	47	18	1	1339	1359	5	0.0	2117
1516d223-96bd-417d-98aa-502a1b6d1b1e	NR_028665.1	92.083	240	9	8	1	232	1252	1489	4.19e-90	329
1516d223-96bd-417d-98aa-502a1b6d1b1e	NR_156072.1	92.083	240	9	8	1	232	1257	1494	4.19e-90	329
1516d223-96bd-417d-98aa-502a1b6d1b1e	NR_179385.1	92.083	240	9	8	1	232	1259	1496	4.19e-90	329
1516d223-96bd-417d-98aa-502a1b6d1b1e	NR_199545.1	92.083	240	9	8	1	232	1255	1492	4.19e-90	329
1516d223-96bd-417d-98aa-502a1b6d1b1e	NR_114172.1	92.050	239	9	8	1	231	1235	1471	1.51e-89	327
1970df64-c87a-47af-a5dc-fe99e8eed1ca	NR_042928.1	96.293	1322	22	19	1	1309	161	1468	0.0	2145
1970df64-c87a-47af-a5dc-fe99e8eed1ca	NR_028664.1	96.081	1327	26	18	4	1317	187	1500	0.0	2139
1970df64-c87a-47af-a5dc-fe99e8eed1ca	NR_117719.1	96.015	1330	27	18	1	1317	181	1497	0.0	2139
1970df64-c87a-47af-a5dc-fe99e8eed1ca	NR_042927.1	96.209	1319	24	18	4	1309	166	1471	0.0	2135
1970df64-c87a-47af-a5dc-fe99e8eed1ca	NR_115734.1	96.209	1319	24	18	4	1309	167	1472	0.0	2135
708eac56-4fde-4af7-9c6b-c44277a145f8	NR_042776.1	95.417	851	22	15	2	842	495	1338	0.0	1339
708eac56-4fde-4af7-9c6b-c44277a145f8	NR_042777.1	95.300	851	22	16	2	842	495	1337	0.0	1334
708eac56-4fde-4af7-9c6b-c44277a145f8	NR_042778.1	95.300	851	23	15	2	842	495	1338	0.0	1334
708eac56-4fde-4af7-9c6b-c44277a145f8	NR_197695.1	95.065	851	25	15	2	842	494	1337	0.0	1323
708eac56-4fde-4af7-9c6b-c44277a145f8	NR_118998.1	94.706	850	29	15	2	842	490	1332	0.0	1306
a68d4c39-ff4c-4819-b404-5f21a743f627	NR_040821.1	96.680	241	3	5	3	242	1228	1464	4.43e-110	396
a68d4c39-ff4c-4819-b404-5f21a743f627	NR_025148.1	96.680	241	3	5	3	242	1248	1484	4.43e-110	396
a68d4c39-ff4c-4819-b404-5f21a743f627	NR_040820.1	96.680	241	3	5	3	242	1228	1464	4.43e-110	396
a68d4c39-ff4c-4819-b404-5f21a743f627	NR_113262.1	96.680	241	3	5	3	242	1228	1464	4.43e-110	396
a68d4c39-ff4c-4819-b404-5f21a743f627	NR_115728.1	96.680	241	3	5	3	242	1220	1456	4.43e-110	396
7cd9f2b5-adc9-4d7d-b3b9-c3decc8c22cd	NR_042776.1	92.028	577	20	20	12	579	607	48	0.0	787
7cd9f2b5-adc9-4d7d-b3b9-c3decc8c22cd	NR_042778.1	91.681	577	22	20	12	579	607	48	0.0	776
7cd9f2b5-adc9-4d7d-b3b9-c3decc8c22cd	NR_042777.1	91.508	577	22	21	12	579	606	48	0.0	769
7cd9f2b5-adc9-4d7d-b3b9-c3decc8c22cd	NR_197695.1	91.161	577	25	20	12	579	606	47	0.0	760
7cd9f2b5-adc9-4d7d-b3b9-c3decc8c22cd	NR_118998.1	90.988	577	26	20	12	579	602	43	0.0	756
69f1a1d6-f6a4-43ce-96a6-389ccc3a51a0	NR_113038.1	96.850	381	6	6	1	379	389	13	0.0	632
69f1a1d6-f6a4-43ce-96a6-389ccc3a51a0	NR_036819.1	96.783	373	6	6	1	371	369	1	1.33e-176	617
69f1a1d6-f6a4-43ce-96a6-389ccc3a51a0	NR_102936.1	89.556	383	29	11	1	379	388	13	8.47e-134	475
69f1a1d6-f6a4-43ce-96a6-389ccc3a51a0	NR_113159.1	89.556	383	29	11	1	379	388	13	8.47e-134	475
69f1a1d6-f6a4-43ce-96a6-389ccc3a51a0	NR_029349.1	89.529	382	23	14	1	375	372	1	3.94e-132	470
20351144-8987-49ab-a88c-2d4bd629cb26	NR_163639.1	95.548	292	8	5	1	289	14	303	4.93e-130	462
20351144-8987-49ab-a88c-2d4bd629cb26	NR_119168.1	95.533	291	8	5	2	289	1	289	1.77e-129	460
20351144-8987-49ab-a88c-2d4bd629cb26	NR_074980.1	95.205	292	9	5	1	289	22	311	2.30e-128	457
20351144-8987-49ab-a88c-2d4bd629cb26	NR_113031.1	95.205	292	9	5	1	289	22	311	2.30e-128	457
20351144-8987-49ab-a88c-2d4bd629cb26	NR_119169.1	95.189	291	9	5	2	289	1	289	2.30e-128	457
e553014d-a3c2-4261-95e0-3e00eb47490c	NR_117694.1	95.387	607	15	11	1	599	602	1	0.0	953
e553014d-a3c2-4261-95e0-3e00eb47490c	NR_117717.1	94.943	613	22	8	1	607	623	14	0.0	952
e553014d-a3c2-4261-95e0-3e00eb47490c	NR_121688.1	94.780	613	23	8	1	607	622	13	0.0	946
e553014d-a3c2-4261-95e0-3e00eb47490c	NR_041989.1	97.153	562	9	6	1	557	560	1	0.0	942
e553014d-a3c2-4261-95e0-3e00eb47490c	NR_117701.1	94.876	605	22	8	1	599	602	1	0.0	937
d94e7451-b5c5-43a5-8f84-6742e94b8efc	NR_024842.1	93.029	746	35	13	1	732	750	8	0.0	1077
d94e7451-b5c5-43a5-8f84-6742e94b8efc	NR_115241.1	93.360	738	33	12	1	725	735	1	0.0	1077
d94e7451-b5c5-43a5-8f84-6742e94b8efc	NR_165737.1	93.099	739	33	14	1	725	735	1	0.0	1066
d94e7451-b5c5-43a5-8f84-6742e94b8efc	NR_178515.1	93.099	739	33	14	1	725	735	1	0.0	1066
d94e7451-b5c5-43a5-8f84-6742e94b8efc	NR_115735.1	93.141	729	33	13	1	715	726	1	0.0	1053
a5bf800c-998e-4a50-9215-33c563fe6029	NR_041989.1	90.888	439	19	15	1	422	1299	865	4.21e-162	569
a5bf800c-998e-4a50-9215-33c563fe6029	NR_104947.1	90.661	439	20	15	1	422	1314	880	1.96e-160	564
a5bf800c-998e-4a50-9215-33c563fe6029	NR_117717.1	90.661	439	20	15	1	422	1361	927	1.96e-160	564
a5bf800c-998e-4a50-9215-33c563fe6029	NR_121687.1	90.661	439	20	15	1	422	1361	927	1.96e-160	564
a5bf800c-998e-4a50-9215-33c563fe6029	NR_117694.1	90.661	439	20	15	1	422	1341	907	1.96e-160	564
3c8ad0ce-e000-4624-b91a-6ad2e1f23cf0	NR_042776.1	93.123	887	31	22	1	864	623	1502	0.0	1273
3c8ad0ce-e000-4624-b91a-6ad2e1f23cf0	NR_042777.1	93.123	887	31	22	1	864	622	1501	0.0	1273
3c8ad0ce-e000-4624-b91a-6ad2e1f23cf0	NR_042778.1	93.018	888	30	24	1	864	623	1502	0.0	1267
3c8ad0ce-e000-4624-b91a-6ad2e1f23cf0	NR_197695.1	92.905	888	31	24	1	864	622	1501	0.0	1262
3c8ad0ce-e000-4624-b91a-6ad2e1f23cf0	NR_118998.1	92.672	887	34	23	1	864	618	1496	0.0	1249
a01018e5-03bb-4a00-ba5a-142ae39a2adb	NR_044873.1	94.130	460	13	9	5	459	1015	1465	0.0	688
a01018e5-03bb-4a00-ba5a-142ae39a2adb	NR_074568.1	93.305	463	17	9	5	463	1025	1477	0.0	671
a01018e5-03bb-4a00-ba5a-142ae39a2adb	NR_178796.1	93.305	463	18	8	5	463	1023	1476	0.0	671
a01018e5-03bb-4a00-ba5a-142ae39a2adb	NR_178939.1	93.305	463	18	8	5	463	1024	1477	0.0	671
a01018e5-03bb-4a00-ba5a-142ae39a2adb	NR_181146.1	93.103	464	18	9	5	463	1012	1466	0.0	667
6ac67488-14af-4327-8a24-df6d49436f6d	NR_025289.1	91.932	818	30	21	1	792	815	8	0.0	1112
6ac67488-14af-4327-8a24-df6d49436f6d	NR_118780.1	90.505	832	39	26	1	803	821	1	0.0	1062
6ac67488-14af-4327-8a24-df6d49436f6d	NR_144737.1	84.804	816	88	23	24	811	820	13	0.0	789
6ac67488-14af-4327-8a24-df6d49436f6d	NR_028911.1	84.286	840	92	27	1	811	829	1	0.0	784
6ac67488-14af-4327-8a24-df6d49436f6d	NR_133037.1	84.088	817	90	27	25	811	820	14	0.0	752
216c976b-b828-42ae-b569-4a62340b76c8	NR_043464.1	92.633	923	35	21	1	897	1114	199	0.0	1297
216c976b-b828-42ae-b569-4a62340b76c8	NR_181682.1	91.224	923	48	21	1	897	1138	223	0.0	1225
216c976b-b828-42ae-b569-4a62340b76c8	NR_027581.1	90.672	922	52	22	1	897	1136	224	0.0	1195
216c976b-b828-42ae-b569-4a62340b76c8	NR_165677.1	90.574	923	53	21	1	897	1143	229	0.0	1192
216c976b-b828-42ae-b569-4a62340b76c8	NR_074505.1	90.564	922	53	22	1	897	1137	225	0.0	1190
06a3204d-160e-46c5-b7e1-bbea3034790c	NR_029097.1	92.593	459	15	16	1	448	1211	761	0.0	641
06a3204d-160e-46c5-b7e1-bbea3034790c	NR_125570.1	92.593	459	15	16	1	448	1193	743	0.0	641
06a3204d-160e-46c5-b7e1-bbea3034790c	NR_125571.1	91.939	459	18	16	1	448	1235	785	9.51e-179	625
06a3204d-160e-46c5-b7e1-bbea3034790c	NR_152688.1	89.412	425	27	15	40	450	1235	815	4.62e-147	520
06a3204d-160e-46c5-b7e1-bbea3034790c	NR_156077.1	88.288	444	35	15	1	434	1257	821	5.97e-146	516
6e401026-621b-4970-93ce-3c272ee8d702	NR_024842.1	92.994	157	7	3	6	160	162	8	3.67e-59	226
6e401026-621b-4970-93ce-3c272ee8d702	NR_114413.1	91.720	157	9	3	6	160	170	16	7.95e-56	215
6e401026-621b-4970-93ce-3c272ee8d702	NR_199956.1	91.720	157	9	3	6	160	167	13	7.95e-56	215
6e401026-621b-4970-93ce-3c272ee8d702	NR_199974.1	91.720	157	9	3	6	160	174	20	7.95e-56	215
6e401026-621b-4970-93ce-3c272ee8d702	NR_115241.1	92.617	149	7	3	6	152	147	1	1.03e-54	211
561a4f26-a5f8-4750-abb5-bb533b425c22	NR_115355.1	92.323	1016	43	32	1	987	1010	1	0.0	1415
561a4f26-a5f8-4750-abb5-bb533b425c22	NR_119169.1	92.247	1019	44	32	1	990	1015	3	0.0	1415
561a4f26-a5f8-4750-abb5-bb533b425c22	NR_119168.1	91.855	1019	48	32	1	990	1015	3	0.0	1393
561a4f26-a5f8-4750-abb5-bb533b425c22	NR_074980.1	91.707	1025	50	31	1	996	1037	19	0.0	1389
561a4f26-a5f8-4750-abb5-bb533b425c22	NR_113031.1	91.707	1025	50	31	1	996	1037	19	0.0	1389
ae2e482a-6085-42e6-ad88-5a1dd5fcd204	NR_117717.1	92.191	461	18	15	2	452	1040	1492	0.0	636
ae2e482a-6085-42e6-ad88-5a1dd5fcd204	NR_121688.1	92.191	461	18	15	2	452	1040	1492	0.0	636
ae2e482a-6085-42e6-ad88-5a1dd5fcd204	NR_117694.1	92.191	461	18	15	2	452	1020	1472	0.0	636
ae2e482a-6085-42e6-ad88-5a1dd5fcd204	NR_117696.1	92.191	461	18	15	2	452	1007	1459	0.0	636
ae2e482a-6085-42e6-ad88-5a1dd5fcd204	NR_117701.1	92.191	461	18	15	2	452	1020	1472	0.0	636
4aa722cb-856c-4a43-a7a8-e563584f6379	NR_042438.1	88.242	859	65	26	21	861	658	1498	0.0	994
4aa722cb-856c-4a43-a7a8-e563584f6379	NR_108876.1	88.242	859	64	28	21	861	635	1474	0.0	994
4aa722cb-856c-4a43-a7a8-e563584f6379	NR_114916.1	88.242	859	65	26	21	861	616	1456	0.0	994
4aa722cb-856c-4a43-a7a8-e563584f6379	NR_113334.1	88.215	857	67	25	21	861	640	1478	0.0	992
4aa722cb-856c-4a43-a7a8-e563584f6379	NR_113821.1	88.126	859	66	26	21	861	641	1481	0.0	989
6e0a0be3-924e-429c-bfe5-c0f2873ddae5	NR_026419.1	96.855	318	4	3	1	312	1169	1486	1.86e-149	527
6e0a0be3-924e-429c-bfe5-c0f2873ddae5	NR_025904.1	95.253	316	8	4	3	312	1182	1496	1.89e-139	494
6e0a0be3-924e-429c-bfe5-c0f2873ddae5	NR_025903.1	95.253	316	8	4	3	312	1183	1497	1.89e-139	494
6e0a0be3-924e-429c-bfe5-c0f2873ddae5	NR_133752.1	95.172	290	8	3	3	286	1108	1397	3.20e-127	453
6e0a0be3-924e-429c-bfe5-c0f2873ddae5	NR_133753.1	95.172	290	8	3	3	286	1137	1426	3.20e-127	453
42d55ea1-e825-42ee-9643-1aa52372e1ba	NR_041721.1	91.604	1322	72	26	10	1306	190	1497	0.0	1790
42d55ea1-e825-42ee-9643-1aa52372e1ba	NR_199974.1	91.533	1311	70	31	23	1306	206	1502	0.0	1768
42d55ea1-e825-42ee-9643-1aa52372e1ba	NR_025453.1	91.232	1323	76	30	11	1306	167	1476	0.0	1764
42d55ea1-e825-42ee-9643-1aa52372e1ba	NR_134817.1	91.367	1309	75	27	23	1306	192	1487	0.0	1757
42d55ea1-e825-42ee-9643-1aa52372e1ba	NR_118937.1	89.334	1247	96	29	11	1235	90	1321	0.0	1565
7bfcd504-ba69-450b-9a4c-f5c887afbfa4	NR_042776.1	95.291	361	7	6	1	351	453	93	1.63e-160	564
7bfcd504-ba69-450b-9a4c-f5c887afbfa4	NR_042778.1	95.014	361	8	6	1	351	453	93	7.56e-159	558
7bfcd504-ba69-450b-9a4c-f5c887afbfa4	NR_042777.1	94.737	361	9	6	1	351	453	93	3.52e-157	553
7bfcd504-ba69-450b-9a4c-f5c887afbfa4	NR_118998.1	94.460	361	10	6	1	351	448	88	4.55e-156	549
7bfcd504-ba69-450b-9a4c-f5c887afbfa4	NR_197695.1	93.906	361	12	6	1	351	452	92	3.54e-152	536
cab85246-11f4-4fd1-9184-e6809f32d908	NR_040933.1	98.330	539	4	3	1	535	1465	928	0.0	941
cab85246-11f4-4fd1-9184-e6809f32d908	NR_104947.1	98.330	539	4	3	1	535	1416	879	0.0	941
cab85246-11f4-4fd1-9184-e6809f32d908	NR_117717.1	98.330	539	4	3	1	535	1463	926	0.0	941
cab85246-11f4-4fd1-9184-e6809f32d908	NR_117696.1	98.330	539	4	3	1	535	1430	893	0.0	941
cab85246-11f4-4fd1-9184-e6809f32d908	NR_114040.1	98.145	539	4	4	1	535	1443	907	0.0	935
5bc2bf69-a57b-465e-bfdd-3b08c84cef63	NR_179540.1	97.616	839	12	8	4	837	660	1495	0.0	1432
5bc2bf69-a57b-465e-bfdd-3b08c84cef63	NR_028665.1	97.497	839	13	8	4	837	657	1492	0.0	1426
5bc2bf69-a57b-465e-bfdd-3b08c84cef63	NR_117719.1	97.497	839	14	7	4	837	660	1496	0.0	1426
5bc2bf69-a57b-465e-bfdd-3b08c84cef63	NR_179385.1	97.497	839	13	8	4	837	664	1499	0.0	1426
5bc2bf69-a57b-465e-bfdd-3b08c84cef63	NR_199545.1	97.497	839	13	8	4	837	660	1495	0.0	1426
6e544e77-f02a-45c7-b6a2-da76d8df3f3c	NR_041989.1	88.310	633	40	23	1	609	623	1	0.0	728
6e544e77-f02a-45c7-b6a2-da76d8df3f3c	NR_117717.1	86.838	661	53	25	1	637	686	36	0.0	708
6e544e77-f02a-45c7-b6a2-da76d8df3f3c	NR_117696.1	86.838	661	53	25	1	637	652	2	0.0	708
6e544e77-f02a-45c7-b6a2-da76d8df3f3c	NR_117701.1	86.838	661	53	25	1	637	665	15	0.0	708
6e544e77-f02a-45c7-b6a2-da76d8df3f3c	NR_121688.1	86.687	661	54	24	1	637	685	35	0.0	702
25e9a57f-2274-43cd-87c2-b983d38e0f84	NR_199547.1	95.928	221	6	3	1	220	41	259	6.46e-98	355
25e9a57f-2274-43cd-87c2-b983d38e0f84	NR_042928.1	95.833	216	7	2	6	220	65	279	1.08e-95	348
25e9a57f-2274-43cd-87c2-b983d38e0f84	NR_112026.1	95.833	216	7	2	6	220	48	262	1.08e-95	348
25e9a57f-2274-43cd-87c2-b983d38e0f84	NR_165737.1	94.444	216	10	2	6	220	67	281	1.09e-90	331
25e9a57f-2274-43cd-87c2-b983d38e0f84	NR_165747.1	94.444	216	10	2	6	220	65	279	1.09e-90	331
a8f288fa-0555-4d72-841b-111c67556d99	NR_117719.1	95.656	1197	28	21	7	1189	310	1496	0.0	1901
a8f288fa-0555-4d72-841b-111c67556d99	NR_179540.1	95.656	1197	27	22	7	1189	310	1495	0.0	1899
a8f288fa-0555-4d72-841b-111c67556d99	NR_028664.1	95.572	1197	29	21	7	1189	313	1499	0.0	1895
a8f288fa-0555-4d72-841b-111c67556d99	NR_179383.1	95.572	1197	29	21	7	1189	317	1503	0.0	1895
a8f288fa-0555-4d72-841b-111c67556d99	NR_175455.1	95.492	1198	29	22	7	1189	298	1485	0.0	1890
a306b6bf-9628-4969-82d9-a477e41b6447	NR_042776.1	95.563	1217	28	19	1	1209	1217	19	0.0	1925
a306b6bf-9628-4969-82d9-a477e41b6447	NR_042778.1	95.399	1217	30	19	1	1209	1217	19	0.0	1914
a306b6bf-9628-4969-82d9-a477e41b6447	NR_042777.1	95.316	1217	30	20	1	1209	1216	19	0.0	1906
a306b6bf-9628-4969-82d9-a477e41b6447	NR_197695.1	94.988	1217	35	19	1	1209	1216	18	0.0	1886
a306b6bf-9628-4969-82d9-a477e41b6447	NR_118998.1	94.577	1217	39	20	1	1209	1211	14	0.0	1858
6782dab4-524f-48f6-a787-580ed4ab2b49	NR_042776.1	93.839	422	11	11	14	426	439	24	1.17e-177	621
6782dab4-524f-48f6-a787-580ed4ab2b49	NR_042778.1	93.602	422	12	11	14	426	439	24	5.44e-176	616
6782dab4-524f-48f6-a787-580ed4ab2b49	NR_042777.1	93.365	422	13	11	14	426	439	24	2.53e-174	610
6782dab4-524f-48f6-a787-580ed4ab2b49	NR_118998.1	92.891	422	15	11	14	426	434	19	1.52e-171	601
6782dab4-524f-48f6-a787-580ed4ab2b49	NR_197695.1	92.654	422	16	11	14	426	438	23	2.55e-169	593
7132c836-9f31-4b4d-81f2-d617195dbbe3	NR_117694.1	96.597	764	14	9	1	754	706	1467	0.0	1256
7132c836-9f31-4b4d-81f2-d617195dbbe3	NR_117692.1	96.204	764	17	9	1	754	706	1467	0.0	1240
7132c836-9f31-4b4d-81f2-d617195dbbe3	NR_121687.1	96.073	764	18	9	1	754	726	1487	0.0	1234
7132c836-9f31-4b4d-81f2-d617195dbbe3	NR_025902.1	95.942	764	19	9	1	754	684	1445	0.0	1229
7132c836-9f31-4b4d-81f2-d617195dbbe3	NR_117696.1	95.812	764	20	9	1	754	693	1454	0.0	1223
e6a2ddda-ebeb-4e88-8ddd-e554a2a29418	NR_118234.1	95.402	87	0	2	1	83	94	8	2.80e-32	135
e6a2ddda-ebeb-4e88-8ddd-e554a2a29418	NR_024841.1	95.294	85	0	2	1	81	91	7	3.62e-31	132
e6a2ddda-ebeb-4e88-8ddd-e554a2a29418	NR_042776.1	95.294	85	0	2	1	81	102	18	3.62e-31	132
e6a2ddda-ebeb-4e88-8ddd-e554a2a29418	NR_042777.1	95.294	85	0	2	1	81	102	18	3.62e-31	132
e6a2ddda-ebeb-4e88-8ddd-e554a2a29418	NR_042778.1	95.294	85	0	2	1	81	102	18	3.62e-31	132
2826e9d8-599e-4a2f-ba46-81dba5c09217	NR_042776.1	95.220	523	14	9	1	518	534	18	0.0	817
2826e9d8-599e-4a2f-ba46-81dba5c09217	NR_042778.1	94.837	523	16	9	1	518	534	18	0.0	806
2826e9d8-599e-4a2f-ba46-81dba5c09217	NR_042777.1	94.646	523	16	11	1	518	533	18	0.0	800
2826e9d8-599e-4a2f-ba46-81dba5c09217	NR_197695.1	94.455	523	18	9	1	518	533	17	0.0	795
2826e9d8-599e-4a2f-ba46-81dba5c09217	NR_118998.1	94.073	523	20	9	1	518	529	13	0.0	785
fca3130c-c567-42aa-828b-d96109b86561	NR_042843.1	94.083	507	18	11	1	496	956	1461	0.0	760
fca3130c-c567-42aa-828b-d96109b86561	NR_102895.1	94.083	507	18	11	1	496	984	1489	0.0	760
fca3130c-c567-42aa-828b-d96109b86561	NR_113113.1	94.083	507	18	11	1	496	964	1469	0.0	760
fca3130c-c567-42aa-828b-d96109b86561	NR_109628.1	93.886	507	19	11	1	496	957	1462	0.0	754
fca3130c-c567-42aa-828b-d96109b86561	NR_175509.1	93.688	507	20	11	1	496	976	1481	0.0	749
7f059f01-5a76-4b7b-8dd6-46c1e54b9e0a	NR_042928.1	96.158	963	19	13	13	963	957	1	0.0	1557
7f059f01-5a76-4b7b-8dd6-46c1e54b9e0a	NR_117719.1	95.366	971	27	13	13	971	977	13	0.0	1528
7f059f01-5a76-4b7b-8dd6-46c1e54b9e0a	NR_165747.1	95.535	963	25	13	13	963	957	1	0.0	1524
7f059f01-5a76-4b7b-8dd6-46c1e54b9e0a	NR_199545.1	95.263	971	28	13	13	971	977	13	0.0	1522
7f059f01-5a76-4b7b-8dd6-46c1e54b9e0a	NR_112026.1	95.983	946	19	14	13	946	939	1	0.0	1520
7ad10422-44ea-4f91-9c70-2e94e4774085	NR_026419.1	97.048	1355	24	11	1	1348	139	1484	0.0	2266
7ad10422-44ea-4f91-9c70-2e94e4774085	NR_025903.1	95.646	1355	41	13	1	1348	152	1495	0.0	2159
7ad10422-44ea-4f91-9c70-2e94e4774085	NR_133753.1	95.642	1331	41	12	1	1324	106	1426	0.0	2121
7ad10422-44ea-4f91-9c70-2e94e4774085	NR_133752.1	95.492	1331	43	12	1	1324	77	1397	0.0	2109
7ad10422-44ea-4f91-9c70-2e94e4774085	NR_025904.1	94.989	1357	46	16	1	1348	151	1494	0.0	2109
c3a480ef-7214-46ff-be86-67c9e4ac0665	NR_125571.1	95.568	519	15	8	1	513	920	1436	0.0	824
c3a480ef-7214-46ff-be86-67c9e4ac0665	NR_125570.1	95.385	520	15	9	1	513	878	1395	0.0	819
c3a480ef-7214-46ff-be86-67c9e4ac0665	NR_029097.1	96.017	477	14	5	1	474	896	1370	0.0	771
c3a480ef-7214-46ff-be86-67c9e4ac0665	NR_025127.1	90.890	472	38	5	1	469	952	1421	8.56e-180	628
c3a480ef-7214-46ff-be86-67c9e4ac0665	NR_042832.1	88.168	524	46	12	1	511	936	1456	8.62e-175	612
2b716061-f22e-4d21-8a77-fad5197bba4f	NR_041989.1	97.734	971	11	9	1	964	1235	269	0.0	1661
2b716061-f22e-4d21-8a77-fad5197bba4f	NR_117694.1	96.814	973	16	12	1	964	1277	311	0.0	1611
2b716061-f22e-4d21-8a77-fad5197bba4f	NR_117696.1	96.807	971	20	9	1	964	1264	298	0.0	1611
2b716061-f22e-4d21-8a77-fad5197bba4f	NR_104947.1	96.704	971	21	9	1	964	1250	284	0.0	1605
2b716061-f22e-4d21-8a77-fad5197bba4f	NR_117717.1	96.704	971	20	10	1	964	1297	332	0.0	1605
e8a8d2e8-1be7-4b07-ae05-062d97ac9b87	NR_115355.1	95.250	1242	26	30	6	1232	1224	1	0.0	1940
e8a8d2e8-1be7-4b07-ae05-062d97ac9b87	NR_119169.1	95.028	1247	29	30	6	1237	1229	1	0.0	1936
e8a8d2e8-1be7-4b07-ae05-062d97ac9b87	NR_163639.1	94.917	1259	25	36	6	1248	1239	4	0.0	1934
e8a8d2e8-1be7-4b07-ae05-062d97ac9b87	NR_074980.1	94.749	1257	33	30	6	1247	1251	13	0.0	1925
e8a8d2e8-1be7-4b07-ae05-062d97ac9b87	NR_113031.1	94.749	1257	33	30	6	1247	1251	13	0.0	1925
9cfd0530-1f89-406e-9678-1a8be4c237f6	NR_042928.1	96.132	879	15	12	1	875	864	1	0.0	1417
9cfd0530-1f89-406e-9678-1a8be4c237f6	NR_199547.1	96.495	856	12	12	1	852	844	3	0.0	1399
9cfd0530-1f89-406e-9678-1a8be4c237f6	NR_117719.1	95.265	887	23	12	1	883	884	13	0.0	1387
9cfd0530-1f89-406e-9678-1a8be4c237f6	NR_165747.1	95.449	879	21	12	1	875	864	1	0.0	1384
9cfd0530-1f89-406e-9678-1a8be4c237f6	NR_112026.1	95.940	862	15	13	1	858	846	1	0.0	1382
f943514f-9992-4a69-8f6e-84732acf0122	NR_025862.1	91.953	1193	58	27	29	1206	1406	237	0.0	1644
f943514f-9992-4a69-8f6e-84732acf0122	NR_025862.1	100.000	32	0	0	1390	1421	57	26	3.95e-08	60.2
f943514f-9992-4a69-8f6e-84732acf0122	NR_026454.1	91.054	1196	66	31	29	1206	1383	211	0.0	1578
f943514f-9992-4a69-8f6e-84732acf0122	NR_041933.1	88.517	1315	98	44	4	1295	1422	138	0.0	1543
f943514f-9992-4a69-8f6e-84732acf0122	NR_041933.1	100.000	32	0	0	1390	1421	37	6	3.95e-08	60.2
f943514f-9992-4a69-8f6e-84732acf0122	NR_113934.1	88.517	1315	98	44	4	1295	1422	138	0.0	1543
f943514f-9992-4a69-8f6e-84732acf0122	NR_113934.1	100.000	32	0	0	1390	1421	37	6	3.95e-08	60.2
f943514f-9992-4a69-8f6e-84732acf0122	NR_114015.1	86.621	1450	129	54	4	1421	1422	6	0.0	1543
3fe34301-ad84-4516-bcce-0962411a8e56	NR_029337.1	92.288	778	47	12	4	775	1300	530	0.0	1092
3fe34301-ad84-4516-bcce-0962411a8e56	NR_126248.1	89.567	786	62	16	1	775	1260	484	0.0	979
3fe34301-ad84-4516-bcce-0962411a8e56	NR_180957.1	89.427	785	64	16	1	775	1298	523	0.0	972
3fe34301-ad84-4516-bcce-0962411a8e56	NR_042111.1	88.860	781	69	16	4	775	1295	524	0.0	944
3fe34301-ad84-4516-bcce-0962411a8e56	NR_113261.1	88.860	781	69	16	4	775	1286	515	0.0	944
