99043e69-a808-4a0b-a63b-de8d4eb8180a	NR_117694.1	94.219	1453	29	39	15	1440	1425	1	0.0	2167
99043e69-a808-4a0b-a63b-de8d4eb8180a	NR_117717.1	93.699	1460	40	37	15	1449	1445	13	0.0	2139
99043e69-a808-4a0b-a63b-de8d4eb8180a	NR_121688.1	93.562	1460	43	36	15	1449	1445	12	0.0	2128
99043e69-a808-4a0b-a63b-de8d4eb8180a	NR_117701.1	93.591	1451	42	36	15	1440	1425	1	0.0	2117
99043e69-a808-4a0b-a63b-de8d4eb8180a	NR_121687.1	93.361	1461	44	37	15	1449	1445	12	0.0	2111
26ed1463-ab5f-440d-a9fb-4eada59c70ec	NR_026419.1	91.437	327	17	10	1	322	1148	1468	9.90e-123	438
26ed1463-ab5f-440d-a9fb-4eada59c70ec	NR_025904.1	89.602	327	22	11	1	322	1159	1478	1.00e-112	405
26ed1463-ab5f-440d-a9fb-4eada59c70ec	NR_025903.1	89.602	327	22	11	1	322	1160	1479	1.00e-112	405
26ed1463-ab5f-440d-a9fb-4eada59c70ec	NR_133752.1	89.969	319	21	10	1	314	1085	1397	1.30e-111	401
26ed1463-ab5f-440d-a9fb-4eada59c70ec	NR_133753.1	89.969	319	21	10	1	314	1114	1426	1.30e-111	401
6b92a5dd-3643-4f16-ae9d-8e5532113024	NR_025862.1	93.333	435	18	10	1	430	439	11	0.0	638
6b92a5dd-3643-4f16-ae9d-8e5532113024	NR_028682.1	92.610	433	22	8	1	428	440	13	1.96e-175	614
6b92a5dd-3643-4f16-ae9d-8e5532113024	NR_025863.1	86.168	441	43	16	1	430	444	11	7.50e-130	462
6b92a5dd-3643-4f16-ae9d-8e5532113024	NR_026454.1	87.143	420	38	13	1	410	414	1	7.50e-130	462
6b92a5dd-3643-4f16-ae9d-8e5532113024	NR_119263.1	84.944	445	41	20	1	427	437	1	2.74e-119	427
84c43487-e118-43d9-ad17-02e7dec93ccf	NR_024842.1	96.296	837	17	10	4	832	658	1488	0.0	1362
84c43487-e118-43d9-ad17-02e7dec93ccf	NR_115735.1	96.296	837	17	10	4	832	634	1464	0.0	1362
84c43487-e118-43d9-ad17-02e7dec93ccf	NR_036936.1	96.502	829	14	11	4	823	643	1465	0.0	1356
84c43487-e118-43d9-ad17-02e7dec93ccf	NR_109720.1	96.372	827	15	11	4	821	637	1457	0.0	1347
84c43487-e118-43d9-ad17-02e7dec93ccf	NR_115241.1	96.135	828	18	10	4	823	643	1464	0.0	1345
95e61c38-0879-4222-859e-ba35b9716fa7	NR_179540.1	91.496	682	32	23	1	668	823	1492	0.0	915
95e61c38-0879-4222-859e-ba35b9716fa7	NR_028665.1	91.202	682	34	21	1	668	820	1489	0.0	904
95e61c38-0879-4222-859e-ba35b9716fa7	NR_042928.1	91.420	676	31	24	1	662	803	1465	0.0	902
95e61c38-0879-4222-859e-ba35b9716fa7	NR_115239.1	91.420	676	31	22	1	662	803	1465	0.0	902
95e61c38-0879-4222-859e-ba35b9716fa7	NR_165741.1	91.420	676	31	22	1	662	812	1474	0.0	902
436cd4d5-8393-4893-8068-f9eb038ddee2	NR_042771.1	93.333	255	9	7	13	261	265	13	2.76e-102	370
436cd4d5-8393-4893-8068-f9eb038ddee2	NR_112025.1	92.969	256	10	7	13	262	265	12	2.76e-102	370
436cd4d5-8393-4893-8068-f9eb038ddee2	NR_115274.1	93.117	247	9	7	13	253	245	1	7.72e-98	355
436cd4d5-8393-4893-8068-f9eb038ddee2	NR_179540.1	92.157	255	12	7	13	261	265	13	2.78e-97	353
436cd4d5-8393-4893-8068-f9eb038ddee2	NR_118234.1	91.440	257	14	7	13	262	264	9	4.64e-95	346
72b492ab-fa3b-4b96-80c9-0b385b420c44	NR_116168.1	93.924	1004	45	16	1	998	494	1487	0.0	1502
72b492ab-fa3b-4b96-80c9-0b385b420c44	NR_118762.1	92.685	998	56	17	1	992	497	1483	0.0	1443
72b492ab-fa3b-4b96-80c9-0b385b420c44	NR_114764.1	91.118	1002	71	18	1	995	476	1466	0.0	1345
72b492ab-fa3b-4b96-80c9-0b385b420c44	NR_042878.1	93.875	898	41	14	1	892	473	1362	0.0	1341
72b492ab-fa3b-4b96-80c9-0b385b420c44	NR_179336.1	90.963	1007	69	21	1	998	439	1432	0.0	1336
ddd4d568-c355-4424-987e-ce7d39859ed4	NR_199545.1	94.376	1387	42	29	1	1366	121	1492	0.0	2097
ddd4d568-c355-4424-987e-ce7d39859ed4	NR_179385.1	94.304	1387	43	29	1	1366	125	1496	0.0	2091
ddd4d568-c355-4424-987e-ce7d39859ed4	NR_028664.1	94.236	1388	43	30	1	1366	124	1496	0.0	2085
ddd4d568-c355-4424-987e-ce7d39859ed4	NR_115240.1	94.220	1384	43	30	1	1362	101	1469	0.0	2078
ddd4d568-c355-4424-987e-ce7d39859ed4	NR_114172.1	94.088	1387	44	31	1	1365	101	1471	0.0	2073
14b5ee66-e205-4158-87bd-6dda224b5d6a	NR_042776.1	92.105	380	16	10	3	374	1126	1499	2.95e-148	523
14b5ee66-e205-4158-87bd-6dda224b5d6a	NR_042777.1	92.105	380	16	10	3	374	1125	1498	2.95e-148	523
14b5ee66-e205-4158-87bd-6dda224b5d6a	NR_197695.1	91.842	380	17	10	3	374	1125	1498	1.37e-146	518
14b5ee66-e205-4158-87bd-6dda224b5d6a	NR_042778.1	91.579	380	18	10	3	374	1126	1499	6.39e-145	512
14b5ee66-e205-4158-87bd-6dda224b5d6a	NR_118998.1	91.579	380	18	10	3	374	1120	1493	6.39e-145	512
2ebb5395-905b-4936-961a-9128425c31a6	NR_199547.1	85.835	1419	139	45	3	1390	11	1398	0.0	1450
2ebb5395-905b-4936-961a-9128425c31a6	NR_109720.1	85.503	1421	144	45	1	1390	25	1414	0.0	1426
2ebb5395-905b-4936-961a-9128425c31a6	NR_042928.1	85.503	1421	142	47	1	1390	31	1418	0.0	1424
2ebb5395-905b-4936-961a-9128425c31a6	NR_199541.1	85.493	1420	140	48	3	1390	11	1396	0.0	1421
2ebb5395-905b-4936-961a-9128425c31a6	NR_028664.1	85.021	1422	147	48	1	1390	54	1441	0.0	1386
46b3ae34-f760-43d0-a6f1-50ac60df1244	NR_113570.1	93.688	301	8	7	1	290	1146	846	2.37e-123	440
46b3ae34-f760-43d0-a6f1-50ac60df1244	NR_025762.1	93.355	301	9	7	1	290	1117	817	1.10e-121	435
46b3ae34-f760-43d0-a6f1-50ac60df1244	NR_115355.1	93.355	301	9	7	1	290	1139	839	1.10e-121	435
46b3ae34-f760-43d0-a6f1-50ac60df1244	NR_163639.1	93.355	301	8	8	1	290	1154	855	1.10e-121	435
46b3ae34-f760-43d0-a6f1-50ac60df1244	NR_179325.1	93.355	301	9	7	1	290	1113	813	1.10e-121	435
d44006c3-0714-48e6-baf7-7169452bec30	NR_041879.1	90.208	1348	64	54	1	1303	22	1346	0.0	1696
d44006c3-0714-48e6-baf7-7169452bec30	NR_115355.1	90.134	1348	64	55	1	1303	65	1388	0.0	1692
d44006c3-0714-48e6-baf7-7169452bec30	NR_179325.1	90.059	1348	66	55	1	1303	38	1362	0.0	1685
d44006c3-0714-48e6-baf7-7169452bec30	NR_119169.1	89.911	1348	67	55	1	1303	70	1393	0.0	1677
d44006c3-0714-48e6-baf7-7169452bec30	NR_113570.1	89.918	1349	66	58	1	1303	71	1395	0.0	1674
bd1c3123-9b55-429e-bf5b-9226d6326100	NR_025892.1	96.047	253	5	5	1	249	270	19	5.57e-114	409
bd1c3123-9b55-429e-bf5b-9226d6326100	NR_117694.1	96.327	245	4	5	1	241	244	1	1.21e-110	398
bd1c3123-9b55-429e-bf5b-9226d6326100	NR_121687.1	92.520	254	12	7	1	249	264	13	2.05e-98	357
bd1c3123-9b55-429e-bf5b-9226d6326100	NR_104830.1	91.797	256	15	5	1	251	259	5	9.52e-97	351
bd1c3123-9b55-429e-bf5b-9226d6326100	NR_117717.1	92.095	253	15	5	1	249	265	14	9.52e-97	351
0bbe4a2e-397c-491d-9b8e-11b3fe15db07	NR_113570.1	93.477	1349	41	33	16	1327	151	1489	0.0	1960
0bbe4a2e-397c-491d-9b8e-11b3fe15db07	NR_044091.1	94.488	1288	30	27	16	1270	58	1337	0.0	1947
0bbe4a2e-397c-491d-9b8e-11b3fe15db07	NR_043332.1	93.101	1348	47	32	16	1327	144	1481	0.0	1938
0bbe4a2e-397c-491d-9b8e-11b3fe15db07	NR_074980.1	93.175	1348	46	32	16	1327	171	1508	0.0	1938
0bbe4a2e-397c-491d-9b8e-11b3fe15db07	NR_113031.1	93.175	1348	46	32	16	1327	171	1508	0.0	1938
7af7d917-ff5d-4c89-a1b2-353c947c2755	NR_117694.1	95.561	1329	30	18	1	1306	148	1470	0.0	2100
7af7d917-ff5d-4c89-a1b2-353c947c2755	NR_117692.1	95.358	1314	33	18	14	1306	164	1470	0.0	2063
7af7d917-ff5d-4c89-a1b2-353c947c2755	NR_121687.1	95.274	1312	34	19	16	1306	186	1490	0.0	2054
7af7d917-ff5d-4c89-a1b2-353c947c2755	NR_025902.1	95.205	1314	35	18	14	1306	142	1448	0.0	2052
7af7d917-ff5d-4c89-a1b2-353c947c2755	NR_104685.1	93.721	1290	55	17	37	1306	208	1491	0.0	1910
5ec68dbb-ab87-4f1b-8e55-f2ecef6d0d08	NR_044873.1	96.896	741	16	5	1	737	739	2	0.0	1234
5ec68dbb-ab87-4f1b-8e55-f2ecef6d0d08	NR_074568.1	94.737	741	31	6	1	737	749	13	0.0	1146
5ec68dbb-ab87-4f1b-8e55-f2ecef6d0d08	NR_044712.2	94.332	741	34	6	1	737	758	22	0.0	1134
5ec68dbb-ab87-4f1b-8e55-f2ecef6d0d08	NR_179993.1	93.674	743	38	7	1	738	750	12	0.0	1103
5ec68dbb-ab87-4f1b-8e55-f2ecef6d0d08	NR_109752.1	93.531	742	39	7	1	737	760	23	0.0	1096
9a12a686-a906-4f2c-8e9a-00fd8c7ec1ed	NR_117292.1	96.359	1291	17	20	1	1270	147	1428	0.0	2097
9a12a686-a906-4f2c-8e9a-00fd8c7ec1ed	NR_178363.1	96.282	1291	18	20	1	1270	147	1428	0.0	2091
9a12a686-a906-4f2c-8e9a-00fd8c7ec1ed	NR_113141.1	95.676	1295	26	20	1	1274	167	1452	0.0	2054
9a12a686-a906-4f2c-8e9a-00fd8c7ec1ed	NR_178362.1	95.662	1291	26	19	1	1270	147	1428	0.0	2047
9a12a686-a906-4f2c-8e9a-00fd8c7ec1ed	NR_117288.1	95.585	1291	27	20	1	1270	147	1428	0.0	2041
d3925f5f-a71b-464b-9573-942e2747affe	NR_116168.1	97.301	1371	22	14	14	1372	1383	16	0.0	2313
d3925f5f-a71b-464b-9573-942e2747affe	NR_042878.1	97.070	1365	25	14	14	1366	1362	1	0.0	2296
d3925f5f-a71b-464b-9573-942e2747affe	NR_118762.1	95.415	1374	47	15	14	1375	1385	16	0.0	2215
d3925f5f-a71b-464b-9573-942e2747affe	NR_118143.1	95.318	1367	47	16	14	1366	1364	1	0.0	2156
d3925f5f-a71b-464b-9573-942e2747affe	NR_025423.1	94.748	1371	53	18	14	1369	1367	1	0.0	2115
2e2f0775-1f3d-46cc-95fc-0c900215c2e3	NR_115712.1	94.631	149	7	1	6	153	610	758	3.04e-60	230
2e2f0775-1f3d-46cc-95fc-0c900215c2e3	NR_152684.1	94.631	149	7	1	6	153	606	754	3.04e-60	230
2e2f0775-1f3d-46cc-95fc-0c900215c2e3	NR_024748.1	92.903	155	10	1	6	159	656	810	1.42e-58	224
2e2f0775-1f3d-46cc-95fc-0c900215c2e3	NR_024919.1	93.960	149	8	1	6	153	645	793	1.42e-58	224
2e2f0775-1f3d-46cc-95fc-0c900215c2e3	NR_041746.1	93.960	149	8	1	6	153	647	795	1.42e-58	224
9db59201-aeb7-405c-97f1-a080ebd4c5a8	NR_024842.1	95.845	361	6	7	4	362	1136	1489	7.85e-164	575
9db59201-aeb7-405c-97f1-a080ebd4c5a8	NR_115735.1	95.833	360	6	7	4	361	1112	1464	2.82e-163	573
9db59201-aeb7-405c-97f1-a080ebd4c5a8	NR_178262.1	95.592	363	4	9	4	362	1015	1369	1.02e-162	571
9db59201-aeb7-405c-97f1-a080ebd4c5a8	NR_179215.1	95.592	363	4	9	4	362	1137	1491	1.02e-162	571
9db59201-aeb7-405c-97f1-a080ebd4c5a8	NR_179720.1	95.580	362	6	8	4	362	1141	1495	1.02e-162	571
7a9d2d8d-9a33-4909-aa04-cfcfc6265653	NR_044873.1	97.279	294	3	5	1	290	250	542	1.74e-139	494
7a9d2d8d-9a33-4909-aa04-cfcfc6265653	NR_025310.1	95.578	294	8	4	1	290	241	533	3.80e-131	466
7a9d2d8d-9a33-4909-aa04-cfcfc6265653	NR_074568.1	95.578	294	8	4	1	290	261	553	3.80e-131	466
7a9d2d8d-9a33-4909-aa04-cfcfc6265653	NR_179993.1	95.578	294	8	4	1	290	262	554	3.80e-131	466
7a9d2d8d-9a33-4909-aa04-cfcfc6265653	NR_026071.1	95.238	294	9	5	1	290	235	527	1.77e-129	460
305b42f1-eaa3-42d6-819a-61a059f36a6a	NR_042776.1	92.835	642	25	17	27	652	654	18	0.0	911
305b42f1-eaa3-42d6-819a-61a059f36a6a	NR_042778.1	92.523	642	27	17	27	652	654	18	0.0	900
305b42f1-eaa3-42d6-819a-61a059f36a6a	NR_197695.1	92.535	643	25	18	27	652	653	17	0.0	900
305b42f1-eaa3-42d6-819a-61a059f36a6a	NR_042777.1	92.368	642	27	18	27	652	653	18	0.0	894
305b42f1-eaa3-42d6-819a-61a059f36a6a	NR_118998.1	91.745	642	32	17	27	652	649	13	0.0	874
9c66f386-5ae8-4e7f-a5c8-b01f9f9e7277	NR_117694.1	96.047	430	6	10	8	427	429	1	0.0	689
9c66f386-5ae8-4e7f-a5c8-b01f9f9e7277	NR_025892.1	94.977	438	11	10	8	435	455	19	0.0	684
9c66f386-5ae8-4e7f-a5c8-b01f9f9e7277	NR_121687.1	93.850	439	14	12	8	435	449	13	0.0	649
9c66f386-5ae8-4e7f-a5c8-b01f9f9e7277	NR_104830.1	93.636	440	16	11	9	437	443	5	0.0	647
9c66f386-5ae8-4e7f-a5c8-b01f9f9e7277	NR_041989.1	96.915	389	4	7	7	388	388	1	0.0	645
5476cfd7-6fa2-4be2-9501-664956c2123a	NR_115355.1	95.550	764	22	11	4	757	1209	448	0.0	1212
5476cfd7-6fa2-4be2-9501-664956c2123a	NR_179325.1	95.550	764	22	11	4	757	1183	422	0.0	1212
5476cfd7-6fa2-4be2-9501-664956c2123a	NR_119169.1	95.419	764	23	11	4	757	1214	453	0.0	1210
5476cfd7-6fa2-4be2-9501-664956c2123a	NR_041879.1	95.425	765	22	12	4	757	1167	405	0.0	1206
5476cfd7-6fa2-4be2-9501-664956c2123a	NR_163639.1	95.288	764	23	12	4	757	1224	464	0.0	1199
b1dfa4fc-1b58-4a4d-bf90-8a34b6f2e5ce	NR_024842.1	92.740	1102	50	23	1	1078	1106	11	0.0	1568
b1dfa4fc-1b58-4a4d-bf90-8a34b6f2e5ce	NR_178515.1	92.805	1098	47	24	1	1073	1091	1	0.0	1561
b1dfa4fc-1b58-4a4d-bf90-8a34b6f2e5ce	NR_115241.1	92.707	1097	50	23	1	1073	1091	1	0.0	1559
b1dfa4fc-1b58-4a4d-bf90-8a34b6f2e5ce	NR_115735.1	93.002	1086	47	23	1	1062	1082	2	0.0	1557
b1dfa4fc-1b58-4a4d-bf90-8a34b6f2e5ce	NR_165737.1	92.532	1098	50	25	1	1073	1091	1	0.0	1544
bf4dbeb8-3ea6-46d7-a865-0afe95d0f4dd	NR_028682.1	97.378	267	2	4	1	264	1483	1219	3.50e-126	449
bf4dbeb8-3ea6-46d7-a865-0afe95d0f4dd	NR_024817.1	96.226	265	6	3	1	263	1465	1203	3.52e-121	433
bf4dbeb8-3ea6-46d7-a865-0afe95d0f4dd	NR_025435.1	95.880	267	4	7	1	263	1480	1217	5.90e-119	425
bf4dbeb8-3ea6-46d7-a865-0afe95d0f4dd	NR_116890.1	95.489	266	8	3	1	264	1470	1207	7.63e-118	422
bf4dbeb8-3ea6-46d7-a865-0afe95d0f4dd	NR_042357.1	95.094	265	9	3	1	263	1450	1188	1.28e-115	414
1119ffc5-4523-4ded-99e3-1398af8da653	NR_115355.1	95.346	881	22	12	1	870	610	1482	0.0	1382
1119ffc5-4523-4ded-99e3-1398af8da653	NR_179325.1	95.346	881	22	12	1	870	584	1456	0.0	1382
1119ffc5-4523-4ded-99e3-1398af8da653	NR_163639.1	95.125	882	21	15	1	870	626	1497	0.0	1371
1119ffc5-4523-4ded-99e3-1398af8da653	NR_119169.1	95.006	881	25	12	1	870	615	1487	0.0	1369
1119ffc5-4523-4ded-99e3-1398af8da653	NR_115354.1	94.773	880	29	13	1	870	610	1482	0.0	1356
08631126-616c-4c43-93eb-4fa060ccd65d	NR_116168.1	90.045	673	36	23	1	660	833	1487	0.0	843
08631126-616c-4c43-93eb-4fa060ccd65d	NR_118762.1	89.561	661	38	22	6	654	841	1482	0.0	821
08631126-616c-4c43-93eb-4fa060ccd65d	NR_025423.1	88.571	665	43	24	4	654	819	1464	0.0	776
08631126-616c-4c43-93eb-4fa060ccd65d	NR_115138.1	87.856	667	49	24	1	654	818	1465	0.0	754
08631126-616c-4c43-93eb-4fa060ccd65d	NR_024899.1	88.889	621	42	21	6	616	837	1440	0.0	739
5e4923c4-796e-4629-a8c9-2bc4e4fc221e	NR_165737.1	87.845	724	49	34	9	696	611	1331	0.0	813
5e4923c4-796e-4629-a8c9-2bc4e4fc221e	NR_178515.1	87.845	724	49	34	9	696	611	1331	0.0	813
5e4923c4-796e-4629-a8c9-2bc4e4fc221e	NR_109720.1	87.707	724	50	34	9	696	605	1325	0.0	808
5e4923c4-796e-4629-a8c9-2bc4e4fc221e	NR_024842.1	87.569	724	51	34	9	696	626	1346	0.0	802
5e4923c4-796e-4629-a8c9-2bc4e4fc221e	NR_036936.1	87.569	724	51	34	9	696	611	1331	0.0	802
cf8ef919-f26a-4f5c-86a2-00490ade1b06	NR_044873.1	95.581	973	27	14	1	965	501	1465	0.0	1544
cf8ef919-f26a-4f5c-86a2-00490ade1b06	NR_074568.1	94.547	972	36	15	1	965	512	1473	0.0	1485
cf8ef919-f26a-4f5c-86a2-00490ade1b06	NR_025310.1	94.045	974	39	17	1	965	492	1455	0.0	1459
cf8ef919-f26a-4f5c-86a2-00490ade1b06	NR_044712.2	94.093	965	40	15	1	958	521	1475	0.0	1458
cf8ef919-f26a-4f5c-86a2-00490ade1b06	NR_043968.1	94.039	973	39	17	1	965	470	1431	0.0	1458
90b3c018-b399-4a46-a09a-0daa6e624eb7	NR_042776.1	91.140	1140	58	33	5	1125	384	1499	0.0	1506
90b3c018-b399-4a46-a09a-0daa6e624eb7	NR_042777.1	91.053	1140	58	34	5	1125	384	1498	0.0	1500
90b3c018-b399-4a46-a09a-0daa6e624eb7	NR_042778.1	91.053	1140	59	32	5	1125	384	1499	0.0	1500
90b3c018-b399-4a46-a09a-0daa6e624eb7	NR_118998.1	90.781	1139	63	32	5	1125	379	1493	0.0	1483
90b3c018-b399-4a46-a09a-0daa6e624eb7	NR_197695.1	90.789	1140	62	33	5	1125	383	1498	0.0	1483
3a7044f9-c830-442c-a05c-283a8cf87b5d	NR_028682.1	97.832	692	7	8	1	685	807	1497	0.0	1188
3a7044f9-c830-442c-a05c-283a8cf87b5d	NR_025396.1	96.237	691	21	5	1	687	778	1467	0.0	1127
3a7044f9-c830-442c-a05c-283a8cf87b5d	NR_025445.1	95.954	692	22	6	1	687	798	1488	0.0	1118
3a7044f9-c830-442c-a05c-283a8cf87b5d	NR_040926.1	95.965	694	19	9	1	687	785	1476	0.0	1118
3a7044f9-c830-442c-a05c-283a8cf87b5d	NR_116890.1	96.603	677	18	5	1	673	795	1470	0.0	1118
e27b305a-9384-489e-9a9e-a3f23c9eca1b	NR_042776.1	91.919	594	23	21	1	582	141	721	0.0	808
e27b305a-9384-489e-9a9e-a3f23c9eca1b	NR_042778.1	91.582	594	25	21	1	582	141	721	0.0	797
e27b305a-9384-489e-9a9e-a3f23c9eca1b	NR_042777.1	91.400	593	27	20	1	582	141	720	0.0	791
e27b305a-9384-489e-9a9e-a3f23c9eca1b	NR_197695.1	91.246	594	27	21	1	582	140	720	0.0	785
e27b305a-9384-489e-9a9e-a3f23c9eca1b	NR_118998.1	91.092	595	26	22	1	582	136	716	0.0	780
033cdf21-7958-479e-811b-a5f66d9f04ce	NR_044873.1	90.000	390	20	15	1	380	1040	1420	4.35e-137	486
033cdf21-7958-479e-811b-a5f66d9f04ce	NR_074568.1	89.691	388	22	14	1	379	1050	1428	7.29e-135	479
033cdf21-7958-479e-811b-a5f66d9f04ce	NR_044712.2	89.691	388	22	13	1	379	1059	1437	7.29e-135	479
033cdf21-7958-479e-811b-a5f66d9f04ce	NR_136480.2	89.119	386	24	13	1	377	1054	1430	2.04e-130	464
033cdf21-7958-479e-811b-a5f66d9f04ce	NR_043260.1	88.689	389	26	14	1	380	1022	1401	9.49e-129	459
69e39ff7-7252-431f-90c9-382c1da1c9b3	NR_042928.1	94.805	385	11	9	1	378	675	1057	8.04e-169	592
69e39ff7-7252-431f-90c9-382c1da1c9b3	NR_116206.1	94.805	385	11	9	1	378	600	982	8.04e-169	592
69e39ff7-7252-431f-90c9-382c1da1c9b3	NR_028664.1	94.545	385	12	9	1	378	698	1080	3.74e-167	586
69e39ff7-7252-431f-90c9-382c1da1c9b3	NR_042927.1	94.545	385	12	9	1	378	677	1059	3.74e-167	586
69e39ff7-7252-431f-90c9-382c1da1c9b3	NR_114413.1	94.545	385	12	9	1	378	700	1082	3.74e-167	586
966110c0-f92a-422a-a73c-8c88d84c336b	NR_042776.1	94.501	1382	47	25	1	1362	127	1499	0.0	2104
966110c0-f92a-422a-a73c-8c88d84c336b	NR_042777.1	94.280	1381	51	25	1	1362	127	1498	0.0	2087
966110c0-f92a-422a-a73c-8c88d84c336b	NR_042778.1	94.288	1383	48	27	1	1362	127	1499	0.0	2087
966110c0-f92a-422a-a73c-8c88d84c336b	NR_197695.1	93.922	1382	55	26	1	1362	126	1498	0.0	2060
966110c0-f92a-422a-a73c-8c88d84c336b	NR_118998.1	93.849	1382	55	27	1	1362	122	1493	0.0	2056
ee4da6bd-182a-42ac-8a21-cd6eabf60ca3	NR_116168.1	91.379	348	20	9	1	342	1144	1487	1.29e-131	468
ee4da6bd-182a-42ac-8a21-cd6eabf60ca3	NR_118762.1	90.643	342	22	9	1	336	1146	1483	4.68e-126	449
ee4da6bd-182a-42ac-8a21-cd6eabf60ca3	NR_126284.1	89.535	344	24	11	1	337	1124	1462	7.88e-119	425
ee4da6bd-182a-42ac-8a21-cd6eabf60ca3	NR_024897.1	89.112	349	26	11	1	342	1143	1486	2.83e-118	424
ee4da6bd-182a-42ac-8a21-cd6eabf60ca3	NR_115546.2	89.080	348	28	8	1	342	1153	1496	2.83e-118	424
c82441a6-7af1-4174-8e51-809a84c9336f	NR_042928.1	98.092	629	8	4	3	631	625	1	0.0	1092
c82441a6-7af1-4174-8e51-809a84c9336f	NR_109720.1	97.753	623	12	2	3	625	621	1	0.0	1072
c82441a6-7af1-4174-8e51-809a84c9336f	NR_199547.1	98.515	606	6	3	3	608	605	3	0.0	1066
c82441a6-7af1-4174-8e51-809a84c9336f	NR_112026.1	98.039	612	8	4	3	614	608	1	0.0	1061
c82441a6-7af1-4174-8e51-809a84c9336f	NR_165747.1	97.138	629	14	4	3	631	625	1	0.0	1059
af3b1e4e-8879-47a8-b512-b3fb296b55e3	NR_043332.1	92.723	426	20	10	4	420	428	5	1.16e-172	604
af3b1e4e-8879-47a8-b512-b3fb296b55e3	NR_074980.1	92.723	426	20	10	4	420	455	32	1.16e-172	604
af3b1e4e-8879-47a8-b512-b3fb296b55e3	NR_113031.1	92.723	426	20	10	4	420	455	32	1.16e-172	604
af3b1e4e-8879-47a8-b512-b3fb296b55e3	NR_117759.1	92.723	426	20	10	4	420	431	8	1.16e-172	604
af3b1e4e-8879-47a8-b512-b3fb296b55e3	NR_119168.1	92.723	426	20	10	4	420	433	10	1.16e-172	604
2d12cc65-b3da-480d-96c3-a3d0f33135b4	NR_042776.1	96.467	651	10	11	1	643	854	1499	0.0	1062
2d12cc65-b3da-480d-96c3-a3d0f33135b4	NR_042777.1	96.467	651	10	11	1	643	853	1498	0.0	1062
2d12cc65-b3da-480d-96c3-a3d0f33135b4	NR_042778.1	96.160	651	12	11	1	643	854	1499	0.0	1051
2d12cc65-b3da-480d-96c3-a3d0f33135b4	NR_197695.1	96.160	651	12	11	1	643	853	1498	0.0	1051
2d12cc65-b3da-480d-96c3-a3d0f33135b4	NR_043660.1	95.679	648	16	11	4	643	824	1467	0.0	1031
7759571b-1737-4d65-b7f7-31aae174cd02	NR_028682.1	95.911	269	7	4	71	337	1486	1220	4.55e-121	433
7759571b-1737-4d65-b7f7-31aae174cd02	NR_024817.1	94.340	265	12	3	74	337	1465	1203	9.92e-113	405
7759571b-1737-4d65-b7f7-31aae174cd02	NR_025435.1	94.007	267	10	6	74	337	1480	1217	4.61e-111	399
7759571b-1737-4d65-b7f7-31aae174cd02	NR_116890.1	93.962	265	13	3	74	337	1470	1208	1.66e-110	398
7759571b-1737-4d65-b7f7-31aae174cd02	NR_025396.1	93.585	265	14	3	74	337	1453	1191	7.72e-109	392
98ebfbde-8ca7-478a-9af6-72f04fa212e0	NR_037101.1	100.000	60	0	0	5	64	1202	1143	3.32e-25	111
98ebfbde-8ca7-478a-9af6-72f04fa212e0	NR_024659.1	100.000	60	0	0	5	64	1183	1124	3.32e-25	111
98ebfbde-8ca7-478a-9af6-72f04fa212e0	NR_024841.1	100.000	60	0	0	5	64	1216	1157	3.32e-25	111
98ebfbde-8ca7-478a-9af6-72f04fa212e0	NR_024842.1	100.000	60	0	0	5	64	1217	1158	3.32e-25	111
98ebfbde-8ca7-478a-9af6-72f04fa212e0	NR_025609.1	100.000	60	0	0	5	64	1151	1092	3.32e-25	111
a388359d-00ea-4718-a1cd-56c80050d015	NR_024842.1	94.118	51	3	0	3	53	1444	1494	2.66e-15	78.7
a388359d-00ea-4718-a1cd-56c80050d015	NR_024904.1	94.118	51	3	0	3	53	1456	1506	2.66e-15	78.7
a388359d-00ea-4718-a1cd-56c80050d015	NR_041706.1	94.118	51	3	0	3	53	1439	1489	2.66e-15	78.7
a388359d-00ea-4718-a1cd-56c80050d015	NR_041707.1	94.118	51	3	0	3	53	1437	1487	2.66e-15	78.7
a388359d-00ea-4718-a1cd-56c80050d015	NR_042052.1	94.118	51	3	0	3	53	1352	1402	2.66e-15	78.7
bfa9180b-ccfe-4712-9dbc-b494c55b5781	NR_025689.1	98.507	67	0	1	1	66	1418	1484	7.97e-27	117
bfa9180b-ccfe-4712-9dbc-b494c55b5781	NR_024842.1	97.015	67	1	1	1	66	1423	1489	3.71e-25	111
bfa9180b-ccfe-4712-9dbc-b494c55b5781	NR_041706.1	97.015	67	1	1	1	66	1418	1484	3.71e-25	111
bfa9180b-ccfe-4712-9dbc-b494c55b5781	NR_042052.1	97.015	67	1	1	1	66	1331	1397	3.71e-25	111
bfa9180b-ccfe-4712-9dbc-b494c55b5781	NR_025625.1	97.015	67	1	1	1	66	1417	1483	3.71e-25	111
a9ab6eee-fc06-4f74-858e-f7e62c99518c	NR_024659.1	91.176	102	5	3	7	104	1220	1119	3.85e-32	135
a9ab6eee-fc06-4f74-858e-f7e62c99518c	NR_024842.1	91.176	102	5	3	7	104	1254	1153	3.85e-32	135
a9ab6eee-fc06-4f74-858e-f7e62c99518c	NR_115241.1	91.176	102	5	3	7	104	1239	1138	3.85e-32	135
a9ab6eee-fc06-4f74-858e-f7e62c99518c	NR_115735.1	91.176	102	5	3	7	104	1230	1129	3.85e-32	135
a9ab6eee-fc06-4f74-858e-f7e62c99518c	NR_116211.1	91.176	102	5	3	7	104	1162	1061	3.85e-32	135
b2bd4606-8753-47d6-90de-96dae619311f	NR_025892.1	97.797	227	3	2	1	226	246	21	5.09e-109	392
b2bd4606-8753-47d6-90de-96dae619311f	NR_117694.1	97.738	221	3	2	1	220	220	1	3.97e-105	379
b2bd4606-8753-47d6-90de-96dae619311f	NR_121687.1	93.421	228	11	4	1	226	240	15	8.71e-92	335
b2bd4606-8753-47d6-90de-96dae619311f	NR_117692.1	94.118	221	11	2	1	220	220	1	8.71e-92	335
b2bd4606-8753-47d6-90de-96dae619311f	NR_104830.1	92.982	228	13	3	1	226	235	9	4.05e-90	329
8dfc3030-e752-473f-b781-01dbfb9af42d	NR_116168.1	94.220	173	7	3	3	173	190	19	1.13e-69	261
8dfc3030-e752-473f-b781-01dbfb9af42d	NR_042878.1	92.941	170	9	3	3	170	169	1	1.89e-67	254
8dfc3030-e752-473f-b781-01dbfb9af42d	NR_042879.1	92.353	170	10	3	3	170	169	1	5.29e-63	239
8dfc3030-e752-473f-b781-01dbfb9af42d	NR_118762.1	92.638	163	9	3	3	163	193	32	1.90e-62	237
8dfc3030-e752-473f-b781-01dbfb9af42d	NR_118757.1	90.751	173	13	3	3	173	195	24	8.86e-61	231
f131c398-cf67-4f98-aecc-1a6c285e325b	NR_163639.1	90.950	221	8	6	1	211	222	4	2.29e-77	287
f131c398-cf67-4f98-aecc-1a6c285e325b	NR_074980.1	90.455	220	9	6	1	210	230	13	3.84e-75	279
f131c398-cf67-4f98-aecc-1a6c285e325b	NR_113031.1	90.455	220	9	6	1	210	230	13	3.84e-75	279
f131c398-cf67-4f98-aecc-1a6c285e325b	NR_119168.1	90.476	210	8	6	1	200	208	1	2.99e-71	267
f131c398-cf67-4f98-aecc-1a6c285e325b	NR_119169.1	90.000	210	9	6	1	200	208	1	3.87e-70	263
2d326a34-0605-4df0-a809-5492e5a11676	NR_041879.1	99.351	154	1	0	1	154	1173	1326	2.66e-75	279
2d326a34-0605-4df0-a809-5492e5a11676	NR_115355.1	99.351	154	1	0	1	154	1215	1368	2.66e-75	279
2d326a34-0605-4df0-a809-5492e5a11676	NR_163639.1	99.351	154	1	0	1	154	1230	1383	2.66e-75	279
2d326a34-0605-4df0-a809-5492e5a11676	NR_179325.1	99.351	154	1	0	1	154	1189	1342	2.66e-75	279
2d326a34-0605-4df0-a809-5492e5a11676	NR_119169.1	99.346	153	1	0	1	153	1220	1372	9.56e-75	278
6fe9f4cc-d46d-40c8-91ec-5064a4833f88	NR_041879.1	96.035	227	6	2	1	225	1350	1125	3.01e-101	366
6fe9f4cc-d46d-40c8-91ec-5064a4833f88	NR_115355.1	96.035	227	6	2	1	225	1392	1167	3.01e-101	366
6fe9f4cc-d46d-40c8-91ec-5064a4833f88	NR_163639.1	96.035	227	6	2	1	225	1407	1182	3.01e-101	366
6fe9f4cc-d46d-40c8-91ec-5064a4833f88	NR_179325.1	96.035	227	6	2	1	225	1366	1141	3.01e-101	366
6fe9f4cc-d46d-40c8-91ec-5064a4833f88	NR_119169.1	95.595	227	7	2	1	225	1397	1172	1.40e-99	361
bb6ab4e5-871f-40de-9ff4-20613551e9e0	NR_041879.1	94.220	173	3	6	1	169	634	465	1.39e-68	257
bb6ab4e5-871f-40de-9ff4-20613551e9e0	NR_115355.1	94.220	173	3	6	1	169	677	508	1.39e-68	257
bb6ab4e5-871f-40de-9ff4-20613551e9e0	NR_119169.1	94.220	173	3	6	1	169	682	513	1.39e-68	257
bb6ab4e5-871f-40de-9ff4-20613551e9e0	NR_163639.1	94.220	173	3	6	1	169	693	524	1.39e-68	257
bb6ab4e5-871f-40de-9ff4-20613551e9e0	NR_179325.1	94.220	173	3	6	1	169	651	482	1.39e-68	257
4808b6ad-f959-4175-8bb1-40d3bf01e90c	NR_042776.1	99.167	120	1	0	1	120	137	18	1.59e-56	217
4808b6ad-f959-4175-8bb1-40d3bf01e90c	NR_042777.1	99.167	120	1	0	1	120	137	18	1.59e-56	217
4808b6ad-f959-4175-8bb1-40d3bf01e90c	NR_042778.1	99.167	120	1	0	1	120	137	18	1.59e-56	217
4808b6ad-f959-4175-8bb1-40d3bf01e90c	NR_118234.1	99.153	118	1	0	4	121	126	9	2.06e-55	213
4808b6ad-f959-4175-8bb1-40d3bf01e90c	NR_024841.1	99.145	117	1	0	4	120	123	7	7.40e-55	211
7de2411d-fce9-4e5e-98f8-96e758337b4b	NR_041879.1	94.690	113	4	2	4	114	1298	1186	9.13e-44	174
7de2411d-fce9-4e5e-98f8-96e758337b4b	NR_115355.1	94.690	113	4	2	4	114	1340	1228	9.13e-44	174
7de2411d-fce9-4e5e-98f8-96e758337b4b	NR_119169.1	94.690	113	4	2	4	114	1345	1233	9.13e-44	174
7de2411d-fce9-4e5e-98f8-96e758337b4b	NR_163639.1	94.690	113	4	2	4	114	1355	1243	9.13e-44	174
7de2411d-fce9-4e5e-98f8-96e758337b4b	NR_179325.1	94.690	113	4	2	4	114	1314	1202	9.13e-44	174
0e495908-e5c9-4e65-a62c-89734b0dd531	NR_074980.1	94.444	180	8	2	8	185	194	15	4.29e-74	276
0e495908-e5c9-4e65-a62c-89734b0dd531	NR_113031.1	94.444	180	8	2	8	185	194	15	4.29e-74	276
0e495908-e5c9-4e65-a62c-89734b0dd531	NR_163639.1	93.989	183	9	2	8	188	186	4	4.29e-74	276
0e495908-e5c9-4e65-a62c-89734b0dd531	NR_119170.1	95.349	172	6	2	8	177	172	1	1.54e-73	274
0e495908-e5c9-4e65-a62c-89734b0dd531	NR_115354.1	95.808	167	5	2	8	172	167	1	7.18e-72	268
e492cc43-b0c0-4660-a24e-995f53de4709	NR_026419.1	92.017	238	7	10	1	227	1349	1113	1.88e-88	324
e492cc43-b0c0-4660-a24e-995f53de4709	NR_133752.1	90.756	238	10	10	1	227	1286	1050	1.89e-83	307
e492cc43-b0c0-4660-a24e-995f53de4709	NR_133753.1	90.756	238	10	10	1	227	1315	1079	1.89e-83	307
e492cc43-b0c0-4660-a24e-995f53de4709	NR_025903.1	90.756	238	10	10	1	227	1361	1125	1.89e-83	307
e492cc43-b0c0-4660-a24e-995f53de4709	NR_025904.1	90.336	238	11	10	1	227	1360	1124	8.79e-82	302
c7dac8ab-cf52-4f3d-9ef6-a8b4219563fc	NR_025762.1	91.667	228	11	6	1	220	1064	837	5.05e-84	309
c7dac8ab-cf52-4f3d-9ef6-a8b4219563fc	NR_041879.1	91.667	228	11	6	1	220	1043	816	5.05e-84	309
c7dac8ab-cf52-4f3d-9ef6-a8b4219563fc	NR_113570.1	91.667	228	11	6	1	220	1093	866	5.05e-84	309
c7dac8ab-cf52-4f3d-9ef6-a8b4219563fc	NR_115355.1	91.667	228	11	6	1	220	1086	859	5.05e-84	309
c7dac8ab-cf52-4f3d-9ef6-a8b4219563fc	NR_119169.1	91.667	228	11	6	1	220	1091	864	5.05e-84	309
22a7241b-dff9-470a-9515-086900f8b8ed	NR_163639.1	96.124	129	3	1	1	127	131	3	2.80e-54	209
22a7241b-dff9-470a-9515-086900f8b8ed	NR_074980.1	96.063	127	3	1	1	125	139	13	3.62e-53	206
22a7241b-dff9-470a-9515-086900f8b8ed	NR_113031.1	96.063	127	3	1	1	125	139	13	3.62e-53	206
22a7241b-dff9-470a-9515-086900f8b8ed	NR_113376.1	94.488	127	5	1	1	125	139	13	7.83e-50	195
22a7241b-dff9-470a-9515-086900f8b8ed	NR_119168.1	95.726	117	3	2	1	115	117	1	1.31e-47	187
e56c490e-48bc-4282-8fcb-845b39746662	NR_024842.1	83.333	72	5	6	1	65	79	8	1.28e-09	60.2
e56c490e-48bc-4282-8fcb-845b39746662	NR_024712.1	100.000	31	0	0	37	67	41	11	4.59e-09	58.4
e56c490e-48bc-4282-8fcb-845b39746662	NR_024748.1	100.000	31	0	0	37	67	35	5	4.59e-09	58.4
e56c490e-48bc-4282-8fcb-845b39746662	NR_025485.1	100.000	31	0	0	37	67	35	5	4.59e-09	58.4
e56c490e-48bc-4282-8fcb-845b39746662	NR_027203.1	100.000	31	0	0	37	67	39	9	4.59e-09	58.4
871ba967-36e8-40dc-b0c6-dad2d0d4fef4	NR_163639.1	90.000	190	14	4	18	203	198	10	1.74e-63	241
871ba967-36e8-40dc-b0c6-dad2d0d4fef4	NR_119170.1	90.659	182	12	5	18	195	184	4	2.25e-62	237
871ba967-36e8-40dc-b0c6-dad2d0d4fef4	NR_074980.1	89.474	190	15	4	18	203	206	18	8.08e-62	235
871ba967-36e8-40dc-b0c6-dad2d0d4fef4	NR_113031.1	89.474	190	15	4	18	203	206	18	8.08e-62	235
871ba967-36e8-40dc-b0c6-dad2d0d4fef4	NR_119168.1	90.217	184	13	5	18	197	184	2	8.08e-62	235
23f43e9f-5e38-49e3-812e-8dd6374769e4	NR_024842.1	92.769	484	23	11	5	482	491	14	0.0	691
23f43e9f-5e38-49e3-812e-8dd6374769e4	NR_115241.1	92.946	482	22	11	5	480	476	1	0.0	691
23f43e9f-5e38-49e3-812e-8dd6374769e4	NR_178515.1	92.340	483	23	14	5	480	476	1	0.0	675
23f43e9f-5e38-49e3-812e-8dd6374769e4	NR_115735.1	92.600	473	22	12	5	470	467	1	0.0	667
23f43e9f-5e38-49e3-812e-8dd6374769e4	NR_165737.1	91.925	483	25	14	5	480	476	1	0.0	664
4329e400-a883-42d2-b074-d28666214f2a	NR_044873.1	93.927	1235	47	24	1	1215	1233	7	0.0	1840
4329e400-a883-42d2-b074-d28666214f2a	NR_074568.1	92.551	1235	63	25	1	1215	1243	18	0.0	1744
4329e400-a883-42d2-b074-d28666214f2a	NR_044712.2	92.146	1235	68	25	1	1215	1252	27	0.0	1725
4329e400-a883-42d2-b074-d28666214f2a	NR_109752.1	91.519	1238	71	30	1	1215	1254	28	0.0	1674
4329e400-a883-42d2-b074-d28666214f2a	NR_025310.1	91.579	1235	69	31	1	1212	1223	1	0.0	1672
e660709a-076e-4f0a-8a34-aefd0e0fab81	NR_042776.1	94.012	167	5	4	3	166	189	25	8.51e-66	248
e660709a-076e-4f0a-8a34-aefd0e0fab81	NR_042778.1	94.012	167	5	4	3	166	189	25	8.51e-66	248
e660709a-076e-4f0a-8a34-aefd0e0fab81	NR_118234.1	93.939	165	4	5	5	166	178	17	1.10e-64	244
e660709a-076e-4f0a-8a34-aefd0e0fab81	NR_118998.1	93.413	167	6	4	3	166	184	20	1.10e-64	244
e660709a-076e-4f0a-8a34-aefd0e0fab81	NR_024841.1	93.333	165	5	5	5	166	175	14	5.12e-63	239
43d0eded-990a-4eb4-a713-8969511ab1e9	NR_041989.1	95.143	947	31	14	1	935	1105	162	0.0	1480
43d0eded-990a-4eb4-a713-8969511ab1e9	NR_117694.1	94.409	948	36	16	1	935	1147	204	0.0	1441
43d0eded-990a-4eb4-a713-8969511ab1e9	NR_117696.1	94.192	947	40	14	1	935	1134	191	0.0	1430
43d0eded-990a-4eb4-a713-8969511ab1e9	NR_104947.1	94.087	947	41	14	1	935	1120	177	0.0	1424
43d0eded-990a-4eb4-a713-8969511ab1e9	NR_117717.1	94.087	947	40	15	1	935	1167	225	0.0	1424
ee47ee5b-e8dd-44cc-a340-dcef78771a3c	NR_115355.1	91.687	1227	50	40	1	1202	1200	1	0.0	1657
ee47ee5b-e8dd-44cc-a340-dcef78771a3c	NR_163639.1	91.486	1245	47	50	1	1218	1215	3	0.0	1657
ee47ee5b-e8dd-44cc-a340-dcef78771a3c	NR_119169.1	91.477	1232	53	40	1	1207	1205	1	0.0	1653
ee47ee5b-e8dd-44cc-a340-dcef78771a3c	NR_074980.1	91.070	1243	56	46	1	1216	1227	13	0.0	1629
ee47ee5b-e8dd-44cc-a340-dcef78771a3c	NR_113031.1	91.070	1243	56	46	1	1216	1227	13	0.0	1629
f7529dc4-4531-492d-a084-e72ee89cdaa6	NR_115354.1	95.103	1021	20	26	1	1004	1212	205	0.0	1585
f7529dc4-4531-492d-a084-e72ee89cdaa6	NR_119170.1	95.005	1021	21	26	1	1004	1217	210	0.0	1583
f7529dc4-4531-492d-a084-e72ee89cdaa6	NR_041880.1	95.103	1021	20	26	1	1004	1168	161	0.0	1581
f7529dc4-4531-492d-a084-e72ee89cdaa6	NR_115355.1	94.819	1023	19	30	1	1004	1212	205	0.0	1565
f7529dc4-4531-492d-a084-e72ee89cdaa6	NR_179325.1	94.819	1023	19	30	1	1004	1186	179	0.0	1565
83ad695d-0399-4617-b59a-aa7083e0e562	NR_042776.1	94.364	692	18	18	24	704	699	18	0.0	1042
83ad695d-0399-4617-b59a-aa7083e0e562	NR_042777.1	94.211	691	20	17	24	704	698	18	0.0	1037
83ad695d-0399-4617-b59a-aa7083e0e562	NR_042778.1	94.075	692	20	18	24	704	699	18	0.0	1031
83ad695d-0399-4617-b59a-aa7083e0e562	NR_197695.1	93.642	692	23	18	24	704	698	17	0.0	1014
83ad695d-0399-4617-b59a-aa7083e0e562	NR_118998.1	93.353	692	25	18	24	704	694	13	0.0	1005
2b823c4f-235c-484a-a88f-fd5a7b280699	NR_117694.1	93.280	372	8	12	1	359	368	1	4.82e-151	532
2b823c4f-235c-484a-a88f-fd5a7b280699	NR_121687.1	93.011	372	9	14	1	359	388	21	2.24e-149	527
2b823c4f-235c-484a-a88f-fd5a7b280699	NR_025892.1	91.914	371	15	10	1	359	394	27	1.75e-145	514
2b823c4f-235c-484a-a88f-fd5a7b280699	NR_117692.1	92.183	371	14	9	1	359	368	1	2.26e-144	510
2b823c4f-235c-484a-a88f-fd5a7b280699	NR_121688.1	91.105	371	18	11	1	359	388	21	1.06e-137	488
b64a3f86-98b5-4154-9379-5b5ca17f9145	NR_042928.1	96.105	1027	20	12	9	1020	75	1096	0.0	1657
b64a3f86-98b5-4154-9379-5b5ca17f9145	NR_199541.1	96.105	1027	20	12	9	1020	53	1074	0.0	1657
b64a3f86-98b5-4154-9379-5b5ca17f9145	NR_199547.1	96.105	1027	20	12	9	1020	55	1076	0.0	1657
b64a3f86-98b5-4154-9379-5b5ca17f9145	NR_165747.1	96.023	1031	18	14	9	1020	75	1101	0.0	1655
b64a3f86-98b5-4154-9379-5b5ca17f9145	NR_112026.1	96.008	1027	20	13	9	1020	58	1078	0.0	1652
290f0386-a1d0-44ed-b5bb-ba35db040760	NR_042776.1	93.247	1007	33	24	1	985	1011	18	0.0	1450
290f0386-a1d0-44ed-b5bb-ba35db040760	NR_042778.1	93.049	1007	35	24	1	985	1011	18	0.0	1439
290f0386-a1d0-44ed-b5bb-ba35db040760	NR_042777.1	92.949	1007	35	25	1	985	1010	18	0.0	1434
290f0386-a1d0-44ed-b5bb-ba35db040760	NR_197695.1	92.651	1007	39	24	1	985	1010	17	0.0	1417
290f0386-a1d0-44ed-b5bb-ba35db040760	NR_118998.1	92.438	1005	44	23	1	985	1005	13	0.0	1408
65c87c96-1290-4474-8d5d-c203079699a3	NR_024842.1	87.897	1165	62	55	1	1122	364	1492	0.0	1299
65c87c96-1290-4474-8d5d-c203079699a3	NR_115735.1	87.941	1161	61	55	1	1118	340	1464	0.0	1295
65c87c96-1290-4474-8d5d-c203079699a3	NR_165737.1	87.845	1160	59	57	1	1115	349	1471	0.0	1286
65c87c96-1290-4474-8d5d-c203079699a3	NR_115241.1	87.651	1158	64	55	1	1115	349	1470	0.0	1277
65c87c96-1290-4474-8d5d-c203079699a3	NR_156072.1	87.489	1167	63	58	1	1122	369	1497	0.0	1269
9e4bd417-92fe-4a4c-a129-0af154240e09	NR_175509.1	93.942	1271	43	28	3	1255	1268	14	0.0	1890
9e4bd417-92fe-4a4c-a129-0af154240e09	NR_113124.1	93.076	1271	54	28	3	1255	1268	14	0.0	1829
9e4bd417-92fe-4a4c-a129-0af154240e09	NR_115327.1	93.243	1258	53	26	3	1243	1248	6	0.0	1825
9e4bd417-92fe-4a4c-a129-0af154240e09	NR_029148.1	92.683	1271	58	29	3	1255	1275	22	0.0	1807
9e4bd417-92fe-4a4c-a129-0af154240e09	NR_109628.1	92.454	1259	61	28	3	1243	1249	7	0.0	1768
7ea8e022-a1d7-47b4-b8ab-df748c12061d	NR_116168.1	96.154	598	14	7	1	591	610	15	0.0	968
7ea8e022-a1d7-47b4-b8ab-df748c12061d	NR_042878.1	95.601	591	17	7	1	584	589	1	0.0	948
7ea8e022-a1d7-47b4-b8ab-df748c12061d	NR_118762.1	93.980	598	27	7	1	591	613	18	0.0	917
7ea8e022-a1d7-47b4-b8ab-df748c12061d	NR_025423.1	93.289	596	29	9	1	587	594	1	0.0	869
7ea8e022-a1d7-47b4-b8ab-df748c12061d	NR_118143.1	92.580	593	33	9	1	584	591	1	0.0	843
bfe21def-5a12-4059-9eaa-87823ff9712f	NR_116168.1	90.276	1234	54	53	1	1185	69	1285	0.0	1554
bfe21def-5a12-4059-9eaa-87823ff9712f	NR_042878.1	90.097	1232	56	53	3	1185	50	1264	0.0	1546
bfe21def-5a12-4059-9eaa-87823ff9712f	NR_115218.1	86.992	1230	90	50	7	1185	54	1264	0.0	1321
bfe21def-5a12-4059-9eaa-87823ff9712f	NR_042871.1	86.780	1233	94	50	6	1187	54	1268	0.0	1317
bfe21def-5a12-4059-9eaa-87823ff9712f	NR_114558.1	86.900	1229	92	49	7	1185	54	1263	0.0	1315
169437b0-d117-4013-8122-8880f76fab71	NR_041989.1	89.837	1230	55	52	1	1180	1210	1	0.0	1515
169437b0-d117-4013-8122-8880f76fab71	NR_117694.1	89.046	1269	63	59	1	1215	1252	6	0.0	1504
169437b0-d117-4013-8122-8880f76fab71	NR_117696.1	88.526	1255	73	52	1	1205	1239	6	0.0	1454
169437b0-d117-4013-8122-8880f76fab71	NR_117717.1	88.328	1268	73	56	1	1215	1272	27	0.0	1452
169437b0-d117-4013-8122-8880f76fab71	NR_117701.1	88.249	1268	75	55	1	1215	1252	6	0.0	1448
3a09ca0c-9d9e-4a64-b0c5-2dc53f3327c2	NR_116206.1	92.185	1062	38	34	1	1028	1241	191	0.0	1461
3a09ca0c-9d9e-4a64-b0c5-2dc53f3327c2	NR_042928.1	92.185	1062	38	34	1	1028	1316	266	0.0	1459
3a09ca0c-9d9e-4a64-b0c5-2dc53f3327c2	NR_042927.1	91.996	1062	40	34	1	1028	1318	268	0.0	1448
3a09ca0c-9d9e-4a64-b0c5-2dc53f3327c2	NR_114413.1	91.996	1062	40	34	1	1028	1341	291	0.0	1448
3a09ca0c-9d9e-4a64-b0c5-2dc53f3327c2	NR_115239.1	91.996	1062	40	34	1	1028	1316	266	0.0	1448
