db502aaf-bfa4-471c-8733-fc9636800b3d	NR_179540.1	96.362	962	16	16	1	950	541	1495	0.0	1565
db502aaf-bfa4-471c-8733-fc9636800b3d	NR_042928.1	96.432	953	15	16	1	941	521	1466	0.0	1554
db502aaf-bfa4-471c-8733-fc9636800b3d	NR_028664.1	96.054	963	18	17	1	950	544	1499	0.0	1550
db502aaf-bfa4-471c-8733-fc9636800b3d	NR_117719.1	96.054	963	18	17	1	950	541	1496	0.0	1550
db502aaf-bfa4-471c-8733-fc9636800b3d	NR_179383.1	96.054	963	18	17	1	950	548	1503	0.0	1550
110e2d28-a2d8-49b3-b1d0-08e1241784fd	NR_026419.1	95.995	824	17	14	4	813	822	1	0.0	1325
110e2d28-a2d8-49b3-b1d0-08e1241784fd	NR_025903.1	94.478	833	29	15	4	822	834	5	0.0	1267
110e2d28-a2d8-49b3-b1d0-08e1241784fd	NR_025904.1	93.653	835	32	18	4	822	833	4	0.0	1229
110e2d28-a2d8-49b3-b1d0-08e1241784fd	NR_133753.1	94.437	791	27	15	4	780	788	1	0.0	1201
110e2d28-a2d8-49b3-b1d0-08e1241784fd	NR_036920.1	92.548	832	44	16	4	822	827	1	0.0	1177
ada51f05-9660-4da1-846c-beec71324959	NR_179540.1	97.910	670	7	5	1	667	832	1497	0.0	1153
ada51f05-9660-4da1-846c-beec71324959	NR_028664.1	97.761	670	9	4	1	667	835	1501	0.0	1149
ada51f05-9660-4da1-846c-beec71324959	NR_117719.1	97.761	670	9	4	1	667	832	1498	0.0	1149
ada51f05-9660-4da1-846c-beec71324959	NR_179383.1	97.761	670	9	4	1	667	839	1505	0.0	1149
ada51f05-9660-4da1-846c-beec71324959	NR_042927.1	98.033	661	7	4	1	658	814	1471	0.0	1144
24bd6177-9603-49fc-9680-796c802ab8ad	NR_025904.1	94.305	597	25	7	1	590	414	1008	0.0	905
24bd6177-9603-49fc-9680-796c802ab8ad	NR_133752.1	93.813	598	26	9	1	590	340	934	0.0	889
24bd6177-9603-49fc-9680-796c802ab8ad	NR_133753.1	93.478	598	28	9	1	590	369	963	0.0	878
24bd6177-9603-49fc-9680-796c802ab8ad	NR_025903.1	93.478	598	28	9	1	590	415	1009	0.0	878
24bd6177-9603-49fc-9680-796c802ab8ad	NR_026419.1	93.155	599	28	10	1	590	403	997	0.0	867
f64c1573-2bdd-4046-8ffc-5e7b37e7e71c	NR_042776.1	91.158	950	39	34	1	919	1236	301	0.0	1247
f64c1573-2bdd-4046-8ffc-5e7b37e7e71c	NR_042777.1	91.053	950	39	35	1	919	1235	301	0.0	1242
f64c1573-2bdd-4046-8ffc-5e7b37e7e71c	NR_042778.1	91.053	950	40	33	1	919	1236	301	0.0	1242
f64c1573-2bdd-4046-8ffc-5e7b37e7e71c	NR_197695.1	90.947	950	41	34	1	919	1235	300	0.0	1236
f64c1573-2bdd-4046-8ffc-5e7b37e7e71c	NR_118998.1	90.316	950	46	33	1	919	1230	296	0.0	1203
b0329fda-081c-4937-94f7-b44e03623cae	NR_024842.1	92.869	603	22	14	1	594	598	8	0.0	859
b0329fda-081c-4937-94f7-b44e03623cae	NR_115241.1	93.412	592	20	13	1	583	583	2	0.0	859
b0329fda-081c-4937-94f7-b44e03623cae	NR_178515.1	93.255	593	19	15	1	583	583	2	0.0	854
b0329fda-081c-4937-94f7-b44e03623cae	NR_115735.1	93.322	584	20	13	1	575	574	1	0.0	845
b0329fda-081c-4937-94f7-b44e03623cae	NR_165737.1	92.917	593	21	15	1	583	583	2	0.0	843
9f05fc14-c06d-47c9-91fd-7cb8d2278125	NR_044873.1	96.721	366	7	5	1	364	364	2	9.92e-173	604
9f05fc14-c06d-47c9-91fd-7cb8d2278125	NR_074568.1	95.902	366	10	5	1	364	375	13	9.99e-168	588
9f05fc14-c06d-47c9-91fd-7cb8d2278125	NR_044712.2	95.082	366	13	5	1	364	384	22	2.16e-164	577
9f05fc14-c06d-47c9-91fd-7cb8d2278125	NR_179993.1	93.207	368	19	6	1	365	376	12	3.67e-152	536
9f05fc14-c06d-47c9-91fd-7cb8d2278125	NR_109752.1	93.188	367	19	6	1	364	386	23	1.32e-151	534
9fdc4c62-879f-4232-bed4-46ff034b0956	NR_115355.1	96.685	905	17	11	1	896	585	1485	0.0	1493
9fdc4c62-879f-4232-bed4-46ff034b0956	NR_179325.1	96.685	905	17	11	1	896	559	1459	0.0	1493
9fdc4c62-879f-4232-bed4-46ff034b0956	NR_163639.1	96.575	905	17	12	1	896	601	1500	0.0	1487
9fdc4c62-879f-4232-bed4-46ff034b0956	NR_119169.1	96.354	905	20	11	1	896	590	1490	0.0	1480
9fdc4c62-879f-4232-bed4-46ff034b0956	NR_115354.1	96.133	905	22	11	1	896	585	1485	0.0	1467
634e3e9a-3d76-45a3-ab32-c878a63a7ddf	NR_026419.1	96.581	351	5	7	6	350	354	5	7.78e-164	575
634e3e9a-3d76-45a3-ab32-c878a63a7ddf	NR_025903.1	92.877	365	16	9	6	364	366	6	1.03e-147	521
634e3e9a-3d76-45a3-ab32-c878a63a7ddf	NR_025904.1	92.603	365	17	9	6	364	365	5	4.78e-146	516
634e3e9a-3d76-45a3-ab32-c878a63a7ddf	NR_133753.1	93.478	322	13	8	6	321	320	1	1.05e-132	472
634e3e9a-3d76-45a3-ab32-c878a63a7ddf	NR_036920.1	90.358	363	26	8	6	364	359	2	1.36e-131	468
30a73936-f644-4b06-98ed-c89ee4daf106	NR_163639.1	95.649	1494	36	25	1	1481	1481	4	0.0	2372
30a73936-f644-4b06-98ed-c89ee4daf106	NR_115355.1	95.802	1477	39	19	1	1465	1466	1	0.0	2366
30a73936-f644-4b06-98ed-c89ee4daf106	NR_119169.1	95.614	1482	42	19	1	1470	1471	1	0.0	2362
30a73936-f644-4b06-98ed-c89ee4daf106	NR_074980.1	95.174	1492	49	19	1	1480	1493	13	0.0	2335
30a73936-f644-4b06-98ed-c89ee4daf106	NR_113031.1	95.174	1492	49	19	1	1480	1493	13	0.0	2335
919bdca7-8a7a-42c3-b499-9b9bdfab8952	NR_024842.1	93.127	1193	39	28	1	1171	1180	9	0.0	1712
919bdca7-8a7a-42c3-b499-9b9bdfab8952	NR_115241.1	93.232	1182	37	28	1	1160	1165	5	0.0	1703
919bdca7-8a7a-42c3-b499-9b9bdfab8952	NR_115735.1	93.288	1177	35	29	1	1154	1156	1	0.0	1696
919bdca7-8a7a-42c3-b499-9b9bdfab8952	NR_178515.1	92.730	1183	41	30	1	1160	1165	5	0.0	1666
919bdca7-8a7a-42c3-b499-9b9bdfab8952	NR_165737.1	92.568	1184	41	32	1	1160	1165	5	0.0	1655
7a5c5a6f-4f20-435d-abce-b9cd74b3cef1	NR_133753.1	96.252	747	15	11	1	741	409	1148	0.0	1212
7a5c5a6f-4f20-435d-abce-b9cd74b3cef1	NR_025903.1	96.252	747	15	11	1	741	455	1194	0.0	1212
7a5c5a6f-4f20-435d-abce-b9cd74b3cef1	NR_133752.1	96.118	747	16	11	1	741	380	1119	0.0	1206
7a5c5a6f-4f20-435d-abce-b9cd74b3cef1	NR_025904.1	95.856	748	16	13	1	741	454	1193	0.0	1195
7a5c5a6f-4f20-435d-abce-b9cd74b3cef1	NR_026419.1	95.576	746	20	11	2	741	444	1182	0.0	1182
f4571ad6-5f35-4531-97ea-ec87c5f647a4	NR_136788.1	93.206	942	34	24	1	930	556	1479	0.0	1358
f4571ad6-5f35-4531-97ea-ec87c5f647a4	NR_026230.1	90.870	942	56	24	1	930	534	1457	0.0	1242
f4571ad6-5f35-4531-97ea-ec87c5f647a4	NR_043154.1	82.737	950	119	38	1	930	556	1480	0.0	804
f4571ad6-5f35-4531-97ea-ec87c5f647a4	NR_113087.1	81.885	955	119	46	1	930	557	1482	0.0	756
f4571ad6-5f35-4531-97ea-ec87c5f647a4	NR_178562.1	82.857	875	112	35	1	861	513	1363	0.0	750
8f1500d0-ad45-4b4d-aac1-5c084618d321	NR_025862.1	94.516	310	9	8	1	307	20	324	2.42e-133	473
8f1500d0-ad45-4b4d-aac1-5c084618d321	NR_028682.1	93.528	309	15	5	1	307	20	325	8.75e-128	455
8f1500d0-ad45-4b4d-aac1-5c084618d321	NR_026454.1	85.762	302	34	9	12	307	1	299	2.00e-84	311
8f1500d0-ad45-4b4d-aac1-5c084618d321	NR_025863.1	84.713	314	37	11	1	307	20	329	2.59e-83	307
8f1500d0-ad45-4b4d-aac1-5c084618d321	NR_180911.1	82.911	316	37	17	1	307	8	315	1.22e-71	268
2c9bb87d-7b06-4cd2-8cff-fdf7e8197a4d	NR_115355.1	95.183	1391	33	23	1	1375	110	1482	0.0	2170
2c9bb87d-7b06-4cd2-8cff-fdf7e8197a4d	NR_179325.1	95.187	1392	32	25	1	1375	83	1456	0.0	2167
2c9bb87d-7b06-4cd2-8cff-fdf7e8197a4d	NR_119169.1	94.896	1391	37	23	1	1375	115	1487	0.0	2152
2c9bb87d-7b06-4cd2-8cff-fdf7e8197a4d	NR_163639.1	94.896	1391	33	28	1	1375	129	1497	0.0	2141
2c9bb87d-7b06-4cd2-8cff-fdf7e8197a4d	NR_113570.1	94.688	1393	38	25	1	1375	116	1490	0.0	2130
ac44fb71-efdd-4f1a-a3c8-2ffe2977151e	NR_116168.1	94.839	872	22	16	1	855	879	14	0.0	1339
ac44fb71-efdd-4f1a-a3c8-2ffe2977151e	NR_042878.1	94.560	864	24	16	1	847	858	1	0.0	1325
ac44fb71-efdd-4f1a-a3c8-2ffe2977151e	NR_118762.1	93.135	874	37	16	1	857	882	15	0.0	1288
ac44fb71-efdd-4f1a-a3c8-2ffe2977151e	NR_118143.1	92.494	866	40	18	1	847	860	1	0.0	1218
ac44fb71-efdd-4f1a-a3c8-2ffe2977151e	NR_025423.1	92.060	869	44	18	1	850	863	1	0.0	1199
9b1458b2-fa1c-4c68-9572-6f5407f0a244	NR_115355.1	96.978	1125	18	13	1	1117	1117	1	0.0	1879
9b1458b2-fa1c-4c68-9572-6f5407f0a244	NR_119169.1	96.711	1125	21	13	1	1117	1122	6	0.0	1866
9b1458b2-fa1c-4c68-9572-6f5407f0a244	NR_074980.1	96.622	1125	22	14	1	1117	1144	28	0.0	1853
9b1458b2-fa1c-4c68-9572-6f5407f0a244	NR_113031.1	96.622	1125	22	14	1	1117	1144	28	0.0	1853
9b1458b2-fa1c-4c68-9572-6f5407f0a244	NR_119168.1	96.444	1125	24	13	1	1117	1122	6	0.0	1847
4d2380da-57f3-4e27-9a14-d32328058915	NR_165747.1	95.918	588	14	7	1	585	581	1	0.0	944
4d2380da-57f3-4e27-9a14-d32328058915	NR_179383.1	95.310	597	16	9	1	593	608	20	0.0	937
4d2380da-57f3-4e27-9a14-d32328058915	NR_042928.1	95.571	587	18	7	1	585	581	1	0.0	933
4d2380da-57f3-4e27-9a14-d32328058915	NR_028664.1	95.134	596	19	8	1	593	604	16	0.0	931
4d2380da-57f3-4e27-9a14-d32328058915	NR_117719.1	95.134	596	19	7	1	593	601	13	0.0	931
2ab8cb81-1268-482a-8a26-64277631aa39	NR_115355.1	95.487	842	15	19	41	875	660	1485	0.0	1323
2ab8cb81-1268-482a-8a26-64277631aa39	NR_179325.1	95.487	842	15	19	41	875	634	1459	0.0	1323
2ab8cb81-1268-482a-8a26-64277631aa39	NR_115354.1	95.249	842	17	19	41	875	660	1485	0.0	1314
2ab8cb81-1268-482a-8a26-64277631aa39	NR_163639.1	95.255	843	14	22	41	875	676	1500	0.0	1312
2ab8cb81-1268-482a-8a26-64277631aa39	NR_119169.1	95.131	842	18	19	41	875	665	1490	0.0	1310
f9ae7d48-f70f-4568-9a23-fc34b96568be	NR_040821.1	95.817	263	3	4	1	257	1461	1201	9.50e-117	418
f9ae7d48-f70f-4568-9a23-fc34b96568be	NR_025729.1	95.817	263	3	6	1	257	1479	1219	9.50e-117	418
f9ae7d48-f70f-4568-9a23-fc34b96568be	NR_025148.1	95.817	263	3	4	1	257	1481	1221	9.50e-117	418
f9ae7d48-f70f-4568-9a23-fc34b96568be	NR_040820.1	95.817	263	3	4	1	257	1461	1201	9.50e-117	418
f9ae7d48-f70f-4568-9a23-fc34b96568be	NR_113262.1	95.817	263	3	4	1	257	1461	1201	9.50e-117	418
b4ea0c29-7bcb-4639-9220-1ada229db820	NR_042776.1	90.701	1312	72	44	24	1302	205	1499	0.0	1701
b4ea0c29-7bcb-4639-9220-1ada229db820	NR_197695.1	90.625	1312	73	44	24	1302	204	1498	0.0	1696
b4ea0c29-7bcb-4639-9220-1ada229db820	NR_042777.1	90.625	1312	72	45	24	1302	205	1498	0.0	1694
b4ea0c29-7bcb-4639-9220-1ada229db820	NR_042778.1	90.396	1312	76	44	24	1302	205	1499	0.0	1679
b4ea0c29-7bcb-4639-9220-1ada229db820	NR_181987.1	89.857	1331	83	45	7	1302	169	1482	0.0	1663
aa35dfa0-fb9d-4480-b793-1e69b905b272	NR_115735.1	97.572	1112	12	12	15	1117	359	1464	0.0	1890
aa35dfa0-fb9d-4480-b793-1e69b905b272	NR_024842.1	97.484	1113	13	12	15	1118	383	1489	0.0	1888
aa35dfa0-fb9d-4480-b793-1e69b905b272	NR_036936.1	97.390	1111	11	15	15	1114	368	1471	0.0	1875
aa35dfa0-fb9d-4480-b793-1e69b905b272	NR_115241.1	97.295	1109	15	12	15	1114	368	1470	0.0	1873
aa35dfa0-fb9d-4480-b793-1e69b905b272	NR_165737.1	96.800	1125	16	16	1	1114	356	1471	0.0	1860
101ff1fa-ab29-4be8-b53d-4ebea54dcce0	NR_136788.1	93.439	442	15	7	4	432	629	189	0.0	643
101ff1fa-ab29-4be8-b53d-4ebea54dcce0	NR_026230.1	89.842	443	29	9	4	432	607	167	3.44e-158	556
101ff1fa-ab29-4be8-b53d-4ebea54dcce0	NR_113082.1	89.842	443	29	9	4	432	629	189	1.24e-157	555
101ff1fa-ab29-4be8-b53d-4ebea54dcce0	NR_113134.1	87.056	394	37	7	17	397	613	221	6.04e-121	433
101ff1fa-ab29-4be8-b53d-4ebea54dcce0	NR_152035.1	86.567	402	38	9	31	418	603	204	7.82e-120	429
bb5132dd-5859-4a4e-a8c6-3ffb2ecd826d	NR_042928.1	94.091	440	10	13	1	426	601	1038	0.0	654
bb5132dd-5859-4a4e-a8c6-3ffb2ecd826d	NR_116206.1	94.091	440	10	13	1	426	526	963	0.0	654
bb5132dd-5859-4a4e-a8c6-3ffb2ecd826d	NR_028664.1	93.864	440	11	13	1	426	624	1061	0.0	649
bb5132dd-5859-4a4e-a8c6-3ffb2ecd826d	NR_042927.1	93.864	440	11	13	1	426	603	1040	0.0	649
bb5132dd-5859-4a4e-a8c6-3ffb2ecd826d	NR_114413.1	93.864	440	11	13	1	426	626	1063	0.0	649
970edc55-f216-48b7-8b6b-6dabccccf12c	NR_026419.1	97.368	1064	11	16	2	1055	428	1484	0.0	1794
970edc55-f216-48b7-8b6b-6dabccccf12c	NR_025903.1	96.335	1064	21	17	2	1055	440	1495	0.0	1733
970edc55-f216-48b7-8b6b-6dabccccf12c	NR_133753.1	96.827	1040	17	15	2	1032	394	1426	0.0	1724
970edc55-f216-48b7-8b6b-6dabccccf12c	NR_133752.1	96.635	1040	19	15	2	1032	365	1397	0.0	1712
970edc55-f216-48b7-8b6b-6dabccccf12c	NR_025904.1	95.779	1066	23	20	2	1055	439	1494	0.0	1700
803eb245-0b19-42e8-a006-437f43a22334	NR_117694.1	92.628	312	11	10	1	307	305	1	9.13e-123	438
803eb245-0b19-42e8-a006-437f43a22334	NR_025892.1	92.308	312	12	9	1	307	331	27	1.18e-121	435
803eb245-0b19-42e8-a006-437f43a22334	NR_117692.1	89.744	312	20	10	1	307	305	1	9.32e-108	388
803eb245-0b19-42e8-a006-437f43a22334	NR_121687.1	89.457	313	19	12	1	307	325	21	4.34e-106	383
803eb245-0b19-42e8-a006-437f43a22334	NR_117717.1	89.103	312	22	10	1	307	326	22	2.02e-104	377
2eaa8534-12a7-442f-9dc5-fb0f66018751	NR_042927.1	92.260	646	29	15	1	636	1436	802	0.0	896
2eaa8534-12a7-442f-9dc5-fb0f66018751	NR_114413.1	92.260	646	29	15	1	636	1459	825	0.0	896
2eaa8534-12a7-442f-9dc5-fb0f66018751	NR_115734.1	92.260	646	29	15	1	636	1437	803	0.0	896
2eaa8534-12a7-442f-9dc5-fb0f66018751	NR_028664.1	92.105	646	30	15	1	636	1457	823	0.0	891
2eaa8534-12a7-442f-9dc5-fb0f66018751	NR_115240.1	92.105	646	30	15	1	636	1434	800	0.0	891
806dbe44-5e2f-45fd-9d03-494a39390a48	NR_116168.1	91.209	455	20	16	4	445	462	15	1.59e-171	601
806dbe44-5e2f-45fd-9d03-494a39390a48	NR_042878.1	90.625	448	22	16	4	438	441	1	1.60e-166	584
806dbe44-5e2f-45fd-9d03-494a39390a48	NR_118762.1	88.865	458	31	15	4	448	465	15	2.70e-159	560
806dbe44-5e2f-45fd-9d03-494a39390a48	NR_025423.1	88.496	452	32	17	4	441	446	1	7.62e-150	529
806dbe44-5e2f-45fd-9d03-494a39390a48	NR_118143.1	88.000	450	32	18	4	438	443	1	7.67e-145	512
45dfb0af-3407-442b-9264-ae176e0b23b4	NR_042927.1	98.837	688	4	3	1	687	748	1432	0.0	1223
45dfb0af-3407-442b-9264-ae176e0b23b4	NR_114413.1	98.837	688	4	3	1	687	771	1455	0.0	1223
45dfb0af-3407-442b-9264-ae176e0b23b4	NR_115734.1	98.837	688	4	3	1	687	749	1433	0.0	1223
45dfb0af-3407-442b-9264-ae176e0b23b4	NR_199544.1	98.559	694	5	4	1	692	724	1414	0.0	1221
45dfb0af-3407-442b-9264-ae176e0b23b4	NR_028664.1	98.692	688	5	3	1	687	769	1453	0.0	1218
6f2e5519-2358-4918-863f-0f6442c443fc	NR_024842.1	95.503	845	24	13	1	837	654	1492	0.0	1338
6f2e5519-2358-4918-863f-0f6442c443fc	NR_115735.1	95.482	841	24	13	1	833	630	1464	0.0	1330
6f2e5519-2358-4918-863f-0f6442c443fc	NR_156072.1	95.030	845	28	13	1	837	659	1497	0.0	1315
6f2e5519-2358-4918-863f-0f6442c443fc	NR_115241.1	95.107	838	27	13	1	830	639	1470	0.0	1314
6f2e5519-2358-4918-863f-0f6442c443fc	NR_165737.1	95.232	839	25	14	1	830	639	1471	0.0	1314
8d174f36-a816-428f-9247-6e21b5ba83fc	NR_026419.1	95.721	1262	27	20	1	1253	117	1360	0.0	2006
8d174f36-a816-428f-9247-6e21b5ba83fc	NR_133753.1	95.483	1262	29	21	1	1253	84	1326	0.0	1989
8d174f36-a816-428f-9247-6e21b5ba83fc	NR_025903.1	95.483	1262	29	21	1	1253	130	1372	0.0	1989
8d174f36-a816-428f-9247-6e21b5ba83fc	NR_133752.1	95.246	1262	32	21	1	1253	55	1297	0.0	1973
8d174f36-a816-428f-9247-6e21b5ba83fc	NR_025904.1	94.541	1264	37	24	1	1253	129	1371	0.0	1923
aa99dbba-71a1-492a-a837-9bdc360f93e9	NR_117425.1	89.538	1147	64	41	1	1121	1117	1	0.0	1402
aa99dbba-71a1-492a-a837-9bdc360f93e9	NR_042771.1	89.419	1153	61	47	1	1125	1132	13	0.0	1397
aa99dbba-71a1-492a-a837-9bdc360f93e9	NR_042777.1	89.314	1151	67	40	1	1125	1138	18	0.0	1393
aa99dbba-71a1-492a-a837-9bdc360f93e9	NR_115274.1	89.501	1143	61	45	1	1116	1112	2	0.0	1391
aa99dbba-71a1-492a-a837-9bdc360f93e9	NR_042776.1	89.236	1152	67	41	1	1125	1139	18	0.0	1387
19e6c3db-6542-4c1c-8ad4-961684c94185	NR_042776.1	97.021	772	11	9	1	763	786	18	0.0	1288
19e6c3db-6542-4c1c-8ad4-961684c94185	NR_042778.1	96.762	772	13	9	1	763	786	18	0.0	1277
19e6c3db-6542-4c1c-8ad4-961684c94185	NR_042777.1	96.632	772	13	10	1	763	785	18	0.0	1269
19e6c3db-6542-4c1c-8ad4-961684c94185	NR_197695.1	96.373	772	16	9	1	763	785	17	0.0	1260
19e6c3db-6542-4c1c-8ad4-961684c94185	NR_118998.1	96.244	772	17	9	1	763	781	13	0.0	1256
b66642ee-7f91-48b4-b333-ba2fdc83b149	NR_115735.1	95.933	1377	28	24	1	1360	99	1464	0.0	2207
b66642ee-7f91-48b4-b333-ba2fdc83b149	NR_024842.1	95.791	1378	30	24	1	1361	123	1489	0.0	2202
b66642ee-7f91-48b4-b333-ba2fdc83b149	NR_115241.1	95.706	1374	31	24	1	1357	108	1470	0.0	2191
b66642ee-7f91-48b4-b333-ba2fdc83b149	NR_165737.1	95.262	1372	34	27	5	1357	112	1471	0.0	2145
b66642ee-7f91-48b4-b333-ba2fdc83b149	NR_036936.1	95.044	1372	37	27	5	1357	112	1471	0.0	2128
fc1097cf-52c7-43b1-ab8f-16baaddd8404	NR_025863.1	95.095	1101	27	21	1	1081	1299	206	0.0	1716
fc1097cf-52c7-43b1-ab8f-16baaddd8404	NR_028682.1	90.751	1092	68	26	1	1070	1295	215	0.0	1426
fc1097cf-52c7-43b1-ab8f-16baaddd8404	NR_026454.1	90.918	1079	66	26	1	1056	1271	202	0.0	1421
fc1097cf-52c7-43b1-ab8f-16baaddd8404	NR_026481.1	90.691	1085	72	24	5	1070	1259	185	0.0	1417
fc1097cf-52c7-43b1-ab8f-16baaddd8404	NR_025862.1	90.118	1103	70	31	1	1079	1294	207	0.0	1402
70e60778-3c54-41f9-9922-0b6a3326ca9c	NR_042776.1	97.954	391	5	2	1	388	408	18	0.0	675
70e60778-3c54-41f9-9922-0b6a3326ca9c	NR_042778.1	97.698	391	6	2	1	388	408	18	0.0	669
70e60778-3c54-41f9-9922-0b6a3326ca9c	NR_042777.1	97.442	391	7	2	1	388	408	18	0.0	664
70e60778-3c54-41f9-9922-0b6a3326ca9c	NR_118998.1	96.931	391	9	2	1	388	403	13	0.0	654
70e60778-3c54-41f9-9922-0b6a3326ca9c	NR_197695.1	96.939	392	7	3	1	388	407	17	0.0	652
14b2ac2e-99ee-4d0a-9a46-c8e55fa7b5da	NR_028664.1	97.423	582	8	7	1	579	810	233	0.0	985
14b2ac2e-99ee-4d0a-9a46-c8e55fa7b5da	NR_115240.1	97.423	582	8	7	1	579	787	210	0.0	985
14b2ac2e-99ee-4d0a-9a46-c8e55fa7b5da	NR_115732.1	97.423	582	8	7	1	579	789	212	0.0	985
14b2ac2e-99ee-4d0a-9a46-c8e55fa7b5da	NR_116207.1	97.423	582	8	7	1	579	652	75	0.0	985
14b2ac2e-99ee-4d0a-9a46-c8e55fa7b5da	NR_116209.1	97.423	582	8	7	1	579	712	135	0.0	985
90e80b5b-b175-4842-8633-36bd0efd9985	NR_042776.1	97.209	824	6	11	1	818	692	1504	0.0	1378
90e80b5b-b175-4842-8633-36bd0efd9985	NR_042777.1	97.209	824	6	11	1	818	691	1503	0.0	1378
90e80b5b-b175-4842-8633-36bd0efd9985	NR_042778.1	96.966	824	8	11	1	818	692	1504	0.0	1367
90e80b5b-b175-4842-8633-36bd0efd9985	NR_197695.1	96.845	824	9	13	1	818	691	1503	0.0	1362
90e80b5b-b175-4842-8633-36bd0efd9985	NR_118998.1	96.481	824	11	12	1	818	687	1498	0.0	1345
d0a1652d-245d-45b4-a3f7-58059219db10	NR_102895.1	94.773	727	24	10	13	729	744	22	0.0	1120
d0a1652d-245d-45b4-a3f7-58059219db10	NR_113113.1	94.635	727	25	10	13	729	724	2	0.0	1114
d0a1652d-245d-45b4-a3f7-58059219db10	NR_042843.1	94.583	720	25	10	13	722	716	1	0.0	1103
d0a1652d-245d-45b4-a3f7-58059219db10	NR_114305.1	93.535	727	33	10	13	729	736	14	0.0	1070
d0a1652d-245d-45b4-a3f7-58059219db10	NR_116726.1	93.472	720	33	10	13	722	716	1	0.0	1057
1212e04a-aad3-4772-b72e-acc40cb8309b	NR_024842.1	97.964	835	14	2	1	832	655	1489	0.0	1445
1212e04a-aad3-4772-b72e-acc40cb8309b	NR_115735.1	97.962	834	14	2	1	831	631	1464	0.0	1443
1212e04a-aad3-4772-b72e-acc40cb8309b	NR_036936.1	97.957	832	13	3	1	828	640	1471	0.0	1439
1212e04a-aad3-4772-b72e-acc40cb8309b	NR_165737.1	97.716	832	15	3	1	828	640	1471	0.0	1428
1212e04a-aad3-4772-b72e-acc40cb8309b	NR_115241.1	97.593	831	17	2	1	828	640	1470	0.0	1426
6cf84d16-48f6-46bf-a0b1-c53746fe7676	NR_026419.1	92.936	722	31	16	1	707	1349	633	0.0	1033
6cf84d16-48f6-46bf-a0b1-c53746fe7676	NR_133752.1	91.967	722	38	16	1	707	1286	570	0.0	994
6cf84d16-48f6-46bf-a0b1-c53746fe7676	NR_133753.1	91.967	722	38	16	1	707	1315	599	0.0	994
6cf84d16-48f6-46bf-a0b1-c53746fe7676	NR_025903.1	91.967	722	38	16	1	707	1361	645	0.0	994
6cf84d16-48f6-46bf-a0b1-c53746fe7676	NR_025904.1	91.828	722	39	16	1	707	1360	644	0.0	989
0f4d440d-db44-4b39-bb90-eff29316b1b5	NR_163639.1	97.959	196	4	0	1	196	198	3	1.56e-93	340
0f4d440d-db44-4b39-bb90-eff29316b1b5	NR_074980.1	97.423	194	5	0	1	194	206	13	9.41e-91	331
0f4d440d-db44-4b39-bb90-eff29316b1b5	NR_113031.1	97.423	194	5	0	1	194	206	13	9.41e-91	331
0f4d440d-db44-4b39-bb90-eff29316b1b5	NR_119169.1	97.826	184	4	0	1	184	184	1	2.04e-87	320
0f4d440d-db44-4b39-bb90-eff29316b1b5	NR_119170.1	97.826	184	4	0	1	184	184	1	2.04e-87	320
7c8e1782-a0e0-41c0-9054-e5b544ac33f1	NR_042928.1	93.450	626	26	13	10	627	619	1	0.0	915
7c8e1782-a0e0-41c0-9054-e5b544ac33f1	NR_109720.1	93.226	620	30	10	10	622	615	1	0.0	902
7c8e1782-a0e0-41c0-9054-e5b544ac33f1	NR_199547.1	93.864	603	24	11	10	605	599	3	0.0	896
7c8e1782-a0e0-41c0-9054-e5b544ac33f1	NR_112026.1	93.432	609	26	12	10	611	602	1	0.0	891
7c8e1782-a0e0-41c0-9054-e5b544ac33f1	NR_036936.1	92.593	621	34	10	10	623	621	6	0.0	883
48b24d50-428d-43ab-953a-8d4dc25bc4f8	NR_133753.1	96.573	963	18	11	8	963	1317	363	0.0	1581
48b24d50-428d-43ab-953a-8d4dc25bc4f8	NR_025903.1	96.573	963	18	11	8	963	1363	409	0.0	1581
48b24d50-428d-43ab-953a-8d4dc25bc4f8	NR_133752.1	96.366	963	20	11	8	963	1288	334	0.0	1570
48b24d50-428d-43ab-953a-8d4dc25bc4f8	NR_025904.1	95.950	963	24	13	8	963	1362	408	0.0	1548
48b24d50-428d-43ab-953a-8d4dc25bc4f8	NR_026419.1	95.639	963	27	11	8	963	1351	397	0.0	1531
39b65377-89f2-4abd-862b-e8cabb76f738	NR_042776.1	95.481	863	16	20	1	849	649	1502	0.0	1356
39b65377-89f2-4abd-862b-e8cabb76f738	NR_042777.1	95.481	863	16	20	1	849	648	1501	0.0	1356
39b65377-89f2-4abd-862b-e8cabb76f738	NR_042778.1	95.249	863	18	20	1	849	649	1502	0.0	1345
39b65377-89f2-4abd-862b-e8cabb76f738	NR_197695.1	95.017	863	20	20	1	849	648	1501	0.0	1334
39b65377-89f2-4abd-862b-e8cabb76f738	NR_118998.1	94.786	863	21	20	1	849	644	1496	0.0	1323
d3e0f77a-744f-4e3b-8150-1ec45699ebbd	NR_179540.1	94.331	882	29	17	4	876	626	1495	0.0	1332
d3e0f77a-744f-4e3b-8150-1ec45699ebbd	NR_117719.1	93.991	882	33	17	4	876	626	1496	0.0	1317
d3e0f77a-744f-4e3b-8150-1ec45699ebbd	NR_028664.1	93.878	882	34	17	4	876	629	1499	0.0	1312
d3e0f77a-744f-4e3b-8150-1ec45699ebbd	NR_179383.1	93.878	882	34	17	4	876	633	1503	0.0	1312
d3e0f77a-744f-4e3b-8150-1ec45699ebbd	NR_042928.1	94.057	875	31	17	4	869	606	1468	0.0	1308
2abf5c0a-8fd4-4602-9f4c-02860de0fbde	NR_042776.1	95.639	642	13	11	1	633	653	18	0.0	1016
2abf5c0a-8fd4-4602-9f4c-02860de0fbde	NR_042777.1	95.476	641	15	10	1	633	652	18	0.0	1011
2abf5c0a-8fd4-4602-9f4c-02860de0fbde	NR_042778.1	95.327	642	15	11	1	633	653	18	0.0	1005
2abf5c0a-8fd4-4602-9f4c-02860de0fbde	NR_197695.1	95.016	642	17	11	1	633	652	17	0.0	994
2abf5c0a-8fd4-4602-9f4c-02860de0fbde	NR_118998.1	94.704	642	19	11	1	633	648	13	0.0	985
5dcb279f-dff3-4ff4-aa98-3393e03d7379	NR_152678.1	86.588	1275	96	55	1	1225	1265	16	0.0	1338
5dcb279f-dff3-4ff4-aa98-3393e03d7379	NR_104972.1	85.602	1271	106	56	1	1220	1245	1	0.0	1262
5dcb279f-dff3-4ff4-aa98-3393e03d7379	NR_028666.1	85.425	1283	104	56	1	1225	1269	12	0.0	1256
5dcb279f-dff3-4ff4-aa98-3393e03d7379	NR_037101.1	85.433	1270	110	53	1	1220	1245	1	0.0	1251
5dcb279f-dff3-4ff4-aa98-3393e03d7379	NR_115242.1	85.368	1278	104	56	1	1220	1253	1	0.0	1247
58a4b2dd-4abf-44cf-8810-cf3266ed369d	NR_133752.1	90.521	211	12	8	6	212	1045	1251	6.36e-73	272
58a4b2dd-4abf-44cf-8810-cf3266ed369d	NR_133753.1	90.521	211	12	8	6	212	1074	1280	6.36e-73	272
58a4b2dd-4abf-44cf-8810-cf3266ed369d	NR_025903.1	90.521	211	12	8	6	212	1120	1326	6.36e-73	272
58a4b2dd-4abf-44cf-8810-cf3266ed369d	NR_025904.1	89.100	211	15	8	6	212	1119	1325	6.40e-68	255
58a4b2dd-4abf-44cf-8810-cf3266ed369d	NR_026419.1	88.152	211	17	8	6	212	1108	1314	1.39e-64	244
805fab47-2686-448d-8edb-adac1630046b	NR_179325.1	96.696	908	13	15	1	897	558	1459	0.0	1495
805fab47-2686-448d-8edb-adac1630046b	NR_115355.1	96.476	908	15	15	1	897	584	1485	0.0	1483
805fab47-2686-448d-8edb-adac1630046b	NR_115354.1	96.256	908	17	16	1	897	584	1485	0.0	1474
805fab47-2686-448d-8edb-adac1630046b	NR_119169.1	96.256	908	17	14	1	897	589	1490	0.0	1474
805fab47-2686-448d-8edb-adac1630046b	NR_163639.1	96.260	909	14	18	1	897	600	1500	0.0	1472
69948c5f-3652-4b16-86d2-de931c7b434a	NR_042776.1	93.180	1085	32	33	2	1061	426	1493	0.0	1555
69948c5f-3652-4b16-86d2-de931c7b434a	NR_042777.1	93.081	1084	34	32	2	1061	426	1492	0.0	1548
69948c5f-3652-4b16-86d2-de931c7b434a	NR_042778.1	92.903	1085	35	33	2	1061	426	1493	0.0	1539
69948c5f-3652-4b16-86d2-de931c7b434a	NR_197695.1	92.811	1085	36	32	2	1061	425	1492	0.0	1533
69948c5f-3652-4b16-86d2-de931c7b434a	NR_118998.1	92.350	1085	40	34	2	1061	421	1487	0.0	1504
6cab2984-b6ac-4b7a-9f0c-4f1f7ba4faab	NR_113570.1	94.351	478	10	13	1	466	583	1055	0.0	717
6cab2984-b6ac-4b7a-9f0c-4f1f7ba4faab	NR_044091.1	94.351	478	10	13	1	466	490	962	0.0	717
6cab2984-b6ac-4b7a-9f0c-4f1f7ba4faab	NR_043332.1	93.933	478	12	13	1	466	576	1048	0.0	710
6cab2984-b6ac-4b7a-9f0c-4f1f7ba4faab	NR_119168.1	93.933	478	12	13	1	466	581	1053	0.0	710
6cab2984-b6ac-4b7a-9f0c-4f1f7ba4faab	NR_115354.1	93.933	478	12	13	1	466	576	1048	0.0	708
a0035569-9fbd-4b36-b63e-f4a6970a34ab	NR_024842.1	92.361	144	8	3	1	142	1347	1489	5.43e-52	202
a0035569-9fbd-4b36-b63e-f4a6970a34ab	NR_041706.1	92.361	144	8	3	1	142	1342	1484	5.43e-52	202
a0035569-9fbd-4b36-b63e-f4a6970a34ab	NR_042052.1	92.361	144	8	3	1	142	1255	1397	5.43e-52	202
a0035569-9fbd-4b36-b63e-f4a6970a34ab	NR_025625.1	92.361	144	8	3	1	142	1341	1483	5.43e-52	202
a0035569-9fbd-4b36-b63e-f4a6970a34ab	NR_028705.1	92.361	144	8	3	1	142	1345	1487	5.43e-52	202
f5d1f2f9-4896-4b6e-bcce-c8b5876e19cd	NR_041879.1	94.958	119	4	2	1	118	1299	1182	4.35e-47	185
f5d1f2f9-4896-4b6e-bcce-c8b5876e19cd	NR_115355.1	94.958	119	4	2	1	118	1341	1224	4.35e-47	185
f5d1f2f9-4896-4b6e-bcce-c8b5876e19cd	NR_119169.1	94.958	119	4	2	1	118	1346	1229	4.35e-47	185
f5d1f2f9-4896-4b6e-bcce-c8b5876e19cd	NR_163639.1	94.958	119	4	2	1	118	1356	1239	4.35e-47	185
f5d1f2f9-4896-4b6e-bcce-c8b5876e19cd	NR_179325.1	94.958	119	4	2	1	118	1315	1198	4.35e-47	185
88ef9889-8c39-499c-a568-3edfeae17720	NR_037101.1	94.737	133	3	2	1	129	1347	1479	1.32e-52	204
88ef9889-8c39-499c-a568-3edfeae17720	NR_040821.1	94.737	133	3	2	1	129	1347	1479	1.32e-52	204
88ef9889-8c39-499c-a568-3edfeae17720	NR_025148.1	94.737	133	3	2	1	129	1367	1499	1.32e-52	204
88ef9889-8c39-499c-a568-3edfeae17720	NR_028664.1	94.737	133	3	2	1	129	1368	1500	1.32e-52	204
88ef9889-8c39-499c-a568-3edfeae17720	NR_028666.1	94.737	133	3	2	1	129	1371	1503	1.32e-52	204
b44547d8-db54-4d47-bdd6-6f329c57ddda	NR_043445.1	94.872	39	0	2	1	37	15	53	5.68e-10	60.2
b44547d8-db54-4d47-bdd6-6f329c57ddda	NR_113606.1	94.872	39	0	2	1	37	20	58	5.68e-10	60.2
b44547d8-db54-4d47-bdd6-6f329c57ddda	NR_116482.1	94.872	39	0	2	1	37	25	63	5.68e-10	60.2
b44547d8-db54-4d47-bdd6-6f329c57ddda	NR_040933.1	97.059	34	1	0	1	34	42	75	2.04e-09	58.4
b44547d8-db54-4d47-bdd6-6f329c57ddda	NR_114040.1	97.059	34	1	0	1	34	21	54	2.04e-09	58.4
ae1cec26-75e2-43ee-bdf8-ff458e4b13ed	NR_025147.1	100.000	52	0	0	1	52	62	11	6.71e-21	97.1
ae1cec26-75e2-43ee-bdf8-ff458e4b13ed	NR_025212.1	100.000	52	0	0	1	52	61	10	6.71e-21	97.1
ae1cec26-75e2-43ee-bdf8-ff458e4b13ed	NR_025451.1	100.000	52	0	0	1	52	54	3	6.71e-21	97.1
ae1cec26-75e2-43ee-bdf8-ff458e4b13ed	NR_043541.1	100.000	52	0	0	1	52	64	13	6.71e-21	97.1
ae1cec26-75e2-43ee-bdf8-ff458e4b13ed	NR_108503.1	100.000	52	0	0	1	52	63	12	6.71e-21	97.1
8403f480-8dcf-46c2-8927-b57ad43866fc	NR_136788.1	94.118	221	5	7	1	214	233	14	3.84e-90	329
8403f480-8dcf-46c2-8927-b57ad43866fc	NR_113082.1	91.855	221	10	7	1	214	233	14	8.36e-82	302
8403f480-8dcf-46c2-8927-b57ad43866fc	NR_026230.1	88.208	212	17	7	1	205	211	1	1.42e-69	261
8403f480-8dcf-46c2-8927-b57ad43866fc	NR_152035.1	91.975	162	6	6	59	214	175	15	2.41e-57	220
8403f480-8dcf-46c2-8927-b57ad43866fc	NR_074234.1	89.349	169	11	6	52	214	188	21	6.74e-53	206
c7b258d0-48ca-4655-9dc1-8529da174f4d	NR_041722.2	95.775	284	2	8	4	279	1226	1507	3.80e-126	449
c7b258d0-48ca-4655-9dc1-8529da174f4d	NR_028665.1	95.775	284	2	8	4	279	1206	1487	3.80e-126	449
c7b258d0-48ca-4655-9dc1-8529da174f4d	NR_028736.1	95.775	284	2	8	4	279	1215	1496	3.80e-126	449
c7b258d0-48ca-4655-9dc1-8529da174f4d	NR_041721.1	95.775	284	2	8	4	279	1214	1495	3.80e-126	449
c7b258d0-48ca-4655-9dc1-8529da174f4d	NR_112704.1	95.775	284	2	8	4	279	1110	1391	3.80e-126	449
a5906c5c-1094-43c5-b91d-bf4e06ec2ca2	NR_044873.1	96.875	96	1	2	1	95	100	194	2.01e-39	159
a5906c5c-1094-43c5-b91d-bf4e06ec2ca2	NR_074568.1	95.833	96	2	2	1	95	111	205	9.36e-38	154
a5906c5c-1094-43c5-b91d-bf4e06ec2ca2	NR_044712.2	94.792	96	3	2	1	95	120	214	1.21e-36	150
a5906c5c-1094-43c5-b91d-bf4e06ec2ca2	NR_024785.1	94.792	96	3	2	1	95	68	162	4.36e-36	148
a5906c5c-1094-43c5-b91d-bf4e06ec2ca2	NR_044353.1	92.473	93	7	0	1	93	78	170	1.22e-31	134
069ac7d7-67ff-4198-a167-a9f1f9822889	NR_044873.1	95.699	186	4	2	1	186	578	397	3.30e-80	296
069ac7d7-67ff-4198-a167-a9f1f9822889	NR_025310.1	92.473	186	10	2	1	186	569	388	3.34e-70	263
069ac7d7-67ff-4198-a167-a9f1f9822889	NR_179993.1	92.473	186	10	2	1	186	590	409	3.34e-70	263
069ac7d7-67ff-4198-a167-a9f1f9822889	NR_026189.1	91.935	186	11	2	1	186	577	396	1.55e-68	257
069ac7d7-67ff-4198-a167-a9f1f9822889	NR_024638.1	92.350	183	10	2	7	189	543	365	1.55e-68	257
fd32f9c6-ee4e-4ba7-a0f2-26bdf3201e80	NR_025892.1	99.432	176	0	1	1	175	201	26	6.69e-87	318
fd32f9c6-ee4e-4ba7-a0f2-26bdf3201e80	NR_117694.1	98.857	175	1	1	1	174	175	1	1.12e-84	311
fd32f9c6-ee4e-4ba7-a0f2-26bdf3201e80	NR_117717.1	95.455	176	7	1	1	175	196	21	3.16e-75	279
fd32f9c6-ee4e-4ba7-a0f2-26bdf3201e80	NR_121688.1	95.455	176	7	1	1	175	195	20	3.16e-75	279
fd32f9c6-ee4e-4ba7-a0f2-26bdf3201e80	NR_117701.1	95.429	175	7	1	1	174	175	1	1.14e-74	278
5cc22188-8cdc-401e-befc-23c6ad910a87	NR_181586.1	91.259	286	13	9	1	276	306	23	4.86e-105	379
5cc22188-8cdc-401e-befc-23c6ad910a87	NR_026248.1	89.324	281	18	9	1	271	279	1	6.38e-94	342
5cc22188-8cdc-401e-befc-23c6ad910a87	NR_118651.1	90.850	153	14	0	124	276	178	26	2.43e-53	207
5cc22188-8cdc-401e-befc-23c6ad910a87	NR_151895.1	90.196	153	15	0	124	276	159	7	4.06e-51	200
5cc22188-8cdc-401e-befc-23c6ad910a87	NR_024967.1	89.241	158	8	9	124	276	166	13	8.80e-48	189
bc72d3ee-8651-468e-be12-94ca97d9770a	NR_116168.1	89.916	119	9	3	11	127	140	23	1.83e-36	150
bc72d3ee-8651-468e-be12-94ca97d9770a	NR_042878.1	94.565	92	4	1	37	127	93	2	3.06e-34	143
bc72d3ee-8651-468e-be12-94ca97d9770a	NR_118762.1	95.349	86	3	1	37	121	117	32	1.43e-32	137
bc72d3ee-8651-468e-be12-94ca97d9770a	NR_027574.1	92.391	92	6	1	37	127	93	2	2.39e-30	130
bc72d3ee-8651-468e-be12-94ca97d9770a	NR_074715.1	92.391	92	6	1	37	127	113	22	2.39e-30	130
4ff43df4-4d77-4d48-a139-d6de1fcdb912	NR_025892.1	92.195	205	12	4	4	204	225	21	6.11e-78	289
4ff43df4-4d77-4d48-a139-d6de1fcdb912	NR_117694.1	92.462	199	11	4	4	198	199	1	1.02e-75	281
4ff43df4-4d77-4d48-a139-d6de1fcdb912	NR_104830.1	89.952	209	14	7	5	207	213	6	3.70e-70	263
4ff43df4-4d77-4d48-a139-d6de1fcdb912	NR_121687.1	89.806	206	15	6	4	204	219	15	4.79e-69	259
4ff43df4-4d77-4d48-a139-d6de1fcdb912	NR_043458.1	88.235	204	20	4	5	204	219	16	1.74e-63	241
b00ec107-0f98-45b5-b1b5-c10ac3ee74cc	NR_163639.1	100.000	79	0	0	1	79	81	3	1.21e-35	147
b00ec107-0f98-45b5-b1b5-c10ac3ee74cc	NR_074980.1	100.000	77	0	0	1	77	89	13	1.56e-34	143
b00ec107-0f98-45b5-b1b5-c10ac3ee74cc	NR_113031.1	100.000	77	0	0	1	77	89	13	1.56e-34	143
b00ec107-0f98-45b5-b1b5-c10ac3ee74cc	NR_113376.1	98.701	77	1	0	1	77	89	13	7.26e-33	137
b00ec107-0f98-45b5-b1b5-c10ac3ee74cc	NR_113377.1	97.260	73	2	0	5	77	85	13	5.65e-29	124
995db21d-9d7d-40a5-a5f8-0b4cd830dc90	NR_043332.1	96.000	100	2	1	5	104	1341	1244	7.26e-40	161
995db21d-9d7d-40a5-a5f8-0b4cd830dc90	NR_074980.1	96.000	100	2	1	5	104	1368	1271	7.26e-40	161
995db21d-9d7d-40a5-a5f8-0b4cd830dc90	NR_113031.1	96.000	100	2	1	5	104	1368	1271	7.26e-40	161
995db21d-9d7d-40a5-a5f8-0b4cd830dc90	NR_113570.1	96.000	100	2	1	5	104	1348	1251	7.26e-40	161
995db21d-9d7d-40a5-a5f8-0b4cd830dc90	NR_117759.1	96.000	100	2	1	5	104	1344	1247	7.26e-40	161
5cf112b1-871c-4186-8740-642b986a7e6a	NR_024842.1	97.740	177	1	2	1	174	1427	1251	6.44e-82	302
5cf112b1-871c-4186-8740-642b986a7e6a	NR_115241.1	97.740	177	1	2	1	174	1412	1236	6.44e-82	302
5cf112b1-871c-4186-8740-642b986a7e6a	NR_115735.1	97.740	177	1	2	1	174	1403	1227	6.44e-82	302
5cf112b1-871c-4186-8740-642b986a7e6a	NR_117425.1	97.740	177	1	2	1	174	1415	1239	6.44e-82	302
5cf112b1-871c-4186-8740-642b986a7e6a	NR_179720.1	97.740	177	1	2	1	174	1432	1256	6.44e-82	302
ae8e85c4-7af9-476e-9556-492cf24bc77b	NR_026419.1	93.642	173	6	4	1	171	1255	1086	1.81e-67	254
ae8e85c4-7af9-476e-9556-492cf24bc77b	NR_133752.1	90.751	173	11	4	1	171	1192	1023	3.94e-59	226
ae8e85c4-7af9-476e-9556-492cf24bc77b	NR_133753.1	90.751	173	11	4	1	171	1221	1052	3.94e-59	226
ae8e85c4-7af9-476e-9556-492cf24bc77b	NR_025904.1	90.751	173	11	4	1	171	1266	1097	3.94e-59	226
ae8e85c4-7af9-476e-9556-492cf24bc77b	NR_025903.1	90.751	173	11	4	1	171	1267	1098	3.94e-59	226
474de14b-ef42-4ec6-9569-a934b69121aa	NR_036959.1	81.333	225	30	12	72	286	1391	1169	9.24e-43	172
474de14b-ef42-4ec6-9569-a934b69121aa	NR_026299.1	79.638	221	32	11	77	286	1363	1145	5.60e-35	147
474de14b-ef42-4ec6-9569-a934b69121aa	NR_025375.1	79.638	221	32	11	77	286	1370	1152	5.60e-35	147
474de14b-ef42-4ec6-9569-a934b69121aa	NR_043740.1	79.638	221	32	11	77	286	1347	1129	5.60e-35	147
474de14b-ef42-4ec6-9569-a934b69121aa	NR_132296.1	79.638	221	32	11	77	286	1356	1138	5.60e-35	147
57665cec-2962-45d6-895a-926aa7886297	NR_026419.1	97.436	195	1	3	1	192	1432	1239	3.33e-90	329
57665cec-2962-45d6-895a-926aa7886297	NR_133752.1	95.897	195	4	3	1	192	1369	1176	3.35e-85	313
57665cec-2962-45d6-895a-926aa7886297	NR_133753.1	95.897	195	4	3	1	192	1398	1205	3.35e-85	313
57665cec-2962-45d6-895a-926aa7886297	NR_025903.1	95.897	195	4	3	1	192	1444	1251	3.35e-85	313
57665cec-2962-45d6-895a-926aa7886297	NR_025904.1	95.385	195	5	3	1	192	1443	1250	1.56e-83	307
9bf93300-b2dd-4d2f-9dc6-28cd4aaa46e9	NR_118780.1	96.407	167	0	5	66	227	1139	974	2.56e-72	270
9bf93300-b2dd-4d2f-9dc6-28cd4aaa46e9	NR_025289.1	95.808	167	1	4	66	227	1132	967	1.19e-70	265
9bf93300-b2dd-4d2f-9dc6-28cd4aaa46e9	NR_133037.1	92.857	168	4	7	66	227	1157	992	2.60e-62	237
9bf93300-b2dd-4d2f-9dc6-28cd4aaa46e9	NR_026031.1	91.716	169	7	7	66	229	1132	966	1.56e-59	228
9bf93300-b2dd-4d2f-9dc6-28cd4aaa46e9	NR_180807.1	93.082	159	6	5	59	214	1164	1008	1.56e-59	228
d88adeae-8e1c-44a5-8b80-c796ffedfea4	NR_041880.1	89.180	305	17	11	4	302	847	553	4.25e-101	366
d88adeae-8e1c-44a5-8b80-c796ffedfea4	NR_025762.1	89.180	305	17	11	4	302	869	575	4.25e-101	366
d88adeae-8e1c-44a5-8b80-c796ffedfea4	NR_041879.1	89.180	305	17	11	4	302	848	554	4.25e-101	366
d88adeae-8e1c-44a5-8b80-c796ffedfea4	NR_043332.1	89.180	305	17	11	4	302	891	597	4.25e-101	366
d88adeae-8e1c-44a5-8b80-c796ffedfea4	NR_074980.1	89.180	305	17	11	4	302	918	624	4.25e-101	366
e1eee628-c461-4bf1-ab8e-2e7e0f3db162	NR_041879.1	93.860	114	4	2	5	115	1299	1186	4.29e-42	169
e1eee628-c461-4bf1-ab8e-2e7e0f3db162	NR_115355.1	93.860	114	4	2	5	115	1341	1228	4.29e-42	169
e1eee628-c461-4bf1-ab8e-2e7e0f3db162	NR_119169.1	93.860	114	4	2	5	115	1346	1233	4.29e-42	169
e1eee628-c461-4bf1-ab8e-2e7e0f3db162	NR_163639.1	93.860	114	4	2	5	115	1356	1243	4.29e-42	169
e1eee628-c461-4bf1-ab8e-2e7e0f3db162	NR_179325.1	93.860	114	4	2	5	115	1315	1202	4.29e-42	169
b25fcfb7-7a88-42ea-bae0-b8f9826a2438	NR_114785.2	85.034	147	6	11	11	145	1361	1503	5.63e-32	135
b25fcfb7-7a88-42ea-bae0-b8f9826a2438	NR_024842.1	84.247	146	10	8	11	145	1349	1492	2.62e-30	130
b25fcfb7-7a88-42ea-bae0-b8f9826a2438	NR_041706.1	84.247	146	10	8	11	145	1344	1487	2.62e-30	130
b25fcfb7-7a88-42ea-bae0-b8f9826a2438	NR_042052.1	84.247	146	10	8	11	145	1257	1400	2.62e-30	130
b25fcfb7-7a88-42ea-bae0-b8f9826a2438	NR_025625.1	84.247	146	10	8	11	145	1343	1486	2.62e-30	130
6f376d2c-7fe4-4f92-a695-e25e3536663c	NR_028665.1	90.511	274	15	10	8	274	840	1109	1.05e-96	351
6f376d2c-7fe4-4f92-a695-e25e3536663c	NR_112026.1	90.511	274	15	10	8	274	805	1074	1.05e-96	351
6f376d2c-7fe4-4f92-a695-e25e3536663c	NR_115239.1	90.511	274	15	10	8	274	823	1092	1.05e-96	351
6f376d2c-7fe4-4f92-a695-e25e3536663c	NR_117496.1	90.511	274	15	10	8	274	823	1092	1.05e-96	351
6f376d2c-7fe4-4f92-a695-e25e3536663c	NR_165741.1	90.511	274	15	10	8	274	832	1101	1.05e-96	351
bf7f4a82-5f53-4e44-b783-8454215c914b	NR_037101.1	99.291	141	1	0	5	145	1335	1475	4.35e-68	255
bf7f4a82-5f53-4e44-b783-8454215c914b	NR_040821.1	99.291	141	1	0	5	145	1335	1475	4.35e-68	255
bf7f4a82-5f53-4e44-b783-8454215c914b	NR_025148.1	99.291	141	1	0	5	145	1355	1495	4.35e-68	255
bf7f4a82-5f53-4e44-b783-8454215c914b	NR_028664.1	99.291	141	1	0	5	145	1356	1496	4.35e-68	255
bf7f4a82-5f53-4e44-b783-8454215c914b	NR_028666.1	99.291	141	1	0	5	145	1359	1499	4.35e-68	255
8aad34fe-aa65-4f27-a6a4-a4c9e6d5c807	NR_024842.1	99.468	188	1	0	7	194	1305	1492	4.32e-94	342
8aad34fe-aa65-4f27-a6a4-a4c9e6d5c807	NR_042052.1	99.468	188	1	0	7	194	1213	1400	4.32e-94	342
8aad34fe-aa65-4f27-a6a4-a4c9e6d5c807	NR_042776.1	99.468	188	1	0	7	194	1315	1502	4.32e-94	342
8aad34fe-aa65-4f27-a6a4-a4c9e6d5c807	NR_042777.1	99.468	188	1	0	7	194	1314	1501	4.32e-94	342
8aad34fe-aa65-4f27-a6a4-a4c9e6d5c807	NR_114642.1	99.468	188	1	0	7	194	1272	1459	4.32e-94	342
9e79a5bf-4f45-4e00-9b4a-c7a646ec80c0	NR_024842.1	94.086	186	5	6	1	183	204	22	1.15e-74	278
9e79a5bf-4f45-4e00-9b4a-c7a646ec80c0	NR_115241.1	94.086	186	5	6	1	183	189	7	1.15e-74	278
9e79a5bf-4f45-4e00-9b4a-c7a646ec80c0	NR_115735.1	93.443	183	5	7	1	179	180	1	8.96e-71	265
9e79a5bf-4f45-4e00-9b4a-c7a646ec80c0	NR_165737.1	90.374	187	10	8	1	183	189	7	5.43e-63	239
9e79a5bf-4f45-4e00-9b4a-c7a646ec80c0	NR_178515.1	90.608	181	10	7	6	183	183	7	2.53e-61	233
275e08e4-053a-4faa-b6a6-5bb17833c207	NR_043332.1	95.763	118	4	1	1	118	1341	1225	3.36e-48	189
275e08e4-053a-4faa-b6a6-5bb17833c207	NR_074980.1	95.763	118	4	1	1	118	1368	1252	3.36e-48	189
275e08e4-053a-4faa-b6a6-5bb17833c207	NR_113031.1	95.763	118	4	1	1	118	1368	1252	3.36e-48	189
275e08e4-053a-4faa-b6a6-5bb17833c207	NR_113570.1	95.763	118	4	1	1	118	1348	1232	3.36e-48	189
275e08e4-053a-4faa-b6a6-5bb17833c207	NR_117759.1	95.763	118	4	1	1	118	1344	1228	3.36e-48	189
a138eaa7-6eae-4aa4-ae80-3f9f63f50e54	NR_037101.1	95.489	133	3	3	1	130	1393	1261	2.95e-54	209
a138eaa7-6eae-4aa4-ae80-3f9f63f50e54	NR_025609.1	95.489	133	3	3	1	130	1342	1210	2.95e-54	209
a138eaa7-6eae-4aa4-ae80-3f9f63f50e54	NR_040821.1	95.489	133	3	3	1	130	1393	1261	2.95e-54	209
a138eaa7-6eae-4aa4-ae80-3f9f63f50e54	NR_042052.1	95.489	133	3	3	1	130	1316	1184	2.95e-54	209
a138eaa7-6eae-4aa4-ae80-3f9f63f50e54	NR_025630.1	95.489	133	3	3	1	130	1392	1260	2.95e-54	209
95565a5f-33dd-44de-b48c-7bf368f105c5	NR_025892.1	89.401	217	11	10	1	213	246	38	1.16e-70	265
95565a5f-33dd-44de-b48c-7bf368f105c5	NR_117694.1	89.401	217	11	10	1	213	220	12	4.17e-70	263
95565a5f-33dd-44de-b48c-7bf368f105c5	NR_104830.1	87.383	214	15	12	1	210	235	30	9.09e-62	235
95565a5f-33dd-44de-b48c-7bf368f105c5	NR_117717.1	86.239	218	16	13	1	213	241	33	1.97e-58	224
95565a5f-33dd-44de-b48c-7bf368f105c5	NR_121687.1	86.239	218	16	14	1	213	240	32	1.97e-58	224
538f975f-9702-4a78-9d15-8b035730c276	NR_179540.1	95.872	872	13	20	1	860	1411	551	0.0	1389
538f975f-9702-4a78-9d15-8b035730c276	NR_199547.1	95.757	872	14	20	1	860	1371	511	0.0	1384
538f975f-9702-4a78-9d15-8b035730c276	NR_116206.1	95.642	872	15	20	1	860	1316	456	0.0	1380
538f975f-9702-4a78-9d15-8b035730c276	NR_028665.1	95.642	872	15	20	1	860	1408	548	0.0	1378
538f975f-9702-4a78-9d15-8b035730c276	NR_042928.1	95.642	872	15	20	1	860	1391	531	0.0	1378
a1afcfa9-a192-4713-85fa-41da03dd5ae1	NR_117719.1	92.142	649	32	14	11	648	852	1492	0.0	898
a1afcfa9-a192-4713-85fa-41da03dd5ae1	NR_179383.1	92.142	649	32	14	11	648	859	1499	0.0	898
a1afcfa9-a192-4713-85fa-41da03dd5ae1	NR_179540.1	92.142	649	31	15	11	648	852	1491	0.0	898
a1afcfa9-a192-4713-85fa-41da03dd5ae1	NR_175455.1	92.000	650	32	15	11	648	840	1481	0.0	894
a1afcfa9-a192-4713-85fa-41da03dd5ae1	NR_028664.1	91.988	649	33	14	11	648	855	1495	0.0	893
03ed6e9f-8057-4fa9-9f25-edb210ac421e	NR_178515.1	96.705	516	6	8	1	512	817	309	0.0	848
03ed6e9f-8057-4fa9-9f25-edb210ac421e	NR_028833.1	96.512	516	7	8	1	512	844	336	0.0	843
03ed6e9f-8057-4fa9-9f25-edb210ac421e	NR_165737.1	96.318	516	8	8	1	512	817	309	0.0	837
03ed6e9f-8057-4fa9-9f25-edb210ac421e	NR_036936.1	96.124	516	9	8	1	512	817	309	0.0	832
03ed6e9f-8057-4fa9-9f25-edb210ac421e	NR_109720.1	96.124	516	9	8	1	512	811	303	0.0	832
5bb288e6-42d8-4e2f-847d-6b9c1fb3a457	NR_025289.1	96.991	565	7	7	1	564	665	1220	0.0	941
5bb288e6-42d8-4e2f-847d-6b9c1fb3a457	NR_118780.1	96.643	566	8	8	1	564	671	1227	0.0	929
5bb288e6-42d8-4e2f-847d-6b9c1fb3a457	NR_144737.1	93.982	565	22	9	1	563	691	1245	0.0	845
5bb288e6-42d8-4e2f-847d-6b9c1fb3a457	NR_144749.1	92.769	567	25	13	1	563	690	1244	0.0	806
5bb288e6-42d8-4e2f-847d-6b9c1fb3a457	NR_173621.1	92.416	567	27	14	1	561	698	1254	0.0	795
3b205e7c-6bcf-4a7f-8ff0-68d41234bf8d	NR_036936.1	98.190	221	2	2	1	219	528	308	8.07e-107	385
3b205e7c-6bcf-4a7f-8ff0-68d41234bf8d	NR_028664.1	98.190	221	2	2	1	219	549	329	8.07e-107	385
3b205e7c-6bcf-4a7f-8ff0-68d41234bf8d	NR_042771.1	98.190	221	2	2	1	219	546	326	8.07e-107	385
3b205e7c-6bcf-4a7f-8ff0-68d41234bf8d	NR_042927.1	98.190	221	2	2	1	219	528	308	8.07e-107	385
3b205e7c-6bcf-4a7f-8ff0-68d41234bf8d	NR_042928.1	98.190	221	2	2	1	219	526	306	8.07e-107	385
e9675e2f-d6da-40e7-9a83-decdd4590fcb	NR_042928.1	95.403	1327	31	24	1	1308	153	1468	0.0	2085
e9675e2f-d6da-40e7-9a83-decdd4590fcb	NR_199547.1	95.538	1300	28	24	1	1281	133	1421	0.0	2052
e9675e2f-d6da-40e7-9a83-decdd4590fcb	NR_117719.1	94.749	1333	41	24	2	1315	174	1496	0.0	2047
e9675e2f-d6da-40e7-9a83-decdd4590fcb	NR_175455.1	94.864	1324	38	25	12	1315	172	1485	0.0	2041
e9675e2f-d6da-40e7-9a83-decdd4590fcb	NR_179540.1	94.804	1328	37	27	8	1315	180	1495	0.0	2041
6bf5b7f1-a3ad-4053-8199-c61cd3b537b2	NR_165747.1	97.748	222	3	2	1	221	221	1	1.10e-105	381
6bf5b7f1-a3ad-4053-8199-c61cd3b537b2	NR_199545.1	96.491	228	6	2	1	227	241	15	5.11e-104	375
6bf5b7f1-a3ad-4053-8199-c61cd3b537b2	NR_028664.1	96.053	228	7	2	1	227	244	18	2.38e-102	370
6bf5b7f1-a3ad-4053-8199-c61cd3b537b2	NR_042928.1	96.847	222	5	2	1	221	221	1	2.38e-102	370
6bf5b7f1-a3ad-4053-8199-c61cd3b537b2	NR_115560.1	96.053	228	7	2	1	227	241	15	2.38e-102	370
7bb589e1-8519-45fb-b7b6-03b2a22da33d	NR_024841.1	97.297	111	3	0	3	113	1390	1280	3.26e-48	189
7bb589e1-8519-45fb-b7b6-03b2a22da33d	NR_024842.1	97.297	111	3	0	3	113	1391	1281	3.26e-48	189
7bb589e1-8519-45fb-b7b6-03b2a22da33d	NR_036936.1	97.297	111	3	0	3	113	1376	1266	3.26e-48	189
7bb589e1-8519-45fb-b7b6-03b2a22da33d	NR_041722.2	97.297	111	3	0	3	113	1411	1301	3.26e-48	189
7bb589e1-8519-45fb-b7b6-03b2a22da33d	NR_025453.1	97.297	111	3	0	3	113	1376	1266	3.26e-48	189
bec47108-0b97-42bc-9e18-6e697f5da6ba	NR_042776.1	91.667	168	7	5	1	164	1373	1209	3.72e-59	226
bec47108-0b97-42bc-9e18-6e697f5da6ba	NR_042777.1	91.667	168	7	5	1	164	1372	1208	3.72e-59	226
bec47108-0b97-42bc-9e18-6e697f5da6ba	NR_042778.1	91.071	168	8	5	1	164	1373	1209	1.73e-57	220
bec47108-0b97-42bc-9e18-6e697f5da6ba	NR_118998.1	91.071	168	8	5	1	164	1367	1203	1.73e-57	220
bec47108-0b97-42bc-9e18-6e697f5da6ba	NR_181981.1	91.071	168	8	5	1	164	1363	1199	1.73e-57	220
c0ee4459-43f5-46fd-9454-7f1c61699310	NR_043332.1	94.643	112	4	2	4	114	1338	1228	3.28e-43	172
c0ee4459-43f5-46fd-9454-7f1c61699310	NR_074980.1	94.643	112	4	2	4	114	1365	1255	3.28e-43	172
c0ee4459-43f5-46fd-9454-7f1c61699310	NR_113031.1	94.643	112	4	2	4	114	1365	1255	3.28e-43	172
c0ee4459-43f5-46fd-9454-7f1c61699310	NR_113570.1	94.643	112	4	2	4	114	1345	1235	3.28e-43	172
c0ee4459-43f5-46fd-9454-7f1c61699310	NR_117759.1	94.643	112	4	2	4	114	1341	1231	3.28e-43	172
5c6a0e5a-d93b-47ac-bd85-e91858844434	NR_040933.1	95.405	457	10	11	1	452	1039	1489	0.0	717
5c6a0e5a-d93b-47ac-bd85-e91858844434	NR_117717.1	95.395	456	12	9	1	452	1037	1487	0.0	717
5c6a0e5a-d93b-47ac-bd85-e91858844434	NR_121688.1	95.395	456	12	9	1	452	1037	1487	0.0	717
5c6a0e5a-d93b-47ac-bd85-e91858844434	NR_117694.1	95.405	457	10	11	1	452	1017	1467	0.0	717
5c6a0e5a-d93b-47ac-bd85-e91858844434	NR_117696.1	95.395	456	12	9	1	452	1004	1454	0.0	717
a7d93750-fc94-46ae-960c-29fe72110eba	NR_042776.1	94.595	740	18	16	1	724	1418	685	0.0	1125
a7d93750-fc94-46ae-960c-29fe72110eba	NR_042777.1	94.595	740	18	16	1	724	1417	684	0.0	1125
a7d93750-fc94-46ae-960c-29fe72110eba	NR_042778.1	94.459	740	19	16	1	724	1418	685	0.0	1120
a7d93750-fc94-46ae-960c-29fe72110eba	NR_197695.1	94.189	740	21	16	1	724	1417	684	0.0	1109
a7d93750-fc94-46ae-960c-29fe72110eba	NR_118998.1	93.784	740	23	17	1	724	1412	680	0.0	1090
b630b628-eba8-440f-b541-18ee06b0b6e5	NR_041989.1	95.283	530	16	7	1	523	788	261	0.0	832
b630b628-eba8-440f-b541-18ee06b0b6e5	NR_117694.1	94.173	532	18	10	1	523	830	303	0.0	798
b630b628-eba8-440f-b541-18ee06b0b6e5	NR_025902.1	93.785	531	22	8	1	523	808	281	0.0	787
b630b628-eba8-440f-b541-18ee06b0b6e5	NR_117692.1	93.785	531	22	8	1	523	830	303	0.0	787
b630b628-eba8-440f-b541-18ee06b0b6e5	NR_117696.1	93.774	530	24	7	1	523	817	290	0.0	787
e731f5b8-332b-4dda-8236-cf7e35c26344	NR_024842.1	90.343	963	48	35	13	951	552	1493	0.0	1221
e731f5b8-332b-4dda-8236-cf7e35c26344	NR_115735.1	90.397	958	47	35	13	946	528	1464	0.0	1218
e731f5b8-332b-4dda-8236-cf7e35c26344	NR_036936.1	90.366	955	48	35	13	943	537	1471	0.0	1214
e731f5b8-332b-4dda-8236-cf7e35c26344	NR_165737.1	90.272	956	47	36	13	943	537	1471	0.0	1208
e731f5b8-332b-4dda-8236-cf7e35c26344	NR_115241.1	90.052	955	50	35	13	943	537	1470	0.0	1201
b3e9d2f8-fc8c-4dd9-b1eb-a155d6bd79a7	NR_074980.1	94.570	442	11	11	5	438	455	19	0.0	671
b3e9d2f8-fc8c-4dd9-b1eb-a155d6bd79a7	NR_113031.1	94.570	442	11	11	5	438	455	19	0.0	671
b3e9d2f8-fc8c-4dd9-b1eb-a155d6bd79a7	NR_119168.1	94.943	435	10	10	5	431	433	3	0.0	671
b3e9d2f8-fc8c-4dd9-b1eb-a155d6bd79a7	NR_117759.1	94.713	435	11	10	5	431	431	1	0.0	665
b3e9d2f8-fc8c-4dd9-b1eb-a155d6bd79a7	NR_115355.1	94.676	432	11	10	5	428	428	1	0.0	664
fa1fcdae-5c92-4674-98cb-7b9b53274090	NR_041879.1	97.764	492	7	4	1	489	249	739	0.0	845
fa1fcdae-5c92-4674-98cb-7b9b53274090	NR_115355.1	97.764	492	7	4	1	489	292	782	0.0	845
fa1fcdae-5c92-4674-98cb-7b9b53274090	NR_179325.1	97.764	492	7	4	1	489	266	756	0.0	845
fa1fcdae-5c92-4674-98cb-7b9b53274090	NR_119169.1	97.561	492	8	4	1	489	297	787	0.0	841
fa1fcdae-5c92-4674-98cb-7b9b53274090	NR_113570.1	96.951	492	11	4	1	489	299	789	0.0	822
27190c76-dbca-4c18-a9c9-10a4117cebae	NR_026419.1	90.400	500	27	17	6	492	1401	910	0.0	638
27190c76-dbca-4c18-a9c9-10a4117cebae	NR_074613.1	87.402	381	29	14	6	375	1397	1025	5.28e-117	420
27190c76-dbca-4c18-a9c9-10a4117cebae	NR_029345.1	86.979	384	35	10	6	380	1415	1038	1.90e-116	418
27190c76-dbca-4c18-a9c9-10a4117cebae	NR_036906.1	86.979	384	35	10	6	380	1397	1020	1.90e-116	418
27190c76-dbca-4c18-a9c9-10a4117cebae	NR_041325.1	86.979	384	35	10	6	380	1387	1010	1.90e-116	418
96f4df04-5969-4934-9d61-1ff5dd6ca783	NR_103943.1	100.000	74	0	0	1	74	92	19	6.88e-33	137
96f4df04-5969-4934-9d61-1ff5dd6ca783	NR_112025.1	98.630	73	0	1	4	76	82	11	4.14e-30	128
96f4df04-5969-4934-9d61-1ff5dd6ca783	NR_042771.1	98.592	71	0	1	4	74	82	13	5.36e-29	124
96f4df04-5969-4934-9d61-1ff5dd6ca783	NR_041780.1	97.297	74	1	1	4	76	75	2	5.36e-29	124
96f4df04-5969-4934-9d61-1ff5dd6ca783	NR_041781.1	97.297	74	1	1	3	75	74	1	5.36e-29	124
6c5d0380-1286-4ee5-85a1-a0ff63d4d5e3	NR_163639.1	91.547	698	33	23	1	682	693	6	0.0	939
6c5d0380-1286-4ee5-85a1-a0ff63d4d5e3	NR_119169.1	91.582	689	35	20	1	673	682	1	0.0	933
6c5d0380-1286-4ee5-85a1-a0ff63d4d5e3	NR_074980.1	91.261	698	38	20	1	682	704	14	0.0	929
6c5d0380-1286-4ee5-85a1-a0ff63d4d5e3	NR_113031.1	91.261	698	38	20	1	682	704	14	0.0	929
6c5d0380-1286-4ee5-85a1-a0ff63d4d5e3	NR_115355.1	91.667	684	34	20	1	668	677	1	0.0	929
c3f61c6d-9eab-4f21-ba60-11026a77d6e3	NR_115355.1	90.712	646	26	26	1	623	1468	834	0.0	830
c3f61c6d-9eab-4f21-ba60-11026a77d6e3	NR_179325.1	90.712	646	26	26	1	623	1442	808	0.0	830
c3f61c6d-9eab-4f21-ba60-11026a77d6e3	NR_163639.1	90.712	646	25	27	1	623	1483	850	0.0	828
c3f61c6d-9eab-4f21-ba60-11026a77d6e3	NR_119169.1	90.248	646	29	26	1	623	1473	839	0.0	817
c3f61c6d-9eab-4f21-ba60-11026a77d6e3	NR_115354.1	90.248	646	29	26	1	623	1468	834	0.0	815
d486db7c-dc81-41bd-b178-71d26aa4ab7f	NR_113570.1	90.663	1146	61	35	1	1115	360	1490	0.0	1482
d486db7c-dc81-41bd-b178-71d26aa4ab7f	NR_074980.1	90.576	1146	61	36	1	1115	380	1509	0.0	1474
d486db7c-dc81-41bd-b178-71d26aa4ab7f	NR_113031.1	90.576	1146	61	36	1	1115	380	1509	0.0	1474
d486db7c-dc81-41bd-b178-71d26aa4ab7f	NR_043332.1	90.401	1146	63	36	1	1115	353	1482	0.0	1469
d486db7c-dc81-41bd-b178-71d26aa4ab7f	NR_044153.1	90.227	1146	65	36	1	1115	353	1482	0.0	1454
2177e226-ae05-409f-badc-4e0e12b941ec	NR_199547.1	88.810	706	40	31	33	719	76	761	0.0	830
2177e226-ae05-409f-badc-4e0e12b941ec	NR_042928.1	88.669	706	41	31	33	719	96	781	0.0	824
2177e226-ae05-409f-badc-4e0e12b941ec	NR_116206.1	88.527	706	42	31	33	719	21	706	0.0	821
2177e226-ae05-409f-badc-4e0e12b941ec	NR_109720.1	88.527	706	42	31	33	719	92	777	0.0	819
2177e226-ae05-409f-badc-4e0e12b941ec	NR_112026.1	88.385	706	42	32	33	719	79	763	0.0	815
763d0977-740f-402c-ba73-ca5cda182f7a	NR_042776.1	89.755	449	23	17	10	441	1057	1499	4.48e-157	553
763d0977-740f-402c-ba73-ca5cda182f7a	NR_042777.1	89.755	449	23	17	10	441	1056	1498	4.48e-157	553
763d0977-740f-402c-ba73-ca5cda182f7a	NR_179540.1	89.532	449	24	16	10	441	1050	1492	2.08e-155	547
763d0977-740f-402c-ba73-ca5cda182f7a	NR_197695.1	89.532	449	24	17	10	441	1056	1498	2.08e-155	547
763d0977-740f-402c-ba73-ca5cda182f7a	NR_134818.1	89.333	450	24	16	10	441	1045	1488	2.69e-154	544
c0e7fe48-67ab-404f-93f9-90f764d9af88	NR_125571.1	98.148	540	7	3	1	539	899	1436	0.0	939
c0e7fe48-67ab-404f-93f9-90f764d9af88	NR_125570.1	97.597	541	9	4	1	539	857	1395	0.0	924
c0e7fe48-67ab-404f-93f9-90f764d9af88	NR_029097.1	98.204	501	6	3	1	500	875	1373	0.0	872
c0e7fe48-67ab-404f-93f9-90f764d9af88	NR_042832.1	91.176	544	39	8	1	537	915	1456	0.0	732
c0e7fe48-67ab-404f-93f9-90f764d9af88	NR_025127.1	93.210	486	31	2	1	485	931	1415	0.0	713
01081dde-f601-44b0-a9c5-eeacd854954a	NR_024842.1	96.403	834	17	12	1	827	833	6	0.0	1365
01081dde-f601-44b0-a9c5-eeacd854954a	NR_115241.1	96.602	824	15	12	1	817	818	1	0.0	1354
01081dde-f601-44b0-a9c5-eeacd854954a	NR_178515.1	96.242	825	16	14	1	817	818	1	0.0	1338
01081dde-f601-44b0-a9c5-eeacd854954a	NR_115735.1	96.442	815	15	13	1	807	809	1	0.0	1332
01081dde-f601-44b0-a9c5-eeacd854954a	NR_165737.1	96.000	825	18	14	1	817	818	1	0.0	1327
f86fc673-0b28-4201-9fab-c6b0d2fdd4c0	NR_026419.1	94.141	256	7	3	1	255	967	1215	3.47e-106	383
f86fc673-0b28-4201-9fab-c6b0d2fdd4c0	NR_133752.1	92.578	256	11	3	1	255	904	1152	1.62e-99	361
f86fc673-0b28-4201-9fab-c6b0d2fdd4c0	NR_133753.1	92.578	256	11	3	1	255	933	1181	1.62e-99	361
f86fc673-0b28-4201-9fab-c6b0d2fdd4c0	NR_025904.1	92.578	256	11	3	1	255	978	1226	1.62e-99	361
f86fc673-0b28-4201-9fab-c6b0d2fdd4c0	NR_025903.1	92.578	256	11	3	1	255	979	1227	1.62e-99	361
37a3e71a-412f-4db1-b81a-08426d8e2d91	NR_115355.1	92.048	1094	44	32	1	1064	93	1173	0.0	1502
37a3e71a-412f-4db1-b81a-08426d8e2d91	NR_041879.1	92.055	1095	43	33	1	1064	50	1131	0.0	1500
37a3e71a-412f-4db1-b81a-08426d8e2d91	NR_179325.1	92.055	1095	43	33	1	1064	66	1147	0.0	1500
37a3e71a-412f-4db1-b81a-08426d8e2d91	NR_113570.1	91.963	1095	44	33	1	1064	99	1180	0.0	1495
37a3e71a-412f-4db1-b81a-08426d8e2d91	NR_119169.1	91.773	1094	47	32	1	1064	98	1178	0.0	1489
b9459838-b8c8-4e7b-955a-6bba0ba86551	NR_117694.1	88.102	1370	78	69	1	1314	1341	1	0.0	1548
b9459838-b8c8-4e7b-955a-6bba0ba86551	NR_041989.1	88.470	1327	72	66	1	1274	1299	1	0.0	1528
b9459838-b8c8-4e7b-955a-6bba0ba86551	NR_121687.1	87.291	1377	90	70	1	1320	1361	13	0.0	1495
b9459838-b8c8-4e7b-955a-6bba0ba86551	NR_117692.1	87.290	1369	91	67	1	1314	1341	1	0.0	1487
b9459838-b8c8-4e7b-955a-6bba0ba86551	NR_025892.1	86.846	1376	97	71	1	1320	1366	19	0.0	1485
1562da0d-f91d-4204-8fe1-7be2b3e115fe	NR_117425.1	92.476	412	20	8	1	403	479	70	6.81e-165	579
1562da0d-f91d-4204-8fe1-7be2b3e115fe	NR_115241.1	91.667	420	24	8	1	411	476	59	1.14e-162	571
1562da0d-f91d-4204-8fe1-7be2b3e115fe	NR_024842.1	91.429	420	25	8	1	411	491	74	1.47e-161	568
1562da0d-f91d-4204-8fe1-7be2b3e115fe	NR_115735.1	91.449	421	24	9	1	411	467	49	1.47e-161	568
1562da0d-f91d-4204-8fe1-7be2b3e115fe	NR_178515.1	91.211	421	24	10	1	411	476	59	2.47e-159	560
2cfdc614-115e-423f-a6a8-45e4abd69530	NR_041989.1	94.753	953	22	22	4	933	948	1	0.0	1458
2cfdc614-115e-423f-a6a8-45e4abd69530	NR_117717.1	93.280	997	38	23	4	977	1010	20	0.0	1443
2cfdc614-115e-423f-a6a8-45e4abd69530	NR_117701.1	93.266	995	39	22	4	975	990	1	0.0	1441
2cfdc614-115e-423f-a6a8-45e4abd69530	NR_121688.1	93.180	997	40	22	4	977	1010	19	0.0	1439
2cfdc614-115e-423f-a6a8-45e4abd69530	NR_117696.1	93.279	982	38	22	4	962	977	1	0.0	1423
e0f6791d-7dbc-4adf-903b-956491edcba4	NR_179325.1	94.231	1300	29	31	1	1280	183	1456	0.0	1943
e0f6791d-7dbc-4adf-903b-956491edcba4	NR_115355.1	94.077	1300	31	31	1	1280	209	1482	0.0	1932
e0f6791d-7dbc-4adf-903b-956491edcba4	NR_163639.1	93.923	1300	29	35	1	1280	228	1497	0.0	1917
e0f6791d-7dbc-4adf-903b-956491edcba4	NR_119169.1	93.769	1300	35	31	1	1280	214	1487	0.0	1916
e0f6791d-7dbc-4adf-903b-956491edcba4	NR_074980.1	93.538	1300	38	31	1	1280	236	1509	0.0	1893
2a716e74-c6cd-45f4-bcb7-f7e8e75e1d41	NR_024842.1	94.845	1261	32	26	1	1236	1260	8	0.0	1941
2a716e74-c6cd-45f4-bcb7-f7e8e75e1d41	NR_115241.1	94.812	1253	32	26	1	1228	1245	1	0.0	1927
2a716e74-c6cd-45f4-bcb7-f7e8e75e1d41	NR_115735.1	94.855	1244	30	27	1	1218	1236	1	0.0	1912
2a716e74-c6cd-45f4-bcb7-f7e8e75e1d41	NR_178515.1	94.577	1254	33	28	1	1228	1245	1	0.0	1906
2a716e74-c6cd-45f4-bcb7-f7e8e75e1d41	NR_165737.1	94.338	1254	36	28	1	1228	1245	1	0.0	1890
9ef38b89-0865-4e77-8c14-ee420e091bf7	NR_028664.1	94.278	367	9	10	1	356	381	16	1.28e-156	551
9ef38b89-0865-4e77-8c14-ee420e091bf7	NR_179383.1	94.005	367	10	10	1	356	385	20	5.94e-155	545
9ef38b89-0865-4e77-8c14-ee420e091bf7	NR_179385.1	93.989	366	10	10	2	356	381	17	2.14e-154	544
9ef38b89-0865-4e77-8c14-ee420e091bf7	NR_028665.1	93.733	367	11	10	1	356	375	10	7.68e-154	542
9ef38b89-0865-4e77-8c14-ee420e091bf7	NR_165741.1	93.733	367	11	10	1	356	367	2	2.76e-153	540
bc7c9e8f-e207-4496-9d0b-0c6eb79651ec	NR_024842.1	91.832	453	20	16	1	440	456	8	1.55e-176	617
bc7c9e8f-e207-4496-9d0b-0c6eb79651ec	NR_115241.1	92.135	445	18	16	1	432	441	1	7.23e-175	612
bc7c9e8f-e207-4496-9d0b-0c6eb79651ec	NR_115735.1	91.972	436	18	16	1	423	432	1	7.28e-170	595
bc7c9e8f-e207-4496-9d0b-0c6eb79651ec	NR_165737.1	90.583	446	23	18	1	432	441	1	3.41e-163	573
bc7c9e8f-e207-4496-9d0b-0c6eb79651ec	NR_178515.1	90.583	446	23	18	1	432	441	1	3.41e-163	573
5107d171-5d5f-473b-a88f-75d56a89bfe7	NR_113570.1	97.330	1311	23	10	1	1307	189	1491	0.0	2217
5107d171-5d5f-473b-a88f-75d56a89bfe7	NR_043332.1	97.099	1310	27	9	1	1307	182	1483	0.0	2204
5107d171-5d5f-473b-a88f-75d56a89bfe7	NR_074980.1	97.176	1310	26	9	1	1307	209	1510	0.0	2204
5107d171-5d5f-473b-a88f-75d56a89bfe7	NR_113031.1	97.176	1310	26	9	1	1307	209	1510	0.0	2204
5107d171-5d5f-473b-a88f-75d56a89bfe7	NR_115355.1	96.794	1310	31	9	1	1307	182	1483	0.0	2176
ee7b6cf7-c887-4a19-b984-f9b573b1b37e	NR_042927.1	88.856	1355	63	69	1	1307	157	1471	0.0	1585
ee7b6cf7-c887-4a19-b984-f9b573b1b37e	NR_115734.1	88.856	1355	63	69	1	1307	158	1472	0.0	1585
ee7b6cf7-c887-4a19-b984-f9b573b1b37e	NR_179383.1	88.807	1358	64	69	1	1310	182	1499	0.0	1585
ee7b6cf7-c887-4a19-b984-f9b573b1b37e	NR_028664.1	88.733	1358	65	69	1	1310	178	1495	0.0	1580
ee7b6cf7-c887-4a19-b984-f9b573b1b37e	NR_115240.1	88.708	1355	65	69	1	1307	155	1469	0.0	1574
1a85b6cd-429a-4b29-a819-0333e714fdee	NR_042776.1	97.095	241	3	2	12	248	1257	1497	2.63e-112	403
1a85b6cd-429a-4b29-a819-0333e714fdee	NR_042777.1	97.095	241	3	2	12	248	1256	1496	2.63e-112	403
1a85b6cd-429a-4b29-a819-0333e714fdee	NR_024842.1	96.266	241	5	2	12	248	1247	1487	5.69e-109	392
1a85b6cd-429a-4b29-a819-0333e714fdee	NR_042052.1	96.266	241	5	2	12	248	1155	1395	5.69e-109	392
1a85b6cd-429a-4b29-a819-0333e714fdee	NR_042778.1	96.266	241	5	2	12	248	1257	1497	5.69e-109	392
9f49f278-9d5e-40d4-a72e-fd8291d9f40c	NR_028664.1	93.398	621	15	20	1	602	629	16	0.0	896
9f49f278-9d5e-40d4-a72e-fd8291d9f40c	NR_115560.1	93.087	622	19	18	1	604	626	11	0.0	889
9f49f278-9d5e-40d4-a72e-fd8291d9f40c	NR_115240.1	93.312	613	15	20	1	594	606	1	0.0	881
9f49f278-9d5e-40d4-a72e-fd8291d9f40c	NR_165744.1	92.926	622	18	20	1	603	615	1	0.0	881
9f49f278-9d5e-40d4-a72e-fd8291d9f40c	NR_179383.1	92.915	621	18	20	1	602	633	20	0.0	880
fc765487-ee7c-4cbf-b4d1-0917a8922da1	NR_042928.1	90.465	430	14	19	1	413	433	14	9.30e-154	542
fc765487-ee7c-4cbf-b4d1-0917a8922da1	NR_112026.1	90.588	425	13	19	1	408	416	2	1.20e-152	538
fc765487-ee7c-4cbf-b4d1-0917a8922da1	NR_199547.1	90.692	419	14	18	1	402	413	3	1.56e-151	534
fc765487-ee7c-4cbf-b4d1-0917a8922da1	NR_109720.1	89.535	430	20	18	1	413	429	8	1.21e-147	521
fc765487-ee7c-4cbf-b4d1-0917a8922da1	NR_114537.1	89.327	431	19	20	1	413	422	1	5.64e-146	516
38d21527-b231-44cd-bff3-51e77ca30a8c	NR_117694.1	94.585	1108	37	21	4	1096	368	1467	0.0	1692
38d21527-b231-44cd-bff3-51e77ca30a8c	NR_117696.1	94.575	1106	41	17	4	1096	355	1454	0.0	1692
38d21527-b231-44cd-bff3-51e77ca30a8c	NR_117717.1	94.485	1106	41	18	4	1096	389	1487	0.0	1687
38d21527-b231-44cd-bff3-51e77ca30a8c	NR_117692.1	94.394	1106	43	17	4	1096	368	1467	0.0	1681
38d21527-b231-44cd-bff3-51e77ca30a8c	NR_117701.1	94.394	1106	43	17	4	1096	368	1467	0.0	1681
1cda8a84-57bf-4859-88aa-d6d7b20742e9	NR_042776.1	90.139	933	54	26	1	915	1388	476	0.0	1179
1cda8a84-57bf-4859-88aa-d6d7b20742e9	NR_042778.1	90.139	933	54	26	1	915	1388	476	0.0	1179
1cda8a84-57bf-4859-88aa-d6d7b20742e9	NR_042777.1	90.032	933	54	27	1	915	1387	476	0.0	1171
1cda8a84-57bf-4859-88aa-d6d7b20742e9	NR_197695.1	89.925	933	56	26	1	915	1387	475	0.0	1168
1cda8a84-57bf-4859-88aa-d6d7b20742e9	NR_126177.1	88.973	925	64	26	1	907	1365	461	0.0	1109
9aef15e8-d33d-40a1-a541-8d25cdb6fcdb	NR_042928.1	93.197	1029	39	25	1	1008	1019	1	0.0	1483
9aef15e8-d33d-40a1-a541-8d25cdb6fcdb	NR_165747.1	93.731	1005	38	25	19	1008	995	1	0.0	1483
9aef15e8-d33d-40a1-a541-8d25cdb6fcdb	NR_199545.1	92.857	1036	42	26	1	1014	1039	14	0.0	1474
9aef15e8-d33d-40a1-a541-8d25cdb6fcdb	NR_028664.1	92.761	1036	43	27	1	1014	1042	17	0.0	1469
9aef15e8-d33d-40a1-a541-8d25cdb6fcdb	NR_117719.1	92.761	1036	43	27	1	1014	1039	14	0.0	1469
b9da6be7-1c2b-40f6-8ce6-fe60c439557f	NR_024842.1	92.946	723	26	18	1	712	596	1304	0.0	1029
b9da6be7-1c2b-40f6-8ce6-fe60c439557f	NR_109720.1	92.946	723	26	18	1	712	575	1283	0.0	1029
b9da6be7-1c2b-40f6-8ce6-fe60c439557f	NR_115735.1	92.946	723	26	18	1	712	572	1280	0.0	1029
b9da6be7-1c2b-40f6-8ce6-fe60c439557f	NR_116211.1	92.946	723	26	18	1	712	504	1212	0.0	1029
b9da6be7-1c2b-40f6-8ce6-fe60c439557f	NR_178515.1	92.808	723	27	19	1	712	581	1289	0.0	1024
05afdbe0-5080-4f6b-8ccb-a1acc6ed3a54	NR_042776.1	96.093	1382	35	19	1	1372	1391	19	0.0	2235
05afdbe0-5080-4f6b-8ccb-a1acc6ed3a54	NR_042778.1	96.020	1382	36	19	1	1372	1391	19	0.0	2230
05afdbe0-5080-4f6b-8ccb-a1acc6ed3a54	NR_042777.1	95.876	1382	37	20	1	1372	1390	19	0.0	2218
05afdbe0-5080-4f6b-8ccb-a1acc6ed3a54	NR_118998.1	95.586	1382	41	19	1	1372	1385	14	0.0	2198
05afdbe0-5080-4f6b-8ccb-a1acc6ed3a54	NR_197695.1	95.514	1382	43	19	1	1372	1390	18	0.0	2191
97578a06-59f4-44ab-bd6a-b50a9cb04cdf	NR_026419.1	96.453	1297	20	22	2	1286	1288	6	0.0	2117
97578a06-59f4-44ab-bd6a-b50a9cb04cdf	NR_025903.1	94.885	1310	40	23	2	1299	1300	6	0.0	2023
97578a06-59f4-44ab-bd6a-b50a9cb04cdf	NR_133753.1	95.920	1250	34	16	2	1243	1254	14	0.0	2010
97578a06-59f4-44ab-bd6a-b50a9cb04cdf	NR_025904.1	94.284	1312	44	26	2	1299	1299	5	0.0	1978
97578a06-59f4-44ab-bd6a-b50a9cb04cdf	NR_133752.1	95.705	1234	37	15	2	1228	1225	1	0.0	1971
604289a5-3dfc-4288-b5b6-809dd7235cbc	NR_041879.1	96.303	541	8	5	1	534	804	269	0.0	878
604289a5-3dfc-4288-b5b6-809dd7235cbc	NR_115355.1	96.303	541	8	5	1	534	847	312	0.0	878
604289a5-3dfc-4288-b5b6-809dd7235cbc	NR_179325.1	96.303	541	8	5	1	534	821	286	0.0	878
604289a5-3dfc-4288-b5b6-809dd7235cbc	NR_119169.1	96.118	541	9	5	1	534	852	317	0.0	874
604289a5-3dfc-4288-b5b6-809dd7235cbc	NR_113570.1	95.564	541	12	5	1	534	854	319	0.0	856
dece8c77-ed1e-4309-bdf1-bd4e5b8fef9f	NR_117694.1	92.288	791	36	23	1	770	787	1	0.0	1099
dece8c77-ed1e-4309-bdf1-bd4e5b8fef9f	NR_041989.1	93.717	748	22	22	1	727	745	2	0.0	1098
dece8c77-ed1e-4309-bdf1-bd4e5b8fef9f	NR_117717.1	91.310	794	44	23	1	773	808	19	0.0	1061
dece8c77-ed1e-4309-bdf1-bd4e5b8fef9f	NR_121688.1	91.184	794	45	23	1	773	807	18	0.0	1055
dece8c77-ed1e-4309-bdf1-bd4e5b8fef9f	NR_117701.1	91.277	791	44	23	1	770	787	1	0.0	1055
968899eb-a840-40a0-9975-485ae9be3d7d	NR_179540.1	95.427	503	11	9	1	498	997	1492	0.0	791
968899eb-a840-40a0-9975-485ae9be3d7d	NR_028664.1	95.030	503	14	8	1	498	1000	1496	0.0	780
968899eb-a840-40a0-9975-485ae9be3d7d	NR_117719.1	95.030	503	14	8	1	498	997	1493	0.0	780
968899eb-a840-40a0-9975-485ae9be3d7d	NR_179383.1	95.030	503	14	8	1	498	1004	1500	0.0	780
968899eb-a840-40a0-9975-485ae9be3d7d	NR_042927.1	95.190	499	13	8	1	494	979	1471	0.0	778
3f63a0d1-79c0-4ff2-8acf-cea63ac09736	NR_026419.1	93.307	1285	46	29	1	1258	216	1487	0.0	1860
3f63a0d1-79c0-4ff2-8acf-cea63ac09736	NR_025903.1	92.840	1285	51	30	1	1258	228	1498	0.0	1825
3f63a0d1-79c0-4ff2-8acf-cea63ac09736	NR_133753.1	93.084	1258	49	27	1	1233	182	1426	0.0	1807
3f63a0d1-79c0-4ff2-8acf-cea63ac09736	NR_025904.1	92.475	1289	48	34	1	1258	227	1497	0.0	1797
3f63a0d1-79c0-4ff2-8acf-cea63ac09736	NR_133752.1	92.925	1258	51	27	1	1233	153	1397	0.0	1796
c505044e-599a-467e-b318-70aec9ae2b6c	NR_042776.1	92.098	1139	60	28	1	1117	372	1502	0.0	1578
c505044e-599a-467e-b318-70aec9ae2b6c	NR_042777.1	92.011	1139	60	29	1	1117	372	1501	0.0	1570
c505044e-599a-467e-b318-70aec9ae2b6c	NR_042778.1	91.835	1139	63	28	1	1117	372	1502	0.0	1561
c505044e-599a-467e-b318-70aec9ae2b6c	NR_197695.1	91.747	1139	64	28	1	1117	371	1501	0.0	1555
c505044e-599a-467e-b318-70aec9ae2b6c	NR_118998.1	91.308	1139	68	29	1	1117	367	1496	0.0	1526
54a59f46-fe1c-4835-950f-a63aeda54c95	NR_179385.1	94.640	653	20	12	1	640	849	1499	0.0	998
54a59f46-fe1c-4835-950f-a63aeda54c95	NR_199545.1	94.640	653	20	12	1	640	845	1495	0.0	998
54a59f46-fe1c-4835-950f-a63aeda54c95	NR_028665.1	94.487	653	21	12	1	640	842	1492	0.0	992
54a59f46-fe1c-4835-950f-a63aeda54c95	NR_028664.1	94.343	654	21	13	1	640	848	1499	0.0	989
54a59f46-fe1c-4835-950f-a63aeda54c95	NR_179383.1	94.343	654	21	13	1	640	852	1503	0.0	989
12a6ee82-bf81-4bba-b6eb-6faa3fb05126	NR_074980.1	88.962	906	38	44	60	918	899	9	0.0	1062
12a6ee82-bf81-4bba-b6eb-6faa3fb05126	NR_113031.1	88.962	906	38	44	60	918	899	9	0.0	1062
12a6ee82-bf81-4bba-b6eb-6faa3fb05126	NR_119168.1	89.013	892	37	43	60	905	877	1	0.0	1048
12a6ee82-bf81-4bba-b6eb-6faa3fb05126	NR_113570.1	88.802	893	40	46	60	906	879	1	0.0	1040
12a6ee82-bf81-4bba-b6eb-6faa3fb05126	NR_117759.1	88.764	890	39	43	60	903	875	1	0.0	1035
ab6c2811-8e68-4137-96e2-246803e58709	NR_042976.1	89.244	595	41	18	102	684	892	1475	0.0	723
ab6c2811-8e68-4137-96e2-246803e58709	NR_114099.1	89.226	594	41	19	102	683	880	1462	0.0	721
ab6c2811-8e68-4137-96e2-246803e58709	NR_040932.1	89.207	593	41	19	102	682	905	1486	0.0	719
ab6c2811-8e68-4137-96e2-246803e58709	NR_028844.1	88.908	595	43	18	102	684	893	1476	0.0	712
ab6c2811-8e68-4137-96e2-246803e58709	NR_044658.2	89.428	577	39	18	102	665	905	1472	0.0	712
cde14cbf-6b53-426a-9073-96e1171ac120	NR_041989.1	95.884	413	7	8	1	404	427	16	0.0	660
cde14cbf-6b53-426a-9073-96e1171ac120	NR_041989.1	96.774	93	2	1	399	491	279	370	5.93e-37	154
cde14cbf-6b53-426a-9073-96e1171ac120	NR_117694.1	93.976	415	11	11	1	404	469	58	6.29e-176	616
cde14cbf-6b53-426a-9073-96e1171ac120	NR_117694.1	96.774	93	2	1	399	491	321	412	5.93e-37	154
cde14cbf-6b53-426a-9073-96e1171ac120	NR_117717.1	92.736	413	20	8	1	404	490	79	1.37e-167	588
cde14cbf-6b53-426a-9073-96e1171ac120	NR_117717.1	96.774	93	2	1	399	491	342	433	5.93e-37	154
cde14cbf-6b53-426a-9073-96e1171ac120	NR_121688.1	92.736	413	20	8	1	404	489	78	1.37e-167	588
cde14cbf-6b53-426a-9073-96e1171ac120	NR_121688.1	96.774	93	2	1	399	491	341	432	5.93e-37	154
cde14cbf-6b53-426a-9073-96e1171ac120	NR_117696.1	92.736	413	20	8	1	404	456	45	1.37e-167	588
cde14cbf-6b53-426a-9073-96e1171ac120	NR_117696.1	96.774	93	2	1	399	491	308	399	5.93e-37	154
fa842c40-8986-4adc-8622-b3f7437142b7	NR_042776.1	96.490	1111	13	23	4	1102	1114	18	0.0	1812
fa842c40-8986-4adc-8622-b3f7437142b7	NR_042778.1	96.310	1111	15	23	4	1102	1114	18	0.0	1801
fa842c40-8986-4adc-8622-b3f7437142b7	NR_042777.1	96.220	1111	15	24	4	1102	1113	18	0.0	1794
fa842c40-8986-4adc-8622-b3f7437142b7	NR_197695.1	95.860	1111	20	23	4	1102	1113	17	0.0	1773
fa842c40-8986-4adc-8622-b3f7437142b7	NR_118998.1	95.578	1108	28	18	4	1102	1108	13	0.0	1757
fccae488-452d-4aa2-ae2b-b1c8aa256774	NR_112026.1	95.082	244	5	6	1	240	1205	965	1.54e-104	377
fccae488-452d-4aa2-ae2b-b1c8aa256774	NR_179540.1	95.082	244	5	6	1	240	1243	1003	1.54e-104	377
fccae488-452d-4aa2-ae2b-b1c8aa256774	NR_024841.1	94.672	244	6	6	1	240	1239	999	7.15e-103	372
fccae488-452d-4aa2-ae2b-b1c8aa256774	NR_028665.1	94.672	244	6	6	1	240	1240	1000	7.15e-103	372
fccae488-452d-4aa2-ae2b-b1c8aa256774	NR_042927.1	94.672	244	6	6	1	240	1225	985	7.15e-103	372
3596319d-9204-48c5-b226-c6e454fdf1c0	NR_041989.1	93.995	866	25	25	1	848	1065	209	0.0	1286
3596319d-9204-48c5-b226-c6e454fdf1c0	NR_117694.1	93.195	867	30	28	1	848	1107	251	0.0	1247
3596319d-9204-48c5-b226-c6e454fdf1c0	NR_121687.1	93.072	866	33	26	1	848	1127	271	0.0	1242
3596319d-9204-48c5-b226-c6e454fdf1c0	NR_104947.1	92.956	866	34	26	1	848	1080	224	0.0	1236
3596319d-9204-48c5-b226-c6e454fdf1c0	NR_117696.1	92.956	866	34	26	1	848	1094	238	0.0	1236
ac0581b1-a089-4cd6-9eff-54e0c3c6ffe3	NR_074980.1	90.201	1245	64	49	1	1209	1235	13	0.0	1570
ac0581b1-a089-4cd6-9eff-54e0c3c6ffe3	NR_113031.1	90.201	1245	64	49	1	1209	1235	13	0.0	1570
ac0581b1-a089-4cd6-9eff-54e0c3c6ffe3	NR_044091.1	92.117	1129	45	39	1	1103	1123	13	0.0	1552
ac0581b1-a089-4cd6-9eff-54e0c3c6ffe3	NR_113570.1	90.057	1237	65	49	1	1201	1215	1	0.0	1550
ac0581b1-a089-4cd6-9eff-54e0c3c6ffe3	NR_117759.1	90.105	1233	65	48	1	1198	1211	1	0.0	1550
048bca2d-9708-4ba4-8b31-8e4cb6ab5e0b	NR_026419.1	92.461	451	18	14	1	442	1036	1479	2.02e-180	630
048bca2d-9708-4ba4-8b31-8e4cb6ab5e0b	NR_025904.1	90.466	451	26	16	1	442	1047	1489	7.42e-165	579
048bca2d-9708-4ba4-8b31-8e4cb6ab5e0b	NR_025903.1	90.466	451	26	15	1	442	1048	1490	7.42e-165	579
048bca2d-9708-4ba4-8b31-8e4cb6ab5e0b	NR_133752.1	90.972	432	25	13	1	425	973	1397	4.47e-162	569
048bca2d-9708-4ba4-8b31-8e4cb6ab5e0b	NR_133753.1	90.972	432	25	13	1	425	1002	1426	4.47e-162	569
e427490b-8a13-4b1d-9e60-92112769dad2	NR_179540.1	98.636	733	6	4	1	732	766	1495	0.0	1295
e427490b-8a13-4b1d-9e60-92112769dad2	NR_117719.1	98.499	733	8	3	1	732	766	1496	0.0	1290
e427490b-8a13-4b1d-9e60-92112769dad2	NR_028664.1	98.363	733	9	3	1	732	769	1499	0.0	1284
e427490b-8a13-4b1d-9e60-92112769dad2	NR_179383.1	98.363	733	9	3	1	732	773	1503	0.0	1284
e427490b-8a13-4b1d-9e60-92112769dad2	NR_175455.1	98.229	734	9	4	1	732	754	1485	0.0	1280
a8805a87-14b5-420b-85de-ec0b6af2a208	NR_036936.1	93.750	736	23	18	1	725	724	1	0.0	1085
a8805a87-14b5-420b-85de-ec0b6af2a208	NR_109720.1	93.836	730	22	18	1	719	718	1	0.0	1077
a8805a87-14b5-420b-85de-ec0b6af2a208	NR_042771.1	93.298	746	23	22	1	734	742	12	0.0	1075
a8805a87-14b5-420b-85de-ec0b6af2a208	NR_115274.1	93.216	737	23	22	1	725	722	1	0.0	1059
a8805a87-14b5-420b-85de-ec0b6af2a208	NR_024842.1	91.421	746	39	20	1	734	739	7	0.0	1003
52d6f536-2bd5-4fe2-8994-d82d9a0a4990	NR_199547.1	96.181	288	5	4	1	284	71	356	3.71e-131	466
52d6f536-2bd5-4fe2-8994-d82d9a0a4990	NR_042928.1	95.833	288	6	4	1	284	91	376	1.73e-129	460
52d6f536-2bd5-4fe2-8994-d82d9a0a4990	NR_112026.1	95.833	288	6	4	1	284	74	359	1.73e-129	460
52d6f536-2bd5-4fe2-8994-d82d9a0a4990	NR_116206.1	95.486	288	7	4	1	284	16	301	2.24e-128	457
52d6f536-2bd5-4fe2-8994-d82d9a0a4990	NR_109720.1	94.792	288	9	4	1	284	87	372	1.74e-124	444
7a9ddf50-da91-4b7f-8ee3-5b7740f1d8ea	NR_119168.1	93.760	609	22	15	11	608	607	4	0.0	900
7a9ddf50-da91-4b7f-8ee3-5b7740f1d8ea	NR_074980.1	93.596	609	23	15	11	608	629	26	0.0	894
7a9ddf50-da91-4b7f-8ee3-5b7740f1d8ea	NR_113031.1	93.596	609	23	15	11	608	629	26	0.0	894
7a9ddf50-da91-4b7f-8ee3-5b7740f1d8ea	NR_117759.1	93.432	609	24	15	11	608	605	2	0.0	891
7a9ddf50-da91-4b7f-8ee3-5b7740f1d8ea	NR_115355.1	93.410	607	24	15	11	606	602	1	0.0	889
eb252d12-6c2a-4223-b831-f897901052ec	NR_025903.1	93.598	1437	53	30	1	1405	1440	11	0.0	2108
eb252d12-6c2a-4223-b831-f897901052ec	NR_133753.1	93.291	1401	55	30	1	1369	1394	1	0.0	2030
eb252d12-6c2a-4223-b831-f897901052ec	NR_025904.1	92.420	1438	68	32	1	1405	1439	10	0.0	2013
eb252d12-6c2a-4223-b831-f897901052ec	NR_133752.1	93.713	1352	54	28	1	1328	1365	21	0.0	1997
eb252d12-6c2a-4223-b831-f897901052ec	NR_026419.1	92.125	1435	73	31	1	1402	1428	1	0.0	1988
