f0b0941f-7f97-4b27-91f0-089ef4e891db	NR_113570.1	96.286	350	7	4	30	373	1140	791	3.75e-162	569
f0b0941f-7f97-4b27-91f0-089ef4e891db	NR_025762.1	96.000	350	8	4	30	373	1111	762	1.74e-160	564
f0b0941f-7f97-4b27-91f0-089ef4e891db	NR_115355.1	96.000	350	8	4	30	373	1133	784	1.74e-160	564
f0b0941f-7f97-4b27-91f0-089ef4e891db	NR_179325.1	96.000	350	8	4	30	373	1107	758	1.74e-160	564
f0b0941f-7f97-4b27-91f0-089ef4e891db	NR_115354.1	95.714	350	9	4	30	373	1133	784	2.26e-159	560
4cb8e855-5533-467f-b6d0-5f0b993e60a6	NR_042776.1	96.694	363	9	2	1	360	1139	777	1.26e-171	601
4cb8e855-5533-467f-b6d0-5f0b993e60a6	NR_042777.1	96.694	363	9	2	1	360	1138	776	1.26e-171	601
4cb8e855-5533-467f-b6d0-5f0b993e60a6	NR_042778.1	96.694	363	9	2	1	360	1139	777	1.26e-171	601
4cb8e855-5533-467f-b6d0-5f0b993e60a6	NR_197695.1	96.143	363	11	2	1	360	1138	776	2.73e-168	590
4cb8e855-5533-467f-b6d0-5f0b993e60a6	NR_118998.1	95.317	363	13	3	1	360	1133	772	2.75e-163	573
343ef26d-5f5c-4420-b952-0641e2970c00	NR_042928.1	95.197	229	4	7	1	224	235	9	6.65e-98	355
343ef26d-5f5c-4420-b952-0641e2970c00	NR_109720.1	94.760	229	7	4	1	224	231	3	8.60e-97	351
343ef26d-5f5c-4420-b952-0641e2970c00	NR_199547.1	95.794	214	3	5	1	209	215	3	1.86e-93	340
343ef26d-5f5c-4420-b952-0641e2970c00	NR_112026.1	95.000	220	4	7	1	215	218	1	6.70e-93	339
343ef26d-5f5c-4420-b952-0641e2970c00	NR_036936.1	93.013	229	11	4	1	224	237	9	1.12e-90	331
687bf422-3de8-4e1f-9911-84a3b8e70627	NR_044091.1	92.348	379	9	12	7	365	1185	807	1.03e-147	521
687bf422-3de8-4e1f-9911-84a3b8e70627	NR_113570.1	91.293	379	12	13	7	365	1277	900	1.73e-140	497
687bf422-3de8-4e1f-9911-84a3b8e70627	NR_163639.1	91.005	378	14	12	7	365	1285	909	8.06e-139	492
687bf422-3de8-4e1f-9911-84a3b8e70627	NR_043332.1	90.765	379	14	13	7	365	1270	893	2.90e-138	490
687bf422-3de8-4e1f-9911-84a3b8e70627	NR_041879.1	90.765	379	15	12	7	365	1228	850	1.04e-137	488
cfbcfcc2-6fea-4dfe-add1-4be0bc62723b	NR_024842.1	91.696	566	12	15	16	550	1468	907	0.0	752
cfbcfcc2-6fea-4dfe-add1-4be0bc62723b	NR_115735.1	91.696	566	12	15	16	550	1444	883	0.0	752
cfbcfcc2-6fea-4dfe-add1-4be0bc62723b	NR_028664.1	91.519	566	14	14	16	550	1475	913	0.0	749
cfbcfcc2-6fea-4dfe-add1-4be0bc62723b	NR_109720.1	91.519	566	14	14	16	550	1448	886	0.0	749
cfbcfcc2-6fea-4dfe-add1-4be0bc62723b	NR_115240.1	91.519	566	14	14	16	550	1452	890	0.0	749
f5464306-ff03-452e-aea1-6f137846d771	NR_024842.1	98.870	354	3	1	10	362	1136	1489	1.64e-180	630
f5464306-ff03-452e-aea1-6f137846d771	NR_115735.1	98.867	353	3	1	10	361	1112	1464	5.89e-180	628
f5464306-ff03-452e-aea1-6f137846d771	NR_179720.1	98.592	355	3	2	10	362	1141	1495	2.12e-179	627
f5464306-ff03-452e-aea1-6f137846d771	NR_028666.1	98.310	355	4	2	10	362	1145	1499	9.85e-178	621
f5464306-ff03-452e-aea1-6f137846d771	NR_028833.1	98.310	355	4	2	10	362	1148	1502	9.85e-178	621
ed9b8ddd-fee6-4f3d-9290-45b1f41400fe	NR_043332.1	95.000	260	5	7	68	319	1493	1234	1.23e-111	401
ed9b8ddd-fee6-4f3d-9290-45b1f41400fe	NR_074980.1	95.000	260	5	7	68	319	1520	1261	1.23e-111	401
ed9b8ddd-fee6-4f3d-9290-45b1f41400fe	NR_113031.1	95.000	260	5	7	68	319	1520	1261	1.23e-111	401
ed9b8ddd-fee6-4f3d-9290-45b1f41400fe	NR_119168.1	94.615	260	6	7	68	319	1498	1239	1.59e-110	398
ed9b8ddd-fee6-4f3d-9290-45b1f41400fe	NR_113570.1	94.636	261	5	8	68	319	1501	1241	5.70e-110	396
024ffef1-f176-4a2a-b5dd-68438f01886f	NR_042776.1	88.545	646	31	26	1	618	653	23	0.0	743
024ffef1-f176-4a2a-b5dd-68438f01886f	NR_042778.1	88.235	646	33	26	1	618	653	23	0.0	732
024ffef1-f176-4a2a-b5dd-68438f01886f	NR_042777.1	88.080	646	33	27	1	618	652	23	0.0	726
024ffef1-f176-4a2a-b5dd-68438f01886f	NR_197695.1	87.771	646	36	26	1	618	652	22	0.0	715
024ffef1-f176-4a2a-b5dd-68438f01886f	NR_118998.1	87.461	646	38	26	1	618	648	18	0.0	706
52f2907c-edc0-4594-9200-d6586f20fa3a	NR_163639.1	96.868	479	9	6	6	480	1021	1497	0.0	797
52f2907c-edc0-4594-9200-d6586f20fa3a	NR_179325.1	96.868	479	9	6	6	480	980	1456	0.0	797
52f2907c-edc0-4594-9200-d6586f20fa3a	NR_115355.1	96.660	479	10	6	6	480	1006	1482	0.0	791
52f2907c-edc0-4594-9200-d6586f20fa3a	NR_115354.1	96.451	479	11	6	6	480	1006	1482	0.0	785
52f2907c-edc0-4594-9200-d6586f20fa3a	NR_119169.1	96.033	479	13	6	6	480	1011	1487	0.0	778
bb45aa7b-d931-4cc0-81f5-89c3383a2978	NR_024842.1	96.674	1443	33	13	3	1437	1443	8	0.0	2388
bb45aa7b-d931-4cc0-81f5-89c3383a2978	NR_115241.1	96.655	1435	33	13	3	1429	1428	1	0.0	2374
bb45aa7b-d931-4cc0-81f5-89c3383a2978	NR_115735.1	96.704	1426	31	14	3	1419	1419	1	0.0	2359
bb45aa7b-d931-4cc0-81f5-89c3383a2978	NR_165737.1	96.518	1436	33	15	3	1429	1428	1	0.0	2359
bb45aa7b-d931-4cc0-81f5-89c3383a2978	NR_178515.1	96.688	1419	30	15	20	1429	1411	1	0.0	2344
9724bb24-d727-41c5-9482-30a3a7de9558	NR_116168.1	96.595	1263	26	16	1	1253	1269	14	0.0	2078
9724bb24-d727-41c5-9482-30a3a7de9558	NR_042878.1	96.335	1255	29	16	1	1245	1248	1	0.0	2058
9724bb24-d727-41c5-9482-30a3a7de9558	NR_118762.1	94.620	1264	50	17	1	1254	1271	16	0.0	1982
9724bb24-d727-41c5-9482-30a3a7de9558	NR_118143.1	94.829	1257	46	18	1	1245	1250	1	0.0	1945
9724bb24-d727-41c5-9482-30a3a7de9558	NR_115546.2	92.829	1255	65	23	15	1254	1264	20	0.0	1796
91d4df44-f7a5-4c8f-8c30-ed474d7d8fec	NR_025863.1	91.011	1424	67	51	1	1387	1410	11	0.0	1875
91d4df44-f7a5-4c8f-8c30-ed474d7d8fec	NR_025862.1	85.385	1430	131	71	1	1387	1405	11	0.0	1423
91d4df44-f7a5-4c8f-8c30-ed474d7d8fec	NR_028682.1	85.514	1429	128	72	1	1385	1406	13	0.0	1419
91d4df44-f7a5-4c8f-8c30-ed474d7d8fec	NR_026454.1	85.259	1411	134	61	1	1366	1382	1	0.0	1386
91d4df44-f7a5-4c8f-8c30-ed474d7d8fec	NR_179378.1	84.664	1428	143	64	1	1385	1406	12	0.0	1354
73ba98f9-0e68-41e7-8d2a-7eecd6b10056	NR_026419.1	97.512	402	3	4	1	397	1372	973	0.0	680
73ba98f9-0e68-41e7-8d2a-7eecd6b10056	NR_133752.1	95.771	402	10	5	1	397	1309	910	0.0	641
73ba98f9-0e68-41e7-8d2a-7eecd6b10056	NR_133753.1	95.771	402	10	5	1	397	1338	939	0.0	641
73ba98f9-0e68-41e7-8d2a-7eecd6b10056	NR_025903.1	95.771	402	10	5	1	397	1384	985	0.0	641
73ba98f9-0e68-41e7-8d2a-7eecd6b10056	NR_025904.1	95.522	402	11	5	1	397	1383	984	0.0	636
060d5756-f5bb-4d84-aa9a-15cb9a439fec	NR_028682.1	92.857	644	27	15	14	643	845	1483	0.0	917
060d5756-f5bb-4d84-aa9a-15cb9a439fec	NR_116890.1	91.925	644	32	16	14	643	833	1470	0.0	883
060d5756-f5bb-4d84-aa9a-15cb9a439fec	NR_025396.1	91.311	656	36	16	14	655	816	1464	0.0	876
060d5756-f5bb-4d84-aa9a-15cb9a439fec	NR_040926.1	91.020	657	38	18	14	655	823	1473	0.0	867
060d5756-f5bb-4d84-aa9a-15cb9a439fec	NR_113798.1	90.854	656	41	17	14	655	829	1479	0.0	861
ac208392-e374-4582-88e2-1f541768163f	NR_074980.1	93.614	783	30	17	1	771	785	11	0.0	1151
ac208392-e374-4582-88e2-1f541768163f	NR_113031.1	93.614	783	30	17	1	771	785	11	0.0	1151
ac208392-e374-4582-88e2-1f541768163f	NR_163639.1	93.606	782	26	21	1	769	775	5	0.0	1146
ac208392-e374-4582-88e2-1f541768163f	NR_119169.1	93.774	771	28	17	1	759	763	1	0.0	1144
ac208392-e374-4582-88e2-1f541768163f	NR_115355.1	93.734	766	28	17	1	754	758	1	0.0	1134
c00279fd-a1e4-4cbd-830a-1500774c008c	NR_026419.1	98.945	1043	9	2	1	1041	446	1488	0.0	1864
c00279fd-a1e4-4cbd-830a-1500774c008c	NR_025903.1	97.987	1043	18	3	1	1041	458	1499	0.0	1807
c00279fd-a1e4-4cbd-830a-1500774c008c	NR_025904.1	97.977	1038	16	5	8	1041	462	1498	0.0	1796
c00279fd-a1e4-4cbd-830a-1500774c008c	NR_133753.1	98.128	1015	17	2	1	1013	412	1426	0.0	1768
c00279fd-a1e4-4cbd-830a-1500774c008c	NR_133752.1	98.030	1015	18	2	1	1013	383	1397	0.0	1762
90b11be4-db7c-4452-b3a0-4edb04570f17	NR_042776.1	93.584	1434	54	28	1	1413	84	1500	0.0	2104
90b11be4-db7c-4452-b3a0-4edb04570f17	NR_042777.1	93.375	1434	56	29	1	1413	84	1499	0.0	2085
90b11be4-db7c-4452-b3a0-4edb04570f17	NR_042778.1	93.305	1434	58	28	1	1413	84	1500	0.0	2082
90b11be4-db7c-4452-b3a0-4edb04570f17	NR_179540.1	93.096	1434	58	32	3	1413	78	1493	0.0	2061
90b11be4-db7c-4452-b3a0-4edb04570f17	NR_179385.1	93.026	1434	61	30	1	1413	82	1497	0.0	2058
17a2dd3d-8c88-47c3-94cc-cad14ed3ab69	NR_042776.1	91.693	963	41	30	7	936	974	18	0.0	1299
17a2dd3d-8c88-47c3-94cc-cad14ed3ab69	NR_042778.1	91.485	963	43	30	7	936	974	18	0.0	1288
17a2dd3d-8c88-47c3-94cc-cad14ed3ab69	NR_042777.1	91.381	963	43	31	7	936	973	18	0.0	1282
17a2dd3d-8c88-47c3-94cc-cad14ed3ab69	NR_197695.1	91.173	963	46	30	7	936	973	17	0.0	1271
17a2dd3d-8c88-47c3-94cc-cad14ed3ab69	NR_118998.1	90.862	963	48	29	7	936	968	13	0.0	1256
779b739a-426e-4fb5-bcee-8c5633b8204a	NR_025862.1	91.641	646	30	21	3	633	647	11	0.0	878
779b739a-426e-4fb5-bcee-8c5633b8204a	NR_028682.1	90.062	644	39	22	4	631	647	13	0.0	811
779b739a-426e-4fb5-bcee-8c5633b8204a	NR_026454.1	87.500	632	50	26	3	613	624	1	0.0	702
779b739a-426e-4fb5-bcee-8c5633b8204a	NR_025863.1	85.299	653	65	29	2	633	653	11	0.0	649
779b739a-426e-4fb5-bcee-8c5633b8204a	NR_180911.1	87.788	565	45	22	3	551	638	82	0.0	640
4966c1c7-4804-4359-8fce-793808541a74	NR_042776.1	99.548	221	0	1	16	235	371	591	8.67e-112	401
4966c1c7-4804-4359-8fce-793808541a74	NR_197695.1	99.548	221	0	1	16	235	370	590	8.67e-112	401
4966c1c7-4804-4359-8fce-793808541a74	NR_042777.1	99.095	221	0	2	16	235	371	590	4.03e-110	396
4966c1c7-4804-4359-8fce-793808541a74	NR_042778.1	99.095	221	1	1	16	235	371	591	4.03e-110	396
4966c1c7-4804-4359-8fce-793808541a74	NR_118998.1	98.190	221	3	1	16	235	366	586	8.73e-107	385
9eb748a3-9780-49d8-ad0d-2eea39b963f4	NR_074980.1	95.282	657	20	10	1	653	661	12	0.0	1031
9eb748a3-9780-49d8-ad0d-2eea39b963f4	NR_113031.1	95.282	657	20	10	1	653	661	12	0.0	1031
9eb748a3-9780-49d8-ad0d-2eea39b963f4	NR_119168.1	95.356	646	19	10	1	642	639	1	0.0	1016
9eb748a3-9780-49d8-ad0d-2eea39b963f4	NR_163639.1	94.793	653	20	13	4	652	647	5	0.0	1005
9eb748a3-9780-49d8-ad0d-2eea39b963f4	NR_117759.1	95.031	644	21	10	1	640	637	1	0.0	1003
4e0015c2-553d-437b-93c1-706ed51a7a96	NR_074980.1	96.340	1284	24	19	1	1267	1290	13	0.0	2089
4e0015c2-553d-437b-93c1-706ed51a7a96	NR_113031.1	96.340	1284	24	19	1	1267	1290	13	0.0	2089
4e0015c2-553d-437b-93c1-706ed51a7a96	NR_113570.1	96.082	1276	26	20	1	1258	1270	1	0.0	2058
4e0015c2-553d-437b-93c1-706ed51a7a96	NR_117759.1	96.148	1272	26	19	1	1255	1266	1	0.0	2058
4e0015c2-553d-437b-93c1-706ed51a7a96	NR_043332.1	96.139	1269	26	19	1	1252	1263	1	0.0	2054
59833e13-6af5-41bd-8751-c40aa633a73f	NR_044873.1	92.146	1235	52	33	1	1205	1221	2	0.0	1701
59833e13-6af5-41bd-8751-c40aa633a73f	NR_074568.1	90.607	1235	70	33	1	1205	1231	13	0.0	1596
59833e13-6af5-41bd-8751-c40aa633a73f	NR_044712.2	90.283	1235	74	33	1	1205	1240	22	0.0	1581
59833e13-6af5-41bd-8751-c40aa633a73f	NR_025310.1	90.180	1222	73	36	1	1191	1211	6	0.0	1548
59833e13-6af5-41bd-8751-c40aa633a73f	NR_109752.1	89.733	1237	78	37	1	1205	1242	23	0.0	1535
9f0ec18f-cf02-4d6f-925c-d57f3313150d	NR_042776.1	93.788	660	13	17	1	639	670	18	0.0	966
9f0ec18f-cf02-4d6f-925c-d57f3313150d	NR_042778.1	93.485	660	15	17	1	639	670	18	0.0	955
9f0ec18f-cf02-4d6f-925c-d57f3313150d	NR_042777.1	93.333	660	15	18	1	639	669	18	0.0	948
9f0ec18f-cf02-4d6f-925c-d57f3313150d	NR_197695.1	93.182	660	17	17	1	639	669	17	0.0	944
9f0ec18f-cf02-4d6f-925c-d57f3313150d	NR_118998.1	92.879	660	19	18	1	639	665	13	0.0	935
0a895631-624a-4a93-8727-70d1f150bf10	NR_044873.1	95.434	219	4	3	19	231	1062	844	1.52e-94	344
0a895631-624a-4a93-8727-70d1f150bf10	NR_074568.1	94.064	219	7	3	19	231	1072	854	1.53e-89	327
0a895631-624a-4a93-8727-70d1f150bf10	NR_109752.1	94.064	219	7	3	19	231	1083	865	1.53e-89	327
0a895631-624a-4a93-8727-70d1f150bf10	NR_178360.1	94.064	219	7	3	19	231	1039	821	1.53e-89	327
0a895631-624a-4a93-8727-70d1f150bf10	NR_044712.2	93.607	219	8	3	19	231	1081	863	1.99e-88	324
1d1ba7d0-4094-4c12-bfc1-e21819144576	NR_115355.1	97.307	817	16	6	1	813	815	1	0.0	1386
1d1ba7d0-4094-4c12-bfc1-e21819144576	NR_119169.1	97.195	820	17	6	1	816	820	3	0.0	1386
1d1ba7d0-4094-4c12-bfc1-e21819144576	NR_163639.1	96.403	834	19	10	1	829	831	4	0.0	1363
1d1ba7d0-4094-4c12-bfc1-e21819144576	NR_074980.1	96.279	833	23	8	1	828	842	13	0.0	1360
1d1ba7d0-4094-4c12-bfc1-e21819144576	NR_113031.1	96.279	833	23	8	1	828	842	13	0.0	1360
298b18cb-1ac8-419e-8483-1d2682f48141	NR_024842.1	94.030	335	8	10	13	341	646	974	1.61e-140	497
298b18cb-1ac8-419e-8483-1d2682f48141	NR_041722.2	94.030	335	8	10	13	341	666	994	1.61e-140	497
298b18cb-1ac8-419e-8483-1d2682f48141	NR_028833.1	94.030	335	8	10	13	341	658	986	1.61e-140	497
298b18cb-1ac8-419e-8483-1d2682f48141	NR_036918.1	94.030	335	8	10	13	341	648	976	1.61e-140	497
298b18cb-1ac8-419e-8483-1d2682f48141	NR_042771.1	94.030	335	8	10	13	341	649	977	1.61e-140	497
e000689f-fea0-4c72-a1b9-4e51250d70a5	NR_115354.1	92.039	716	35	19	1	703	1341	635	0.0	989
e000689f-fea0-4c72-a1b9-4e51250d70a5	NR_041880.1	92.039	716	35	19	1	703	1297	591	0.0	987
e000689f-fea0-4c72-a1b9-4e51250d70a5	NR_025762.1	92.039	716	35	19	1	703	1319	613	0.0	987
e000689f-fea0-4c72-a1b9-4e51250d70a5	NR_115355.1	91.724	725	37	20	1	712	1341	627	0.0	985
e000689f-fea0-4c72-a1b9-4e51250d70a5	NR_179325.1	91.724	725	37	20	1	712	1315	601	0.0	985
44c65ea6-6cbe-44d2-b806-5ca0118d6790	NR_074980.1	96.284	1238	29	15	1	1233	1239	14	0.0	2015
44c65ea6-6cbe-44d2-b806-5ca0118d6790	NR_113031.1	96.284	1238	29	15	1	1233	1239	14	0.0	2015
44c65ea6-6cbe-44d2-b806-5ca0118d6790	NR_113570.1	96.347	1232	26	17	1	1226	1219	1	0.0	2008
44c65ea6-6cbe-44d2-b806-5ca0118d6790	NR_117759.1	96.251	1227	30	14	1	1223	1215	1	0.0	2001
44c65ea6-6cbe-44d2-b806-5ca0118d6790	NR_043332.1	96.242	1224	30	14	1	1220	1212	1	0.0	1997
1bf5bf28-b55f-40b2-81a0-9eb827c8b707	NR_180875.1	94.855	1205	30	20	5	1185	1312	116	0.0	1866
1bf5bf28-b55f-40b2-81a0-9eb827c8b707	NR_109720.1	94.938	1205	29	19	5	1185	1327	131	0.0	1858
1bf5bf28-b55f-40b2-81a0-9eb827c8b707	NR_036936.1	94.772	1205	31	19	5	1185	1333	137	0.0	1849
1bf5bf28-b55f-40b2-81a0-9eb827c8b707	NR_042927.1	94.606	1205	33	19	5	1185	1333	137	0.0	1836
1bf5bf28-b55f-40b2-81a0-9eb827c8b707	NR_114413.1	94.606	1205	33	19	5	1185	1356	160	0.0	1836
4028d023-c91c-41b4-aa45-1682a7b37b05	NR_199545.1	96.845	634	13	6	1	630	646	16	0.0	1053
4028d023-c91c-41b4-aa45-1682a7b37b05	NR_165741.1	96.530	634	15	6	1	630	635	5	0.0	1042
4028d023-c91c-41b4-aa45-1682a7b37b05	NR_179385.1	96.530	634	15	6	1	630	650	20	0.0	1042
4028d023-c91c-41b4-aa45-1682a7b37b05	NR_179383.1	96.378	635	14	7	1	630	653	23	0.0	1037
4028d023-c91c-41b4-aa45-1682a7b37b05	NR_028664.1	96.220	635	15	7	1	630	649	19	0.0	1031
1a75c695-7657-4b6f-997b-85046e813a86	NR_025148.1	93.297	731	36	11	4	728	772	1495	0.0	1066
1a75c695-7657-4b6f-997b-85046e813a86	NR_179540.1	93.297	731	35	10	4	728	770	1492	0.0	1066
1a75c695-7657-4b6f-997b-85046e813a86	NR_028664.1	93.160	731	37	9	4	728	773	1496	0.0	1061
1a75c695-7657-4b6f-997b-85046e813a86	NR_117719.1	93.160	731	37	9	4	728	770	1493	0.0	1061
1a75c695-7657-4b6f-997b-85046e813a86	NR_179383.1	93.160	731	37	9	4	728	777	1500	0.0	1061
7110c97d-d783-42b6-98cd-1310ad587946	NR_042776.1	95.873	315	6	6	1	314	44	352	3.20e-142	503
7110c97d-d783-42b6-98cd-1310ad587946	NR_042778.1	95.556	315	7	6	1	314	44	352	1.49e-140	497
7110c97d-d783-42b6-98cd-1310ad587946	NR_042777.1	95.238	315	8	6	1	314	44	352	6.93e-139	492
7110c97d-d783-42b6-98cd-1310ad587946	NR_118998.1	94.921	315	9	6	1	314	39	347	8.96e-138	488
7110c97d-d783-42b6-98cd-1310ad587946	NR_197695.1	94.286	315	11	6	1	314	43	351	6.98e-134	475
3ceba7c9-3625-4403-8f6e-f2d43fdd2de7	NR_178262.1	91.591	440	23	12	1	436	942	1371	7.20e-170	595
3ceba7c9-3625-4403-8f6e-f2d43fdd2de7	NR_179215.1	91.591	440	23	12	1	436	1064	1493	7.20e-170	595
3ceba7c9-3625-4403-8f6e-f2d43fdd2de7	NR_179720.1	91.610	441	21	14	1	436	1068	1497	7.20e-170	595
3ceba7c9-3625-4403-8f6e-f2d43fdd2de7	NR_036918.1	91.364	440	24	12	1	436	1065	1494	3.35e-168	590
3ceba7c9-3625-4403-8f6e-f2d43fdd2de7	NR_199542.1	91.364	440	24	12	1	436	1083	1512	3.35e-168	590
63714ab4-9e97-4d2c-81a7-21a83b2aa9d4	NR_044873.1	96.911	777	14	9	1	772	140	911	0.0	1293
63714ab4-9e97-4d2c-81a7-21a83b2aa9d4	NR_074568.1	94.852	777	29	10	1	772	151	921	0.0	1203
63714ab4-9e97-4d2c-81a7-21a83b2aa9d4	NR_024785.1	94.723	777	29	11	1	772	108	877	0.0	1197
63714ab4-9e97-4d2c-81a7-21a83b2aa9d4	NR_044712.2	94.337	777	33	10	1	772	160	930	0.0	1188
63714ab4-9e97-4d2c-81a7-21a83b2aa9d4	NR_109752.1	94.208	777	31	13	3	772	163	932	0.0	1173
a98c04bb-26de-4d4f-80d9-9225ea093af5	NR_042928.1	94.960	1369	34	30	3	1351	106	1459	0.0	2113
a98c04bb-26de-4d4f-80d9-9225ea093af5	NR_199547.1	95.037	1350	32	30	3	1332	86	1420	0.0	2089
a98c04bb-26de-4d4f-80d9-9225ea093af5	NR_042927.1	94.302	1369	44	29	3	1351	108	1462	0.0	2065
a98c04bb-26de-4d4f-80d9-9225ea093af5	NR_115734.1	94.302	1369	44	29	3	1351	109	1463	0.0	2065
a98c04bb-26de-4d4f-80d9-9225ea093af5	NR_117719.1	94.302	1369	44	29	3	1351	126	1480	0.0	2065
ea117483-dc86-49d4-b392-8f61c59aab78	NR_041879.1	89.374	527	24	21	1	502	1348	829	0.0	634
ea117483-dc86-49d4-b392-8f61c59aab78	NR_115355.1	89.184	527	24	22	1	502	1390	872	2.97e-179	627
ea117483-dc86-49d4-b392-8f61c59aab78	NR_163639.1	89.184	527	23	23	1	502	1405	888	2.97e-179	627
ea117483-dc86-49d4-b392-8f61c59aab78	NR_119169.1	88.994	527	25	22	1	502	1395	877	1.07e-178	625
ea117483-dc86-49d4-b392-8f61c59aab78	NR_025762.1	88.615	527	27	22	1	502	1368	850	2.99e-174	610
c54e02d5-9c00-45d4-831e-c5fa6d0be566	NR_074980.1	96.953	1411	21	14	1	1393	1418	12	0.0	2348
c54e02d5-9c00-45d4-831e-c5fa6d0be566	NR_113031.1	96.953	1411	21	14	1	1393	1418	12	0.0	2348
c54e02d5-9c00-45d4-831e-c5fa6d0be566	NR_113570.1	96.862	1402	21	15	1	1383	1398	1	0.0	2324
c54e02d5-9c00-45d4-831e-c5fa6d0be566	NR_043332.1	96.846	1395	22	14	1	1377	1391	1	0.0	2318
c54e02d5-9c00-45d4-831e-c5fa6d0be566	NR_119168.1	96.357	1400	29	14	1	1382	1396	1	0.0	2305
a7ea3435-bd3c-406e-b8a9-e3281a0c4934	NR_117719.1	93.084	1041	32	27	11	1032	1032	13	0.0	1487
a7ea3435-bd3c-406e-b8a9-e3281a0c4934	NR_118234.1	92.809	1043	37	26	11	1034	1031	8	0.0	1476
a7ea3435-bd3c-406e-b8a9-e3281a0c4934	NR_175455.1	92.954	1036	34	26	11	1028	1020	6	0.0	1472
a7ea3435-bd3c-406e-b8a9-e3281a0c4934	NR_042928.1	92.926	1032	36	25	11	1025	1012	1	0.0	1467
a7ea3435-bd3c-406e-b8a9-e3281a0c4934	NR_199545.1	92.596	1040	39	26	11	1032	1032	13	0.0	1459
9a717ccd-82e6-4099-8f7f-4e920ff88288	NR_116168.1	92.329	365	11	12	1	357	1131	1486	3.69e-142	503
9a717ccd-82e6-4099-8f7f-4e920ff88288	NR_118762.1	91.667	360	13	12	1	352	1133	1483	3.72e-137	486
9a717ccd-82e6-4099-8f7f-4e920ff88288	NR_024897.1	90.164	366	17	14	1	357	1130	1485	8.10e-129	459
9a717ccd-82e6-4099-8f7f-4e920ff88288	NR_115546.2	90.137	365	19	12	1	357	1140	1495	8.10e-129	459
9a717ccd-82e6-4099-8f7f-4e920ff88288	NR_179336.1	90.164	366	17	14	1	357	1076	1431	8.10e-129	459
65579e81-b1ea-47bc-b6c5-a4af37b62e80	NR_025862.1	91.457	398	21	11	1	388	403	9	3.02e-153	540
65579e81-b1ea-47bc-b6c5-a4af37b62e80	NR_028682.1	89.141	396	27	15	1	384	404	13	6.68e-135	479
65579e81-b1ea-47bc-b6c5-a4af37b62e80	NR_025863.1	83.210	405	46	20	1	388	408	9	1.17e-97	355
65579e81-b1ea-47bc-b6c5-a4af37b62e80	NR_026454.1	84.334	383	38	20	1	366	378	1	1.17e-97	355
65579e81-b1ea-47bc-b6c5-a4af37b62e80	NR_042093.1	81.818	407	40	26	1	384	408	13	2.58e-84	311
b43d7f74-a304-414c-986f-ad7449eeb3b1	NR_024842.1	94.925	335	12	5	1	333	1158	1489	3.38e-147	520
b43d7f74-a304-414c-986f-ad7449eeb3b1	NR_042052.1	94.925	335	12	5	1	333	1066	1397	3.38e-147	520
b43d7f74-a304-414c-986f-ad7449eeb3b1	NR_114642.1	94.925	335	12	5	1	333	1125	1456	3.38e-147	520
b43d7f74-a304-414c-986f-ad7449eeb3b1	NR_115735.1	94.910	334	12	5	1	332	1134	1464	1.22e-146	518
b43d7f74-a304-414c-986f-ad7449eeb3b1	NR_043660.1	94.643	336	12	6	1	333	1135	1467	4.38e-146	516
24e18c4a-7a92-45c0-8788-a5eb57d3d5d3	NR_041989.1	92.941	850	31	23	1	835	896	61	0.0	1210
24e18c4a-7a92-45c0-8788-a5eb57d3d5d3	NR_117694.1	92.362	851	34	25	1	835	938	103	0.0	1182
24e18c4a-7a92-45c0-8788-a5eb57d3d5d3	NR_028900.1	91.176	850	46	23	1	835	896	61	0.0	1127
24e18c4a-7a92-45c0-8788-a5eb57d3d5d3	NR_025892.1	90.599	851	48	26	1	835	963	129	0.0	1120
24e18c4a-7a92-45c0-8788-a5eb57d3d5d3	NR_121687.1	90.962	852	44	27	1	835	958	123	0.0	1116
9db86e2d-0151-4676-9c68-53e135e932a1	NR_042928.1	96.970	363	3	8	9	368	358	1	3.91e-172	603
9db86e2d-0151-4676-9c68-53e135e932a1	NR_109720.1	96.639	357	6	6	9	362	354	1	1.10e-167	588
9db86e2d-0151-4676-9c68-53e135e932a1	NR_036936.1	95.592	363	10	6	9	368	360	1	6.60e-165	579
9db86e2d-0151-4676-9c68-53e135e932a1	NR_199547.1	97.647	340	1	6	9	345	338	3	2.37e-164	577
9db86e2d-0151-4676-9c68-53e135e932a1	NR_112026.1	96.821	346	3	8	9	351	341	1	1.10e-162	571
bee1ae7b-3d6d-4fb2-928d-b4d98cef3e8a	NR_025903.1	96.226	1378	26	18	1	1362	131	1498	0.0	2233
bee1ae7b-3d6d-4fb2-928d-b4d98cef3e8a	NR_133753.1	96.225	1351	26	17	1	1335	85	1426	0.0	2189
bee1ae7b-3d6d-4fb2-928d-b4d98cef3e8a	NR_133752.1	96.151	1351	27	17	1	1335	56	1397	0.0	2183
bee1ae7b-3d6d-4fb2-928d-b4d98cef3e8a	NR_025904.1	95.072	1380	38	23	1	1362	130	1497	0.0	2145
bee1ae7b-3d6d-4fb2-928d-b4d98cef3e8a	NR_026419.1	94.989	1377	43	18	3	1362	120	1487	0.0	2137
d9e59a9f-c601-4b92-b039-d707cfb8febc	NR_179325.1	94.797	1403	39	27	1	1386	70	1455	0.0	2156
d9e59a9f-c601-4b92-b039-d707cfb8febc	NR_115355.1	94.722	1402	41	25	1	1386	97	1481	0.0	2152
d9e59a9f-c601-4b92-b039-d707cfb8febc	NR_119169.1	94.508	1402	44	25	1	1386	102	1486	0.0	2139
d9e59a9f-c601-4b92-b039-d707cfb8febc	NR_163639.1	94.508	1402	40	29	1	1386	116	1496	0.0	2128
d9e59a9f-c601-4b92-b039-d707cfb8febc	NR_113570.1	94.088	1404	48	29	1	1386	103	1489	0.0	2100
70a81d5a-6351-4627-801f-2f76ee9ba0c6	NR_178515.1	98.649	592	3	4	1	591	816	229	0.0	1044
70a81d5a-6351-4627-801f-2f76ee9ba0c6	NR_115241.1	98.311	592	5	4	1	591	816	229	0.0	1033
70a81d5a-6351-4627-801f-2f76ee9ba0c6	NR_115735.1	98.311	592	5	4	1	591	807	220	0.0	1033
70a81d5a-6351-4627-801f-2f76ee9ba0c6	NR_116211.1	98.311	592	5	4	1	591	739	152	0.0	1033
70a81d5a-6351-4627-801f-2f76ee9ba0c6	NR_165737.1	98.311	592	5	4	1	591	816	229	0.0	1033
b2e2f66e-be25-42ba-855e-b54d5baa1815	NR_074980.1	96.154	390	8	5	11	398	397	13	1.80e-180	630
b2e2f66e-be25-42ba-855e-b54d5baa1815	NR_113031.1	96.154	390	8	5	11	398	397	13	1.80e-180	630
b2e2f66e-be25-42ba-855e-b54d5baa1815	NR_163639.1	96.134	388	7	6	14	399	385	4	2.32e-179	627
b2e2f66e-be25-42ba-855e-b54d5baa1815	NR_119168.1	96.552	377	7	4	11	385	375	3	3.89e-177	619
b2e2f66e-be25-42ba-855e-b54d5baa1815	NR_119169.1	96.286	377	8	4	11	385	375	3	5.03e-176	616
ca497266-7f27-49bf-a152-30c13efee4a7	NR_178515.1	96.459	593	9	10	18	607	1098	515	0.0	968
ca497266-7f27-49bf-a152-30c13efee4a7	NR_109720.1	96.290	593	10	10	18	607	1092	509	0.0	963
ca497266-7f27-49bf-a152-30c13efee4a7	NR_115735.1	96.290	593	10	10	18	607	1089	506	0.0	963
ca497266-7f27-49bf-a152-30c13efee4a7	NR_116211.1	96.290	593	10	10	18	607	1021	438	0.0	963
ca497266-7f27-49bf-a152-30c13efee4a7	NR_024842.1	96.121	593	11	10	18	607	1113	530	0.0	959
3d9ae8d3-043f-4d60-be5e-aac72ea1fe63	NR_042776.1	92.956	1448	53	36	1	1431	84	1499	0.0	2063
3d9ae8d3-043f-4d60-be5e-aac72ea1fe63	NR_042777.1	92.744	1447	57	35	1	1431	84	1498	0.0	2047
3d9ae8d3-043f-4d60-be5e-aac72ea1fe63	NR_042778.1	92.680	1448	57	35	1	1431	84	1499	0.0	2041
3d9ae8d3-043f-4d60-be5e-aac72ea1fe63	NR_197695.1	92.334	1448	62	36	1	1431	83	1498	0.0	2013
3d9ae8d3-043f-4d60-be5e-aac72ea1fe63	NR_118998.1	92.191	1447	65	35	1	1431	79	1493	0.0	2004
ed625f35-819a-4a4a-ab16-14947e09c699	NR_178515.1	96.815	314	7	3	1	314	1299	989	8.93e-148	521
ed625f35-819a-4a4a-ab16-14947e09c699	NR_199541.1	96.815	314	7	3	1	314	1275	965	8.93e-148	521
ed625f35-819a-4a4a-ab16-14947e09c699	NR_024842.1	96.497	314	8	3	1	314	1314	1004	4.15e-146	516
ed625f35-819a-4a4a-ab16-14947e09c699	NR_036936.1	96.497	314	8	3	1	314	1299	989	4.15e-146	516
ed625f35-819a-4a4a-ab16-14947e09c699	NR_028664.1	96.497	314	8	3	1	314	1320	1010	4.15e-146	516
637706b5-c25c-4c07-806d-7feff558dbb5	NR_042776.1	98.473	655	4	6	3	652	849	1502	0.0	1149
637706b5-c25c-4c07-806d-7feff558dbb5	NR_042777.1	98.473	655	4	6	3	652	848	1501	0.0	1149
637706b5-c25c-4c07-806d-7feff558dbb5	NR_042778.1	98.168	655	6	6	3	652	849	1502	0.0	1138
637706b5-c25c-4c07-806d-7feff558dbb5	NR_197695.1	98.168	655	6	6	3	652	848	1501	0.0	1138
637706b5-c25c-4c07-806d-7feff558dbb5	NR_118998.1	97.557	655	9	7	3	652	844	1496	0.0	1114
efcc3a5b-be2b-4470-9f6b-4a1e9728033a	NR_024842.1	95.991	848	19	11	3	842	648	1488	0.0	1363
efcc3a5b-be2b-4470-9f6b-4a1e9728033a	NR_115735.1	95.991	848	19	11	3	842	624	1464	0.0	1363
efcc3a5b-be2b-4470-9f6b-4a1e9728033a	NR_165737.1	95.745	846	20	11	3	839	633	1471	0.0	1349
efcc3a5b-be2b-4470-9f6b-4a1e9728033a	NR_115241.1	95.621	845	22	11	3	839	633	1470	0.0	1347
efcc3a5b-be2b-4470-9f6b-4a1e9728033a	NR_036936.1	95.626	846	21	11	3	839	633	1471	0.0	1343
5dc8b05c-5b14-45dc-b54d-d844ac79cd37	NR_042776.1	89.977	1317	60	60	3	1288	1292	17	0.0	1635
5dc8b05c-5b14-45dc-b54d-d844ac79cd37	NR_042778.1	89.749	1317	63	60	3	1288	1292	17	0.0	1618
5dc8b05c-5b14-45dc-b54d-d844ac79cd37	NR_042777.1	89.749	1317	62	60	3	1288	1291	17	0.0	1616
5dc8b05c-5b14-45dc-b54d-d844ac79cd37	NR_197695.1	89.454	1318	65	62	3	1288	1291	16	0.0	1596
5dc8b05c-5b14-45dc-b54d-d844ac79cd37	NR_118998.1	89.218	1317	69	60	3	1288	1286	12	0.0	1580
effdbb03-9931-4b95-a348-bf12e096dc68	NR_042776.1	95.918	735	16	12	4	726	751	19	0.0	1179
effdbb03-9931-4b95-a348-bf12e096dc68	NR_042777.1	95.782	735	16	14	4	726	750	19	0.0	1171
effdbb03-9931-4b95-a348-bf12e096dc68	NR_042778.1	95.646	735	18	12	4	726	751	19	0.0	1168
effdbb03-9931-4b95-a348-bf12e096dc68	NR_197695.1	95.374	735	20	12	4	726	750	18	0.0	1157
effdbb03-9931-4b95-a348-bf12e096dc68	NR_118998.1	94.966	735	23	12	4	726	746	14	0.0	1142
422a6b57-8bdb-4bb5-89d9-d1b347a39cd0	NR_026419.1	93.890	802	18	21	2	787	701	1487	0.0	1181
422a6b57-8bdb-4bb5-89d9-d1b347a39cd0	NR_025903.1	92.884	801	27	21	2	787	713	1498	0.0	1136
422a6b57-8bdb-4bb5-89d9-d1b347a39cd0	NR_025904.1	92.759	801	28	20	2	787	712	1497	0.0	1131
422a6b57-8bdb-4bb5-89d9-d1b347a39cd0	NR_133752.1	93.273	773	24	20	2	759	638	1397	0.0	1114
422a6b57-8bdb-4bb5-89d9-d1b347a39cd0	NR_133753.1	93.273	773	24	20	2	759	667	1426	0.0	1114
dee47c75-a4ea-4bd6-8f2c-1efed148c908	NR_042776.1	90.625	256	10	9	1	249	1247	999	1.67e-89	327
dee47c75-a4ea-4bd6-8f2c-1efed148c908	NR_042777.1	90.625	256	10	9	1	249	1246	998	1.67e-89	327
dee47c75-a4ea-4bd6-8f2c-1efed148c908	NR_042778.1	90.625	256	10	9	1	249	1247	999	1.67e-89	327
dee47c75-a4ea-4bd6-8f2c-1efed148c908	NR_024659.1	90.588	255	10	9	2	249	1202	955	6.00e-89	326
dee47c75-a4ea-4bd6-8f2c-1efed148c908	NR_116212.1	90.588	255	10	9	2	249	1144	897	6.00e-89	326
b1519d54-65dc-43e9-83a8-960ce0462501	NR_041989.1	94.282	682	19	15	1	670	674	1	0.0	1026
b1519d54-65dc-43e9-83a8-960ce0462501	NR_117717.1	91.803	732	34	20	1	714	737	14	0.0	996
b1519d54-65dc-43e9-83a8-960ce0462501	NR_121688.1	91.667	732	35	20	1	714	736	13	0.0	990
b1519d54-65dc-43e9-83a8-960ce0462501	NR_117696.1	92.351	706	34	16	1	694	703	6	0.0	987
b1519d54-65dc-43e9-83a8-960ce0462501	NR_117701.1	92.351	706	34	16	1	694	716	19	0.0	987
40e7bedc-b81d-4a0e-80ca-5b7e6a9c22e8	NR_042776.1	98.433	638	5	4	4	640	651	18	0.0	1118
40e7bedc-b81d-4a0e-80ca-5b7e6a9c22e8	NR_042778.1	98.119	638	7	4	4	640	651	18	0.0	1107
40e7bedc-b81d-4a0e-80ca-5b7e6a9c22e8	NR_042777.1	97.962	638	7	5	4	640	650	18	0.0	1101
40e7bedc-b81d-4a0e-80ca-5b7e6a9c22e8	NR_197695.1	97.649	638	10	4	4	640	650	17	0.0	1090
40e7bedc-b81d-4a0e-80ca-5b7e6a9c22e8	NR_118998.1	97.335	638	12	4	4	640	646	13	0.0	1081
a8b14275-ad8f-4d30-9dc0-61fb54548db7	NR_165747.1	91.011	267	14	8	4	267	264	5	1.08e-96	351
a8b14275-ad8f-4d30-9dc0-61fb54548db7	NR_199545.1	89.680	281	18	8	4	281	284	12	1.39e-95	348
a8b14275-ad8f-4d30-9dc0-61fb54548db7	NR_042928.1	90.637	267	15	7	4	267	264	5	5.01e-95	346
a8b14275-ad8f-4d30-9dc0-61fb54548db7	NR_165744.1	89.643	280	18	9	4	280	273	2	5.01e-95	346
a8b14275-ad8f-4d30-9dc0-61fb54548db7	NR_028664.1	89.324	281	19	9	4	281	287	15	6.48e-94	342
9e2e1d20-b6fc-45c8-a363-92f76f240aa4	NR_024817.1	86.148	1220	105	48	1	1169	273	1479	0.0	1264
9e2e1d20-b6fc-45c8-a363-92f76f240aa4	NR_179518.1	85.972	1219	107	48	1	1169	292	1496	0.0	1247
9e2e1d20-b6fc-45c8-a363-92f76f240aa4	NR_104566.1	85.644	1219	111	48	1	1169	274	1478	0.0	1225
9e2e1d20-b6fc-45c8-a363-92f76f240aa4	NR_112632.1	85.632	1218	111	48	1	1168	270	1473	0.0	1221
9e2e1d20-b6fc-45c8-a363-92f76f240aa4	NR_146818.1	85.434	1222	109	53	1	1169	291	1496	0.0	1206
8be4be4a-554c-420c-9fe9-5331d34cbafa	NR_115355.1	92.517	1470	53	47	1	1436	39	1485	0.0	2056
8be4be4a-554c-420c-9fe9-5331d34cbafa	NR_179325.1	92.522	1471	52	48	1	1436	12	1459	0.0	2054
8be4be4a-554c-420c-9fe9-5331d34cbafa	NR_119169.1	92.313	1470	56	47	1	1436	44	1490	0.0	2041
8be4be4a-554c-420c-9fe9-5331d34cbafa	NR_163639.1	92.182	1471	52	52	1	1436	58	1500	0.0	2021
8be4be4a-554c-420c-9fe9-5331d34cbafa	NR_113570.1	92.025	1467	60	47	5	1436	49	1493	0.0	2008
934b9278-5e51-4c98-828a-2f1edc9f2286	NR_115355.1	88.290	1409	80	73	12	1392	1352	1	0.0	1611
934b9278-5e51-4c98-828a-2f1edc9f2286	NR_179325.1	88.607	1378	75	69	12	1362	1326	4	0.0	1600
934b9278-5e51-4c98-828a-2f1edc9f2286	NR_119169.1	88.077	1409	83	73	12	1392	1357	6	0.0	1598
934b9278-5e51-4c98-828a-2f1edc9f2286	NR_163639.1	87.943	1410	79	77	12	1392	1367	20	0.0	1578
934b9278-5e51-4c98-828a-2f1edc9f2286	NR_074980.1	87.651	1409	89	72	12	1392	1379	28	0.0	1559
423dc660-4883-4742-9a2d-267847707c8e	NR_028682.1	91.582	1283	62	38	1	1256	234	1497	0.0	1729
423dc660-4883-4742-9a2d-267847707c8e	NR_116890.1	90.701	1269	73	39	1	1244	222	1470	0.0	1648
423dc660-4883-4742-9a2d-267847707c8e	NR_025862.1	92.030	1192	56	31	1	1172	234	1406	0.0	1646
423dc660-4883-4742-9a2d-267847707c8e	NR_119263.1	89.907	1288	87	34	1	1263	231	1500	0.0	1618
423dc660-4883-4742-9a2d-267847707c8e	NR_026454.1	91.130	1195	64	34	1	1172	208	1383	0.0	1581
ddcfca0e-8602-4f2f-b470-07c76dfb4cb8	NR_042927.1	97.725	1099	11	12	1	1090	378	1471	0.0	1879
ddcfca0e-8602-4f2f-b470-07c76dfb4cb8	NR_115734.1	97.725	1099	11	12	1	1090	379	1472	0.0	1879
ddcfca0e-8602-4f2f-b470-07c76dfb4cb8	NR_179540.1	97.727	1100	10	13	1	1091	396	1489	0.0	1879
ddcfca0e-8602-4f2f-b470-07c76dfb4cb8	NR_042928.1	97.725	1099	10	13	1	1090	376	1468	0.0	1877
ddcfca0e-8602-4f2f-b470-07c76dfb4cb8	NR_028664.1	97.636	1100	12	12	1	1091	399	1493	0.0	1875
6c80821a-c4f0-42bf-a237-3ebc8449e9d4	NR_041989.1	90.828	894	44	33	3	870	884	3	0.0	1162
6c80821a-c4f0-42bf-a237-3ebc8449e9d4	NR_117694.1	89.362	940	50	43	3	906	926	1	0.0	1136
6c80821a-c4f0-42bf-a237-3ebc8449e9d4	NR_117692.1	88.072	939	64	41	3	906	926	1	0.0	1070
6c80821a-c4f0-42bf-a237-3ebc8449e9d4	NR_121688.1	87.818	944	73	35	3	914	946	13	0.0	1068
6c80821a-c4f0-42bf-a237-3ebc8449e9d4	NR_117717.1	87.805	943	74	34	3	914	946	14	0.0	1066
6e75274e-0e51-40d2-8da1-c28d73ead10e	NR_042776.1	96.111	360	8	5	1	356	255	612	4.51e-166	582
6e75274e-0e51-40d2-8da1-c28d73ead10e	NR_197695.1	96.111	360	8	5	1	356	254	611	4.51e-166	582
6e75274e-0e51-40d2-8da1-c28d73ead10e	NR_042777.1	95.833	360	8	6	1	356	255	611	7.55e-164	575
6e75274e-0e51-40d2-8da1-c28d73ead10e	NR_042778.1	95.556	360	10	5	1	356	255	612	9.77e-163	571
6e75274e-0e51-40d2-8da1-c28d73ead10e	NR_118998.1	95.000	360	12	5	1	356	250	607	2.12e-159	560
3dc76e3f-8ec6-4285-91a4-34ffa358061f	NR_042843.1	97.178	886	15	7	1	880	572	1453	0.0	1489
3dc76e3f-8ec6-4285-91a4-34ffa358061f	NR_102895.1	97.178	886	15	7	1	880	600	1481	0.0	1489
3dc76e3f-8ec6-4285-91a4-34ffa358061f	NR_113113.1	97.178	886	15	7	1	880	580	1461	0.0	1489
3dc76e3f-8ec6-4285-91a4-34ffa358061f	NR_109628.1	96.953	886	17	7	1	880	573	1454	0.0	1478
3dc76e3f-8ec6-4285-91a4-34ffa358061f	NR_113124.1	96.614	886	20	7	1	880	592	1473	0.0	1461
99bf55c1-5e7b-49bb-8951-f842e40d9458	NR_025862.1	95.055	364	9	9	8	366	373	14	1.32e-161	568
99bf55c1-5e7b-49bb-8951-f842e40d9458	NR_028682.1	94.262	366	15	6	8	369	374	11	1.03e-157	555
99bf55c1-5e7b-49bb-8951-f842e40d9458	NR_026454.1	87.429	350	34	10	8	349	348	1	2.38e-109	394
99bf55c1-5e7b-49bb-8951-f842e40d9458	NR_025863.1	85.908	369	38	14	8	366	378	14	1.43e-106	385
99bf55c1-5e7b-49bb-8951-f842e40d9458	NR_180911.1	85.135	370	37	18	8	366	364	2	6.71e-100	363
660a1438-95b6-43b2-93d3-c2be300c9451	NR_041989.1	96.110	437	10	7	1	430	437	1	0.0	706
660a1438-95b6-43b2-93d3-c2be300c9451	NR_117694.1	93.125	480	20	13	1	468	479	1	0.0	691
660a1438-95b6-43b2-93d3-c2be300c9451	NR_025892.1	91.875	480	26	12	1	468	505	27	0.0	667
660a1438-95b6-43b2-93d3-c2be300c9451	NR_121688.1	92.067	479	27	10	1	468	499	21	0.0	664
660a1438-95b6-43b2-93d3-c2be300c9451	NR_117692.1	92.067	479	27	11	1	468	479	1	0.0	664
da3ee7bf-9842-4725-8c62-3e5d5348b106	NR_042776.1	94.358	904	24	24	1	890	604	1494	0.0	1362
da3ee7bf-9842-4725-8c62-3e5d5348b106	NR_042777.1	94.358	904	24	24	1	890	603	1493	0.0	1362
da3ee7bf-9842-4725-8c62-3e5d5348b106	NR_042778.1	94.701	887	22	22	1	874	604	1478	0.0	1354
da3ee7bf-9842-4725-8c62-3e5d5348b106	NR_197695.1	93.916	904	28	24	1	890	603	1493	0.0	1339
da3ee7bf-9842-4725-8c62-3e5d5348b106	NR_118998.1	94.138	887	26	23	1	874	599	1472	0.0	1327
a1ee6eec-4636-4097-a9a1-d8e3580deb62	NR_117425.1	90.808	1349	57	37	1	1298	120	1452	0.0	1742
a1ee6eec-4636-4097-a9a1-d8e3580deb62	NR_042776.1	90.339	1356	65	37	1	1306	142	1481	0.0	1718
a1ee6eec-4636-4097-a9a1-d8e3580deb62	NR_042777.1	90.192	1356	66	38	1	1306	142	1480	0.0	1705
a1ee6eec-4636-4097-a9a1-d8e3580deb62	NR_042778.1	90.192	1356	65	39	1	1305	142	1480	0.0	1705
a1ee6eec-4636-4097-a9a1-d8e3580deb62	NR_197695.1	89.978	1357	68	40	1	1306	141	1480	0.0	1690
52f5f650-bb33-47d0-8296-d2390be35c72	NR_042776.1	91.684	469	20	14	1	462	1043	1499	0.0	632
52f5f650-bb33-47d0-8296-d2390be35c72	NR_042777.1	91.684	469	20	14	1	462	1042	1498	0.0	632
52f5f650-bb33-47d0-8296-d2390be35c72	NR_197695.1	91.489	470	19	16	1	462	1042	1498	2.73e-179	627
52f5f650-bb33-47d0-8296-d2390be35c72	NR_042052.1	91.258	469	22	14	1	462	941	1397	1.27e-177	621
52f5f650-bb33-47d0-8296-d2390be35c72	NR_042778.1	91.258	469	22	14	1	462	1043	1499	1.27e-177	621
a95520c7-4505-450a-852c-a041eb2bd629	NR_028664.1	93.361	1461	50	35	3	1443	1449	16	0.0	2117
a95520c7-4505-450a-852c-a041eb2bd629	NR_115240.1	93.560	1444	48	33	3	1428	1426	10	0.0	2109
a95520c7-4505-450a-852c-a041eb2bd629	NR_179385.1	93.233	1463	52	35	1	1443	1452	17	0.0	2109
a95520c7-4505-450a-852c-a041eb2bd629	NR_199545.1	93.238	1464	50	36	1	1443	1448	13	0.0	2109
a95520c7-4505-450a-852c-a041eb2bd629	NR_115732.1	93.274	1457	50	36	3	1440	1428	1	0.0	2104
e42fa866-db34-4f22-8002-d0c6198dd1ea	NR_042776.1	96.639	119	2	2	1	117	137	19	1.97e-50	196
e42fa866-db34-4f22-8002-d0c6198dd1ea	NR_042777.1	96.639	119	2	2	1	117	137	19	1.97e-50	196
e42fa866-db34-4f22-8002-d0c6198dd1ea	NR_042778.1	96.639	119	2	2	1	117	137	19	1.97e-50	196
e42fa866-db34-4f22-8002-d0c6198dd1ea	NR_024841.1	96.552	116	2	2	4	117	123	8	9.16e-49	191
e42fa866-db34-4f22-8002-d0c6198dd1ea	NR_118234.1	96.552	116	2	2	4	117	126	11	9.16e-49	191
0a2e98de-caa9-4cae-b194-d6b87e6fa994	NR_025863.1	90.732	669	36	21	6	662	665	11	0.0	870
0a2e98de-caa9-4cae-b194-d6b87e6fa994	NR_028682.1	84.983	606	67	22	64	659	605	14	4.00e-169	593
0a2e98de-caa9-4cae-b194-d6b87e6fa994	NR_025862.1	84.452	611	66	25	64	662	604	11	8.65e-166	582
0a2e98de-caa9-4cae-b194-d6b87e6fa994	NR_026454.1	82.796	651	83	25	6	641	637	1	1.89e-157	555
0a2e98de-caa9-4cae-b194-d6b87e6fa994	NR_173518.1	83.443	610	74	24	64	662	604	11	1.47e-153	542
fd2a8c77-94fc-46e8-9d71-5b38a9a059bd	NR_042776.1	94.243	1407	32	33	1	1385	120	1499	0.0	2104
fd2a8c77-94fc-46e8-9d71-5b38a9a059bd	NR_042777.1	94.030	1407	34	33	1	1385	120	1498	0.0	2087
fd2a8c77-94fc-46e8-9d71-5b38a9a059bd	NR_042778.1	93.959	1407	36	33	1	1385	120	1499	0.0	2082
fd2a8c77-94fc-46e8-9d71-5b38a9a059bd	NR_197695.1	93.892	1408	35	35	1	1385	119	1498	0.0	2076
fd2a8c77-94fc-46e8-9d71-5b38a9a059bd	NR_118998.1	93.390	1407	43	34	1	1385	115	1493	0.0	2039
a39eaae3-22fa-496b-b2cc-3fb3de93253b	NR_026419.1	95.015	1364	33	30	1	1345	1348	1	0.0	2109
a39eaae3-22fa-496b-b2cc-3fb3de93253b	NR_025903.1	93.659	1372	51	31	1	1353	1360	6	0.0	2019
a39eaae3-22fa-496b-b2cc-3fb3de93253b	NR_025904.1	93.164	1375	52	37	1	1353	1359	5	0.0	1980
a39eaae3-22fa-496b-b2cc-3fb3de93253b	NR_133753.1	93.614	1331	49	31	1	1312	1314	1	0.0	1954
a39eaae3-22fa-496b-b2cc-3fb3de93253b	NR_133752.1	93.323	1303	49	33	1	1283	1285	1	0.0	1890
e34b12f6-b1c8-4f1a-bc40-5750b97b93f8	NR_117694.1	95.023	1326	43	21	1	1311	150	1467	0.0	2061
e34b12f6-b1c8-4f1a-bc40-5750b97b93f8	NR_117692.1	94.562	1324	53	17	1	1311	150	1467	0.0	2028
e34b12f6-b1c8-4f1a-bc40-5750b97b93f8	NR_117696.1	94.486	1324	54	18	1	1311	137	1454	0.0	2023
e34b12f6-b1c8-4f1a-bc40-5750b97b93f8	NR_025902.1	94.411	1324	55	18	1	1311	128	1445	0.0	2017
e34b12f6-b1c8-4f1a-bc40-5750b97b93f8	NR_117717.1	94.411	1324	54	19	1	1311	171	1487	0.0	2017
ce500648-0c76-4b97-9c10-4a4f9446b03e	NR_116168.1	96.359	824	17	11	1	817	674	1491	0.0	1343
ce500648-0c76-4b97-9c10-4a4f9446b03e	NR_118762.1	95.332	814	24	12	1	807	677	1483	0.0	1297
ce500648-0c76-4b97-9c10-4a4f9446b03e	NR_024897.1	93.947	826	33	15	1	817	673	1490	0.0	1232
ce500648-0c76-4b97-9c10-4a4f9446b03e	NR_025423.1	94.010	818	34	14	1	810	658	1468	0.0	1225
ce500648-0c76-4b97-9c10-4a4f9446b03e	NR_024898.1	93.576	825	38	13	1	817	673	1490	0.0	1216
4d378b45-f1a0-413b-b7f5-4af747b0bcd6	NR_042776.1	94.444	468	11	10	1	460	1043	1503	0.0	706
4d378b45-f1a0-413b-b7f5-4af747b0bcd6	NR_042777.1	94.444	468	11	10	1	460	1042	1502	0.0	706
4d378b45-f1a0-413b-b7f5-4af747b0bcd6	NR_042778.1	94.017	468	13	10	1	460	1043	1503	0.0	695
4d378b45-f1a0-413b-b7f5-4af747b0bcd6	NR_118998.1	94.017	468	13	10	1	460	1037	1497	0.0	695
4d378b45-f1a0-413b-b7f5-4af747b0bcd6	NR_197695.1	94.017	468	13	10	1	460	1042	1502	0.0	695
51f3d31a-9ca8-4994-8b7e-fd9db293b3cc	NR_109628.1	95.174	518	20	5	1	515	516	1	0.0	813
51f3d31a-9ca8-4994-8b7e-fd9db293b3cc	NR_102895.1	92.000	525	37	5	1	522	543	21	0.0	732
51f3d31a-9ca8-4994-8b7e-fd9db293b3cc	NR_113105.1	92.000	525	37	5	1	522	523	1	0.0	732
51f3d31a-9ca8-4994-8b7e-fd9db293b3cc	NR_113113.1	91.810	525	38	5	1	522	523	1	0.0	726
51f3d31a-9ca8-4994-8b7e-fd9db293b3cc	NR_044407.1	91.876	517	37	5	1	514	515	1	0.0	717
ae1f558a-725a-4c8b-8164-ccab211c9d60	NR_042843.1	97.318	522	5	9	1	517	655	1172	0.0	878
ae1f558a-725a-4c8b-8164-ccab211c9d60	NR_102895.1	97.318	522	5	9	1	517	683	1200	0.0	878
ae1f558a-725a-4c8b-8164-ccab211c9d60	NR_113113.1	97.318	522	5	9	1	517	663	1180	0.0	878
ae1f558a-725a-4c8b-8164-ccab211c9d60	NR_175509.1	96.935	522	7	9	1	517	675	1192	0.0	867
ae1f558a-725a-4c8b-8164-ccab211c9d60	NR_029148.1	96.737	521	9	8	1	517	683	1199	0.0	861
d5804346-3980-4c0d-a6ed-72170d6a1b88	NR_042928.1	94.277	629	20	13	1	620	626	5	0.0	948
d5804346-3980-4c0d-a6ed-72170d6a1b88	NR_109720.1	93.949	628	22	13	1	618	622	1	0.0	935
d5804346-3980-4c0d-a6ed-72170d6a1b88	NR_199547.1	94.599	611	16	14	1	601	606	3	0.0	929
d5804346-3980-4c0d-a6ed-72170d6a1b88	NR_112026.1	94.156	616	20	13	1	607	609	1	0.0	924
d5804346-3980-4c0d-a6ed-72170d6a1b88	NR_036936.1	93.333	630	26	13	1	620	628	5	0.0	918
e598e119-a273-4b79-b08e-04659eff550a	NR_115735.1	90.862	1346	58	47	3	1312	147	1463	0.0	1744
e598e119-a273-4b79-b08e-04659eff550a	NR_024842.1	90.788	1346	59	47	3	1312	171	1487	0.0	1740
e598e119-a273-4b79-b08e-04659eff550a	NR_115241.1	90.625	1344	61	47	3	1310	156	1470	0.0	1729
e598e119-a273-4b79-b08e-04659eff550a	NR_165737.1	90.646	1347	56	51	3	1310	156	1471	0.0	1725
e598e119-a273-4b79-b08e-04659eff550a	NR_036936.1	90.275	1347	61	51	3	1310	156	1471	0.0	1698
1fa5794e-c618-4cbf-b879-8a083fba7421	NR_144727.1	78.990	614	96	25	23	616	613	13	1.89e-107	388
1fa5794e-c618-4cbf-b879-8a083fba7421	NR_179559.1	79.362	596	89	25	41	616	594	13	1.89e-107	388
1fa5794e-c618-4cbf-b879-8a083fba7421	NR_189249.1	83.911	404	52	7	23	416	622	222	5.28e-103	374
1fa5794e-c618-4cbf-b879-8a083fba7421	NR_029355.1	81.489	470	69	14	75	530	554	89	6.83e-102	370
1fa5794e-c618-4cbf-b879-8a083fba7421	NR_102884.1	80.816	490	73	14	58	530	574	89	3.18e-100	364
c1799434-efae-4d91-a604-d819ca910ec7	NR_028682.1	92.365	537	24	15	1	529	952	1479	0.0	749
c1799434-efae-4d91-a604-d819ca910ec7	NR_116890.1	92.150	535	26	13	1	528	940	1465	0.0	741
c1799434-efae-4d91-a604-d819ca910ec7	NR_025396.1	90.991	555	31	16	1	546	923	1467	0.0	730
c1799434-efae-4d91-a604-d819ca910ec7	NR_119263.1	90.647	556	33	16	1	546	949	1495	0.0	721
c1799434-efae-4d91-a604-d819ca910ec7	NR_044929.2	89.892	554	39	15	1	546	893	1437	0.0	704
e2c9b3a8-c176-41d8-8dbe-2689e88c1b40	NR_044873.1	94.054	925	33	16	4	915	952	37	0.0	1384
e2c9b3a8-c176-41d8-8dbe-2689e88c1b40	NR_074568.1	92.432	925	47	17	4	915	962	48	0.0	1299
e2c9b3a8-c176-41d8-8dbe-2689e88c1b40	NR_044712.2	92.108	925	50	19	4	915	971	57	0.0	1288
e2c9b3a8-c176-41d8-8dbe-2689e88c1b40	NR_024785.1	92.100	924	50	18	4	915	918	6	0.0	1280
e2c9b3a8-c176-41d8-8dbe-2689e88c1b40	NR_178360.1	91.685	926	53	18	4	915	929	14	0.0	1262
4a4eaebf-0277-404d-a515-b9914c0dcac1	NR_024842.1	97.670	1459	22	11	1	1452	1461	8	0.0	2499
4a4eaebf-0277-404d-a515-b9914c0dcac1	NR_115241.1	97.726	1451	21	11	1	1444	1446	1	0.0	2488
4a4eaebf-0277-404d-a515-b9914c0dcac1	NR_115735.1	97.712	1442	20	12	1	1434	1437	1	0.0	2468
4a4eaebf-0277-404d-a515-b9914c0dcac1	NR_165737.1	97.109	1453	27	14	1	1444	1447	1	0.0	2436
4a4eaebf-0277-404d-a515-b9914c0dcac1	NR_178515.1	97.458	1416	23	12	37	1444	1411	1	0.0	2403
6e6b9baa-7f37-4429-92f0-6b61acdf3c32	NR_026419.1	92.215	745	24	26	1	718	1427	690	0.0	1024
6e6b9baa-7f37-4429-92f0-6b61acdf3c32	NR_133752.1	91.275	745	31	26	1	718	1364	627	0.0	985
6e6b9baa-7f37-4429-92f0-6b61acdf3c32	NR_133753.1	91.275	745	31	26	1	718	1393	656	0.0	985
6e6b9baa-7f37-4429-92f0-6b61acdf3c32	NR_025904.1	91.275	745	31	26	1	718	1438	701	0.0	985
6e6b9baa-7f37-4429-92f0-6b61acdf3c32	NR_025903.1	91.275	745	31	26	1	718	1439	702	0.0	985
c30249e8-7962-45fc-8024-d786edcdec70	NR_024842.1	93.484	798	26	17	11	793	793	7	0.0	1166
c30249e8-7962-45fc-8024-d786edcdec70	NR_115241.1	93.663	789	24	17	11	784	778	1	0.0	1157
c30249e8-7962-45fc-8024-d786edcdec70	NR_115735.1	93.462	780	24	18	11	774	769	1	0.0	1133
c30249e8-7962-45fc-8024-d786edcdec70	NR_178515.1	92.785	790	29	19	11	784	778	1	0.0	1118
c30249e8-7962-45fc-8024-d786edcdec70	NR_165737.1	92.532	790	31	19	11	784	778	1	0.0	1107
7698b46e-e53d-432a-8dd7-315e4b47fdb4	NR_026419.1	90.724	1423	98	33	1	1405	1407	1	0.0	1866
7698b46e-e53d-432a-8dd7-315e4b47fdb4	NR_025903.1	90.377	1434	99	37	1	1414	1419	5	0.0	1847
7698b46e-e53d-432a-8dd7-315e4b47fdb4	NR_025904.1	89.979	1437	99	42	1	1414	1418	4	0.0	1814
7698b46e-e53d-432a-8dd7-315e4b47fdb4	NR_133753.1	90.459	1373	95	34	1	1355	1373	19	0.0	1777
7698b46e-e53d-432a-8dd7-315e4b47fdb4	NR_036920.1	89.378	1431	116	33	1	1414	1412	1	0.0	1768
7125783a-7680-4054-aa5c-ae4eb924d73a	NR_024842.1	97.446	783	11	7	36	813	715	1493	0.0	1327
7125783a-7680-4054-aa5c-ae4eb924d73a	NR_115735.1	97.429	778	11	7	36	808	691	1464	0.0	1317
7125783a-7680-4054-aa5c-ae4eb924d73a	NR_156072.1	97.063	783	14	7	36	813	720	1498	0.0	1310
7125783a-7680-4054-aa5c-ae4eb924d73a	NR_199974.1	96.939	784	14	8	36	813	727	1506	0.0	1306
7125783a-7680-4054-aa5c-ae4eb924d73a	NR_036936.1	97.165	776	12	8	36	805	700	1471	0.0	1303
923c487d-cf85-4076-8744-63673da0bb46	NR_199545.1	94.016	1270	40	30	12	1260	238	1492	0.0	1892
923c487d-cf85-4076-8744-63673da0bb46	NR_179385.1	93.937	1270	41	30	12	1260	242	1496	0.0	1886
923c487d-cf85-4076-8744-63673da0bb46	NR_165744.1	93.918	1266	41	30	12	1256	227	1477	0.0	1879
923c487d-cf85-4076-8744-63673da0bb46	NR_179383.1	93.784	1271	42	31	12	1260	245	1500	0.0	1875
923c487d-cf85-4076-8744-63673da0bb46	NR_027214.1	93.839	1266	42	30	12	1256	218	1468	0.0	1873
72dea9d3-9ce4-43b9-9f27-b4dae64eb166	NR_024842.1	97.026	269	2	3	4	272	1473	1211	1.29e-125	448
72dea9d3-9ce4-43b9-9f27-b4dae64eb166	NR_115735.1	97.026	269	2	3	4	272	1449	1187	1.29e-125	448
72dea9d3-9ce4-43b9-9f27-b4dae64eb166	NR_115241.1	96.654	269	3	3	4	272	1458	1196	1.67e-124	444
72dea9d3-9ce4-43b9-9f27-b4dae64eb166	NR_178262.1	96.667	270	2	4	4	272	1353	1090	6.00e-124	442
72dea9d3-9ce4-43b9-9f27-b4dae64eb166	NR_179215.1	96.667	270	2	4	4	272	1475	1212	6.00e-124	442
84791a35-d82b-4250-9386-49dcfa025dc0	NR_042776.1	91.817	1051	35	40	4	1022	1049	18	0.0	1417
84791a35-d82b-4250-9386-49dcfa025dc0	NR_042778.1	91.627	1051	37	40	4	1022	1049	18	0.0	1406
84791a35-d82b-4250-9386-49dcfa025dc0	NR_042777.1	91.532	1051	37	41	4	1022	1048	18	0.0	1400
84791a35-d82b-4250-9386-49dcfa025dc0	NR_197695.1	91.342	1051	40	40	4	1022	1048	17	0.0	1389
84791a35-d82b-4250-9386-49dcfa025dc0	NR_118998.1	90.866	1051	44	41	4	1022	1043	13	0.0	1363
2e62e96c-6308-4e87-a64e-fc1680793b2e	NR_113570.1	96.319	489	10	7	1	482	1003	1490	0.0	797
2e62e96c-6308-4e87-a64e-fc1680793b2e	NR_043332.1	96.296	486	11	6	3	482	998	1482	0.0	793
2e62e96c-6308-4e87-a64e-fc1680793b2e	NR_074980.1	96.296	486	11	6	3	482	1025	1509	0.0	791
2e62e96c-6308-4e87-a64e-fc1680793b2e	NR_113031.1	96.296	486	11	6	3	482	1025	1509	0.0	791
2e62e96c-6308-4e87-a64e-fc1680793b2e	NR_115355.1	95.697	488	14	6	1	482	996	1482	0.0	778
75d6ad57-7a5a-43fb-ad01-54f49f2fb077	NR_025862.1	90.129	699	32	32	1	673	1251	564	0.0	878
75d6ad57-7a5a-43fb-ad01-54f49f2fb077	NR_026454.1	90.129	699	32	32	1	673	1228	541	0.0	874
75d6ad57-7a5a-43fb-ad01-54f49f2fb077	NR_028682.1	89.843	699	34	31	1	673	1252	565	0.0	863
75d6ad57-7a5a-43fb-ad01-54f49f2fb077	NR_116890.1	89.843	699	34	31	1	673	1240	553	0.0	863
75d6ad57-7a5a-43fb-ad01-54f49f2fb077	NR_025445.1	89.557	699	36	33	1	673	1243	556	0.0	852
3b20d08d-c756-4506-a062-3065eef99922	NR_042776.1	96.003	1401	28	22	1	1383	1409	19	0.0	2252
3b20d08d-c756-4506-a062-3065eef99922	NR_042778.1	95.789	1401	31	22	1	1383	1409	19	0.0	2235
3b20d08d-c756-4506-a062-3065eef99922	NR_042777.1	95.789	1401	30	23	1	1383	1408	19	0.0	2233
3b20d08d-c756-4506-a062-3065eef99922	NR_197695.1	95.432	1401	36	22	1	1383	1408	18	0.0	2207
3b20d08d-c756-4506-a062-3065eef99922	NR_118998.1	95.214	1400	40	21	1	1383	1403	14	0.0	2191
198d81dd-8717-47c9-84ef-0c7167f78079	NR_199541.1	97.326	748	12	7	2	747	1280	539	0.0	1264
198d81dd-8717-47c9-84ef-0c7167f78079	NR_180625.1	97.193	748	13	7	2	747	1284	543	0.0	1258
198d81dd-8717-47c9-84ef-0c7167f78079	NR_028664.1	97.063	749	12	8	2	747	1325	584	0.0	1253
198d81dd-8717-47c9-84ef-0c7167f78079	NR_115240.1	97.063	749	12	8	2	747	1302	561	0.0	1253
198d81dd-8717-47c9-84ef-0c7167f78079	NR_115732.1	97.063	749	12	8	2	747	1304	563	0.0	1253
bd069b36-d7d8-4fa5-a37f-c6bccd6b363e	NR_024842.1	95.556	1350	31	18	1	1341	1338	9	0.0	2137
bd069b36-d7d8-4fa5-a37f-c6bccd6b363e	NR_115241.1	95.532	1343	31	18	1	1334	1323	1	0.0	2124
bd069b36-d7d8-4fa5-a37f-c6bccd6b363e	NR_115735.1	95.718	1331	28	18	1	1322	1314	4	0.0	2115
bd069b36-d7d8-4fa5-a37f-c6bccd6b363e	NR_178515.1	95.238	1344	33	20	1	1334	1323	1	0.0	2098
bd069b36-d7d8-4fa5-a37f-c6bccd6b363e	NR_165737.1	95.015	1344	36	20	1	1334	1323	1	0.0	2082
49c84f88-d67b-4783-b625-0a644185df89	NR_116168.1	91.977	511	26	12	1	502	169	673	0.0	702
49c84f88-d67b-4783-b625-0a644185df89	NR_042878.1	91.585	511	28	12	1	502	148	652	0.0	697
49c84f88-d67b-4783-b625-0a644185df89	NR_118762.1	89.824	511	37	12	1	502	172	676	0.0	660
49c84f88-d67b-4783-b625-0a644185df89	NR_118143.1	89.844	512	35	15	1	502	150	654	0.0	643
49c84f88-d67b-4783-b625-0a644185df89	NR_025423.1	89.432	511	39	12	1	502	153	657	2.45e-180	630
9f9a699e-b4c8-48c5-9ac2-7d6d1f61e9f0	NR_024842.1	96.233	876	14	11	1	863	620	1489	0.0	1417
9f9a699e-b4c8-48c5-9ac2-7d6d1f61e9f0	NR_115735.1	96.229	875	14	11	1	862	596	1464	0.0	1415
9f9a699e-b4c8-48c5-9ac2-7d6d1f61e9f0	NR_165737.1	95.991	873	15	12	1	859	605	1471	0.0	1400
9f9a699e-b4c8-48c5-9ac2-7d6d1f61e9f0	NR_115241.1	95.872	872	17	11	1	859	605	1470	0.0	1399
9f9a699e-b4c8-48c5-9ac2-7d6d1f61e9f0	NR_036936.1	95.876	873	16	12	1	859	605	1471	0.0	1395
7b3cb56d-478d-443e-9c6a-a2c633b85a63	NR_042776.1	90.131	993	57	34	3	959	1005	18	0.0	1253
7b3cb56d-478d-443e-9c6a-a2c633b85a63	NR_042778.1	89.930	993	59	34	3	959	1005	18	0.0	1242
7b3cb56d-478d-443e-9c6a-a2c633b85a63	NR_042777.1	89.829	993	59	35	3	959	1004	18	0.0	1236
7b3cb56d-478d-443e-9c6a-a2c633b85a63	NR_197695.1	89.527	993	63	34	3	959	1004	17	0.0	1219
7b3cb56d-478d-443e-9c6a-a2c633b85a63	NR_118998.1	89.214	992	67	33	3	959	999	13	0.0	1205
1d1d6b0e-9c3b-4355-805c-008b0ae92a3a	NR_116168.1	96.262	428	13	3	1	426	1066	1492	0.0	699
1d1d6b0e-9c3b-4355-805c-008b0ae92a3a	NR_118762.1	95.923	417	14	3	1	415	1068	1483	0.0	676
1d1d6b0e-9c3b-4355-805c-008b0ae92a3a	NR_024897.1	94.872	429	17	5	1	426	1065	1491	0.0	665
1d1d6b0e-9c3b-4355-805c-008b0ae92a3a	NR_181418.1	94.872	429	17	5	1	426	1065	1491	0.0	665
1d1d6b0e-9c3b-4355-805c-008b0ae92a3a	NR_180040.1	94.419	430	17	7	1	426	1072	1498	0.0	654
1fcb2df7-7d8a-4c6b-adbc-8d8ef474aebd	NR_115355.1	93.874	1208	45	20	1	1194	1218	26	0.0	1797
1fcb2df7-7d8a-4c6b-adbc-8d8ef474aebd	NR_179325.1	93.947	1206	45	20	1	1192	1192	1	0.0	1797
1fcb2df7-7d8a-4c6b-adbc-8d8ef474aebd	NR_119169.1	93.626	1208	48	20	1	1194	1223	31	0.0	1784
1fcb2df7-7d8a-4c6b-adbc-8d8ef474aebd	NR_041879.1	93.955	1191	42	22	1	1176	1176	1	0.0	1773
1fcb2df7-7d8a-4c6b-adbc-8d8ef474aebd	NR_163639.1	93.548	1209	43	27	1	1194	1233	45	0.0	1768
88083a6b-79be-4b8e-94da-5fb8f52faa13	NR_028682.1	92.820	1156	46	32	13	1152	363	1497	0.0	1640
88083a6b-79be-4b8e-94da-5fb8f52faa13	NR_025862.1	94.262	1063	34	22	13	1066	362	1406	0.0	1607
88083a6b-79be-4b8e-94da-5fb8f52faa13	NR_116890.1	92.518	1136	51	29	13	1135	351	1465	0.0	1596
88083a6b-79be-4b8e-94da-5fb8f52faa13	NR_180652.1	92.167	1149	60	25	13	1150	352	1481	0.0	1596
88083a6b-79be-4b8e-94da-5fb8f52faa13	NR_119263.1	91.861	1155	62	26	13	1154	360	1495	0.0	1583
c2cf2d1c-bdad-4959-8155-ce73c4720177	NR_028664.1	97.554	327	6	2	1	327	178	502	6.94e-159	558
c2cf2d1c-bdad-4959-8155-ce73c4720177	NR_115240.1	97.554	327	6	2	1	327	155	479	6.94e-159	558
c2cf2d1c-bdad-4959-8155-ce73c4720177	NR_115732.1	97.554	327	6	2	1	327	157	481	6.94e-159	558
c2cf2d1c-bdad-4959-8155-ce73c4720177	NR_116207.1	97.554	327	6	2	1	327	20	344	6.94e-159	558
c2cf2d1c-bdad-4959-8155-ce73c4720177	NR_165741.1	97.554	327	6	2	1	327	164	488	6.94e-159	558
3de5fa67-fc2c-48ce-8514-001d5b5ed5e4	NR_180875.1	97.846	325	1	6	1	321	1097	775	2.49e-158	556
3de5fa67-fc2c-48ce-8514-001d5b5ed5e4	NR_109720.1	97.538	325	2	6	1	321	1112	790	1.16e-156	551
3de5fa67-fc2c-48ce-8514-001d5b5ed5e4	NR_178515.1	97.826	322	1	6	4	321	1115	796	1.16e-156	551
3de5fa67-fc2c-48ce-8514-001d5b5ed5e4	NR_024842.1	97.516	322	2	6	4	321	1130	811	5.39e-155	545
3de5fa67-fc2c-48ce-8514-001d5b5ed5e4	NR_036936.1	97.231	325	3	6	1	321	1118	796	5.39e-155	545
ca5179db-1c4e-4c27-a9b0-643dde4a1174	NR_117425.1	97.143	315	8	1	1	314	155	469	1.53e-150	531
ca5179db-1c4e-4c27-a9b0-643dde4a1174	NR_115241.1	95.468	331	11	2	1	327	152	482	7.11e-149	525
ca5179db-1c4e-4c27-a9b0-643dde4a1174	NR_115735.1	95.468	331	11	2	1	327	143	473	7.11e-149	525
ca5179db-1c4e-4c27-a9b0-643dde4a1174	NR_116211.1	95.468	331	11	2	1	327	75	405	7.11e-149	525
ca5179db-1c4e-4c27-a9b0-643dde4a1174	NR_024842.1	95.166	331	12	2	1	327	167	497	9.20e-148	521
ad918b21-ddcb-4ae1-81ce-f73c96d93c5e	NR_115241.1	91.789	682	31	19	1	666	20	692	0.0	926
ad918b21-ddcb-4ae1-81ce-f73c96d93c5e	NR_115735.1	91.654	683	31	20	1	666	10	683	0.0	922
ad918b21-ddcb-4ae1-81ce-f73c96d93c5e	NR_024842.1	91.496	682	33	19	1	666	35	707	0.0	918
ad918b21-ddcb-4ae1-81ce-f73c96d93c5e	NR_178515.1	91.508	683	31	21	1	666	20	692	0.0	915
ad918b21-ddcb-4ae1-81ce-f73c96d93c5e	NR_165737.1	91.387	685	28	23	1	666	20	692	0.0	909
d07a2250-8630-432f-869e-779d72aee403	NR_178262.1	95.833	264	6	5	1	262	1109	1369	7.63e-118	422
d07a2250-8630-432f-869e-779d72aee403	NR_179215.1	95.833	264	6	5	1	262	1231	1491	7.63e-118	422
d07a2250-8630-432f-869e-779d72aee403	NR_024842.1	95.437	263	8	4	1	262	1230	1489	3.55e-116	416
d07a2250-8630-432f-869e-779d72aee403	NR_028666.1	95.455	264	7	5	1	262	1239	1499	3.55e-116	416
d07a2250-8630-432f-869e-779d72aee403	NR_028833.1	95.455	264	7	5	1	262	1242	1502	3.55e-116	416
bce44e36-259b-4517-910d-90ba72d2352e	NR_041989.1	97.333	600	8	8	1	595	1210	614	0.0	1013
bce44e36-259b-4517-910d-90ba72d2352e	NR_117694.1	97.167	600	9	8	1	595	1252	656	0.0	1007
bce44e36-259b-4517-910d-90ba72d2352e	NR_178369.1	97.000	600	10	8	1	595	1223	627	0.0	1002
bce44e36-259b-4517-910d-90ba72d2352e	NR_025892.1	96.667	600	12	8	1	595	1277	681	0.0	996
bce44e36-259b-4517-910d-90ba72d2352e	NR_121687.1	96.833	600	11	8	1	595	1272	676	0.0	996
95b8f8ab-6c9d-403f-bc7a-573e48b42c36	NR_042776.1	97.205	823	14	7	25	841	835	16	0.0	1384
95b8f8ab-6c9d-403f-bc7a-573e48b42c36	NR_042778.1	96.962	823	16	7	25	841	835	16	0.0	1373
95b8f8ab-6c9d-403f-bc7a-573e48b42c36	NR_042777.1	96.841	823	16	7	25	841	834	16	0.0	1367
95b8f8ab-6c9d-403f-bc7a-573e48b42c36	NR_197695.1	96.719	823	18	7	25	841	834	15	0.0	1362
95b8f8ab-6c9d-403f-bc7a-573e48b42c36	NR_118998.1	96.355	823	21	7	25	841	830	11	0.0	1347
