ee038f54-5904-44e7-b694-53e2f08299ce	NR_042928.1	86.928	918	66	40	20	905	896	1	0.0	981
ee038f54-5904-44e7-b694-53e2f08299ce	NR_199547.1	87.430	891	63	34	20	880	876	5	0.0	979
ee038f54-5904-44e7-b694-53e2f08299ce	NR_112026.1	87.039	895	63	39	20	883	878	6	0.0	963
ee038f54-5904-44e7-b694-53e2f08299ce	NR_117719.1	86.177	926	74	40	20	913	916	13	0.0	952
ee038f54-5904-44e7-b694-53e2f08299ce	NR_028665.1	85.961	926	76	40	20	913	913	10	0.0	942
b11f4acf-2e63-43c1-b72b-714d82f6b234	NR_163639.1	89.354	573	30	26	5	556	566	4	0.0	691
b11f4acf-2e63-43c1-b72b-714d82f6b234	NR_074980.1	89.161	572	34	21	5	555	577	13	0.0	688
b11f4acf-2e63-43c1-b72b-714d82f6b234	NR_113031.1	89.161	572	34	21	5	555	577	13	0.0	688
b11f4acf-2e63-43c1-b72b-714d82f6b234	NR_119169.1	89.324	562	33	20	5	546	555	1	0.0	682
b11f4acf-2e63-43c1-b72b-714d82f6b234	NR_119168.1	89.324	562	33	20	5	546	555	1	0.0	680
b3cde37a-a8ec-4da8-9b2a-a33658f561b1	NR_074980.1	88.788	883	61	33	1	861	881	15	0.0	1048
b3cde37a-a8ec-4da8-9b2a-a33658f561b1	NR_113031.1	88.788	883	61	33	1	861	881	15	0.0	1048
b3cde37a-a8ec-4da8-9b2a-a33658f561b1	NR_119169.1	88.914	875	59	33	1	853	859	1	0.0	1048
b3cde37a-a8ec-4da8-9b2a-a33658f561b1	NR_119168.1	88.914	875	59	33	1	853	859	1	0.0	1044
b3cde37a-a8ec-4da8-9b2a-a33658f561b1	NR_115355.1	88.851	870	59	33	1	848	854	1	0.0	1038
eee3a831-0b05-4962-8de7-f7d3791e9c39	NR_119169.1	91.646	790	39	21	1	773	782	3	0.0	1072
eee3a831-0b05-4962-8de7-f7d3791e9c39	NR_163639.1	91.304	805	37	27	1	786	794	4	0.0	1068
eee3a831-0b05-4962-8de7-f7d3791e9c39	NR_115355.1	91.614	787	39	21	1	770	777	1	0.0	1066
eee3a831-0b05-4962-8de7-f7d3791e9c39	NR_074980.1	91.034	803	43	23	1	785	804	13	0.0	1057
eee3a831-0b05-4962-8de7-f7d3791e9c39	NR_113031.1	91.034	803	43	23	1	785	804	13	0.0	1057
1049a6c1-da06-4092-bfef-520ecbc391f0	NR_044873.1	88.601	1237	70	59	129	1316	1216	2	0.0	1437
1049a6c1-da06-4092-bfef-520ecbc391f0	NR_074568.1	87.308	1237	85	59	129	1316	1226	13	0.0	1349
1049a6c1-da06-4092-bfef-520ecbc391f0	NR_044712.2	86.985	1237	89	59	129	1316	1235	22	0.0	1334
1049a6c1-da06-4092-bfef-520ecbc391f0	NR_109752.1	86.500	1237	98	56	128	1316	1238	23	0.0	1295
1049a6c1-da06-4092-bfef-520ecbc391f0	NR_178360.1	86.816	1206	92	54	128	1287	1194	10	0.0	1284
7fc42409-f895-4163-b640-239423706e68	NR_115355.1	93.987	316	10	7	1	308	1166	1480	3.22e-132	470
7fc42409-f895-4163-b640-239423706e68	NR_163639.1	93.987	316	10	7	1	308	1181	1495	3.22e-132	470
7fc42409-f895-4163-b640-239423706e68	NR_179325.1	93.987	316	10	7	1	308	1140	1454	3.22e-132	470
7fc42409-f895-4163-b640-239423706e68	NR_119169.1	93.671	316	11	7	1	308	1171	1485	1.50e-130	464
7fc42409-f895-4163-b640-239423706e68	NR_115354.1	93.354	316	12	7	1	308	1166	1480	6.98e-129	459
c151203c-c407-4eb3-a528-a7d4e7bb6e81	NR_044873.1	92.601	419	13	17	20	427	1062	651	4.32e-167	586
c151203c-c407-4eb3-a528-a7d4e7bb6e81	NR_074568.1	92.601	419	13	17	20	427	1072	661	4.32e-167	586
c151203c-c407-4eb3-a528-a7d4e7bb6e81	NR_044712.2	92.363	419	14	17	20	427	1081	670	5.59e-166	582
c151203c-c407-4eb3-a528-a7d4e7bb6e81	NR_043968.1	91.905	420	14	19	20	427	1030	619	4.35e-162	569
c151203c-c407-4eb3-a528-a7d4e7bb6e81	NR_025310.1	91.647	419	17	17	20	427	1052	641	2.02e-160	564
484ec34c-d3d6-492f-ac43-99ee1c7456e3	NR_026419.1	86.141	368	28	18	1	355	1153	796	8.27e-104	375
484ec34c-d3d6-492f-ac43-99ee1c7456e3	NR_133752.1	85.870	368	29	18	1	355	1090	733	3.85e-102	370
484ec34c-d3d6-492f-ac43-99ee1c7456e3	NR_133753.1	85.870	368	29	18	1	355	1119	762	3.85e-102	370
484ec34c-d3d6-492f-ac43-99ee1c7456e3	NR_025904.1	85.870	368	29	18	1	355	1164	807	3.85e-102	370
484ec34c-d3d6-492f-ac43-99ee1c7456e3	NR_025903.1	85.870	368	29	18	1	355	1165	808	3.85e-102	370
7f3359fa-8766-41ff-87a2-6fdccb53f66a	NR_179385.1	88.394	1146	86	41	1	1123	1357	236	0.0	1336
7f3359fa-8766-41ff-87a2-6fdccb53f66a	NR_042927.1	88.317	1147	85	43	1	1123	1335	214	0.0	1330
7f3359fa-8766-41ff-87a2-6fdccb53f66a	NR_114413.1	88.317	1147	85	43	1	1123	1358	237	0.0	1330
7f3359fa-8766-41ff-87a2-6fdccb53f66a	NR_115734.1	88.317	1147	85	43	1	1123	1336	215	0.0	1330
7f3359fa-8766-41ff-87a2-6fdccb53f66a	NR_116210.1	88.317	1147	85	43	1	1123	1198	77	0.0	1330
ec0960af-8924-45e7-a225-ceedca7b4ca5	NR_042776.1	93.358	798	18	27	1	773	712	1499	0.0	1147
ec0960af-8924-45e7-a225-ceedca7b4ca5	NR_042777.1	93.358	798	18	27	1	773	711	1498	0.0	1147
ec0960af-8924-45e7-a225-ceedca7b4ca5	NR_042778.1	93.108	798	20	27	1	773	712	1499	0.0	1136
ec0960af-8924-45e7-a225-ceedca7b4ca5	NR_197695.1	92.982	798	21	27	1	773	711	1498	0.0	1131
ec0960af-8924-45e7-a225-ceedca7b4ca5	NR_118933.1	89.252	735	47	27	1	713	610	1334	0.0	915
3671196f-bc21-4df1-bc1b-4673d93c388a	NR_179540.1	92.718	1236	41	34	1	1204	273	1491	0.0	1738
3671196f-bc21-4df1-bc1b-4673d93c388a	NR_042927.1	92.626	1234	41	35	1	1201	255	1471	0.0	1729
3671196f-bc21-4df1-bc1b-4673d93c388a	NR_115734.1	92.626	1234	41	35	1	1201	256	1472	0.0	1729
3671196f-bc21-4df1-bc1b-4673d93c388a	NR_117719.1	92.563	1237	42	35	1	1204	273	1492	0.0	1729
3671196f-bc21-4df1-bc1b-4673d93c388a	NR_042928.1	92.620	1233	42	34	1	1201	253	1468	0.0	1727
