a6f22184-6bc6-4dfb-9b4a-b7c5c5a13fb0	NR_042776.1	96.267	643	16	8	1	637	670	30	0.0	1048
a6f22184-6bc6-4dfb-9b4a-b7c5c5a13fb0	NR_042778.1	95.956	643	18	8	1	637	670	30	0.0	1037
a6f22184-6bc6-4dfb-9b4a-b7c5c5a13fb0	NR_042777.1	95.801	643	18	8	1	637	669	30	0.0	1029
a6f22184-6bc6-4dfb-9b4a-b7c5c5a13fb0	NR_197695.1	95.490	643	21	8	1	637	669	29	0.0	1020
a6f22184-6bc6-4dfb-9b4a-b7c5c5a13fb0	NR_118998.1	95.179	643	23	8	1	637	665	25	0.0	1011
7aaf5df1-5db9-46f5-9343-89650aa2fb98	NR_074980.1	90.820	610	30	20	1	593	628	28	0.0	793
7aaf5df1-5db9-46f5-9343-89650aa2fb98	NR_113031.1	90.820	610	30	20	1	593	628	28	0.0	793
7aaf5df1-5db9-46f5-9343-89650aa2fb98	NR_043332.1	90.656	610	31	20	1	593	601	1	0.0	789
7aaf5df1-5db9-46f5-9343-89650aa2fb98	NR_044153.1	90.671	611	29	22	1	593	601	1	0.0	789
7aaf5df1-5db9-46f5-9343-89650aa2fb98	NR_113570.1	90.344	611	32	21	1	593	608	7	0.0	776
31d37b5c-1d3c-4cdb-b19a-a2188613bad4	NR_042776.1	97.094	1411	20	17	1	1397	1418	15	0.0	2359
31d37b5c-1d3c-4cdb-b19a-a2188613bad4	NR_042777.1	96.882	1411	22	18	1	1397	1417	15	0.0	2342
31d37b5c-1d3c-4cdb-b19a-a2188613bad4	NR_042778.1	96.882	1411	23	17	1	1397	1418	15	0.0	2342
31d37b5c-1d3c-4cdb-b19a-a2188613bad4	NR_197695.1	96.598	1411	27	17	1	1397	1417	14	0.0	2320
31d37b5c-1d3c-4cdb-b19a-a2188613bad4	NR_118998.1	96.173	1411	32	18	1	1397	1412	10	0.0	2289
803d93c4-1fa2-4825-959f-2031c874fca4	NR_026419.1	95.690	1485	35	27	1	1467	11	1484	0.0	2361
803d93c4-1fa2-4825-959f-2031c874fca4	NR_025903.1	94.276	1485	54	29	1	1467	24	1495	0.0	2242
803d93c4-1fa2-4825-959f-2031c874fca4	NR_025904.1	93.813	1487	57	32	1	1467	23	1494	0.0	2204
803d93c4-1fa2-4825-959f-2031c874fca4	NR_133753.1	94.298	1438	52	28	24	1443	1	1426	0.0	2174
803d93c4-1fa2-4825-959f-2031c874fca4	NR_133752.1	94.097	1406	54	27	55	1443	4	1397	0.0	2109
cdd09a30-ed8c-4580-8739-39aeb05b8078	NR_026419.1	94.874	1463	37	32	1	1440	1448	1	0.0	2252
cdd09a30-ed8c-4580-8739-39aeb05b8078	NR_025903.1	93.746	1471	53	33	1	1448	1460	6	0.0	2170
cdd09a30-ed8c-4580-8739-39aeb05b8078	NR_025904.1	93.419	1474	52	37	1	1448	1459	5	0.0	2143
cdd09a30-ed8c-4580-8739-39aeb05b8078	NR_133753.1	93.833	1427	50	32	1	1405	1414	4	0.0	2113
cdd09a30-ed8c-4580-8739-39aeb05b8078	NR_133752.1	93.576	1401	52	32	1	1379	1385	1	0.0	2054
d8e9cca0-30af-40a6-8c0a-6fb45abe906c	NR_042776.1	96.212	1320	16	26	1	1296	190	1499	0.0	2130
d8e9cca0-30af-40a6-8c0a-6fb45abe906c	NR_042777.1	96.136	1320	16	27	1	1296	190	1498	0.0	2122
d8e9cca0-30af-40a6-8c0a-6fb45abe906c	NR_042778.1	95.909	1320	20	26	1	1296	190	1499	0.0	2108
d8e9cca0-30af-40a6-8c0a-6fb45abe906c	NR_197695.1	95.751	1318	22	26	3	1296	191	1498	0.0	2093
d8e9cca0-30af-40a6-8c0a-6fb45abe906c	NR_118998.1	95.451	1319	27	25	1	1296	185	1493	0.0	2073
18f83107-1a0a-499b-b208-1382544a5727	NR_028664.1	93.598	328	10	9	1	320	1172	1496	5.49e-135	479
18f83107-1a0a-499b-b208-1382544a5727	NR_117719.1	93.598	328	10	9	1	320	1169	1493	5.49e-135	479
18f83107-1a0a-499b-b208-1382544a5727	NR_179383.1	93.598	328	10	9	1	320	1176	1500	5.49e-135	479
18f83107-1a0a-499b-b208-1382544a5727	NR_175455.1	93.313	329	10	10	1	320	1157	1482	7.10e-134	475
18f83107-1a0a-499b-b208-1382544a5727	NR_028666.1	93.293	328	11	9	1	320	1175	1499	2.55e-133	473
6af3d7c4-3c4b-4a4b-bbba-8d72d9612260	NR_024842.1	91.623	382	17	12	3	374	1114	1490	1.76e-145	514
6af3d7c4-3c4b-4a4b-bbba-8d72d9612260	NR_115735.1	91.579	380	17	12	3	372	1090	1464	2.28e-144	510
6af3d7c4-3c4b-4a4b-bbba-8d72d9612260	NR_028664.1	91.123	383	18	12	3	374	1120	1497	1.06e-142	505
6af3d7c4-3c4b-4a4b-bbba-8d72d9612260	NR_042771.1	91.123	383	18	12	3	374	1117	1494	1.06e-142	505
6af3d7c4-3c4b-4a4b-bbba-8d72d9612260	NR_178262.1	91.123	383	18	12	3	374	993	1370	1.06e-142	505
0576762a-3209-44ba-9bc5-225479c987c3	NR_116168.1	95.822	1149	26	18	1	1137	118	1256	0.0	1836
0576762a-3209-44ba-9bc5-225479c987c3	NR_042878.1	95.648	1149	28	18	1	1137	97	1235	0.0	1832
0576762a-3209-44ba-9bc5-225479c987c3	NR_118762.1	94.174	1150	42	19	1	1137	121	1258	0.0	1766
0576762a-3209-44ba-9bc5-225479c987c3	NR_118143.1	94.580	1144	41	17	1	1133	99	1232	0.0	1751
0576762a-3209-44ba-9bc5-225479c987c3	NR_025423.1	93.947	1140	48	17	1	1129	102	1231	0.0	1703
b466ca7a-543a-438d-8e49-3627468ea7a4	NR_163639.1	98.792	414	2	3	1	414	1087	1497	0.0	734
b466ca7a-543a-438d-8e49-3627468ea7a4	NR_179325.1	98.792	414	2	3	1	414	1046	1456	0.0	734
b466ca7a-543a-438d-8e49-3627468ea7a4	NR_115355.1	98.551	414	3	3	1	414	1072	1482	0.0	728
b466ca7a-543a-438d-8e49-3627468ea7a4	NR_115354.1	98.309	414	4	3	1	414	1072	1482	0.0	723
b466ca7a-543a-438d-8e49-3627468ea7a4	NR_119169.1	97.826	414	6	3	1	414	1077	1487	0.0	715
bbc80ec9-d76c-4fae-b27d-6961b773f2b1	NR_117719.1	93.862	391	11	9	1	382	1501	1115	2.28e-164	577
bbc80ec9-d76c-4fae-b27d-6961b773f2b1	NR_179383.1	93.862	391	11	9	1	382	1508	1122	2.28e-164	577
bbc80ec9-d76c-4fae-b27d-6961b773f2b1	NR_175455.1	93.622	392	11	10	1	382	1490	1103	2.95e-163	573
bbc80ec9-d76c-4fae-b27d-6961b773f2b1	NR_028664.1	93.606	391	12	9	1	382	1504	1118	1.06e-162	571
bbc80ec9-d76c-4fae-b27d-6961b773f2b1	NR_028666.1	93.606	391	12	9	1	382	1507	1121	1.06e-162	571
db097a82-2ef7-4276-9637-b1584dafa62f	NR_041879.1	94.726	474	9	10	1	468	591	128	0.0	723
db097a82-2ef7-4276-9637-b1584dafa62f	NR_179325.1	94.726	474	9	10	1	468	608	145	0.0	723
db097a82-2ef7-4276-9637-b1584dafa62f	NR_115355.1	94.515	474	10	10	1	468	634	171	0.0	719
db097a82-2ef7-4276-9637-b1584dafa62f	NR_119169.1	94.304	474	11	10	1	468	639	176	0.0	713
db097a82-2ef7-4276-9637-b1584dafa62f	NR_113570.1	94.268	471	11	10	4	468	638	178	0.0	706
7f1faf6a-7ca9-47fd-9d50-6f2fc8a80575	NR_134817.1	94.942	257	7	6	3	258	1236	1487	1.26e-110	398
7f1faf6a-7ca9-47fd-9d50-6f2fc8a80575	NR_179540.1	94.942	257	7	6	3	258	1241	1492	1.26e-110	398
7f1faf6a-7ca9-47fd-9d50-6f2fc8a80575	NR_028664.1	94.615	260	7	7	1	258	1242	1496	4.53e-110	396
7f1faf6a-7ca9-47fd-9d50-6f2fc8a80575	NR_117719.1	94.615	260	7	7	1	258	1239	1493	4.53e-110	396
7f1faf6a-7ca9-47fd-9d50-6f2fc8a80575	NR_178262.1	94.615	260	7	7	1	258	1115	1369	4.53e-110	396
616a057f-e98c-40fb-90c4-9b89c83521cc	NR_042776.1	95.409	697	18	11	1	691	811	1499	0.0	1098
616a057f-e98c-40fb-90c4-9b89c83521cc	NR_042777.1	95.409	697	18	11	1	691	810	1498	0.0	1098
616a057f-e98c-40fb-90c4-9b89c83521cc	NR_042778.1	95.122	697	20	11	1	691	811	1499	0.0	1086
616a057f-e98c-40fb-90c4-9b89c83521cc	NR_197695.1	94.835	697	22	11	1	691	810	1498	0.0	1075
616a057f-e98c-40fb-90c4-9b89c83521cc	NR_118998.1	94.684	696	24	11	1	691	806	1493	0.0	1068
03d4dba2-be26-4f2f-8d13-5dd179a559d1	NR_042776.1	94.392	1266	41	25	1	1249	1270	18	0.0	1917
03d4dba2-be26-4f2f-8d13-5dd179a559d1	NR_042778.1	94.234	1266	43	24	1	1249	1270	18	0.0	1906
03d4dba2-be26-4f2f-8d13-5dd179a559d1	NR_042777.1	94.155	1266	43	26	1	1249	1269	18	0.0	1899
03d4dba2-be26-4f2f-8d13-5dd179a559d1	NR_197695.1	93.918	1266	47	25	1	1249	1269	17	0.0	1884
03d4dba2-be26-4f2f-8d13-5dd179a559d1	NR_126177.1	91.162	1256	79	28	1	1237	1247	5	0.0	1676
0e748404-22dc-4729-a980-c7571a1728ae	NR_074980.1	93.605	172	8	2	1	170	183	13	1.78e-67	254
0e748404-22dc-4729-a980-c7571a1728ae	NR_113031.1	93.605	172	8	2	1	170	183	13	1.78e-67	254
0e748404-22dc-4729-a980-c7571a1728ae	NR_163639.1	93.605	172	8	2	1	170	175	5	1.78e-67	254
0e748404-22dc-4729-a980-c7571a1728ae	NR_119168.1	93.827	162	7	2	1	160	161	1	1.39e-63	241
0e748404-22dc-4729-a980-c7571a1728ae	NR_119169.1	93.827	162	7	2	1	160	161	1	1.39e-63	241
35dbd73e-3488-43b6-ac31-5f3e5f9aa9c1	NR_024659.1	100.000	88	0	0	1	88	1168	1081	1.43e-40	163
35dbd73e-3488-43b6-ac31-5f3e5f9aa9c1	NR_024841.1	100.000	88	0	0	1	88	1201	1114	1.43e-40	163
35dbd73e-3488-43b6-ac31-5f3e5f9aa9c1	NR_036936.1	100.000	88	0	0	1	88	1187	1100	1.43e-40	163
35dbd73e-3488-43b6-ac31-5f3e5f9aa9c1	NR_026471.1	100.000	88	0	0	1	88	1197	1110	1.43e-40	163
35dbd73e-3488-43b6-ac31-5f3e5f9aa9c1	NR_028665.1	100.000	88	0	0	1	88	1202	1115	1.43e-40	163
4a7c4284-f28c-437d-a61d-1c5ca276f336	NR_028682.1	93.130	262	11	5	1	258	1462	1204	1.62e-104	377
4a7c4284-f28c-437d-a61d-1c5ca276f336	NR_042357.1	91.221	262	16	5	1	258	1430	1172	3.53e-96	350
4a7c4284-f28c-437d-a61d-1c5ca276f336	NR_025435.1	90.909	264	14	8	1	258	1460	1201	4.57e-95	346
4a7c4284-f28c-437d-a61d-1c5ca276f336	NR_025396.1	90.840	262	17	5	1	258	1433	1175	1.64e-94	344
4a7c4284-f28c-437d-a61d-1c5ca276f336	NR_116890.1	90.840	262	17	5	1	258	1450	1192	1.64e-94	344
92064063-ec3b-4a85-88d6-e5d1e088629e	NR_040821.1	98.864	176	1	1	1	176	1422	1248	3.11e-85	313
92064063-ec3b-4a85-88d6-e5d1e088629e	NR_025630.1	98.864	176	1	1	1	176	1421	1247	3.11e-85	313
92064063-ec3b-4a85-88d6-e5d1e088629e	NR_024634.1	98.864	176	1	1	1	176	1433	1259	3.11e-85	313
92064063-ec3b-4a85-88d6-e5d1e088629e	NR_025148.1	98.864	176	1	1	1	176	1442	1268	3.11e-85	313
92064063-ec3b-4a85-88d6-e5d1e088629e	NR_027517.1	98.864	176	1	1	1	176	1442	1268	3.11e-85	313
22c82816-2cbe-4b71-a093-f4e7a5654d76	NR_199545.1	98.225	169	2	1	5	173	180	13	1.09e-79	294
22c82816-2cbe-4b71-a093-f4e7a5654d76	NR_115560.1	97.661	171	3	1	5	175	180	11	3.90e-79	292
22c82816-2cbe-4b71-a093-f4e7a5654d76	NR_165744.1	97.647	170	3	1	5	174	169	1	1.40e-78	291
22c82816-2cbe-4b71-a093-f4e7a5654d76	NR_028664.1	97.633	169	3	1	5	173	183	16	5.05e-78	289
22c82816-2cbe-4b71-a093-f4e7a5654d76	NR_179383.1	97.633	169	3	1	5	173	187	20	5.05e-78	289
2affed8b-1d27-4be0-a1fd-c5b079e9a93a	NR_043332.1	95.489	133	2	4	1	130	1484	1353	2.85e-54	209
2affed8b-1d27-4be0-a1fd-c5b079e9a93a	NR_074980.1	95.489	133	2	4	1	130	1511	1380	2.85e-54	209
2affed8b-1d27-4be0-a1fd-c5b079e9a93a	NR_113031.1	95.489	133	2	4	1	130	1511	1380	2.85e-54	209
2affed8b-1d27-4be0-a1fd-c5b079e9a93a	NR_115354.1	95.489	133	2	4	1	130	1484	1353	2.85e-54	209
2affed8b-1d27-4be0-a1fd-c5b079e9a93a	NR_115355.1	95.489	133	2	4	1	130	1484	1353	2.85e-54	209
214945d8-f84a-46fb-9ba8-082f31d8f78b	NR_028665.1	98.347	605	8	2	15	618	890	1493	0.0	1061
214945d8-f84a-46fb-9ba8-082f31d8f78b	NR_179385.1	98.347	605	8	2	15	618	897	1500	0.0	1061
214945d8-f84a-46fb-9ba8-082f31d8f78b	NR_199545.1	98.347	605	8	2	15	618	893	1496	0.0	1061
214945d8-f84a-46fb-9ba8-082f31d8f78b	NR_115239.1	98.325	597	8	2	15	610	873	1468	0.0	1046
214945d8-f84a-46fb-9ba8-082f31d8f78b	NR_027214.1	98.325	597	8	2	15	610	873	1468	0.0	1046
9cb4a4c9-2a7f-46c8-8e7e-e00ef8585c54	NR_041879.1	97.561	123	3	0	2	124	1270	1148	7.62e-55	211
9cb4a4c9-2a7f-46c8-8e7e-e00ef8585c54	NR_115355.1	97.561	123	3	0	2	124	1312	1190	7.62e-55	211
9cb4a4c9-2a7f-46c8-8e7e-e00ef8585c54	NR_119169.1	97.561	123	3	0	2	124	1317	1195	7.62e-55	211
9cb4a4c9-2a7f-46c8-8e7e-e00ef8585c54	NR_163639.1	97.561	123	3	0	2	124	1327	1205	7.62e-55	211
9cb4a4c9-2a7f-46c8-8e7e-e00ef8585c54	NR_179325.1	97.561	123	3	0	2	124	1286	1164	7.62e-55	211
b3a3ac73-78c3-4a12-b64c-23b4ae1c2cea	NR_042928.1	93.706	1287	36	33	1	1252	1281	5	0.0	1886
b3a3ac73-78c3-4a12-b64c-23b4ae1c2cea	NR_199547.1	93.927	1268	33	32	1	1233	1261	3	0.0	1875
b3a3ac73-78c3-4a12-b64c-23b4ae1c2cea	NR_112026.1	93.642	1274	35	34	1	1239	1263	1	0.0	1864
b3a3ac73-78c3-4a12-b64c-23b4ae1c2cea	NR_117719.1	92.621	1301	48	35	1	1265	1301	13	0.0	1827
b3a3ac73-78c3-4a12-b64c-23b4ae1c2cea	NR_199545.1	92.621	1301	48	35	1	1265	1301	13	0.0	1827
e0f291b4-cbf6-4e32-b122-318fca7d48b9	NR_163639.1	94.595	222	6	6	5	223	228	10	6.63e-93	339
e0f291b4-cbf6-4e32-b122-318fca7d48b9	NR_074980.1	94.144	222	7	6	5	223	236	18	3.09e-91	333
e0f291b4-cbf6-4e32-b122-318fca7d48b9	NR_113031.1	94.144	222	7	6	5	223	236	18	3.09e-91	333
e0f291b4-cbf6-4e32-b122-318fca7d48b9	NR_119168.1	94.884	215	6	5	5	216	214	2	1.11e-90	331
e0f291b4-cbf6-4e32-b122-318fca7d48b9	NR_119169.1	94.419	215	7	5	5	216	214	2	1.44e-89	327
b8b20f30-25d6-44e9-bc26-4d5534ad6483	NR_042776.1	96.403	139	3	2	1	138	155	18	8.52e-60	228
b8b20f30-25d6-44e9-bc26-4d5534ad6483	NR_042777.1	96.403	139	3	2	1	138	155	18	8.52e-60	228
b8b20f30-25d6-44e9-bc26-4d5534ad6483	NR_042778.1	96.403	139	3	2	1	138	155	18	8.52e-60	228
b8b20f30-25d6-44e9-bc26-4d5534ad6483	NR_118234.1	95.714	140	4	2	1	139	147	9	1.10e-58	224
b8b20f30-25d6-44e9-bc26-4d5534ad6483	NR_024841.1	95.683	139	4	2	1	138	144	7	3.96e-58	222
64abf65b-933f-4adc-a8a4-dde2e34488a1	NR_037101.1	94.690	113	4	2	1	112	1367	1478	8.84e-44	174
64abf65b-933f-4adc-a8a4-dde2e34488a1	NR_040821.1	94.690	113	4	2	1	112	1367	1478	8.84e-44	174
64abf65b-933f-4adc-a8a4-dde2e34488a1	NR_025148.1	94.690	113	4	2	1	112	1387	1498	8.84e-44	174
64abf65b-933f-4adc-a8a4-dde2e34488a1	NR_028664.1	94.690	113	4	2	1	112	1388	1499	8.84e-44	174
64abf65b-933f-4adc-a8a4-dde2e34488a1	NR_028666.1	94.690	113	4	2	1	112	1391	1502	8.84e-44	174
17f21b9b-2e3f-4361-86ac-278163a47122	NR_029097.1	96.316	190	5	2	1	189	210	22	1.69e-84	311
17f21b9b-2e3f-4361-86ac-278163a47122	NR_125571.1	95.789	190	6	2	1	189	234	46	2.18e-83	307
17f21b9b-2e3f-4361-86ac-278163a47122	NR_125570.1	95.789	190	6	2	1	189	192	4	7.85e-83	305
17f21b9b-2e3f-4361-86ac-278163a47122	NR_118651.1	79.042	167	29	6	1	164	274	111	5.11e-25	113
17f21b9b-2e3f-4361-86ac-278163a47122	NR_117043.1	84.746	118	9	9	50	163	194	82	6.61e-24	110
b3e67120-0d89-4a7a-850f-56a68e441439	NR_036936.1	98.099	263	2	3	1	261	1196	1457	7.95e-128	455
b3e67120-0d89-4a7a-850f-56a68e441439	NR_025453.1	98.099	263	2	3	1	261	1196	1457	7.95e-128	455
b3e67120-0d89-4a7a-850f-56a68e441439	NR_028666.1	98.099	263	2	3	1	261	1220	1481	7.95e-128	455
b3e67120-0d89-4a7a-850f-56a68e441439	NR_028833.1	98.099	263	2	3	1	261	1223	1484	7.95e-128	455
b3e67120-0d89-4a7a-850f-56a68e441439	NR_029052.1	98.099	263	2	3	1	261	1184	1445	7.95e-128	455
f710967a-86d1-46bb-88de-48345e0facdd	NR_074568.1	95.968	124	4	1	1	124	135	13	1.68e-51	200
f710967a-86d1-46bb-88de-48345e0facdd	NR_044712.2	95.968	124	4	1	1	124	144	22	1.68e-51	200
f710967a-86d1-46bb-88de-48345e0facdd	NR_044873.1	95.161	124	5	1	1	124	124	2	7.83e-50	195
f710967a-86d1-46bb-88de-48345e0facdd	NR_179993.1	94.444	126	6	1	1	126	135	11	2.82e-49	193
f710967a-86d1-46bb-88de-48345e0facdd	NR_109752.1	94.355	124	6	1	1	124	145	23	3.64e-48	189
ef438c7e-1e5c-4070-ab17-640bb434485d	NR_042776.1	94.675	169	2	6	1	165	171	336	4.85e-68	255
ef438c7e-1e5c-4070-ab17-640bb434485d	NR_042778.1	94.083	169	3	6	1	165	171	336	2.26e-66	250
ef438c7e-1e5c-4070-ab17-640bb434485d	NR_042777.1	93.491	169	4	6	1	165	171	336	1.05e-64	244
ef438c7e-1e5c-4070-ab17-640bb434485d	NR_118998.1	93.491	169	4	6	1	165	166	331	1.05e-64	244
ef438c7e-1e5c-4070-ab17-640bb434485d	NR_197695.1	92.899	169	5	6	1	165	170	335	4.89e-63	239
6a118280-e043-442d-8c48-865c8cd22319	NR_024842.1	94.619	223	7	5	8	226	228	7	1.85e-93	340
6a118280-e043-442d-8c48-865c8cd22319	NR_115241.1	94.393	214	7	5	8	217	213	1	1.87e-88	324
6a118280-e043-442d-8c48-865c8cd22319	NR_115735.1	94.634	205	6	4	8	208	204	1	4.04e-85	313
6a118280-e043-442d-8c48-865c8cd22319	NR_114413.1	89.686	223	18	5	8	226	236	15	4.10e-75	279
6a118280-e043-442d-8c48-865c8cd22319	NR_165737.1	90.233	215	14	7	8	217	213	1	1.91e-73	274
56b683ef-410d-4d4f-a92c-a441593bce02	NR_024659.1	91.393	244	10	10	1	237	1006	1245	1.99e-88	324
56b683ef-410d-4d4f-a92c-a441593bce02	NR_036936.1	91.358	243	12	9	1	237	1025	1264	1.99e-88	324
56b683ef-410d-4d4f-a92c-a441593bce02	NR_028666.1	91.393	244	10	9	1	237	1049	1288	1.99e-88	324
56b683ef-410d-4d4f-a92c-a441593bce02	NR_028833.1	91.393	244	10	9	1	237	1052	1291	1.99e-88	324
56b683ef-410d-4d4f-a92c-a441593bce02	NR_029052.1	91.393	244	10	9	1	237	1013	1252	1.99e-88	324
5f40a40e-a0a5-4c07-869d-8cb0ba44edc9	NR_025762.1	92.857	84	2	4	6	85	133	50	2.91e-27	119
5f40a40e-a0a5-4c07-869d-8cb0ba44edc9	NR_041880.1	90.909	88	3	5	3	85	115	28	1.35e-25	113
5f40a40e-a0a5-4c07-869d-8cb0ba44edc9	NR_041879.1	92.593	81	2	4	9	85	109	29	1.35e-25	113
5f40a40e-a0a5-4c07-869d-8cb0ba44edc9	NR_043332.1	92.593	81	2	4	9	85	152	72	1.35e-25	113
5f40a40e-a0a5-4c07-869d-8cb0ba44edc9	NR_074980.1	92.593	81	2	4	9	85	179	99	1.35e-25	113
883921d4-792e-4ad8-a40e-abfad7e1e38c	NR_113570.1	88.517	1106	53	54	1	1053	1157	73	0.0	1271
883921d4-792e-4ad8-a40e-abfad7e1e38c	NR_044091.1	91.295	965	32	41	1	928	1065	116	0.0	1269
883921d4-792e-4ad8-a40e-abfad7e1e38c	NR_025762.1	88.374	1101	63	50	1	1053	1128	45	0.0	1264
883921d4-792e-4ad8-a40e-abfad7e1e38c	NR_074980.1	86.773	1187	85	55	1	1137	1177	13	0.0	1256
883921d4-792e-4ad8-a40e-abfad7e1e38c	NR_113031.1	86.773	1187	85	55	1	1137	1177	13	0.0	1256
58095690-34ab-4b10-bbbc-caa5b439db17	NR_037101.1	96.992	133	3	1	1	133	1344	1475	3.90e-58	222
58095690-34ab-4b10-bbbc-caa5b439db17	NR_040821.1	96.992	133	3	1	1	133	1344	1475	3.90e-58	222
58095690-34ab-4b10-bbbc-caa5b439db17	NR_025148.1	96.992	133	3	1	1	133	1364	1495	3.90e-58	222
58095690-34ab-4b10-bbbc-caa5b439db17	NR_028664.1	96.992	133	3	1	1	133	1365	1496	3.90e-58	222
58095690-34ab-4b10-bbbc-caa5b439db17	NR_028666.1	96.992	133	3	1	1	133	1368	1499	3.90e-58	222
e2b5016e-2c2e-4541-bb5f-22c820a128de	NR_041880.1	92.889	225	6	6	12	228	598	820	8.81e-87	318
e2b5016e-2c2e-4541-bb5f-22c820a128de	NR_025762.1	92.889	225	6	6	12	228	620	842	8.81e-87	318
e2b5016e-2c2e-4541-bb5f-22c820a128de	NR_041879.1	92.889	225	6	6	12	228	599	821	8.81e-87	318
e2b5016e-2c2e-4541-bb5f-22c820a128de	NR_043332.1	92.889	225	6	6	12	228	642	864	8.81e-87	318
e2b5016e-2c2e-4541-bb5f-22c820a128de	NR_074980.1	92.889	225	6	6	12	228	669	891	8.81e-87	318
54eb3623-649d-4079-aad4-b1f1526052e1	NR_025862.1	96.612	856	17	12	1	851	860	12	0.0	1417
54eb3623-649d-4079-aad4-b1f1526052e1	NR_028682.1	94.860	856	31	13	1	850	861	13	0.0	1325
54eb3623-649d-4079-aad4-b1f1526052e1	NR_026454.1	92.764	843	44	17	1	832	837	1	0.0	1203
54eb3623-649d-4079-aad4-b1f1526052e1	NR_180652.1	91.238	856	55	16	1	842	850	1	0.0	1147
54eb3623-649d-4079-aad4-b1f1526052e1	NR_116890.1	90.548	857	57	21	1	841	849	1	0.0	1114
ab112106-1217-451f-babd-4a336ec36acb	NR_025863.1	97.581	124	1	2	1	123	780	658	7.48e-55	211
ab112106-1217-451f-babd-4a336ec36acb	NR_028682.1	97.581	124	1	2	1	123	776	654	7.48e-55	211
ab112106-1217-451f-babd-4a336ec36acb	NR_041706.1	97.581	124	1	2	1	123	764	642	7.48e-55	211
ab112106-1217-451f-babd-4a336ec36acb	NR_025689.1	97.581	124	1	2	1	123	764	642	7.48e-55	211
ab112106-1217-451f-babd-4a336ec36acb	NR_025862.1	97.581	124	1	2	1	123	775	653	7.48e-55	211
6c2439e9-2ed5-4715-af0c-f19b55ff9702	NR_116168.1	95.909	220	7	2	4	223	231	14	6.46e-98	355
6c2439e9-2ed5-4715-af0c-f19b55ff9702	NR_042878.1	95.283	212	8	2	4	215	210	1	1.40e-94	344
6c2439e9-2ed5-4715-af0c-f19b55ff9702	NR_118762.1	93.182	220	13	2	4	223	234	17	3.91e-90	329
6c2439e9-2ed5-4715-af0c-f19b55ff9702	NR_025423.1	92.093	215	15	2	4	217	215	2	8.53e-82	302
6c2439e9-2ed5-4715-af0c-f19b55ff9702	NR_181946.1	92.093	215	13	4	4	217	216	5	3.07e-81	300
ec135e00-89b3-423b-98f9-c0ef9f39fc55	NR_043332.1	100.000	140	0	0	10	149	1346	1485	3.33e-69	259
ec135e00-89b3-423b-98f9-c0ef9f39fc55	NR_074980.1	100.000	140	0	0	10	149	1373	1512	3.33e-69	259
ec135e00-89b3-423b-98f9-c0ef9f39fc55	NR_113031.1	100.000	140	0	0	10	149	1373	1512	3.33e-69	259
ec135e00-89b3-423b-98f9-c0ef9f39fc55	NR_115354.1	100.000	140	0	0	10	149	1346	1485	3.33e-69	259
ec135e00-89b3-423b-98f9-c0ef9f39fc55	NR_115355.1	100.000	140	0	0	10	149	1346	1485	3.33e-69	259
49283d53-2759-455e-a902-586b8f142736	NR_163639.1	94.118	153	5	3	1	150	155	4	2.61e-60	230
49283d53-2759-455e-a902-586b8f142736	NR_074980.1	94.079	152	5	3	1	149	163	13	9.40e-60	228
49283d53-2759-455e-a902-586b8f142736	NR_113031.1	94.079	152	5	3	1	149	163	13	9.40e-60	228
49283d53-2759-455e-a902-586b8f142736	NR_119168.1	93.662	142	5	3	1	139	141	1	3.41e-54	209
49283d53-2759-455e-a902-586b8f142736	NR_119169.1	93.662	142	5	3	1	139	141	1	3.41e-54	209
5394ce07-b2fb-4984-a9fb-2a4a7c2ea88b	NR_025892.1	95.706	163	3	4	1	161	179	19	3.65e-69	259
5394ce07-b2fb-4984-a9fb-2a4a7c2ea88b	NR_117694.1	95.455	154	4	3	1	152	153	1	3.67e-64	243
5394ce07-b2fb-4984-a9fb-2a4a7c2ea88b	NR_117717.1	93.252	163	7	4	1	161	174	14	1.71e-62	237
5394ce07-b2fb-4984-a9fb-2a4a7c2ea88b	NR_121688.1	93.252	163	7	4	1	161	173	13	1.71e-62	237
5394ce07-b2fb-4984-a9fb-2a4a7c2ea88b	NR_121687.1	92.638	163	8	4	1	161	173	13	7.95e-61	231
e984aeaa-31be-4359-bd12-6adad8cc32d6	NR_025892.1	95.455	176	4	4	1	173	201	27	1.12e-74	278
e984aeaa-31be-4359-bd12-6adad8cc32d6	NR_117694.1	94.886	176	5	4	1	173	175	1	5.22e-73	272
e984aeaa-31be-4359-bd12-6adad8cc32d6	NR_117717.1	92.045	176	10	4	1	173	196	22	1.14e-64	244
e984aeaa-31be-4359-bd12-6adad8cc32d6	NR_117701.1	92.045	176	10	4	1	173	175	1	1.14e-64	244
e984aeaa-31be-4359-bd12-6adad8cc32d6	NR_121688.1	91.477	176	11	4	1	173	195	21	5.29e-63	239
aa8f243e-b252-4c7d-9443-4cd7f6b06a57	NR_136788.1	93.133	233	8	7	1	228	242	13	8.62e-92	335
aa8f243e-b252-4c7d-9443-4cd7f6b06a57	NR_113082.1	90.558	233	14	7	1	228	242	13	8.75e-82	302
aa8f243e-b252-4c7d-9443-4cd7f6b06a57	NR_026230.1	86.996	223	22	6	1	219	220	1	5.34e-69	259
aa8f243e-b252-4c7d-9443-4cd7f6b06a57	NR_152035.1	93.902	164	4	5	69	228	175	14	5.38e-64	243
aa8f243e-b252-4c7d-9443-4cd7f6b06a57	NR_074234.1	91.813	171	8	5	62	228	188	20	3.24e-61	233
5a0b820e-07c7-4859-8dc0-0c4575fbcdf1	NR_115241.1	90.116	688	38	26	1	665	681	1	0.0	867
5a0b820e-07c7-4859-8dc0-0c4575fbcdf1	NR_024842.1	89.870	691	40	26	1	668	696	13	0.0	865
5a0b820e-07c7-4859-8dc0-0c4575fbcdf1	NR_178515.1	89.826	688	40	26	1	665	681	1	0.0	856
5a0b820e-07c7-4859-8dc0-0c4575fbcdf1	NR_115735.1	89.971	678	38	26	1	654	672	1	0.0	848
5a0b820e-07c7-4859-8dc0-0c4575fbcdf1	NR_165737.1	89.535	688	42	26	1	665	681	1	0.0	845
cd5f8c8b-f268-4af8-9eb6-294463bf528e	NR_115355.1	98.677	378	5	0	1	378	1110	1487	0.0	671
cd5f8c8b-f268-4af8-9eb6-294463bf528e	NR_163639.1	98.413	378	6	0	1	378	1125	1502	0.0	665
cd5f8c8b-f268-4af8-9eb6-294463bf528e	NR_179325.1	98.413	378	6	0	1	378	1084	1461	0.0	665
cd5f8c8b-f268-4af8-9eb6-294463bf528e	NR_119169.1	98.148	378	7	0	1	378	1115	1492	0.0	662
cd5f8c8b-f268-4af8-9eb6-294463bf528e	NR_115354.1	97.884	378	8	0	1	378	1110	1487	0.0	654
14a543e5-783d-40b3-9688-338a4e3dadc8	NR_029284.1	97.647	85	2	0	1	85	1441	1357	1.95e-35	147
14a543e5-783d-40b3-9688-338a4e3dadc8	NR_029148.1	97.647	85	2	0	1	85	1477	1393	1.95e-35	147
14a543e5-783d-40b3-9688-338a4e3dadc8	NR_042843.1	97.647	85	2	0	1	85	1450	1366	1.95e-35	147
14a543e5-783d-40b3-9688-338a4e3dadc8	NR_102481.1	97.647	85	2	0	1	85	1470	1386	1.95e-35	147
14a543e5-783d-40b3-9688-338a4e3dadc8	NR_102895.1	97.647	85	2	0	1	85	1478	1394	1.95e-35	147
6c97cb06-c774-4bf5-a137-0bbd30937eb1	NR_025892.1	91.892	74	3	2	1	71	752	679	9.86e-22	100
6c97cb06-c774-4bf5-a137-0bbd30937eb1	NR_025385.1	91.892	74	3	2	1	71	709	636	9.86e-22	100
6c97cb06-c774-4bf5-a137-0bbd30937eb1	NR_028899.1	91.892	74	3	2	1	71	685	612	9.86e-22	100
6c97cb06-c774-4bf5-a137-0bbd30937eb1	NR_041988.1	91.892	74	3	2	1	71	685	612	9.86e-22	100
6c97cb06-c774-4bf5-a137-0bbd30937eb1	NR_104947.1	91.892	74	3	2	1	71	700	627	9.86e-22	100
7413af19-4dea-43da-960f-a3c14f4b705a	NR_042776.1	98.071	311	2	3	1	308	1492	1183	8.48e-153	538
7413af19-4dea-43da-960f-a3c14f4b705a	NR_042777.1	98.071	311	2	3	1	308	1491	1182	8.48e-153	538
7413af19-4dea-43da-960f-a3c14f4b705a	NR_042052.1	97.428	311	4	3	1	308	1390	1081	1.84e-149	527
7413af19-4dea-43da-960f-a3c14f4b705a	NR_042778.1	97.428	311	4	3	1	308	1492	1183	1.84e-149	527
7413af19-4dea-43da-960f-a3c14f4b705a	NR_113594.1	97.428	311	4	3	1	308	1467	1158	1.84e-149	527
b37d4038-38ce-4540-ab38-b8d82249e552	NR_116168.1	96.410	975	15	10	1	963	1476	510	0.0	1589
b37d4038-38ce-4540-ab38-b8d82249e552	NR_118762.1	95.179	975	26	12	1	963	1478	513	0.0	1539
b37d4038-38ce-4540-ab38-b8d82249e552	NR_042878.1	96.254	881	15	8	94	963	1362	489	0.0	1430
b37d4038-38ce-4540-ab38-b8d82249e552	NR_025423.1	93.340	976	43	12	1	963	1460	494	0.0	1423
b37d4038-38ce-4540-ab38-b8d82249e552	NR_024899.1	92.631	977	48	14	1	963	1475	509	0.0	1384
c0b75029-14f5-4fac-b5a5-b4f1d85ae179	NR_028682.1	92.636	1195	42	36	1	1168	322	1497	0.0	1677
c0b75029-14f5-4fac-b5a5-b4f1d85ae179	NR_116890.1	92.210	1181	48	32	1	1157	310	1470	0.0	1631
c0b75029-14f5-4fac-b5a5-b4f1d85ae179	NR_025862.1	93.654	1103	32	28	1	1082	321	1406	0.0	1622
c0b75029-14f5-4fac-b5a5-b4f1d85ae179	NR_180652.1	91.828	1187	60	28	1	1166	311	1481	0.0	1620
c0b75029-14f5-4fac-b5a5-b4f1d85ae179	NR_113798.1	91.541	1194	58	33	1	1169	306	1481	0.0	1605
3e00a558-a20a-414a-add9-61ab2614e292	NR_044710.2	93.072	765	40	10	3	761	736	1493	0.0	1118
3e00a558-a20a-414a-add9-61ab2614e292	NR_118906.1	92.026	765	48	11	3	762	736	1492	0.0	1090
3e00a558-a20a-414a-add9-61ab2614e292	NR_044754.1	92.078	770	43	13	3	766	724	1481	0.0	1077
3e00a558-a20a-414a-add9-61ab2614e292	NR_118907.1	91.123	766	54	12	3	762	628	1385	0.0	1070
3e00a558-a20a-414a-add9-61ab2614e292	NR_118905.1	91.503	765	52	11	3	762	736	1492	0.0	1066
1e38c0ae-91fe-4707-898c-220bdd490ad9	NR_178515.1	96.748	984	11	12	1	971	1316	341	0.0	1620
1e38c0ae-91fe-4707-898c-220bdd490ad9	NR_115735.1	97.388	957	6	10	1	946	1307	359	0.0	1611
1e38c0ae-91fe-4707-898c-220bdd490ad9	NR_116211.1	97.388	957	6	10	1	946	1239	291	0.0	1611
1e38c0ae-91fe-4707-898c-220bdd490ad9	NR_024842.1	97.283	957	7	10	1	946	1331	383	0.0	1607
1e38c0ae-91fe-4707-898c-220bdd490ad9	NR_115241.1	97.179	957	8	10	1	946	1316	368	0.0	1604
3a49a8ca-5bde-4337-acbd-28365421ad71	NR_042776.1	95.890	219	4	3	1	214	236	18	2.90e-96	350
3a49a8ca-5bde-4337-acbd-28365421ad71	NR_042778.1	95.890	219	4	3	1	214	236	18	2.90e-96	350
3a49a8ca-5bde-4337-acbd-28365421ad71	NR_118998.1	94.977	219	6	3	1	214	231	13	1.74e-93	340
3a49a8ca-5bde-4337-acbd-28365421ad71	NR_042777.1	94.977	219	6	3	1	214	236	18	6.28e-93	339
3a49a8ca-5bde-4337-acbd-28365421ad71	NR_197695.1	93.607	219	9	3	1	214	235	17	6.32e-88	322
4c0e9bc8-b71d-45dc-ad8c-a38b098359be	NR_028664.1	95.629	1304	33	20	1	1290	1314	21	0.0	2071
4c0e9bc8-b71d-45dc-ad8c-a38b098359be	NR_115240.1	95.619	1301	33	20	1	1287	1291	1	0.0	2065
4c0e9bc8-b71d-45dc-ad8c-a38b098359be	NR_115732.1	95.542	1301	33	21	1	1287	1293	4	0.0	2058
4c0e9bc8-b71d-45dc-ad8c-a38b098359be	NR_179383.1	95.399	1304	36	20	1	1290	1318	25	0.0	2054
4c0e9bc8-b71d-45dc-ad8c-a38b098359be	NR_179385.1	95.399	1304	36	20	1	1290	1315	22	0.0	2054
ffaac7c1-7814-488e-bdb0-7915b4f44116	NR_163639.1	92.593	297	7	9	1	287	14	305	5.00e-115	412
ffaac7c1-7814-488e-bdb0-7915b4f44116	NR_119168.1	92.568	296	7	9	2	287	1	291	1.80e-114	411
ffaac7c1-7814-488e-bdb0-7915b4f44116	NR_074980.1	92.256	297	8	8	1	287	22	313	2.33e-113	407
ffaac7c1-7814-488e-bdb0-7915b4f44116	NR_113031.1	92.256	297	8	8	1	287	22	313	2.33e-113	407
ffaac7c1-7814-488e-bdb0-7915b4f44116	NR_119169.1	92.230	296	8	9	2	287	1	291	2.33e-113	407
859ab072-12bc-44a3-aed9-69cdc287cde8	NR_115355.1	95.676	925	25	13	1	921	569	1482	0.0	1472
859ab072-12bc-44a3-aed9-69cdc287cde8	NR_179325.1	95.676	925	25	13	1	921	543	1456	0.0	1472
859ab072-12bc-44a3-aed9-69cdc287cde8	NR_163639.1	95.464	926	24	16	1	921	585	1497	0.0	1461
859ab072-12bc-44a3-aed9-69cdc287cde8	NR_119169.1	95.351	925	28	12	1	921	574	1487	0.0	1459
859ab072-12bc-44a3-aed9-69cdc287cde8	NR_115354.1	94.811	925	33	13	1	921	569	1482	0.0	1432
5dae9358-c5c0-4410-8cb6-8fd4fcda2e71	NR_136788.1	97.156	211	2	3	1	207	1485	1275	2.18e-97	353
5dae9358-c5c0-4410-8cb6-8fd4fcda2e71	NR_026230.1	94.762	210	7	3	1	206	1463	1254	1.71e-88	324
5dae9358-c5c0-4410-8cb6-8fd4fcda2e71	NR_041464.1	92.417	211	12	3	1	207	1486	1276	1.04e-80	298
5dae9358-c5c0-4410-8cb6-8fd4fcda2e71	NR_117913.1	92.417	211	12	3	1	207	1474	1264	1.04e-80	298
5dae9358-c5c0-4410-8cb6-8fd4fcda2e71	NR_136443.1	95.288	191	4	4	20	206	1427	1238	1.04e-80	298
056bfc1f-987e-428e-bbab-42fc7d941b7c	NR_041989.1	96.146	1012	21	14	1	1003	106	1108	0.0	1637
056bfc1f-987e-428e-bbab-42fc7d941b7c	NR_117694.1	95.365	1014	25	18	1	1003	148	1150	0.0	1592
056bfc1f-987e-428e-bbab-42fc7d941b7c	NR_117696.1	94.862	1012	34	14	1	1003	135	1137	0.0	1565
056bfc1f-987e-428e-bbab-42fc7d941b7c	NR_104947.1	94.763	1012	35	14	1	1003	121	1123	0.0	1559
056bfc1f-987e-428e-bbab-42fc7d941b7c	NR_117692.1	94.763	1012	35	14	1	1003	148	1150	0.0	1559
a9f1867d-3c38-46fd-bc43-581643d05013	NR_042776.1	97.632	887	12	8	1	885	623	1502	0.0	1513
a9f1867d-3c38-46fd-bc43-581643d05013	NR_042777.1	97.632	887	12	8	1	885	622	1501	0.0	1513
a9f1867d-3c38-46fd-bc43-581643d05013	NR_042778.1	97.407	887	14	8	1	885	623	1502	0.0	1502
a9f1867d-3c38-46fd-bc43-581643d05013	NR_197695.1	97.407	887	14	8	1	885	622	1501	0.0	1502
a9f1867d-3c38-46fd-bc43-581643d05013	NR_126177.1	96.847	888	18	9	1	885	600	1480	0.0	1476
420b4698-10a2-4f8f-a91b-312687e6c46e	NR_044091.1	98.483	725	9	1	1	723	47	771	0.0	1277
420b4698-10a2-4f8f-a91b-312687e6c46e	NR_113570.1	97.652	724	15	1	2	723	141	864	0.0	1242
420b4698-10a2-4f8f-a91b-312687e6c46e	NR_119168.1	97.379	725	17	1	1	723	138	862	0.0	1232
420b4698-10a2-4f8f-a91b-312687e6c46e	NR_074980.1	97.241	725	18	1	1	723	160	884	0.0	1227
420b4698-10a2-4f8f-a91b-312687e6c46e	NR_113031.1	97.241	725	18	1	1	723	160	884	0.0	1227
37860b2b-fd58-4008-a763-6c1410f0f27f	NR_179325.1	96.336	1119	21	17	1	1105	348	1460	0.0	1821
37860b2b-fd58-4008-a763-6c1410f0f27f	NR_115355.1	96.157	1119	23	17	1	1105	374	1486	0.0	1810
37860b2b-fd58-4008-a763-6c1410f0f27f	NR_119169.1	95.889	1119	26	17	1	1105	379	1491	0.0	1799
37860b2b-fd58-4008-a763-6c1410f0f27f	NR_074980.1	95.889	1119	26	18	1	1105	401	1513	0.0	1794
37860b2b-fd58-4008-a763-6c1410f0f27f	NR_113031.1	95.889	1119	26	18	1	1105	401	1513	0.0	1794
44c47abf-00df-4457-996c-48f70151f95c	NR_041879.1	95.946	296	6	6	1	291	417	711	6.34e-134	475
44c47abf-00df-4457-996c-48f70151f95c	NR_115355.1	95.946	296	6	6	1	291	460	754	6.34e-134	475
44c47abf-00df-4457-996c-48f70151f95c	NR_119169.1	95.946	296	6	6	1	291	465	759	6.34e-134	475
44c47abf-00df-4457-996c-48f70151f95c	NR_179325.1	95.946	296	6	6	1	291	434	728	6.34e-134	475
44c47abf-00df-4457-996c-48f70151f95c	NR_163639.1	95.623	297	6	7	1	291	476	771	2.95e-132	470
e0b4aa04-ad3d-4e52-a11d-d5572cf0fe5d	NR_074980.1	90.484	1261	81	36	2	1238	1255	10	0.0	1628
e0b4aa04-ad3d-4e52-a11d-d5572cf0fe5d	NR_113031.1	90.484	1261	81	36	2	1238	1255	10	0.0	1628
e0b4aa04-ad3d-4e52-a11d-d5572cf0fe5d	NR_117759.1	90.449	1246	82	34	2	1225	1231	1	0.0	1611
e0b4aa04-ad3d-4e52-a11d-d5572cf0fe5d	NR_113570.1	90.377	1247	88	30	2	1228	1235	1	0.0	1609
e0b4aa04-ad3d-4e52-a11d-d5572cf0fe5d	NR_043332.1	90.330	1241	87	31	2	1222	1228	1	0.0	1602
6ddd3726-0934-4647-8e40-c786c2ac2ad2	NR_163639.1	92.560	1371	55	38	1	1342	1356	4	0.0	1923
6ddd3726-0934-4647-8e40-c786c2ac2ad2	NR_115355.1	92.704	1357	52	38	1	1326	1341	1	0.0	1917
6ddd3726-0934-4647-8e40-c786c2ac2ad2	NR_119169.1	92.511	1362	55	38	1	1331	1346	1	0.0	1914
6ddd3726-0934-4647-8e40-c786c2ac2ad2	NR_074980.1	92.055	1372	62	38	1	1341	1368	13	0.0	1886
6ddd3726-0934-4647-8e40-c786c2ac2ad2	NR_113031.1	92.055	1372	62	38	1	1341	1368	13	0.0	1886
2053a2cc-cdd4-44a0-a256-de8faecff78c	NR_163639.1	92.308	364	12	15	1	354	1137	1494	3.64e-142	503
2053a2cc-cdd4-44a0-a256-de8faecff78c	NR_179325.1	92.308	364	12	15	1	354	1096	1453	3.64e-142	503
2053a2cc-cdd4-44a0-a256-de8faecff78c	NR_115355.1	94.785	326	10	7	34	354	1156	1479	1.31e-141	501
2053a2cc-cdd4-44a0-a256-de8faecff78c	NR_119169.1	94.785	326	10	7	34	354	1161	1484	1.31e-141	501
2053a2cc-cdd4-44a0-a256-de8faecff78c	NR_115354.1	91.758	364	14	15	1	354	1122	1479	7.87e-139	492
183ce76e-3dca-4ea3-ae3e-fd29e2bf3a1f	NR_042776.1	97.359	1401	17	18	1	1389	1410	18	0.0	2364
183ce76e-3dca-4ea3-ae3e-fd29e2bf3a1f	NR_042778.1	97.145	1401	20	18	1	1389	1410	18	0.0	2348
183ce76e-3dca-4ea3-ae3e-fd29e2bf3a1f	NR_042777.1	97.145	1401	19	19	1	1389	1409	18	0.0	2346
183ce76e-3dca-4ea3-ae3e-fd29e2bf3a1f	NR_197695.1	96.788	1401	25	18	1	1389	1409	17	0.0	2320
183ce76e-3dca-4ea3-ae3e-fd29e2bf3a1f	NR_118998.1	96.431	1401	29	19	1	1389	1404	13	0.0	2292
1b2100dc-04cb-4cf7-9084-2ed62f5f9048	NR_116168.1	90.529	454	26	15	1	448	465	23	1.65e-166	584
1b2100dc-04cb-4cf7-9084-2ed62f5f9048	NR_042878.1	89.868	454	29	15	1	448	444	2	2.76e-164	577
1b2100dc-04cb-4cf7-9084-2ed62f5f9048	NR_118762.1	87.885	454	38	15	1	448	468	26	1.30e-152	538
1b2100dc-04cb-4cf7-9084-2ed62f5f9048	NR_025423.1	88.158	456	35	16	1	448	449	5	1.01e-148	525
1b2100dc-04cb-4cf7-9084-2ed62f5f9048	NR_118143.1	87.281	456	39	17	1	448	446	2	4.75e-142	503
d431da44-03c0-48d9-8ee3-a4e71e1bc5a5	NR_136788.1	89.347	291	19	11	2	286	1192	1476	8.58e-98	355
d431da44-03c0-48d9-8ee3-a4e71e1bc5a5	NR_026230.1	86.942	291	26	11	2	286	1170	1454	4.05e-86	316
d431da44-03c0-48d9-8ee3-a4e71e1bc5a5	NR_028993.1	80.745	161	25	6	61	217	1222	1380	3.41e-27	121
d431da44-03c0-48d9-8ee3-a4e71e1bc5a5	NR_132693.1	77.670	206	32	12	9	205	1122	1322	5.70e-25	113
d431da44-03c0-48d9-8ee3-a4e71e1bc5a5	NR_028906.1	83.200	125	18	3	92	215	1302	1424	2.05e-24	111
fcfadf87-1d5e-4377-b9b5-11a2fef4f181	NR_028665.1	95.043	807	24	14	9	804	687	1488	0.0	1254
fcfadf87-1d5e-4377-b9b5-11a2fef4f181	NR_179385.1	95.043	807	24	14	9	804	694	1495	0.0	1254
fcfadf87-1d5e-4377-b9b5-11a2fef4f181	NR_199545.1	95.043	807	24	14	9	804	690	1491	0.0	1254
fcfadf87-1d5e-4377-b9b5-11a2fef4f181	NR_115239.1	95.025	804	24	14	9	801	670	1468	0.0	1249
fcfadf87-1d5e-4377-b9b5-11a2fef4f181	NR_027214.1	95.025	804	24	14	9	801	670	1468	0.0	1249
7b36acb3-6adf-451a-a100-5c4c83e04912	NR_044871.1	93.427	213	6	6	1	206	1256	1467	4.72e-84	309
7b36acb3-6adf-451a-a100-5c4c83e04912	NR_043899.1	93.427	213	6	6	1	206	1225	1436	4.72e-84	309
7b36acb3-6adf-451a-a100-5c4c83e04912	NR_137239.1	93.427	213	6	6	1	206	1263	1474	4.72e-84	309
7b36acb3-6adf-451a-a100-5c4c83e04912	NR_042334.1	93.396	212	6	6	1	206	1263	1472	1.70e-83	307
7b36acb3-6adf-451a-a100-5c4c83e04912	NR_145857.1	93.396	212	7	5	1	206	1239	1449	1.70e-83	307
d20318ec-92e8-434d-b4f0-d53d6da91cca	NR_115355.1	90.934	717	37	24	1	702	782	1485	0.0	939
d20318ec-92e8-434d-b4f0-d53d6da91cca	NR_179325.1	90.934	717	37	24	1	702	756	1459	0.0	939
d20318ec-92e8-434d-b4f0-d53d6da91cca	NR_163639.1	90.795	717	36	25	1	702	799	1500	0.0	931
d20318ec-92e8-434d-b4f0-d53d6da91cca	NR_119169.1	90.516	717	40	24	1	702	787	1490	0.0	926
d20318ec-92e8-434d-b4f0-d53d6da91cca	NR_115354.1	90.516	717	40	23	1	702	782	1485	0.0	924
350be826-81e6-480f-bca5-d7d5ae20c6a0	NR_117719.1	95.336	729	18	15	1	719	1229	507	0.0	1144
350be826-81e6-480f-bca5-d7d5ae20c6a0	NR_180629.1	95.336	729	18	15	1	719	1191	469	0.0	1144
350be826-81e6-480f-bca5-d7d5ae20c6a0	NR_116213.1	95.199	729	19	15	1	719	1134	412	0.0	1138
350be826-81e6-480f-bca5-d7d5ae20c6a0	NR_027214.1	95.199	729	19	15	1	719	1209	487	0.0	1138
350be826-81e6-480f-bca5-d7d5ae20c6a0	NR_165744.1	95.199	729	19	15	1	719	1218	496	0.0	1138
4bcd6170-de62-441e-8f2b-594c9675437c	NR_163639.1	91.473	387	23	9	1	386	381	4	3.03e-148	523
4bcd6170-de62-441e-8f2b-594c9675437c	NR_074980.1	91.451	386	24	8	1	385	390	13	1.09e-147	521
4bcd6170-de62-441e-8f2b-594c9675437c	NR_113031.1	91.451	386	24	8	1	385	390	13	1.09e-147	521
4bcd6170-de62-441e-8f2b-594c9675437c	NR_119169.1	91.489	376	23	8	1	375	368	1	2.36e-144	510
4bcd6170-de62-441e-8f2b-594c9675437c	NR_119170.1	91.489	376	23	8	1	375	368	1	2.36e-144	510
bfb48732-cda4-4fd9-b715-f4daf03b66d1	NR_117694.1	92.402	1224	50	33	1	1199	262	1467	0.0	1705
bfb48732-cda4-4fd9-b715-f4daf03b66d1	NR_117696.1	92.314	1223	53	31	1	1199	249	1454	0.0	1700
bfb48732-cda4-4fd9-b715-f4daf03b66d1	NR_117717.1	92.232	1223	53	32	1	1199	283	1487	0.0	1694
bfb48732-cda4-4fd9-b715-f4daf03b66d1	NR_117692.1	92.144	1222	57	30	1	1199	262	1467	0.0	1688
bfb48732-cda4-4fd9-b715-f4daf03b66d1	NR_117701.1	92.150	1223	55	31	1	1199	262	1467	0.0	1688
5b8c6cc9-7874-45f6-b416-580612608377	NR_104897.1	86.555	714	48	36	1	683	1159	463	0.0	743
5b8c6cc9-7874-45f6-b416-580612608377	NR_173635.1	82.937	715	72	38	1	683	1155	459	8.88e-171	599
5b8c6cc9-7874-45f6-b416-580612608377	NR_119267.1	82.238	715	77	40	1	683	1176	480	1.94e-162	571
5b8c6cc9-7874-45f6-b416-580612608377	NR_112063.1	81.513	714	81	39	1	683	1171	478	3.26e-155	547
5b8c6cc9-7874-45f6-b416-580612608377	NR_125506.1	81.616	718	78	43	1	683	1184	486	1.17e-154	545
cf4488cc-8bdd-4f8f-9706-f60d3b727273	NR_042776.1	95.227	440	10	9	63	497	456	23	0.0	686
cf4488cc-8bdd-4f8f-9706-f60d3b727273	NR_042778.1	94.820	444	11	10	59	497	459	23	0.0	682
cf4488cc-8bdd-4f8f-9706-f60d3b727273	NR_042777.1	94.773	440	12	9	63	497	456	23	0.0	675
cf4488cc-8bdd-4f8f-9706-f60d3b727273	NR_118998.1	93.919	444	15	10	59	497	454	18	0.0	662
cf4488cc-8bdd-4f8f-9706-f60d3b727273	NR_197695.1	94.091	440	15	9	63	497	455	22	0.0	658
7363ba2d-b2fa-4e63-aaac-cd701540ab3e	NR_026419.1	95.942	1035	17	17	3	1016	457	1487	0.0	1655
7363ba2d-b2fa-4e63-aaac-cd701540ab3e	NR_025903.1	95.072	1035	25	18	3	1016	469	1498	0.0	1605
7363ba2d-b2fa-4e63-aaac-cd701540ab3e	NR_025904.1	95.053	1031	25	18	7	1016	472	1497	0.0	1598
7363ba2d-b2fa-4e63-aaac-cd701540ab3e	NR_133753.1	95.040	1008	25	17	3	989	423	1426	0.0	1561
7363ba2d-b2fa-4e63-aaac-cd701540ab3e	NR_133752.1	95.035	1007	25	17	4	989	395	1397	0.0	1559
28233fbc-3cef-4d33-9f8b-92d85b74cf62	NR_134817.1	90.000	1320	84	38	9	1304	192	1487	0.0	1663
28233fbc-3cef-4d33-9f8b-92d85b74cf62	NR_037101.1	89.208	1325	86	45	9	1304	179	1475	0.0	1602
28233fbc-3cef-4d33-9f8b-92d85b74cf62	NR_115738.1	89.183	1322	86	45	9	1301	183	1476	0.0	1596
28233fbc-3cef-4d33-9f8b-92d85b74cf62	NR_134818.1	89.032	1322	94	39	9	1304	192	1488	0.0	1591
28233fbc-3cef-4d33-9f8b-92d85b74cf62	NR_137219.1	89.717	1274	85	35	9	1260	156	1405	0.0	1585
32f5e7bb-1c3b-465c-9d83-53fa5a2798d6	NR_028833.1	95.214	585	16	10	2	578	947	367	0.0	915
32f5e7bb-1c3b-465c-9d83-53fa5a2798d6	NR_178515.1	95.214	585	16	10	2	578	920	340	0.0	915
32f5e7bb-1c3b-465c-9d83-53fa5a2798d6	NR_036936.1	94.872	585	18	10	2	578	920	340	0.0	904
32f5e7bb-1c3b-465c-9d83-53fa5a2798d6	NR_029052.1	94.872	585	18	10	2	578	908	328	0.0	904
32f5e7bb-1c3b-465c-9d83-53fa5a2798d6	NR_115241.1	94.872	585	18	10	2	578	920	340	0.0	904
27a394de-228f-445c-8c31-ecc213fe6ea9	NR_165737.1	91.748	206	10	5	1	199	206	1	3.72e-75	279
27a394de-228f-445c-8c31-ecc213fe6ea9	NR_178515.1	91.748	206	10	5	1	199	206	1	3.72e-75	279
27a394de-228f-445c-8c31-ecc213fe6ea9	NR_199974.1	90.783	217	7	9	1	207	233	20	1.34e-74	278
27a394de-228f-445c-8c31-ecc213fe6ea9	NR_179720.1	90.187	214	14	5	1	207	226	13	6.22e-73	272
27a394de-228f-445c-8c31-ecc213fe6ea9	NR_025453.1	90.777	206	12	5	1	199	206	1	8.05e-72	268
bae19cc2-771b-4eda-8451-1ec2e81c2e01	NR_041879.1	93.750	304	7	8	1	295	70	370	5.04e-125	446
bae19cc2-771b-4eda-8451-1ec2e81c2e01	NR_043332.1	93.421	304	8	9	1	295	113	413	2.35e-123	440
bae19cc2-771b-4eda-8451-1ec2e81c2e01	NR_074980.1	93.421	304	8	9	1	295	140	440	2.35e-123	440
bae19cc2-771b-4eda-8451-1ec2e81c2e01	NR_113031.1	93.421	304	8	9	1	295	140	440	2.35e-123	440
bae19cc2-771b-4eda-8451-1ec2e81c2e01	NR_117759.1	93.421	304	8	9	1	295	116	416	2.35e-123	440
6a94e79a-0534-40f4-9ded-c3235e8038d4	NR_042776.1	96.701	576	9	10	3	570	1125	552	0.0	950
6a94e79a-0534-40f4-9ded-c3235e8038d4	NR_042777.1	96.701	576	9	10	3	570	1124	551	0.0	950
6a94e79a-0534-40f4-9ded-c3235e8038d4	NR_042778.1	96.701	576	9	10	3	570	1125	552	0.0	950
6a94e79a-0534-40f4-9ded-c3235e8038d4	NR_197695.1	96.354	576	11	10	3	570	1124	551	0.0	939
6a94e79a-0534-40f4-9ded-c3235e8038d4	NR_118998.1	95.833	576	13	11	3	570	1119	547	0.0	920
b2f70f99-880e-4d14-a227-6ee17695e007	NR_115241.1	92.007	1226	56	34	4	1198	1221	7	0.0	1685
b2f70f99-880e-4d14-a227-6ee17695e007	NR_024842.1	91.925	1226	57	34	4	1198	1236	22	0.0	1681
b2f70f99-880e-4d14-a227-6ee17695e007	NR_178515.1	91.850	1227	56	37	4	1198	1221	7	0.0	1672
b2f70f99-880e-4d14-a227-6ee17695e007	NR_165737.1	91.606	1227	59	37	4	1198	1221	7	0.0	1655
b2f70f99-880e-4d14-a227-6ee17695e007	NR_036936.1	90.709	1227	70	36	4	1198	1221	7	0.0	1594
b4e505fd-5f5c-4d7b-abec-9f6b6d8f29a3	NR_024842.1	93.469	689	33	9	1	680	695	10	0.0	1016
b4e505fd-5f5c-4d7b-abec-9f6b6d8f29a3	NR_115241.1	93.704	683	31	9	1	674	680	1	0.0	1013
b4e505fd-5f5c-4d7b-abec-9f6b6d8f29a3	NR_178515.1	93.421	684	31	11	1	674	680	1	0.0	1002
b4e505fd-5f5c-4d7b-abec-9f6b6d8f29a3	NR_165737.1	93.129	684	33	11	1	674	680	1	0.0	990
b4e505fd-5f5c-4d7b-abec-9f6b6d8f29a3	NR_115735.1	93.472	674	31	10	1	664	671	1	0.0	989
ee048dd5-db2b-46a4-872c-1c24d2be6143	NR_117719.1	95.429	700	20	10	1	689	792	1490	0.0	1105
ee048dd5-db2b-46a4-872c-1c24d2be6143	NR_042927.1	95.671	693	18	10	1	682	774	1465	0.0	1103
ee048dd5-db2b-46a4-872c-1c24d2be6143	NR_115734.1	95.671	693	18	10	1	682	775	1466	0.0	1103
ee048dd5-db2b-46a4-872c-1c24d2be6143	NR_028664.1	95.286	700	21	9	1	689	795	1493	0.0	1099
ee048dd5-db2b-46a4-872c-1c24d2be6143	NR_179383.1	95.286	700	21	10	1	689	799	1497	0.0	1099
48a0072b-2e13-4d34-8ecf-8725bec716a5	NR_026419.1	85.875	623	41	25	1	581	843	226	8.08e-177	619
48a0072b-2e13-4d34-8ecf-8725bec716a5	NR_133753.1	85.554	623	43	25	1	581	809	192	1.75e-173	608
48a0072b-2e13-4d34-8ecf-8725bec716a5	NR_025903.1	85.554	623	43	25	1	581	855	238	1.75e-173	608
48a0072b-2e13-4d34-8ecf-8725bec716a5	NR_133752.1	85.233	623	45	25	1	581	780	163	3.78e-170	597
48a0072b-2e13-4d34-8ecf-8725bec716a5	NR_036920.1	84.751	623	47	26	1	581	848	232	3.81e-165	580
2cca2766-fa26-48d3-9273-da50085dbd75	NR_113570.1	97.260	365	4	6	2	360	1213	849	1.62e-175	614
2cca2766-fa26-48d3-9273-da50085dbd75	NR_025762.1	96.986	365	5	6	2	360	1184	820	7.56e-174	608
2cca2766-fa26-48d3-9273-da50085dbd75	NR_115355.1	96.986	365	5	6	2	360	1206	842	7.56e-174	608
2cca2766-fa26-48d3-9273-da50085dbd75	NR_179325.1	96.986	365	5	6	2	360	1180	816	7.56e-174	608
2cca2766-fa26-48d3-9273-da50085dbd75	NR_163639.1	96.978	364	6	5	2	360	1221	858	2.72e-173	606
4aa0e5d1-9302-4103-b61f-c150643a62ec	NR_028664.1	96.736	674	13	9	4	669	689	17	0.0	1114
4aa0e5d1-9302-4103-b61f-c150643a62ec	NR_179383.1	96.736	674	13	9	4	669	693	21	0.0	1114
4aa0e5d1-9302-4103-b61f-c150643a62ec	NR_199545.1	96.588	674	14	9	4	669	686	14	0.0	1109
4aa0e5d1-9302-4103-b61f-c150643a62ec	NR_115240.1	96.979	662	11	9	4	657	666	6	0.0	1103
4aa0e5d1-9302-4103-b61f-c150643a62ec	NR_165744.1	96.439	674	15	9	4	669	675	3	0.0	1103
966a4898-cda3-476e-9c34-f3802dcb67aa	NR_028664.1	95.429	1050	23	18	2	1042	463	1496	0.0	1650
966a4898-cda3-476e-9c34-f3802dcb67aa	NR_179383.1	95.429	1050	23	18	2	1042	467	1500	0.0	1650
966a4898-cda3-476e-9c34-f3802dcb67aa	NR_042927.1	95.507	1046	22	18	2	1038	442	1471	0.0	1648
966a4898-cda3-476e-9c34-f3802dcb67aa	NR_115734.1	95.507	1046	22	18	2	1038	443	1472	0.0	1648
966a4898-cda3-476e-9c34-f3802dcb67aa	NR_175455.1	95.338	1051	23	19	2	1042	448	1482	0.0	1646
0ab6c092-8933-4b1f-ae6b-c05dc60cea47	NR_025862.1	90.207	1113	70	36	17	1107	1108	13	0.0	1424
0ab6c092-8933-4b1f-ae6b-c05dc60cea47	NR_028682.1	88.571	1120	78	46	17	1108	1109	12	0.0	1314
0ab6c092-8933-4b1f-ae6b-c05dc60cea47	NR_026454.1	87.138	1104	92	45	17	1089	1085	1	0.0	1206
0ab6c092-8933-4b1f-ae6b-c05dc60cea47	NR_180652.1	85.893	1120	99	47	17	1099	1098	1	0.0	1138
0ab6c092-8933-4b1f-ae6b-c05dc60cea47	NR_042406.1	85.714	1120	102	46	17	1099	1099	1	0.0	1129
1daa1ac0-16fd-4eed-aab8-64220ab6386a	NR_042928.1	90.789	684	44	16	11	687	672	1	0.0	896
1daa1ac0-16fd-4eed-aab8-64220ab6386a	NR_109720.1	90.560	678	47	14	11	681	668	1	0.0	881
1daa1ac0-16fd-4eed-aab8-64220ab6386a	NR_199547.1	91.074	661	41	15	11	664	652	3	0.0	878
1daa1ac0-16fd-4eed-aab8-64220ab6386a	NR_036936.1	90.058	684	51	14	11	687	674	1	0.0	872
1daa1ac0-16fd-4eed-aab8-64220ab6386a	NR_112026.1	90.705	667	43	16	11	670	655	1	0.0	870
2b1e57fe-8ca1-48fe-8813-5eee1a71f6b5	NR_133752.1	93.367	196	8	4	1	192	1331	1137	7.26e-77	285
2b1e57fe-8ca1-48fe-8813-5eee1a71f6b5	NR_133753.1	93.367	196	8	4	1	192	1360	1166	7.26e-77	285
2b1e57fe-8ca1-48fe-8813-5eee1a71f6b5	NR_025903.1	93.367	196	8	4	1	192	1406	1212	7.26e-77	285
2b1e57fe-8ca1-48fe-8813-5eee1a71f6b5	NR_025904.1	91.837	196	11	4	1	192	1405	1211	7.31e-72	268
2b1e57fe-8ca1-48fe-8813-5eee1a71f6b5	NR_026419.1	91.327	196	12	4	1	192	1394	1200	3.40e-70	263
d00b33d1-bcf7-4ace-9541-bdaf739a02e0	NR_042776.1	92.613	1286	52	37	1	1259	227	1496	0.0	1808
d00b33d1-bcf7-4ace-9541-bdaf739a02e0	NR_042777.1	92.535	1286	52	38	1	1259	227	1495	0.0	1803
d00b33d1-bcf7-4ace-9541-bdaf739a02e0	NR_042778.1	92.457	1286	54	37	1	1259	227	1496	0.0	1797
d00b33d1-bcf7-4ace-9541-bdaf739a02e0	NR_197695.1	92.385	1287	53	38	1	1259	226	1495	0.0	1792
d00b33d1-bcf7-4ace-9541-bdaf739a02e0	NR_118998.1	91.913	1286	60	37	1	1259	222	1490	0.0	1759
72f6fc3d-779f-4235-967c-25a94278533d	NR_115355.1	96.682	663	14	7	10	667	823	1482	0.0	1096
72f6fc3d-779f-4235-967c-25a94278533d	NR_179325.1	96.682	663	14	7	10	667	797	1456	0.0	1096
72f6fc3d-779f-4235-967c-25a94278533d	NR_163639.1	96.682	663	13	8	10	667	839	1497	0.0	1094
72f6fc3d-779f-4235-967c-25a94278533d	NR_115354.1	96.531	663	15	7	10	667	823	1482	0.0	1092
72f6fc3d-779f-4235-967c-25a94278533d	NR_113570.1	96.536	664	14	8	10	667	830	1490	0.0	1090
339fd1a9-eea8-4746-be4d-a14381fa08fb	NR_113570.1	94.552	1340	33	30	17	1334	172	1493	0.0	2034
339fd1a9-eea8-4746-be4d-a14381fa08fb	NR_043332.1	94.175	1339	39	29	17	1334	165	1485	0.0	2010
339fd1a9-eea8-4746-be4d-a14381fa08fb	NR_074980.1	94.249	1339	38	29	17	1334	192	1512	0.0	2010
339fd1a9-eea8-4746-be4d-a14381fa08fb	NR_113031.1	94.249	1339	38	29	17	1334	192	1512	0.0	2010
339fd1a9-eea8-4746-be4d-a14381fa08fb	NR_044091.1	95.168	1283	25	27	17	1279	79	1344	0.0	1991
9c639644-c635-48a8-bdbb-f912d43453c3	NR_028682.1	90.803	1109	55	38	3	1071	396	1497	0.0	1439
9c639644-c635-48a8-bdbb-f912d43453c3	NR_181559.1	90.162	1108	71	29	3	1076	393	1496	0.0	1408
9c639644-c635-48a8-bdbb-f912d43453c3	NR_025862.1	92.035	1017	45	28	3	988	395	1406	0.0	1402
9c639644-c635-48a8-bdbb-f912d43453c3	NR_036922.1	90.090	1110	68	33	3	1076	397	1500	0.0	1402
9c639644-c635-48a8-bdbb-f912d43453c3	NR_114015.1	90.145	1106	68	32	3	1072	386	1486	0.0	1400
a03c22bb-da77-4cc6-a3af-ccb5b57b2780	NR_074980.1	94.943	1147	35	21	8	1143	1147	13	0.0	1775
a03c22bb-da77-4cc6-a3af-ccb5b57b2780	NR_113031.1	94.943	1147	35	21	8	1143	1147	13	0.0	1775
a03c22bb-da77-4cc6-a3af-ccb5b57b2780	NR_119168.1	94.982	1136	34	21	8	1132	1125	2	0.0	1766
a03c22bb-da77-4cc6-a3af-ccb5b57b2780	NR_113570.1	94.987	1137	33	22	8	1132	1127	3	0.0	1762
a03c22bb-da77-4cc6-a3af-ccb5b57b2780	NR_117759.1	94.890	1135	35	21	8	1131	1123	1	0.0	1757
db225d52-6829-4e28-9c86-5d1b778a9231	NR_042776.1	95.987	299	7	4	1	299	313	20	1.42e-135	481
db225d52-6829-4e28-9c86-5d1b778a9231	NR_042778.1	95.652	299	8	4	1	299	313	20	6.60e-134	475
db225d52-6829-4e28-9c86-5d1b778a9231	NR_042777.1	95.318	299	9	4	1	299	313	20	3.07e-132	470
db225d52-6829-4e28-9c86-5d1b778a9231	NR_118998.1	94.649	299	11	4	1	299	308	15	1.85e-129	460
db225d52-6829-4e28-9c86-5d1b778a9231	NR_197695.1	94.314	299	12	4	1	299	312	19	3.09e-127	453
5b0525e8-cca2-4c74-9166-6f2bd5b939ec	NR_042928.1	98.014	1158	14	9	1	1153	1154	1	0.0	2002
5b0525e8-cca2-4c74-9166-6f2bd5b939ec	NR_117719.1	97.432	1168	21	9	1	1163	1174	11	0.0	1982
5b0525e8-cca2-4c74-9166-6f2bd5b939ec	NR_112026.1	97.984	1141	13	10	1	1136	1136	1	0.0	1973
5b0525e8-cca2-4c74-9166-6f2bd5b939ec	NR_199547.1	98.151	1136	11	10	1	1130	1134	3	0.0	1973
5b0525e8-cca2-4c74-9166-6f2bd5b939ec	NR_179385.1	97.260	1168	23	9	1	1163	1178	15	0.0	1971
