1d7f4694-0468-4fae-bef6-8cd7564122f1	NR_136788.1	94.604	1464	38	31	3	1434	1468	14	0.0	2228
1d7f4694-0468-4fae-bef6-8cd7564122f1	NR_026230.1	91.759	1444	76	33	3	1413	1446	13	0.0	1986
1d7f4694-0468-4fae-bef6-8cd7564122f1	NR_152035.1	86.540	1471	145	43	3	1434	1471	15	0.0	1570
1d7f4694-0468-4fae-bef6-8cd7564122f1	NR_113083.1	83.549	1471	180	51	3	1429	1453	1	0.0	1319
1d7f4694-0468-4fae-bef6-8cd7564122f1	NR_043154.1	82.456	1482	184	61	3	1434	1469	14	0.0	1227
281798b0-fec8-453d-99e0-9c280bb9dbd6	NR_044873.1	92.698	493	16	15	1	483	455	937	0.0	693
281798b0-fec8-453d-99e0-9c280bb9dbd6	NR_074568.1	91.075	493	23	16	1	483	466	947	0.0	647
281798b0-fec8-453d-99e0-9c280bb9dbd6	NR_044712.2	91.075	493	23	16	1	483	475	956	0.0	647
281798b0-fec8-453d-99e0-9c280bb9dbd6	NR_024785.1	90.872	493	24	16	1	483	422	903	0.0	641
281798b0-fec8-453d-99e0-9c280bb9dbd6	NR_109752.1	90.872	493	24	16	1	483	477	958	0.0	641
b9b4fc44-626f-46d7-a54f-2a54976afc9e	NR_028664.1	87.572	346	25	16	1	331	860	518	1.32e-106	385
b9b4fc44-626f-46d7-a54f-2a54976afc9e	NR_042927.1	87.572	346	25	16	1	331	839	497	1.32e-106	385
b9b4fc44-626f-46d7-a54f-2a54976afc9e	NR_114413.1	87.572	346	25	16	1	331	862	520	1.32e-106	385
b9b4fc44-626f-46d7-a54f-2a54976afc9e	NR_115240.1	87.572	346	25	16	1	331	837	495	1.32e-106	385
b9b4fc44-626f-46d7-a54f-2a54976afc9e	NR_115560.1	87.572	346	25	16	1	331	857	515	1.32e-106	385
471dc19f-b342-4e79-9f60-9d0844ef151c	NR_025862.1	95.494	688	15	15	1	684	689	14	0.0	1092
471dc19f-b342-4e79-9f60-9d0844ef151c	NR_028682.1	93.188	690	28	18	1	684	690	14	0.0	996
471dc19f-b342-4e79-9f60-9d0844ef151c	NR_026454.1	91.137	677	39	20	1	667	666	1	0.0	898
471dc19f-b342-4e79-9f60-9d0844ef151c	NR_042406.1	88.551	690	54	17	1	676	680	2	0.0	813
471dc19f-b342-4e79-9f60-9d0844ef151c	NR_024906.1	88.116	690	57	17	1	676	679	1	0.0	797
8b25ed5b-2df7-4b80-8c95-3689f7470547	NR_044873.1	94.723	379	13	5	1	374	377	1	4.77e-166	582
8b25ed5b-2df7-4b80-8c95-3689f7470547	NR_074568.1	93.947	380	16	5	1	375	388	11	1.34e-161	568
8b25ed5b-2df7-4b80-8c95-3689f7470547	NR_044712.2	93.158	380	19	5	1	375	397	20	2.89e-158	556
8b25ed5b-2df7-4b80-8c95-3689f7470547	NR_109752.1	91.316	380	25	6	1	374	399	22	6.35e-145	512
8b25ed5b-2df7-4b80-8c95-3689f7470547	NR_179993.1	91.293	379	25	6	1	373	389	13	2.28e-144	510
05f19ebc-e513-49fe-8296-4db4ea773ea8	NR_117694.1	94.164	377	6	10	1	368	371	2	2.24e-159	560
05f19ebc-e513-49fe-8296-4db4ea773ea8	NR_025892.1	92.308	377	13	10	1	368	397	28	6.31e-150	529
05f19ebc-e513-49fe-8296-4db4ea773ea8	NR_117692.1	91.777	377	15	10	1	368	371	2	2.28e-144	510
05f19ebc-e513-49fe-8296-4db4ea773ea8	NR_104830.1	91.512	377	17	11	1	368	386	16	1.06e-142	505
05f19ebc-e513-49fe-8296-4db4ea773ea8	NR_121687.1	91.534	378	14	12	1	368	391	22	1.06e-142	505
8381dd32-ce08-4afb-8a18-bad69825f4ca	NR_115561.1	89.120	1011	65	31	5	984	1008	12	0.0	1218
8381dd32-ce08-4afb-8a18-bad69825f4ca	NR_042776.1	88.723	1002	76	28	5	983	1005	18	0.0	1190
8381dd32-ce08-4afb-8a18-bad69825f4ca	NR_028666.1	88.614	1010	70	31	5	983	1004	9	0.0	1186
8381dd32-ce08-4afb-8a18-bad69825f4ca	NR_042777.1	88.623	1002	76	29	5	983	1004	18	0.0	1184
8381dd32-ce08-4afb-8a18-bad69825f4ca	NR_042778.1	88.523	1002	78	28	5	983	1005	18	0.0	1179
3900156f-f5d9-486f-8174-04f68b4c3c34	NR_118234.1	93.701	1413	46	32	1	1390	1401	9	0.0	2076
3900156f-f5d9-486f-8174-04f68b4c3c34	NR_199545.1	93.617	1410	49	30	1	1389	1402	13	0.0	2067
3900156f-f5d9-486f-8174-04f68b4c3c34	NR_028664.1	93.546	1410	50	30	1	1389	1405	16	0.0	2061
3900156f-f5d9-486f-8174-04f68b4c3c34	NR_179383.1	93.546	1410	50	28	1	1389	1409	20	0.0	2061
3900156f-f5d9-486f-8174-04f68b4c3c34	NR_179385.1	93.546	1410	50	30	1	1389	1406	17	0.0	2061
501cd2d2-3451-4883-85dc-77f7fc450676	NR_117719.1	89.776	802	43	32	5	780	708	1496	0.0	990
501cd2d2-3451-4883-85dc-77f7fc450676	NR_179383.1	89.776	802	43	31	5	780	715	1503	0.0	990
501cd2d2-3451-4883-85dc-77f7fc450676	NR_179385.1	89.763	801	44	30	5	780	712	1499	0.0	990
501cd2d2-3451-4883-85dc-77f7fc450676	NR_199545.1	89.763	801	44	30	5	780	708	1495	0.0	990
501cd2d2-3451-4883-85dc-77f7fc450676	NR_175455.1	89.664	803	43	32	5	780	696	1485	0.0	987
117c764d-ee9d-4bee-87f0-65adf3468586	NR_165739.1	83.922	1275	140	53	23	1265	213	1454	0.0	1158
117c764d-ee9d-4bee-87f0-65adf3468586	NR_104684.1	83.697	1282	148	50	23	1274	233	1483	0.0	1157
117c764d-ee9d-4bee-87f0-65adf3468586	NR_118086.1	83.832	1237	140	49	23	1230	230	1435	0.0	1122
117c764d-ee9d-4bee-87f0-65adf3468586	NR_116814.1	83.523	1232	141	51	23	1224	213	1412	0.0	1094
117c764d-ee9d-4bee-87f0-65adf3468586	NR_074613.1	81.903	1282	168	58	23	1274	235	1482	0.0	1024
ca693f22-137a-4962-b147-b135e0d14ccf	NR_114395.1	93.949	1256	36	31	1	1233	252	1490	0.0	1862
ca693f22-137a-4962-b147-b135e0d14ccf	NR_179528.1	93.590	1248	40	30	1	1225	236	1466	0.0	1825
ca693f22-137a-4962-b147-b135e0d14ccf	NR_179535.1	92.994	1256	44	33	1	1233	254	1488	0.0	1792
ca693f22-137a-4962-b147-b135e0d14ccf	NR_041983.1	93.719	1210	37	30	1	1188	220	1412	0.0	1779
ca693f22-137a-4962-b147-b135e0d14ccf	NR_179585.1	92.468	1248	53	32	1	1225	237	1466	0.0	1746
fdb8d9bf-ea75-4e1b-b1f8-8ce13f924995	NR_026454.1	93.822	437	13	13	9	439	944	516	0.0	645
fdb8d9bf-ea75-4e1b-b1f8-8ce13f924995	NR_025862.1	93.593	437	14	13	9	439	967	539	0.0	643
fdb8d9bf-ea75-4e1b-b1f8-8ce13f924995	NR_180652.1	93.364	437	15	13	9	439	957	529	0.0	634
fdb8d9bf-ea75-4e1b-b1f8-8ce13f924995	NR_025360.1	93.135	437	16	13	9	439	955	527	7.18e-180	628
fdb8d9bf-ea75-4e1b-b1f8-8ce13f924995	NR_116890.1	93.135	437	16	12	9	439	956	528	7.18e-180	628
51f9bd02-87bb-4426-a149-d43f8114d53d	NR_159228.1	88.136	177	11	6	1	171	1320	1492	6.63e-52	202
51f9bd02-87bb-4426-a149-d43f8114d53d	NR_041722.2	88.068	176	12	5	1	171	1338	1509	2.39e-51	200
51f9bd02-87bb-4426-a149-d43f8114d53d	NR_028665.1	88.068	176	12	5	1	171	1318	1489	2.39e-51	200
51f9bd02-87bb-4426-a149-d43f8114d53d	NR_028736.1	88.068	176	12	5	1	171	1327	1498	2.39e-51	200
51f9bd02-87bb-4426-a149-d43f8114d53d	NR_041721.1	88.068	176	12	5	1	171	1326	1497	2.39e-51	200
baf5f35a-0a8a-4209-92a1-f18c936d58f0	NR_114395.1	93.920	477	15	11	3	476	1021	1486	0.0	708
baf5f35a-0a8a-4209-92a1-f18c936d58f0	NR_144691.1	93.920	477	15	11	3	476	1034	1499	0.0	708
baf5f35a-0a8a-4209-92a1-f18c936d58f0	NR_179528.1	93.658	473	15	12	3	472	1006	1466	0.0	693
baf5f35a-0a8a-4209-92a1-f18c936d58f0	NR_179535.1	93.067	476	16	14	3	476	1024	1484	0.0	680
baf5f35a-0a8a-4209-92a1-f18c936d58f0	NR_179428.1	92.453	477	22	12	3	476	1032	1497	0.0	669
ab965cea-22b6-40ee-a05b-ae12b33e0e59	NR_025903.1	95.833	264	6	5	1	260	266	4	7.47e-118	422
ab965cea-22b6-40ee-a05b-ae12b33e0e59	NR_025904.1	92.748	262	12	7	4	260	262	3	7.63e-103	372
ab965cea-22b6-40ee-a05b-ae12b33e0e59	NR_026419.1	92.913	254	14	4	1	250	254	1	3.55e-101	366
ab965cea-22b6-40ee-a05b-ae12b33e0e59	NR_036920.1	91.603	262	17	5	1	259	260	1	2.14e-98	357
ab965cea-22b6-40ee-a05b-ae12b33e0e59	NR_133753.1	95.023	221	6	5	1	217	220	1	5.98e-94	342
18f73f76-0109-4ec4-8ff5-10e217269f2d	NR_199545.1	92.072	1337	56	44	6	1311	175	1492	0.0	1836
18f73f76-0109-4ec4-8ff5-10e217269f2d	NR_179385.1	91.997	1337	57	44	6	1311	179	1496	0.0	1831
18f73f76-0109-4ec4-8ff5-10e217269f2d	NR_165744.1	91.973	1333	57	44	6	1307	164	1477	0.0	1823
18f73f76-0109-4ec4-8ff5-10e217269f2d	NR_028664.1	91.779	1338	59	46	6	1311	178	1496	0.0	1814
18f73f76-0109-4ec4-8ff5-10e217269f2d	NR_179383.1	91.785	1339	57	48	6	1311	182	1500	0.0	1814
0c3d02b1-90ed-4ae7-bc47-de444bcd40bf	NR_113105.1	95.768	449	14	5	12	457	1019	1465	0.0	719
0c3d02b1-90ed-4ae7-bc47-de444bcd40bf	NR_044407.1	95.730	445	14	5	12	453	1011	1453	0.0	712
0c3d02b1-90ed-4ae7-bc47-de444bcd40bf	NR_042843.1	94.878	449	18	5	12	457	1011	1457	0.0	697
0c3d02b1-90ed-4ae7-bc47-de444bcd40bf	NR_102895.1	94.878	449	18	5	12	457	1039	1485	0.0	697
0c3d02b1-90ed-4ae7-bc47-de444bcd40bf	NR_113113.1	94.878	449	18	5	12	457	1019	1465	0.0	697
d0a316f1-e167-4d5a-b189-cbc2be1ffe39	NR_156072.1	96.369	661	16	6	15	668	835	1494	0.0	1081
d0a316f1-e167-4d5a-b189-cbc2be1ffe39	NR_024842.1	96.067	661	18	6	15	668	830	1489	0.0	1070
d0a316f1-e167-4d5a-b189-cbc2be1ffe39	NR_115735.1	96.061	660	18	6	15	667	806	1464	0.0	1068
d0a316f1-e167-4d5a-b189-cbc2be1ffe39	NR_179385.1	96.183	655	17	6	21	668	843	1496	0.0	1064
d0a316f1-e167-4d5a-b189-cbc2be1ffe39	NR_199545.1	96.183	655	17	6	21	668	839	1492	0.0	1064
684a1430-1d01-455d-9799-2fca1aabda53	NR_117694.1	96.609	1091	15	13	1	1069	1091	1	0.0	1790
684a1430-1d01-455d-9799-2fca1aabda53	NR_121687.1	95.727	1100	25	12	1	1078	1111	12	0.0	1751
684a1430-1d01-455d-9799-2fca1aabda53	NR_025892.1	95.177	1099	32	12	1	1078	1116	18	0.0	1735
684a1430-1d01-455d-9799-2fca1aabda53	NR_117692.1	95.050	1091	32	13	1	1069	1091	1	0.0	1696
684a1430-1d01-455d-9799-2fca1aabda53	NR_041989.1	95.810	1050	21	14	1	1028	1049	1	0.0	1674
1514e95c-03df-43d9-be1d-5bd59f0106cf	NR_179325.1	91.348	497	21	17	1	484	969	1456	0.0	660
1514e95c-03df-43d9-be1d-5bd59f0106cf	NR_163639.1	91.147	497	22	17	1	484	1010	1497	0.0	654
1514e95c-03df-43d9-be1d-5bd59f0106cf	NR_115354.1	90.946	497	23	17	1	484	995	1482	0.0	651
1514e95c-03df-43d9-be1d-5bd59f0106cf	NR_115355.1	90.946	497	23	17	1	484	995	1482	0.0	649
1514e95c-03df-43d9-be1d-5bd59f0106cf	NR_044153.1	90.744	497	24	17	1	484	995	1482	0.0	643
abb75f7b-8eed-49b6-8b4f-f126e1a13538	NR_028664.1	97.362	1289	20	12	1	1287	223	1499	0.0	2180
abb75f7b-8eed-49b6-8b4f-f126e1a13538	NR_179383.1	97.362	1289	20	12	1	1287	227	1503	0.0	2180
abb75f7b-8eed-49b6-8b4f-f126e1a13538	NR_117719.1	97.285	1289	21	12	1	1287	220	1496	0.0	2174
abb75f7b-8eed-49b6-8b4f-f126e1a13538	NR_175455.1	97.287	1290	20	13	1	1287	208	1485	0.0	2174
abb75f7b-8eed-49b6-8b4f-f126e1a13538	NR_115240.1	97.348	1282	20	12	1	1280	200	1469	0.0	2167
de8ed453-77e4-4222-a572-05f3a64d1635	NR_028665.1	96.760	463	7	7	1	458	1447	988	0.0	765
de8ed453-77e4-4222-a572-05f3a64d1635	NR_115239.1	96.760	463	7	7	1	458	1430	971	0.0	765
de8ed453-77e4-4222-a572-05f3a64d1635	NR_165741.1	96.760	463	7	7	1	458	1439	980	0.0	765
de8ed453-77e4-4222-a572-05f3a64d1635	NR_179385.1	96.760	463	7	7	1	458	1454	995	0.0	765
de8ed453-77e4-4222-a572-05f3a64d1635	NR_199545.1	96.760	463	7	7	1	458	1450	991	0.0	765
2d3f497a-e047-4215-9060-b9ce6d1b87b6	NR_109628.1	96.329	681	12	8	1	672	781	1457	0.0	1107
2d3f497a-e047-4215-9060-b9ce6d1b87b6	NR_113124.1	96.182	681	13	9	1	672	800	1476	0.0	1101
2d3f497a-e047-4215-9060-b9ce6d1b87b6	NR_042843.1	96.035	681	14	9	1	672	780	1456	0.0	1096
2d3f497a-e047-4215-9060-b9ce6d1b87b6	NR_102895.1	96.035	681	14	9	1	672	808	1484	0.0	1096
2d3f497a-e047-4215-9060-b9ce6d1b87b6	NR_113113.1	96.035	681	14	9	1	672	788	1464	0.0	1096
3e0b929c-8818-4aaa-9f2c-5f21dea7adf3	NR_159079.1	95.994	649	12	12	3	643	821	1463	0.0	1042
3e0b929c-8818-4aaa-9f2c-5f21dea7adf3	NR_121687.1	95.840	649	13	12	3	643	845	1487	0.0	1037
3e0b929c-8818-4aaa-9f2c-5f21dea7adf3	NR_117692.1	95.820	646	19	8	3	643	825	1467	0.0	1037
3e0b929c-8818-4aaa-9f2c-5f21dea7adf3	NR_117694.1	95.820	646	19	8	3	643	825	1467	0.0	1037
3e0b929c-8818-4aaa-9f2c-5f21dea7adf3	NR_117696.1	95.840	649	13	12	3	643	812	1454	0.0	1037
ca809ae8-75e6-4525-9fca-2b81332fa775	NR_026419.1	96.578	1052	23	11	403	1442	1051	1	0.0	1731
ca809ae8-75e6-4525-9fca-2b81332fa775	NR_026419.1	91.558	308	12	8	71	365	1425	1119	2.69e-114	412
ca809ae8-75e6-4525-9fca-2b81332fa775	NR_025903.1	95.270	1057	36	13	403	1447	1063	9	0.0	1663
ca809ae8-75e6-4525-9fca-2b81332fa775	NR_025903.1	90.260	308	16	8	71	365	1437	1131	1.26e-107	390
ca809ae8-75e6-4525-9fca-2b81332fa775	NR_025904.1	94.618	1059	39	16	403	1447	1062	8	0.0	1624
ca809ae8-75e6-4525-9fca-2b81332fa775	NR_025904.1	89.935	308	17	8	71	365	1436	1130	5.87e-106	385
ca809ae8-75e6-4525-9fca-2b81332fa775	NR_133753.1	95.486	1019	32	13	403	1409	1017	1	0.0	1615
ca809ae8-75e6-4525-9fca-2b81332fa775	NR_133753.1	90.260	308	16	8	71	365	1391	1085	1.26e-107	390
ca809ae8-75e6-4525-9fca-2b81332fa775	NR_133752.1	95.051	990	35	13	403	1380	988	1	0.0	1544
ca809ae8-75e6-4525-9fca-2b81332fa775	NR_133752.1	90.260	308	16	8	71	365	1362	1056	1.26e-107	390
ea5abb84-cbf4-43ad-811a-15537a0b5104	NR_044873.1	94.529	1316	34	30	1	1301	175	1467	0.0	1997
ea5abb84-cbf4-43ad-811a-15537a0b5104	NR_074568.1	92.694	1314	59	28	1	1301	186	1475	0.0	1860
ea5abb84-cbf4-43ad-811a-15537a0b5104	NR_109752.1	92.243	1315	62	31	3	1301	198	1488	0.0	1827
ea5abb84-cbf4-43ad-811a-15537a0b5104	NR_044712.2	92.444	1297	61	28	1	1284	195	1467	0.0	1825
ea5abb84-cbf4-43ad-811a-15537a0b5104	NR_025310.1	92.179	1317	62	31	1	1301	166	1457	0.0	1823
54192375-0fa3-454a-afe9-edfba991373c	NR_025862.1	94.401	1411	43	29	82	1472	1406	12	0.0	2146
54192375-0fa3-454a-afe9-edfba991373c	NR_028682.1	92.919	1497	61	37	1	1471	1490	13	0.0	2135
54192375-0fa3-454a-afe9-edfba991373c	NR_026454.1	92.060	1398	68	35	82	1451	1383	1	0.0	1927
54192375-0fa3-454a-afe9-edfba991373c	NR_119263.1	91.280	1445	78	39	1	1414	1487	60	0.0	1927
54192375-0fa3-454a-afe9-edfba991373c	NR_180652.1	90.483	1492	89	39	1	1458	1477	5	0.0	1919
c93948b5-825a-41cd-af9f-9aa063572f1b	NR_152678.1	94.104	1323	56	19	8	1316	185	1499	0.0	1991
c93948b5-825a-41cd-af9f-9aa063572f1b	NR_181981.1	93.825	1328	58	21	4	1316	176	1494	0.0	1977
c93948b5-825a-41cd-af9f-9aa063572f1b	NR_181980.1	93.750	1328	59	21	4	1316	176	1494	0.0	1971
c93948b5-825a-41cd-af9f-9aa063572f1b	NR_199956.1	94.041	1309	58	17	21	1316	198	1499	0.0	1967
c93948b5-825a-41cd-af9f-9aa063572f1b	NR_025630.1	93.444	1327	65	20	4	1316	160	1478	0.0	1949
647c1039-10fb-4f7a-85c6-fbcafc7e2d59	NR_026419.1	95.342	730	15	15	11	727	764	1487	0.0	1142
647c1039-10fb-4f7a-85c6-fbcafc7e2d59	NR_025904.1	94.513	729	22	14	11	727	775	1497	0.0	1109
647c1039-10fb-4f7a-85c6-fbcafc7e2d59	NR_025903.1	94.239	729	24	15	11	727	776	1498	0.0	1098
647c1039-10fb-4f7a-85c6-fbcafc7e2d59	NR_133752.1	94.532	695	21	14	11	694	701	1389	0.0	1057
647c1039-10fb-4f7a-85c6-fbcafc7e2d59	NR_133753.1	94.532	695	21	14	11	694	730	1418	0.0	1057
988b50a0-6591-48be-b0a6-d00c86a8d562	NR_026093.1	86.508	630	42	39	1	604	1278	666	0.0	652
988b50a0-6591-48be-b0a6-d00c86a8d562	NR_102936.1	86.508	630	42	39	1	604	1371	759	0.0	652
988b50a0-6591-48be-b0a6-d00c86a8d562	NR_113159.1	86.508	630	42	39	1	604	1371	759	0.0	652
988b50a0-6591-48be-b0a6-d00c86a8d562	NR_036819.1	85.397	630	49	39	1	604	1352	740	2.81e-175	614
988b50a0-6591-48be-b0a6-d00c86a8d562	NR_113038.1	85.397	630	49	39	1	604	1372	760	2.81e-175	614
78b1f348-cda2-4f08-bebd-44b9ecf57de6	NR_117694.1	93.959	1407	41	36	19	1394	1394	1	0.0	2087
78b1f348-cda2-4f08-bebd-44b9ecf57de6	NR_121687.1	93.225	1417	48	39	19	1402	1414	13	0.0	2041
78b1f348-cda2-4f08-bebd-44b9ecf57de6	NR_025892.1	92.792	1415	57	39	19	1402	1419	19	0.0	2030
78b1f348-cda2-4f08-bebd-44b9ecf57de6	NR_117692.1	92.822	1407	57	37	19	1394	1394	1	0.0	1999
78b1f348-cda2-4f08-bebd-44b9ecf57de6	NR_025902.1	92.635	1385	58	37	19	1372	1372	1	0.0	1953
de7e63a6-decc-4f89-a033-1dab19613c5e	NR_025453.1	91.045	67	3	3	3	68	60	124	6.12e-18	87.9
de7e63a6-decc-4f89-a033-1dab19613c5e	NR_042927.1	91.045	67	3	3	3	68	60	124	6.12e-18	87.9
de7e63a6-decc-4f89-a033-1dab19613c5e	NR_114413.1	91.045	67	3	3	3	68	83	147	6.12e-18	87.9
de7e63a6-decc-4f89-a033-1dab19613c5e	NR_115734.1	91.045	67	3	3	3	68	61	125	6.12e-18	87.9
de7e63a6-decc-4f89-a033-1dab19613c5e	NR_148589.1	91.045	67	3	3	3	68	60	124	6.12e-18	87.9
93b6ca7e-f134-4ff0-8d9e-9c6bc03de12f	NR_117719.1	96.635	832	13	11	3	830	676	1496	0.0	1367
93b6ca7e-f134-4ff0-8d9e-9c6bc03de12f	NR_028664.1	96.514	832	14	11	3	830	679	1499	0.0	1362
93b6ca7e-f134-4ff0-8d9e-9c6bc03de12f	NR_179383.1	96.514	832	14	11	3	830	683	1503	0.0	1362
93b6ca7e-f134-4ff0-8d9e-9c6bc03de12f	NR_175455.1	96.399	833	14	12	3	830	664	1485	0.0	1358
93b6ca7e-f134-4ff0-8d9e-9c6bc03de12f	NR_179540.1	96.394	832	14	10	3	830	676	1495	0.0	1356
890154a1-e314-419f-841f-c9b7bfed8b7b	NR_199545.1	94.143	1383	44	22	1	1362	126	1492	0.0	2071
890154a1-e314-419f-841f-c9b7bfed8b7b	NR_179385.1	94.071	1383	45	22	1	1362	130	1496	0.0	2065
890154a1-e314-419f-841f-c9b7bfed8b7b	NR_028664.1	93.858	1384	47	25	1	1362	129	1496	0.0	2050
890154a1-e314-419f-841f-c9b7bfed8b7b	NR_165744.1	93.977	1378	46	22	2	1358	116	1477	0.0	2050
890154a1-e314-419f-841f-c9b7bfed8b7b	NR_179383.1	93.786	1384	48	25	1	1362	133	1500	0.0	2045
944cb5aa-15bf-41ad-a99a-809e77c16908	NR_113105.1	94.299	1263	35	29	63	1301	219	1468	0.0	1899
944cb5aa-15bf-41ad-a99a-809e77c16908	NR_044407.1	94.268	1256	35	29	63	1294	211	1453	0.0	1886
944cb5aa-15bf-41ad-a99a-809e77c16908	NR_113124.1	93.587	1263	44	29	63	1301	231	1480	0.0	1849
944cb5aa-15bf-41ad-a99a-809e77c16908	NR_109628.1	93.587	1263	44	29	63	1301	212	1461	0.0	1849
944cb5aa-15bf-41ad-a99a-809e77c16908	NR_175509.1	93.428	1263	46	29	63	1301	231	1480	0.0	1838
1c16a94a-82a4-46b2-b4be-d20867229b68	NR_044873.1	96.733	551	11	6	1	546	907	1455	0.0	911
1c16a94a-82a4-46b2-b4be-d20867229b68	NR_074568.1	96.000	550	15	7	1	546	917	1463	0.0	887
1c16a94a-82a4-46b2-b4be-d20867229b68	NR_044712.2	95.628	549	17	7	1	545	926	1471	0.0	878
1c16a94a-82a4-46b2-b4be-d20867229b68	NR_025310.1	95.290	552	17	9	1	546	897	1445	0.0	867
1c16a94a-82a4-46b2-b4be-d20867229b68	NR_109752.1	95.281	551	19	7	1	546	928	1476	0.0	867
e8388f75-38e5-417b-aaa9-2f0f9295fd29	NR_026419.1	97.019	369	8	2	1	366	1116	1484	1.28e-176	617
e8388f75-38e5-417b-aaa9-2f0f9295fd29	NR_025904.1	95.122	369	14	3	1	366	1127	1494	6.05e-165	579
e8388f75-38e5-417b-aaa9-2f0f9295fd29	NR_025903.1	95.122	369	14	3	1	366	1128	1495	6.05e-165	579
e8388f75-38e5-417b-aaa9-2f0f9295fd29	NR_133752.1	95.362	345	14	1	1	343	1053	1397	1.71e-155	547
e8388f75-38e5-417b-aaa9-2f0f9295fd29	NR_133753.1	95.362	345	14	1	1	343	1082	1426	1.71e-155	547
8cccd36b-62be-475e-9875-dad81a6b2e43	NR_044873.1	97.716	394	4	5	1	390	1073	1465	0.0	673
8cccd36b-62be-475e-9875-dad81a6b2e43	NR_178796.1	96.734	398	9	4	1	395	1081	1477	0.0	660
8cccd36b-62be-475e-9875-dad81a6b2e43	NR_178939.1	96.734	398	9	4	1	395	1082	1478	0.0	660
8cccd36b-62be-475e-9875-dad81a6b2e43	NR_074568.1	96.231	398	10	5	1	395	1083	1478	0.0	647
8cccd36b-62be-475e-9875-dad81a6b2e43	NR_117032.1	95.980	398	12	4	1	395	1046	1442	0.0	643
e0ae1a7f-8c74-46bd-adaf-d6ea2a1e06da	NR_043589.1	96.245	719	13	9	1	710	720	1433	0.0	1166
e0ae1a7f-8c74-46bd-adaf-d6ea2a1e06da	NR_180817.1	94.087	761	24	15	1	751	717	1466	0.0	1136
e0ae1a7f-8c74-46bd-adaf-d6ea2a1e06da	NR_042847.1	93.955	761	25	15	1	751	695	1444	0.0	1131
e0ae1a7f-8c74-46bd-adaf-d6ea2a1e06da	NR_118652.1	95.125	718	21	10	1	710	721	1432	0.0	1125
e0ae1a7f-8c74-46bd-adaf-d6ea2a1e06da	NR_117641.1	94.854	719	23	9	1	710	722	1435	0.0	1110
b083ca6e-d026-41a1-8e1e-187f47c182c1	NR_042776.1	90.909	308	15	8	1	299	1438	1135	1.13e-111	401
b083ca6e-d026-41a1-8e1e-187f47c182c1	NR_042777.1	90.909	308	15	8	1	299	1437	1134	1.13e-111	401
b083ca6e-d026-41a1-8e1e-187f47c182c1	NR_042778.1	90.584	308	16	8	1	299	1438	1135	5.25e-110	396
b083ca6e-d026-41a1-8e1e-187f47c182c1	NR_118998.1	90.584	308	16	8	1	299	1432	1129	5.25e-110	396
b083ca6e-d026-41a1-8e1e-187f47c182c1	NR_197695.1	90.584	308	16	8	1	299	1437	1134	5.25e-110	396
f2788990-5aa3-48f0-8c30-6a7876a358e3	NR_118512.1	95.706	1444	28	22	1	1423	1431	1	0.0	2292
f2788990-5aa3-48f0-8c30-6a7876a358e3	NR_043604.1	95.492	1353	28	21	91	1423	1340	1	0.0	2130
f2788990-5aa3-48f0-8c30-6a7876a358e3	NR_197757.1	93.260	1454	60	26	1	1432	1450	13	0.0	2108
f2788990-5aa3-48f0-8c30-6a7876a358e3	NR_156802.1	92.980	1453	68	25	1	1432	1452	13	0.0	2087
f2788990-5aa3-48f0-8c30-6a7876a358e3	NR_156805.1	92.980	1453	68	25	1	1432	1452	13	0.0	2087
8c5066cc-270d-4cc1-81f2-e7f076a2ad60	NR_179325.1	96.779	1397	25	16	1	1383	71	1461	0.0	2313
8c5066cc-270d-4cc1-81f2-e7f076a2ad60	NR_115355.1	96.633	1396	28	15	1	1383	98	1487	0.0	2303
8c5066cc-270d-4cc1-81f2-e7f076a2ad60	NR_119169.1	96.347	1396	32	15	1	1383	103	1492	0.0	2285
8c5066cc-270d-4cc1-81f2-e7f076a2ad60	NR_163639.1	96.278	1397	27	21	1	1383	117	1502	0.0	2268
8c5066cc-270d-4cc1-81f2-e7f076a2ad60	NR_113570.1	96.066	1398	34	17	1	1383	104	1495	0.0	2257
c770db21-1e2c-4cee-be48-4e2b1ca40741	NR_028682.1	92.210	706	24	24	1	683	739	1436	0.0	970
c770db21-1e2c-4cee-be48-4e2b1ca40741	NR_025445.1	89.624	771	42	28	1	745	730	1488	0.0	946
c770db21-1e2c-4cee-be48-4e2b1ca40741	NR_025862.1	92.548	671	23	22	1	652	738	1400	0.0	941
c770db21-1e2c-4cee-be48-4e2b1ca40741	NR_116890.1	91.360	706	30	23	1	683	727	1424	0.0	937
c770db21-1e2c-4cee-be48-4e2b1ca40741	NR_025396.1	89.351	770	45	29	1	745	710	1467	0.0	933
5f275457-da98-4b8e-b024-7c7bf1f03f5a	NR_041983.1	95.358	517	13	11	1	511	575	1086	0.0	811
5f275457-da98-4b8e-b024-7c7bf1f03f5a	NR_114395.1	95.358	517	13	11	1	511	607	1118	0.0	811
5f275457-da98-4b8e-b024-7c7bf1f03f5a	NR_179535.1	95.164	517	14	11	1	511	610	1121	0.0	806
5f275457-da98-4b8e-b024-7c7bf1f03f5a	NR_119102.1	94.971	517	15	11	1	511	577	1088	0.0	804
5f275457-da98-4b8e-b024-7c7bf1f03f5a	NR_179528.1	94.971	517	15	10	1	511	592	1103	0.0	800
5cf1645d-4e50-457c-a011-7c482cb16539	NR_041879.1	89.115	689	37	30	1	676	994	331	0.0	822
5cf1645d-4e50-457c-a011-7c482cb16539	NR_115355.1	89.115	689	37	30	1	676	1037	374	0.0	822
5cf1645d-4e50-457c-a011-7c482cb16539	NR_119169.1	88.970	689	38	30	1	676	1042	379	0.0	819
5cf1645d-4e50-457c-a011-7c482cb16539	NR_179325.1	88.970	689	38	30	1	676	1011	348	0.0	817
5cf1645d-4e50-457c-a011-7c482cb16539	NR_113570.1	88.534	689	41	30	1	676	1044	381	0.0	800
35a4ad37-4f68-4578-b41f-11a0a1b4e03a	NR_117694.1	96.926	488	4	7	1	477	1389	902	0.0	808
35a4ad37-4f68-4578-b41f-11a0a1b4e03a	NR_041989.1	96.721	488	5	7	1	477	1347	860	0.0	802
35a4ad37-4f68-4578-b41f-11a0a1b4e03a	NR_104947.1	96.516	488	6	7	1	477	1362	875	0.0	797
35a4ad37-4f68-4578-b41f-11a0a1b4e03a	NR_117717.1	96.516	488	6	7	1	477	1409	922	0.0	797
35a4ad37-4f68-4578-b41f-11a0a1b4e03a	NR_121687.1	96.516	488	6	7	1	477	1409	922	0.0	797
ee793c4d-71a7-47dd-a76f-7304d35ab472	NR_116168.1	95.589	1315	28	23	1	1295	188	1492	0.0	2080
ee793c4d-71a7-47dd-a76f-7304d35ab472	NR_118762.1	94.095	1304	46	24	1	1284	191	1483	0.0	1986
ee793c4d-71a7-47dd-a76f-7304d35ab472	NR_042878.1	95.605	1206	23	23	1	1186	167	1362	0.0	1908
ee793c4d-71a7-47dd-a76f-7304d35ab472	NR_115546.2	91.793	1316	72	29	2	1294	198	1500	0.0	1799
ee793c4d-71a7-47dd-a76f-7304d35ab472	NR_118143.1	94.024	1188	42	22	18	1186	187	1364	0.0	1775
24130241-5687-4b8d-becb-2d50e5469d80	NR_178515.1	90.636	1132	67	31	1	1107	1118	1	0.0	1467
24130241-5687-4b8d-becb-2d50e5469d80	NR_114413.1	90.501	1137	69	31	4	1115	1138	16	0.0	1465
24130241-5687-4b8d-becb-2d50e5469d80	NR_165737.1	90.548	1132	68	31	1	1107	1118	1	0.0	1461
24130241-5687-4b8d-becb-2d50e5469d80	NR_024842.1	90.263	1140	72	31	1	1115	1133	8	0.0	1458
24130241-5687-4b8d-becb-2d50e5469d80	NR_042927.1	90.434	1129	69	31	4	1107	1115	1	0.0	1450
e3b590a7-5a4c-4ff7-8a92-40abc17f52fe	NR_026419.1	90.534	1236	79	27	1	1207	258	1484	0.0	1600
e3b590a7-5a4c-4ff7-8a92-40abc17f52fe	NR_025903.1	90.129	1236	83	30	1	1207	270	1495	0.0	1570
e3b590a7-5a4c-4ff7-8a92-40abc17f52fe	NR_025904.1	89.750	1239	82	34	1	1207	269	1494	0.0	1543
e3b590a7-5a4c-4ff7-8a92-40abc17f52fe	NR_133753.1	90.017	1212	83	27	1	1183	224	1426	0.0	1533
e3b590a7-5a4c-4ff7-8a92-40abc17f52fe	NR_042771.1	89.669	1239	79	36	1	1207	272	1493	0.0	1533
b4dfc8ab-8759-4e33-8bc3-04c130b4a334	NR_178515.1	86.460	517	35	24	67	553	526	15	2.12e-151	534
b4dfc8ab-8759-4e33-8bc3-04c130b4a334	NR_117425.1	88.621	457	24	14	67	497	529	75	2.75e-150	531
b4dfc8ab-8759-4e33-8bc3-04c130b4a334	NR_024841.1	87.965	457	27	16	67	497	540	86	2.77e-145	514
b4dfc8ab-8759-4e33-8bc3-04c130b4a334	NR_111994.1	87.965	457	27	16	67	497	472	18	2.77e-145	514
b4dfc8ab-8759-4e33-8bc3-04c130b4a334	NR_113260.1	87.965	457	27	16	67	497	526	72	2.77e-145	514
b459e46c-313e-4245-b9c9-fa74b113297d	NR_117719.1	96.731	1346	29	12	1	1338	155	1493	0.0	2228
b459e46c-313e-4245-b9c9-fa74b113297d	NR_175455.1	96.511	1347	31	13	1	1338	143	1482	0.0	2213
b459e46c-313e-4245-b9c9-fa74b113297d	NR_179540.1	96.285	1346	34	13	1	1338	155	1492	0.0	2194
b459e46c-313e-4245-b9c9-fa74b113297d	NR_028664.1	96.137	1346	37	12	1	1338	158	1496	0.0	2183
b459e46c-313e-4245-b9c9-fa74b113297d	NR_199545.1	96.134	1345	38	11	1	1338	155	1492	0.0	2183
ff761621-d50f-4808-bdd1-d42f52f95a86	NR_116168.1	92.827	1408	63	35	2	1386	95	1487	0.0	2006
ff761621-d50f-4808-bdd1-d42f52f95a86	NR_118762.1	91.661	1403	76	36	2	1380	98	1483	0.0	1940
ff761621-d50f-4808-bdd1-d42f52f95a86	NR_042878.1	92.709	1303	59	32	2	1282	74	1362	0.0	1857
ff761621-d50f-4808-bdd1-d42f52f95a86	NR_025423.1	90.178	1405	96	37	2	1381	79	1466	0.0	1792
ff761621-d50f-4808-bdd1-d42f52f95a86	NR_118143.1	91.334	1304	75	33	2	1282	76	1364	0.0	1749
352356a9-4b41-4343-9fa8-01b775a52a99	NR_116168.1	87.683	479	30	19	15	483	475	16	2.31e-150	531
352356a9-4b41-4343-9fa8-01b775a52a99	NR_042878.1	87.104	473	32	19	15	477	454	1	6.48e-146	516
352356a9-4b41-4343-9fa8-01b775a52a99	NR_025423.1	85.744	477	39	20	15	480	459	1	3.06e-134	477
352356a9-4b41-4343-9fa8-01b775a52a99	NR_118762.1	84.679	483	45	19	15	487	478	15	1.10e-133	475
352356a9-4b41-4343-9fa8-01b775a52a99	NR_042883.1	87.047	386	39	11	100	477	383	1	1.12e-118	425
2746f84e-3486-4458-9321-dd31c373ba65	NR_116168.1	94.954	218	8	3	1	218	236	22	6.60e-93	339
2746f84e-3486-4458-9321-dd31c373ba65	NR_042878.1	93.607	219	9	4	1	218	215	1	3.97e-90	329
2746f84e-3486-4458-9321-dd31c373ba65	NR_118762.1	92.661	218	13	3	1	218	239	25	8.60e-87	318
2746f84e-3486-4458-9321-dd31c373ba65	NR_025423.1	91.364	220	14	5	1	218	220	4	4.03e-80	296
2746f84e-3486-4458-9321-dd31c373ba65	NR_026030.1	90.909	220	15	5	1	218	219	3	1.45e-79	294
da328d50-d810-448d-97f5-ba08643df39f	NR_024842.1	92.617	1192	47	33	16	1182	319	1494	0.0	1677
da328d50-d810-448d-97f5-ba08643df39f	NR_115735.1	92.749	1186	45	33	16	1176	295	1464	0.0	1676
da328d50-d810-448d-97f5-ba08643df39f	NR_165737.1	92.736	1184	44	34	16	1173	304	1471	0.0	1672
da328d50-d810-448d-97f5-ba08643df39f	NR_115241.1	92.561	1183	47	33	16	1173	304	1470	0.0	1663
da328d50-d810-448d-97f5-ba08643df39f	NR_036936.1	92.483	1184	47	34	16	1173	304	1471	0.0	1655
5181b984-0b25-4cc0-a37a-24c17be0e342	NR_044873.1	89.663	416	17	22	13	409	415	7	3.27e-143	507
5181b984-0b25-4cc0-a37a-24c17be0e342	NR_074568.1	88.916	415	22	20	13	409	426	18	3.30e-138	490
5181b984-0b25-4cc0-a37a-24c17be0e342	NR_044712.2	88.193	415	25	20	13	409	435	27	7.14e-135	479
5181b984-0b25-4cc0-a37a-24c17be0e342	NR_025310.1	87.136	412	29	20	13	406	406	1	7.24e-125	446
5181b984-0b25-4cc0-a37a-24c17be0e342	NR_109752.1	87.019	416	29	21	13	409	437	28	7.24e-125	446
