ef91328b-6a65-44a2-9ba8-914672c3d35a	NR_117694.1	96.378	497	8	9	10	499	494	1	0.0	809
ef91328b-6a65-44a2-9ba8-914672c3d35a	NR_025892.1	94.632	503	17	9	10	505	520	21	0.0	780
ef91328b-6a65-44a2-9ba8-914672c3d35a	NR_121687.1	93.452	504	21	11	10	505	514	15	0.0	737
ef91328b-6a65-44a2-9ba8-914672c3d35a	NR_117692.1	93.159	497	24	9	10	499	494	1	0.0	721
ef91328b-6a65-44a2-9ba8-914672c3d35a	NR_041989.1	95.175	456	11	10	10	458	452	1	0.0	710
930ae37a-2c81-4d0d-add7-77a0e0629853	NR_117694.1	96.649	955	20	10	1	948	518	1467	0.0	1576
930ae37a-2c81-4d0d-add7-77a0e0629853	NR_121687.1	96.021	955	26	10	1	948	538	1487	0.0	1543
930ae37a-2c81-4d0d-add7-77a0e0629853	NR_117692.1	95.916	955	27	10	1	948	518	1467	0.0	1537
930ae37a-2c81-4d0d-add7-77a0e0629853	NR_025902.1	95.707	955	29	10	1	948	496	1445	0.0	1526
930ae37a-2c81-4d0d-add7-77a0e0629853	NR_117696.1	95.707	955	29	10	1	948	505	1454	0.0	1526
50c56ff2-da37-47d3-a7fb-18243ed4f2d2	NR_024842.1	93.750	496	14	15	1	480	994	1488	0.0	728
50c56ff2-da37-47d3-a7fb-18243ed4f2d2	NR_115735.1	93.750	496	14	15	1	480	970	1464	0.0	728
50c56ff2-da37-47d3-a7fb-18243ed4f2d2	NR_042928.1	93.509	493	15	15	1	477	977	1468	0.0	717
50c56ff2-da37-47d3-a7fb-18243ed4f2d2	NR_179540.1	93.347	496	16	15	1	480	997	1491	0.0	717
50c56ff2-da37-47d3-a7fb-18243ed4f2d2	NR_028664.1	93.159	497	16	16	1	480	1000	1495	0.0	713
e3bc5bd9-2e9f-460e-a4ff-9f54618b2839	NR_025862.1	91.257	1281	66	39	1	1262	1267	14	0.0	1714
e3bc5bd9-2e9f-460e-a4ff-9f54618b2839	NR_028682.1	89.564	1284	83	43	1	1262	1268	14	0.0	1581
e3bc5bd9-2e9f-460e-a4ff-9f54618b2839	NR_026454.1	88.627	1275	84	49	1	1245	1244	1	0.0	1495
e3bc5bd9-2e9f-460e-a4ff-9f54618b2839	NR_042500.1	87.186	1155	98	40	21	1155	1176	52	0.0	1267
e3bc5bd9-2e9f-460e-a4ff-9f54618b2839	NR_180911.1	85.252	1268	127	50	21	1262	1235	2	0.0	1251
b4842ba8-129f-48f3-bf10-714bf7d7f9d5	NR_116168.1	88.182	1210	68	59	1	1157	300	1487	0.0	1373
b4842ba8-129f-48f3-bf10-714bf7d7f9d5	NR_118762.1	86.960	1204	81	60	1	1151	303	1483	0.0	1314
b4842ba8-129f-48f3-bf10-714bf7d7f9d5	NR_025423.1	86.288	1196	88	59	12	1154	296	1468	0.0	1230
b4842ba8-129f-48f3-bf10-714bf7d7f9d5	NR_024897.1	85.926	1215	86	65	1	1157	299	1486	0.0	1218
b4842ba8-129f-48f3-bf10-714bf7d7f9d5	NR_115138.1	85.927	1208	91	62	1	1153	285	1468	0.0	1216
9326aec5-351d-46a6-afb5-60d8b5f1783a	NR_044873.1	93.728	558	20	13	1	552	917	1465	0.0	822
9326aec5-351d-46a6-afb5-60d8b5f1783a	NR_074568.1	92.171	562	29	13	1	557	927	1478	0.0	780
9326aec5-351d-46a6-afb5-60d8b5f1783a	NR_044712.2	92.606	541	26	12	1	536	936	1467	0.0	767
9326aec5-351d-46a6-afb5-60d8b5f1783a	NR_109752.1	91.637	562	34	11	1	557	938	1491	0.0	765
9326aec5-351d-46a6-afb5-60d8b5f1783a	NR_025310.1	91.474	563	33	13	1	557	907	1460	0.0	760
4a9109c8-3a83-4474-b297-1a8638b560ce	NR_036936.1	93.646	1259	39	28	1	1237	1245	6	0.0	1845
4a9109c8-3a83-4474-b297-1a8638b560ce	NR_109720.1	93.402	1258	42	28	1	1236	1239	1	0.0	1825
4a9109c8-3a83-4474-b297-1a8638b560ce	NR_199545.1	92.526	1271	52	30	1	1249	1263	14	0.0	1781
4a9109c8-3a83-4474-b297-1a8638b560ce	NR_180875.1	92.955	1235	51	27	1	1214	1224	5	0.0	1777
4a9109c8-3a83-4474-b297-1a8638b560ce	NR_042928.1	92.693	1259	49	30	1	1237	1243	6	0.0	1775
1068f17f-71db-49f2-8d15-3d9addc33f9f	NR_042928.1	96.514	918	15	15	2	908	912	1	0.0	1502
1068f17f-71db-49f2-8d15-3d9addc33f9f	NR_117719.1	96.000	925	20	15	2	915	932	14	0.0	1487
1068f17f-71db-49f2-8d15-3d9addc33f9f	NR_165747.1	96.187	918	18	15	2	908	912	1	0.0	1485
1068f17f-71db-49f2-8d15-3d9addc33f9f	NR_175455.1	95.779	924	22	15	2	914	920	3	0.0	1474
1068f17f-71db-49f2-8d15-3d9addc33f9f	NR_199547.1	96.648	895	14	14	2	885	892	3	0.0	1472
87e1bbf3-0883-412a-bf2e-49fee106fdd0	NR_024842.1	88.265	801	67	20	142	921	677	1471	0.0	933
87e1bbf3-0883-412a-bf2e-49fee106fdd0	NR_115735.1	88.265	801	67	20	142	921	653	1447	0.0	933
87e1bbf3-0883-412a-bf2e-49fee106fdd0	NR_036936.1	88.169	803	65	22	142	921	662	1457	0.0	929
87e1bbf3-0883-412a-bf2e-49fee106fdd0	NR_042927.1	88.125	800	71	18	142	921	662	1457	0.0	929
87e1bbf3-0883-412a-bf2e-49fee106fdd0	NR_109720.1	88.140	801	69	19	142	921	656	1451	0.0	929
82e70b7f-2cdb-4703-bfff-1ea4294018cb	NR_029097.1	89.297	327	22	9	5	323	1269	948	1.59e-110	398
82e70b7f-2cdb-4703-bfff-1ea4294018cb	NR_125570.1	89.297	327	22	9	5	323	1251	930	1.59e-110	398
82e70b7f-2cdb-4703-bfff-1ea4294018cb	NR_125571.1	89.297	327	22	9	5	323	1293	972	1.59e-110	398
82e70b7f-2cdb-4703-bfff-1ea4294018cb	NR_025127.1	88.364	275	22	7	51	317	1282	1010	9.82e-88	322
82e70b7f-2cdb-4703-bfff-1ea4294018cb	NR_026314.1	88.722	266	18	10	51	306	1268	1005	1.64e-85	315
7d75aac3-5735-4a82-8e4f-a11a75bf8856	NR_024842.1	95.279	466	12	9	1	462	1030	1489	0.0	730
7d75aac3-5735-4a82-8e4f-a11a75bf8856	NR_028665.1	95.279	466	12	9	1	462	1030	1489	0.0	730
7d75aac3-5735-4a82-8e4f-a11a75bf8856	NR_156072.1	95.279	466	12	9	1	462	1035	1494	0.0	730
7d75aac3-5735-4a82-8e4f-a11a75bf8856	NR_179385.1	95.279	466	12	9	1	462	1037	1496	0.0	730
7d75aac3-5735-4a82-8e4f-a11a75bf8856	NR_199545.1	95.279	466	12	9	1	462	1033	1492	0.0	730
9a117bcd-8277-4c62-b562-ecfbf09acf79	NR_044873.1	95.503	378	12	3	1	375	377	2	4.77e-171	599
9a117bcd-8277-4c62-b562-ecfbf09acf79	NR_074568.1	94.709	378	15	3	1	375	388	13	4.80e-166	582
9a117bcd-8277-4c62-b562-ecfbf09acf79	NR_044712.2	93.915	378	18	3	1	375	397	22	1.04e-162	571
9a117bcd-8277-4c62-b562-ecfbf09acf79	NR_179993.1	92.126	381	24	4	1	377	389	11	4.90e-151	532
9a117bcd-8277-4c62-b562-ecfbf09acf79	NR_109752.1	92.084	379	24	4	1	375	399	23	6.34e-150	529
4916bef4-db26-46cc-8e50-83db0f3fc14e	NR_044873.1	91.433	1249	55	33	24	1235	1240	7	0.0	1666
4916bef4-db26-46cc-8e50-83db0f3fc14e	NR_074568.1	90.232	1249	69	34	24	1235	1250	18	0.0	1581
4916bef4-db26-46cc-8e50-83db0f3fc14e	NR_044712.2	89.832	1249	74	34	24	1235	1259	27	0.0	1563
4916bef4-db26-46cc-8e50-83db0f3fc14e	NR_109752.1	89.512	1249	75	37	26	1235	1259	28	0.0	1530
4916bef4-db26-46cc-8e50-83db0f3fc14e	NR_025310.1	89.398	1245	77	36	26	1232	1228	1	0.0	1517
9b99ddbc-7bd9-4741-9f26-186292b56bcd	NR_115355.1	93.072	1097	46	24	1	1077	396	1482	0.0	1578
9b99ddbc-7bd9-4741-9f26-186292b56bcd	NR_179325.1	93.072	1097	46	24	1	1077	370	1456	0.0	1578
9b99ddbc-7bd9-4741-9f26-186292b56bcd	NR_119169.1	92.799	1097	49	24	1	1077	401	1487	0.0	1565
9b99ddbc-7bd9-4741-9f26-186292b56bcd	NR_163639.1	92.896	1098	45	27	1	1077	412	1497	0.0	1565
9b99ddbc-7bd9-4741-9f26-186292b56bcd	NR_113570.1	92.714	1098	49	25	1	1077	403	1490	0.0	1555
70910ca2-f324-4369-9685-25ae87229037	NR_163639.1	94.580	369	9	9	1	365	365	4	2.18e-159	560
70910ca2-f324-4369-9685-25ae87229037	NR_074980.1	94.293	368	10	9	1	364	373	13	3.65e-157	553
70910ca2-f324-4369-9685-25ae87229037	NR_113031.1	94.293	368	10	9	1	364	373	13	3.65e-157	553
70910ca2-f324-4369-9685-25ae87229037	NR_119168.1	94.693	358	9	8	1	355	351	1	1.70e-155	547
70910ca2-f324-4369-9685-25ae87229037	NR_119169.1	94.413	358	10	8	1	355	351	1	2.19e-154	544
9c510221-f43a-4a1a-8391-464b1f47ee80	NR_125570.1	91.493	670	15	23	1	642	705	50	0.0	883
9c510221-f43a-4a1a-8391-464b1f47ee80	NR_125571.1	90.569	668	25	21	1	642	747	92	0.0	852
9c510221-f43a-4a1a-8391-464b1f47ee80	NR_029097.1	90.583	669	23	24	1	642	723	68	0.0	850
9c510221-f43a-4a1a-8391-464b1f47ee80	NR_025567.1	84.835	666	63	25	1	640	780	127	0.0	636
9c510221-f43a-4a1a-8391-464b1f47ee80	NR_113410.1	84.685	666	64	25	1	640	689	36	2.98e-180	630
a2e3dd75-eb44-4127-b496-c04207164065	NR_024842.1	94.699	1245	55	6	20	1259	1246	8	0.0	1927
a2e3dd75-eb44-4127-b496-c04207164065	NR_115241.1	94.745	1237	54	6	20	1251	1231	1	0.0	1916
a2e3dd75-eb44-4127-b496-c04207164065	NR_178515.1	94.588	1238	54	8	20	1251	1231	1	0.0	1903
a2e3dd75-eb44-4127-b496-c04207164065	NR_115735.1	94.707	1228	53	7	20	1241	1222	1	0.0	1897
a2e3dd75-eb44-4127-b496-c04207164065	NR_165737.1	94.346	1238	57	8	20	1251	1231	1	0.0	1886
dc15ed66-4de7-49eb-8a76-d718b59fad85	NR_044873.1	93.964	497	18	11	3	492	974	1465	0.0	741
dc15ed66-4de7-49eb-8a76-d718b59fad85	NR_074568.1	92.742	496	24	11	3	492	984	1473	0.0	706
dc15ed66-4de7-49eb-8a76-d718b59fad85	NR_044895.1	92.480	492	25	11	7	492	972	1457	0.0	693
dc15ed66-4de7-49eb-8a76-d718b59fad85	NR_109752.1	92.153	497	27	11	3	492	995	1486	0.0	691
dc15ed66-4de7-49eb-8a76-d718b59fad85	NR_044712.2	92.229	489	26	11	3	485	993	1475	0.0	686
398b2eb6-ec58-41a6-a25e-52383b809e23	NR_115735.1	97.227	1154	13	17	18	1158	1360	213	0.0	1936
398b2eb6-ec58-41a6-a25e-52383b809e23	NR_116211.1	97.227	1154	13	17	18	1158	1292	145	0.0	1936
398b2eb6-ec58-41a6-a25e-52383b809e23	NR_024842.1	97.054	1154	15	17	18	1158	1384	237	0.0	1929
398b2eb6-ec58-41a6-a25e-52383b809e23	NR_115241.1	97.054	1154	15	17	18	1158	1369	222	0.0	1929
398b2eb6-ec58-41a6-a25e-52383b809e23	NR_109720.1	97.054	1154	15	17	18	1158	1363	216	0.0	1925
01ab0052-c6ca-4caf-8204-015816f67973	NR_028665.1	98.661	448	4	2	71	518	1044	1489	0.0	793
01ab0052-c6ca-4caf-8204-015816f67973	NR_104972.1	98.661	448	4	2	71	518	1029	1474	0.0	793
01ab0052-c6ca-4caf-8204-015816f67973	NR_156072.1	98.661	448	4	2	71	518	1049	1494	0.0	793
01ab0052-c6ca-4caf-8204-015816f67973	NR_158064.1	98.664	449	3	3	71	518	1051	1497	0.0	793
01ab0052-c6ca-4caf-8204-015816f67973	NR_179385.1	98.661	448	4	2	71	518	1051	1496	0.0	793
1ca3a224-de84-489f-966e-2becd66f02d0	NR_042878.1	94.475	724	27	12	1	717	1147	430	0.0	1105
1ca3a224-de84-489f-966e-2becd66f02d0	NR_116168.1	94.475	724	27	12	1	717	1168	451	0.0	1103
1ca3a224-de84-489f-966e-2becd66f02d0	NR_116168.1	96.825	63	2	0	717	779	1425	1487	2.72e-22	106
1ca3a224-de84-489f-966e-2becd66f02d0	NR_118143.1	94.061	724	30	12	1	717	1149	432	0.0	1088
1ca3a224-de84-489f-966e-2becd66f02d0	NR_118762.1	93.223	723	37	11	1	717	1170	454	0.0	1072
1ca3a224-de84-489f-966e-2becd66f02d0	NR_118762.1	96.491	57	2	0	717	773	1427	1483	5.88e-19	95.3
1ca3a224-de84-489f-966e-2becd66f02d0	NR_025423.1	92.403	724	42	12	1	717	1152	435	0.0	1020
1ca3a224-de84-489f-966e-2becd66f02d0	NR_025423.1	98.333	60	1	0	717	776	1409	1468	2.72e-22	106
532934c0-6ba3-4f84-ac26-b3d342e81c9e	NR_163639.1	93.503	354	11	9	1	344	1346	995	4.59e-146	516
532934c0-6ba3-4f84-ac26-b3d342e81c9e	NR_115355.1	93.220	354	12	9	1	344	1331	980	2.13e-144	510
532934c0-6ba3-4f84-ac26-b3d342e81c9e	NR_179325.1	93.220	354	12	9	1	344	1305	954	2.13e-144	510
532934c0-6ba3-4f84-ac26-b3d342e81c9e	NR_041879.1	92.958	355	12	11	1	344	1289	937	9.93e-143	505
532934c0-6ba3-4f84-ac26-b3d342e81c9e	NR_119169.1	92.655	354	14	9	1	344	1336	985	3.57e-142	503
e9d99449-3068-4165-8630-6a1bf6c6500b	NR_042776.1	95.425	459	16	5	1	455	1042	1499	0.0	726
e9d99449-3068-4165-8630-6a1bf6c6500b	NR_042777.1	95.425	459	16	5	1	455	1041	1498	0.0	726
e9d99449-3068-4165-8630-6a1bf6c6500b	NR_042778.1	94.989	459	18	5	1	455	1042	1499	0.0	715
e9d99449-3068-4165-8630-6a1bf6c6500b	NR_118998.1	94.989	459	18	5	1	455	1036	1493	0.0	715
e9d99449-3068-4165-8630-6a1bf6c6500b	NR_197695.1	94.989	459	18	5	1	455	1041	1498	0.0	715
e83040cf-edca-4d4e-a1c3-fc9972e6f5a1	NR_042927.1	95.887	389	8	5	1	382	255	642	2.88e-178	623
e83040cf-edca-4d4e-a1c3-fc9972e6f5a1	NR_042928.1	95.887	389	8	5	1	382	253	640	2.88e-178	623
e83040cf-edca-4d4e-a1c3-fc9972e6f5a1	NR_112026.1	95.887	389	8	5	1	382	236	623	2.88e-178	623
e83040cf-edca-4d4e-a1c3-fc9972e6f5a1	NR_114413.1	95.887	389	8	5	1	382	278	665	2.88e-178	623
e83040cf-edca-4d4e-a1c3-fc9972e6f5a1	NR_115734.1	95.887	389	8	5	1	382	256	643	2.88e-178	623
82641f6c-85e5-4293-adf9-adee79e940f1	NR_028682.1	93.883	376	13	9	5	377	1129	1497	8.25e-159	558
82641f6c-85e5-4293-adf9-adee79e940f1	NR_025435.1	92.651	381	16	11	5	382	1126	1497	1.07e-152	538
82641f6c-85e5-4293-adf9-adee79e940f1	NR_024817.1	92.612	379	19	8	5	382	1112	1482	1.07e-152	538
82641f6c-85e5-4293-adf9-adee79e940f1	NR_036793.2	92.388	381	17	11	5	382	1137	1508	5.00e-151	532
82641f6c-85e5-4293-adf9-adee79e940f1	NR_042061.1	92.388	381	17	11	5	382	1119	1490	5.00e-151	532
c7201e22-e470-44b3-b345-d1dd7abb48e4	NR_042776.1	96.635	1040	19	11	1	1031	1050	18	0.0	1712
c7201e22-e470-44b3-b345-d1dd7abb48e4	NR_042778.1	96.442	1040	21	11	1	1031	1050	18	0.0	1701
c7201e22-e470-44b3-b345-d1dd7abb48e4	NR_042777.1	96.346	1040	21	11	1	1031	1049	18	0.0	1694
c7201e22-e470-44b3-b345-d1dd7abb48e4	NR_197695.1	96.054	1039	27	9	1	1031	1049	17	0.0	1679
c7201e22-e470-44b3-b345-d1dd7abb48e4	NR_118998.1	95.481	1040	30	12	1	1031	1044	13	0.0	1646
66458c8f-de68-447c-926b-b499f9bcbb0c	NR_024842.1	95.584	951	16	17	2	933	549	1492	0.0	1500
66458c8f-de68-447c-926b-b499f9bcbb0c	NR_115735.1	95.570	948	16	17	1	929	524	1464	0.0	1495
66458c8f-de68-447c-926b-b499f9bcbb0c	NR_165737.1	95.440	943	22	13	1	926	533	1471	0.0	1483
66458c8f-de68-447c-926b-b499f9bcbb0c	NR_115241.1	95.238	945	19	17	1	926	533	1470	0.0	1478
66458c8f-de68-447c-926b-b499f9bcbb0c	NR_109720.1	95.401	935	22	13	1	918	527	1457	0.0	1469
7e2443d3-c358-49f6-a6da-ed2fd6155c46	NR_179325.1	94.938	731	21	13	1	721	732	1456	0.0	1131
7e2443d3-c358-49f6-a6da-ed2fd6155c46	NR_115354.1	94.665	731	23	13	1	721	758	1482	0.0	1122
7e2443d3-c358-49f6-a6da-ed2fd6155c46	NR_115355.1	94.665	731	23	13	1	721	758	1482	0.0	1120
7e2443d3-c358-49f6-a6da-ed2fd6155c46	NR_163639.1	94.658	730	23	13	1	721	775	1497	0.0	1118
7e2443d3-c358-49f6-a6da-ed2fd6155c46	NR_074980.1	94.391	731	25	13	1	721	785	1509	0.0	1109
9607507e-6de8-4411-8d04-3ef399bbb677	NR_024842.1	96.213	845	21	10	1	837	846	5	0.0	1376
9607507e-6de8-4411-8d04-3ef399bbb677	NR_115241.1	96.739	828	18	9	1	820	831	5	0.0	1371
9607507e-6de8-4411-8d04-3ef399bbb677	NR_115735.1	96.598	823	18	10	1	814	822	1	0.0	1356
9607507e-6de8-4411-8d04-3ef399bbb677	NR_178515.1	95.175	829	29	11	1	820	831	5	0.0	1299
9607507e-6de8-4411-8d04-3ef399bbb677	NR_165737.1	95.054	829	30	11	1	820	831	5	0.0	1293
d25f6c38-4ee1-48b3-91b9-3daee1ad5716	NR_044873.1	90.572	1188	70	37	11	1169	1176	2	0.0	1535
d25f6c38-4ee1-48b3-91b9-3daee1ad5716	NR_074568.1	88.982	1189	86	40	11	1169	1186	13	0.0	1428
d25f6c38-4ee1-48b3-91b9-3daee1ad5716	NR_044712.2	88.814	1189	88	41	11	1169	1195	22	0.0	1423
d25f6c38-4ee1-48b3-91b9-3daee1ad5716	NR_109752.1	88.507	1192	87	45	11	1169	1197	23	0.0	1397
d25f6c38-4ee1-48b3-91b9-3daee1ad5716	NR_179993.1	88.255	1192	92	43	11	1170	1187	12	0.0	1382
6c611b17-bf60-4b7b-ba48-18c0de49b090	NR_117694.1	95.114	962	12	13	1	932	1048	92	0.0	1483
6c611b17-bf60-4b7b-ba48-18c0de49b090	NR_041989.1	94.081	963	20	15	1	932	1006	50	0.0	1428
6c611b17-bf60-4b7b-ba48-18c0de49b090	NR_121687.1	93.769	963	23	15	1	932	1068	112	0.0	1411
6c611b17-bf60-4b7b-ba48-18c0de49b090	NR_025892.1	93.243	962	29	14	1	932	1073	118	0.0	1408
6c611b17-bf60-4b7b-ba48-18c0de49b090	NR_041988.1	93.354	963	27	15	1	932	1006	50	0.0	1389
b1d2aa0e-602e-484e-8063-a449aa6d0afb	NR_117694.1	94.524	420	13	9	3	416	416	1	0.0	640
b1d2aa0e-602e-484e-8063-a449aa6d0afb	NR_025892.1	92.991	428	20	9	3	424	442	19	8.95e-179	625
b1d2aa0e-602e-484e-8063-a449aa6d0afb	NR_121687.1	92.308	429	21	11	3	424	436	13	5.43e-171	599
b1d2aa0e-602e-484e-8063-a449aa6d0afb	NR_104830.1	92.093	430	23	10	3	425	431	6	7.02e-170	595
b1d2aa0e-602e-484e-8063-a449aa6d0afb	NR_117692.1	92.619	420	21	9	3	416	416	1	7.02e-170	595
dce20ca9-c509-4f3f-80d7-c7392e5cd6ff	NR_116168.1	93.548	403	18	7	7	404	1088	1487	2.41e-169	593
dce20ca9-c509-4f3f-80d7-c7392e5cd6ff	NR_118762.1	92.947	397	20	7	7	398	1090	1483	8.74e-164	575
dce20ca9-c509-4f3f-80d7-c7392e5cd6ff	NR_024897.1	91.832	404	23	9	7	404	1087	1486	1.14e-157	555
dce20ca9-c509-4f3f-80d7-c7392e5cd6ff	NR_181418.1	91.832	404	23	9	7	404	1087	1486	1.14e-157	555
dce20ca9-c509-4f3f-80d7-c7392e5cd6ff	NR_115546.2	91.315	403	27	7	7	404	1097	1496	2.46e-154	544
d67e2b1b-1ff1-4f3f-9619-1635ec7f28c6	NR_026095.1	97.115	312	8	1	1	311	697	386	6.67e-149	525
d67e2b1b-1ff1-4f3f-9619-1635ec7f28c6	NR_113564.1	97.115	312	8	1	1	311	697	386	6.67e-149	525
d67e2b1b-1ff1-4f3f-9619-1635ec7f28c6	NR_165677.1	95.833	312	12	1	1	311	701	390	3.13e-142	503
d67e2b1b-1ff1-4f3f-9619-1635ec7f28c6	NR_181560.1	94.872	312	15	1	1	311	692	381	3.15e-137	486
d67e2b1b-1ff1-4f3f-9619-1635ec7f28c6	NR_027581.1	94.551	312	16	1	1	311	696	385	1.46e-135	481
143c260f-6c04-4021-994f-6408fc12385f	NR_115355.1	96.351	877	17	13	1	866	610	1482	0.0	1428
143c260f-6c04-4021-994f-6408fc12385f	NR_179325.1	96.351	877	17	13	1	866	584	1456	0.0	1428
143c260f-6c04-4021-994f-6408fc12385f	NR_163639.1	96.128	878	16	16	1	866	626	1497	0.0	1417
143c260f-6c04-4021-994f-6408fc12385f	NR_119169.1	96.009	877	20	13	1	866	615	1487	0.0	1415
143c260f-6c04-4021-994f-6408fc12385f	NR_115354.1	95.781	877	22	13	1	866	610	1482	0.0	1402
1563c91b-8327-4a29-8086-512c7511b75e	NR_025904.1	97.169	1307	20	14	1	1297	199	1498	0.0	2193
1563c91b-8327-4a29-8086-512c7511b75e	NR_025903.1	96.254	1308	30	16	1	1297	200	1499	0.0	2126
1563c91b-8327-4a29-8086-512c7511b75e	NR_133752.1	96.797	1280	23	15	1	1269	125	1397	0.0	2121
1563c91b-8327-4a29-8086-512c7511b75e	NR_133753.1	96.641	1280	25	15	1	1269	154	1426	0.0	2109
1563c91b-8327-4a29-8086-512c7511b75e	NR_026419.1	95.649	1310	36	17	1	1297	187	1488	0.0	2084
a4100196-541f-496a-b747-2d9c05b680fb	NR_102895.1	92.379	866	34	22	11	864	885	40	0.0	1205
a4100196-541f-496a-b747-2d9c05b680fb	NR_042843.1	92.263	866	35	22	11	864	857	12	0.0	1201
a4100196-541f-496a-b747-2d9c05b680fb	NR_113113.1	92.263	866	35	22	11	864	865	20	0.0	1199
a4100196-541f-496a-b747-2d9c05b680fb	NR_114305.1	91.917	866	38	22	11	864	877	32	0.0	1182
a4100196-541f-496a-b747-2d9c05b680fb	NR_116726.1	91.917	866	38	22	11	864	857	12	0.0	1182
a3e85ac4-fc45-4da0-9276-8f428bacf5a0	NR_028682.1	95.251	379	8	9	1	371	1509	1133	7.84e-169	592
a3e85ac4-fc45-4da0-9276-8f428bacf5a0	NR_025435.1	95.200	375	12	5	1	371	1502	1130	1.01e-167	588
a3e85ac4-fc45-4da0-9276-8f428bacf5a0	NR_036793.2	94.667	375	14	6	1	371	1513	1141	2.20e-164	577
a3e85ac4-fc45-4da0-9276-8f428bacf5a0	NR_119273.1	94.667	375	14	6	1	371	1513	1141	2.20e-164	577
a3e85ac4-fc45-4da0-9276-8f428bacf5a0	NR_042061.1	94.667	375	14	6	1	371	1495	1123	2.20e-164	577
ff274e5d-0afa-4b44-9ab2-d6ce0ef2fec9	NR_028664.1	92.288	791	26	23	5	765	1449	664	0.0	1090
ff274e5d-0afa-4b44-9ab2-d6ce0ef2fec9	NR_115240.1	92.288	791	26	23	5	765	1426	641	0.0	1090
ff274e5d-0afa-4b44-9ab2-d6ce0ef2fec9	NR_115732.1	92.288	791	26	23	5	765	1428	643	0.0	1090
ff274e5d-0afa-4b44-9ab2-d6ce0ef2fec9	NR_118234.1	92.288	791	26	23	5	765	1445	660	0.0	1090
ff274e5d-0afa-4b44-9ab2-d6ce0ef2fec9	NR_179385.1	92.172	792	27	23	4	765	1451	665	0.0	1086
e6b35267-9a44-4c05-9d49-2de3121ccb46	NR_126284.1	91.620	358	18	9	1	350	1424	1071	1.29e-136	484
e6b35267-9a44-4c05-9d49-2de3121ccb46	NR_117868.1	90.223	358	23	9	1	350	1372	1019	2.80e-128	457
e6b35267-9a44-4c05-9d49-2de3121ccb46	NR_037111.1	90.196	357	24	9	1	350	1431	1079	1.01e-127	455
e6b35267-9a44-4c05-9d49-2de3121ccb46	NR_041979.1	90.196	357	24	9	1	350	1427	1075	1.01e-127	455
e6b35267-9a44-4c05-9d49-2de3121ccb46	NR_112005.1	90.196	357	24	9	1	350	1420	1068	1.01e-127	455
57d51086-b945-41ec-8401-c0b3b7694216	NR_041721.1	89.645	1294	68	54	69	1314	222	1497	0.0	1587
57d51086-b945-41ec-8401-c0b3b7694216	NR_112704.1	89.645	1294	69	53	69	1314	117	1393	0.0	1587
57d51086-b945-41ec-8401-c0b3b7694216	NR_117426.1	89.645	1294	69	53	69	1314	198	1474	0.0	1587
57d51086-b945-41ec-8401-c0b3b7694216	NR_042833.1	89.596	1288	69	53	69	1308	200	1470	0.0	1576
57d51086-b945-41ec-8401-c0b3b7694216	NR_028736.1	89.164	1292	79	51	69	1314	222	1498	0.0	1554
2346f8e3-3852-4604-8af4-2b68d96502ae	NR_028664.1	96.867	1245	22	14	4	1235	259	1499	0.0	2067
2346f8e3-3852-4604-8af4-2b68d96502ae	NR_179383.1	96.707	1245	24	15	4	1235	263	1503	0.0	2056
2346f8e3-3852-4604-8af4-2b68d96502ae	NR_179385.1	96.704	1244	25	14	4	1235	260	1499	0.0	2056
2346f8e3-3852-4604-8af4-2b68d96502ae	NR_179540.1	96.704	1244	25	14	4	1235	256	1495	0.0	2056
2346f8e3-3852-4604-8af4-2b68d96502ae	NR_199545.1	96.704	1244	25	14	4	1235	256	1495	0.0	2056
a5ef9ab9-e199-4eed-8bf5-02177bb187a7	NR_116168.1	90.467	535	33	16	1	527	538	14	0.0	689
a5ef9ab9-e199-4eed-8bf5-02177bb187a7	NR_042878.1	89.564	527	37	16	1	519	517	1	0.0	662
a5ef9ab9-e199-4eed-8bf5-02177bb187a7	NR_118762.1	87.709	537	48	16	1	529	541	15	0.0	632
a5ef9ab9-e199-4eed-8bf5-02177bb187a7	NR_025423.1	87.782	532	45	18	1	522	522	1	1.47e-172	604
a5ef9ab9-e199-4eed-8bf5-02177bb187a7	NR_118143.1	86.767	529	50	18	1	519	519	1	4.13e-163	573
1fb5bfba-320e-4647-b354-3cc029a85d85	NR_117719.1	90.939	905	42	28	1	886	610	1493	0.0	1181
1fb5bfba-320e-4647-b354-3cc029a85d85	NR_179383.1	90.829	905	43	28	1	886	617	1500	0.0	1175
1fb5bfba-320e-4647-b354-3cc029a85d85	NR_175455.1	90.728	906	43	29	1	886	598	1482	0.0	1170
1fb5bfba-320e-4647-b354-3cc029a85d85	NR_027214.1	90.667	900	45	28	1	882	590	1468	0.0	1160
1fb5bfba-320e-4647-b354-3cc029a85d85	NR_165744.1	90.667	900	45	28	1	882	599	1477	0.0	1160
c7b9c4d3-5e05-4697-93fc-3737deca7605	NR_044873.1	90.948	1403	94	26	1	1382	68	1458	0.0	1857
c7b9c4d3-5e05-4697-93fc-3737deca7605	NR_074568.1	90.613	1353	96	26	1	1335	79	1418	0.0	1766
c7b9c4d3-5e05-4697-93fc-3737deca7605	NR_044712.2	90.318	1353	100	26	1	1335	88	1427	0.0	1751
c7b9c4d3-5e05-4697-93fc-3737deca7605	NR_025310.1	90.409	1345	100	23	2	1329	60	1392	0.0	1742
c7b9c4d3-5e05-4697-93fc-3737deca7605	NR_178360.1	90.052	1347	102	25	2	1329	46	1379	0.0	1716
211f0905-a74f-41bf-9f85-375d7793adde	NR_116168.1	95.477	199	3	4	1	194	149	346	3.57e-85	313
211f0905-a74f-41bf-9f85-375d7793adde	NR_042878.1	94.472	199	5	4	1	194	128	325	1.66e-83	307
211f0905-a74f-41bf-9f85-375d7793adde	NR_118762.1	92.462	199	9	4	1	194	152	349	2.16e-77	287
211f0905-a74f-41bf-9f85-375d7793adde	NR_181946.1	92.462	199	9	4	1	194	134	331	3.62e-75	279
211f0905-a74f-41bf-9f85-375d7793adde	NR_042871.1	90.955	199	12	4	1	194	130	327	2.18e-72	270
47ca749a-c18d-4478-b0be-1c1f5dea9aca	NR_178262.1	95.122	451	12	6	4	449	924	1369	0.0	702
47ca749a-c18d-4478-b0be-1c1f5dea9aca	NR_179215.1	95.122	451	12	6	4	449	1046	1491	0.0	702
47ca749a-c18d-4478-b0be-1c1f5dea9aca	NR_036918.1	94.900	451	13	6	4	449	1047	1492	0.0	697
47ca749a-c18d-4478-b0be-1c1f5dea9aca	NR_199542.1	94.900	451	13	6	4	449	1065	1510	0.0	697
47ca749a-c18d-4478-b0be-1c1f5dea9aca	NR_199546.1	94.900	451	13	6	4	449	1065	1510	0.0	697
8dbcf353-0b4a-4842-b695-25e051c7daf9	NR_044399.1	90.222	900	60	22	1	887	568	1452	0.0	1149
8dbcf353-0b4a-4842-b695-25e051c7daf9	NR_043323.1	90.077	907	54	31	1	891	571	1457	0.0	1144
8dbcf353-0b4a-4842-b695-25e051c7daf9	NR_026196.1	89.823	904	63	23	1	891	576	1463	0.0	1133
8dbcf353-0b4a-4842-b695-25e051c7daf9	NR_145949.1	89.712	904	64	23	1	891	570	1457	0.0	1127
8dbcf353-0b4a-4842-b695-25e051c7daf9	NR_199916.1	89.491	904	66	23	1	891	591	1478	0.0	1116
e01cfa0a-e75e-4fe8-bb94-9632627b0133	NR_026419.1	95.892	779	17	13	1	768	784	10	0.0	1247
e01cfa0a-e75e-4fe8-bb94-9632627b0133	NR_025903.1	93.726	797	31	17	1	784	796	6	0.0	1177
e01cfa0a-e75e-4fe8-bb94-9632627b0133	NR_133753.1	94.437	755	26	14	1	744	750	1	0.0	1147
e01cfa0a-e75e-4fe8-bb94-9632627b0133	NR_025904.1	92.875	800	32	22	1	784	795	5	0.0	1138
e01cfa0a-e75e-4fe8-bb94-9632627b0133	NR_133752.1	93.802	726	29	14	1	715	721	1	0.0	1077
4e8fe46d-62c8-4432-93f8-0f9c10732141	NR_044873.1	97.275	1468	25	12	5	1459	1467	2	0.0	2475
4e8fe46d-62c8-4432-93f8-0f9c10732141	NR_074568.1	95.785	1471	46	12	1	1459	1479	13	0.0	2359
4e8fe46d-62c8-4432-93f8-0f9c10732141	NR_044712.2	95.267	1458	53	12	14	1459	1475	22	0.0	2309
4e8fe46d-62c8-4432-93f8-0f9c10732141	NR_109752.1	94.840	1473	59	13	1	1459	1492	23	0.0	2283
4e8fe46d-62c8-4432-93f8-0f9c10732141	NR_025310.1	94.812	1465	58	14	1	1451	1461	1	0.0	2268
17e87a9c-3641-4af2-b666-c9a1007e70f0	NR_178515.1	94.857	525	20	6	5	524	527	5	0.0	813
17e87a9c-3641-4af2-b666-c9a1007e70f0	NR_165737.1	94.476	525	22	6	5	524	527	5	0.0	802
17e87a9c-3641-4af2-b666-c9a1007e70f0	NR_024842.1	93.494	538	28	5	5	538	542	8	0.0	795
17e87a9c-3641-4af2-b666-c9a1007e70f0	NR_114413.1	93.309	538	29	5	5	538	550	16	0.0	787
17e87a9c-3641-4af2-b666-c9a1007e70f0	NR_115241.1	93.893	524	27	4	5	524	527	5	0.0	785
4c8495b7-8a82-499f-8c37-6dbbd2ae80d0	NR_028682.1	94.700	283	5	7	1	273	1387	1105	1.30e-120	431
4c8495b7-8a82-499f-8c37-6dbbd2ae80d0	NR_025862.1	93.640	283	8	7	1	273	1386	1104	3.63e-116	416
4c8495b7-8a82-499f-8c37-6dbbd2ae80d0	NR_026454.1	92.933	283	10	7	1	273	1363	1081	2.83e-112	403
4c8495b7-8a82-499f-8c37-6dbbd2ae80d0	NR_042500.1	92.226	283	12	7	1	273	1317	1035	6.12e-109	392
4c8495b7-8a82-499f-8c37-6dbbd2ae80d0	NR_179652.1	92.226	283	12	9	1	273	1390	1108	6.12e-109	392
a90dd3d8-f1b6-4f11-8ada-58ad3a1f90e8	NR_179385.1	95.724	842	24	9	3	838	664	1499	0.0	1345
a90dd3d8-f1b6-4f11-8ada-58ad3a1f90e8	NR_199545.1	95.724	842	24	9	3	838	660	1495	0.0	1345
a90dd3d8-f1b6-4f11-8ada-58ad3a1f90e8	NR_115736.1	95.699	837	26	8	1	832	587	1418	0.0	1338
a90dd3d8-f1b6-4f11-8ada-58ad3a1f90e8	NR_113260.1	95.694	836	26	8	1	831	640	1470	0.0	1336
a90dd3d8-f1b6-4f11-8ada-58ad3a1f90e8	NR_028664.1	95.492	843	25	10	3	838	663	1499	0.0	1334
a70bb139-9b8d-4274-b36c-ea14f27b2cdf	NR_028682.1	96.019	1281	28	21	89	1357	228	1497	0.0	2061
a70bb139-9b8d-4274-b36c-ea14f27b2cdf	NR_179278.1	93.294	1372	70	21	1	1362	122	1481	0.0	2004
a70bb139-9b8d-4274-b36c-ea14f27b2cdf	NR_180652.1	93.416	1367	66	21	1	1355	127	1481	0.0	2004
a70bb139-9b8d-4274-b36c-ea14f27b2cdf	NR_028705.1	93.236	1375	66	26	1	1362	130	1490	0.0	1999
a70bb139-9b8d-4274-b36c-ea14f27b2cdf	NR_117976.1	93.236	1375	66	26	1	1362	117	1477	0.0	1999
9475b58e-ea02-40be-bfea-c0c5d1353fd7	NR_044873.1	96.697	999	18	11	1	990	994	2	0.0	1648
9475b58e-ea02-40be-bfea-c0c5d1353fd7	NR_074568.1	94.795	999	36	12	1	990	1004	13	0.0	1543
9475b58e-ea02-40be-bfea-c0c5d1353fd7	NR_044712.2	94.394	999	40	12	1	990	1013	22	0.0	1526
9475b58e-ea02-40be-bfea-c0c5d1353fd7	NR_109752.1	93.700	1000	46	13	1	990	1015	23	0.0	1482
9475b58e-ea02-40be-bfea-c0c5d1353fd7	NR_025310.1	93.649	992	45	14	1	982	984	1	0.0	1467
c71e8967-bf05-422d-81b1-ddce850148c1	NR_029097.1	96.154	182	0	5	1	175	524	343	1.63e-78	291
c71e8967-bf05-422d-81b1-ddce850148c1	NR_125570.1	96.154	182	0	5	1	175	506	325	1.63e-78	291
c71e8967-bf05-422d-81b1-ddce850148c1	NR_125571.1	95.604	182	1	5	1	175	548	367	7.56e-77	285
c71e8967-bf05-422d-81b1-ddce850148c1	NR_044289.1	95.055	182	2	5	1	175	561	380	3.52e-75	279
c71e8967-bf05-422d-81b1-ddce850148c1	NR_042953.1	94.505	182	3	5	1	175	541	360	1.64e-73	274
7aef9c4e-035b-4129-9ab1-2c64a996b6a2	NR_026419.1	94.026	1289	55	18	4	1280	209	1487	0.0	1934
7aef9c4e-035b-4129-9ab1-2c64a996b6a2	NR_025903.1	93.328	1289	63	19	4	1280	221	1498	0.0	1882
7aef9c4e-035b-4129-9ab1-2c64a996b6a2	NR_025904.1	93.101	1290	64	20	4	1280	220	1497	0.0	1866
7aef9c4e-035b-4129-9ab1-2c64a996b6a2	NR_133753.1	93.265	1262	63	18	4	1253	175	1426	0.0	1840
7aef9c4e-035b-4129-9ab1-2c64a996b6a2	NR_133752.1	93.106	1262	65	18	4	1253	146	1397	0.0	1829
73d623d4-b055-430f-9ba7-432b22a1760c	NR_117694.1	96.308	975	12	16	1	967	1091	133	0.0	1580
73d623d4-b055-430f-9ba7-432b22a1760c	NR_041989.1	95.492	976	18	18	1	967	1049	91	0.0	1535
73d623d4-b055-430f-9ba7-432b22a1760c	NR_121687.1	95.287	976	20	18	1	967	1111	153	0.0	1524
73d623d4-b055-430f-9ba7-432b22a1760c	NR_025892.1	94.769	975	26	17	1	967	1116	159	0.0	1520
73d623d4-b055-430f-9ba7-432b22a1760c	NR_041988.1	95.082	976	22	20	1	967	1049	91	0.0	1513
9337a1b2-092b-4cd2-965f-0d01445ad4fe	NR_179383.1	95.154	1135	30	18	1	1121	1143	20	0.0	1768
9337a1b2-092b-4cd2-965f-0d01445ad4fe	NR_165744.1	94.982	1136	32	18	1	1122	1125	1	0.0	1759
9337a1b2-092b-4cd2-965f-0d01445ad4fe	NR_175455.1	94.528	1133	37	18	1	1119	1124	3	0.0	1725
9337a1b2-092b-4cd2-965f-0d01445ad4fe	NR_117719.1	94.361	1135	39	18	1	1121	1136	13	0.0	1718
9337a1b2-092b-4cd2-965f-0d01445ad4fe	NR_114413.1	94.283	1137	38	20	1	1121	1141	16	0.0	1714
8a5a1990-6273-40fb-8921-84e2c6f0bf3a	NR_179383.1	96.386	1079	20	15	3	1067	430	1503	0.0	1759
8a5a1990-6273-40fb-8921-84e2c6f0bf3a	NR_175455.1	96.296	1080	20	16	3	1067	411	1485	0.0	1755
8a5a1990-6273-40fb-8921-84e2c6f0bf3a	NR_028664.1	96.293	1079	21	15	3	1067	426	1499	0.0	1753
8a5a1990-6273-40fb-8921-84e2c6f0bf3a	NR_117719.1	96.293	1079	21	15	3	1067	423	1496	0.0	1753
8a5a1990-6273-40fb-8921-84e2c6f0bf3a	NR_179385.1	96.197	1078	23	15	3	1067	427	1499	0.0	1748
09045d9b-f919-4e7f-b6e9-91a2b6c59f7a	NR_163639.1	92.113	672	30	21	15	679	659	4	0.0	926
09045d9b-f919-4e7f-b6e9-91a2b6c59f7a	NR_074980.1	91.952	671	34	19	15	678	670	13	0.0	922
09045d9b-f919-4e7f-b6e9-91a2b6c59f7a	NR_113031.1	91.952	671	34	19	15	678	670	13	0.0	922
09045d9b-f919-4e7f-b6e9-91a2b6c59f7a	NR_119169.1	92.133	661	32	19	15	668	648	1	0.0	918
09045d9b-f919-4e7f-b6e9-91a2b6c59f7a	NR_115355.1	92.073	656	32	19	15	663	643	1	0.0	909
25870cd4-189b-4f15-9019-4e95e9933006	NR_199545.1	98.116	1221	15	8	1	1217	1229	13	0.0	2121
25870cd4-189b-4f15-9019-4e95e9933006	NR_179385.1	98.034	1221	16	8	1	1217	1233	17	0.0	2115
25870cd4-189b-4f15-9019-4e95e9933006	NR_028664.1	97.789	1221	19	8	1	1217	1232	16	0.0	2098
25870cd4-189b-4f15-9019-4e95e9933006	NR_179383.1	97.789	1221	19	8	1	1217	1236	20	0.0	2098
25870cd4-189b-4f15-9019-4e95e9933006	NR_165741.1	97.707	1221	20	8	1	1217	1218	2	0.0	2093
2e35668c-25a2-45d5-9150-cdf52bba5efc	NR_026419.1	95.113	1146	25	23	1	1128	350	1482	0.0	1777
2e35668c-25a2-45d5-9150-cdf52bba5efc	NR_025903.1	94.241	1146	34	26	1	1128	362	1493	0.0	1722
2e35668c-25a2-45d5-9150-cdf52bba5efc	NR_133753.1	94.484	1124	31	25	1	1106	316	1426	0.0	1703
2e35668c-25a2-45d5-9150-cdf52bba5efc	NR_133752.1	94.306	1124	33	25	1	1106	287	1397	0.0	1692
2e35668c-25a2-45d5-9150-cdf52bba5efc	NR_025904.1	93.728	1148	36	29	1	1128	361	1492	0.0	1688
c4f45b44-21e9-4656-9b3e-b95f90675484	NR_043604.1	92.395	618	28	17	1	603	614	1	0.0	863
c4f45b44-21e9-4656-9b3e-b95f90675484	NR_118512.1	92.395	618	28	17	1	603	614	1	0.0	863
c4f45b44-21e9-4656-9b3e-b95f90675484	NR_115710.1	89.661	619	43	20	1	603	614	1	0.0	769
c4f45b44-21e9-4656-9b3e-b95f90675484	NR_043607.1	89.355	620	42	23	1	603	613	1	0.0	758
c4f45b44-21e9-4656-9b3e-b95f90675484	NR_118524.1	89.355	620	42	23	1	603	613	1	0.0	758
121cb839-2f15-4df4-9887-fdb694534fee	NR_044873.1	97.383	879	12	9	6	877	593	1467	0.0	1485
121cb839-2f15-4df4-9887-fdb694534fee	NR_074568.1	96.355	878	21	9	8	879	605	1477	0.0	1434
121cb839-2f15-4df4-9887-fdb694534fee	NR_109752.1	95.904	879	25	9	8	879	616	1490	0.0	1413
121cb839-2f15-4df4-9887-fdb694534fee	NR_044712.2	95.848	867	25	9	8	868	614	1475	0.0	1399
121cb839-2f15-4df4-9887-fdb694534fee	NR_025310.1	95.568	880	26	11	8	879	585	1459	0.0	1397
67b968ff-e8dc-4f75-ae30-4174e60ee624	NR_176802.2	91.047	659	31	23	1	644	652	7	0.0	865
67b968ff-e8dc-4f75-ae30-4174e60ee624	NR_114338.1	90.549	656	38	19	1	641	664	18	0.0	846
67b968ff-e8dc-4f75-ae30-4174e60ee624	NR_036934.1	90.505	653	38	19	1	638	644	1	0.0	841
67b968ff-e8dc-4f75-ae30-4174e60ee624	NR_181419.1	90.352	653	39	19	1	638	644	1	0.0	835
67b968ff-e8dc-4f75-ae30-4174e60ee624	NR_114675.1	90.995	633	35	17	1	620	624	1	0.0	833
bfa3e16f-0dbe-4e12-9682-c1ccc9cf87ca	NR_117694.1	97.959	294	3	3	9	299	974	1267	2.32e-143	507
bfa3e16f-0dbe-4e12-9682-c1ccc9cf87ca	NR_041989.1	97.619	294	4	3	9	299	932	1225	1.08e-141	501
bfa3e16f-0dbe-4e12-9682-c1ccc9cf87ca	NR_104947.1	97.279	294	5	3	9	299	947	1240	5.03e-140	496
bfa3e16f-0dbe-4e12-9682-c1ccc9cf87ca	NR_117717.1	97.279	294	5	3	9	299	994	1287	5.03e-140	496
bfa3e16f-0dbe-4e12-9682-c1ccc9cf87ca	NR_121687.1	97.279	294	5	3	9	299	994	1287	5.03e-140	496
826de5ee-1d5e-4cc6-b6c3-b1756f3ca062	NR_024634.1	94.702	151	4	4	9	156	1340	1489	7.61e-61	231
826de5ee-1d5e-4cc6-b6c3-b1756f3ca062	NR_027517.1	94.702	151	4	4	9	156	1349	1498	7.61e-61	231
826de5ee-1d5e-4cc6-b6c3-b1756f3ca062	NR_043660.1	94.702	151	4	4	9	156	1321	1470	7.61e-61	231
826de5ee-1d5e-4cc6-b6c3-b1756f3ca062	NR_112088.1	94.702	151	4	4	9	156	1329	1478	7.61e-61	231
826de5ee-1d5e-4cc6-b6c3-b1756f3ca062	NR_134191.1	94.702	151	4	4	9	156	1343	1492	7.61e-61	231
2a982181-0352-4713-aa2c-8544ef8a96c2	NR_179385.1	97.146	1051	20	9	1	1048	453	1496	0.0	1766
2a982181-0352-4713-aa2c-8544ef8a96c2	NR_199545.1	97.146	1051	20	9	1	1048	449	1492	0.0	1766
2a982181-0352-4713-aa2c-8544ef8a96c2	NR_165744.1	97.039	1047	21	9	1	1044	438	1477	0.0	1753
2a982181-0352-4713-aa2c-8544ef8a96c2	NR_028664.1	96.866	1053	20	11	1	1048	452	1496	0.0	1749
2a982181-0352-4713-aa2c-8544ef8a96c2	NR_028665.1	96.860	1051	23	9	1	1048	446	1489	0.0	1749
c0b72e78-c59f-4722-9024-179890b28fdf	NR_026419.1	97.101	1380	16	19	1	1363	117	1489	0.0	2305
c0b72e78-c59f-4722-9024-179890b28fdf	NR_025903.1	95.797	1380	32	21	1	1363	130	1500	0.0	2204
c0b72e78-c59f-4722-9024-179890b28fdf	NR_133753.1	96.003	1351	29	20	1	1334	84	1426	0.0	2172
c0b72e78-c59f-4722-9024-179890b28fdf	NR_025904.1	95.224	1382	36	24	1	1363	129	1499	0.0	2159
c0b72e78-c59f-4722-9024-179890b28fdf	NR_133752.1	95.781	1351	32	20	1	1334	55	1397	0.0	2156
a1bdf40e-432e-46b0-9333-229a5060243f	NR_115355.1	94.056	286	7	7	1	283	1203	1481	6.40e-119	425
a1bdf40e-432e-46b0-9333-229a5060243f	NR_163639.1	94.056	286	7	7	1	283	1218	1496	6.40e-119	425
a1bdf40e-432e-46b0-9333-229a5060243f	NR_179325.1	94.056	286	7	7	1	283	1177	1455	6.40e-119	425
a1bdf40e-432e-46b0-9333-229a5060243f	NR_119169.1	93.706	286	8	7	1	283	1208	1486	2.98e-117	420
a1bdf40e-432e-46b0-9333-229a5060243f	NR_115354.1	93.357	286	9	7	1	283	1203	1481	1.39e-115	414
0a67fec2-9843-4676-9bd2-cd13f3dc6be0	NR_115355.1	98.094	892	9	8	10	898	504	1390	0.0	1546
0a67fec2-9843-4676-9bd2-cd13f3dc6be0	NR_179325.1	98.094	892	9	8	10	898	478	1364	0.0	1546
0a67fec2-9843-4676-9bd2-cd13f3dc6be0	NR_041879.1	97.984	893	9	9	10	898	461	1348	0.0	1541
0a67fec2-9843-4676-9bd2-cd13f3dc6be0	NR_025762.1	97.870	892	11	8	10	898	482	1368	0.0	1535
0a67fec2-9843-4676-9bd2-cd13f3dc6be0	NR_119169.1	97.758	892	12	8	10	898	509	1395	0.0	1533
55bf6cd6-66f6-4819-89e6-3a901bc44a88	NR_025310.1	89.747	829	50	25	40	844	1207	390	0.0	1027
55bf6cd6-66f6-4819-89e6-3a901bc44a88	NR_179993.1	89.518	830	50	28	40	844	1228	411	0.0	1016
55bf6cd6-66f6-4819-89e6-3a901bc44a88	NR_044308.1	89.170	831	52	27	40	844	1187	369	0.0	1002
55bf6cd6-66f6-4819-89e6-3a901bc44a88	NR_044353.1	89.130	828	57	25	41	844	1191	373	0.0	1000
55bf6cd6-66f6-4819-89e6-3a901bc44a88	NR_029119.1	88.996	827	60	23	40	844	1223	406	0.0	994
5813cdae-c3fd-427c-9583-690a64403e69	NR_044873.1	97.209	430	8	3	1	430	615	190	0.0	725
5813cdae-c3fd-427c-9583-690a64403e69	NR_025310.1	95.012	421	16	4	5	425	601	186	0.0	656
5813cdae-c3fd-427c-9583-690a64403e69	NR_109752.1	94.601	426	18	4	1	426	636	216	0.0	654
5813cdae-c3fd-427c-9583-690a64403e69	NR_178360.1	94.601	426	18	4	1	426	592	172	0.0	654
5813cdae-c3fd-427c-9583-690a64403e69	NR_024785.1	94.131	426	19	5	5	430	577	158	0.0	643
edd75b8b-bebf-4868-80ab-b8cfacfa232d	NR_117425.1	97.712	437	7	3	1	435	381	816	0.0	749
edd75b8b-bebf-4868-80ab-b8cfacfa232d	NR_024659.1	97.483	437	8	3	1	435	359	794	0.0	743
edd75b8b-bebf-4868-80ab-b8cfacfa232d	NR_028664.1	97.483	437	8	3	1	435	399	834	0.0	743
edd75b8b-bebf-4868-80ab-b8cfacfa232d	NR_042927.1	97.483	437	8	3	1	435	378	813	0.0	743
edd75b8b-bebf-4868-80ab-b8cfacfa232d	NR_042928.1	97.483	437	8	3	1	435	376	811	0.0	743
c112d8b1-130d-40cf-b233-e62124508088	NR_036936.1	92.615	650	27	16	1	635	644	1	0.0	917
c112d8b1-130d-40cf-b233-e62124508088	NR_114537.1	92.633	638	27	16	1	624	632	1	0.0	900
c112d8b1-130d-40cf-b233-e62124508088	NR_109720.1	92.368	642	30	15	1	629	638	3	0.0	896
c112d8b1-130d-40cf-b233-e62124508088	NR_042928.1	92.675	628	28	14	13	629	629	9	0.0	889
c112d8b1-130d-40cf-b233-e62124508088	NR_117719.1	91.770	644	33	16	13	643	649	13	0.0	878
45957f0b-f2fa-4d83-8d2c-ca72bc32e0df	NR_026419.1	96.092	435	9	8	1	432	430	1	0.0	702
45957f0b-f2fa-4d83-8d2c-ca72bc32e0df	NR_025903.1	93.905	443	18	9	1	440	442	6	0.0	660
45957f0b-f2fa-4d83-8d2c-ca72bc32e0df	NR_025904.1	93.679	443	19	9	1	440	441	5	0.0	654
45957f0b-f2fa-4d83-8d2c-ca72bc32e0df	NR_133753.1	93.781	402	16	9	1	399	396	1	7.30e-170	595
45957f0b-f2fa-4d83-8d2c-ca72bc32e0df	NR_036920.1	90.971	443	28	12	1	440	435	2	4.39e-167	586
4b4d8950-b737-4c3f-a08b-a0ff047d10b6	NR_028664.1	93.159	1491	60	32	1	1462	1494	17	0.0	2150
4b4d8950-b737-4c3f-a08b-a0ff047d10b6	NR_179383.1	93.025	1491	62	32	1	1462	1498	21	0.0	2139
4b4d8950-b737-4c3f-a08b-a0ff047d10b6	NR_115240.1	93.176	1480	60	31	5	1455	1468	1	0.0	2135
4b4d8950-b737-4c3f-a08b-a0ff047d10b6	NR_179385.1	92.886	1490	65	31	1	1462	1494	18	0.0	2126
4b4d8950-b737-4c3f-a08b-a0ff047d10b6	NR_199545.1	92.886	1490	65	31	1	1462	1490	14	0.0	2126
afdaf5c9-18bc-4398-b5f6-f69bebe2d9f0	NR_179540.1	85.810	747	40	49	181	877	761	1491	0.0	732
afdaf5c9-18bc-4398-b5f6-f69bebe2d9f0	NR_042928.1	85.734	743	42	49	181	874	741	1468	0.0	726
afdaf5c9-18bc-4398-b5f6-f69bebe2d9f0	NR_028664.1	85.561	748	41	49	181	877	764	1495	0.0	721
afdaf5c9-18bc-4398-b5f6-f69bebe2d9f0	NR_042927.1	85.638	745	40	49	181	874	743	1471	0.0	721
afdaf5c9-18bc-4398-b5f6-f69bebe2d9f0	NR_115734.1	85.638	745	40	49	181	874	744	1472	0.0	721
dbf83037-45f7-4bc9-9616-0560f2b7969d	NR_165739.1	96.739	276	3	5	1	273	273	1	8.01e-128	455
dbf83037-45f7-4bc9-9616-0560f2b7969d	NR_118086.1	95.105	286	8	5	1	283	290	8	4.82e-125	446
dbf83037-45f7-4bc9-9616-0560f2b7969d	NR_104684.1	93.310	284	13	5	1	281	293	13	1.36e-115	414
dbf83037-45f7-4bc9-9616-0560f2b7969d	NR_116814.1	93.841	276	11	5	1	273	273	1	1.76e-114	411
dbf83037-45f7-4bc9-9616-0560f2b7969d	NR_104799.1	85.263	285	32	8	3	281	281	1	1.11e-76	285
413f8fc1-d7fe-4d9d-b237-fb33cb9d8afc	NR_025862.1	94.513	729	21	16	1	716	425	1147	0.0	1109
413f8fc1-d7fe-4d9d-b237-fb33cb9d8afc	NR_026454.1	93.579	732	24	20	1	716	400	1124	0.0	1070
413f8fc1-d7fe-4d9d-b237-fb33cb9d8afc	NR_180652.1	93.416	729	29	15	1	716	415	1137	0.0	1062
413f8fc1-d7fe-4d9d-b237-fb33cb9d8afc	NR_028682.1	93.151	730	27	20	2	716	427	1148	0.0	1050
413f8fc1-d7fe-4d9d-b237-fb33cb9d8afc	NR_116890.1	93.023	731	28	21	1	716	414	1136	0.0	1046
fbce2533-bf7a-4074-868a-c034e44952ee	NR_044873.1	96.070	229	6	3	11	237	507	734	2.54e-102	370
fbce2533-bf7a-4074-868a-c034e44952ee	NR_109752.1	94.323	229	9	4	11	237	529	755	1.19e-95	348
fbce2533-bf7a-4074-868a-c034e44952ee	NR_043968.1	94.323	229	9	4	11	237	476	702	1.19e-95	348
fbce2533-bf7a-4074-868a-c034e44952ee	NR_178360.1	94.323	229	9	4	11	237	485	711	1.19e-95	348
fbce2533-bf7a-4074-868a-c034e44952ee	NR_024785.1	93.886	229	10	4	11	237	474	700	5.53e-94	342
1bf90154-1f44-4e2c-9165-c458ed40ceef	NR_104947.1	96.617	739	14	10	1	731	1349	614	0.0	1216
1bf90154-1f44-4e2c-9165-c458ed40ceef	NR_117696.1	96.617	739	14	10	1	731	1363	628	0.0	1216
1bf90154-1f44-4e2c-9165-c458ed40ceef	NR_117717.1	96.482	739	14	11	1	731	1396	662	0.0	1210
1bf90154-1f44-4e2c-9165-c458ed40ceef	NR_121688.1	96.346	739	16	10	1	731	1396	661	0.0	1205
1bf90154-1f44-4e2c-9165-c458ed40ceef	NR_117701.1	96.346	739	16	10	1	731	1376	641	0.0	1205
119538ca-94e0-4bcf-b27e-9f410472bfdb	NR_113114.1	95.872	218	6	3	16	232	1250	1465	3.38e-96	350
119538ca-94e0-4bcf-b27e-9f410472bfdb	NR_024815.1	95.522	201	7	2	33	232	1267	1466	2.65e-87	320
119538ca-94e0-4bcf-b27e-9f410472bfdb	NR_113111.1	95.522	201	7	2	33	232	1268	1467	2.65e-87	320
119538ca-94e0-4bcf-b27e-9f410472bfdb	NR_113320.1	95.522	201	7	2	33	232	1268	1467	2.65e-87	320
119538ca-94e0-4bcf-b27e-9f410472bfdb	NR_041907.1	95.522	201	7	2	33	232	1248	1447	2.65e-87	320
9018404d-7ee7-4883-b09e-afca2bcf588a	NR_115735.1	95.973	1167	28	15	1	1157	1160	3	0.0	1877
9018404d-7ee7-4883-b09e-afca2bcf588a	NR_024842.1	95.883	1166	30	14	1	1157	1184	28	0.0	1875
9018404d-7ee7-4883-b09e-afca2bcf588a	NR_115241.1	95.883	1166	30	14	1	1157	1169	13	0.0	1875
9018404d-7ee7-4883-b09e-afca2bcf588a	NR_178515.1	95.116	1167	37	15	1	1157	1169	13	0.0	1821
9018404d-7ee7-4883-b09e-afca2bcf588a	NR_165737.1	94.859	1167	40	15	1	1157	1169	13	0.0	1805
43087f8b-7365-49fe-a747-9ed0f25d0525	NR_041879.1	97.416	387	5	5	1	382	87	473	0.0	654
43087f8b-7365-49fe-a747-9ed0f25d0525	NR_115355.1	97.158	387	6	5	1	382	130	516	0.0	651
43087f8b-7365-49fe-a747-9ed0f25d0525	NR_179325.1	97.165	388	5	6	1	382	103	490	0.0	651
43087f8b-7365-49fe-a747-9ed0f25d0525	NR_119168.1	97.158	387	6	5	1	382	135	521	0.0	649
43087f8b-7365-49fe-a747-9ed0f25d0525	NR_119169.1	96.899	387	7	5	1	382	135	521	0.0	647
1ec8cdf5-cf12-47ca-9410-cfeed960c3b7	NR_163639.1	90.590	712	28	28	1	689	701	6	0.0	907
1ec8cdf5-cf12-47ca-9410-cfeed960c3b7	NR_119169.1	90.612	703	30	25	1	680	690	1	0.0	904
1ec8cdf5-cf12-47ca-9410-cfeed960c3b7	NR_115355.1	91.176	680	29	24	1	662	685	19	0.0	898
1ec8cdf5-cf12-47ca-9410-cfeed960c3b7	NR_074980.1	90.070	715	35	25	1	692	712	11	0.0	894
1ec8cdf5-cf12-47ca-9410-cfeed960c3b7	NR_113031.1	90.070	715	35	25	1	692	712	11	0.0	894
839d20ce-215c-4eb7-8a16-a9ef97f02da7	NR_026419.1	93.515	1465	49	34	1	1441	1443	1	0.0	2137
839d20ce-215c-4eb7-8a16-a9ef97f02da7	NR_025903.1	92.522	1471	63	34	4	1450	1452	5	0.0	2063
839d20ce-215c-4eb7-8a16-a9ef97f02da7	NR_025904.1	92.011	1477	65	39	1	1450	1454	4	0.0	2025
839d20ce-215c-4eb7-8a16-a9ef97f02da7	NR_133753.1	92.722	1429	57	34	4	1408	1406	1	0.0	2019
839d20ce-215c-4eb7-8a16-a9ef97f02da7	NR_133752.1	92.429	1400	59	34	4	1379	1377	1	0.0	1954
8a60864d-672d-4cb0-a19b-c92ee5e385a4	NR_043604.1	94.664	431	10	8	1	427	422	1	0.0	656
8a60864d-672d-4cb0-a19b-c92ee5e385a4	NR_118512.1	94.664	431	10	8	1	427	422	1	0.0	656
8a60864d-672d-4cb0-a19b-c92ee5e385a4	NR_115710.1	91.898	432	20	10	1	427	422	1	3.36e-168	590
8a60864d-672d-4cb0-a19b-c92ee5e385a4	NR_028698.1	91.136	440	24	11	1	435	443	14	5.62e-166	582
8a60864d-672d-4cb0-a19b-c92ee5e385a4	NR_024948.1	91.706	422	20	10	1	417	412	1	1.22e-162	571
b40d0ff1-a891-44b4-b554-323e0c8437fa	NR_025903.1	91.645	1137	55	31	1	1116	1123	6	0.0	1537
b40d0ff1-a891-44b4-b554-323e0c8437fa	NR_133753.1	91.842	1091	54	27	1	1070	1077	1	0.0	1489
b40d0ff1-a891-44b4-b554-323e0c8437fa	NR_026419.1	90.569	1124	68	29	1	1103	1111	5	0.0	1454
b40d0ff1-a891-44b4-b554-323e0c8437fa	NR_133752.1	91.887	1060	52	26	1	1040	1048	3	0.0	1450
b40d0ff1-a891-44b4-b554-323e0c8437fa	NR_025904.1	90.255	1139	67	35	1	1116	1122	5	0.0	1448
0c5b69f2-436e-4a46-9917-a18c7acbd88c	NR_114413.1	95.567	609	18	7	1	606	618	16	0.0	966
0c5b69f2-436e-4a46-9917-a18c7acbd88c	NR_042927.1	95.674	601	18	6	1	599	595	1	0.0	959
0c5b69f2-436e-4a46-9917-a18c7acbd88c	NR_115734.1	95.341	601	20	6	1	599	596	2	0.0	952
0c5b69f2-436e-4a46-9917-a18c7acbd88c	NR_178515.1	95.638	596	19	5	1	594	595	5	0.0	950
0c5b69f2-436e-4a46-9917-a18c7acbd88c	NR_165737.1	95.302	596	21	5	1	594	595	5	0.0	939
b890f8f8-eb6e-4a9d-b8de-c5926e531d4d	NR_117694.1	97.163	846	12	11	1	836	629	1472	0.0	1419
b890f8f8-eb6e-4a9d-b8de-c5926e531d4d	NR_121687.1	96.690	846	16	11	1	836	649	1492	0.0	1397
b890f8f8-eb6e-4a9d-b8de-c5926e531d4d	NR_025892.1	96.886	835	14	11	1	825	654	1486	0.0	1393
b890f8f8-eb6e-4a9d-b8de-c5926e531d4d	NR_117692.1	96.572	846	17	11	1	836	629	1472	0.0	1391
b890f8f8-eb6e-4a9d-b8de-c5926e531d4d	NR_117696.1	96.454	846	18	11	1	836	616	1459	0.0	1386
5a153b42-66a0-464c-9906-f08c05204fc1	NR_116168.1	96.902	1259	25	13	1	1253	240	1490	0.0	2097
5a153b42-66a0-464c-9906-f08c05204fc1	NR_118762.1	95.440	1250	42	14	1	1244	243	1483	0.0	2012
5a153b42-66a0-464c-9906-f08c05204fc1	NR_025423.1	94.976	1254	47	15	1	1247	224	1468	0.0	1953
5a153b42-66a0-464c-9906-f08c05204fc1	NR_042878.1	96.615	1152	25	13	1	1146	219	1362	0.0	1901
5a153b42-66a0-464c-9906-f08c05204fc1	NR_024897.1	93.587	1263	59	21	1	1253	239	1489	0.0	1864
dfdc84c6-ac61-495f-9300-f815ef163736	NR_044873.1	97.546	652	8	6	1	649	648	2	0.0	1109
dfdc84c6-ac61-495f-9300-f815ef163736	NR_074568.1	95.238	651	24	6	1	649	658	13	0.0	1024
dfdc84c6-ac61-495f-9300-f815ef163736	NR_044712.2	94.777	651	27	6	1	649	667	22	0.0	1013
dfdc84c6-ac61-495f-9300-f815ef163736	NR_179993.1	93.893	655	30	8	1	651	659	11	0.0	979
dfdc84c6-ac61-495f-9300-f815ef163736	NR_109752.1	93.874	653	30	8	1	649	669	23	0.0	976
f03484dd-ca39-4c58-888c-7f2dfd50cb06	NR_117719.1	93.229	827	30	16	1	819	685	1493	0.0	1194
f03484dd-ca39-4c58-888c-7f2dfd50cb06	NR_179383.1	93.108	827	31	16	1	819	692	1500	0.0	1188
f03484dd-ca39-4c58-888c-7f2dfd50cb06	NR_175455.1	92.995	828	31	17	1	819	673	1482	0.0	1182
f03484dd-ca39-4c58-888c-7f2dfd50cb06	NR_027214.1	93.074	823	30	17	1	815	665	1468	0.0	1179
f03484dd-ca39-4c58-888c-7f2dfd50cb06	NR_028664.1	92.866	827	33	16	1	819	688	1496	0.0	1177
6fe1faaf-a2f5-4dcc-b56f-54e9d7622ba2	NR_179535.1	94.405	983	21	25	23	982	985	14	0.0	1480
6fe1faaf-a2f5-4dcc-b56f-54e9d7622ba2	NR_114395.1	93.476	981	31	24	23	982	982	14	0.0	1426
6fe1faaf-a2f5-4dcc-b56f-54e9d7622ba2	NR_029286.1	93.075	982	34	25	23	982	977	8	0.0	1406
6fe1faaf-a2f5-4dcc-b56f-54e9d7622ba2	NR_041983.1	93.555	962	31	22	23	965	950	1	0.0	1404
6fe1faaf-a2f5-4dcc-b56f-54e9d7622ba2	NR_179528.1	92.646	979	35	26	23	976	967	1	0.0	1376
5d0f6c5f-ccd6-4910-8420-1142237392be	NR_036936.1	95.098	204	6	4	34	236	1255	1455	9.02e-87	318
5d0f6c5f-ccd6-4910-8420-1142237392be	NR_025453.1	95.098	204	6	4	34	236	1255	1455	9.02e-87	318
5d0f6c5f-ccd6-4910-8420-1142237392be	NR_028664.1	95.098	204	6	4	34	236	1276	1476	9.02e-87	318
5d0f6c5f-ccd6-4910-8420-1142237392be	NR_028666.1	95.098	204	6	4	34	236	1279	1479	9.02e-87	318
5d0f6c5f-ccd6-4910-8420-1142237392be	NR_028833.1	95.098	204	6	4	34	236	1282	1482	9.02e-87	318
11c578e3-2050-4522-aebd-305a7d0dc078	NR_025903.1	95.933	541	10	9	7	537	957	1495	0.0	867
11c578e3-2050-4522-aebd-305a7d0dc078	NR_025904.1	95.194	541	14	9	7	537	956	1494	0.0	845
11c578e3-2050-4522-aebd-305a7d0dc078	NR_133752.1	95.938	517	10	8	7	513	882	1397	0.0	828
11c578e3-2050-4522-aebd-305a7d0dc078	NR_133753.1	95.938	517	10	8	7	513	911	1426	0.0	828
11c578e3-2050-4522-aebd-305a7d0dc078	NR_026419.1	94.455	541	19	8	7	537	945	1484	0.0	822
ddfbbd39-9a35-43bd-ad54-26b299e728bb	NR_028682.1	89.989	909	50	28	1	886	583	1473	0.0	1136
ddfbbd39-9a35-43bd-ad54-26b299e728bb	NR_113798.1	88.791	910	61	29	1	886	567	1459	0.0	1077
ddfbbd39-9a35-43bd-ad54-26b299e728bb	NR_180652.1	88.767	908	63	28	1	886	572	1462	0.0	1075
ddfbbd39-9a35-43bd-ad54-26b299e728bb	NR_025435.1	88.474	911	61	31	1	886	580	1471	0.0	1061
ddfbbd39-9a35-43bd-ad54-26b299e728bb	NR_025625.1	88.436	908	66	27	1	886	570	1460	0.0	1061
9dae7dcc-116c-4632-bc3d-618c24b112b0	NR_115735.1	94.791	1075	28	22	15	1081	410	1464	0.0	1650
9dae7dcc-116c-4632-bc3d-618c24b112b0	NR_024842.1	94.703	1076	29	22	15	1082	434	1489	0.0	1648
9dae7dcc-116c-4632-bc3d-618c24b112b0	NR_036936.1	94.590	1072	31	22	15	1078	419	1471	0.0	1633
9dae7dcc-116c-4632-bc3d-618c24b112b0	NR_115241.1	94.496	1072	31	22	15	1078	419	1470	0.0	1633
9dae7dcc-116c-4632-bc3d-618c24b112b0	NR_165737.1	94.496	1072	32	22	15	1078	419	1471	0.0	1628
879b4709-4525-4159-bb7b-cf9b3a8a81a4	NR_025903.1	95.455	660	16	12	1	654	657	6	0.0	1040
879b4709-4525-4159-bb7b-cf9b3a8a81a4	NR_133753.1	95.948	617	13	11	1	611	611	1	0.0	990
879b4709-4525-4159-bb7b-cf9b3a8a81a4	NR_026419.1	94.281	647	24	12	1	640	645	5	0.0	977
879b4709-4525-4159-bb7b-cf9b3a8a81a4	NR_025904.1	93.636	660	28	12	1	654	656	5	0.0	974
879b4709-4525-4159-bb7b-cf9b3a8a81a4	NR_036920.1	92.716	659	33	13	1	654	650	2	0.0	937
80d6110b-fc61-4455-b683-a4103e7ab985	NR_117425.1	91.560	391	21	9	1	385	385	1	6.61e-150	529
80d6110b-fc61-4455-b683-a4103e7ab985	NR_024842.1	89.899	396	28	9	1	390	397	8	1.44e-141	501
80d6110b-fc61-4455-b683-a4103e7ab985	NR_115241.1	89.948	388	27	9	1	382	382	1	3.12e-138	490
80d6110b-fc61-4455-b683-a4103e7ab985	NR_179385.1	89.086	394	33	7	1	390	404	17	1.88e-135	481
80d6110b-fc61-4455-b683-a4103e7ab985	NR_024841.1	88.917	397	30	11	1	390	396	7	2.43e-134	477
72dab8f0-cdb3-42c8-81e3-ee28c1444dac	NR_044873.1	92.593	189	8	6	64	249	1280	1465	3.60e-71	267
72dab8f0-cdb3-42c8-81e3-ee28c1444dac	NR_025729.1	85.882	255	29	7	1	253	1248	1497	1.29e-70	265
72dab8f0-cdb3-42c8-81e3-ee28c1444dac	NR_179332.1	87.554	233	21	8	1	231	1246	1472	4.65e-70	263
72dab8f0-cdb3-42c8-81e3-ee28c1444dac	NR_179333.1	87.554	233	22	7	1	231	1245	1472	4.65e-70	263
72dab8f0-cdb3-42c8-81e3-ee28c1444dac	NR_040821.1	86.475	244	26	7	1	242	1230	1468	1.67e-69	261
857081d0-de71-4c04-9e24-9e63016bfa84	NR_044873.1	95.716	817	21	12	1	806	939	126	0.0	1303
857081d0-de71-4c04-9e24-9e63016bfa84	NR_074568.1	93.826	826	36	13	1	815	949	128	0.0	1229
857081d0-de71-4c04-9e24-9e63016bfa84	NR_024785.1	93.584	826	37	14	1	815	905	85	0.0	1218
857081d0-de71-4c04-9e24-9e63016bfa84	NR_044712.2	93.341	826	40	13	1	815	958	137	0.0	1214
857081d0-de71-4c04-9e24-9e63016bfa84	NR_178360.1	93.032	818	41	14	1	806	916	103	0.0	1181
067bf437-29c4-4ce1-a19f-607e62a5f24a	NR_118512.1	92.111	469	24	12	1	460	970	1434	0.0	649
067bf437-29c4-4ce1-a19f-607e62a5f24a	NR_118526.1	92.974	427	21	8	1	421	969	1392	2.15e-175	614
067bf437-29c4-4ce1-a19f-607e62a5f24a	NR_156802.1	92.706	425	22	8	1	419	991	1412	1.29e-172	604
067bf437-29c4-4ce1-a19f-607e62a5f24a	NR_156805.1	92.706	425	22	8	1	419	991	1412	1.29e-172	604
067bf437-29c4-4ce1-a19f-607e62a5f24a	NR_197757.1	92.706	425	22	8	1	419	989	1410	1.29e-172	604
6eb66e3e-4c85-43a9-8364-534665882e82	NR_163639.1	98.171	492	2	5	1	489	1010	1497	0.0	852
6eb66e3e-4c85-43a9-8364-534665882e82	NR_115355.1	97.967	492	3	5	1	489	995	1482	0.0	846
6eb66e3e-4c85-43a9-8364-534665882e82	NR_179325.1	97.967	492	3	5	1	489	969	1456	0.0	846
6eb66e3e-4c85-43a9-8364-534665882e82	NR_119169.1	97.358	492	6	5	1	489	1000	1487	0.0	833
6eb66e3e-4c85-43a9-8364-534665882e82	NR_115354.1	97.358	492	6	5	1	489	995	1482	0.0	832
973f224e-cada-4f70-81e2-77e5838aaaae	NR_175455.1	97.087	721	13	7	4	718	721	3	0.0	1208
973f224e-cada-4f70-81e2-77e5838aaaae	NR_117719.1	96.957	723	14	7	4	720	733	13	0.0	1206
973f224e-cada-4f70-81e2-77e5838aaaae	NR_179385.1	96.819	723	15	7	4	720	737	17	0.0	1201
973f224e-cada-4f70-81e2-77e5838aaaae	NR_199545.1	96.819	723	15	7	4	720	733	13	0.0	1201
973f224e-cada-4f70-81e2-77e5838aaaae	NR_028664.1	96.542	723	17	7	4	720	736	16	0.0	1190
5ba8463c-75f5-4a49-b550-568d85effa93	NR_025862.1	94.005	1251	38	27	1	1229	1259	24	0.0	1869
5ba8463c-75f5-4a49-b550-568d85effa93	NR_028682.1	92.812	1252	52	29	1	1229	1260	24	0.0	1779
5ba8463c-75f5-4a49-b550-568d85effa93	NR_026454.1	91.360	1250	66	34	1	1222	1236	1	0.0	1672
5ba8463c-75f5-4a49-b550-568d85effa93	NR_116890.1	89.865	1263	77	38	1	1229	1248	3	0.0	1578
5ba8463c-75f5-4a49-b550-568d85effa93	NR_113798.1	89.880	1255	80	38	5	1229	1241	4	0.0	1570
dac78c07-5904-48af-adda-168206dc5a82	NR_114648.1	91.040	625	40	11	73	686	869	250	0.0	830
dac78c07-5904-48af-adda-168206dc5a82	NR_043794.1	90.865	624	43	10	73	686	850	231	0.0	824
dac78c07-5904-48af-adda-168206dc5a82	NR_113933.1	90.865	624	43	10	73	686	849	230	0.0	824
dac78c07-5904-48af-adda-168206dc5a82	NR_115122.1	90.865	624	43	10	73	686	811	192	0.0	824
dac78c07-5904-48af-adda-168206dc5a82	NR_135720.1	90.880	625	41	11	73	686	820	201	0.0	824
a5d918c3-d72c-4b08-bdf1-1a70e85e8e34	NR_028682.1	95.197	458	4	9	1	440	1040	1497	0.0	708
a5d918c3-d72c-4b08-bdf1-1a70e85e8e34	NR_025435.1	93.319	464	13	9	1	447	1037	1499	0.0	669
a5d918c3-d72c-4b08-bdf1-1a70e85e8e34	NR_025396.1	93.290	462	16	6	1	447	1011	1472	0.0	667
a5d918c3-d72c-4b08-bdf1-1a70e85e8e34	NR_036793.2	92.888	464	15	9	1	447	1048	1510	0.0	658
a5d918c3-d72c-4b08-bdf1-1a70e85e8e34	NR_042061.1	92.888	464	15	9	1	447	1030	1492	0.0	658
