f1bc4a98-7cc2-4f6c-b112-f7c3b0a61f8f	NR_115355.1	91.181	1236	47	48	1	1192	1218	1	0.0	1626
f1bc4a98-7cc2-4f6c-b112-f7c3b0a61f8f	NR_119169.1	91.056	1241	49	47	1	1197	1223	1	0.0	1626
f1bc4a98-7cc2-4f6c-b112-f7c3b0a61f8f	NR_163639.1	90.887	1251	50	49	1	1208	1233	4	0.0	1620
f1bc4a98-7cc2-4f6c-b112-f7c3b0a61f8f	NR_074980.1	90.640	1250	57	46	1	1207	1245	13	0.0	1605
f1bc4a98-7cc2-4f6c-b112-f7c3b0a61f8f	NR_113031.1	90.640	1250	57	46	1	1207	1245	13	0.0	1605
16ef701d-714c-453e-ae20-d74205e9d326	NR_179325.1	94.595	851	24	17	1	834	1186	341	0.0	1297
16ef701d-714c-453e-ae20-d74205e9d326	NR_115355.1	94.360	851	26	17	1	834	1212	367	0.0	1286
16ef701d-714c-453e-ae20-d74205e9d326	NR_041879.1	94.249	852	26	18	1	834	1170	324	0.0	1280
16ef701d-714c-453e-ae20-d74205e9d326	NR_119169.1	94.125	851	28	17	1	834	1217	372	0.0	1280
16ef701d-714c-453e-ae20-d74205e9d326	NR_074980.1	94.007	851	29	17	1	834	1239	394	0.0	1269
7e50e08a-6592-4543-bb6d-90b7013a3050	NR_028736.1	96.911	615	9	9	1	608	620	9	0.0	1022
7e50e08a-6592-4543-bb6d-90b7013a3050	NR_041721.1	95.122	615	19	10	1	608	619	9	0.0	959
7e50e08a-6592-4543-bb6d-90b7013a3050	NR_117426.1	95.492	599	17	9	1	592	596	1	0.0	948
7e50e08a-6592-4543-bb6d-90b7013a3050	NR_042833.1	95.175	601	19	9	1	594	598	1	0.0	941
7e50e08a-6592-4543-bb6d-90b7013a3050	NR_028833.1	92.880	618	28	15	1	608	623	12	0.0	883
bbf0a0d4-728d-45fc-acbd-39f63f7929ff	NR_113105.1	91.481	493	21	18	8	487	487	3	0.0	658
bbf0a0d4-728d-45fc-acbd-39f63f7929ff	NR_044407.1	91.376	487	21	18	8	481	479	1	0.0	647
bbf0a0d4-728d-45fc-acbd-39f63f7929ff	NR_113124.1	88.235	493	37	18	8	487	499	15	4.94e-162	569
bbf0a0d4-728d-45fc-acbd-39f63f7929ff	NR_109628.1	88.320	488	36	18	8	482	480	1	6.39e-161	566
bbf0a0d4-728d-45fc-acbd-39f63f7929ff	NR_029148.1	87.830	493	39	18	8	487	507	23	2.30e-160	564
aa7660f5-5148-4aaa-b1ce-0bcbd19eb5ba	NR_199545.1	94.525	1242	41	18	3	1222	1248	12	0.0	1892
aa7660f5-5148-4aaa-b1ce-0bcbd19eb5ba	NR_179385.1	94.444	1242	42	18	3	1222	1252	16	0.0	1886
aa7660f5-5148-4aaa-b1ce-0bcbd19eb5ba	NR_028664.1	94.283	1242	44	18	3	1222	1251	15	0.0	1875
aa7660f5-5148-4aaa-b1ce-0bcbd19eb5ba	NR_109720.1	94.548	1229	38	21	3	1207	1224	1	0.0	1871
aa7660f5-5148-4aaa-b1ce-0bcbd19eb5ba	NR_179383.1	94.203	1242	45	19	3	1222	1255	19	0.0	1869
34121aa0-092e-4c47-afbe-46024b062402	NR_179325.1	94.914	1042	33	17	5	1033	425	1459	0.0	1613
34121aa0-092e-4c47-afbe-46024b062402	NR_115355.1	94.722	1042	35	17	5	1033	451	1485	0.0	1602
34121aa0-092e-4c47-afbe-46024b062402	NR_163639.1	94.727	1043	32	20	5	1033	467	1500	0.0	1600
34121aa0-092e-4c47-afbe-46024b062402	NR_119169.1	94.434	1042	38	17	5	1033	456	1490	0.0	1589
34121aa0-092e-4c47-afbe-46024b062402	NR_115354.1	94.050	1042	42	17	5	1033	451	1485	0.0	1565
53e986d1-b1f6-475f-81c2-c689b8eef1e0	NR_041989.1	93.258	623	19	21	69	682	1181	573	0.0	896
53e986d1-b1f6-475f-81c2-c689b8eef1e0	NR_117694.1	93.098	623	20	21	69	682	1223	615	0.0	891
53e986d1-b1f6-475f-81c2-c689b8eef1e0	NR_121687.1	92.777	623	22	21	69	682	1243	635	0.0	880
53e986d1-b1f6-475f-81c2-c689b8eef1e0	NR_025892.1	92.456	623	24	21	69	682	1248	640	0.0	874
53e986d1-b1f6-475f-81c2-c689b8eef1e0	NR_028900.1	92.456	623	24	21	69	682	1181	573	0.0	869
7fe4b3e6-70f0-4f7c-a84d-23ed1f73e594	NR_024842.1	98.498	333	3	2	1	332	1158	1489	3.28e-167	586
7fe4b3e6-70f0-4f7c-a84d-23ed1f73e594	NR_115735.1	98.494	332	3	2	1	331	1134	1464	1.18e-166	584
7fe4b3e6-70f0-4f7c-a84d-23ed1f73e594	NR_178262.1	98.204	334	3	3	1	332	1037	1369	1.53e-165	580
7fe4b3e6-70f0-4f7c-a84d-23ed1f73e594	NR_179215.1	98.204	334	3	3	1	332	1159	1491	1.53e-165	580
7fe4b3e6-70f0-4f7c-a84d-23ed1f73e594	NR_179720.1	98.204	334	3	3	1	332	1163	1495	1.53e-165	580
98987d29-f0af-449e-b9f7-da5e5c0e9f99	NR_125570.1	97.381	649	11	6	1	644	748	1395	0.0	1099
98987d29-f0af-449e-b9f7-da5e5c0e9f99	NR_125571.1	96.759	648	16	5	1	644	790	1436	0.0	1075
98987d29-f0af-449e-b9f7-da5e5c0e9f99	NR_029097.1	97.858	607	10	3	1	605	766	1371	0.0	1046
98987d29-f0af-449e-b9f7-da5e5c0e9f99	NR_042832.1	91.460	644	42	9	10	642	815	1456	0.0	874
98987d29-f0af-449e-b9f7-da5e5c0e9f99	NR_025127.1	93.390	590	35	4	6	593	828	1415	0.0	870
8d0575ca-eaf6-4c80-af3b-29dbe9c7a74a	NR_024842.1	96.942	1308	21	13	9	1304	1307	7	0.0	2180
8d0575ca-eaf6-4c80-af3b-29dbe9c7a74a	NR_115241.1	96.998	1299	20	13	9	1295	1292	1	0.0	2167
8d0575ca-eaf6-4c80-af3b-29dbe9c7a74a	NR_178515.1	96.846	1300	20	15	9	1295	1292	1	0.0	2154
8d0575ca-eaf6-4c80-af3b-29dbe9c7a74a	NR_115735.1	96.977	1290	19	14	9	1285	1283	1	0.0	2148
8d0575ca-eaf6-4c80-af3b-29dbe9c7a74a	NR_165737.1	96.615	1300	23	15	9	1295	1292	1	0.0	2137
0c2aa295-cee6-48b2-8d5a-c1f5b02111d5	NR_044873.1	97.409	849	12	8	2	843	622	1467	0.0	1437
0c2aa295-cee6-48b2-8d5a-c1f5b02111d5	NR_074568.1	96.702	849	18	9	2	844	632	1476	0.0	1404
0c2aa295-cee6-48b2-8d5a-c1f5b02111d5	NR_109752.1	96.118	850	23	8	2	844	643	1489	0.0	1378
0c2aa295-cee6-48b2-8d5a-c1f5b02111d5	NR_025310.1	96.005	851	22	10	2	844	612	1458	0.0	1373
0c2aa295-cee6-48b2-8d5a-c1f5b02111d5	NR_044712.2	96.186	839	22	9	2	834	641	1475	0.0	1371
f60c7148-b09e-4ca7-aa23-e4f79215c29a	NR_179385.1	93.715	1066	41	20	1	1043	434	1496	0.0	1574
f60c7148-b09e-4ca7-aa23-e4f79215c29a	NR_199545.1	93.715	1066	41	20	1	1043	430	1492	0.0	1574
f60c7148-b09e-4ca7-aa23-e4f79215c29a	NR_165744.1	93.691	1062	41	20	1	1039	419	1477	0.0	1567
f60c7148-b09e-4ca7-aa23-e4f79215c29a	NR_028664.1	93.440	1067	43	21	1	1043	433	1496	0.0	1557
f60c7148-b09e-4ca7-aa23-e4f79215c29a	NR_028665.1	93.433	1066	44	20	1	1043	427	1489	0.0	1557
72a881a8-de7d-44eb-bbc1-5177b57997cd	NR_117694.1	96.566	961	18	11	9	961	514	1467	0.0	1578
72a881a8-de7d-44eb-bbc1-5177b57997cd	NR_121687.1	96.046	961	23	11	9	961	534	1487	0.0	1550
72a881a8-de7d-44eb-bbc1-5177b57997cd	NR_117692.1	95.946	962	22	12	9	961	514	1467	0.0	1544
72a881a8-de7d-44eb-bbc1-5177b57997cd	NR_025902.1	95.738	962	24	12	9	961	492	1445	0.0	1533
72a881a8-de7d-44eb-bbc1-5177b57997cd	NR_117696.1	95.630	961	27	11	9	961	501	1454	0.0	1528
f49a2df8-b6dc-4efb-b452-51cd87caaa67	NR_117694.1	96.739	368	5	7	1	363	367	2	2.85e-173	606
f49a2df8-b6dc-4efb-b452-51cd87caaa67	NR_025892.1	94.837	368	12	7	1	363	393	28	2.23e-164	577
f49a2df8-b6dc-4efb-b452-51cd87caaa67	NR_117692.1	94.293	368	14	7	1	363	367	2	2.91e-158	556
f49a2df8-b6dc-4efb-b452-51cd87caaa67	NR_121687.1	94.038	369	13	9	1	363	387	22	1.35e-156	551
f49a2df8-b6dc-4efb-b452-51cd87caaa67	NR_104830.1	93.496	369	16	8	1	363	382	16	8.15e-154	542
34127f82-7ebb-4e72-b2db-32be45ab9660	NR_117694.1	95.788	736	15	14	6	729	732	1	0.0	1173
34127f82-7ebb-4e72-b2db-32be45ab9660	NR_121687.1	94.429	736	25	13	6	729	752	21	0.0	1118
34127f82-7ebb-4e72-b2db-32be45ab9660	NR_025892.1	93.741	735	31	14	6	729	757	27	0.0	1109
34127f82-7ebb-4e72-b2db-32be45ab9660	NR_117692.1	93.478	736	32	14	6	729	732	1	0.0	1079
34127f82-7ebb-4e72-b2db-32be45ab9660	NR_117717.1	92.848	741	35	15	2	729	757	22	0.0	1059
7b479e8f-0723-4280-bb77-184325f04a43	NR_044873.1	94.831	1006	30	19	30	1026	1000	8	0.0	1550
7b479e8f-0723-4280-bb77-184325f04a43	NR_074568.1	93.340	1006	44	20	30	1026	1010	19	0.0	1465
7b479e8f-0723-4280-bb77-184325f04a43	NR_044712.2	93.042	1006	47	20	30	1026	1019	28	0.0	1454
7b479e8f-0723-4280-bb77-184325f04a43	NR_109752.1	92.155	1007	55	21	30	1026	1021	29	0.0	1400
7b479e8f-0723-4280-bb77-184325f04a43	NR_178360.1	92.653	980	50	19	30	999	977	10	0.0	1391
62cb8ced-18a3-4d1d-b718-3098df34191c	NR_116168.1	94.934	454	9	12	6	450	462	14	0.0	699
62cb8ced-18a3-4d1d-b718-3098df34191c	NR_042878.1	94.395	446	11	12	6	442	441	1	0.0	680
62cb8ced-18a3-4d1d-b718-3098df34191c	NR_118762.1	92.544	456	20	12	6	452	465	15	0.0	660
62cb8ced-18a3-4d1d-b718-3098df34191c	NR_025423.1	92.683	451	17	14	6	445	446	1	0.0	636
62cb8ced-18a3-4d1d-b718-3098df34191c	NR_118749.1	92.235	425	21	11	38	452	439	17	7.47e-170	595
99ecfac1-9eaa-4485-9949-323769aba904	NR_036936.1	96.648	358	9	2	8	363	1	357	2.14e-169	593
99ecfac1-9eaa-4485-9949-323769aba904	NR_109720.1	96.307	352	10	2	14	363	1	351	7.74e-164	575
99ecfac1-9eaa-4485-9949-323769aba904	NR_114537.1	96.812	345	8	2	21	363	1	344	2.78e-163	573
99ecfac1-9eaa-4485-9949-323769aba904	NR_042928.1	94.972	358	13	4	8	363	1	355	2.80e-158	556
99ecfac1-9eaa-4485-9949-323769aba904	NR_028664.1	94.231	364	16	4	2	363	18	378	1.30e-156	551
409c4b73-5087-4d03-926a-6e80db0b77cf	NR_163639.1	97.934	242	2	2	1	242	242	4	4.51e-116	416
409c4b73-5087-4d03-926a-6e80db0b77cf	NR_074980.1	97.510	241	3	2	1	241	250	13	7.55e-114	409
409c4b73-5087-4d03-926a-6e80db0b77cf	NR_113031.1	97.510	241	3	2	1	241	250	13	7.55e-114	409
409c4b73-5087-4d03-926a-6e80db0b77cf	NR_119168.1	97.835	231	2	2	1	231	228	1	5.87e-110	396
409c4b73-5087-4d03-926a-6e80db0b77cf	NR_119169.1	97.403	231	3	2	1	231	228	1	7.60e-109	392
3776efe8-9b86-49e9-9f5d-8266f0d6fb22	NR_179540.1	93.653	646	18	21	6	640	848	1481	0.0	944
3776efe8-9b86-49e9-9f5d-8266f0d6fb22	NR_042928.1	93.344	646	20	21	6	640	828	1461	0.0	933
3776efe8-9b86-49e9-9f5d-8266f0d6fb22	NR_117719.1	93.199	647	20	22	6	640	848	1482	0.0	929
3776efe8-9b86-49e9-9f5d-8266f0d6fb22	NR_175455.1	93.045	647	21	22	6	640	836	1470	0.0	924
3776efe8-9b86-49e9-9f5d-8266f0d6fb22	NR_179383.1	93.045	647	21	22	6	640	855	1489	0.0	924
15900bda-d719-43c4-a19e-bb29e052dfee	NR_044873.1	93.870	261	9	7	1	257	1208	1465	2.73e-107	387
15900bda-d719-43c4-a19e-bb29e052dfee	NR_074568.1	93.846	260	9	7	1	257	1218	1473	9.80e-107	385
15900bda-d719-43c4-a19e-bb29e052dfee	NR_026187.1	93.487	261	10	7	1	257	1205	1462	1.27e-105	381
15900bda-d719-43c4-a19e-bb29e052dfee	NR_028925.1	93.487	261	10	7	1	257	1211	1468	1.27e-105	381
15900bda-d719-43c4-a19e-bb29e052dfee	NR_112192.1	93.487	261	10	7	1	257	1193	1450	1.27e-105	381
732129ee-c389-4c9d-8073-f4d7fbfb2b8e	NR_025863.1	93.939	330	11	8	1	326	611	287	2.57e-138	490
732129ee-c389-4c9d-8073-f4d7fbfb2b8e	NR_028682.1	91.212	330	20	8	1	326	607	283	2.62e-123	440
732129ee-c389-4c9d-8073-f4d7fbfb2b8e	NR_179652.1	91.693	313	18	8	17	326	594	287	2.04e-119	427
732129ee-c389-4c9d-8073-f4d7fbfb2b8e	NR_181160.1	91.083	314	18	9	17	326	577	270	4.42e-116	416
732129ee-c389-4c9d-8073-f4d7fbfb2b8e	NR_026454.1	89.790	333	21	12	1	326	583	257	1.59e-115	414
81054ea8-5be3-48ca-907e-a3b938ddb93a	NR_136788.1	95.286	297	7	5	1	292	694	400	1.42e-130	464
81054ea8-5be3-48ca-907e-a3b938ddb93a	NR_026230.1	89.933	298	21	7	1	292	672	378	6.84e-104	375
81054ea8-5be3-48ca-907e-a3b938ddb93a	NR_113082.1	89.597	298	22	7	1	292	694	400	3.18e-102	370
81054ea8-5be3-48ca-907e-a3b938ddb93a	NR_112943.1	85.763	295	35	5	3	292	679	387	9.10e-83	305
81054ea8-5be3-48ca-907e-a3b938ddb93a	NR_144747.1	85.522	297	32	9	3	292	690	398	4.23e-81	300
e75f4941-88e7-4324-8ca7-391b5378086d	NR_118234.1	92.537	201	12	3	10	207	216	16	8.25e-77	285
e75f4941-88e7-4324-8ca7-391b5378086d	NR_117425.1	92.537	201	12	3	10	207	202	2	8.25e-77	285
e75f4941-88e7-4324-8ca7-391b5378086d	NR_042928.1	92.821	195	11	3	13	205	194	1	3.84e-75	279
e75f4941-88e7-4324-8ca7-391b5378086d	NR_024841.1	91.542	201	14	3	10	207	213	13	1.79e-73	274
e75f4941-88e7-4324-8ca7-391b5378086d	NR_042771.1	91.837	196	15	1	13	207	214	19	6.42e-73	272
9076b814-7c94-407b-872b-c0ab5f8398cf	NR_026419.1	93.725	255	10	6	1	250	254	1	1.62e-104	377
9076b814-7c94-407b-872b-c0ab5f8398cf	NR_025903.1	89.494	257	20	7	1	252	266	12	9.96e-87	318
9076b814-7c94-407b-872b-c0ab5f8398cf	NR_025904.1	89.370	254	20	7	4	252	262	11	4.63e-85	313
9076b814-7c94-407b-872b-c0ab5f8398cf	NR_133753.1	93.627	204	12	1	1	204	220	18	2.79e-82	303
9076b814-7c94-407b-872b-c0ab5f8398cf	NR_036920.1	86.719	256	27	7	1	252	260	8	1.69e-74	278
03d395ca-42c6-4591-9186-d9e0635a67e0	NR_118086.1	95.833	168	3	2	19	186	171	8	7.10e-72	268
03d395ca-42c6-4591-9186-d9e0635a67e0	NR_165739.1	97.468	158	0	2	19	176	154	1	2.55e-71	267
03d395ca-42c6-4591-9186-d9e0635a67e0	NR_104684.1	93.976	166	6	2	19	184	174	13	9.25e-66	248
03d395ca-42c6-4591-9186-d9e0635a67e0	NR_116814.1	93.038	158	7	2	19	176	154	1	1.20e-59	228
03d395ca-42c6-4591-9186-d9e0635a67e0	NR_037068.1	91.837	147	11	1	38	184	151	6	2.03e-52	204
df702908-4977-4e37-950f-27849cfe3204	NR_118512.1	94.208	259	5	8	1	253	1416	1162	2.68e-107	387
df702908-4977-4e37-950f-27849cfe3204	NR_156802.1	92.278	259	10	8	1	253	1437	1183	5.84e-99	359
df702908-4977-4e37-950f-27849cfe3204	NR_156805.1	92.278	259	10	8	1	253	1437	1183	5.84e-99	359
df702908-4977-4e37-950f-27849cfe3204	NR_118524.1	91.892	259	11	8	1	253	1415	1161	2.72e-97	353
df702908-4977-4e37-950f-27849cfe3204	NR_197757.1	91.892	259	11	8	1	253	1435	1181	2.72e-97	353
0bba2502-cbdf-4ad5-a9fe-d8631f2317db	NR_025863.1	91.538	130	6	3	7	134	151	25	1.09e-43	174
0bba2502-cbdf-4ad5-a9fe-d8631f2317db	NR_025035.1	84.127	126	13	6	10	134	124	5	6.68e-26	115
0bba2502-cbdf-4ad5-a9fe-d8631f2317db	NR_028777.1	84.127	126	13	6	10	134	125	6	6.68e-26	115
0bba2502-cbdf-4ad5-a9fe-d8631f2317db	NR_074997.2	84.127	126	13	6	10	134	151	32	6.68e-26	115
0bba2502-cbdf-4ad5-a9fe-d8631f2317db	NR_133769.1	84.127	126	13	6	10	134	144	25	6.68e-26	115
218d52a2-4260-4361-9b3f-8e295e6a216d	NR_028796.1	91.964	112	6	3	1	110	1066	956	1.11e-37	154
218d52a2-4260-4361-9b3f-8e295e6a216d	NR_113389.1	91.964	112	6	3	1	110	968	858	1.11e-37	154
218d52a2-4260-4361-9b3f-8e295e6a216d	NR_179602.1	91.964	112	6	3	1	110	1041	931	1.11e-37	154
218d52a2-4260-4361-9b3f-8e295e6a216d	NR_181318.1	91.964	112	6	3	1	110	1062	952	1.11e-37	154
218d52a2-4260-4361-9b3f-8e295e6a216d	NR_028797.1	91.071	112	7	3	1	110	1064	954	5.18e-36	148
308878c7-a117-474b-9b90-3018ab8ae2ed	NR_125570.1	100.000	130	0	0	1	130	890	1019	1.02e-63	241
308878c7-a117-474b-9b90-3018ab8ae2ed	NR_125571.1	99.231	130	1	0	1	130	932	1061	4.74e-62	235
308878c7-a117-474b-9b90-3018ab8ae2ed	NR_029097.1	98.462	130	2	0	1	130	908	1037	2.21e-60	230
308878c7-a117-474b-9b90-3018ab8ae2ed	NR_042008.1	94.615	130	7	0	1	130	958	1087	4.81e-52	202
308878c7-a117-474b-9b90-3018ab8ae2ed	NR_181885.1	94.615	130	7	0	1	130	952	1081	4.81e-52	202
8e9b0a52-49e5-4c45-b12a-10c543c05c49	NR_025762.1	99.153	118	1	0	5	122	951	1068	2.14e-55	213
8e9b0a52-49e5-4c45-b12a-10c543c05c49	NR_041879.1	99.153	118	1	0	5	122	930	1047	2.14e-55	213
8e9b0a52-49e5-4c45-b12a-10c543c05c49	NR_113570.1	99.153	118	1	0	5	122	980	1097	2.14e-55	213
8e9b0a52-49e5-4c45-b12a-10c543c05c49	NR_115355.1	99.153	118	1	0	5	122	973	1090	2.14e-55	213
8e9b0a52-49e5-4c45-b12a-10c543c05c49	NR_119169.1	99.153	118	1	0	5	122	978	1095	2.14e-55	213
4fc55406-b854-474f-94aa-fa041ad02142	NR_041880.1	94.654	318	9	8	4	314	1017	701	3.18e-137	486
4fc55406-b854-474f-94aa-fa041ad02142	NR_042940.1	94.654	318	9	8	4	314	973	657	3.18e-137	486
4fc55406-b854-474f-94aa-fa041ad02142	NR_074980.1	94.654	318	9	8	4	314	1088	772	3.18e-137	486
4fc55406-b854-474f-94aa-fa041ad02142	NR_113031.1	94.654	318	9	8	4	314	1088	772	3.18e-137	486
4fc55406-b854-474f-94aa-fa041ad02142	NR_044153.1	94.654	318	9	8	4	314	1061	745	3.18e-137	486
dff4b4e0-5277-4c71-88bb-091ebac77255	NR_025902.1	89.908	327	19	11	1	319	1125	1445	7.35e-114	409
dff4b4e0-5277-4c71-88bb-091ebac77255	NR_040933.1	89.908	327	19	11	1	319	1169	1489	7.35e-114	409
dff4b4e0-5277-4c71-88bb-091ebac77255	NR_117717.1	89.908	327	19	11	1	319	1167	1487	7.35e-114	409
dff4b4e0-5277-4c71-88bb-091ebac77255	NR_121688.1	89.908	327	19	11	1	319	1167	1487	7.35e-114	409
dff4b4e0-5277-4c71-88bb-091ebac77255	NR_117692.1	89.908	327	19	11	1	319	1147	1467	7.35e-114	409
c6ef5f52-9d07-4022-8c62-6ae22eba44e5	NR_025453.1	99.315	146	1	0	1	146	150	5	7.72e-71	265
c6ef5f52-9d07-4022-8c62-6ae22eba44e5	NR_042927.1	99.315	146	1	0	1	146	150	5	7.72e-71	265
c6ef5f52-9d07-4022-8c62-6ae22eba44e5	NR_114413.1	99.315	146	1	0	1	146	173	28	7.72e-71	265
c6ef5f52-9d07-4022-8c62-6ae22eba44e5	NR_148589.1	99.315	146	1	0	1	146	150	5	7.72e-71	265
c6ef5f52-9d07-4022-8c62-6ae22eba44e5	NR_165737.1	99.315	146	1	0	1	146	150	5	7.72e-71	265
01941e56-e698-4e95-9023-a7a857f584c1	NR_024842.1	97.222	144	3	1	1	144	1347	1489	3.25e-64	243
01941e56-e698-4e95-9023-a7a857f584c1	NR_041706.1	97.222	144	3	1	1	144	1342	1484	3.25e-64	243
01941e56-e698-4e95-9023-a7a857f584c1	NR_042052.1	97.222	144	3	1	1	144	1255	1397	3.25e-64	243
01941e56-e698-4e95-9023-a7a857f584c1	NR_025625.1	97.222	144	3	1	1	144	1341	1483	3.25e-64	243
01941e56-e698-4e95-9023-a7a857f584c1	NR_028705.1	97.222	144	3	1	1	144	1345	1487	3.25e-64	243
113236cf-04da-470f-8c93-e5212b5a9506	NR_024842.1	96.970	132	2	1	2	131	364	495	1.54e-57	220
113236cf-04da-470f-8c93-e5212b5a9506	NR_029052.1	96.970	132	2	1	2	131	337	468	1.54e-57	220
113236cf-04da-470f-8c93-e5212b5a9506	NR_115241.1	96.970	132	2	1	2	131	349	480	1.54e-57	220
113236cf-04da-470f-8c93-e5212b5a9506	NR_115735.1	96.970	132	2	1	2	131	340	471	1.54e-57	220
113236cf-04da-470f-8c93-e5212b5a9506	NR_116211.1	96.970	132	2	1	2	131	272	403	1.54e-57	220
697783d3-10d2-40c8-ad48-a9095ac7abc5	NR_024842.1	96.923	130	1	3	1	129	997	1124	6.40e-56	215
697783d3-10d2-40c8-ad48-a9095ac7abc5	NR_109720.1	96.923	130	1	3	1	129	976	1103	6.40e-56	215
697783d3-10d2-40c8-ad48-a9095ac7abc5	NR_115735.1	96.923	130	1	3	1	129	973	1100	6.40e-56	215
697783d3-10d2-40c8-ad48-a9095ac7abc5	NR_116211.1	96.923	130	1	3	1	129	905	1032	6.40e-56	215
697783d3-10d2-40c8-ad48-a9095ac7abc5	NR_116213.1	96.923	130	1	3	1	129	905	1032	6.40e-56	215
900da96e-0026-4daa-9cdd-d09742645707	NR_043332.1	94.074	135	5	3	3	135	135	2	5.65e-52	202
900da96e-0026-4daa-9cdd-d09742645707	NR_074980.1	94.074	135	5	3	3	135	162	29	5.65e-52	202
900da96e-0026-4daa-9cdd-d09742645707	NR_113031.1	94.074	135	5	3	3	135	162	29	5.65e-52	202
900da96e-0026-4daa-9cdd-d09742645707	NR_115354.1	94.074	135	5	3	3	135	135	2	5.65e-52	202
900da96e-0026-4daa-9cdd-d09742645707	NR_115355.1	94.074	135	5	3	3	135	135	2	5.65e-52	202
40e6aea1-3494-4193-bab8-90b7341d506b	NR_026419.1	97.500	320	5	3	1	317	1168	1487	1.88e-154	544
40e6aea1-3494-4193-bab8-90b7341d506b	NR_025904.1	96.552	319	9	2	1	317	1179	1497	1.89e-149	527
40e6aea1-3494-4193-bab8-90b7341d506b	NR_025903.1	96.552	319	9	2	1	317	1180	1498	1.89e-149	527
40e6aea1-3494-4193-bab8-90b7341d506b	NR_179572.1	94.044	319	17	2	1	317	1187	1505	4.16e-136	483
40e6aea1-3494-4193-bab8-90b7341d506b	NR_133752.1	96.552	290	8	2	1	288	1105	1394	5.38e-135	479
5946533b-7aa4-4306-983b-80ec6be1701b	NR_163639.1	97.826	184	1	2	1	181	187	4	8.71e-86	315
5946533b-7aa4-4306-983b-80ec6be1701b	NR_074980.1	97.814	183	1	2	1	180	195	13	3.13e-85	313
5946533b-7aa4-4306-983b-80ec6be1701b	NR_113031.1	97.814	183	1	2	1	180	195	13	3.13e-85	313
5946533b-7aa4-4306-983b-80ec6be1701b	NR_119169.1	97.688	173	1	2	1	170	173	1	3.16e-80	296
5946533b-7aa4-4306-983b-80ec6be1701b	NR_119168.1	97.688	173	1	2	1	170	173	1	1.14e-79	294
f2d31368-ffbc-4c59-b791-1fc2b943a4d9	NR_042928.1	94.220	173	4	6	6	174	171	1	4.11e-69	259
f2d31368-ffbc-4c59-b791-1fc2b943a4d9	NR_036936.1	93.642	173	7	4	6	174	173	1	5.32e-68	255
f2d31368-ffbc-4c59-b791-1fc2b943a4d9	NR_109720.1	94.545	165	5	4	8	168	165	1	6.89e-67	252
f2d31368-ffbc-4c59-b791-1fc2b943a4d9	NR_165747.1	93.143	175	6	6	4	174	173	1	6.89e-67	252
f2d31368-ffbc-4c59-b791-1fc2b943a4d9	NR_028664.1	92.529	174	7	6	8	177	192	21	1.15e-64	244
96da96c6-d678-4b8e-a64d-a41f243430bf	NR_115560.1	93.004	243	10	6	21	257	252	11	1.26e-95	348
96da96c6-d678-4b8e-a64d-a41f243430bf	NR_028664.1	92.975	242	10	6	20	255	256	16	4.55e-95	346
96da96c6-d678-4b8e-a64d-a41f243430bf	NR_179383.1	92.975	242	10	6	20	255	260	20	4.55e-95	346
96da96c6-d678-4b8e-a64d-a41f243430bf	NR_028665.1	92.562	242	11	6	20	255	250	10	2.12e-93	340
96da96c6-d678-4b8e-a64d-a41f243430bf	NR_165744.1	92.562	242	11	6	21	256	241	1	2.12e-93	340
7d566279-ec0a-4c80-b5e6-10853c5f4628	NR_118142.1	95.690	116	1	2	8	122	113	1	1.73e-46	183
7d566279-ec0a-4c80-b5e6-10853c5f4628	NR_042874.1	95.575	113	1	2	11	122	110	1	8.03e-45	178
7d566279-ec0a-4c80-b5e6-10853c5f4628	NR_114558.1	95.575	113	1	2	11	122	110	1	8.03e-45	178
7d566279-ec0a-4c80-b5e6-10853c5f4628	NR_114764.1	94.828	116	2	3	8	122	116	4	8.03e-45	178
7d566279-ec0a-4c80-b5e6-10853c5f4628	NR_115218.1	95.575	113	1	2	11	122	110	1	8.03e-45	178
d0d914a6-0eff-4002-a0b0-73e65f1b4962	NR_024842.1	94.650	243	5	4	1	236	1462	1221	2.46e-102	370
d0d914a6-0eff-4002-a0b0-73e65f1b4962	NR_115241.1	94.650	243	5	4	1	236	1447	1206	2.46e-102	370
d0d914a6-0eff-4002-a0b0-73e65f1b4962	NR_115735.1	94.650	243	5	4	1	236	1438	1197	2.46e-102	370
d0d914a6-0eff-4002-a0b0-73e65f1b4962	NR_117425.1	94.262	244	5	5	1	236	1451	1209	1.14e-100	364
d0d914a6-0eff-4002-a0b0-73e65f1b4962	NR_179720.1	94.262	244	5	5	1	236	1468	1226	1.14e-100	364
1eb34448-b4e8-43b5-b258-8a6186e133b7	NR_026182.1	98.113	106	1	1	1	106	828	724	1.47e-46	183
1eb34448-b4e8-43b5-b258-8a6186e133b7	NR_025521.1	98.113	106	1	1	1	106	826	722	1.47e-46	183
1eb34448-b4e8-43b5-b258-8a6186e133b7	NR_025523.1	98.113	106	1	1	1	106	811	707	1.47e-46	183
1eb34448-b4e8-43b5-b258-8a6186e133b7	NR_029286.1	98.113	106	1	1	1	106	825	721	1.47e-46	183
1eb34448-b4e8-43b5-b258-8a6186e133b7	NR_041983.1	98.113	106	1	1	1	106	798	694	1.47e-46	183
06e0ebd1-7796-410e-8ee9-2668bd11b7cd	NR_037101.1	94.079	152	3	5	6	157	1028	1173	3.54e-59	226
06e0ebd1-7796-410e-8ee9-2668bd11b7cd	NR_115738.1	94.079	152	3	5	6	157	1032	1177	3.54e-59	226
06e0ebd1-7796-410e-8ee9-2668bd11b7cd	NR_024659.1	93.421	152	4	5	6	157	1009	1154	1.65e-57	220
06e0ebd1-7796-410e-8ee9-2668bd11b7cd	NR_024841.1	93.421	152	4	5	6	157	1042	1187	1.65e-57	220
06e0ebd1-7796-410e-8ee9-2668bd11b7cd	NR_036936.1	93.421	152	4	5	6	157	1028	1173	1.65e-57	220
82b89b83-5446-441c-96b5-5a3561f4847b	NR_037101.1	97.203	143	1	3	1	140	1332	1474	4.14e-63	239
82b89b83-5446-441c-96b5-5a3561f4847b	NR_036936.1	97.842	139	1	2	1	137	1332	1470	4.14e-63	239
82b89b83-5446-441c-96b5-5a3561f4847b	NR_040821.1	97.203	143	1	3	1	140	1332	1474	4.14e-63	239
82b89b83-5446-441c-96b5-5a3561f4847b	NR_025148.1	97.203	143	1	3	1	140	1352	1494	4.14e-63	239
82b89b83-5446-441c-96b5-5a3561f4847b	NR_028664.1	97.203	143	1	3	1	140	1353	1495	4.14e-63	239
9536a524-d817-4bfc-8251-26af9534065d	NR_024783.1	94.118	136	6	2	1	135	915	781	3.89e-53	206
9536a524-d817-4bfc-8251-26af9534065d	NR_025310.1	94.118	136	6	2	1	135	910	776	3.89e-53	206
9536a524-d817-4bfc-8251-26af9534065d	NR_044873.1	94.118	136	6	2	1	135	920	786	3.89e-53	206
9536a524-d817-4bfc-8251-26af9534065d	NR_074568.1	94.118	136	6	2	1	135	930	796	3.89e-53	206
9536a524-d817-4bfc-8251-26af9534065d	NR_043968.1	94.118	136	6	2	1	135	888	754	3.89e-53	206
72512067-c4b6-4c76-9575-c50c09cf775b	NR_117425.1	91.566	249	7	9	2	239	246	1	1.21e-90	331
72512067-c4b6-4c76-9575-c50c09cf775b	NR_024842.1	89.105	257	13	10	2	246	258	5	7.35e-83	305
72512067-c4b6-4c76-9575-c50c09cf775b	NR_042928.1	90.377	239	11	9	2	230	241	5	2.65e-82	303
72512067-c4b6-4c76-9575-c50c09cf775b	NR_179385.1	88.627	255	16	9	2	246	265	14	1.23e-80	298
72512067-c4b6-4c76-9575-c50c09cf775b	NR_199545.1	88.627	255	16	9	2	246	261	10	1.23e-80	298
cf7f1bf6-26f3-4293-997d-6e438d97a4b1	NR_114395.1	90.763	249	14	8	14	255	1245	1491	2.12e-88	324
cf7f1bf6-26f3-4293-997d-6e438d97a4b1	NR_179535.1	90.688	247	13	9	14	255	1248	1489	2.74e-87	320
cf7f1bf6-26f3-4293-997d-6e438d97a4b1	NR_144691.1	90.361	249	15	8	14	255	1258	1504	9.87e-87	318
cf7f1bf6-26f3-4293-997d-6e438d97a4b1	NR_179528.1	91.176	238	13	8	14	245	1230	1465	3.55e-86	316
cf7f1bf6-26f3-4293-997d-6e438d97a4b1	NR_180159.1	89.919	248	17	8	14	255	1223	1468	4.59e-85	313
7d14a3f1-02f6-4cf6-ba24-60495396c55e	NR_042928.1	96.571	175	2	4	1	175	175	5	2.01e-77	287
7d14a3f1-02f6-4cf6-ba24-60495396c55e	NR_109720.1	97.590	166	2	1	7	172	165	2	2.60e-76	283
7d14a3f1-02f6-4cf6-ba24-60495396c55e	NR_036936.1	96.491	171	4	1	5	175	173	5	9.34e-76	281
7d14a3f1-02f6-4cf6-ba24-60495396c55e	NR_114537.1	96.386	166	4	2	1	166	164	1	5.62e-73	272
7d14a3f1-02f6-4cf6-ba24-60495396c55e	NR_165747.1	94.857	175	5	4	1	175	175	5	2.02e-72	270
b1d324f5-7f16-4b56-8fe3-959ac90c0656	NR_117694.1	99.398	166	0	1	1	165	1027	862	2.23e-81	300
b1d324f5-7f16-4b56-8fe3-959ac90c0656	NR_028900.1	98.795	166	1	1	1	165	985	820	1.04e-79	294
b1d324f5-7f16-4b56-8fe3-959ac90c0656	NR_043458.1	98.795	166	1	1	1	165	1048	883	1.04e-79	294
b1d324f5-7f16-4b56-8fe3-959ac90c0656	NR_043459.1	98.795	166	1	1	1	165	1051	886	1.04e-79	294
b1d324f5-7f16-4b56-8fe3-959ac90c0656	NR_041988.1	98.795	166	1	1	1	165	985	820	1.04e-79	294
4df67bc4-3ef4-4b85-9891-2b8c61f1d6f0	NR_028682.1	99.024	205	0	1	1	205	904	702	2.74e-101	366
4df67bc4-3ef4-4b85-9891-2b8c61f1d6f0	NR_026454.1	99.024	205	0	1	1	205	880	678	2.74e-101	366
4df67bc4-3ef4-4b85-9891-2b8c61f1d6f0	NR_116890.1	99.024	205	0	1	1	205	892	690	2.74e-101	366
4df67bc4-3ef4-4b85-9891-2b8c61f1d6f0	NR_025862.1	98.537	205	1	1	1	205	903	701	3.55e-100	363
4df67bc4-3ef4-4b85-9891-2b8c61f1d6f0	NR_025360.1	98.537	205	1	1	1	205	891	689	1.28e-99	361
6a4f4455-32a4-40f2-9f10-602bdccb34f5	NR_117902.1	92.000	75	4	1	114	186	724	650	2.34e-22	104
6a4f4455-32a4-40f2-9f10-602bdccb34f5	NR_025892.1	91.026	78	4	2	114	188	735	658	8.41e-22	102
6a4f4455-32a4-40f2-9f10-602bdccb34f5	NR_025385.1	91.026	78	4	2	114	188	692	615	8.41e-22	102
6a4f4455-32a4-40f2-9f10-602bdccb34f5	NR_028899.1	91.026	78	4	2	114	188	668	591	8.41e-22	102
6a4f4455-32a4-40f2-9f10-602bdccb34f5	NR_041988.1	91.026	78	4	2	114	188	668	591	8.41e-22	102
8ac28724-10d2-4a80-8e25-c1e054d25218	NR_026093.1	95.455	396	9	7	1	394	912	524	2.99e-178	623
8ac28724-10d2-4a80-8e25-c1e054d25218	NR_102936.1	95.455	396	9	7	1	394	1005	617	2.99e-178	623
8ac28724-10d2-4a80-8e25-c1e054d25218	NR_113159.1	95.455	396	9	7	1	394	1005	617	2.99e-178	623
8ac28724-10d2-4a80-8e25-c1e054d25218	NR_036819.1	94.458	397	11	8	1	394	986	598	1.40e-171	601
8ac28724-10d2-4a80-8e25-c1e054d25218	NR_113038.1	94.458	397	11	8	1	394	1006	618	1.40e-171	601
aebe7f6b-ec08-44bb-9737-edac3eb59c0b	NR_041880.1	96.639	119	1	2	1	117	1329	1212	7.16e-50	195
aebe7f6b-ec08-44bb-9737-edac3eb59c0b	NR_025762.1	96.639	119	1	2	1	117	1351	1234	7.16e-50	195
aebe7f6b-ec08-44bb-9737-edac3eb59c0b	NR_041879.1	96.639	119	1	2	1	117	1331	1214	7.16e-50	195
aebe7f6b-ec08-44bb-9737-edac3eb59c0b	NR_115354.1	96.639	119	1	2	1	117	1373	1256	7.16e-50	195
aebe7f6b-ec08-44bb-9737-edac3eb59c0b	NR_115355.1	96.639	119	1	2	1	117	1373	1256	7.16e-50	195
914c5b1f-94d0-48a1-9cbd-9d01318fc073	NR_043332.1	95.872	218	1	5	1	214	1269	1482	3.83e-95	346
914c5b1f-94d0-48a1-9cbd-9d01318fc073	NR_074980.1	95.872	218	1	5	1	214	1296	1509	3.83e-95	346
914c5b1f-94d0-48a1-9cbd-9d01318fc073	NR_113031.1	95.872	218	1	5	1	214	1296	1509	3.83e-95	346
914c5b1f-94d0-48a1-9cbd-9d01318fc073	NR_115354.1	95.872	218	1	5	1	214	1269	1482	3.83e-95	346
914c5b1f-94d0-48a1-9cbd-9d01318fc073	NR_115355.1	95.872	218	1	5	1	214	1269	1482	3.83e-95	346
a60fe5b2-a931-4062-a565-3f7904deb9c4	NR_179385.1	96.612	856	20	7	1	852	646	1496	0.0	1411
a60fe5b2-a931-4062-a565-3f7904deb9c4	NR_199545.1	96.612	856	20	7	1	852	642	1492	0.0	1411
a60fe5b2-a931-4062-a565-3f7904deb9c4	NR_165744.1	96.592	851	20	7	1	847	631	1476	0.0	1402
a60fe5b2-a931-4062-a565-3f7904deb9c4	NR_028665.1	96.379	856	22	7	1	852	639	1489	0.0	1400
a60fe5b2-a931-4062-a565-3f7904deb9c4	NR_115239.1	96.475	851	21	7	1	847	622	1467	0.0	1397
10e69d80-b5c5-46a0-aa89-f64274f0a036	NR_029097.1	91.775	462	20	11	1	448	1190	733	2.63e-179	627
10e69d80-b5c5-46a0-aa89-f64274f0a036	NR_125570.1	91.558	462	21	11	1	448	1172	715	1.22e-177	621
10e69d80-b5c5-46a0-aa89-f64274f0a036	NR_125571.1	91.342	462	22	11	1	448	1214	757	5.68e-176	616
10e69d80-b5c5-46a0-aa89-f64274f0a036	NR_102893.1	84.946	465	42	19	2	448	1260	806	7.89e-125	446
10e69d80-b5c5-46a0-aa89-f64274f0a036	NR_025981.1	84.498	458	46	16	8	448	1226	777	7.95e-120	429
0fd0c7c7-10fd-4b1a-b074-30b10a3de6c1	NR_025903.1	96.410	390	5	4	1	389	388	7	0.0	634
0fd0c7c7-10fd-4b1a-b074-30b10a3de6c1	NR_133753.1	99.125	343	2	1	1	343	342	1	4.93e-176	616
0fd0c7c7-10fd-4b1a-b074-30b10a3de6c1	NR_025904.1	94.885	391	9	6	1	389	387	6	1.38e-171	601
0fd0c7c7-10fd-4b1a-b074-30b10a3de6c1	NR_026419.1	95.026	382	11	3	1	381	376	2	2.31e-169	593
0fd0c7c7-10fd-4b1a-b074-30b10a3de6c1	NR_133752.1	99.045	314	2	1	1	314	313	1	6.52e-160	562
846bf368-6c82-42c3-8b56-f3a4112520cb	NR_117425.1	96.667	360	8	4	1	357	12	370	5.83e-170	595
846bf368-6c82-42c3-8b56-f3a4112520cb	NR_115241.1	95.415	349	12	4	1	346	9	356	3.56e-157	553
846bf368-6c82-42c3-8b56-f3a4112520cb	NR_024842.1	95.129	349	13	4	1	346	24	371	4.61e-156	549
846bf368-6c82-42c3-8b56-f3a4112520cb	NR_115735.1	95.129	349	10	6	3	346	1	347	2.14e-154	544
846bf368-6c82-42c3-8b56-f3a4112520cb	NR_024841.1	93.906	361	16	6	1	357	23	381	2.77e-153	540
665eb0a8-275b-4147-8ec1-e1c075bc6494	NR_028665.1	93.421	228	2	9	1	216	1459	1233	5.01e-89	326
665eb0a8-275b-4147-8ec1-e1c075bc6494	NR_114172.1	93.421	228	2	9	1	216	1442	1216	5.01e-89	326
665eb0a8-275b-4147-8ec1-e1c075bc6494	NR_115239.1	93.421	228	2	9	1	216	1442	1216	5.01e-89	326
665eb0a8-275b-4147-8ec1-e1c075bc6494	NR_027214.1	93.421	228	2	9	1	216	1442	1216	5.01e-89	326
665eb0a8-275b-4147-8ec1-e1c075bc6494	NR_134190.1	93.421	228	2	9	1	216	1423	1197	5.01e-89	326
b25272a8-088c-4219-b6be-35321d4d4a1e	NR_028682.1	92.532	1406	55	42	11	1386	112	1497	0.0	1969
b25272a8-088c-4219-b6be-35321d4d4a1e	NR_025862.1	93.736	1309	41	33	11	1294	112	1404	0.0	1934
b25272a8-088c-4219-b6be-35321d4d4a1e	NR_113798.1	91.026	1404	81	34	11	1387	96	1481	0.0	1853
b25272a8-088c-4219-b6be-35321d4d4a1e	NR_180652.1	91.059	1398	84	32	11	1384	101	1481	0.0	1851
b25272a8-088c-4219-b6be-35321d4d4a1e	NR_042406.1	90.812	1404	82	37	11	1387	102	1485	0.0	1834
cb0700d0-9116-48a1-b380-10f778a4af97	NR_025862.1	98.297	411	5	2	1	409	1225	815	0.0	721
cb0700d0-9116-48a1-b380-10f778a4af97	NR_028682.1	98.297	411	5	2	1	409	1226	816	0.0	719
cb0700d0-9116-48a1-b380-10f778a4af97	NR_026454.1	98.297	411	5	2	1	409	1202	792	0.0	719
cb0700d0-9116-48a1-b380-10f778a4af97	NR_040926.1	97.567	411	8	2	1	409	1204	794	0.0	702
cb0700d0-9116-48a1-b380-10f778a4af97	NR_042500.1	97.324	411	9	2	1	409	1156	746	0.0	697
1f5faf75-b401-4960-b92a-d5367b616497	NR_156072.1	95.531	358	8	5	4	357	1141	1494	4.59e-161	566
1f5faf75-b401-4960-b92a-d5367b616497	NR_028665.1	95.251	358	9	5	4	357	1136	1489	2.13e-159	560
1f5faf75-b401-4960-b92a-d5367b616497	NR_104972.1	95.251	358	9	5	4	357	1121	1474	2.13e-159	560
1f5faf75-b401-4960-b92a-d5367b616497	NR_158064.1	95.265	359	8	6	4	357	1143	1497	2.13e-159	560
1f5faf75-b401-4960-b92a-d5367b616497	NR_179385.1	95.251	358	9	5	4	357	1143	1496	2.13e-159	560
5f8da422-03f9-4a6d-969a-71dac9518d38	NR_136788.1	95.573	384	11	6	1	380	1085	1466	2.29e-174	610
5f8da422-03f9-4a6d-969a-71dac9518d38	NR_026230.1	93.490	384	19	6	1	380	1063	1444	5.03e-161	566
5f8da422-03f9-4a6d-969a-71dac9518d38	NR_113082.1	94.038	369	18	4	1	367	1085	1451	3.02e-158	556
5f8da422-03f9-4a6d-969a-71dac9518d38	NR_136443.1	89.637	386	29	10	1	380	1047	1427	1.87e-135	481
5f8da422-03f9-4a6d-969a-71dac9518d38	NR_109439.1	88.802	384	37	6	1	380	1082	1463	5.24e-131	466
0cb5f946-21c2-4f77-815e-fa5377d3c7ee	NR_114395.1	97.509	562	11	2	1	559	937	1498	0.0	957
0cb5f946-21c2-4f77-815e-fa5377d3c7ee	NR_114395.1	82.576	528	29	37	560	1034	1472	955	8.88e-113	407
0cb5f946-21c2-4f77-815e-fa5377d3c7ee	NR_179535.1	97.336	563	11	3	1	562	940	1499	0.0	953
0cb5f946-21c2-4f77-815e-fa5377d3c7ee	NR_179535.1	82.476	525	30	36	560	1034	1470	958	1.15e-111	403
0cb5f946-21c2-4f77-815e-fa5377d3c7ee	NR_179528.1	97.248	545	13	2	1	543	922	1466	0.0	922
0cb5f946-21c2-4f77-815e-fa5377d3c7ee	NR_179528.1	82.543	527	30	36	560	1034	1456	940	8.88e-113	407
0cb5f946-21c2-4f77-815e-fa5377d3c7ee	NR_144691.1	95.221	565	22	3	1	562	952	1514	0.0	889
0cb5f946-21c2-4f77-815e-fa5377d3c7ee	NR_144691.1	79.962	529	39	39	560	1034	1485	970	7.11e-89	327
0cb5f946-21c2-4f77-815e-fa5377d3c7ee	NR_041983.1	97.830	507	10	1	1	506	905	1411	0.0	876
0cb5f946-21c2-4f77-815e-fa5377d3c7ee	NR_041983.1	82.129	498	28	36	587	1034	1409	923	3.24e-102	372
fd2289d1-8111-491f-aec8-d435ae5cb86e	NR_115355.1	97.991	697	12	2	1	696	791	1486	0.0	1208
fd2289d1-8111-491f-aec8-d435ae5cb86e	NR_179325.1	97.991	697	12	2	1	696	765	1460	0.0	1208
fd2289d1-8111-491f-aec8-d435ae5cb86e	NR_163639.1	97.848	697	11	4	1	696	808	1501	0.0	1201
fd2289d1-8111-491f-aec8-d435ae5cb86e	NR_119169.1	97.561	697	15	2	1	696	796	1491	0.0	1195
fd2289d1-8111-491f-aec8-d435ae5cb86e	NR_115354.1	97.561	697	15	2	1	696	791	1486	0.0	1194
0d4255a0-be6f-4790-acb2-5ea1c1c39e91	NR_115355.1	93.833	600	24	13	16	604	1465	868	0.0	891
0d4255a0-be6f-4790-acb2-5ea1c1c39e91	NR_163639.1	93.823	599	25	12	16	604	1480	884	0.0	891
0d4255a0-be6f-4790-acb2-5ea1c1c39e91	NR_179325.1	93.833	600	24	13	16	604	1439	842	0.0	891
0d4255a0-be6f-4790-acb2-5ea1c1c39e91	NR_119169.1	93.333	600	27	13	16	604	1470	873	0.0	878
0d4255a0-be6f-4790-acb2-5ea1c1c39e91	NR_115354.1	93.333	600	27	13	16	604	1465	868	0.0	876
62475e4a-8640-4682-b117-5da88c286170	NR_163639.1	95.921	1422	24	29	1	1407	1408	6	0.0	2274
62475e4a-8640-4682-b117-5da88c286170	NR_115355.1	96.026	1409	24	27	1	1393	1393	1	0.0	2266
62475e4a-8640-4682-b117-5da88c286170	NR_119169.1	95.757	1414	28	27	1	1398	1398	1	0.0	2257
62475e4a-8640-4682-b117-5da88c286170	NR_074980.1	95.292	1423	35	27	1	1407	1420	14	0.0	2228
62475e4a-8640-4682-b117-5da88c286170	NR_113031.1	95.292	1423	35	27	1	1407	1420	14	0.0	2228
ec9394e9-5ee9-4a8b-9831-762501804065	NR_026419.1	98.222	225	3	1	1	224	1390	1166	5.00e-109	392
ec9394e9-5ee9-4a8b-9831-762501804065	NR_133752.1	96.444	225	7	1	1	224	1327	1103	2.34e-102	370
ec9394e9-5ee9-4a8b-9831-762501804065	NR_133753.1	96.444	225	7	1	1	224	1356	1132	2.34e-102	370
ec9394e9-5ee9-4a8b-9831-762501804065	NR_025903.1	96.444	225	7	1	1	224	1402	1178	2.34e-102	370
ec9394e9-5ee9-4a8b-9831-762501804065	NR_025904.1	96.000	225	8	1	1	224	1401	1177	1.09e-100	364
72535be3-9599-4aa6-b9a1-431103a267f0	NR_028664.1	98.090	576	4	5	1	573	664	93	0.0	996
72535be3-9599-4aa6-b9a1-431103a267f0	NR_115240.1	98.090	576	4	5	1	573	641	70	0.0	996
72535be3-9599-4aa6-b9a1-431103a267f0	NR_115732.1	98.090	576	4	5	1	573	643	72	0.0	996
72535be3-9599-4aa6-b9a1-431103a267f0	NR_180629.1	98.090	576	4	5	1	573	623	52	0.0	996
72535be3-9599-4aa6-b9a1-431103a267f0	NR_199544.1	98.090	576	4	5	1	573	619	48	0.0	996
d620d3fc-aebe-4fdf-ab67-d91d7051e38e	NR_133753.1	92.342	1345	47	39	1	1307	28	1354	0.0	1862
d620d3fc-aebe-4fdf-ab67-d91d7051e38e	NR_025903.1	92.319	1341	47	39	5	1307	78	1400	0.0	1855
d620d3fc-aebe-4fdf-ab67-d91d7051e38e	NR_133752.1	92.107	1343	50	39	3	1307	1	1325	0.0	1842
d620d3fc-aebe-4fdf-ab67-d91d7051e38e	NR_025904.1	91.091	1347	60	45	1	1307	73	1399	0.0	1768
d620d3fc-aebe-4fdf-ab67-d91d7051e38e	NR_026419.1	91.085	1346	63	40	1	1307	61	1388	0.0	1768
cbf6c038-ccbf-4a92-bcfe-77757302a68c	NR_115735.1	95.728	1264	29	21	12	1259	210	1464	0.0	2012
cbf6c038-ccbf-4a92-bcfe-77757302a68c	NR_024842.1	95.652	1265	30	21	12	1260	234	1489	0.0	2010
cbf6c038-ccbf-4a92-bcfe-77757302a68c	NR_165737.1	95.556	1260	34	18	12	1256	219	1471	0.0	1997
cbf6c038-ccbf-4a92-bcfe-77757302a68c	NR_115241.1	95.480	1261	32	21	12	1256	219	1470	0.0	1995
cbf6c038-ccbf-4a92-bcfe-77757302a68c	NR_036936.1	95.480	1261	33	20	12	1256	219	1471	0.0	1991
7c364ab5-3de3-4f3d-b865-d1a926242c9b	NR_044873.1	96.667	1080	19	14	1	1071	396	1467	0.0	1779
7c364ab5-3de3-4f3d-b865-d1a926242c9b	NR_074568.1	95.005	1081	36	15	1	1073	407	1477	0.0	1681
7c364ab5-3de3-4f3d-b865-d1a926242c9b	NR_025310.1	94.552	1083	39	17	1	1073	387	1459	0.0	1655
7c364ab5-3de3-4f3d-b865-d1a926242c9b	NR_109752.1	94.547	1082	41	15	1	1073	418	1490	0.0	1655
7c364ab5-3de3-4f3d-b865-d1a926242c9b	NR_044712.2	94.673	1070	39	15	1	1062	416	1475	0.0	1650
437dcb79-dec4-4ed5-8af2-024c3b12b233	NR_042927.1	98.759	1209	7	7	1	1207	255	1457	0.0	2143
437dcb79-dec4-4ed5-8af2-024c3b12b233	NR_115734.1	98.759	1209	7	7	1	1207	256	1458	0.0	2143
437dcb79-dec4-4ed5-8af2-024c3b12b233	NR_028664.1	98.594	1209	9	7	1	1207	276	1478	0.0	2132
437dcb79-dec4-4ed5-8af2-024c3b12b233	NR_115240.1	98.594	1209	9	7	1	1207	253	1455	0.0	2132
437dcb79-dec4-4ed5-8af2-024c3b12b233	NR_175455.1	98.594	1209	9	7	1	1207	261	1463	0.0	2132
8791a83d-f247-48c8-a1b5-3a79bfe3058a	NR_115355.1	97.193	285	6	2	10	293	1204	1487	1.38e-135	481
8791a83d-f247-48c8-a1b5-3a79bfe3058a	NR_163639.1	97.193	285	6	2	10	293	1219	1502	1.38e-135	481
8791a83d-f247-48c8-a1b5-3a79bfe3058a	NR_179325.1	97.193	285	6	2	10	293	1178	1461	1.38e-135	481
8791a83d-f247-48c8-a1b5-3a79bfe3058a	NR_119169.1	96.842	285	7	2	10	293	1209	1492	6.43e-134	475
8791a83d-f247-48c8-a1b5-3a79bfe3058a	NR_115354.1	96.491	285	8	2	10	293	1204	1487	2.99e-132	470
ec2a1eca-535a-4101-a0a3-bb8917d7c612	NR_026419.1	96.542	347	9	3	2	348	1141	1484	9.71e-163	571
ec2a1eca-535a-4101-a0a3-bb8917d7c612	NR_025904.1	95.376	346	12	4	3	348	1153	1494	1.64e-155	547
ec2a1eca-535a-4101-a0a3-bb8917d7c612	NR_025903.1	95.376	346	12	4	3	348	1154	1495	1.64e-155	547
ec2a1eca-535a-4101-a0a3-bb8917d7c612	NR_133752.1	95.342	322	12	3	3	324	1079	1397	7.72e-144	508
ec2a1eca-535a-4101-a0a3-bb8917d7c612	NR_133753.1	95.342	322	12	3	3	324	1108	1426	7.72e-144	508
ae123231-e008-41ca-8b57-c57d7f4e8938	NR_044873.1	93.176	806	25	25	3	790	674	1467	0.0	1157
ae123231-e008-41ca-8b57-c57d7f4e8938	NR_074568.1	92.547	805	34	21	3	792	684	1477	0.0	1131
ae123231-e008-41ca-8b57-c57d7f4e8938	NR_025310.1	91.842	809	34	27	3	792	664	1459	0.0	1099
ae123231-e008-41ca-8b57-c57d7f4e8938	NR_109752.1	91.832	808	36	25	3	792	695	1490	0.0	1099
ae123231-e008-41ca-8b57-c57d7f4e8938	NR_044712.2	92.746	772	33	19	3	762	693	1453	0.0	1098
5197cd93-e193-4be4-9523-ba141e407e56	NR_028665.1	96.567	466	10	6	13	472	1023	1488	0.0	767
5197cd93-e193-4be4-9523-ba141e407e56	NR_179385.1	96.567	466	10	6	13	472	1030	1495	0.0	767
5197cd93-e193-4be4-9523-ba141e407e56	NR_199545.1	96.567	466	10	6	13	472	1026	1491	0.0	767
5197cd93-e193-4be4-9523-ba141e407e56	NR_114172.1	96.352	466	11	6	13	472	1006	1471	0.0	761
5197cd93-e193-4be4-9523-ba141e407e56	NR_115239.1	96.544	463	10	6	13	469	1006	1468	0.0	761
dd46d54c-9df5-4bd0-8572-b1ae672e00a2	NR_117425.1	87.057	649	43	26	3	619	642	3	0.0	695
dd46d54c-9df5-4bd0-8572-b1ae672e00a2	NR_036936.1	86.022	651	48	29	1	618	641	1	0.0	658
dd46d54c-9df5-4bd0-8572-b1ae672e00a2	NR_024841.1	85.628	661	48	33	1	626	655	7	0.0	651
dd46d54c-9df5-4bd0-8572-b1ae672e00a2	NR_113260.1	85.736	652	48	31	1	618	641	1	0.0	647
dd46d54c-9df5-4bd0-8572-b1ae672e00a2	NR_109720.1	85.736	645	49	29	1	612	635	1	0.0	641
16124175-0228-4042-86c2-2330aae32ba2	NR_115735.1	93.719	1433	45	37	1	1397	39	1462	0.0	2106
16124175-0228-4042-86c2-2330aae32ba2	NR_024842.1	93.645	1432	47	36	1	1397	64	1486	0.0	2104
16124175-0228-4042-86c2-2330aae32ba2	NR_115241.1	93.571	1431	48	36	1	1396	49	1470	0.0	2098
16124175-0228-4042-86c2-2330aae32ba2	NR_165737.1	93.222	1431	54	35	1	1396	49	1471	0.0	2065
16124175-0228-4042-86c2-2330aae32ba2	NR_178515.1	93.933	1368	45	33	1	1335	49	1411	0.0	2032
262570df-7a2b-4a88-bf2c-94b09d23a1c0	NR_044873.1	98.089	314	6	0	6	319	644	957	1.46e-155	547
262570df-7a2b-4a88-bf2c-94b09d23a1c0	NR_074568.1	97.771	314	7	0	6	319	654	967	6.81e-154	542
262570df-7a2b-4a88-bf2c-94b09d23a1c0	NR_043968.1	97.771	314	7	0	6	319	612	925	6.81e-154	542
262570df-7a2b-4a88-bf2c-94b09d23a1c0	NR_044712.2	97.452	314	8	0	6	319	663	976	8.81e-153	538
262570df-7a2b-4a88-bf2c-94b09d23a1c0	NR_024785.1	97.134	314	9	0	6	319	610	923	1.47e-150	531
1866434f-969c-48f3-83f4-4c4e1dfd3b76	NR_025423.1	98.788	165	2	0	1	165	960	1124	1.06e-79	294
1866434f-969c-48f3-83f4-4c4e1dfd3b76	NR_025338.1	98.788	165	2	0	1	165	967	1131	1.06e-79	294
1866434f-969c-48f3-83f4-4c4e1dfd3b76	NR_041979.1	98.788	165	2	0	1	165	959	1123	1.06e-79	294
1866434f-969c-48f3-83f4-4c4e1dfd3b76	NR_112005.1	98.788	165	2	0	1	165	952	1116	1.06e-79	294
1866434f-969c-48f3-83f4-4c4e1dfd3b76	NR_114155.1	98.788	165	2	0	1	165	957	1121	1.06e-79	294
65039cc7-a926-4438-a1dd-fa1b630d6e6b	NR_036936.1	97.964	1326	16	11	1	1316	146	1470	0.0	2290
65039cc7-a926-4438-a1dd-fa1b630d6e6b	NR_109720.1	97.953	1319	16	11	1	1309	140	1457	0.0	2276
65039cc7-a926-4438-a1dd-fa1b630d6e6b	NR_165737.1	97.360	1326	24	11	1	1316	146	1470	0.0	2244
65039cc7-a926-4438-a1dd-fa1b630d6e6b	NR_117719.1	97.220	1331	26	11	1	1321	164	1493	0.0	2242
65039cc7-a926-4438-a1dd-fa1b630d6e6b	NR_175455.1	97.147	1332	26	12	1	1321	152	1482	0.0	2239
6562364c-a835-4f65-b42c-bdf0df5ee1b0	NR_179535.1	94.275	1083	44	15	6	1075	1090	13	0.0	1640
6562364c-a835-4f65-b42c-bdf0df5ee1b0	NR_114395.1	92.606	1082	61	16	6	1075	1087	13	0.0	1537
6562364c-a835-4f65-b42c-bdf0df5ee1b0	NR_041983.1	92.655	1062	59	16	6	1055	1055	1	0.0	1511
6562364c-a835-4f65-b42c-bdf0df5ee1b0	NR_119102.1	92.083	1061	66	15	6	1054	1057	3	0.0	1487
6562364c-a835-4f65-b42c-bdf0df5ee1b0	NR_179528.1	91.837	1078	66	18	6	1067	1072	1	0.0	1483
20aec41e-1375-44f0-ae2f-a692104f3747	NR_133753.1	97.788	226	3	2	1	226	225	448	6.46e-108	388
20aec41e-1375-44f0-ae2f-a692104f3747	NR_025903.1	97.788	226	3	2	1	226	271	494	6.46e-108	388
20aec41e-1375-44f0-ae2f-a692104f3747	NR_133752.1	96.903	226	5	2	1	226	196	419	1.40e-104	377
20aec41e-1375-44f0-ae2f-a692104f3747	NR_026419.1	96.903	226	5	2	1	226	259	482	1.40e-104	377
20aec41e-1375-44f0-ae2f-a692104f3747	NR_026469.1	95.575	226	8	2	1	226	261	484	1.41e-99	361
c1dfaf30-1398-4eac-b256-c9d24ae0426b	NR_042843.1	92.015	263	14	6	1	258	685	425	4.71e-100	363
c1dfaf30-1398-4eac-b256-c9d24ae0426b	NR_102895.1	92.015	263	14	6	1	258	713	453	4.71e-100	363
c1dfaf30-1398-4eac-b256-c9d24ae0426b	NR_113113.1	92.015	263	14	6	1	258	693	433	4.71e-100	363
c1dfaf30-1398-4eac-b256-c9d24ae0426b	NR_114305.1	93.305	239	12	3	1	236	705	468	3.67e-96	350
c1dfaf30-1398-4eac-b256-c9d24ae0426b	NR_116726.1	93.305	239	12	3	1	236	685	448	3.67e-96	350
73f1a0a4-637d-41c3-8968-35f5443754e5	NR_028682.1	94.461	1354	53	21	3	1340	150	1497	0.0	2065
73f1a0a4-637d-41c3-8968-35f5443754e5	NR_025862.1	95.962	1263	33	17	3	1253	150	1406	0.0	2041
73f1a0a4-637d-41c3-8968-35f5443754e5	NR_180652.1	94.662	1274	55	12	75	1338	211	1481	0.0	1964
73f1a0a4-637d-41c3-8968-35f5443754e5	NR_181559.1	94.292	1279	60	12	74	1342	218	1493	0.0	1945
73f1a0a4-637d-41c3-8968-35f5443754e5	NR_036922.1	94.223	1281	57	16	74	1342	222	1497	0.0	1940
d064cbb6-c11e-4983-ab92-d93594e659f4	NR_115354.1	96.748	369	9	2	1	366	2	370	6.00e-175	612
d064cbb6-c11e-4983-ab92-d93594e659f4	NR_119170.1	96.748	369	9	2	1	366	7	375	6.00e-175	612
d064cbb6-c11e-4983-ab92-d93594e659f4	NR_115355.1	95.393	369	14	2	1	366	2	370	3.64e-167	586
d064cbb6-c11e-4983-ab92-d93594e659f4	NR_119168.1	95.393	369	14	2	1	366	7	375	1.31e-166	584
d064cbb6-c11e-4983-ab92-d93594e659f4	NR_119169.1	95.393	369	14	2	1	366	7	375	1.31e-166	584
32c6d92e-3c5d-4050-b732-9712047c4d84	NR_028664.1	92.806	1265	53	30	6	1250	1262	16	0.0	1797
32c6d92e-3c5d-4050-b732-9712047c4d84	NR_199541.1	93.562	1227	45	28	1	1208	1222	11	0.0	1797
32c6d92e-3c5d-4050-b732-9712047c4d84	NR_115240.1	92.840	1257	53	29	6	1243	1239	1	0.0	1788
32c6d92e-3c5d-4050-b732-9712047c4d84	NR_117719.1	92.648	1265	55	31	6	1250	1259	13	0.0	1786
32c6d92e-3c5d-4050-b732-9712047c4d84	NR_115732.1	92.761	1257	53	30	6	1243	1241	4	0.0	1783
98f941c4-8510-41ef-95f1-581ed036ce0b	NR_163639.1	94.444	738	19	13	4	735	727	6	0.0	1116
98f941c4-8510-41ef-95f1-581ed036ce0b	NR_119169.1	94.376	729	22	11	4	726	716	1	0.0	1105
98f941c4-8510-41ef-95f1-581ed036ce0b	NR_074980.1	93.902	738	26	11	4	735	738	14	0.0	1096
98f941c4-8510-41ef-95f1-581ed036ce0b	NR_113031.1	93.902	738	26	11	4	735	738	14	0.0	1096
98f941c4-8510-41ef-95f1-581ed036ce0b	NR_115355.1	94.337	724	22	11	4	721	711	1	0.0	1096
40639e15-97c3-47e2-9d83-4af39fa682eb	NR_115355.1	94.227	537	16	10	1	525	1401	868	0.0	806
40639e15-97c3-47e2-9d83-4af39fa682eb	NR_163639.1	94.227	537	15	11	1	525	1416	884	0.0	806
40639e15-97c3-47e2-9d83-4af39fa682eb	NR_179325.1	94.227	537	16	10	1	525	1375	842	0.0	806
40639e15-97c3-47e2-9d83-4af39fa682eb	NR_041879.1	94.052	538	16	11	1	525	1359	825	0.0	802
40639e15-97c3-47e2-9d83-4af39fa682eb	NR_119169.1	93.669	537	19	10	1	525	1406	873	0.0	793
1cfd4adb-268e-4112-8109-b50dab64d5fd	NR_102895.1	89.474	171	10	5	2	168	196	30	4.18e-54	209
1cfd4adb-268e-4112-8109-b50dab64d5fd	NR_042843.1	88.889	171	11	5	2	168	168	2	5.40e-53	206
1cfd4adb-268e-4112-8109-b50dab64d5fd	NR_113113.1	88.889	171	11	5	2	168	176	10	1.94e-52	204
1cfd4adb-268e-4112-8109-b50dab64d5fd	NR_114305.1	87.135	171	14	5	2	168	188	22	1.96e-47	187
1cfd4adb-268e-4112-8109-b50dab64d5fd	NR_109628.1	87.283	173	10	10	2	168	169	3	1.96e-47	187
d3bf38fc-211c-4380-9849-e8726314308d	NR_179325.1	93.186	499	19	11	5	498	967	1455	0.0	719
d3bf38fc-211c-4380-9849-e8726314308d	NR_115355.1	93.306	493	20	12	10	498	998	1481	0.0	715
d3bf38fc-211c-4380-9849-e8726314308d	NR_163639.1	93.320	494	18	11	10	498	1013	1496	0.0	715
d3bf38fc-211c-4380-9849-e8726314308d	NR_119169.1	93.103	493	21	12	10	498	1003	1486	0.0	713
d3bf38fc-211c-4380-9849-e8726314308d	NR_115354.1	93.117	494	19	11	10	498	998	1481	0.0	710
9571b7b6-0e00-48f7-a47b-21f894621fc7	NR_025863.1	95.688	1345	37	17	40	1370	1411	74	0.0	2154
9571b7b6-0e00-48f7-a47b-21f894621fc7	NR_028682.1	90.332	1386	97	32	5	1369	1442	73	0.0	1783
9571b7b6-0e00-48f7-a47b-21f894621fc7	NR_179378.1	90.058	1368	108	25	1	1351	1446	90	0.0	1748
9571b7b6-0e00-48f7-a47b-21f894621fc7	NR_180911.1	90.051	1367	107	26	2	1351	1433	79	0.0	1744
9571b7b6-0e00-48f7-a47b-21f894621fc7	NR_026454.1	90.444	1329	96	26	40	1348	1383	66	0.0	1722
610bc790-3661-4c13-b353-834c61a1e00a	NR_113105.1	90.078	383	22	12	2	375	1374	999	5.86e-136	483
610bc790-3661-4c13-b353-834c61a1e00a	NR_044407.1	90.078	383	22	12	2	375	1366	991	5.86e-136	483
610bc790-3661-4c13-b353-834c61a1e00a	NR_113124.1	89.817	383	23	11	2	375	1386	1011	2.73e-134	477
610bc790-3661-4c13-b353-834c61a1e00a	NR_115327.1	89.817	383	23	11	2	375	1366	991	2.73e-134	477
610bc790-3661-4c13-b353-834c61a1e00a	NR_042843.1	89.556	383	24	11	2	375	1366	991	1.27e-132	472
7b8540bb-8d77-43d3-aaec-87c7a24e4841	NR_115735.1	95.107	1349	42	21	3	1338	127	1464	0.0	2104
7b8540bb-8d77-43d3-aaec-87c7a24e4841	NR_024842.1	94.963	1350	44	21	3	1339	151	1489	0.0	2098
7b8540bb-8d77-43d3-aaec-87c7a24e4841	NR_115241.1	94.874	1346	45	21	3	1335	136	1470	0.0	2087
7b8540bb-8d77-43d3-aaec-87c7a24e4841	NR_165737.1	94.659	1348	45	24	3	1335	136	1471	0.0	2065
7b8540bb-8d77-43d3-aaec-87c7a24e4841	NR_036936.1	94.362	1348	49	24	3	1335	136	1471	0.0	2043
0c8b9d96-1ded-4621-b7a2-9ddd7e4ad8d9	NR_024842.1	91.856	1277	47	50	1	1244	1260	8	0.0	1733
0c8b9d96-1ded-4621-b7a2-9ddd7e4ad8d9	NR_115241.1	91.877	1268	47	49	1	1235	1245	1	0.0	1724
0c8b9d96-1ded-4621-b7a2-9ddd7e4ad8d9	NR_115735.1	92.118	1256	44	49	1	1224	1236	4	0.0	1720
0c8b9d96-1ded-4621-b7a2-9ddd7e4ad8d9	NR_178515.1	91.726	1269	47	51	1	1235	1245	1	0.0	1709
0c8b9d96-1ded-4621-b7a2-9ddd7e4ad8d9	NR_165737.1	91.489	1269	50	51	1	1235	1245	1	0.0	1692
bef97ae8-ea8c-4db0-8993-b20153d3b03b	NR_163639.1	94.103	390	15	6	1	388	1508	1125	3.92e-167	586
bef97ae8-ea8c-4db0-8993-b20153d3b03b	NR_179325.1	94.072	388	15	6	3	388	1465	1084	5.07e-166	582
bef97ae8-ea8c-4db0-8993-b20153d3b03b	NR_115355.1	93.846	390	16	6	1	388	1493	1110	1.82e-165	580
bef97ae8-ea8c-4db0-8993-b20153d3b03b	NR_115354.1	93.590	390	17	6	1	388	1493	1110	8.49e-164	575
bef97ae8-ea8c-4db0-8993-b20153d3b03b	NR_119169.1	93.333	390	18	6	1	388	1498	1115	1.10e-162	571
4834c0f9-1ecb-4c4a-bdc5-697493d158f6	NR_133753.1	90.334	569	32	19	1	555	661	102	0.0	725
4834c0f9-1ecb-4c4a-bdc5-697493d158f6	NR_025903.1	90.334	569	32	19	1	555	707	148	0.0	725
4834c0f9-1ecb-4c4a-bdc5-697493d158f6	NR_133752.1	90.175	570	31	21	1	555	632	73	0.0	719
4834c0f9-1ecb-4c4a-bdc5-697493d158f6	NR_026419.1	89.298	570	37	19	1	555	695	135	0.0	693
4834c0f9-1ecb-4c4a-bdc5-697493d158f6	NR_025904.1	89.104	569	39	20	1	555	706	147	0.0	686
c7ae5a0b-f44e-4d79-bc75-0cf3a4989675	NR_115355.1	95.192	1248	30	26	1	1231	1235	1	0.0	1949
c7ae5a0b-f44e-4d79-bc75-0cf3a4989675	NR_119169.1	94.964	1251	33	26	1	1234	1240	3	0.0	1941
c7ae5a0b-f44e-4d79-bc75-0cf3a4989675	NR_163639.1	94.858	1264	29	32	1	1246	1250	5	0.0	1941
c7ae5a0b-f44e-4d79-bc75-0cf3a4989675	NR_074980.1	94.616	1263	38	26	1	1246	1262	13	0.0	1929
c7ae5a0b-f44e-4d79-bc75-0cf3a4989675	NR_113031.1	94.616	1263	38	26	1	1246	1262	13	0.0	1929
21f0a387-a066-4083-894b-75bb4a05d088	NR_133752.1	93.103	725	29	18	1	714	563	1277	0.0	1042
21f0a387-a066-4083-894b-75bb4a05d088	NR_133753.1	93.103	725	29	18	1	714	592	1306	0.0	1042
21f0a387-a066-4083-894b-75bb4a05d088	NR_025903.1	93.103	725	29	18	1	714	638	1352	0.0	1042
21f0a387-a066-4083-894b-75bb4a05d088	NR_025904.1	92.690	725	32	18	1	714	637	1351	0.0	1026
21f0a387-a066-4083-894b-75bb4a05d088	NR_026419.1	92.000	725	37	18	1	714	626	1340	0.0	998
6d8a8250-5800-424e-9404-9a6f8327a988	NR_044873.1	91.304	345	19	11	1	337	344	3	2.11e-129	460
6d8a8250-5800-424e-9404-9a6f8327a988	NR_074568.1	90.173	346	21	13	1	337	355	14	9.87e-123	438
6d8a8250-5800-424e-9404-9a6f8327a988	NR_024785.1	90.190	316	18	13	1	307	312	1	4.66e-111	399
6d8a8250-5800-424e-9404-9a6f8327a988	NR_109752.1	87.644	348	27	16	1	337	366	24	2.80e-108	390
6d8a8250-5800-424e-9404-9a6f8327a988	NR_179993.1	87.464	351	28	16	1	340	356	11	2.80e-108	390
6c9d690b-d62d-403e-bb5b-0f6b257f0254	NR_113927.1	91.218	501	32	12	1	495	616	122	0.0	671
6c9d690b-d62d-403e-bb5b-0f6b257f0254	NR_119293.1	91.218	501	32	12	1	495	611	117	0.0	671
6c9d690b-d62d-403e-bb5b-0f6b257f0254	NR_024904.1	91.018	501	32	13	1	495	632	139	0.0	664
6c9d690b-d62d-403e-bb5b-0f6b257f0254	NR_114781.2	90.837	502	33	13	1	495	637	142	0.0	660
6c9d690b-d62d-403e-bb5b-0f6b257f0254	NR_028666.1	91.304	483	36	6	18	497	614	135	0.0	654
f5b6c966-1ac6-48a4-a0c7-d12f9a86c299	NR_178251.1	88.725	816	70	18	1	799	811	1	0.0	977
f5b6c966-1ac6-48a4-a0c7-d12f9a86c299	NR_104718.1	88.352	807	73	17	1	791	802	1	0.0	950
f5b6c966-1ac6-48a4-a0c7-d12f9a86c299	NR_036862.1	87.364	736	73	17	1	721	771	41	0.0	826
f5b6c966-1ac6-48a4-a0c7-d12f9a86c299	NR_179514.1	84.568	810	86	31	10	798	804	13	0.0	769
f5b6c966-1ac6-48a4-a0c7-d12f9a86c299	NR_028815.1	84.249	819	88	31	1	798	808	10	0.0	761
184f5ee3-84c4-441f-950e-635bba571f48	NR_026419.1	89.722	360	17	12	1	345	355	1	7.97e-124	442
184f5ee3-84c4-441f-950e-635bba571f48	NR_025903.1	87.466	367	27	11	1	353	367	6	1.05e-112	405
184f5ee3-84c4-441f-950e-635bba571f48	NR_025904.1	87.193	367	28	11	1	353	366	5	4.86e-111	399
184f5ee3-84c4-441f-950e-635bba571f48	NR_133753.1	86.810	326	25	12	1	313	321	1	1.79e-95	348
184f5ee3-84c4-441f-950e-635bba571f48	NR_036920.1	84.469	367	35	17	1	353	360	2	8.32e-94	342
2abf8263-eb9d-46d9-9cc1-ec27879d5228	NR_025862.1	95.545	1257	22	26	1	1239	1252	12	0.0	1989
2abf8263-eb9d-46d9-9cc1-ec27879d5228	NR_028682.1	93.641	1258	43	31	1	1238	1253	13	0.0	1845
2abf8263-eb9d-46d9-9cc1-ec27879d5228	NR_026454.1	92.456	1246	51	36	1	1220	1229	1	0.0	1740
2abf8263-eb9d-46d9-9cc1-ec27879d5228	NR_116890.1	90.794	1260	66	40	1	1229	1241	1	0.0	1640
2abf8263-eb9d-46d9-9cc1-ec27879d5228	NR_180652.1	90.729	1262	65	37	1	1230	1242	1	0.0	1635
f0d32819-19c3-4808-85a8-7347993fc14d	NR_116168.1	94.744	723	19	17	1	716	1095	385	0.0	1107
f0d32819-19c3-4808-85a8-7347993fc14d	NR_042878.1	94.606	723	20	17	1	716	1074	364	0.0	1103
f0d32819-19c3-4808-85a8-7347993fc14d	NR_118143.1	94.321	722	24	17	1	716	1076	366	0.0	1092
f0d32819-19c3-4808-85a8-7347993fc14d	NR_118762.1	93.223	723	29	18	1	716	1097	388	0.0	1062
f0d32819-19c3-4808-85a8-7347993fc14d	NR_025423.1	92.393	723	36	17	1	716	1079	369	0.0	1013
d8401089-b3ad-4314-8996-eed7d523c3e9	NR_179385.1	94.340	265	11	4	6	266	281	17	2.79e-112	403
d8401089-b3ad-4314-8996-eed7d523c3e9	NR_199545.1	94.340	265	11	4	6	266	277	13	2.79e-112	403
d8401089-b3ad-4314-8996-eed7d523c3e9	NR_165741.1	93.962	265	12	4	6	266	266	2	1.30e-110	398
d8401089-b3ad-4314-8996-eed7d523c3e9	NR_028664.1	93.208	265	14	4	6	266	280	16	2.81e-107	387
d8401089-b3ad-4314-8996-eed7d523c3e9	NR_179383.1	93.208	265	14	4	6	266	284	20	2.81e-107	387
45871169-f203-4d0c-9d8b-90c05f7d66c6	NR_156072.1	99.719	356	1	0	8	363	1139	1494	0.0	652
45871169-f203-4d0c-9d8b-90c05f7d66c6	NR_028665.1	99.438	356	2	0	8	363	1134	1489	0.0	647
45871169-f203-4d0c-9d8b-90c05f7d66c6	NR_104972.1	99.438	356	2	0	8	363	1119	1474	0.0	647
45871169-f203-4d0c-9d8b-90c05f7d66c6	NR_158064.1	99.440	357	1	1	8	363	1141	1497	0.0	647
45871169-f203-4d0c-9d8b-90c05f7d66c6	NR_179385.1	99.438	356	2	0	8	363	1141	1496	0.0	647
c59f7a03-7199-4732-a141-9660ec6ba273	NR_026419.1	95.299	468	10	9	1	458	466	1	0.0	732
c59f7a03-7199-4732-a141-9660ec6ba273	NR_025903.1	93.263	475	21	8	1	466	478	6	0.0	689
c59f7a03-7199-4732-a141-9660ec6ba273	NR_025904.1	92.275	466	19	13	13	466	465	5	0.0	645
c59f7a03-7199-4732-a141-9660ec6ba273	NR_133753.1	93.721	430	17	9	1	422	432	5	0.0	636
c59f7a03-7199-4732-a141-9660ec6ba273	NR_036920.1	90.773	466	31	11	9	466	463	2	7.72e-175	612
98e987d2-5426-411d-b854-9d38d9930f65	NR_117694.1	95.520	1116	21	22	1	1108	1124	30	0.0	1757
98e987d2-5426-411d-b854-9d38d9930f65	NR_041989.1	94.746	1104	27	24	1	1095	1082	1	0.0	1688
98e987d2-5426-411d-b854-9d38d9930f65	NR_121687.1	94.360	1117	32	24	1	1108	1144	50	0.0	1685
98e987d2-5426-411d-b854-9d38d9930f65	NR_025892.1	93.907	1116	38	23	1	1108	1149	56	0.0	1683
98e987d2-5426-411d-b854-9d38d9930f65	NR_117692.1	93.828	1118	36	25	1	1108	1124	30	0.0	1652
24ddf190-3dd5-4716-b9b6-7791dd3df3c8	NR_025902.1	98.805	251	2	1	1	250	1192	1442	4.34e-125	446
24ddf190-3dd5-4716-b9b6-7791dd3df3c8	NR_040933.1	98.805	251	2	1	1	250	1236	1486	4.34e-125	446
24ddf190-3dd5-4716-b9b6-7791dd3df3c8	NR_117717.1	98.805	251	2	1	1	250	1234	1484	4.34e-125	446
24ddf190-3dd5-4716-b9b6-7791dd3df3c8	NR_121688.1	98.805	251	2	1	1	250	1234	1484	4.34e-125	446
24ddf190-3dd5-4716-b9b6-7791dd3df3c8	NR_117692.1	98.805	251	2	1	1	250	1214	1464	4.34e-125	446
9e5c0a7b-2e37-4bf0-ac2b-0c07d8f74203	NR_044873.1	92.655	354	14	10	1	344	353	2	4.52e-141	499
9e5c0a7b-2e37-4bf0-ac2b-0c07d8f74203	NR_074568.1	91.808	354	17	10	1	344	364	13	4.55e-136	483
9e5c0a7b-2e37-4bf0-ac2b-0c07d8f74203	NR_044712.2	91.243	354	19	10	1	344	373	22	2.12e-134	477
9e5c0a7b-2e37-4bf0-ac2b-0c07d8f74203	NR_109752.1	89.916	357	19	16	1	344	375	23	2.15e-124	444
9e5c0a7b-2e37-4bf0-ac2b-0c07d8f74203	NR_025310.1	90.202	347	21	12	1	337	344	1	2.78e-123	440
2a2f51cc-062e-498a-b9da-4bd1c43a273a	NR_179325.1	96.146	467	9	8	4	464	1005	542	0.0	754
2a2f51cc-062e-498a-b9da-4bd1c43a273a	NR_041879.1	95.931	467	10	8	4	464	988	525	0.0	749
2a2f51cc-062e-498a-b9da-4bd1c43a273a	NR_115355.1	95.931	467	10	8	4	464	1031	568	0.0	749
2a2f51cc-062e-498a-b9da-4bd1c43a273a	NR_119169.1	95.931	467	10	8	4	464	1036	573	0.0	749
2a2f51cc-062e-498a-b9da-4bd1c43a273a	NR_074980.1	95.503	467	12	8	4	464	1058	595	0.0	737
3351224f-565b-4776-b30c-9b1df2d79d12	NR_026419.1	96.272	456	4	9	1	449	450	1	0.0	736
3351224f-565b-4776-b30c-9b1df2d79d12	NR_025903.1	93.521	463	16	10	1	456	462	7	0.0	676
3351224f-565b-4776-b30c-9b1df2d79d12	NR_025904.1	93.541	449	16	9	15	456	448	6	0.0	656
3351224f-565b-4776-b30c-9b1df2d79d12	NR_133753.1	93.853	423	13	9	1	417	416	1	9.69e-179	625
3351224f-565b-4776-b30c-9b1df2d79d12	NR_036920.1	90.260	462	30	11	1	456	455	3	3.53e-168	590
72cc7893-0194-425b-9547-e4053842f862	NR_116168.1	94.010	1369	46	27	1	1350	137	1488	0.0	2041
72cc7893-0194-425b-9547-e4053842f862	NR_118762.1	92.579	1361	66	27	1	1343	140	1483	0.0	1954
72cc7893-0194-425b-9547-e4053842f862	NR_042878.1	93.745	1263	44	26	1	1244	116	1362	0.0	1869
72cc7893-0194-425b-9547-e4053842f862	NR_025423.1	91.514	1367	76	30	1	1346	121	1468	0.0	1845
72cc7893-0194-425b-9547-e4053842f862	NR_118143.1	92.557	1263	59	26	1	1244	118	1364	0.0	1781
64c5b0a4-e1fd-466d-b192-0955577846bb	NR_116168.1	91.343	1236	54	32	1	1209	1245	36	0.0	1640
64c5b0a4-e1fd-466d-b192-0955577846bb	NR_042878.1	91.019	1236	58	32	1	1209	1224	15	0.0	1628
64c5b0a4-e1fd-466d-b192-0955577846bb	NR_118762.1	89.644	1236	74	36	1	1209	1247	39	0.0	1559
64c5b0a4-e1fd-466d-b192-0955577846bb	NR_118143.1	89.742	1238	72	35	1	1209	1226	15	0.0	1533
64c5b0a4-e1fd-466d-b192-0955577846bb	NR_026030.1	87.510	1241	94	41	1	1209	1228	17	0.0	1382
edade844-d4ba-4627-8bcd-3ce6e49e55b9	NR_028682.1	94.569	1252	35	26	13	1238	253	1497	0.0	1905
edade844-d4ba-4627-8bcd-3ce6e49e55b9	NR_025862.1	95.349	1161	26	20	13	1152	253	1406	0.0	1827
edade844-d4ba-4627-8bcd-3ce6e49e55b9	NR_180652.1	93.414	1245	56	20	13	1236	242	1481	0.0	1821
edade844-d4ba-4627-8bcd-3ce6e49e55b9	NR_116890.1	93.619	1238	47	23	13	1226	241	1470	0.0	1820
edade844-d4ba-4627-8bcd-3ce6e49e55b9	NR_113798.1	93.125	1251	56	24	13	1239	237	1481	0.0	1807
6fe74c31-9268-4e2d-ba36-5d1bd2a0233b	NR_116168.1	92.711	439	22	9	38	470	1053	1487	1.00e-178	625
6fe74c31-9268-4e2d-ba36-5d1bd2a0233b	NR_118762.1	92.148	433	24	9	38	464	1055	1483	3.63e-173	606
6fe74c31-9268-4e2d-ba36-5d1bd2a0233b	NR_024897.1	91.610	441	23	12	38	470	1052	1486	2.19e-170	597
6fe74c31-9268-4e2d-ba36-5d1bd2a0233b	NR_115546.2	91.591	440	25	11	38	470	1062	1496	2.19e-170	597
6fe74c31-9268-4e2d-ba36-5d1bd2a0233b	NR_181418.1	91.610	441	23	12	38	470	1052	1486	2.19e-170	597
7ce8ddb3-1522-43e3-9775-124b2fa27f64	NR_175455.1	94.777	651	10	17	2	642	836	1472	0.0	992
7ce8ddb3-1522-43e3-9775-124b2fa27f64	NR_179383.1	94.777	651	10	17	2	642	855	1491	0.0	992
7ce8ddb3-1522-43e3-9775-124b2fa27f64	NR_042927.1	94.624	651	11	17	2	642	830	1466	0.0	987
7ce8ddb3-1522-43e3-9775-124b2fa27f64	NR_115734.1	94.624	651	11	17	2	642	831	1467	0.0	987
7ce8ddb3-1522-43e3-9775-124b2fa27f64	NR_117719.1	94.624	651	11	17	2	642	848	1484	0.0	987
766d8274-628c-4d4d-8b36-31f90c9aca9d	NR_074980.1	97.625	421	5	5	1	420	429	13	0.0	717
766d8274-628c-4d4d-8b36-31f90c9aca9d	NR_113031.1	97.625	421	5	5	1	420	429	13	0.0	717
766d8274-628c-4d4d-8b36-31f90c9aca9d	NR_119168.1	97.810	411	4	5	1	410	407	1	0.0	704
766d8274-628c-4d4d-8b36-31f90c9aca9d	NR_117759.1	97.800	409	4	5	1	408	405	1	0.0	701
766d8274-628c-4d4d-8b36-31f90c9aca9d	NR_163639.1	96.919	422	5	8	1	421	418	4	0.0	701
34fe9839-5a11-432c-9358-048074ab2fe0	NR_163639.1	94.653	505	11	13	1	498	1005	1500	0.0	769
34fe9839-5a11-432c-9358-048074ab2fe0	NR_115355.1	94.455	505	12	13	1	498	990	1485	0.0	763
34fe9839-5a11-432c-9358-048074ab2fe0	NR_179325.1	94.455	505	12	13	1	498	964	1459	0.0	763
34fe9839-5a11-432c-9358-048074ab2fe0	NR_115354.1	94.059	505	14	13	1	498	990	1485	0.0	752
34fe9839-5a11-432c-9358-048074ab2fe0	NR_119169.1	93.861	505	15	13	1	498	995	1490	0.0	750
ef5e55a7-729b-46bf-ab6e-2cd0d9ecc96e	NR_159102.1	91.366	1054	42	36	8	1023	1043	1	0.0	1397
ef5e55a7-729b-46bf-ab6e-2cd0d9ecc96e	NR_179493.1	87.254	1067	77	44	8	1030	1069	18	0.0	1162
ef5e55a7-729b-46bf-ab6e-2cd0d9ecc96e	NR_156959.1	86.736	1063	77	47	13	1030	1049	6	0.0	1123
ef5e55a7-729b-46bf-ab6e-2cd0d9ecc96e	NR_179665.1	84.680	1064	103	44	8	1030	1062	18	0.0	1007
ef5e55a7-729b-46bf-ab6e-2cd0d9ecc96e	NR_175591.1	84.709	1066	98	46	8	1030	1067	24	0.0	1005
18449b30-3f5a-4c01-a4ae-8fda00c96236	NR_026094.1	93.883	376	16	5	1	373	833	462	2.44e-159	560
18449b30-3f5a-4c01-a4ae-8fda00c96236	NR_044777.1	93.883	376	16	6	1	373	811	440	2.44e-159	560
18449b30-3f5a-4c01-a4ae-8fda00c96236	NR_113368.1	93.883	376	16	5	1	373	833	462	2.44e-159	560
18449b30-3f5a-4c01-a4ae-8fda00c96236	NR_119228.1	93.617	376	17	7	1	373	796	425	1.14e-157	555
18449b30-3f5a-4c01-a4ae-8fda00c96236	NR_029312.1	86.480	392	44	7	18	406	734	349	1.20e-117	422
dd62019b-5b48-4aa2-abc3-a039f6aa3a19	NR_026419.1	90.119	1427	70	55	1	1395	1388	1	0.0	1788
dd62019b-5b48-4aa2-abc3-a039f6aa3a19	NR_025903.1	89.129	1435	81	59	1	1401	1400	7	0.0	1716
dd62019b-5b48-4aa2-abc3-a039f6aa3a19	NR_025904.1	88.990	1435	83	61	1	1401	1399	6	0.0	1705
dd62019b-5b48-4aa2-abc3-a039f6aa3a19	NR_133753.1	89.523	1384	78	54	1	1351	1354	5	0.0	1690
dd62019b-5b48-4aa2-abc3-a039f6aa3a19	NR_133752.1	89.543	1358	77	52	1	1327	1325	2	0.0	1661
772f8336-4b08-4a04-8be4-d1bf31689ffc	NR_029097.1	97.977	346	2	4	1	343	1191	848	5.69e-170	595
772f8336-4b08-4a04-8be4-d1bf31689ffc	NR_125570.1	97.399	346	4	4	1	343	1173	830	1.23e-166	584
772f8336-4b08-4a04-8be4-d1bf31689ffc	NR_125571.1	97.110	346	5	4	1	343	1215	872	5.73e-165	579
772f8336-4b08-4a04-8be4-d1bf31689ffc	NR_042008.1	93.529	340	17	4	8	343	1236	898	1.28e-141	501
772f8336-4b08-4a04-8be4-d1bf31689ffc	NR_074809.1	93.235	340	18	4	8	343	1246	908	5.94e-140	496
c5870e9b-37e5-4d7a-8b76-a1ea05708bb8	NR_044873.1	95.490	510	9	14	1	502	962	1465	0.0	802
c5870e9b-37e5-4d7a-8b76-a1ea05708bb8	NR_074568.1	94.291	508	17	12	1	502	972	1473	0.0	767
c5870e9b-37e5-4d7a-8b76-a1ea05708bb8	NR_044712.2	94.694	490	17	9	1	484	981	1467	0.0	754
c5870e9b-37e5-4d7a-8b76-a1ea05708bb8	NR_025310.1	93.542	511	17	16	1	502	952	1455	0.0	747
c5870e9b-37e5-4d7a-8b76-a1ea05708bb8	NR_109752.1	93.529	510	19	14	1	502	983	1486	0.0	747
0e8f8a70-a488-43d7-8aa2-12a42064bb46	NR_028682.1	93.959	1374	47	32	1	1351	137	1497	0.0	2045
0e8f8a70-a488-43d7-8aa2-12a42064bb46	NR_025862.1	95.625	1280	30	17	1	1264	137	1406	0.0	2037
0e8f8a70-a488-43d7-8aa2-12a42064bb46	NR_180652.1	92.050	1371	72	26	1	1349	126	1481	0.0	1893
0e8f8a70-a488-43d7-8aa2-12a42064bb46	NR_113798.1	91.939	1377	70	30	1	1352	121	1481	0.0	1890
0e8f8a70-a488-43d7-8aa2-12a42064bb46	NR_116890.1	92.132	1360	72	29	1	1339	125	1470	0.0	1886
4d275556-f2fe-467c-b187-34656f4d5bf9	NR_113085.1	94.599	648	16	16	1	637	641	2	0.0	985
4d275556-f2fe-467c-b187-34656f4d5bf9	NR_042803.1	94.531	640	16	16	1	629	632	1	0.0	970
4d275556-f2fe-467c-b187-34656f4d5bf9	NR_113087.1	89.490	647	51	15	1	637	652	13	0.0	802
4d275556-f2fe-467c-b187-34656f4d5bf9	NR_104833.1	89.375	640	51	15	1	630	633	1	0.0	789
4d275556-f2fe-467c-b187-34656f4d5bf9	NR_113083.1	88.924	641	54	15	1	631	634	1	0.0	774
f9b161b9-6d6a-49df-98a7-72793f3b9805	NR_116168.1	95.435	460	7	10	1	451	1033	1487	0.0	721
f9b161b9-6d6a-49df-98a7-72793f3b9805	NR_118762.1	94.934	454	9	10	1	445	1035	1483	0.0	702
f9b161b9-6d6a-49df-98a7-72793f3b9805	NR_180040.1	93.913	460	14	11	1	451	1039	1493	0.0	682
f9b161b9-6d6a-49df-98a7-72793f3b9805	NR_181946.1	93.913	460	14	11	1	451	1018	1472	0.0	682
f9b161b9-6d6a-49df-98a7-72793f3b9805	NR_024897.1	93.696	460	15	10	1	451	1032	1486	0.0	676
48da3263-b2c8-4a4e-94c7-8995590bf406	NR_042167.1	95.716	817	14	16	1	803	810	1	0.0	1295
48da3263-b2c8-4a4e-94c7-8995590bf406	NR_119241.1	90.593	776	52	17	1	762	769	1	0.0	1061
48da3263-b2c8-4a4e-94c7-8995590bf406	NR_044862.1	88.915	839	63	23	1	821	832	6	0.0	1009
48da3263-b2c8-4a4e-94c7-8995590bf406	NR_025379.1	88.796	839	62	26	1	821	825	1	0.0	1000
48da3263-b2c8-4a4e-94c7-8995590bf406	NR_181136.1	88.796	839	62	26	1	821	837	13	0.0	1000
1d26ef13-34df-4be6-9d2f-16989aa78710	NR_165019.1	91.618	1384	86	22	25	1391	69	1439	0.0	1886
1d26ef13-34df-4be6-9d2f-16989aa78710	NR_116578.1	91.193	1408	91	23	16	1404	30	1423	0.0	1882
1d26ef13-34df-4be6-9d2f-16989aa78710	NR_075062.2	91.064	1410	94	22	16	1406	84	1480	0.0	1877
1d26ef13-34df-4be6-9d2f-16989aa78710	NR_044365.1	90.987	1409	91	26	16	1404	36	1428	0.0	1866
1d26ef13-34df-4be6-9d2f-16989aa78710	NR_026200.1	90.916	1409	94	25	17	1406	74	1467	0.0	1862
5dd49de4-304f-4b0a-97e3-20191bf8e40e	NR_163639.1	96.842	475	4	5	13	481	1028	1497	0.0	784
5dd49de4-304f-4b0a-97e3-20191bf8e40e	NR_179325.1	96.842	475	4	5	13	481	987	1456	0.0	784
5dd49de4-304f-4b0a-97e3-20191bf8e40e	NR_115355.1	96.632	475	5	5	13	481	1013	1482	0.0	778
5dd49de4-304f-4b0a-97e3-20191bf8e40e	NR_115354.1	96.421	475	6	5	13	481	1013	1482	0.0	773
5dd49de4-304f-4b0a-97e3-20191bf8e40e	NR_119169.1	96.000	475	8	5	13	481	1018	1487	0.0	765
cd98e2b6-95a9-4330-923e-6c1e0f4b6a11	NR_115355.1	95.554	1282	34	15	1	1272	1272	4	0.0	2034
cd98e2b6-95a9-4330-923e-6c1e0f4b6a11	NR_119169.1	95.320	1282	37	15	1	1272	1277	9	0.0	2021
cd98e2b6-95a9-4330-923e-6c1e0f4b6a11	NR_163639.1	94.931	1302	37	21	1	1291	1287	4	0.0	2012
cd98e2b6-95a9-4330-923e-6c1e0f4b6a11	NR_179325.1	95.628	1258	33	14	1	1248	1246	1	0.0	1999
cd98e2b6-95a9-4330-923e-6c1e0f4b6a11	NR_074980.1	94.547	1302	44	18	1	1290	1299	13	0.0	1986
0375fbd2-d43f-4440-bfb4-20f9772ecb9a	NR_029097.1	91.176	918	43	31	1	888	1292	383	0.0	1212
0375fbd2-d43f-4440-bfb4-20f9772ecb9a	NR_125570.1	90.741	918	47	31	1	888	1274	365	0.0	1190
0375fbd2-d43f-4440-bfb4-20f9772ecb9a	NR_125571.1	89.989	919	52	33	1	888	1316	407	0.0	1151
0375fbd2-d43f-4440-bfb4-20f9772ecb9a	NR_042832.1	85.683	908	88	35	1	878	1333	438	0.0	920
0375fbd2-d43f-4440-bfb4-20f9772ecb9a	NR_152688.1	85.342	921	87	39	4	888	1348	440	0.0	909
e4153b7f-9b7f-42c7-bc17-23eb7de7b564	NR_044873.1	93.382	1088	44	24	3	1071	1079	1	0.0	1585
e4153b7f-9b7f-42c7-bc17-23eb7de7b564	NR_074568.1	91.736	1089	61	25	3	1072	1089	11	0.0	1485
e4153b7f-9b7f-42c7-bc17-23eb7de7b564	NR_044712.2	91.368	1089	65	25	3	1072	1098	20	0.0	1471
e4153b7f-9b7f-42c7-bc17-23eb7de7b564	NR_109752.1	90.909	1089	69	26	3	1071	1100	22	0.0	1435
e4153b7f-9b7f-42c7-bc17-23eb7de7b564	NR_178360.1	91.942	1030	54	25	3	1013	1056	37	0.0	1415
7ab20fda-7dd4-43e0-baa4-1d878bf689bf	NR_026419.1	96.615	709	10	12	1	705	705	7	0.0	1164
7ab20fda-7dd4-43e0-baa4-1d878bf689bf	NR_025903.1	94.922	709	21	13	1	705	717	20	0.0	1096
7ab20fda-7dd4-43e0-baa4-1d878bf689bf	NR_025904.1	94.374	711	21	16	1	705	716	19	0.0	1074
7ab20fda-7dd4-43e0-baa4-1d878bf689bf	NR_133753.1	95.161	682	18	13	1	678	671	1	0.0	1062
7ab20fda-7dd4-43e0-baa4-1d878bf689bf	NR_133752.1	94.640	653	20	13	1	649	642	1	0.0	998
7f7eaf1b-8eb5-438a-bfd6-ac4beb376e4c	NR_041879.1	97.549	408	4	6	13	416	612	207	0.0	693
7f7eaf1b-8eb5-438a-bfd6-ac4beb376e4c	NR_115355.1	97.549	408	4	6	13	416	655	250	0.0	693
7f7eaf1b-8eb5-438a-bfd6-ac4beb376e4c	NR_179325.1	97.549	408	4	6	13	416	629	224	0.0	693
7f7eaf1b-8eb5-438a-bfd6-ac4beb376e4c	NR_119169.1	97.304	408	5	6	13	416	660	255	0.0	689
7f7eaf1b-8eb5-438a-bfd6-ac4beb376e4c	NR_163639.1	96.814	408	4	9	13	416	671	269	0.0	673
f1c0a978-60a7-45bd-9465-af2c54e8d6b9	NR_044873.1	95.186	727	10	19	1	710	747	1465	0.0	1125
f1c0a978-60a7-45bd-9465-af2c54e8d6b9	NR_074568.1	94.077	726	18	19	1	710	757	1473	0.0	1079
f1c0a978-60a7-45bd-9465-af2c54e8d6b9	NR_109752.1	93.673	727	21	20	1	710	768	1486	0.0	1064
f1c0a978-60a7-45bd-9465-af2c54e8d6b9	NR_025310.1	93.544	728	20	22	1	710	737	1455	0.0	1059
f1c0a978-60a7-45bd-9465-af2c54e8d6b9	NR_044712.2	93.602	719	21	19	1	703	766	1475	0.0	1055
b295f3ba-9eb5-4f89-a424-d27a1c2b5bb5	NR_115355.1	94.472	796	26	17	37	822	788	1	0.0	1214
b295f3ba-9eb5-4f89-a424-d27a1c2b5bb5	NR_119169.1	94.243	799	28	17	37	825	793	3	0.0	1208
b295f3ba-9eb5-4f89-a424-d27a1c2b5bb5	NR_163639.1	93.804	807	29	20	37	833	805	10	0.0	1194
b295f3ba-9eb5-4f89-a424-d27a1c2b5bb5	NR_119168.1	93.867	799	31	16	37	825	793	3	0.0	1188
b295f3ba-9eb5-4f89-a424-d27a1c2b5bb5	NR_074980.1	93.556	807	33	17	37	833	815	18	0.0	1184
4f2d6a3b-988d-463c-a692-c3be8ed847f3	NR_113121.1	91.365	359	18	10	4	350	370	13	5.98e-135	479
4f2d6a3b-988d-463c-a692-c3be8ed847f3	NR_112878.1	90.529	359	21	10	4	350	370	13	6.02e-130	462
4f2d6a3b-988d-463c-a692-c3be8ed847f3	NR_026417.1	90.230	348	18	12	4	336	347	1	7.85e-124	442
4f2d6a3b-988d-463c-a692-c3be8ed847f3	NR_113103.1	87.465	359	32	10	4	350	370	13	1.33e-111	401
4f2d6a3b-988d-463c-a692-c3be8ed847f3	NR_029149.1	86.630	359	33	13	4	350	376	21	4.83e-106	383
0b1ba049-70fa-4b06-a0c0-31fc9483ee51	NR_044873.1	96.034	353	10	4	1	350	1303	952	9.62e-163	571
0b1ba049-70fa-4b06-a0c0-31fc9483ee51	NR_074568.1	94.901	353	14	4	1	350	1313	962	4.51e-156	549
0b1ba049-70fa-4b06-a0c0-31fc9483ee51	NR_044712.2	94.618	353	15	4	1	350	1322	971	5.83e-155	545
0b1ba049-70fa-4b06-a0c0-31fc9483ee51	NR_025310.1	93.785	354	16	6	1	350	1293	942	2.11e-149	527
0b1ba049-70fa-4b06-a0c0-31fc9483ee51	NR_109752.1	93.768	353	18	4	1	350	1324	973	2.11e-149	527
1da2ff69-6766-43ef-8368-ce8471aa7180	NR_102936.1	88.764	623	37	27	1	592	633	13	0.0	732
1da2ff69-6766-43ef-8368-ce8471aa7180	NR_113159.1	88.764	623	37	27	1	592	633	13	0.0	732
1da2ff69-6766-43ef-8368-ce8471aa7180	NR_113038.1	85.646	627	50	34	1	592	634	13	4.57e-178	623
1da2ff69-6766-43ef-8368-ce8471aa7180	NR_026093.1	88.051	544	32	27	1	515	540	1	2.75e-175	614
1da2ff69-6766-43ef-8368-ce8471aa7180	NR_036819.1	85.622	619	49	34	1	584	614	1	2.75e-175	614
fde0739a-426f-4041-a4a2-e5c608d1ae70	NR_044873.1	93.640	849	23	26	4	839	1051	221	0.0	1240
fde0739a-426f-4041-a4a2-e5c608d1ae70	NR_109752.1	91.873	849	37	25	4	839	1072	243	0.0	1157
fde0739a-426f-4041-a4a2-e5c608d1ae70	NR_178360.1	91.873	849	37	25	4	839	1028	199	0.0	1157
fde0739a-426f-4041-a4a2-e5c608d1ae70	NR_025310.1	91.647	850	37	27	4	839	1041	212	0.0	1146
fde0739a-426f-4041-a4a2-e5c608d1ae70	NR_074568.1	91.519	849	40	26	4	839	1061	232	0.0	1140
52febb5e-8f8c-45bf-a53e-6233b27e7ca0	NR_044873.1	94.343	1096	33	26	4	1083	1084	2	0.0	1653
52febb5e-8f8c-45bf-a53e-6233b27e7ca0	NR_074568.1	92.609	1096	51	27	4	1083	1094	13	0.0	1548
52febb5e-8f8c-45bf-a53e-6233b27e7ca0	NR_044712.2	92.336	1096	54	27	4	1083	1103	22	0.0	1539
52febb5e-8f8c-45bf-a53e-6233b27e7ca0	NR_109752.1	91.613	1097	61	28	4	1083	1105	23	0.0	1487
52febb5e-8f8c-45bf-a53e-6233b27e7ca0	NR_025310.1	91.697	1084	59	28	4	1070	1074	5	0.0	1474
bacd3800-9efc-4654-bcd9-3b365cda2c26	NR_113105.1	98.857	525	3	2	1	524	943	1465	0.0	933
bacd3800-9efc-4654-bcd9-3b365cda2c26	NR_044407.1	98.848	521	3	2	1	520	935	1453	0.0	926
bacd3800-9efc-4654-bcd9-3b365cda2c26	NR_042843.1	98.095	525	7	2	1	524	935	1457	0.0	911
bacd3800-9efc-4654-bcd9-3b365cda2c26	NR_102895.1	98.095	525	7	2	1	524	963	1485	0.0	911
bacd3800-9efc-4654-bcd9-3b365cda2c26	NR_113113.1	98.095	525	7	2	1	524	943	1465	0.0	911
3b3754a9-6776-4b77-8918-b5b0fac03ff4	NR_180652.1	90.068	1027	59	36	64	1061	469	1481	0.0	1291
3b3754a9-6776-4b77-8918-b5b0fac03ff4	NR_119263.1	90.246	1015	53	39	82	1065	496	1495	0.0	1284
3b3754a9-6776-4b77-8918-b5b0fac03ff4	NR_113798.1	90.227	1013	55	36	82	1064	483	1481	0.0	1282
3b3754a9-6776-4b77-8918-b5b0fac03ff4	NR_145937.1	89.816	1031	62	37	64	1065	467	1483	0.0	1282
3b3754a9-6776-4b77-8918-b5b0fac03ff4	NR_025435.1	89.739	1033	60	37	64	1065	477	1494	0.0	1279
5b65d465-5259-4314-9af4-c9c14bf68539	NR_104972.1	96.335	382	7	5	1	378	1412	1034	1.03e-177	621
5b65d465-5259-4314-9af4-c9c14bf68539	NR_165737.1	96.335	382	7	5	1	378	1412	1034	1.03e-177	621
5b65d465-5259-4314-9af4-c9c14bf68539	NR_199541.1	96.335	382	7	5	1	378	1388	1010	1.03e-177	621
5b65d465-5259-4314-9af4-c9c14bf68539	NR_178515.1	96.325	381	7	5	2	378	1411	1034	3.71e-177	619
5b65d465-5259-4314-9af4-c9c14bf68539	NR_024842.1	96.073	382	8	5	1	378	1427	1049	4.80e-176	616
cecdf5b6-b1eb-4719-babc-2d816e6b77ea	NR_115241.1	94.030	536	20	12	1	525	548	14	0.0	802
cecdf5b6-b1eb-4719-babc-2d816e6b77ea	NR_115735.1	93.855	537	20	13	1	525	539	4	0.0	797
cecdf5b6-b1eb-4719-babc-2d816e6b77ea	NR_024842.1	93.657	536	22	12	1	525	563	29	0.0	793
cecdf5b6-b1eb-4719-babc-2d816e6b77ea	NR_178515.1	92.937	538	22	16	1	525	548	14	0.0	769
cecdf5b6-b1eb-4719-babc-2d816e6b77ea	NR_165737.1	92.565	538	24	16	1	525	548	14	0.0	758
3db2a823-4f45-4d89-8093-a53d542616fa	NR_136788.1	99.440	357	2	0	1	357	1073	1429	0.0	649
3db2a823-4f45-4d89-8093-a53d542616fa	NR_026230.1	98.039	357	7	0	1	357	1051	1407	9.59e-178	621
3db2a823-4f45-4d89-8093-a53d542616fa	NR_113082.1	98.039	357	7	0	1	357	1073	1429	9.59e-178	621
3db2a823-4f45-4d89-8093-a53d542616fa	NR_109439.1	92.655	354	26	0	1	354	1070	1423	2.17e-144	510
3db2a823-4f45-4d89-8093-a53d542616fa	NR_117913.1	92.373	354	27	0	1	354	1062	1415	1.01e-142	505
84f5a5e8-28f6-4391-b9ea-9332a6968bb1	NR_114413.1	93.229	384	14	12	1	378	395	18	1.06e-157	555
84f5a5e8-28f6-4391-b9ea-9332a6968bb1	NR_042927.1	93.386	378	13	12	1	372	372	1	4.91e-156	549
84f5a5e8-28f6-4391-b9ea-9332a6968bb1	NR_115734.1	92.857	378	15	12	1	372	373	2	8.22e-154	542
84f5a5e8-28f6-4391-b9ea-9332a6968bb1	NR_028664.1	91.384	383	21	12	1	378	393	18	1.79e-145	514
84f5a5e8-28f6-4391-b9ea-9332a6968bb1	NR_165744.1	91.384	383	21	12	1	378	379	4	1.79e-145	514
7e601463-7e97-4763-9cda-29f1db5d05a2	NR_028664.1	95.154	1300	34	24	1	1281	207	1496	0.0	2025
7e601463-7e97-4763-9cda-29f1db5d05a2	NR_179540.1	95.150	1299	35	23	1	1281	204	1492	0.0	2025
7e601463-7e97-4763-9cda-29f1db5d05a2	NR_117719.1	95.077	1300	35	24	1	1281	204	1493	0.0	2019
7e601463-7e97-4763-9cda-29f1db5d05a2	NR_199545.1	95.073	1299	36	23	1	1281	204	1492	0.0	2019
7e601463-7e97-4763-9cda-29f1db5d05a2	NR_042927.1	95.139	1296	34	24	1	1277	186	1471	0.0	2017
e0688956-d004-4320-a443-ec788fa934a1	NR_036934.1	95.155	743	20	15	1	733	737	1	0.0	1158
e0688956-d004-4320-a443-ec788fa934a1	NR_114338.1	94.933	750	20	17	1	738	757	14	0.0	1158
e0688956-d004-4320-a443-ec788fa934a1	NR_114675.1	95.159	723	19	15	1	713	717	1	0.0	1127
e0688956-d004-4320-a443-ec788fa934a1	NR_181419.1	92.867	743	37	15	1	733	737	1	0.0	1064
e0688956-d004-4320-a443-ec788fa934a1	NR_176802.2	92.183	742	44	13	1	735	745	11	0.0	1037
