86d49158-9df3-41b8-b41d-f36eadbcc033	NR_199956.1	96.920	487	9	5	7	489	1010	1494	0.0	811
86d49158-9df3-41b8-b41d-f36eadbcc033	NR_156072.1	96.914	486	10	5	7	489	1010	1493	0.0	809
86d49158-9df3-41b8-b41d-f36eadbcc033	NR_028664.1	96.715	487	10	5	7	489	1011	1495	0.0	806
86d49158-9df3-41b8-b41d-f36eadbcc033	NR_152678.1	96.715	487	10	5	7	489	1010	1494	0.0	806
86d49158-9df3-41b8-b41d-f36eadbcc033	NR_024842.1	96.708	486	11	5	7	489	1005	1488	0.0	804
6c4ed52e-927d-4ea5-b467-1755b8548566	NR_163639.1	93.243	444	16	10	9	447	1063	1497	0.0	641
6c4ed52e-927d-4ea5-b467-1755b8548566	NR_179325.1	93.243	444	16	10	9	447	1022	1456	0.0	641
6c4ed52e-927d-4ea5-b467-1755b8548566	NR_115355.1	93.018	444	17	10	9	447	1048	1482	0.0	636
6c4ed52e-927d-4ea5-b467-1755b8548566	NR_115354.1	92.793	444	18	10	9	447	1048	1482	2.04e-180	630
6c4ed52e-927d-4ea5-b467-1755b8548566	NR_119169.1	92.325	443	22	9	9	447	1053	1487	3.41e-178	623
a67ee68a-05fc-4f91-acf2-5d83be9937fc	NR_044873.1	99.095	221	1	1	8	227	1133	913	3.88e-110	396
a67ee68a-05fc-4f91-acf2-5d83be9937fc	NR_074568.1	97.285	221	5	1	8	227	1143	923	1.82e-103	374
a67ee68a-05fc-4f91-acf2-5d83be9937fc	NR_109752.1	97.285	221	5	1	8	227	1154	934	1.82e-103	374
a67ee68a-05fc-4f91-acf2-5d83be9937fc	NR_044712.2	97.285	221	5	1	8	227	1152	932	1.82e-103	374
a67ee68a-05fc-4f91-acf2-5d83be9937fc	NR_178360.1	97.285	221	5	1	8	227	1110	890	1.82e-103	374
b091031d-aee2-4800-85a4-ff4657e2c7ec	NR_113570.1	97.518	846	13	6	18	857	651	1494	0.0	1439
b091031d-aee2-4800-85a4-ff4657e2c7ec	NR_043332.1	97.396	845	15	6	18	857	644	1486	0.0	1435
b091031d-aee2-4800-85a4-ff4657e2c7ec	NR_074980.1	97.396	845	15	6	18	857	671	1513	0.0	1432
b091031d-aee2-4800-85a4-ff4657e2c7ec	NR_113031.1	97.396	845	15	6	18	857	671	1513	0.0	1432
b091031d-aee2-4800-85a4-ff4657e2c7ec	NR_115355.1	97.160	845	17	6	18	857	644	1486	0.0	1421
2a8d10d7-ddb1-4e1a-8ade-a9d093a1aaaa	NR_116168.1	87.739	889	57	39	1	857	538	1406	0.0	990
2a8d10d7-ddb1-4e1a-8ade-a9d093a1aaaa	NR_042878.1	87.861	865	55	37	1	834	517	1362	0.0	970
2a8d10d7-ddb1-4e1a-8ade-a9d093a1aaaa	NR_118762.1	86.614	889	66	40	1	857	541	1408	0.0	953
2a8d10d7-ddb1-4e1a-8ade-a9d093a1aaaa	NR_118143.1	87.168	865	61	37	1	834	519	1364	0.0	937
2a8d10d7-ddb1-4e1a-8ade-a9d093a1aaaa	NR_025423.1	85.762	892	69	43	1	857	522	1390	0.0	891
d1ef0787-1aa9-4d04-bf97-f1a6b031b40a	NR_136788.1	96.939	392	3	4	1	385	666	277	0.0	649
d1ef0787-1aa9-4d04-bf97-f1a6b031b40a	NR_113134.1	88.010	392	38	5	1	385	663	274	1.12e-127	455
d1ef0787-1aa9-4d04-bf97-f1a6b031b40a	NR_144747.1	86.737	377	38	9	17	385	647	275	8.86e-114	409
d1ef0787-1aa9-4d04-bf97-f1a6b031b40a	NR_179583.1	86.436	376	41	7	17	385	627	255	4.12e-112	403
d1ef0787-1aa9-4d04-bf97-f1a6b031b40a	NR_134023.1	87.027	370	30	15	27	385	600	238	1.48e-111	401
bbe6a18f-a9ea-4e0e-b9c5-a0ef39edee58	NR_102895.1	97.785	1264	12	14	7	1263	1275	21	0.0	2165
bbe6a18f-a9ea-4e0e-b9c5-a0ef39edee58	NR_113113.1	97.706	1264	13	14	7	1263	1255	1	0.0	2159
bbe6a18f-a9ea-4e0e-b9c5-a0ef39edee58	NR_042843.1	97.691	1256	13	14	7	1255	1247	1	0.0	2146
bbe6a18f-a9ea-4e0e-b9c5-a0ef39edee58	NR_114305.1	95.886	1264	36	14	7	1263	1267	13	0.0	2032
bbe6a18f-a9ea-4e0e-b9c5-a0ef39edee58	NR_109628.1	96.022	1257	34	14	7	1256	1248	1	0.0	2030
f3416d23-855f-478e-b802-83b467c36f3a	NR_199545.1	96.728	1314	20	18	4	1304	179	1482	0.0	2167
f3416d23-855f-478e-b802-83b467c36f3a	NR_179385.1	96.651	1314	21	18	4	1304	183	1486	0.0	2161
f3416d23-855f-478e-b802-83b467c36f3a	NR_165744.1	96.575	1314	22	18	4	1304	168	1471	0.0	2156
f3416d23-855f-478e-b802-83b467c36f3a	NR_028664.1	96.499	1314	24	16	4	1304	182	1486	0.0	2152
f3416d23-855f-478e-b802-83b467c36f3a	NR_115240.1	96.499	1314	24	16	4	1304	159	1463	0.0	2152
206630b5-7908-4bc5-8c59-4a5d295bc00c	NR_156072.1	98.020	303	5	1	13	315	1193	1494	6.86e-149	525
206630b5-7908-4bc5-8c59-4a5d295bc00c	NR_158064.1	97.697	304	5	2	13	315	1195	1497	8.87e-148	521
206630b5-7908-4bc5-8c59-4a5d295bc00c	NR_028665.1	97.690	303	6	1	13	315	1188	1489	3.19e-147	520
206630b5-7908-4bc5-8c59-4a5d295bc00c	NR_104972.1	97.690	303	6	1	13	315	1173	1474	3.19e-147	520
206630b5-7908-4bc5-8c59-4a5d295bc00c	NR_179385.1	97.690	303	6	1	13	315	1195	1496	3.19e-147	520
1c624b82-aaaf-4c7e-b032-27af1d80fbb3	NR_044873.1	96.509	888	11	18	1	873	585	1467	0.0	1450
1c624b82-aaaf-4c7e-b032-27af1d80fbb3	NR_074568.1	95.270	888	23	17	1	875	596	1477	0.0	1389
1c624b82-aaaf-4c7e-b032-27af1d80fbb3	NR_043968.1	95.051	889	23	19	1	875	554	1435	0.0	1378
1c624b82-aaaf-4c7e-b032-27af1d80fbb3	NR_025310.1	94.613	891	25	20	1	875	576	1459	0.0	1358
1c624b82-aaaf-4c7e-b032-27af1d80fbb3	NR_044712.2	94.755	877	27	17	1	864	605	1475	0.0	1354
dc15a701-ea5c-4007-ab06-a4f60d6447ee	NR_125571.1	94.498	618	16	14	1	605	1431	819	0.0	937
dc15a701-ea5c-4007-ab06-a4f60d6447ee	NR_125570.1	93.700	619	20	15	1	605	1390	777	0.0	909
dc15a701-ea5c-4007-ab06-a4f60d6447ee	NR_029097.1	94.188	585	16	14	34	605	1374	795	0.0	876
dc15a701-ea5c-4007-ab06-a4f60d6447ee	NR_027557.1	88.622	624	46	20	1	605	1466	849	0.0	737
dc15a701-ea5c-4007-ab06-a4f60d6447ee	NR_118643.1	88.284	606	48	16	1	588	1378	778	0.0	706
0b5920af-775e-45ab-b5dc-5f7b855e4ccb	NR_136788.1	97.500	680	11	6	1	675	802	1480	0.0	1157
0b5920af-775e-45ab-b5dc-5f7b855e4ccb	NR_026230.1	96.471	680	18	5	1	675	780	1458	0.0	1122
0b5920af-775e-45ab-b5dc-5f7b855e4ccb	NR_113082.1	96.012	652	18	6	1	646	802	1451	0.0	1053
0b5920af-775e-45ab-b5dc-5f7b855e4ccb	NR_026136.1	90.365	685	52	12	1	675	782	1462	0.0	887
0b5920af-775e-45ab-b5dc-5f7b855e4ccb	NR_113080.1	90.365	685	52	12	1	675	802	1482	0.0	887
1c3f66c7-b86f-47fc-8b92-c6833293e6d4	NR_026094.1	97.020	302	6	3	1	299	434	133	8.48e-143	505
1c3f66c7-b86f-47fc-8b92-c6833293e6d4	NR_113368.1	97.020	302	6	3	1	299	434	133	8.48e-143	505
1c3f66c7-b86f-47fc-8b92-c6833293e6d4	NR_044777.1	96.026	302	9	3	1	299	412	111	8.54e-138	488
1c3f66c7-b86f-47fc-8b92-c6833293e6d4	NR_119228.1	96.026	302	9	3	1	299	397	96	8.54e-138	488
1c3f66c7-b86f-47fc-8b92-c6833293e6d4	NR_179851.1	91.304	299	22	4	5	299	414	116	8.84e-113	405
b6d5a891-620f-4fdd-b621-52368275149c	NR_116168.1	96.899	1032	18	11	1	1027	465	1487	0.0	1716
b6d5a891-620f-4fdd-b621-52368275149c	NR_118762.1	95.712	1026	29	12	1	1021	468	1483	0.0	1657
b6d5a891-620f-4fdd-b621-52368275149c	NR_025423.1	94.374	1031	40	15	1	1024	449	1468	0.0	1567
b6d5a891-620f-4fdd-b621-52368275149c	NR_042878.1	96.764	927	17	10	1	922	444	1362	0.0	1535
b6d5a891-620f-4fdd-b621-52368275149c	NR_118143.1	95.469	927	29	10	1	922	446	1364	0.0	1469
72a5f837-ab37-49a7-93f1-1708fb17ed29	NR_025903.1	90.200	551	30	19	17	551	560	18	0.0	697
72a5f837-ab37-49a7-93f1-1708fb17ed29	NR_133753.1	90.157	508	29	17	17	511	514	15	0.0	641
72a5f837-ab37-49a7-93f1-1708fb17ed29	NR_026419.1	88.065	553	39	21	17	551	548	5	2.62e-180	630
72a5f837-ab37-49a7-93f1-1708fb17ed29	NR_133752.1	89.980	489	29	16	17	493	485	5	2.64e-175	614
72a5f837-ab37-49a7-93f1-1708fb17ed29	NR_036920.1	87.250	549	47	19	17	551	553	14	1.59e-172	604
633ad900-b512-4736-a64a-defb0ce1f991	NR_115355.1	96.246	586	12	9	1	583	579	1	0.0	955
633ad900-b512-4736-a64a-defb0ce1f991	NR_119169.1	96.088	588	13	9	1	585	584	4	0.0	953
633ad900-b512-4736-a64a-defb0ce1f991	NR_074980.1	95.652	598	14	11	4	597	603	14	0.0	950
633ad900-b512-4736-a64a-defb0ce1f991	NR_113031.1	95.652	598	14	11	4	597	603	14	0.0	950
633ad900-b512-4736-a64a-defb0ce1f991	NR_163639.1	95.364	604	13	14	1	600	595	3	0.0	946
4677ea94-458d-4a22-8860-ee2c14a543b8	NR_044873.1	97.632	718	7	7	1	712	1393	680	0.0	1223
4677ea94-458d-4a22-8860-ee2c14a543b8	NR_074568.1	97.075	718	11	7	1	712	1403	690	0.0	1201
4677ea94-458d-4a22-8860-ee2c14a543b8	NR_044712.2	96.797	718	13	7	1	712	1412	699	0.0	1194
4677ea94-458d-4a22-8860-ee2c14a543b8	NR_025310.1	96.245	719	15	9	1	712	1383	670	0.0	1168
4677ea94-458d-4a22-8860-ee2c14a543b8	NR_043968.1	96.245	719	15	9	1	712	1361	648	0.0	1168
5bebffab-931c-44b3-b2de-d745f0ecf33d	NR_042928.1	96.246	1412	32	18	10	1409	66	1468	0.0	2294
5bebffab-931c-44b3-b2de-d745f0ecf33d	NR_117719.1	95.567	1421	41	19	10	1417	86	1497	0.0	2255
5bebffab-931c-44b3-b2de-d745f0ecf33d	NR_179540.1	95.499	1422	39	22	10	1417	86	1496	0.0	2248
5bebffab-931c-44b3-b2de-d745f0ecf33d	NR_175455.1	95.429	1422	42	20	10	1417	74	1486	0.0	2244
5bebffab-931c-44b3-b2de-d745f0ecf33d	NR_179383.1	95.355	1421	44	19	10	1417	93	1504	0.0	2239
e1d33a0f-6d32-4edc-9e7c-1855e0bb2463	NR_116168.1	97.086	652	12	7	13	660	665	17	0.0	1092
e1d33a0f-6d32-4edc-9e7c-1855e0bb2463	NR_042878.1	96.909	647	13	7	13	655	644	1	0.0	1085
e1d33a0f-6d32-4edc-9e7c-1855e0bb2463	NR_118762.1	95.392	651	23	7	14	660	667	20	0.0	1051
e1d33a0f-6d32-4edc-9e7c-1855e0bb2463	NR_025423.1	94.325	652	28	9	13	658	649	1	0.0	990
e1d33a0f-6d32-4edc-9e7c-1855e0bb2463	NR_118143.1	93.991	649	30	9	13	655	646	1	0.0	976
611cc577-7c6d-4588-aa60-9deb600c1fc3	NR_028682.1	89.844	128	8	5	1	124	138	12	2.86e-39	159
611cc577-7c6d-4588-aa60-9deb600c1fc3	NR_025862.1	88.550	131	9	6	1	126	138	9	1.03e-38	158
611cc577-7c6d-4588-aa60-9deb600c1fc3	NR_042695.1	83.898	118	13	6	11	123	117	1	1.05e-23	108
611cc577-7c6d-4588-aa60-9deb600c1fc3	NR_075014.2	83.193	119	14	6	11	124	136	19	1.36e-22	104
611cc577-7c6d-4588-aa60-9deb600c1fc3	NR_157742.1	83.051	118	14	6	11	124	133	18	4.88e-22	102
5c4c981c-c4d3-4e6c-8dea-4be5508c445e	NR_117719.1	95.995	849	12	18	15	850	657	1496	0.0	1360
5c4c981c-c4d3-4e6c-8dea-4be5508c445e	NR_179540.1	95.991	848	13	17	15	850	657	1495	0.0	1358
5c4c981c-c4d3-4e6c-8dea-4be5508c445e	NR_179383.1	95.878	849	13	18	15	850	664	1503	0.0	1354
5c4c981c-c4d3-4e6c-8dea-4be5508c445e	NR_028664.1	95.760	849	14	18	15	850	660	1499	0.0	1349
5c4c981c-c4d3-4e6c-8dea-4be5508c445e	NR_175455.1	95.765	850	13	19	15	850	645	1485	0.0	1349
75ef2a97-e5fd-4054-af78-1d3af1eaf48a	NR_117694.1	91.545	615	29	19	1	597	733	124	0.0	826
75ef2a97-e5fd-4054-af78-1d3af1eaf48a	NR_121687.1	90.180	611	35	21	1	592	753	149	0.0	773
75ef2a97-e5fd-4054-af78-1d3af1eaf48a	NR_025892.1	89.106	615	43	20	1	597	758	150	0.0	761
75ef2a97-e5fd-4054-af78-1d3af1eaf48a	NR_041988.1	89.689	611	38	21	1	592	691	87	0.0	756
75ef2a97-e5fd-4054-af78-1d3af1eaf48a	NR_104946.1	89.706	612	36	23	1	592	696	92	0.0	756
cb114a9f-4887-479f-9ef3-0ba499982f22	NR_042928.1	96.277	1182	20	17	1	1170	1174	5	0.0	1917
cb114a9f-4887-479f-9ef3-0ba499982f22	NR_112026.1	96.318	1168	20	16	1	1157	1156	1	0.0	1899
cb114a9f-4887-479f-9ef3-0ba499982f22	NR_199547.1	96.389	1163	19	15	1	1151	1154	3	0.0	1893
cb114a9f-4887-479f-9ef3-0ba499982f22	NR_117719.1	95.565	1195	27	19	1	1182	1194	13	0.0	1890
cb114a9f-4887-479f-9ef3-0ba499982f22	NR_175455.1	95.394	1194	30	18	1	1182	1182	2	0.0	1877
041802a1-5e2c-4272-a5d4-e19d68afb3b3	NR_044873.1	94.353	726	19	14	1	718	100	811	0.0	1094
041802a1-5e2c-4272-a5d4-e19d68afb3b3	NR_074568.1	92.011	726	35	18	1	718	111	821	0.0	998
041802a1-5e2c-4272-a5d4-e19d68afb3b3	NR_024785.1	91.736	726	36	17	1	718	68	777	0.0	987
041802a1-5e2c-4272-a5d4-e19d68afb3b3	NR_044712.2	91.598	726	38	18	1	718	120	830	0.0	987
041802a1-5e2c-4272-a5d4-e19d68afb3b3	NR_178360.1	91.460	726	40	16	1	718	77	788	0.0	977
eceb9b7b-6a70-4dd5-aa54-17972ba3f9b0	NR_044777.1	91.601	631	37	15	1	618	664	37	0.0	857
eceb9b7b-6a70-4dd5-aa54-17972ba3f9b0	NR_119228.1	93.310	583	26	12	1	573	649	70	0.0	848
eceb9b7b-6a70-4dd5-aa54-17972ba3f9b0	NR_026094.1	92.796	583	29	12	1	573	686	107	0.0	832
eceb9b7b-6a70-4dd5-aa54-17972ba3f9b0	NR_113368.1	92.796	583	29	12	1	573	686	107	0.0	832
eceb9b7b-6a70-4dd5-aa54-17972ba3f9b0	NR_043809.1	86.838	585	61	15	1	573	684	104	0.0	640
bfbc8d5b-f16a-4869-87e3-1c710b142bfa	NR_026419.1	85.239	1233	92	68	1	1173	1212	10	0.0	1186
bfbc8d5b-f16a-4869-87e3-1c710b142bfa	NR_025903.1	84.480	1250	100	73	1	1187	1224	6	0.0	1147
bfbc8d5b-f16a-4869-87e3-1c710b142bfa	NR_133753.1	84.821	1199	94	67	1	1141	1178	10	0.0	1125
bfbc8d5b-f16a-4869-87e3-1c710b142bfa	NR_025904.1	84.038	1253	100	77	1	1187	1223	5	0.0	1114
bfbc8d5b-f16a-4869-87e3-1c710b142bfa	NR_133752.1	84.648	1179	95	66	1	1123	1149	1	0.0	1096
8c124104-019a-4a35-81d4-b02aabc387bb	NR_044777.1	96.350	548	13	6	1	545	1228	685	0.0	896
8c124104-019a-4a35-81d4-b02aabc387bb	NR_119228.1	96.168	548	14	6	1	545	1213	670	0.0	889
8c124104-019a-4a35-81d4-b02aabc387bb	NR_026094.1	94.161	548	25	6	1	545	1250	707	0.0	828
8c124104-019a-4a35-81d4-b02aabc387bb	NR_113368.1	94.161	548	25	6	1	545	1250	707	0.0	828
8c124104-019a-4a35-81d4-b02aabc387bb	NR_043768.1	90.200	551	42	11	1	545	1233	689	0.0	708
a60d6ced-b269-4f97-8a00-8b705b7fc936	NR_028682.1	93.432	609	24	13	1	597	707	1311	0.0	889
a60d6ced-b269-4f97-8a00-8b705b7fc936	NR_025862.1	93.103	609	26	13	1	597	706	1310	0.0	881
a60d6ced-b269-4f97-8a00-8b705b7fc936	NR_026454.1	93.103	609	26	13	1	597	683	1287	0.0	878
a60d6ced-b269-4f97-8a00-8b705b7fc936	NR_116890.1	92.928	608	27	13	1	596	695	1298	0.0	870
a60d6ced-b269-4f97-8a00-8b705b7fc936	NR_119263.1	91.954	609	33	12	1	597	704	1308	0.0	839
cb0cdb26-739b-437a-a7b4-a6db288d0079	NR_136788.1	90.824	1286	67	43	8	1257	204	1474	0.0	1674
cb0cdb26-739b-437a-a7b4-a6db288d0079	NR_026230.1	88.450	1290	90	47	8	1257	182	1452	0.0	1509
cb0cdb26-739b-437a-a7b4-a6db288d0079	NR_113082.1	89.069	1235	80	47	8	1201	204	1424	0.0	1482
cb0cdb26-739b-437a-a7b4-a6db288d0079	NR_199471.1	81.490	1275	169	57	27	1257	223	1474	0.0	985
cb0cdb26-739b-437a-a7b4-a6db288d0079	NR_043154.1	81.289	1272	176	49	28	1257	224	1475	0.0	974
45eef73d-a048-4504-88e6-e1a3e172c9fb	NR_117694.1	93.519	540	25	9	1	535	147	681	0.0	795
45eef73d-a048-4504-88e6-e1a3e172c9fb	NR_121687.1	92.421	541	29	11	1	535	167	701	0.0	761
45eef73d-a048-4504-88e6-e1a3e172c9fb	NR_041989.1	92.421	541	29	11	1	535	105	639	0.0	761
45eef73d-a048-4504-88e6-e1a3e172c9fb	NR_025902.1	91.852	540	34	9	1	535	125	659	0.0	745
45eef73d-a048-4504-88e6-e1a3e172c9fb	NR_104946.1	91.882	542	30	13	1	535	110	644	0.0	745
11b14e1f-28bf-43f1-a10a-bb0b4cff8fa6	NR_115355.1	95.020	1225	30	26	1	1207	1212	1	0.0	1899
11b14e1f-28bf-43f1-a10a-bb0b4cff8fa6	NR_119169.1	94.797	1230	33	26	1	1212	1217	1	0.0	1895
11b14e1f-28bf-43f1-a10a-bb0b4cff8fa6	NR_163639.1	94.682	1241	31	30	1	1223	1227	4	0.0	1893
11b14e1f-28bf-43f1-a10a-bb0b4cff8fa6	NR_179325.1	95.711	1189	24	23	1	1173	1186	9	0.0	1888
11b14e1f-28bf-43f1-a10a-bb0b4cff8fa6	NR_074980.1	94.435	1240	38	26	1	1222	1239	13	0.0	1879
a72148a2-532a-4765-8d37-cd77f1ee7315	NR_044873.1	94.969	318	6	8	1	311	1138	1452	2.43e-138	490
a72148a2-532a-4765-8d37-cd77f1ee7315	NR_042334.1	93.987	316	11	6	1	311	1144	1456	8.81e-133	472
a72148a2-532a-4765-8d37-cd77f1ee7315	NR_178796.1	94.006	317	10	7	1	311	1146	1459	8.81e-133	472
a72148a2-532a-4765-8d37-cd77f1ee7315	NR_178939.1	94.006	317	10	7	1	311	1147	1460	8.81e-133	472
a72148a2-532a-4765-8d37-cd77f1ee7315	NR_074568.1	93.671	316	12	6	1	311	1148	1460	4.10e-131	466
973fea59-46a6-4a8b-adfb-bfde6659740d	NR_042927.1	95.122	697	18	14	1	686	1287	596	0.0	1085
973fea59-46a6-4a8b-adfb-bfde6659740d	NR_114413.1	95.122	697	18	14	1	686	1310	619	0.0	1085
973fea59-46a6-4a8b-adfb-bfde6659740d	NR_115734.1	95.122	697	18	14	1	686	1288	597	0.0	1085
973fea59-46a6-4a8b-adfb-bfde6659740d	NR_116210.1	95.122	697	18	14	1	686	1150	459	0.0	1085
973fea59-46a6-4a8b-adfb-bfde6659740d	NR_179385.1	95.122	697	18	14	1	686	1309	618	0.0	1085
aefb3a5d-8911-4039-a97e-ff5eb1525485	NR_042928.1	91.631	1398	48	52	8	1358	71	1446	0.0	1869
aefb3a5d-8911-4039-a97e-ff5eb1525485	NR_199547.1	91.529	1393	49	52	8	1353	51	1421	0.0	1855
aefb3a5d-8911-4039-a97e-ff5eb1525485	NR_199541.1	91.111	1395	54	52	8	1354	49	1421	0.0	1825
aefb3a5d-8911-4039-a97e-ff5eb1525485	NR_117719.1	90.994	1399	56	51	8	1358	91	1467	0.0	1821
aefb3a5d-8911-4039-a97e-ff5eb1525485	NR_175455.1	90.851	1399	58	51	8	1358	79	1455	0.0	1810
68cb25cd-7659-47d7-a91f-f0fd9cd9ea4b	NR_024842.1	98.619	362	3	2	1	361	1134	1494	0.0	640
68cb25cd-7659-47d7-a91f-f0fd9cd9ea4b	NR_115735.1	98.876	356	2	2	1	355	1110	1464	0.0	634
68cb25cd-7659-47d7-a91f-f0fd9cd9ea4b	NR_179720.1	98.347	363	3	3	1	361	1139	1500	0.0	634
68cb25cd-7659-47d7-a91f-f0fd9cd9ea4b	NR_028666.1	98.072	363	4	3	1	361	1143	1504	5.84e-180	628
68cb25cd-7659-47d7-a91f-f0fd9cd9ea4b	NR_028833.1	98.072	363	4	3	1	361	1146	1507	5.84e-180	628
5fa82b47-426b-415e-87d1-04c34a0ffc93	NR_115355.1	94.306	281	10	5	1	277	1204	1482	6.26e-119	425
5fa82b47-426b-415e-87d1-04c34a0ffc93	NR_163639.1	94.306	281	10	5	1	277	1219	1497	6.26e-119	425
5fa82b47-426b-415e-87d1-04c34a0ffc93	NR_179325.1	94.306	281	10	5	1	277	1178	1456	6.26e-119	425
5fa82b47-426b-415e-87d1-04c34a0ffc93	NR_119169.1	93.950	281	11	5	1	277	1209	1487	2.91e-117	420
5fa82b47-426b-415e-87d1-04c34a0ffc93	NR_115354.1	93.594	281	12	5	1	277	1204	1482	1.35e-115	414
88e2bebb-eb4d-4fb5-b566-f76f6b02510a	NR_024659.1	95.257	253	2	6	1	244	771	520	5.64e-109	392
88e2bebb-eb4d-4fb5-b566-f76f6b02510a	NR_028664.1	95.257	253	2	6	1	244	811	560	5.64e-109	392
88e2bebb-eb4d-4fb5-b566-f76f6b02510a	NR_042927.1	95.257	253	2	6	1	244	790	539	5.64e-109	392
88e2bebb-eb4d-4fb5-b566-f76f6b02510a	NR_042928.1	95.257	253	2	6	1	244	788	537	5.64e-109	392
88e2bebb-eb4d-4fb5-b566-f76f6b02510a	NR_114413.1	95.257	253	2	6	1	244	813	562	5.64e-109	392
38fe2635-a664-44cb-86e9-71d087fa3c61	NR_025904.1	88.952	353	20	14	1	338	1337	989	1.32e-116	418
38fe2635-a664-44cb-86e9-71d087fa3c61	NR_133752.1	88.102	353	23	14	1	338	1263	915	1.33e-111	401
38fe2635-a664-44cb-86e9-71d087fa3c61	NR_133753.1	88.102	353	23	14	1	338	1292	944	1.33e-111	401
38fe2635-a664-44cb-86e9-71d087fa3c61	NR_025903.1	88.102	353	23	14	1	338	1338	990	1.33e-111	401
38fe2635-a664-44cb-86e9-71d087fa3c61	NR_026419.1	86.969	353	27	15	1	338	1326	978	6.22e-105	379
02ef744c-eb7a-41c0-9eb1-285de57c33a9	NR_026230.1	98.876	89	0	1	1	89	1301	1388	6.85e-39	158
02ef744c-eb7a-41c0-9eb1-285de57c33a9	NR_040838.1	98.876	89	0	1	1	89	1329	1416	6.85e-39	158
02ef744c-eb7a-41c0-9eb1-285de57c33a9	NR_026137.1	98.876	89	0	1	1	89	1304	1391	6.85e-39	158
02ef744c-eb7a-41c0-9eb1-285de57c33a9	NR_025052.1	98.876	89	0	1	1	89	1301	1388	6.85e-39	158
02ef744c-eb7a-41c0-9eb1-285de57c33a9	NR_043317.1	98.876	89	0	1	1	89	1268	1355	6.85e-39	158
eeb0673f-d8f4-4e04-a770-a2f50f49baf9	NR_179385.1	94.253	174	6	4	1	172	189	18	3.06e-70	263
eeb0673f-d8f4-4e04-a770-a2f50f49baf9	NR_199545.1	94.253	174	6	4	1	172	185	14	3.06e-70	263
eeb0673f-d8f4-4e04-a770-a2f50f49baf9	NR_165741.1	93.678	174	7	4	1	172	174	3	1.42e-68	257
eeb0673f-d8f4-4e04-a770-a2f50f49baf9	NR_042928.1	96.178	157	3	3	11	166	155	1	1.84e-67	254
eeb0673f-d8f4-4e04-a770-a2f50f49baf9	NR_024841.1	95.092	163	2	6	14	172	168	8	6.62e-67	252
ecaccce7-9433-43e1-a01b-82ace5835026	NR_037101.1	98.837	86	0	1	14	98	1393	1478	3.46e-37	152
ecaccce7-9433-43e1-a01b-82ace5835026	NR_040821.1	98.837	86	0	1	14	98	1393	1478	3.46e-37	152
ecaccce7-9433-43e1-a01b-82ace5835026	NR_025148.1	98.837	86	0	1	14	98	1413	1498	3.46e-37	152
ecaccce7-9433-43e1-a01b-82ace5835026	NR_028664.1	98.837	86	0	1	14	98	1414	1499	3.46e-37	152
ecaccce7-9433-43e1-a01b-82ace5835026	NR_028666.1	98.837	86	0	1	14	98	1417	1502	3.46e-37	152
e76c7954-a2db-4148-8eff-cc74ba98ef51	NR_042878.1	91.705	217	10	8	7	219	677	465	1.41e-79	294
e76c7954-a2db-4148-8eff-cc74ba98ef51	NR_116168.1	91.705	217	10	8	7	219	698	486	1.41e-79	294
e76c7954-a2db-4148-8eff-cc74ba98ef51	NR_026030.1	91.244	217	11	8	7	219	681	469	6.54e-78	289
e76c7954-a2db-4148-8eff-cc74ba98ef51	NR_116316.1	91.244	217	11	8	7	219	680	468	6.54e-78	289
e76c7954-a2db-4148-8eff-cc74ba98ef51	NR_118762.1	90.783	217	12	8	7	219	701	489	2.35e-77	287
d7a47fdb-d611-4df9-b733-c4f808e7c779	NR_028665.1	96.578	263	5	3	7	265	1475	1213	3.54e-121	433
d7a47fdb-d611-4df9-b733-c4f808e7c779	NR_114172.1	96.578	263	5	3	7	265	1458	1196	3.54e-121	433
d7a47fdb-d611-4df9-b733-c4f808e7c779	NR_115239.1	96.578	263	5	3	7	265	1458	1196	3.54e-121	433
d7a47fdb-d611-4df9-b733-c4f808e7c779	NR_027214.1	96.578	263	5	3	7	265	1458	1196	3.54e-121	433
d7a47fdb-d611-4df9-b733-c4f808e7c779	NR_156072.1	96.578	263	5	3	7	265	1480	1218	3.54e-121	433
74beaa42-25fe-4632-9368-6f98df30c05d	NR_036895.1	91.228	114	5	5	31	142	1317	1427	2.19e-36	150
74beaa42-25fe-4632-9368-6f98df30c05d	NR_025396.1	91.228	114	5	5	31	142	1279	1389	2.19e-36	150
74beaa42-25fe-4632-9368-6f98df30c05d	NR_042060.1	91.228	114	5	5	31	142	1275	1385	2.19e-36	150
74beaa42-25fe-4632-9368-6f98df30c05d	NR_036793.2	91.228	114	5	5	31	142	1316	1426	2.19e-36	150
74beaa42-25fe-4632-9368-6f98df30c05d	NR_112660.1	91.228	114	5	5	31	142	1298	1408	2.19e-36	150
cd1e317f-5869-4956-82fa-abdd18a40a77	NR_024842.1	95.614	114	3	2	1	112	221	108	6.04e-46	182
cd1e317f-5869-4956-82fa-abdd18a40a77	NR_115241.1	95.614	114	3	2	1	112	206	93	6.04e-46	182
cd1e317f-5869-4956-82fa-abdd18a40a77	NR_115735.1	95.614	114	3	2	1	112	197	84	6.04e-46	182
cd1e317f-5869-4956-82fa-abdd18a40a77	NR_116211.1	95.614	114	3	2	1	112	129	16	6.04e-46	182
cd1e317f-5869-4956-82fa-abdd18a40a77	NR_117425.1	93.860	114	5	2	1	112	209	96	1.31e-42	171
a65a319e-4a93-4390-8d60-8be4d5069abb	NR_113124.1	97.080	137	2	2	1	136	490	355	2.31e-60	230
a65a319e-4a93-4390-8d60-8be4d5069abb	NR_115327.1	97.080	137	2	2	1	136	470	335	2.31e-60	230
a65a319e-4a93-4390-8d60-8be4d5069abb	NR_029148.1	96.350	137	3	2	1	136	498	363	2.98e-59	226
a65a319e-4a93-4390-8d60-8be4d5069abb	NR_113105.1	96.350	137	3	2	1	136	478	343	1.07e-58	224
a65a319e-4a93-4390-8d60-8be4d5069abb	NR_044407.1	96.350	137	3	2	1	136	470	335	1.07e-58	224
810d7b89-aaed-43f2-ab31-70d44d5cccc2	NR_117694.1	94.318	264	10	5	1	260	263	1	3.57e-111	399
810d7b89-aaed-43f2-ab31-70d44d5cccc2	NR_025892.1	93.258	267	13	5	1	263	289	24	2.15e-108	390
810d7b89-aaed-43f2-ab31-70d44d5cccc2	NR_104830.1	91.045	268	18	6	1	263	278	12	2.18e-98	357
810d7b89-aaed-43f2-ab31-70d44d5cccc2	NR_117717.1	91.045	268	17	7	1	263	284	19	7.85e-98	355
810d7b89-aaed-43f2-ab31-70d44d5cccc2	NR_121688.1	91.045	268	17	7	1	263	283	18	7.85e-98	355
2d0bb17b-28a4-4e2a-a095-9d9222b3bf0b	NR_024842.1	96.403	139	2	2	1	136	543	405	3.17e-59	226
2d0bb17b-28a4-4e2a-a095-9d9222b3bf0b	NR_028833.1	96.403	139	2	2	1	136	555	417	3.17e-59	226
2d0bb17b-28a4-4e2a-a095-9d9222b3bf0b	NR_029052.1	96.403	139	2	2	1	136	516	378	3.17e-59	226
2d0bb17b-28a4-4e2a-a095-9d9222b3bf0b	NR_115241.1	96.403	139	2	2	1	136	528	390	3.17e-59	226
2d0bb17b-28a4-4e2a-a095-9d9222b3bf0b	NR_115735.1	96.403	139	2	2	1	136	519	381	3.17e-59	226
73d2d656-7664-40bd-9d62-f356a73b2ac4	NR_132329.1	96.899	129	4	0	25	153	970	842	2.11e-56	217
73d2d656-7664-40bd-9d62-f356a73b2ac4	NR_136475.1	96.899	129	4	0	25	153	970	842	2.11e-56	217
73d2d656-7664-40bd-9d62-f356a73b2ac4	NR_108120.1	94.853	136	7	0	19	154	970	835	2.74e-55	213
73d2d656-7664-40bd-9d62-f356a73b2ac4	NR_177787.1	94.286	140	6	2	16	154	598	460	2.74e-55	213
73d2d656-7664-40bd-9d62-f356a73b2ac4	NR_177789.1	94.286	140	6	2	16	154	598	460	2.74e-55	213
358dd68f-bcc3-438c-9cba-002634747763	NR_026419.1	92.903	155	3	5	1	151	1331	1481	5.92e-57	219
358dd68f-bcc3-438c-9cba-002634747763	NR_025904.1	92.258	155	3	6	1	151	1342	1491	9.91e-55	211
358dd68f-bcc3-438c-9cba-002634747763	NR_025903.1	91.613	155	4	6	1	151	1343	1492	4.61e-53	206
358dd68f-bcc3-438c-9cba-002634747763	NR_026420.1	89.610	154	9	4	1	151	1330	1479	4.64e-48	189
358dd68f-bcc3-438c-9cba-002634747763	NR_179572.1	89.610	154	9	4	1	151	1350	1499	4.64e-48	189
14d9db72-0b86-4341-96a3-0e4c308dc4f2	NR_041626.1	96.795	156	3	2	1	156	1304	1457	3.65e-69	259
14d9db72-0b86-4341-96a3-0e4c308dc4f2	NR_041627.1	96.795	156	3	2	1	156	1302	1455	3.65e-69	259
14d9db72-0b86-4341-96a3-0e4c308dc4f2	NR_113077.1	96.795	156	3	2	1	156	1312	1465	3.65e-69	259
14d9db72-0b86-4341-96a3-0e4c308dc4f2	NR_113078.1	96.795	156	3	2	1	156	1322	1475	3.65e-69	259
14d9db72-0b86-4341-96a3-0e4c308dc4f2	NR_037088.1	97.368	152	2	2	1	152	1304	1453	1.31e-68	257
21a9038f-ddeb-4b4b-8192-85d73133ec22	NR_028682.1	100.000	79	0	0	1	79	1248	1170	1.31e-35	147
21a9038f-ddeb-4b4b-8192-85d73133ec22	NR_025862.1	100.000	79	0	0	1	79	1247	1169	1.31e-35	147
21a9038f-ddeb-4b4b-8192-85d73133ec22	NR_028922.1	100.000	79	0	0	1	79	1186	1108	1.31e-35	147
21a9038f-ddeb-4b4b-8192-85d73133ec22	NR_042500.1	100.000	79	0	0	1	79	1178	1100	1.31e-35	147
21a9038f-ddeb-4b4b-8192-85d73133ec22	NR_025211.1	97.619	84	1	1	1	84	1238	1156	1.70e-34	143
9c12ead2-ebf8-43cc-8867-e4589719dfde	NR_117792.1	96.721	183	3	3	1	180	442	260	6.70e-82	302
9c12ead2-ebf8-43cc-8867-e4589719dfde	NR_026103.1	96.175	183	4	3	1	180	508	326	3.12e-80	296
9c12ead2-ebf8-43cc-8867-e4589719dfde	NR_113319.1	96.175	183	4	3	1	180	542	360	3.12e-80	296
9c12ead2-ebf8-43cc-8867-e4589719dfde	NR_118643.1	96.175	183	4	3	1	180	446	264	3.12e-80	296
9c12ead2-ebf8-43cc-8867-e4589719dfde	NR_119085.1	96.175	183	4	3	1	180	539	357	3.12e-80	296
799eea4d-6b23-4627-9bb3-20f5b7431857	NR_025862.1	92.063	189	11	4	14	199	480	293	1.00e-70	265
799eea4d-6b23-4627-9bb3-20f5b7431857	NR_116890.1	90.217	184	8	9	22	199	461	282	1.02e-60	231
799eea4d-6b23-4627-9bb3-20f5b7431857	NR_026454.1	89.840	187	8	10	21	199	451	268	3.66e-60	230
799eea4d-6b23-4627-9bb3-20f5b7431857	NR_109124.1	89.005	191	13	6	14	199	494	307	3.66e-60	230
799eea4d-6b23-4627-9bb3-20f5b7431857	NR_158022.1	89.005	191	13	6	14	199	470	283	3.66e-60	230
c9ec432f-97f6-4daf-82f5-f4a64fe6ec66	NR_074980.1	89.441	161	9	7	10	162	178	18	2.98e-50	196
c9ec432f-97f6-4daf-82f5-f4a64fe6ec66	NR_113031.1	89.441	161	9	7	10	162	178	18	2.98e-50	196
c9ec432f-97f6-4daf-82f5-f4a64fe6ec66	NR_163639.1	89.441	161	9	7	10	162	170	10	2.98e-50	196
c9ec432f-97f6-4daf-82f5-f4a64fe6ec66	NR_119168.1	89.677	155	8	7	10	156	156	2	1.39e-48	191
c9ec432f-97f6-4daf-82f5-f4a64fe6ec66	NR_119169.1	89.677	155	8	7	10	156	156	2	1.39e-48	191
c449a8bd-d438-4c12-95d8-366b64d26182	NR_043332.1	100.000	161	0	0	1	161	1322	1482	7.95e-81	298
c449a8bd-d438-4c12-95d8-366b64d26182	NR_074980.1	100.000	161	0	0	1	161	1349	1509	7.95e-81	298
c449a8bd-d438-4c12-95d8-366b64d26182	NR_113031.1	100.000	161	0	0	1	161	1349	1509	7.95e-81	298
c449a8bd-d438-4c12-95d8-366b64d26182	NR_115354.1	100.000	161	0	0	1	161	1322	1482	7.95e-81	298
c449a8bd-d438-4c12-95d8-366b64d26182	NR_115355.1	100.000	161	0	0	1	161	1322	1482	7.95e-81	298
ac736c32-a8de-48c6-afd9-ce3b47af9778	NR_041879.1	97.479	119	1	2	1	117	1299	1181	4.23e-52	202
ac736c32-a8de-48c6-afd9-ce3b47af9778	NR_115355.1	97.479	119	1	2	1	117	1341	1223	4.23e-52	202
ac736c32-a8de-48c6-afd9-ce3b47af9778	NR_119169.1	97.479	119	1	2	1	117	1346	1228	4.23e-52	202
ac736c32-a8de-48c6-afd9-ce3b47af9778	NR_163639.1	97.479	119	1	2	1	117	1356	1238	4.23e-52	202
ac736c32-a8de-48c6-afd9-ce3b47af9778	NR_179325.1	97.479	119	1	2	1	117	1315	1197	4.23e-52	202
7fd37516-ffd8-4c02-a951-579b9d913c06	NR_044873.1	95.500	200	5	4	1	197	984	786	2.68e-86	316
7fd37516-ffd8-4c02-a951-579b9d913c06	NR_109752.1	95.000	200	6	4	1	197	1005	807	1.25e-84	311
7fd37516-ffd8-4c02-a951-579b9d913c06	NR_178360.1	95.000	200	6	4	1	197	961	763	1.25e-84	311
7fd37516-ffd8-4c02-a951-579b9d913c06	NR_025310.1	94.527	201	5	6	1	197	974	776	5.80e-83	305
7fd37516-ffd8-4c02-a951-579b9d913c06	NR_074568.1	94.500	200	7	4	1	197	994	796	5.80e-83	305
2952ec33-ae80-49eb-abee-101676d7c697	NR_041879.1	97.479	119	2	1	1	119	1299	1182	4.32e-52	202
2952ec33-ae80-49eb-abee-101676d7c697	NR_115355.1	97.479	119	2	1	1	119	1341	1224	4.32e-52	202
2952ec33-ae80-49eb-abee-101676d7c697	NR_119169.1	97.479	119	2	1	1	119	1346	1229	4.32e-52	202
2952ec33-ae80-49eb-abee-101676d7c697	NR_163639.1	97.479	119	2	1	1	119	1356	1239	4.32e-52	202
2952ec33-ae80-49eb-abee-101676d7c697	NR_179325.1	97.479	119	2	1	1	119	1315	1198	4.32e-52	202
e99ae627-879e-412b-bf05-3db7f84e2b58	NR_043332.1	99.020	204	2	0	1	204	1268	1471	2.91e-101	366
e99ae627-879e-412b-bf05-3db7f84e2b58	NR_074980.1	99.020	204	2	0	1	204	1295	1498	2.91e-101	366
e99ae627-879e-412b-bf05-3db7f84e2b58	NR_113031.1	99.020	204	2	0	1	204	1295	1498	2.91e-101	366
e99ae627-879e-412b-bf05-3db7f84e2b58	NR_113570.1	99.020	204	2	0	1	204	1275	1478	2.91e-101	366
e99ae627-879e-412b-bf05-3db7f84e2b58	NR_115354.1	99.020	204	2	0	1	204	1268	1471	2.91e-101	366
950e5cd6-0647-4c6b-afca-f65e0328514d	NR_136788.1	98.000	250	3	2	10	258	1273	1025	3.49e-121	433
950e5cd6-0647-4c6b-afca-f65e0328514d	NR_026230.1	97.166	247	5	2	10	255	1251	1006	3.52e-116	416
950e5cd6-0647-4c6b-afca-f65e0328514d	NR_113082.1	97.166	247	5	2	10	255	1273	1028	3.52e-116	416
950e5cd6-0647-4c6b-afca-f65e0328514d	NR_026136.1	90.763	249	21	2	10	257	1255	1008	1.31e-90	331
950e5cd6-0647-4c6b-afca-f65e0328514d	NR_113080.1	90.763	249	21	2	10	257	1275	1028	1.31e-90	331
5239545f-7262-4748-a50c-852e7df90283	NR_041879.1	92.737	179	5	7	1	173	1347	1171	6.75e-67	252
5239545f-7262-4748-a50c-852e7df90283	NR_115355.1	92.737	179	5	7	1	173	1389	1213	6.75e-67	252
5239545f-7262-4748-a50c-852e7df90283	NR_163639.1	92.737	179	5	7	1	173	1404	1228	6.75e-67	252
5239545f-7262-4748-a50c-852e7df90283	NR_179325.1	92.737	179	5	7	1	173	1363	1187	6.75e-67	252
5239545f-7262-4748-a50c-852e7df90283	NR_119169.1	92.179	179	6	7	1	173	1394	1218	3.14e-65	246
f7c8e810-3f0f-4df2-85a2-9056de6b9b2f	NR_040821.1	98.378	185	2	1	56	239	1411	1227	2.03e-88	324
f7c8e810-3f0f-4df2-85a2-9056de6b9b2f	NR_025630.1	98.378	185	2	1	56	239	1410	1226	2.03e-88	324
f7c8e810-3f0f-4df2-85a2-9056de6b9b2f	NR_024634.1	98.378	185	2	1	56	239	1422	1238	2.03e-88	324
f7c8e810-3f0f-4df2-85a2-9056de6b9b2f	NR_025148.1	98.378	185	2	1	56	239	1431	1247	2.03e-88	324
f7c8e810-3f0f-4df2-85a2-9056de6b9b2f	NR_027517.1	98.378	185	2	1	56	239	1431	1247	2.03e-88	324
474779a3-813e-417a-943c-f350930ff9a3	NR_125571.1	91.388	209	12	4	1	204	234	27	2.87e-76	283
474779a3-813e-417a-943c-f350930ff9a3	NR_029097.1	90.431	209	14	4	1	204	210	3	2.24e-72	270
474779a3-813e-417a-943c-f350930ff9a3	NR_125570.1	90.000	190	15	3	1	187	192	4	4.88e-64	243
474779a3-813e-417a-943c-f350930ff9a3	NR_117043.1	85.345	116	11	6	48	160	194	82	1.11e-25	115
474779a3-813e-417a-943c-f350930ff9a3	NR_041236.1	89.535	86	8	1	80	164	156	71	1.86e-23	108
7373cd82-a75c-4110-951f-c71802806643	NR_043332.1	92.398	171	7	5	23	189	1313	1481	5.87e-63	239
7373cd82-a75c-4110-951f-c71802806643	NR_074980.1	92.398	171	7	5	23	189	1340	1508	5.87e-63	239
7373cd82-a75c-4110-951f-c71802806643	NR_113031.1	92.398	171	7	5	23	189	1340	1508	5.87e-63	239
7373cd82-a75c-4110-951f-c71802806643	NR_115354.1	92.398	171	7	5	23	189	1313	1481	5.87e-63	239
7373cd82-a75c-4110-951f-c71802806643	NR_115355.1	92.398	171	7	5	23	189	1313	1481	5.87e-63	239
10a7aab2-f9e2-4c47-aab0-9775157a8686	NR_044852.1	96.571	175	4	2	1	173	1256	1430	5.15e-78	289
10a7aab2-f9e2-4c47-aab0-9775157a8686	NR_119273.1	96.571	175	4	2	1	173	1331	1505	5.15e-78	289
10a7aab2-f9e2-4c47-aab0-9775157a8686	NR_178249.1	96.571	175	4	2	1	173	1322	1496	5.15e-78	289
10a7aab2-f9e2-4c47-aab0-9775157a8686	NR_041706.1	96.552	174	5	1	1	173	1311	1484	1.85e-77	287
10a7aab2-f9e2-4c47-aab0-9775157a8686	NR_025625.1	96.552	174	5	1	1	173	1310	1483	1.85e-77	287
02ab00c0-80ae-4e98-baa9-225a537dee3e	NR_025863.1	95.489	133	3	2	1	131	143	12	2.90e-54	209
02ab00c0-80ae-4e98-baa9-225a537dee3e	NR_025862.1	90.756	119	6	5	13	131	125	12	3.83e-38	156
02ab00c0-80ae-4e98-baa9-225a537dee3e	NR_028682.1	88.636	132	8	7	1	130	139	13	1.38e-37	154
02ab00c0-80ae-4e98-baa9-225a537dee3e	NR_074997.2	90.083	121	8	4	10	130	136	20	1.38e-37	154
02ab00c0-80ae-4e98-baa9-225a537dee3e	NR_133769.1	90.083	121	8	4	10	130	129	13	1.38e-37	154
170f821a-8244-4f1f-a393-ceb265c219a7	NR_044873.1	94.253	174	3	5	1	171	266	435	4.11e-69	259
170f821a-8244-4f1f-a393-ceb265c219a7	NR_025310.1	93.103	174	5	5	1	171	257	426	8.91e-66	248
170f821a-8244-4f1f-a393-ceb265c219a7	NR_025405.1	93.103	174	5	5	1	171	253	422	8.91e-66	248
170f821a-8244-4f1f-a393-ceb265c219a7	NR_029265.1	93.103	174	5	5	1	171	252	421	8.91e-66	248
170f821a-8244-4f1f-a393-ceb265c219a7	NR_036935.1	93.103	174	5	5	1	171	273	442	8.91e-66	248
0acd8072-85ee-4bcb-a6bf-a49b0b013fb6	NR_118086.1	98.352	182	3	0	1	182	190	9	1.88e-87	320
0acd8072-85ee-4bcb-a6bf-a49b0b013fb6	NR_165739.1	100.000	173	0	0	1	173	173	1	1.88e-87	320
0acd8072-85ee-4bcb-a6bf-a49b0b013fb6	NR_104684.1	96.685	181	6	0	1	181	193	13	6.83e-82	302
0acd8072-85ee-4bcb-a6bf-a49b0b013fb6	NR_116814.1	95.954	173	7	0	1	173	173	1	8.89e-76	281
0acd8072-85ee-4bcb-a6bf-a49b0b013fb6	NR_037068.1	89.773	176	18	0	6	181	181	6	4.23e-59	226
60667ad2-78a5-4df5-b029-50b89bf8ca62	NR_025892.1	92.617	149	5	4	4	147	171	24	3.35e-54	209
60667ad2-78a5-4df5-b029-50b89bf8ca62	NR_117694.1	93.151	146	4	4	4	144	145	1	3.35e-54	209
60667ad2-78a5-4df5-b029-50b89bf8ca62	NR_117717.1	91.275	149	7	4	4	147	166	19	7.26e-51	198
60667ad2-78a5-4df5-b029-50b89bf8ca62	NR_121688.1	91.275	149	7	4	4	147	165	18	7.26e-51	198
60667ad2-78a5-4df5-b029-50b89bf8ca62	NR_121687.1	90.604	149	8	4	4	147	165	18	3.38e-49	193
9e7f7541-0fa7-46cf-8afe-39b008ffea0a	NR_025902.1	98.765	162	2	0	1	162	1287	1448	4.68e-78	289
9e7f7541-0fa7-46cf-8afe-39b008ffea0a	NR_028844.1	98.765	162	2	0	1	162	1318	1479	4.68e-78	289
9e7f7541-0fa7-46cf-8afe-39b008ffea0a	NR_040933.1	98.765	162	2	0	1	162	1331	1492	4.68e-78	289
9e7f7541-0fa7-46cf-8afe-39b008ffea0a	NR_117717.1	98.765	162	2	0	1	162	1329	1490	4.68e-78	289
9e7f7541-0fa7-46cf-8afe-39b008ffea0a	NR_121688.1	98.765	162	2	0	1	162	1329	1490	4.68e-78	289
eacda840-f543-4eec-ac2a-96b3ac0b67b3	NR_043332.1	100.000	140	0	0	1	140	1340	1479	3.23e-69	259
eacda840-f543-4eec-ac2a-96b3ac0b67b3	NR_074980.1	100.000	140	0	0	1	140	1367	1506	3.23e-69	259
eacda840-f543-4eec-ac2a-96b3ac0b67b3	NR_113031.1	100.000	140	0	0	1	140	1367	1506	3.23e-69	259
eacda840-f543-4eec-ac2a-96b3ac0b67b3	NR_115354.1	100.000	140	0	0	1	140	1340	1479	3.23e-69	259
eacda840-f543-4eec-ac2a-96b3ac0b67b3	NR_115355.1	100.000	140	0	0	1	140	1340	1479	3.23e-69	259
b6652017-c9ac-4b25-82f1-cd5fc9bea109	NR_117425.1	93.171	205	9	4	6	205	205	1	3.75e-80	296
b6652017-c9ac-4b25-82f1-cd5fc9bea109	NR_112025.1	90.952	210	16	3	6	212	220	11	2.92e-76	283
b6652017-c9ac-4b25-82f1-cd5fc9bea109	NR_179385.1	90.865	208	16	3	6	210	224	17	4.89e-74	276
b6652017-c9ac-4b25-82f1-cd5fc9bea109	NR_042771.1	90.385	208	17	3	6	210	220	13	2.27e-72	270
b6652017-c9ac-4b25-82f1-cd5fc9bea109	NR_165741.1	90.385	208	17	3	6	210	209	2	2.27e-72	270
9276c37d-ce87-403a-8369-fc3429b8fc12	NR_043332.1	99.010	101	1	0	1	101	1369	1469	4.70e-46	182
9276c37d-ce87-403a-8369-fc3429b8fc12	NR_074980.1	99.010	101	1	0	1	101	1396	1496	4.70e-46	182
9276c37d-ce87-403a-8369-fc3429b8fc12	NR_113031.1	99.010	101	1	0	1	101	1396	1496	4.70e-46	182
9276c37d-ce87-403a-8369-fc3429b8fc12	NR_113570.1	99.010	101	1	0	1	101	1376	1476	4.70e-46	182
9276c37d-ce87-403a-8369-fc3429b8fc12	NR_115354.1	99.010	101	1	0	1	101	1369	1469	4.70e-46	182
e6389237-e095-48a4-923c-cc460d49933f	NR_159228.1	91.579	95	2	6	13	101	1398	1492	2.23e-29	126
e6389237-e095-48a4-923c-cc460d49933f	NR_041722.2	91.489	94	3	4	13	101	1416	1509	8.03e-29	124
e6389237-e095-48a4-923c-cc460d49933f	NR_028665.1	91.489	94	3	4	13	101	1396	1489	8.03e-29	124
e6389237-e095-48a4-923c-cc460d49933f	NR_028736.1	91.489	94	3	4	13	101	1405	1498	8.03e-29	124
e6389237-e095-48a4-923c-cc460d49933f	NR_041721.1	91.489	94	3	4	13	101	1404	1497	8.03e-29	124
54d5bde7-d1a1-4151-821d-7c924cccc674	NR_024659.1	94.872	195	6	3	16	207	506	313	7.98e-82	302
54d5bde7-d1a1-4151-821d-7c924cccc674	NR_116212.1	94.872	195	6	3	16	207	448	255	7.98e-82	302
54d5bde7-d1a1-4151-821d-7c924cccc674	NR_117425.1	93.846	195	8	3	16	207	528	335	1.73e-78	291
54d5bde7-d1a1-4151-821d-7c924cccc674	NR_178515.1	93.846	195	8	3	16	207	525	332	1.73e-78	291
54d5bde7-d1a1-4151-821d-7c924cccc674	NR_024841.1	91.905	210	11	5	1	207	552	346	6.21e-78	289
c4ea33dc-8019-4210-a35b-56ba7700b86c	NR_041879.1	90.879	307	14	13	38	336	168	468	4.59e-111	399
c4ea33dc-8019-4210-a35b-56ba7700b86c	NR_042940.1	90.879	307	14	13	38	336	123	423	4.59e-111	399
c4ea33dc-8019-4210-a35b-56ba7700b86c	NR_113570.1	90.879	307	14	13	38	336	218	518	4.59e-111	399
c4ea33dc-8019-4210-a35b-56ba7700b86c	NR_115355.1	90.879	307	14	13	38	336	211	511	4.59e-111	399
c4ea33dc-8019-4210-a35b-56ba7700b86c	NR_179325.1	90.879	307	14	13	38	336	185	485	4.59e-111	399
ed1622d0-a8db-481b-992f-571079feaac5	NR_114040.1	94.706	170	2	6	1	164	1298	1466	1.38e-68	257
ed1622d0-a8db-481b-992f-571079feaac5	NR_025902.1	94.186	172	2	7	1	165	1275	1445	4.95e-68	255
ed1622d0-a8db-481b-992f-571079feaac5	NR_028844.1	94.186	172	2	7	1	165	1306	1476	4.95e-68	255
ed1622d0-a8db-481b-992f-571079feaac5	NR_040933.1	94.186	172	2	7	1	165	1319	1489	4.95e-68	255
ed1622d0-a8db-481b-992f-571079feaac5	NR_117717.1	94.186	172	2	7	1	165	1317	1487	4.95e-68	255
7b87ee8b-9bf3-409b-874f-78b20e1aaa7d	NR_036920.1	98.246	114	0	2	1	112	1380	1267	5.70e-51	198
7b87ee8b-9bf3-409b-874f-78b20e1aaa7d	NR_133752.1	98.230	113	0	2	1	111	1312	1200	2.05e-50	196
7b87ee8b-9bf3-409b-874f-78b20e1aaa7d	NR_133753.1	98.230	113	0	2	1	111	1341	1229	2.05e-50	196
7b87ee8b-9bf3-409b-874f-78b20e1aaa7d	NR_025903.1	98.230	113	0	2	1	111	1387	1275	2.05e-50	196
7b87ee8b-9bf3-409b-874f-78b20e1aaa7d	NR_025904.1	98.182	110	1	1	1	109	1386	1277	9.55e-49	191
f393b683-3b07-47eb-b908-ebcafc39d350	NR_024842.1	94.340	212	9	3	5	213	217	6	6.29e-88	322
f393b683-3b07-47eb-b908-ebcafc39d350	NR_165737.1	93.720	207	8	5	1	203	206	1	6.33e-83	305
f393b683-3b07-47eb-b908-ebcafc39d350	NR_115241.1	94.059	202	9	3	5	203	202	1	2.28e-82	303
f393b683-3b07-47eb-b908-ebcafc39d350	NR_114413.1	91.667	216	15	3	1	213	229	14	3.81e-80	296
f393b683-3b07-47eb-b908-ebcafc39d350	NR_178515.1	92.754	207	10	5	1	203	206	1	1.37e-79	294
6ec0f053-f569-45cf-863a-94edcb25af92	NR_136788.1	97.537	203	1	4	1	202	705	506	1.27e-94	344
6ec0f053-f569-45cf-863a-94edcb25af92	NR_026230.1	96.552	203	3	4	1	202	683	484	2.74e-91	333
6ec0f053-f569-45cf-863a-94edcb25af92	NR_113082.1	96.552	203	3	4	1	202	705	506	2.74e-91	333
6ec0f053-f569-45cf-863a-94edcb25af92	NR_136443.1	90.594	202	17	2	1	202	667	468	2.82e-71	267
6ec0f053-f569-45cf-863a-94edcb25af92	NR_041342.1	90.148	203	16	3	1	202	702	503	1.31e-69	261
c6c5389c-1f49-455b-aef1-832894b82d93	NR_041464.1	98.246	57	1	0	1	57	806	750	6.36e-22	100
c6c5389c-1f49-455b-aef1-832894b82d93	NR_025908.1	98.246	57	1	0	1	57	810	754	6.36e-22	100
c6c5389c-1f49-455b-aef1-832894b82d93	NR_026136.1	98.246	57	1	0	1	57	785	729	6.36e-22	100
c6c5389c-1f49-455b-aef1-832894b82d93	NR_040839.1	98.246	57	1	0	1	57	805	749	6.36e-22	100
c6c5389c-1f49-455b-aef1-832894b82d93	NR_074140.1	98.246	57	1	0	1	57	770	714	6.36e-22	100
306c45b2-aeab-4fad-9c36-f5cfa9ada82c	NR_114172.1	94.904	157	2	5	1	153	160	6	1.35e-63	241
306c45b2-aeab-4fad-9c36-f5cfa9ada82c	NR_027214.1	94.904	157	2	5	1	153	160	6	1.35e-63	241
306c45b2-aeab-4fad-9c36-f5cfa9ada82c	NR_165747.1	94.904	157	2	5	1	153	160	6	1.35e-63	241
306c45b2-aeab-4fad-9c36-f5cfa9ada82c	NR_028664.1	92.857	168	6	5	1	164	183	18	4.85e-63	239
306c45b2-aeab-4fad-9c36-f5cfa9ada82c	NR_028665.1	92.857	168	6	5	1	164	177	12	4.85e-63	239
59f443e8-009f-47e6-b630-4c36ece2ad15	NR_044421.1	87.336	229	28	1	1	229	1232	1459	1.80e-69	261
59f443e8-009f-47e6-b630-4c36ece2ad15	NR_029071.1	86.957	230	28	2	1	229	1214	1442	2.33e-68	257
59f443e8-009f-47e6-b630-4c36ece2ad15	NR_042189.1	86.957	230	28	2	1	229	1193	1421	2.33e-68	257
59f443e8-009f-47e6-b630-4c36ece2ad15	NR_043861.1	86.957	230	28	2	1	229	1167	1395	2.33e-68	257
59f443e8-009f-47e6-b630-4c36ece2ad15	NR_043166.1	86.957	230	28	2	1	229	1214	1442	2.33e-68	257
53ff94af-af2a-42aa-9b79-5d0567c1d465	NR_041983.1	99.412	170	1	0	1	170	131	300	3.90e-84	309
53ff94af-af2a-42aa-9b79-5d0567c1d465	NR_114395.1	99.412	170	1	0	1	170	163	332	3.90e-84	309
53ff94af-af2a-42aa-9b79-5d0567c1d465	NR_119102.1	99.412	170	1	0	1	170	132	301	3.90e-84	309
53ff94af-af2a-42aa-9b79-5d0567c1d465	NR_029286.1	98.235	170	3	0	1	170	157	326	8.44e-81	298
53ff94af-af2a-42aa-9b79-5d0567c1d465	NR_026182.1	97.619	168	4	0	3	170	161	328	5.08e-78	289
f1e957df-5731-40dc-aca0-8a3ef06c7514	NR_028682.1	96.552	116	2	1	1	114	1370	1255	9.26e-49	191
f1e957df-5731-40dc-aca0-8a3ef06c7514	NR_025862.1	96.552	116	2	1	1	114	1369	1254	9.26e-49	191
f1e957df-5731-40dc-aca0-8a3ef06c7514	NR_026454.1	94.828	116	4	1	1	114	1346	1231	2.00e-45	180
f1e957df-5731-40dc-aca0-8a3ef06c7514	NR_025863.1	93.966	116	5	1	1	114	1374	1259	9.32e-44	174
f1e957df-5731-40dc-aca0-8a3ef06c7514	NR_044706.2	97.087	103	3	0	1	103	1382	1280	9.32e-44	174
b5e83eee-fdb6-41c3-91ea-e93c7fdb98b5	NR_041879.1	96.241	266	4	5	1	262	715	452	1.25e-120	431
b5e83eee-fdb6-41c3-91ea-e93c7fdb98b5	NR_115355.1	96.241	266	4	5	1	262	758	495	1.25e-120	431
b5e83eee-fdb6-41c3-91ea-e93c7fdb98b5	NR_119169.1	96.241	266	4	5	1	262	763	500	1.25e-120	431
b5e83eee-fdb6-41c3-91ea-e93c7fdb98b5	NR_179325.1	96.241	266	4	5	1	262	732	469	1.25e-120	431
b5e83eee-fdb6-41c3-91ea-e93c7fdb98b5	NR_163639.1	95.880	267	4	6	1	262	775	511	5.80e-119	425
9885558f-0fe8-4dba-bcc8-e96c5817e0a5	NR_025521.1	89.831	118	5	6	3	113	1469	1352	6.93e-35	145
9885558f-0fe8-4dba-bcc8-e96c5817e0a5	NR_144691.1	89.831	118	5	6	3	113	1485	1368	6.93e-35	145
9885558f-0fe8-4dba-bcc8-e96c5817e0a5	NR_026097.1	88.983	118	5	7	3	113	1456	1340	8.96e-34	141
9885558f-0fe8-4dba-bcc8-e96c5817e0a5	NR_037020.1	88.983	118	5	7	3	113	1453	1337	3.22e-33	139
9885558f-0fe8-4dba-bcc8-e96c5817e0a5	NR_114395.1	88.983	118	6	6	3	113	1472	1355	3.22e-33	139
4bb99ad2-5644-4c67-97dd-adc09f009ac7	NR_042776.1	96.273	161	5	1	1	161	177	18	2.82e-70	263
4bb99ad2-5644-4c67-97dd-adc09f009ac7	NR_042777.1	96.273	161	5	1	1	161	177	18	2.82e-70	263
4bb99ad2-5644-4c67-97dd-adc09f009ac7	NR_042778.1	96.273	161	5	1	1	161	177	18	2.82e-70	263
4bb99ad2-5644-4c67-97dd-adc09f009ac7	NR_118234.1	95.706	163	6	1	1	163	169	8	1.01e-69	261
4bb99ad2-5644-4c67-97dd-adc09f009ac7	NR_024841.1	95.652	161	6	1	1	161	166	7	1.31e-68	257
9cf75e75-c1ef-4cbe-aa3e-8d17299ed5d1	NR_028664.1	97.942	243	4	1	1	243	1258	1499	2.51e-117	420
9cf75e75-c1ef-4cbe-aa3e-8d17299ed5d1	NR_117719.1	97.942	243	4	1	1	243	1255	1496	2.51e-117	420
9cf75e75-c1ef-4cbe-aa3e-8d17299ed5d1	NR_179383.1	97.942	243	4	1	1	243	1262	1503	2.51e-117	420
9cf75e75-c1ef-4cbe-aa3e-8d17299ed5d1	NR_175455.1	97.541	244	4	2	1	243	1243	1485	3.24e-116	416
9cf75e75-c1ef-4cbe-aa3e-8d17299ed5d1	NR_040821.1	97.531	243	5	1	1	243	1237	1478	1.17e-115	414
978d4c26-a3ae-494c-8a1b-e36f29ba2380	NR_036920.1	97.596	208	3	2	73	278	1239	1032	8.20e-98	355
978d4c26-a3ae-494c-8a1b-e36f29ba2380	NR_133752.1	97.596	208	3	2	73	278	1171	964	8.20e-98	355
978d4c26-a3ae-494c-8a1b-e36f29ba2380	NR_133753.1	97.596	208	3	2	73	278	1200	993	8.20e-98	355
978d4c26-a3ae-494c-8a1b-e36f29ba2380	NR_025904.1	97.596	208	3	2	73	278	1245	1038	8.20e-98	355
978d4c26-a3ae-494c-8a1b-e36f29ba2380	NR_025903.1	97.596	208	3	2	73	278	1246	1039	8.20e-98	355
a8ca6859-53ce-4dcd-8e23-9603eb91b95a	NR_163639.1	93.168	322	15	7	1	316	324	4	4.19e-131	466
a8ca6859-53ce-4dcd-8e23-9603eb91b95a	NR_074980.1	93.103	319	15	7	1	313	332	15	1.95e-129	460
a8ca6859-53ce-4dcd-8e23-9603eb91b95a	NR_113031.1	93.103	319	15	7	1	313	332	15	1.95e-129	460
a8ca6859-53ce-4dcd-8e23-9603eb91b95a	NR_119168.1	93.506	308	14	6	1	303	310	4	3.26e-127	453
a8ca6859-53ce-4dcd-8e23-9603eb91b95a	NR_119169.1	93.182	308	15	6	1	303	310	4	4.22e-126	449
a1705625-d481-4ab6-a67d-708a77bb2b7f	NR_024842.1	91.469	211	10	6	1	208	1284	1489	2.94e-76	283
a1705625-d481-4ab6-a67d-708a77bb2b7f	NR_028664.1	91.469	211	11	6	1	208	1290	1496	2.94e-76	283
a1705625-d481-4ab6-a67d-708a77bb2b7f	NR_028666.1	91.469	211	11	6	1	208	1293	1499	2.94e-76	283
a1705625-d481-4ab6-a67d-708a77bb2b7f	NR_028833.1	91.469	211	11	6	1	208	1296	1502	2.94e-76	283
a1705625-d481-4ab6-a67d-708a77bb2b7f	NR_029052.1	91.469	211	11	6	1	208	1257	1463	2.94e-76	283
66482fd8-3c64-4444-a76b-96a883a410e5	NR_027191.1	96.774	341	4	7	1	338	1111	1447	5.56e-160	562
66482fd8-3c64-4444-a76b-96a883a410e5	NR_027203.1	96.199	342	5	8	1	338	1128	1465	3.35e-157	553
66482fd8-3c64-4444-a76b-96a883a410e5	NR_024712.1	96.188	341	5	8	1	338	1128	1463	1.20e-156	551
66482fd8-3c64-4444-a76b-96a883a410e5	NR_028608.1	95.601	341	8	7	1	338	1122	1458	2.61e-153	540
66482fd8-3c64-4444-a76b-96a883a410e5	NR_036995.1	95.601	341	8	7	1	338	1139	1475	2.61e-153	540
88aa599c-d911-4308-b666-623343d2a665	NR_044873.1	95.420	262	6	5	1	258	1208	1467	4.50e-115	412
88aa599c-d911-4308-b666-623343d2a665	NR_028925.1	94.340	265	9	5	1	261	1211	1473	9.73e-112	401
88aa599c-d911-4308-b666-623343d2a665	NR_044871.1	94.340	265	9	5	1	261	1207	1469	9.73e-112	401
88aa599c-d911-4308-b666-623343d2a665	NR_112192.1	94.340	265	9	5	1	261	1193	1455	9.73e-112	401
88aa599c-d911-4308-b666-623343d2a665	NR_043899.1	94.340	265	9	5	1	261	1176	1438	9.73e-112	401
600ae799-c46c-4fa2-b950-1573c9b92da0	NR_163639.1	97.987	149	1	2	12	158	152	4	1.27e-68	257
600ae799-c46c-4fa2-b950-1573c9b92da0	NR_074980.1	97.973	148	1	2	12	157	160	13	4.58e-68	255
600ae799-c46c-4fa2-b950-1573c9b92da0	NR_113031.1	97.973	148	1	2	12	157	160	13	4.58e-68	255
600ae799-c46c-4fa2-b950-1573c9b92da0	NR_119168.1	97.826	138	1	2	12	147	138	1	1.66e-62	237
600ae799-c46c-4fa2-b950-1573c9b92da0	NR_119169.1	97.826	138	1	2	12	147	138	1	1.66e-62	237
d0788111-4b8e-48f4-830b-b524766f74e8	NR_178262.1	94.208	259	11	4	1	256	1112	1369	5.83e-109	392
d0788111-4b8e-48f4-830b-b524766f74e8	NR_179215.1	94.208	259	11	4	1	256	1234	1491	5.83e-109	392
d0788111-4b8e-48f4-830b-b524766f74e8	NR_028666.1	93.822	259	12	4	1	256	1242	1499	2.71e-107	387
d0788111-4b8e-48f4-830b-b524766f74e8	NR_028833.1	93.822	259	12	4	1	256	1245	1502	2.71e-107	387
d0788111-4b8e-48f4-830b-b524766f74e8	NR_029052.1	93.822	259	12	4	1	256	1206	1463	2.71e-107	387
fd7990b6-066c-4086-9bdd-ae701f5f36e4	NR_024659.1	95.050	202	3	7	1	199	715	912	1.25e-84	311
fd7990b6-066c-4086-9bdd-ae701f5f36e4	NR_028664.1	95.050	202	3	7	1	199	755	952	1.25e-84	311
fd7990b6-066c-4086-9bdd-ae701f5f36e4	NR_042927.1	95.050	202	3	7	1	199	734	931	1.25e-84	311
fd7990b6-066c-4086-9bdd-ae701f5f36e4	NR_114413.1	95.050	202	3	7	1	199	757	954	1.25e-84	311
fd7990b6-066c-4086-9bdd-ae701f5f36e4	NR_115240.1	95.050	202	3	7	1	199	732	929	1.25e-84	311
ad8b12fd-37f5-4b31-82f6-efca9f71e247	NR_024817.1	94.805	231	9	2	1	228	1252	1482	5.17e-99	359
ad8b12fd-37f5-4b31-82f6-efca9f71e247	NR_025435.1	94.783	230	7	4	4	228	1268	1497	2.40e-97	353
ad8b12fd-37f5-4b31-82f6-efca9f71e247	NR_025689.1	94.372	231	10	2	1	228	1257	1487	8.65e-97	351
ad8b12fd-37f5-4b31-82f6-efca9f71e247	NR_028682.1	95.067	223	6	4	1	218	1269	1491	4.02e-95	346
ad8b12fd-37f5-4b31-82f6-efca9f71e247	NR_042357.1	93.939	231	11	2	1	228	1237	1467	4.02e-95	346
5a0f4dfa-1ad7-4ef7-a6e2-42fce853bd90	NR_043332.1	95.926	270	9	2	1	270	1371	1104	2.81e-122	436
5a0f4dfa-1ad7-4ef7-a6e2-42fce853bd90	NR_074980.1	95.926	270	9	2	1	270	1398	1131	2.81e-122	436
5a0f4dfa-1ad7-4ef7-a6e2-42fce853bd90	NR_113031.1	95.926	270	9	2	1	270	1398	1131	2.81e-122	436
5a0f4dfa-1ad7-4ef7-a6e2-42fce853bd90	NR_113570.1	95.556	270	10	2	1	270	1378	1111	1.31e-120	431
5a0f4dfa-1ad7-4ef7-a6e2-42fce853bd90	NR_041880.1	94.444	270	13	2	1	270	1327	1060	1.32e-115	414
a664a3b9-8429-4d73-8769-f952db27c56d	NR_102936.1	97.484	159	2	2	1	159	1302	1458	1.68e-72	270
a664a3b9-8429-4d73-8769-f952db27c56d	NR_113159.1	97.484	159	2	2	1	159	1302	1458	1.68e-72	270
a664a3b9-8429-4d73-8769-f952db27c56d	NR_036819.1	96.855	159	3	2	1	159	1283	1439	7.84e-71	265
a664a3b9-8429-4d73-8769-f952db27c56d	NR_113038.1	96.855	159	3	2	1	159	1303	1459	7.84e-71	265
a664a3b9-8429-4d73-8769-f952db27c56d	NR_173690.1	94.969	159	4	4	1	159	1304	1458	2.84e-65	246
8382425c-5959-4ed2-87ef-1a75454cddd1	NR_116168.1	95.437	263	7	5	1	259	287	26	1.30e-115	414
8382425c-5959-4ed2-87ef-1a75454cddd1	NR_042878.1	93.536	263	12	5	1	259	266	5	1.70e-109	394
8382425c-5959-4ed2-87ef-1a75454cddd1	NR_118762.1	92.692	260	14	5	1	256	290	32	1.71e-104	377
8382425c-5959-4ed2-87ef-1a75454cddd1	NR_118142.1	90.875	263	19	5	1	259	266	5	1.34e-95	348
8382425c-5959-4ed2-87ef-1a75454cddd1	NR_025423.1	90.566	265	18	7	1	259	271	8	1.73e-94	344
f53a9e2f-7a64-48e4-88ec-de0cfa347d0b	NR_163639.1	96.689	151	4	1	1	150	154	4	2.02e-66	250
f53a9e2f-7a64-48e4-88ec-de0cfa347d0b	NR_074980.1	96.667	150	4	1	1	149	162	13	7.27e-66	248
f53a9e2f-7a64-48e4-88ec-de0cfa347d0b	NR_113031.1	96.667	150	4	1	1	149	162	13	7.27e-66	248
f53a9e2f-7a64-48e4-88ec-de0cfa347d0b	NR_119168.1	96.429	140	4	1	1	139	140	1	2.63e-60	230
f53a9e2f-7a64-48e4-88ec-de0cfa347d0b	NR_119169.1	96.429	140	4	1	1	139	140	1	2.63e-60	230
d71d7531-4f49-4404-b72b-e63d968bbf03	NR_179385.1	96.930	228	6	1	17	243	247	20	1.21e-105	381
d71d7531-4f49-4404-b72b-e63d968bbf03	NR_199545.1	96.930	228	6	1	17	243	243	16	1.21e-105	381
d71d7531-4f49-4404-b72b-e63d968bbf03	NR_165741.1	96.491	228	7	1	17	243	232	5	5.63e-104	375
d71d7531-4f49-4404-b72b-e63d968bbf03	NR_028664.1	95.614	228	9	1	17	243	246	19	1.22e-100	364
d71d7531-4f49-4404-b72b-e63d968bbf03	NR_115560.1	94.894	235	9	2	17	250	243	11	1.22e-100	364
148ff59c-cb3b-4544-b8a4-36267bcce5fe	NR_199545.1	88.066	1148	62	56	15	1115	1132	13	0.0	1291
148ff59c-cb3b-4544-b8a4-36267bcce5fe	NR_199544.1	88.798	1098	57	49	15	1067	1090	14	0.0	1286
148ff59c-cb3b-4544-b8a4-36267bcce5fe	NR_028664.1	87.892	1148	64	56	15	1115	1135	16	0.0	1280
148ff59c-cb3b-4544-b8a4-36267bcce5fe	NR_179383.1	87.892	1148	64	56	15	1115	1139	20	0.0	1280
148ff59c-cb3b-4544-b8a4-36267bcce5fe	NR_179385.1	87.892	1148	64	56	15	1115	1136	17	0.0	1280
d35c098f-353d-4584-95ef-dc72c7ef8bb1	NR_117694.1	96.286	1050	20	16	4	1045	1039	1	0.0	1705
d35c098f-353d-4584-95ef-dc72c7ef8bb1	NR_025892.1	94.697	1056	36	17	4	1051	1064	21	0.0	1646
d35c098f-353d-4584-95ef-dc72c7ef8bb1	NR_121687.1	95.080	1057	31	18	4	1051	1059	15	0.0	1644
d35c098f-353d-4584-95ef-dc72c7ef8bb1	NR_041989.1	95.738	1009	25	15	4	1006	997	1	0.0	1609
d35c098f-353d-4584-95ef-dc72c7ef8bb1	NR_117692.1	94.582	1052	34	19	4	1045	1039	1	0.0	1605
12717371-7d72-427c-b279-1d96f1466b85	NR_028664.1	91.951	1230	48	36	7	1208	1449	243	0.0	1676
12717371-7d72-427c-b279-1d96f1466b85	NR_042927.1	91.945	1229	50	34	7	1208	1428	222	0.0	1676
12717371-7d72-427c-b279-1d96f1466b85	NR_114413.1	91.945	1229	50	34	7	1208	1451	245	0.0	1676
12717371-7d72-427c-b279-1d96f1466b85	NR_115240.1	91.951	1230	48	36	7	1208	1426	220	0.0	1676
12717371-7d72-427c-b279-1d96f1466b85	NR_115732.1	91.951	1230	48	36	7	1208	1428	222	0.0	1676
9eae3650-afb4-4a58-8d2d-63eed3ef3c54	NR_115355.1	97.582	1034	17	7	1	1033	456	1482	0.0	1764
9eae3650-afb4-4a58-8d2d-63eed3ef3c54	NR_179325.1	97.582	1034	17	7	1	1033	430	1456	0.0	1764
9eae3650-afb4-4a58-8d2d-63eed3ef3c54	NR_119169.1	97.292	1034	20	7	1	1033	461	1487	0.0	1751
9eae3650-afb4-4a58-8d2d-63eed3ef3c54	NR_163639.1	97.391	1035	16	10	1	1033	472	1497	0.0	1751
9eae3650-afb4-4a58-8d2d-63eed3ef3c54	NR_113570.1	96.812	1035	24	8	1	1033	463	1490	0.0	1720
2a5c8796-ae71-496c-a877-68f35e0b78b0	NR_028682.1	90.347	518	26	20	1	501	987	1497	0.0	658
2a5c8796-ae71-496c-a877-68f35e0b78b0	NR_025396.1	89.272	522	35	17	1	508	958	1472	0.0	634
2a5c8796-ae71-496c-a877-68f35e0b78b0	NR_025435.1	88.740	524	35	20	1	508	984	1499	5.02e-177	619
2a5c8796-ae71-496c-a877-68f35e0b78b0	NR_119263.1	88.740	524	36	19	1	508	984	1500	5.02e-177	619
2a5c8796-ae71-496c-a877-68f35e0b78b0	NR_028748.1	88.632	519	41	14	1	508	1000	1511	6.49e-176	616
20ba5632-9f94-4f87-bd85-de8a28ad9743	NR_179540.1	97.051	1085	16	14	1	1076	418	1495	0.0	1812
20ba5632-9f94-4f87-bd85-de8a28ad9743	NR_117719.1	96.961	1086	16	15	1	1076	418	1496	0.0	1807
20ba5632-9f94-4f87-bd85-de8a28ad9743	NR_028664.1	96.869	1086	17	15	1	1076	421	1499	0.0	1801
20ba5632-9f94-4f87-bd85-de8a28ad9743	NR_179383.1	96.869	1086	17	15	1	1076	425	1503	0.0	1801
20ba5632-9f94-4f87-bd85-de8a28ad9743	NR_179385.1	96.866	1085	18	14	1	1076	422	1499	0.0	1801
e63d0636-d084-41a1-8c7c-f485488de472	NR_156072.1	97.759	357	5	3	10	364	1139	1494	6.00e-175	612
e63d0636-d084-41a1-8c7c-f485488de472	NR_158064.1	97.486	358	5	4	10	364	1141	1497	7.76e-174	608
e63d0636-d084-41a1-8c7c-f485488de472	NR_041722.2	97.479	357	6	3	10	364	1154	1509	2.79e-173	606
e63d0636-d084-41a1-8c7c-f485488de472	NR_028665.1	97.479	357	6	3	10	364	1134	1489	2.79e-173	606
e63d0636-d084-41a1-8c7c-f485488de472	NR_028736.1	97.479	357	6	3	10	364	1143	1498	2.79e-173	606
58ad8fc9-1ffa-4916-bb6f-bb8a2ec451e1	NR_115735.1	96.835	1169	23	12	1	1161	302	1464	0.0	1941
58ad8fc9-1ffa-4916-bb6f-bb8a2ec451e1	NR_024842.1	96.752	1170	24	12	1	1162	326	1489	0.0	1940
58ad8fc9-1ffa-4916-bb6f-bb8a2ec451e1	NR_165737.1	96.744	1167	23	13	1	1158	311	1471	0.0	1930
58ad8fc9-1ffa-4916-bb6f-bb8a2ec451e1	NR_115241.1	96.569	1166	26	12	1	1158	311	1470	0.0	1925
58ad8fc9-1ffa-4916-bb6f-bb8a2ec451e1	NR_036936.1	96.487	1167	26	13	1	1158	311	1471	0.0	1914
cb03ab2c-c970-4087-b096-1a92ac0db41e	NR_044873.1	90.233	645	30	29	4	627	788	1420	0.0	811
cb03ab2c-c970-4087-b096-1a92ac0db41e	NR_116649.1	88.390	646	40	32	4	627	792	1424	0.0	745
cb03ab2c-c970-4087-b096-1a92ac0db41e	NR_043881.1	87.017	647	48	31	4	627	754	1387	0.0	697
cb03ab2c-c970-4087-b096-1a92ac0db41e	NR_178484.1	85.959	641	59	27	4	624	780	1409	0.0	656
cb03ab2c-c970-4087-b096-1a92ac0db41e	NR_181767.1	85.179	641	61	30	7	627	798	1424	3.99e-179	627
0a03400c-803c-4331-bc40-7679809f81a1	NR_028664.1	95.238	609	10	13	4	598	624	21	0.0	946
0a03400c-803c-4331-bc40-7679809f81a1	NR_114172.1	95.215	606	10	12	4	595	601	1	0.0	941
0a03400c-803c-4331-bc40-7679809f81a1	NR_115240.1	95.215	606	10	13	4	595	601	1	0.0	941
0a03400c-803c-4331-bc40-7679809f81a1	NR_027214.1	95.215	606	10	12	4	595	601	1	0.0	941
0a03400c-803c-4331-bc40-7679809f81a1	NR_115732.1	95.050	606	10	14	4	595	603	4	0.0	935
8e9a5db3-e7a6-4215-abdc-5158182d422d	NR_024842.1	94.849	796	24	14	9	790	700	1492	0.0	1227
8e9a5db3-e7a6-4215-abdc-5158182d422d	NR_115735.1	94.823	792	24	14	9	786	676	1464	0.0	1219
8e9a5db3-e7a6-4215-abdc-5158182d422d	NR_115241.1	95.331	771	22	12	9	767	685	1453	0.0	1214
8e9a5db3-e7a6-4215-abdc-5158182d422d	NR_156072.1	94.479	797	25	16	9	790	705	1497	0.0	1210
8e9a5db3-e7a6-4215-abdc-5158182d422d	NR_165737.1	95.207	772	22	13	9	767	685	1454	0.0	1206
ae665c7f-b3bc-442e-b76c-9ad099fb20a7	NR_179383.1	95.730	1335	34	15	9	1329	1345	20	0.0	2128
ae665c7f-b3bc-442e-b76c-9ad099fb20a7	NR_028664.1	95.655	1335	35	15	9	1329	1341	16	0.0	2122
ae665c7f-b3bc-442e-b76c-9ad099fb20a7	NR_165744.1	95.584	1336	36	15	9	1330	1327	1	0.0	2119
ae665c7f-b3bc-442e-b76c-9ad099fb20a7	NR_179385.1	95.581	1335	36	15	9	1329	1342	17	0.0	2117
ae665c7f-b3bc-442e-b76c-9ad099fb20a7	NR_199545.1	95.581	1335	36	15	9	1329	1338	13	0.0	2117
26f1ec8d-9f1c-4266-bbe8-9fc61fd54060	NR_028664.1	91.743	218	6	9	1	209	255	469	4.96e-79	292
26f1ec8d-9f1c-4266-bbe8-9fc61fd54060	NR_042771.1	91.743	218	6	9	1	209	252	466	4.96e-79	292
26f1ec8d-9f1c-4266-bbe8-9fc61fd54060	NR_114172.1	91.743	218	6	9	1	209	232	446	4.96e-79	292
26f1ec8d-9f1c-4266-bbe8-9fc61fd54060	NR_115239.1	91.743	218	6	9	1	209	232	446	4.96e-79	292
26f1ec8d-9f1c-4266-bbe8-9fc61fd54060	NR_115240.1	91.743	218	6	9	1	209	232	446	4.96e-79	292
b18dbfd2-997a-47a6-b241-93f0b0908cc0	NR_116168.1	96.579	380	10	2	1	377	1397	1018	2.20e-179	627
b18dbfd2-997a-47a6-b241-93f0b0908cc0	NR_118762.1	96.053	380	12	2	1	377	1399	1020	3.69e-177	619
b18dbfd2-997a-47a6-b241-93f0b0908cc0	NR_042878.1	96.986	365	8	2	16	377	1361	997	2.22e-174	610
b18dbfd2-997a-47a6-b241-93f0b0908cc0	NR_024897.1	94.226	381	17	4	1	377	1396	1017	2.25e-164	577
b18dbfd2-997a-47a6-b241-93f0b0908cc0	NR_024898.1	94.211	380	19	2	1	377	1396	1017	2.25e-164	577
e4a4c814-c6ca-4c4c-a302-60502357184f	NR_116168.1	96.233	1460	34	21	1	1449	1463	14	0.0	2372
e4a4c814-c6ca-4c4c-a302-60502357184f	NR_118762.1	94.596	1462	57	22	1	1451	1465	15	0.0	2285
e4a4c814-c6ca-4c4c-a302-60502357184f	NR_042878.1	96.064	1372	33	21	81	1441	1362	1	0.0	2226
e4a4c814-c6ca-4c4c-a302-60502357184f	NR_025423.1	93.553	1458	69	25	1	1444	1447	1	0.0	2148
e4a4c814-c6ca-4c4c-a302-60502357184f	NR_118143.1	94.028	1373	61	21	81	1441	1364	1	0.0	2063
91ffa970-7a6c-4aa4-b519-e492dd21fcf2	NR_121688.1	88.717	452	30	17	1	437	466	21	5.87e-151	532
91ffa970-7a6c-4aa4-b519-e492dd21fcf2	NR_117717.1	88.496	452	31	17	1	437	467	22	2.73e-149	527
91ffa970-7a6c-4aa4-b519-e492dd21fcf2	NR_117701.1	88.496	452	31	17	1	437	446	1	2.73e-149	527
91ffa970-7a6c-4aa4-b519-e492dd21fcf2	NR_117696.1	88.383	439	31	16	1	425	433	1	2.75e-144	510
91ffa970-7a6c-4aa4-b519-e492dd21fcf2	NR_104947.1	88.706	425	28	15	1	411	419	1	1.66e-141	501
f145c05e-859d-4511-81b6-d4794022e213	NR_028664.1	88.148	270	15	14	1	263	280	21	8.15e-83	305
f145c05e-859d-4511-81b6-d4794022e213	NR_115240.1	88.015	267	15	14	1	260	257	1	3.79e-81	300
f145c05e-859d-4511-81b6-d4794022e213	NR_115732.1	87.640	267	15	14	1	260	259	4	1.76e-79	294
f145c05e-859d-4511-81b6-d4794022e213	NR_165741.1	87.407	270	17	14	1	263	266	7	1.76e-79	294
f145c05e-859d-4511-81b6-d4794022e213	NR_165744.1	87.407	270	17	14	1	263	266	7	1.76e-79	294
9a2d45f8-f141-4282-a6c6-f457d502e921	NR_181586.1	93.220	885	35	20	11	884	615	1485	0.0	1279
9a2d45f8-f141-4282-a6c6-f457d502e921	NR_026248.1	92.429	885	42	18	11	884	588	1458	0.0	1247
9a2d45f8-f141-4282-a6c6-f457d502e921	NR_121686.1	86.328	885	91	25	14	884	611	1479	0.0	937
9a2d45f8-f141-4282-a6c6-f457d502e921	NR_144608.1	85.649	878	89	32	25	884	624	1482	0.0	889
9a2d45f8-f141-4282-a6c6-f457d502e921	NR_180833.1	84.977	872	102	26	25	884	611	1465	0.0	857
cf66de16-662c-4f08-958b-d58a1862a4cd	NR_041879.1	94.969	477	15	8	2	470	1294	819	0.0	739
cf66de16-662c-4f08-958b-d58a1862a4cd	NR_115355.1	94.958	476	16	7	2	470	1336	862	0.0	739
cf66de16-662c-4f08-958b-d58a1862a4cd	NR_179325.1	94.958	476	16	7	2	470	1310	836	0.0	739
cf66de16-662c-4f08-958b-d58a1862a4cd	NR_163639.1	94.947	475	17	6	2	470	1351	878	0.0	737
cf66de16-662c-4f08-958b-d58a1862a4cd	NR_119169.1	94.538	476	18	7	2	470	1341	867	0.0	732
c40bd26d-4746-49ee-a23d-a149153f54e2	NR_115355.1	97.567	1151	17	10	1	1141	1150	1	0.0	1964
c40bd26d-4746-49ee-a23d-a149153f54e2	NR_119169.1	97.318	1156	20	10	1	1146	1155	1	0.0	1960
c40bd26d-4746-49ee-a23d-a149153f54e2	NR_163639.1	97.172	1167	16	16	1	1156	1165	5	0.0	1956
c40bd26d-4746-49ee-a23d-a149153f54e2	NR_074980.1	97.084	1166	23	10	1	1156	1177	13	0.0	1954
c40bd26d-4746-49ee-a23d-a149153f54e2	NR_113031.1	97.084	1166	23	10	1	1156	1177	13	0.0	1954
31f86cf5-cb88-495e-9106-dbfc01318959	NR_028665.1	97.222	252	5	2	1	250	1237	1488	7.76e-119	425
31f86cf5-cb88-495e-9106-dbfc01318959	NR_114172.1	97.222	252	5	2	1	250	1220	1471	7.76e-119	425
31f86cf5-cb88-495e-9106-dbfc01318959	NR_179385.1	97.222	252	5	2	1	250	1244	1495	7.76e-119	425
31f86cf5-cb88-495e-9106-dbfc01318959	NR_199545.1	97.222	252	5	2	1	250	1240	1491	7.76e-119	425
31f86cf5-cb88-495e-9106-dbfc01318959	NR_041722.2	96.825	252	6	2	1	250	1257	1508	3.61e-117	420
030118fe-947e-4118-af2f-931902d8fe43	NR_043604.1	95.289	1210	17	24	1	1176	1204	1	0.0	1882
030118fe-947e-4118-af2f-931902d8fe43	NR_118512.1	95.289	1210	17	24	1	1176	1204	1	0.0	1882
030118fe-947e-4118-af2f-931902d8fe43	NR_118513.1	92.810	1210	47	24	1	1176	1204	1	0.0	1716
030118fe-947e-4118-af2f-931902d8fe43	NR_197757.1	92.453	1219	48	29	1	1183	1223	13	0.0	1701
030118fe-947e-4118-af2f-931902d8fe43	NR_156802.1	91.967	1220	54	28	1	1183	1225	13	0.0	1670
84ba8d66-7533-47cd-a20e-00f1f53dee1e	NR_113105.1	90.396	656	29	27	1	630	1439	792	0.0	832
84ba8d66-7533-47cd-a20e-00f1f53dee1e	NR_044407.1	90.396	656	29	27	1	630	1431	784	0.0	832
84ba8d66-7533-47cd-a20e-00f1f53dee1e	NR_042843.1	89.939	656	32	26	1	630	1431	784	0.0	815
84ba8d66-7533-47cd-a20e-00f1f53dee1e	NR_102895.1	89.939	656	32	26	1	630	1459	812	0.0	815
84ba8d66-7533-47cd-a20e-00f1f53dee1e	NR_113113.1	89.939	656	32	26	1	630	1439	792	0.0	815
cd269021-9fba-4e4d-aecb-43d8c71839d6	NR_179325.1	96.970	495	12	3	1	494	969	1461	0.0	828
cd269021-9fba-4e4d-aecb-43d8c71839d6	NR_163639.1	97.336	488	10	3	8	494	1017	1502	0.0	826
cd269021-9fba-4e4d-aecb-43d8c71839d6	NR_115354.1	97.131	488	11	3	8	494	1002	1487	0.0	821
cd269021-9fba-4e4d-aecb-43d8c71839d6	NR_115355.1	97.131	488	11	3	8	494	1002	1487	0.0	821
cd269021-9fba-4e4d-aecb-43d8c71839d6	NR_119169.1	96.516	488	14	3	8	494	1007	1492	0.0	808
c32a0691-cead-4b49-8b14-486a7e382469	NR_117694.1	93.011	973	37	24	1	953	962	1	0.0	1391
c32a0691-cead-4b49-8b14-486a7e382469	NR_025892.1	91.692	975	51	24	1	956	987	24	0.0	1345
c32a0691-cead-4b49-8b14-486a7e382469	NR_121687.1	91.513	978	48	27	1	956	982	18	0.0	1314
c32a0691-cead-4b49-8b14-486a7e382469	NR_117692.1	91.179	975	51	27	1	953	962	1	0.0	1291
c32a0691-cead-4b49-8b14-486a7e382469	NR_041989.1	91.845	932	44	25	1	912	920	1	0.0	1271
7beec86b-5567-4953-9053-44341e311d80	NR_028682.1	94.923	1300	44	20	1	1283	203	1497	0.0	2015
7beec86b-5567-4953-9053-44341e311d80	NR_025862.1	96.195	1209	28	15	1	1196	203	1406	0.0	1969
7beec86b-5567-4953-9053-44341e311d80	NR_180652.1	94.196	1275	57	14	20	1281	211	1481	0.0	1929
7beec86b-5567-4953-9053-44341e311d80	NR_036922.1	93.847	1284	58	18	19	1287	222	1499	0.0	1914
7beec86b-5567-4953-9053-44341e311d80	NR_181559.1	93.838	1282	62	14	19	1287	218	1495	0.0	1914
db2f7d3e-4555-4694-b72c-514da1c4dae7	NR_104685.1	94.196	1051	31	20	5	1037	1051	13	0.0	1576
db2f7d3e-4555-4694-b72c-514da1c4dae7	NR_170431.1	93.725	1020	31	23	5	1005	1006	1	0.0	1498
db2f7d3e-4555-4694-b72c-514da1c4dae7	NR_118696.1	91.722	1051	57	20	5	1037	1057	19	0.0	1480
db2f7d3e-4555-4694-b72c-514da1c4dae7	NR_180436.1	92.578	1051	47	21	5	1037	1050	13	0.0	1480
db2f7d3e-4555-4694-b72c-514da1c4dae7	NR_175550.1	92.610	1042	48	20	5	1029	1030	1	0.0	1471
6bc74d4a-3fbb-454d-9dce-3f8c05ded916	NR_024842.1	90.836	371	16	14	16	375	371	8	5.02e-136	483
6bc74d4a-3fbb-454d-9dce-3f8c05ded916	NR_115241.1	90.909	363	15	14	16	367	356	1	1.09e-132	472
6bc74d4a-3fbb-454d-9dce-3f8c05ded916	NR_165737.1	89.737	380	18	17	1	367	372	1	5.06e-131	466
6bc74d4a-3fbb-454d-9dce-3f8c05ded916	NR_178515.1	89.737	380	18	17	1	367	372	1	5.06e-131	466
6bc74d4a-3fbb-454d-9dce-3f8c05ded916	NR_115735.1	90.652	353	15	14	16	356	347	1	3.94e-127	453
03cfec5d-70a8-49ba-8f6e-b8b3f8a627aa	NR_136788.1	90.860	186	10	6	1	181	361	178	4.14e-64	243
03cfec5d-70a8-49ba-8f6e-b8b3f8a627aa	NR_113082.1	90.374	187	9	7	1	181	361	178	1.93e-62	237
03cfec5d-70a8-49ba-8f6e-b8b3f8a627aa	NR_026230.1	88.770	187	12	7	1	181	339	156	1.50e-58	224
03cfec5d-70a8-49ba-8f6e-b8b3f8a627aa	NR_040838.1	88.966	145	10	5	1	140	365	222	1.53e-43	174
03cfec5d-70a8-49ba-8f6e-b8b3f8a627aa	NR_074234.1	88.966	145	10	5	1	140	368	225	1.53e-43	174
34fd1502-0d5b-45e3-857f-2dd80f530060	NR_044873.1	94.845	1261	26	25	2	1235	1250	2	0.0	1932
34fd1502-0d5b-45e3-857f-2dd80f530060	NR_074568.1	93.418	1261	43	26	2	1235	1260	13	0.0	1832
34fd1502-0d5b-45e3-857f-2dd80f530060	NR_044712.2	93.021	1261	48	26	2	1235	1269	22	0.0	1814
34fd1502-0d5b-45e3-857f-2dd80f530060	NR_109752.1	92.478	1263	54	27	1	1235	1272	23	0.0	1768
34fd1502-0d5b-45e3-857f-2dd80f530060	NR_025310.1	92.191	1255	56	28	1	1227	1241	1	0.0	1736
0f32bb89-d8ae-43a5-afe5-51127e58712f	NR_118512.1	96.490	1396	21	24	1	1381	1383	1	0.0	2281
0f32bb89-d8ae-43a5-afe5-51127e58712f	NR_043604.1	96.598	1352	19	23	45	1381	1340	1	0.0	2217
0f32bb89-d8ae-43a5-afe5-51127e58712f	NR_197757.1	94.206	1398	52	25	1	1383	1402	19	0.0	2106
0f32bb89-d8ae-43a5-afe5-51127e58712f	NR_118513.1	94.130	1397	52	26	1	1381	1383	1	0.0	2098
0f32bb89-d8ae-43a5-afe5-51127e58712f	NR_156802.1	93.996	1399	55	25	1	1383	1404	19	0.0	2091
4e066171-af20-465f-97bd-223c3f27a6e2	NR_074980.1	93.411	683	23	17	10	678	687	13	0.0	992
4e066171-af20-465f-97bd-223c3f27a6e2	NR_113031.1	93.411	683	23	17	10	678	687	13	0.0	992
4e066171-af20-465f-97bd-223c3f27a6e2	NR_115355.1	93.713	668	20	16	10	663	660	1	0.0	985
4e066171-af20-465f-97bd-223c3f27a6e2	NR_119168.1	93.592	671	21	17	10	666	665	3	0.0	981
4e066171-af20-465f-97bd-223c3f27a6e2	NR_163639.1	93.139	685	22	19	10	680	676	3	0.0	981
6c30ed5b-7faa-4687-aa9d-1dbf9e7e3bac	NR_117694.1	94.665	656	13	16	5	642	652	1	0.0	998
6c30ed5b-7faa-4687-aa9d-1dbf9e7e3bac	NR_025892.1	92.249	658	30	15	5	645	677	24	0.0	931
6c30ed5b-7faa-4687-aa9d-1dbf9e7e3bac	NR_121687.1	92.727	660	24	18	5	645	672	18	0.0	931
6c30ed5b-7faa-4687-aa9d-1dbf9e7e3bac	NR_117692.1	91.921	656	31	16	5	642	652	1	0.0	898
6c30ed5b-7faa-4687-aa9d-1dbf9e7e3bac	NR_117717.1	91.515	660	32	18	5	645	673	19	0.0	887
39a32838-ace9-4313-b313-f3e6359bd0a6	NR_043604.1	92.221	977	44	22	1	953	315	1283	0.0	1354
39a32838-ace9-4313-b313-f3e6359bd0a6	NR_118512.1	92.221	977	44	22	1	953	315	1283	0.0	1354
39a32838-ace9-4313-b313-f3e6359bd0a6	NR_197757.1	91.411	978	50	23	1	953	334	1302	0.0	1310
39a32838-ace9-4313-b313-f3e6359bd0a6	NR_156802.1	91.207	978	52	23	1	953	336	1304	0.0	1299
39a32838-ace9-4313-b313-f3e6359bd0a6	NR_156805.1	91.207	978	52	23	1	953	336	1304	0.0	1299
