6800c8bb-1e16-4625-858a-d7e433b30dff	NR_115241.1	95.652	644	22	5	6	644	643	1	0.0	1029
6800c8bb-1e16-4625-858a-d7e433b30dff	NR_024842.1	95.238	651	24	6	6	650	658	9	0.0	1027
6800c8bb-1e16-4625-858a-d7e433b30dff	NR_115735.1	95.728	632	23	4	6	634	634	4	0.0	1014
6800c8bb-1e16-4625-858a-d7e433b30dff	NR_178515.1	94.729	645	26	7	6	644	643	1	0.0	996
6800c8bb-1e16-4625-858a-d7e433b30dff	NR_117425.1	94.540	641	30	4	11	647	640	1	0.0	985
26bf319b-fe13-4299-8426-c0eccf639a0b	NR_118512.1	96.133	931	19	13	1	923	1414	493	0.0	1504
26bf319b-fe13-4299-8426-c0eccf639a0b	NR_197757.1	94.522	931	34	13	1	923	1433	512	0.0	1421
26bf319b-fe13-4299-8426-c0eccf639a0b	NR_118513.1	94.313	932	34	15	1	923	1414	493	0.0	1410
26bf319b-fe13-4299-8426-c0eccf639a0b	NR_156802.1	94.307	931	36	13	1	923	1435	514	0.0	1410
26bf319b-fe13-4299-8426-c0eccf639a0b	NR_156805.1	94.307	931	36	13	1	923	1435	514	0.0	1410
6147bcd4-3f23-493c-954e-f42bf9d879f1	NR_025903.1	98.325	1373	10	9	4	1366	126	1495	0.0	2396
6147bcd4-3f23-493c-954e-f42bf9d879f1	NR_133753.1	98.369	1349	10	8	4	1342	80	1426	0.0	2359
6147bcd4-3f23-493c-954e-f42bf9d879f1	NR_133752.1	98.147	1349	13	8	4	1342	51	1397	0.0	2342
6147bcd4-3f23-493c-954e-f42bf9d879f1	NR_026419.1	97.016	1374	28	9	4	1366	113	1484	0.0	2298
6147bcd4-3f23-493c-954e-f42bf9d879f1	NR_025904.1	96.945	1375	25	13	4	1366	125	1494	0.0	2290
9079cb3c-f7a3-425a-b43f-4dac76a10ba4	NR_042878.1	93.488	645	27	12	2	638	1025	388	0.0	946
9079cb3c-f7a3-425a-b43f-4dac76a10ba4	NR_116168.1	93.488	645	27	12	2	638	1046	409	0.0	944
9079cb3c-f7a3-425a-b43f-4dac76a10ba4	NR_118143.1	92.713	645	32	12	2	638	1027	390	0.0	918
9079cb3c-f7a3-425a-b43f-4dac76a10ba4	NR_118762.1	92.236	644	36	11	2	638	1048	412	0.0	918
9079cb3c-f7a3-425a-b43f-4dac76a10ba4	NR_025423.1	91.176	646	40	14	2	638	1030	393	0.0	861
8409b48b-eebd-428c-90b8-cb56d21ef3a6	NR_163639.1	98.256	172	2	1	2	172	175	4	3.81e-81	300
8409b48b-eebd-428c-90b8-cb56d21ef3a6	NR_074980.1	98.246	171	2	1	2	171	183	13	1.37e-80	298
8409b48b-eebd-428c-90b8-cb56d21ef3a6	NR_113031.1	98.246	171	2	1	2	171	183	13	1.37e-80	298
8409b48b-eebd-428c-90b8-cb56d21ef3a6	NR_119168.1	98.137	161	2	1	2	161	161	1	4.96e-75	279
8409b48b-eebd-428c-90b8-cb56d21ef3a6	NR_119169.1	98.137	161	2	1	2	161	161	1	4.96e-75	279
309dd5a3-7de8-41a9-8eea-fd427454e718	NR_109720.1	95.385	715	22	11	3	712	154	862	0.0	1127
309dd5a3-7de8-41a9-8eea-fd427454e718	NR_036936.1	95.105	715	24	11	3	712	160	868	0.0	1118
309dd5a3-7de8-41a9-8eea-fd427454e718	NR_178515.1	94.965	715	25	11	3	712	160	868	0.0	1110
309dd5a3-7de8-41a9-8eea-fd427454e718	NR_115241.1	94.708	718	25	13	1	712	158	868	0.0	1103
309dd5a3-7de8-41a9-8eea-fd427454e718	NR_115735.1	94.708	718	25	13	1	712	149	859	0.0	1103
45277cce-21d1-406d-b1a8-6ea37267a4b5	NR_116168.1	94.286	595	11	15	1	588	518	1096	0.0	889
45277cce-21d1-406d-b1a8-6ea37267a4b5	NR_042878.1	94.118	595	12	15	1	588	497	1075	0.0	885
45277cce-21d1-406d-b1a8-6ea37267a4b5	NR_118143.1	93.950	595	13	15	1	588	499	1077	0.0	878
45277cce-21d1-406d-b1a8-6ea37267a4b5	NR_118762.1	92.593	594	22	13	1	588	521	1098	0.0	850
45277cce-21d1-406d-b1a8-6ea37267a4b5	NR_025423.1	91.933	595	25	14	1	588	502	1080	0.0	811
c6334418-4d45-4911-b24a-f03076c1b8b1	NR_025903.1	92.341	457	17	15	3	446	1044	1495	0.0	634
c6334418-4d45-4911-b24a-f03076c1b8b1	NR_025904.1	91.904	457	19	15	3	446	1043	1494	3.42e-178	623
c6334418-4d45-4911-b24a-f03076c1b8b1	NR_026419.1	91.447	456	24	13	3	446	1032	1484	7.40e-175	612
c6334418-4d45-4911-b24a-f03076c1b8b1	NR_133752.1	92.148	433	17	14	3	422	969	1397	7.46e-170	595
c6334418-4d45-4911-b24a-f03076c1b8b1	NR_133753.1	92.148	433	17	14	3	422	998	1426	7.46e-170	595
74c4229a-1e7d-45c0-b3fc-c0e35b8b7433	NR_179383.1	92.013	1490	60	45	1	1447	1494	21	0.0	2037
74c4229a-1e7d-45c0-b3fc-c0e35b8b7433	NR_028664.1	91.946	1490	61	45	1	1447	1490	17	0.0	2032
74c4229a-1e7d-45c0-b3fc-c0e35b8b7433	NR_115240.1	91.976	1483	61	44	1	1441	1467	1	0.0	2026
74c4229a-1e7d-45c0-b3fc-c0e35b8b7433	NR_165744.1	91.678	1490	64	46	1	1447	1475	3	0.0	2010
74c4229a-1e7d-45c0-b3fc-c0e35b8b7433	NR_179385.1	91.678	1490	64	46	1	1447	1490	18	0.0	2010
b9003d69-f0b5-4cbf-b4d8-58ead04a7859	NR_044873.1	88.571	350	17	15	6	342	1084	745	3.68e-112	403
b9003d69-f0b5-4cbf-b4d8-58ead04a7859	NR_109752.1	88.034	351	21	15	6	344	1105	764	6.16e-110	396
b9003d69-f0b5-4cbf-b4d8-58ead04a7859	NR_178360.1	88.034	351	21	15	6	344	1061	720	6.16e-110	396
b9003d69-f0b5-4cbf-b4d8-58ead04a7859	NR_104557.1	89.058	329	17	14	24	342	1047	728	2.87e-108	390
b9003d69-f0b5-4cbf-b4d8-58ead04a7859	NR_074568.1	87.714	350	20	17	6	342	1094	755	3.71e-107	387
3077207b-aa8e-4deb-81bc-749c4f31211f	NR_117694.1	91.861	1155	48	35	3	1127	1139	1	0.0	1570
3077207b-aa8e-4deb-81bc-749c4f31211f	NR_025892.1	90.808	1164	58	37	3	1135	1164	19	0.0	1537
3077207b-aa8e-4deb-81bc-749c4f31211f	NR_121687.1	90.886	1163	60	36	3	1135	1159	13	0.0	1519
3077207b-aa8e-4deb-81bc-749c4f31211f	NR_117692.1	90.493	1157	60	37	3	1127	1139	1	0.0	1482
3077207b-aa8e-4deb-81bc-749c4f31211f	NR_041989.1	90.844	1114	54	37	3	1085	1097	1	0.0	1448
65e3087d-6b2a-4efc-9c85-ad4f6df908bc	NR_028666.1	96.099	282	8	3	1	279	1221	1502	2.20e-128	457
65e3087d-6b2a-4efc-9c85-ad4f6df908bc	NR_028833.1	96.099	282	8	3	1	279	1224	1505	2.20e-128	457
65e3087d-6b2a-4efc-9c85-ad4f6df908bc	NR_029052.1	96.099	282	8	3	1	279	1185	1466	2.20e-128	457
65e3087d-6b2a-4efc-9c85-ad4f6df908bc	NR_036918.1	96.099	282	8	3	1	279	1214	1495	2.20e-128	457
65e3087d-6b2a-4efc-9c85-ad4f6df908bc	NR_042771.1	96.099	282	8	3	1	279	1215	1496	2.20e-128	457
47c4c9b4-943f-4c50-b2cf-aaa64b645ffa	NR_116168.1	94.218	467	9	14	1	459	469	13	0.0	697
47c4c9b4-943f-4c50-b2cf-aaa64b645ffa	NR_042878.1	94.481	453	9	12	1	446	448	5	0.0	693
47c4c9b4-943f-4c50-b2cf-aaa64b645ffa	NR_118762.1	92.857	448	17	12	1	442	472	34	0.0	654
47c4c9b4-943f-4c50-b2cf-aaa64b645ffa	NR_025423.1	92.952	454	14	15	2	446	452	8	0.0	645
47c4c9b4-943f-4c50-b2cf-aaa64b645ffa	NR_118143.1	90.949	453	25	14	2	446	449	5	7.63e-170	595
9aa52b3c-7cc8-45d6-a88b-e47dbc1223f6	NR_025423.1	100.000	110	0	0	1	110	686	795	1.31e-52	204
9aa52b3c-7cc8-45d6-a88b-e47dbc1223f6	NR_041809.1	100.000	110	0	0	1	110	683	792	1.31e-52	204
9aa52b3c-7cc8-45d6-a88b-e47dbc1223f6	NR_041837.1	100.000	110	0	0	1	110	681	790	1.31e-52	204
9aa52b3c-7cc8-45d6-a88b-e47dbc1223f6	NR_026030.1	100.000	110	0	0	1	110	685	794	1.31e-52	204
9aa52b3c-7cc8-45d6-a88b-e47dbc1223f6	NR_036871.1	100.000	110	0	0	1	110	681	790	1.31e-52	204
4fc0afe6-8cf8-4afc-92c8-c863109c8d99	NR_024842.1	92.571	350	15	10	5	347	1204	859	7.64e-139	492
4fc0afe6-8cf8-4afc-92c8-c863109c8d99	NR_109720.1	92.571	350	15	10	5	347	1183	838	7.64e-139	492
4fc0afe6-8cf8-4afc-92c8-c863109c8d99	NR_115735.1	92.571	350	15	10	5	347	1180	835	7.64e-139	492
4fc0afe6-8cf8-4afc-92c8-c863109c8d99	NR_116211.1	92.571	350	15	10	5	347	1112	767	7.64e-139	492
4fc0afe6-8cf8-4afc-92c8-c863109c8d99	NR_116213.1	92.571	350	15	10	5	347	1112	767	7.64e-139	492
573ca2ec-9569-41f1-8304-66441c4e2b34	NR_026419.1	95.665	346	5	8	13	350	344	1	1.67e-155	547
573ca2ec-9569-41f1-8304-66441c4e2b34	NR_025903.1	92.655	354	15	8	13	358	356	6	4.75e-141	499
573ca2ec-9569-41f1-8304-66441c4e2b34	NR_025904.1	92.373	354	16	8	13	358	355	5	2.21e-139	494
573ca2ec-9569-41f1-8304-66441c4e2b34	NR_133753.1	92.581	310	13	7	13	315	310	4	3.78e-122	436
573ca2ec-9569-41f1-8304-66441c4e2b34	NR_036920.1	89.266	354	24	11	13	358	349	2	1.76e-120	431
277375ac-c671-40d5-8034-cf6273a1c0f9	NR_117792.1	92.941	170	6	3	4	167	170	1	6.14e-64	243
277375ac-c671-40d5-8034-cf6273a1c0f9	NR_179631.1	81.818	264	28	14	4	255	268	13	2.90e-52	204
277375ac-c671-40d5-8034-cf6273a1c0f9	NR_116747.1	87.879	165	14	4	4	162	221	57	8.11e-48	189
277375ac-c671-40d5-8034-cf6273a1c0f9	NR_036777.1	88.050	159	13	3	10	162	247	89	3.77e-46	183
277375ac-c671-40d5-8034-cf6273a1c0f9	NR_115502.1	88.050	159	13	3	10	162	262	104	3.77e-46	183
c9902148-c035-49c8-8246-038bd0f58d20	NR_114395.1	92.250	400	14	14	1	391	1100	1491	1.41e-156	551
c9902148-c035-49c8-8246-038bd0f58d20	NR_144691.1	91.521	401	15	14	1	391	1113	1504	1.42e-151	534
c9902148-c035-49c8-8246-038bd0f58d20	NR_179528.1	92.051	390	13	15	1	381	1085	1465	5.10e-151	532
c9902148-c035-49c8-8246-038bd0f58d20	NR_179535.1	91.000	400	14	17	1	391	1103	1489	3.97e-147	520
c9902148-c035-49c8-8246-038bd0f58d20	NR_025521.1	90.524	401	19	15	1	391	1097	1488	6.64e-145	512
f7ed7b10-eec2-4680-ab58-a55b053e5f5e	NR_036936.1	97.450	1098	21	5	1	1095	378	1471	0.0	1866
f7ed7b10-eec2-4680-ab58-a55b053e5f5e	NR_109720.1	97.617	1091	17	6	1	1087	372	1457	0.0	1862
f7ed7b10-eec2-4680-ab58-a55b053e5f5e	NR_179383.1	97.280	1103	21	6	1	1099	403	1500	0.0	1862
f7ed7b10-eec2-4680-ab58-a55b053e5f5e	NR_115735.1	97.278	1102	20	7	1	1098	369	1464	0.0	1860
f7ed7b10-eec2-4680-ab58-a55b053e5f5e	NR_024842.1	97.189	1103	21	7	1	1099	393	1489	0.0	1858
1f9d1c13-21d1-4dec-90bd-dc72b06d178b	NR_042776.1	94.474	380	11	9	1	373	1220	844	2.25e-164	577
1f9d1c13-21d1-4dec-90bd-dc72b06d178b	NR_042777.1	94.474	380	11	9	1	373	1219	843	2.25e-164	577
1f9d1c13-21d1-4dec-90bd-dc72b06d178b	NR_042778.1	94.474	380	11	9	1	373	1220	844	2.25e-164	577
1f9d1c13-21d1-4dec-90bd-dc72b06d178b	NR_197695.1	94.211	380	12	9	1	373	1219	843	1.04e-162	571
1f9d1c13-21d1-4dec-90bd-dc72b06d178b	NR_024659.1	93.684	380	14	9	1	373	1176	800	2.26e-159	560
7ee2a831-2080-4eaa-b53f-80bf17131fc3	NR_036936.1	92.130	432	22	11	7	430	164	591	1.52e-171	601
7ee2a831-2080-4eaa-b53f-80bf17131fc3	NR_117719.1	91.972	436	23	10	3	430	178	609	1.52e-171	601
7ee2a831-2080-4eaa-b53f-80bf17131fc3	NR_175455.1	91.972	436	23	10	3	430	166	597	1.52e-171	601
7ee2a831-2080-4eaa-b53f-80bf17131fc3	NR_165747.1	92.093	430	22	11	9	430	164	589	7.09e-170	595
7ee2a831-2080-4eaa-b53f-80bf17131fc3	NR_180625.1	91.743	436	24	10	3	430	140	571	7.09e-170	595
6e1c8081-6074-4da9-8719-637df82be313	NR_179325.1	97.736	1060	12	11	1	1050	402	1459	0.0	1814
6e1c8081-6074-4da9-8719-637df82be313	NR_115355.1	97.547	1060	14	11	1	1050	428	1485	0.0	1803
6e1c8081-6074-4da9-8719-637df82be313	NR_119169.1	97.264	1060	17	11	1	1050	433	1490	0.0	1790
6e1c8081-6074-4da9-8719-637df82be313	NR_163639.1	97.361	1061	13	14	1	1050	444	1500	0.0	1790
6e1c8081-6074-4da9-8719-637df82be313	NR_074980.1	96.887	1060	21	11	1	1050	455	1512	0.0	1764
c26feb9e-88c8-4f06-939f-4a77ca884027	NR_136788.1	96.287	808	19	9	5	809	366	1165	0.0	1315
c26feb9e-88c8-4f06-939f-4a77ca884027	NR_026230.1	92.602	811	43	12	5	809	344	1143	0.0	1155
c26feb9e-88c8-4f06-939f-4a77ca884027	NR_113082.1	92.469	810	46	13	5	809	366	1165	0.0	1144
c26feb9e-88c8-4f06-939f-4a77ca884027	NR_040839.1	86.725	806	90	16	5	804	366	1160	0.0	880
c26feb9e-88c8-4f06-939f-4a77ca884027	NR_074140.1	86.725	806	90	16	5	804	331	1125	0.0	880
7aee3f28-f789-46a3-a089-36f21fa44c5e	NR_074568.1	95.161	124	5	1	1	124	135	13	7.60e-50	195
7aee3f28-f789-46a3-a089-36f21fa44c5e	NR_044712.2	95.161	124	5	1	1	124	144	22	7.60e-50	195
7aee3f28-f789-46a3-a089-36f21fa44c5e	NR_044873.1	94.355	124	6	1	1	124	124	2	3.54e-48	189
7aee3f28-f789-46a3-a089-36f21fa44c5e	NR_109752.1	93.548	124	7	1	1	124	145	23	1.65e-46	183
7aee3f28-f789-46a3-a089-36f21fa44c5e	NR_179993.1	93.548	124	7	1	1	124	135	13	1.65e-46	183
cefdc01b-6be5-4898-8db6-80d37041ed69	NR_115355.1	94.792	864	24	13	1	853	854	1	0.0	1330
cefdc01b-6be5-4898-8db6-80d37041ed69	NR_119169.1	94.694	867	25	13	1	856	859	3	0.0	1330
cefdc01b-6be5-4898-8db6-80d37041ed69	NR_074980.1	94.205	880	30	13	1	869	881	12	0.0	1323
cefdc01b-6be5-4898-8db6-80d37041ed69	NR_113031.1	94.205	880	30	13	1	869	881	12	0.0	1323
cefdc01b-6be5-4898-8db6-80d37041ed69	NR_043332.1	94.213	864	29	13	1	853	854	1	0.0	1301
276d1b16-318b-4518-a25f-befe165bafb2	NR_180629.1	92.272	1307	56	35	6	1286	1312	25	0.0	1812
276d1b16-318b-4518-a25f-befe165bafb2	NR_199544.1	92.272	1307	56	35	6	1286	1308	21	0.0	1812
276d1b16-318b-4518-a25f-befe165bafb2	NR_179383.1	92.196	1307	57	35	6	1286	1357	70	0.0	1807
276d1b16-318b-4518-a25f-befe165bafb2	NR_028664.1	92.119	1307	58	35	6	1286	1353	66	0.0	1801
276d1b16-318b-4518-a25f-befe165bafb2	NR_115240.1	92.119	1307	58	35	6	1286	1330	43	0.0	1801
840613d1-bc77-4987-9ca9-20add156173a	NR_043604.1	96.563	1222	17	17	1	1203	1216	1	0.0	2001
840613d1-bc77-4987-9ca9-20add156173a	NR_118512.1	96.563	1222	17	17	1	1203	1216	1	0.0	2001
840613d1-bc77-4987-9ca9-20add156173a	NR_197757.1	93.922	1234	47	20	1	1214	1235	10	0.0	1838
840613d1-bc77-4987-9ca9-20add156173a	NR_043607.1	93.067	1226	51	26	1	1203	1215	1	0.0	1762
840613d1-bc77-4987-9ca9-20add156173a	NR_118524.1	93.067	1226	51	26	1	1203	1215	1	0.0	1762
f7ad1113-6ec5-4e9c-9e45-871843235288	NR_028664.1	92.397	776	33	25	1	759	787	21	0.0	1083
f7ad1113-6ec5-4e9c-9e45-871843235288	NR_165747.1	92.506	774	30	24	1	756	764	1	0.0	1083
f7ad1113-6ec5-4e9c-9e45-871843235288	NR_115240.1	92.377	774	31	24	1	756	764	1	0.0	1077
f7ad1113-6ec5-4e9c-9e45-871843235288	NR_042928.1	92.248	774	32	24	1	756	764	1	0.0	1072
f7ad1113-6ec5-4e9c-9e45-871843235288	NR_117719.1	92.149	777	33	24	1	759	784	18	0.0	1072
37006eeb-f973-4b03-b856-13dd597183f8	NR_028682.1	94.226	381	10	10	1	373	1121	1497	1.05e-162	571
37006eeb-f973-4b03-b856-13dd597183f8	NR_025435.1	93.140	379	14	10	4	375	1121	1494	6.37e-155	545
37006eeb-f973-4b03-b856-13dd597183f8	NR_024817.1	93.085	376	19	6	4	375	1107	1479	6.37e-155	545
37006eeb-f973-4b03-b856-13dd597183f8	NR_036793.2	92.612	379	16	10	4	375	1132	1505	1.38e-151	534
37006eeb-f973-4b03-b856-13dd597183f8	NR_042061.1	92.612	379	16	10	4	375	1114	1487	1.38e-151	534
512045c2-4fbc-4882-bafb-3277231a4535	NR_042927.1	94.809	732	19	12	1	726	695	1413	0.0	1123
512045c2-4fbc-4882-bafb-3277231a4535	NR_114413.1	94.809	732	19	12	1	726	718	1436	0.0	1123
512045c2-4fbc-4882-bafb-3277231a4535	NR_115734.1	94.809	732	19	12	1	726	696	1414	0.0	1123
512045c2-4fbc-4882-bafb-3277231a4535	NR_179385.1	94.809	732	19	12	1	726	717	1435	0.0	1123
512045c2-4fbc-4882-bafb-3277231a4535	NR_199544.1	94.809	732	19	12	1	726	671	1389	0.0	1123
fbfc75d0-198a-4254-ad31-48f04a19f0c3	NR_044873.1	89.152	507	27	25	4	492	1277	781	3.78e-173	606
fbfc75d0-198a-4254-ad31-48f04a19f0c3	NR_074568.1	88.560	507	30	24	4	492	1287	791	3.81e-168	590
fbfc75d0-198a-4254-ad31-48f04a19f0c3	NR_044712.2	88.363	507	31	24	4	492	1296	800	4.93e-167	586
fbfc75d0-198a-4254-ad31-48f04a19f0c3	NR_025310.1	87.795	508	32	26	4	492	1267	771	1.79e-161	568
fbfc75d0-198a-4254-ad31-48f04a19f0c3	NR_116745.1	87.574	507	35	24	4	492	1291	795	8.31e-160	562
1f3d5ddc-51a3-4e56-a302-e7c0c9646bfa	NR_115354.1	92.337	261	13	6	1	256	1224	1482	1.27e-100	364
1f3d5ddc-51a3-4e56-a302-e7c0c9646bfa	NR_115355.1	91.954	261	14	6	1	256	1224	1482	5.92e-99	359
1f3d5ddc-51a3-4e56-a302-e7c0c9646bfa	NR_119170.1	91.954	261	14	6	1	256	1229	1487	5.92e-99	359
1f3d5ddc-51a3-4e56-a302-e7c0c9646bfa	NR_163639.1	91.954	261	14	6	1	256	1239	1497	5.92e-99	359
1f3d5ddc-51a3-4e56-a302-e7c0c9646bfa	NR_179325.1	91.954	261	14	6	1	256	1198	1456	5.92e-99	359
e167aedf-ecf2-4f31-8a65-5cfe9d6543f4	NR_117694.1	93.522	494	13	15	5	489	1389	906	0.0	717
e167aedf-ecf2-4f31-8a65-5cfe9d6543f4	NR_041989.1	93.320	494	14	14	5	489	1347	864	0.0	712
e167aedf-ecf2-4f31-8a65-5cfe9d6543f4	NR_104947.1	93.117	494	15	14	5	489	1362	879	0.0	706
e167aedf-ecf2-4f31-8a65-5cfe9d6543f4	NR_117717.1	93.117	494	15	14	5	489	1409	926	0.0	706
e167aedf-ecf2-4f31-8a65-5cfe9d6543f4	NR_121687.1	93.117	494	15	14	5	489	1409	926	0.0	706
cfb88df9-cdb8-40eb-ab33-f271049bd213	NR_024842.1	95.317	363	8	7	6	364	1131	1488	1.32e-161	568
cfb88df9-cdb8-40eb-ab33-f271049bd213	NR_115735.1	95.317	363	8	7	6	364	1107	1464	1.32e-161	568
cfb88df9-cdb8-40eb-ab33-f271049bd213	NR_178262.1	95.041	363	8	8	7	364	1011	1368	6.13e-160	562
cfb88df9-cdb8-40eb-ab33-f271049bd213	NR_179215.1	95.041	363	8	8	7	364	1133	1490	6.13e-160	562
cfb88df9-cdb8-40eb-ab33-f271049bd213	NR_179720.1	95.041	363	8	8	7	364	1137	1494	6.13e-160	562
c5a5b435-26b8-4317-bd82-e1f79c249952	NR_028682.1	92.557	618	20	20	1	601	1477	869	0.0	863
c5a5b435-26b8-4317-bd82-e1f79c249952	NR_025396.1	91.424	618	26	19	1	601	1447	840	0.0	822
c5a5b435-26b8-4317-bd82-e1f79c249952	NR_116890.1	91.086	617	30	19	1	601	1464	857	0.0	811
c5a5b435-26b8-4317-bd82-e1f79c249952	NR_044929.2	90.438	617	34	18	1	601	1417	810	0.0	798
c5a5b435-26b8-4317-bd82-e1f79c249952	NR_025211.1	90.630	619	31	21	1	601	1468	859	0.0	797
eab32a15-8451-4d9e-a9d4-3ff7a1d25efa	NR_025903.1	98.084	574	6	5	1	571	924	1495	0.0	994
eab32a15-8451-4d9e-a9d4-3ff7a1d25efa	NR_025904.1	97.387	574	10	5	1	571	923	1494	0.0	972
eab32a15-8451-4d9e-a9d4-3ff7a1d25efa	NR_133752.1	98.182	550	6	4	1	547	849	1397	0.0	957
eab32a15-8451-4d9e-a9d4-3ff7a1d25efa	NR_133753.1	98.182	550	6	4	1	547	878	1426	0.0	957
eab32a15-8451-4d9e-a9d4-3ff7a1d25efa	NR_026419.1	96.690	574	15	4	1	571	912	1484	0.0	952
43fcabf4-a7c9-47f0-aab7-f59dcd74ab52	NR_044873.1	95.947	987	21	15	1	973	1230	249	0.0	1583
43fcabf4-a7c9-47f0-aab7-f59dcd74ab52	NR_074568.1	94.283	997	36	17	1	982	1240	250	0.0	1506
43fcabf4-a7c9-47f0-aab7-f59dcd74ab52	NR_109752.1	94.320	986	38	15	1	973	1251	271	0.0	1495
43fcabf4-a7c9-47f0-aab7-f59dcd74ab52	NR_178360.1	94.320	986	38	15	1	973	1207	227	0.0	1495
43fcabf4-a7c9-47f0-aab7-f59dcd74ab52	NR_044712.2	93.882	997	40	17	1	982	1249	259	0.0	1491
1fa9dc99-2222-466e-9147-3791a46d48c6	NR_116168.1	91.009	545	22	22	1	529	552	19	0.0	710
1fa9dc99-2222-466e-9147-3791a46d48c6	NR_042878.1	90.221	542	26	22	1	526	531	1	0.0	691
1fa9dc99-2222-466e-9147-3791a46d48c6	NR_118762.1	88.440	545	36	22	1	529	555	22	0.0	652
1fa9dc99-2222-466e-9147-3791a46d48c6	NR_025423.1	88.504	548	32	26	1	529	536	1	0.0	634
1fa9dc99-2222-466e-9147-3791a46d48c6	NR_118143.1	87.156	545	39	26	1	526	533	1	4.13e-168	590
03614adc-2e69-4f1f-a680-1b9405bc0346	NR_116168.1	95.333	300	7	7	1	297	1196	1491	3.02e-132	470
03614adc-2e69-4f1f-a680-1b9405bc0346	NR_118762.1	95.517	290	6	7	1	287	1198	1483	2.35e-128	457
03614adc-2e69-4f1f-a680-1b9405bc0346	NR_024897.1	93.023	301	12	9	1	297	1195	1490	1.42e-120	431
03614adc-2e69-4f1f-a680-1b9405bc0346	NR_118655.1	93.772	289	13	5	1	287	1200	1485	1.42e-120	431
03614adc-2e69-4f1f-a680-1b9405bc0346	NR_126284.1	93.836	292	9	9	1	288	1176	1462	1.42e-120	431
358d502f-2f3c-46d3-8258-9b68298ef8dd	NR_024842.1	98.469	784	10	2	1	783	653	1435	0.0	1380
358d502f-2f3c-46d3-8258-9b68298ef8dd	NR_109720.1	98.469	784	10	2	1	783	632	1414	0.0	1380
358d502f-2f3c-46d3-8258-9b68298ef8dd	NR_115735.1	98.469	784	10	2	1	783	629	1411	0.0	1380
358d502f-2f3c-46d3-8258-9b68298ef8dd	NR_036936.1	98.342	784	11	2	1	783	638	1420	0.0	1375
358d502f-2f3c-46d3-8258-9b68298ef8dd	NR_165737.1	98.342	784	11	2	1	783	638	1420	0.0	1375
b0ad2142-5393-49f5-86d2-cd17beff1bc3	NR_044873.1	88.571	1365	83	55	1	1321	1342	7	0.0	1589
b0ad2142-5393-49f5-86d2-cd17beff1bc3	NR_074568.1	87.473	1365	97	56	1	1321	1352	18	0.0	1506
b0ad2142-5393-49f5-86d2-cd17beff1bc3	NR_044712.2	87.179	1365	101	56	1	1321	1361	27	0.0	1493
b0ad2142-5393-49f5-86d2-cd17beff1bc3	NR_109752.1	86.384	1366	111	57	1	1321	1363	28	0.0	1423
b0ad2142-5393-49f5-86d2-cd17beff1bc3	NR_025310.1	86.354	1363	110	58	1	1318	1332	1	0.0	1417
0e56b057-d668-4c99-96f5-f6ef0da6b056	NR_026093.1	94.964	556	5	19	6	541	963	411	0.0	850
0e56b057-d668-4c99-96f5-f6ef0da6b056	NR_102936.1	94.964	556	5	19	6	541	1056	504	0.0	850
0e56b057-d668-4c99-96f5-f6ef0da6b056	NR_113159.1	94.964	556	5	19	6	541	1056	504	0.0	850
0e56b057-d668-4c99-96f5-f6ef0da6b056	NR_036819.1	93.896	557	9	19	6	541	1037	485	0.0	817
0e56b057-d668-4c99-96f5-f6ef0da6b056	NR_113038.1	93.896	557	9	19	6	541	1057	505	0.0	817
e328ad15-7f08-4376-9e5d-168a950f3fc9	NR_115355.1	95.000	1480	43	20	6	1462	11	1482	0.0	2298
e328ad15-7f08-4376-9e5d-168a950f3fc9	NR_119169.1	94.797	1480	46	20	6	1462	16	1487	0.0	2285
e328ad15-7f08-4376-9e5d-168a950f3fc9	NR_163639.1	94.865	1480	41	25	6	1462	30	1497	0.0	2279
e328ad15-7f08-4376-9e5d-168a950f3fc9	NR_179325.1	94.877	1464	43	21	23	1462	1	1456	0.0	2259
e328ad15-7f08-4376-9e5d-168a950f3fc9	NR_043332.1	94.189	1480	55	20	6	1462	11	1482	0.0	2233
7ddaa3c5-ac96-4f24-989c-e9e7e1c4ef71	NR_117694.1	93.481	767	18	24	24	768	975	219	0.0	1110
7ddaa3c5-ac96-4f24-989c-e9e7e1c4ef71	NR_121687.1	92.699	767	24	24	24	768	995	239	0.0	1077
7ddaa3c5-ac96-4f24-989c-e9e7e1c4ef71	NR_041988.1	92.438	767	26	25	24	768	933	177	0.0	1066
7ddaa3c5-ac96-4f24-989c-e9e7e1c4ef71	NR_041989.1	92.318	768	25	26	24	768	933	177	0.0	1061
7ddaa3c5-ac96-4f24-989c-e9e7e1c4ef71	NR_104946.1	92.177	767	28	25	24	768	938	182	0.0	1055
da2d3589-bb3f-423a-9c6e-8677522f8b5d	NR_044873.1	94.830	677	25	10	1	673	674	4	0.0	1048
da2d3589-bb3f-423a-9c6e-8677522f8b5d	NR_074568.1	92.910	677	37	10	1	673	684	15	0.0	974
da2d3589-bb3f-423a-9c6e-8677522f8b5d	NR_044712.2	92.467	677	40	10	1	673	693	24	0.0	963
da2d3589-bb3f-423a-9c6e-8677522f8b5d	NR_109752.1	91.433	677	48	10	1	673	695	25	0.0	920
da2d3589-bb3f-423a-9c6e-8677522f8b5d	NR_025310.1	91.493	670	48	9	1	667	664	1	0.0	913
8ff909f8-7e91-4b57-92d3-e2ee30fea713	NR_024842.1	89.126	984	56	39	13	956	980	8	0.0	1181
8ff909f8-7e91-4b57-92d3-e2ee30fea713	NR_115241.1	89.242	976	54	39	13	948	965	1	0.0	1173
8ff909f8-7e91-4b57-92d3-e2ee30fea713	NR_115735.1	89.337	966	54	37	13	939	956	1	0.0	1168
8ff909f8-7e91-4b57-92d3-e2ee30fea713	NR_178515.1	89.150	977	53	40	13	948	965	1	0.0	1168
8ff909f8-7e91-4b57-92d3-e2ee30fea713	NR_156072.1	87.842	987	63	43	13	956	985	13	0.0	1105
ccccc1f9-9245-4dd7-b688-74fb37bcf99b	NR_041879.1	94.028	787	25	20	23	793	133	913	0.0	1173
ccccc1f9-9245-4dd7-b688-74fb37bcf99b	NR_115355.1	94.028	787	25	20	23	793	176	956	0.0	1173
ccccc1f9-9245-4dd7-b688-74fb37bcf99b	NR_119169.1	93.617	799	27	21	11	793	171	961	0.0	1173
ccccc1f9-9245-4dd7-b688-74fb37bcf99b	NR_179325.1	94.028	787	25	20	23	793	150	930	0.0	1173
ccccc1f9-9245-4dd7-b688-74fb37bcf99b	NR_113570.1	93.520	787	29	20	23	793	183	963	0.0	1151
8a94afa1-5b84-436b-8454-9c2bb0f9ded9	NR_042776.1	93.134	568	19	15	1	554	89	650	0.0	815
8a94afa1-5b84-436b-8454-9c2bb0f9ded9	NR_042777.1	92.958	568	19	16	1	554	89	649	0.0	808
8a94afa1-5b84-436b-8454-9c2bb0f9ded9	NR_197695.1	93.214	560	18	15	9	554	96	649	0.0	806
8a94afa1-5b84-436b-8454-9c2bb0f9ded9	NR_042778.1	92.782	568	21	15	1	554	89	650	0.0	804
8a94afa1-5b84-436b-8454-9c2bb0f9ded9	NR_118998.1	92.077	568	25	15	1	554	84	645	0.0	784
26a225bb-b4bb-44c3-b63c-1ea2af0720d4	NR_028664.1	89.499	419	18	19	1	403	541	133	3.20e-143	507
26a225bb-b4bb-44c3-b63c-1ea2af0720d4	NR_115240.1	89.499	419	18	19	1	403	518	110	3.20e-143	507
26a225bb-b4bb-44c3-b63c-1ea2af0720d4	NR_115732.1	89.499	419	18	19	1	403	520	112	3.20e-143	507
26a225bb-b4bb-44c3-b63c-1ea2af0720d4	NR_165741.1	89.499	419	18	19	1	403	527	119	3.20e-143	507
26a225bb-b4bb-44c3-b63c-1ea2af0720d4	NR_180629.1	89.499	419	18	19	1	403	500	92	3.20e-143	507
09880519-5425-480d-bca0-ff927b1abae2	NR_125571.1	92.137	496	25	12	1	483	1097	603	0.0	688
09880519-5425-480d-bca0-ff927b1abae2	NR_125570.1	91.935	496	26	12	1	483	1055	561	0.0	682
09880519-5425-480d-bca0-ff927b1abae2	NR_029097.1	91.734	496	27	12	1	483	1073	579	0.0	676
09880519-5425-480d-bca0-ff927b1abae2	NR_181885.1	87.708	480	45	14	17	483	1101	623	2.28e-155	547
09880519-5425-480d-bca0-ff927b1abae2	NR_113410.1	86.774	499	48	17	1	483	1041	545	3.81e-153	540
47da7cfa-63b2-4378-ab0a-7f49db1a5da8	NR_028664.1	94.593	1461	33	34	5	1445	1449	15	0.0	2218
47da7cfa-63b2-4378-ab0a-7f49db1a5da8	NR_199545.1	94.460	1462	35	34	4	1445	1447	12	0.0	2209
47da7cfa-63b2-4378-ab0a-7f49db1a5da8	NR_179383.1	94.456	1461	35	34	5	1445	1453	19	0.0	2207
47da7cfa-63b2-4378-ab0a-7f49db1a5da8	NR_179385.1	94.391	1462	36	34	4	1445	1451	16	0.0	2204
47da7cfa-63b2-4378-ab0a-7f49db1a5da8	NR_115240.1	94.559	1452	33	34	5	1436	1426	1	0.0	2202
dba573af-3511-4622-9900-2040c657c8fa	NR_028664.1	92.806	278	10	7	1	274	664	393	1.72e-109	394
dba573af-3511-4622-9900-2040c657c8fa	NR_042927.1	92.806	278	10	7	1	274	643	372	1.72e-109	394
dba573af-3511-4622-9900-2040c657c8fa	NR_042928.1	92.806	278	10	7	1	274	641	370	1.72e-109	394
dba573af-3511-4622-9900-2040c657c8fa	NR_112026.1	92.806	278	10	7	1	274	624	353	1.72e-109	394
dba573af-3511-4622-9900-2040c657c8fa	NR_114413.1	92.806	278	10	7	1	274	666	395	1.72e-109	394
d13d852f-1778-4194-9893-7f6448037b19	NR_113105.1	95.603	614	9	16	5	611	603	1	0.0	968
d13d852f-1778-4194-9893-7f6448037b19	NR_044407.1	95.545	606	9	16	5	603	595	1	0.0	953
d13d852f-1778-4194-9893-7f6448037b19	NR_109628.1	92.751	607	26	16	5	604	596	1	0.0	861
d13d852f-1778-4194-9893-7f6448037b19	NR_113124.1	92.345	614	29	15	5	611	615	13	0.0	857
d13d852f-1778-4194-9893-7f6448037b19	NR_029148.1	91.857	614	32	15	5	611	623	21	0.0	848
7278ad85-2208-4abe-a93e-ccb89cc6d793	NR_116168.1	95.584	634	18	8	7	634	643	14	0.0	1007
7278ad85-2208-4abe-a93e-ccb89cc6d793	NR_042878.1	94.888	626	22	8	7	626	622	1	0.0	979
7278ad85-2208-4abe-a93e-ccb89cc6d793	NR_118762.1	93.228	635	33	8	7	635	646	16	0.0	948
7278ad85-2208-4abe-a93e-ccb89cc6d793	NR_025423.1	92.210	629	37	10	9	629	625	1	0.0	880
7278ad85-2208-4abe-a93e-ccb89cc6d793	NR_118143.1	91.720	628	40	10	7	626	624	1	0.0	863
7b38ed71-7c0f-4f74-bdb2-b1690ffee87f	NR_136788.1	97.631	971	12	9	1	965	978	13	0.0	1655
7b38ed71-7c0f-4f74-bdb2-b1690ffee87f	NR_026230.1	94.393	963	39	13	1	955	956	1	0.0	1485
7b38ed71-7c0f-4f74-bdb2-b1690ffee87f	NR_113125.1	86.531	980	98	24	1	965	973	13	0.0	1048
7b38ed71-7c0f-4f74-bdb2-b1690ffee87f	NR_113076.1	86.285	977	108	21	1	965	963	1	0.0	1038
7b38ed71-7c0f-4f74-bdb2-b1690ffee87f	NR_040839.1	86.313	979	99	25	1	963	978	19	0.0	1033
5a3d46a2-e352-413e-8553-36c99837e4d3	NR_026094.1	88.770	374	23	15	1	363	410	45	2.94e-123	440
5a3d46a2-e352-413e-8553-36c99837e4d3	NR_113368.1	88.770	374	23	15	1	363	410	45	2.94e-123	440
5a3d46a2-e352-413e-8553-36c99837e4d3	NR_044777.1	87.166	374	27	17	1	363	388	25	1.07e-112	405
5a3d46a2-e352-413e-8553-36c99837e4d3	NR_119228.1	86.933	375	27	18	1	363	373	9	1.39e-111	401
5a3d46a2-e352-413e-8553-36c99837e4d3	NR_179851.1	85.149	303	29	12	1	293	394	98	6.72e-80	296
33cb7e0e-0049-4a55-ba75-90aff05a627d	NR_026419.1	96.065	432	8	9	1	427	428	1	0.0	695
33cb7e0e-0049-4a55-ba75-90aff05a627d	NR_025903.1	93.651	441	17	11	1	436	440	6	0.0	649
33cb7e0e-0049-4a55-ba75-90aff05a627d	NR_025904.1	93.424	441	18	11	1	436	439	5	0.0	643
33cb7e0e-0049-4a55-ba75-90aff05a627d	NR_133753.1	93.734	399	15	10	1	394	394	1	3.36e-168	590
33cb7e0e-0049-4a55-ba75-90aff05a627d	NR_036920.1	90.682	440	29	12	1	436	433	2	9.42e-164	575
a4bd882b-7f08-4898-89ab-f32eec2036d9	NR_024842.1	88.504	548	31	23	8	531	950	1489	0.0	634
a4bd882b-7f08-4898-89ab-f32eec2036d9	NR_115735.1	88.483	547	31	23	8	530	926	1464	0.0	632
a4bd882b-7f08-4898-89ab-f32eec2036d9	NR_117719.1	88.160	549	32	24	8	531	953	1493	4.09e-178	623
a4bd882b-7f08-4898-89ab-f32eec2036d9	NR_179383.1	88.160	549	32	24	8	531	960	1500	4.09e-178	623
a4bd882b-7f08-4898-89ab-f32eec2036d9	NR_179540.1	88.139	548	33	23	8	531	953	1492	4.09e-178	623
7ea6fc95-45ec-46a0-bcb4-49b114ec05fb	NR_115355.1	99.301	1145	4	4	1	1143	343	1485	0.0	2067
7ea6fc95-45ec-46a0-bcb4-49b114ec05fb	NR_179325.1	99.301	1145	4	4	1	1143	317	1459	0.0	2067
7ea6fc95-45ec-46a0-bcb4-49b114ec05fb	NR_119169.1	98.952	1145	8	4	1	1143	348	1490	0.0	2050
7ea6fc95-45ec-46a0-bcb4-49b114ec05fb	NR_163639.1	98.866	1146	3	10	1	1143	362	1500	0.0	2036
7ea6fc95-45ec-46a0-bcb4-49b114ec05fb	NR_113570.1	98.604	1146	11	5	1	1143	350	1493	0.0	2023
806255a9-cd6d-4452-bf28-7d429d2cef7a	NR_179540.1	95.703	1117	25	19	14	1112	386	1497	0.0	1775
806255a9-cd6d-4452-bf28-7d429d2cef7a	NR_117719.1	95.613	1117	27	18	14	1112	386	1498	0.0	1772
806255a9-cd6d-4452-bf28-7d429d2cef7a	NR_028664.1	95.524	1117	28	18	14	1112	389	1501	0.0	1766
806255a9-cd6d-4452-bf28-7d429d2cef7a	NR_179383.1	95.524	1117	28	18	14	1112	393	1505	0.0	1766
806255a9-cd6d-4452-bf28-7d429d2cef7a	NR_042927.1	95.668	1108	26	18	14	1103	368	1471	0.0	1760
4d3a7233-81f9-4e83-8a96-83eb1957cd3a	NR_133752.1	94.415	573	23	7	2	571	772	1338	0.0	872
4d3a7233-81f9-4e83-8a96-83eb1957cd3a	NR_133753.1	94.415	573	23	7	2	571	801	1367	0.0	872
4d3a7233-81f9-4e83-8a96-83eb1957cd3a	NR_025903.1	94.415	573	23	7	2	571	847	1413	0.0	872
4d3a7233-81f9-4e83-8a96-83eb1957cd3a	NR_025904.1	93.892	573	26	7	2	571	846	1412	0.0	856
4d3a7233-81f9-4e83-8a96-83eb1957cd3a	NR_026419.1	93.019	573	31	8	2	571	835	1401	0.0	828
58a1f8f9-8d50-4244-baf8-94f3e58e6e9f	NR_025903.1	92.263	853	30	30	37	870	663	1498	0.0	1177
58a1f8f9-8d50-4244-baf8-94f3e58e6e9f	NR_025904.1	91.794	853	34	31	37	870	662	1497	0.0	1155
58a1f8f9-8d50-4244-baf8-94f3e58e6e9f	NR_026419.1	91.559	853	37	30	37	870	651	1487	0.0	1144
58a1f8f9-8d50-4244-baf8-94f3e58e6e9f	NR_133752.1	92.131	826	30	29	37	843	588	1397	0.0	1133
58a1f8f9-8d50-4244-baf8-94f3e58e6e9f	NR_133753.1	92.131	826	30	29	37	843	617	1426	0.0	1133
d2bd2844-fe0d-4b9e-ab6d-468a96e121dd	NR_044873.1	91.655	731	29	26	1	706	735	1458	0.0	983
d2bd2844-fe0d-4b9e-ab6d-468a96e121dd	NR_074568.1	90.535	729	39	24	1	706	745	1466	0.0	937
d2bd2844-fe0d-4b9e-ab6d-468a96e121dd	NR_043968.1	90.411	730	38	27	1	706	703	1424	0.0	931
d2bd2844-fe0d-4b9e-ab6d-468a96e121dd	NR_044712.2	90.569	721	38	25	1	698	754	1467	0.0	928
d2bd2844-fe0d-4b9e-ab6d-468a96e121dd	NR_025310.1	89.877	731	42	27	1	706	725	1448	0.0	911
4cdf1fad-c155-4813-b163-b514712ae270	NR_125571.1	94.830	677	19	11	5	672	1345	676	0.0	1042
4cdf1fad-c155-4813-b163-b514712ae270	NR_029097.1	94.675	676	22	12	5	672	1321	652	0.0	1037
4cdf1fad-c155-4813-b163-b514712ae270	NR_125570.1	94.682	677	20	11	5	672	1303	634	0.0	1037
4cdf1fad-c155-4813-b163-b514712ae270	NR_042832.1	89.676	678	53	15	5	672	1362	692	0.0	850
4cdf1fad-c155-4813-b163-b514712ae270	NR_156077.1	89.265	680	52	18	5	672	1367	697	0.0	832
9544ca93-2315-4652-b7a3-303a001e3e4b	NR_115355.1	90.816	1274	66	44	1	1234	1263	1	0.0	1661
9544ca93-2315-4652-b7a3-303a001e3e4b	NR_119169.1	90.618	1279	69	44	1	1239	1268	1	0.0	1657
9544ca93-2315-4652-b7a3-303a001e3e4b	NR_163639.1	90.654	1284	63	48	1	1243	1278	11	0.0	1653
9544ca93-2315-4652-b7a3-303a001e3e4b	NR_179325.1	91.186	1248	60	43	1	1209	1237	1	0.0	1650
9544ca93-2315-4652-b7a3-303a001e3e4b	NR_074980.1	90.179	1283	75	44	1	1243	1290	19	0.0	1624
a9ff2b49-de2e-4e8b-aaee-37e53d040f31	NR_117694.1	93.118	712	28	15	1	705	1426	729	0.0	1024
a9ff2b49-de2e-4e8b-aaee-37e53d040f31	NR_025892.1	92.697	712	31	15	1	705	1451	754	0.0	1013
a9ff2b49-de2e-4e8b-aaee-37e53d040f31	NR_117692.1	92.837	712	30	15	1	705	1426	729	0.0	1013
a9ff2b49-de2e-4e8b-aaee-37e53d040f31	NR_025902.1	92.556	712	32	15	1	705	1404	707	0.0	1002
a9ff2b49-de2e-4e8b-aaee-37e53d040f31	NR_104947.1	92.556	712	32	15	1	705	1399	702	0.0	1002
78969c88-3438-4749-81b1-dfb327ce0855	NR_199545.1	95.972	1291	20	24	1	1272	220	1497	0.0	2067
78969c88-3438-4749-81b1-dfb327ce0855	NR_179385.1	95.895	1291	21	24	1	1272	224	1501	0.0	2061
78969c88-3438-4749-81b1-dfb327ce0855	NR_028665.1	95.659	1290	26	23	1	1272	217	1494	0.0	2047
78969c88-3438-4749-81b1-dfb327ce0855	NR_028664.1	95.666	1292	23	25	1	1272	223	1501	0.0	2045
78969c88-3438-4749-81b1-dfb327ce0855	NR_165744.1	95.931	1278	23	22	1	1261	209	1474	0.0	2045
7b43a4a1-19b5-43d7-8fef-bb815764d55e	NR_115355.1	95.062	324	8	7	1	320	1168	1487	3.23e-142	503
7b43a4a1-19b5-43d7-8fef-bb815764d55e	NR_163639.1	95.062	324	8	7	1	320	1183	1502	3.23e-142	503
7b43a4a1-19b5-43d7-8fef-bb815764d55e	NR_179325.1	95.062	324	8	7	1	320	1142	1461	3.23e-142	503
7b43a4a1-19b5-43d7-8fef-bb815764d55e	NR_119169.1	94.753	324	9	7	1	320	1173	1492	1.50e-140	497
7b43a4a1-19b5-43d7-8fef-bb815764d55e	NR_115354.1	94.444	324	10	7	1	320	1168	1487	7.00e-139	492
987b28d7-f539-463a-9822-057b3080771a	NR_028664.1	91.724	580	37	9	24	598	602	29	0.0	795
987b28d7-f539-463a-9822-057b3080771a	NR_114172.1	91.724	580	37	9	24	598	579	6	0.0	795
987b28d7-f539-463a-9822-057b3080771a	NR_115240.1	91.724	580	37	9	24	598	579	6	0.0	795
987b28d7-f539-463a-9822-057b3080771a	NR_027214.1	91.724	580	37	9	24	598	579	6	0.0	795
987b28d7-f539-463a-9822-057b3080771a	NR_115239.1	91.552	580	38	9	24	598	579	6	0.0	789
883588af-ac88-409d-a5d8-fa4db4aec669	NR_116168.1	94.650	972	26	18	1	954	482	1445	0.0	1483
883588af-ac88-409d-a5d8-fa4db4aec669	NR_118762.1	93.924	971	34	17	1	954	485	1447	0.0	1461
883588af-ac88-409d-a5d8-fa4db4aec669	NR_042878.1	94.286	910	26	18	1	892	461	1362	0.0	1371
883588af-ac88-409d-a5d8-fa4db4aec669	NR_025423.1	92.086	973	49	20	1	954	466	1429	0.0	1345
883588af-ac88-409d-a5d8-fa4db4aec669	NR_114764.1	91.967	971	48	22	4	954	467	1427	0.0	1338
1660ade8-505f-4ba6-a90b-28df4584c80d	NR_026419.1	96.813	753	8	10	1	742	1235	488	0.0	1243
1660ade8-505f-4ba6-a90b-28df4584c80d	NR_133752.1	96.282	753	12	10	1	742	1172	425	0.0	1221
1660ade8-505f-4ba6-a90b-28df4584c80d	NR_133753.1	96.282	753	12	10	1	742	1201	454	0.0	1221
1660ade8-505f-4ba6-a90b-28df4584c80d	NR_025904.1	96.282	753	12	10	1	742	1246	499	0.0	1221
1660ade8-505f-4ba6-a90b-28df4584c80d	NR_025903.1	96.282	753	12	10	1	742	1247	500	0.0	1221
19b081be-2be4-4e85-b806-992929c1b838	NR_156072.1	91.289	287	12	10	1	278	1215	1497	4.88e-105	379
19b081be-2be4-4e85-b806-992929c1b838	NR_158064.1	90.909	286	16	7	1	278	1217	1500	6.32e-104	375
19b081be-2be4-4e85-b806-992929c1b838	NR_028665.1	90.941	287	13	10	1	278	1210	1492	2.27e-103	374
19b081be-2be4-4e85-b806-992929c1b838	NR_104972.1	90.941	287	13	10	1	278	1195	1477	2.27e-103	374
19b081be-2be4-4e85-b806-992929c1b838	NR_179385.1	90.941	287	13	10	1	278	1217	1499	2.27e-103	374
dc17c63a-e4c5-462d-810c-4958a1573fad	NR_044873.1	91.797	256	12	7	3	254	849	599	1.31e-95	348
dc17c63a-e4c5-462d-810c-4958a1573fad	NR_151938.1	91.016	256	14	7	3	254	844	594	2.83e-92	337
dc17c63a-e4c5-462d-810c-4958a1573fad	NR_025665.1	90.625	256	15	7	3	254	838	588	1.32e-90	331
dc17c63a-e4c5-462d-810c-4958a1573fad	NR_026188.1	90.625	256	15	7	3	254	851	601	1.32e-90	331
dc17c63a-e4c5-462d-810c-4958a1573fad	NR_026189.1	90.625	256	15	7	3	254	847	597	1.32e-90	331
62794e48-3e80-4c1b-9c0b-f67e30c7e453	NR_029286.1	89.623	106	3	7	16	116	109	7	7.28e-30	128
62794e48-3e80-4c1b-9c0b-f67e30c7e453	NR_041996.1	84.545	110	5	10	16	116	109	3	5.71e-21	99.0
3c6131a1-cc38-41d1-bdaf-35b08048a65f	NR_041880.1	97.059	170	0	2	1	165	170	339	7.95e-76	281
3c6131a1-cc38-41d1-bdaf-35b08048a65f	NR_025762.1	97.059	170	0	2	1	165	192	361	7.95e-76	281
3c6131a1-cc38-41d1-bdaf-35b08048a65f	NR_041879.1	97.059	170	0	2	1	165	171	340	7.95e-76	281
3c6131a1-cc38-41d1-bdaf-35b08048a65f	NR_042940.1	97.059	170	0	2	1	165	126	295	7.95e-76	281
3c6131a1-cc38-41d1-bdaf-35b08048a65f	NR_043332.1	97.059	170	0	2	1	165	214	383	7.95e-76	281
c2e47e10-25b2-418e-86c1-fb62083ccd26	NR_145879.1	97.059	34	1	0	32	65	37	4	5.51e-09	58.4
c2e47e10-25b2-418e-86c1-fb62083ccd26	NR_157679.1	97.059	34	1	0	32	65	34	1	5.51e-09	58.4
e42a54af-b034-435a-b954-21674a78e5cc	NR_113082.1	96.471	85	0	3	1	83	331	248	7.90e-33	137
e42a54af-b034-435a-b954-21674a78e5cc	NR_136788.1	96.471	85	0	3	1	83	331	248	7.90e-33	137
e42a54af-b034-435a-b954-21674a78e5cc	NR_040838.1	94.118	85	2	3	1	83	335	252	1.71e-29	126
e42a54af-b034-435a-b954-21674a78e5cc	NR_074234.1	94.118	85	2	3	1	83	338	255	1.71e-29	126
e42a54af-b034-435a-b954-21674a78e5cc	NR_113086.1	94.118	85	2	3	1	83	331	248	1.71e-29	126
0dda702c-7c9a-460f-83f6-03a638fbe8c9	NR_028682.1	95.294	170	6	2	1	168	182	13	6.36e-72	268
0dda702c-7c9a-460f-83f6-03a638fbe8c9	NR_025862.1	94.611	167	7	2	6	170	177	11	1.06e-69	261
0dda702c-7c9a-460f-83f6-03a638fbe8c9	NR_025863.1	86.471	170	15	8	8	170	179	11	3.07e-45	180
0dda702c-7c9a-460f-83f6-03a638fbe8c9	NR_044938.1	84.337	166	24	2	2	165	168	3	1.11e-39	161
0dda702c-7c9a-460f-83f6-03a638fbe8c9	NR_043095.1	84.211	171	15	9	10	168	184	14	5.17e-38	156
83b86ed8-9e5e-4e98-9be7-53b2e71de900	NR_041880.1	93.631	157	6	4	5	157	754	598	7.61e-61	231
83b86ed8-9e5e-4e98-9be7-53b2e71de900	NR_025762.1	93.631	157	6	4	5	157	776	620	7.61e-61	231
83b86ed8-9e5e-4e98-9be7-53b2e71de900	NR_041879.1	93.631	157	6	4	5	157	755	599	7.61e-61	231
83b86ed8-9e5e-4e98-9be7-53b2e71de900	NR_043332.1	93.631	157	6	4	5	157	798	642	7.61e-61	231
83b86ed8-9e5e-4e98-9be7-53b2e71de900	NR_074980.1	93.631	157	6	4	5	157	825	669	7.61e-61	231
1d01dab3-def7-40fd-b198-eff31ab8187c	NR_024842.1	95.798	119	2	3	1	117	1391	1274	3.68e-48	189
1d01dab3-def7-40fd-b198-eff31ab8187c	NR_036936.1	95.798	119	2	3	1	117	1376	1259	3.68e-48	189
1d01dab3-def7-40fd-b198-eff31ab8187c	NR_025453.1	95.798	119	2	3	1	117	1376	1259	3.68e-48	189
1d01dab3-def7-40fd-b198-eff31ab8187c	NR_028664.1	95.798	119	2	3	1	117	1397	1280	3.68e-48	189
1d01dab3-def7-40fd-b198-eff31ab8187c	NR_028665.1	95.798	119	2	3	1	117	1391	1274	3.68e-48	189
afbc1c78-ec87-4a8f-9aef-978e1edd46a2	NR_025285.1	92.929	198	7	4	1	192	808	612	9.45e-76	281
afbc1c78-ec87-4a8f-9aef-978e1edd46a2	NR_044873.1	92.929	198	7	4	1	192	820	624	9.45e-76	281
afbc1c78-ec87-4a8f-9aef-978e1edd46a2	NR_074568.1	92.929	198	7	4	1	192	830	634	9.45e-76	281
afbc1c78-ec87-4a8f-9aef-978e1edd46a2	NR_044712.2	92.929	198	7	4	1	192	839	643	9.45e-76	281
afbc1c78-ec87-4a8f-9aef-978e1edd46a2	NR_043968.1	92.929	198	7	4	1	192	788	592	9.45e-76	281
50ac2573-7b71-4487-8e67-eb29ae1b54a1	NR_041722.2	100.000	90	0	0	7	96	1420	1509	1.27e-41	167
50ac2573-7b71-4487-8e67-eb29ae1b54a1	NR_028665.1	100.000	90	0	0	7	96	1400	1489	1.27e-41	167
50ac2573-7b71-4487-8e67-eb29ae1b54a1	NR_028736.1	100.000	90	0	0	7	96	1409	1498	1.27e-41	167
50ac2573-7b71-4487-8e67-eb29ae1b54a1	NR_041721.1	100.000	90	0	0	7	96	1408	1497	1.27e-41	167
50ac2573-7b71-4487-8e67-eb29ae1b54a1	NR_112704.1	100.000	90	0	0	7	96	1304	1393	1.27e-41	167
f5064cae-0045-4020-b1c8-6792fdb92d03	NR_044873.1	89.831	236	11	9	20	246	824	593	2.08e-78	291
f5064cae-0045-4020-b1c8-6792fdb92d03	NR_151938.1	89.270	233	12	9	20	243	819	591	4.50e-75	279
f5064cae-0045-4020-b1c8-6792fdb92d03	NR_133767.1	88.511	235	11	11	20	243	833	604	2.71e-72	270
f5064cae-0045-4020-b1c8-6792fdb92d03	NR_025723.1	88.412	233	14	9	20	243	816	588	9.74e-72	268
f5064cae-0045-4020-b1c8-6792fdb92d03	NR_114674.1	88.412	233	14	9	20	243	776	548	9.74e-72	268
77879dca-22e5-4aa0-8aa7-9f34f4d1b1fe	NR_036819.1	97.753	89	0	1	1	89	1356	1442	3.09e-37	152
77879dca-22e5-4aa0-8aa7-9f34f4d1b1fe	NR_102936.1	97.753	89	0	1	1	89	1375	1461	3.09e-37	152
77879dca-22e5-4aa0-8aa7-9f34f4d1b1fe	NR_113038.1	97.753	89	0	1	1	89	1376	1462	3.09e-37	152
77879dca-22e5-4aa0-8aa7-9f34f4d1b1fe	NR_113159.1	97.753	89	0	1	1	89	1375	1461	3.09e-37	152
77879dca-22e5-4aa0-8aa7-9f34f4d1b1fe	NR_173690.1	91.011	89	4	2	1	89	1377	1461	1.13e-26	117
d4f8fe59-3da1-4697-ace6-7642c5d0a06a	NR_042928.1	93.365	211	6	7	1	205	1465	1257	6.13e-83	305
d4f8fe59-3da1-4697-ace6-7642c5d0a06a	NR_115730.1	93.365	211	6	7	1	205	1447	1239	6.13e-83	305
d4f8fe59-3da1-4697-ace6-7642c5d0a06a	NR_134817.1	93.365	211	6	7	1	205	1480	1272	6.13e-83	305
d4f8fe59-3da1-4697-ace6-7642c5d0a06a	NR_179540.1	93.365	211	6	7	1	205	1485	1277	6.13e-83	305
d4f8fe59-3da1-4697-ace6-7642c5d0a06a	NR_042052.1	92.891	211	7	7	1	205	1390	1182	2.85e-81	300
b638fbfa-07be-4479-b205-edd21299be6a	NR_024659.1	96.667	90	3	0	1	90	46	135	1.24e-36	150
b638fbfa-07be-4479-b205-edd21299be6a	NR_024841.1	96.667	90	3	0	2	91	80	169	1.24e-36	150
b638fbfa-07be-4479-b205-edd21299be6a	NR_036936.1	96.667	90	3	0	1	90	65	154	1.24e-36	150
b638fbfa-07be-4479-b205-edd21299be6a	NR_028665.1	96.667	90	3	0	1	90	80	169	1.24e-36	150
b638fbfa-07be-4479-b205-edd21299be6a	NR_042928.1	96.667	90	3	0	1	90	63	152	1.24e-36	150
51c9bdb1-c0e8-4a1d-853c-7c6505f11dc9	NR_036936.1	95.722	187	3	4	1	185	1286	1103	3.51e-80	296
51c9bdb1-c0e8-4a1d-853c-7c6505f11dc9	NR_028666.1	95.722	187	3	4	1	185	1310	1127	3.51e-80	296
51c9bdb1-c0e8-4a1d-853c-7c6505f11dc9	NR_028833.1	95.722	187	3	4	1	185	1313	1130	3.51e-80	296
51c9bdb1-c0e8-4a1d-853c-7c6505f11dc9	NR_029052.1	95.722	187	3	4	1	185	1274	1091	3.51e-80	296
51c9bdb1-c0e8-4a1d-853c-7c6505f11dc9	NR_036918.1	95.722	187	3	4	1	185	1303	1120	3.51e-80	296
ffe468b5-19d8-41a8-ac8b-fc5e6176125c	NR_025036.1	97.980	99	0	2	1	97	1395	1493	1.00e-42	171
ffe468b5-19d8-41a8-ac8b-fc5e6176125c	NR_044912.1	97.980	99	0	2	1	97	1331	1429	1.00e-42	171
ffe468b5-19d8-41a8-ac8b-fc5e6176125c	NR_134817.1	97.980	99	0	2	1	97	1389	1487	1.00e-42	171
ffe468b5-19d8-41a8-ac8b-fc5e6176125c	NR_179540.1	97.980	99	0	2	1	97	1394	1492	1.00e-42	171
ffe468b5-19d8-41a8-ac8b-fc5e6176125c	NR_024842.1	96.970	99	1	2	1	97	1391	1489	4.68e-41	165
6ef5f767-72dc-4ddf-bc53-4cad878d0e67	NR_041989.1	93.506	154	2	5	1	146	1183	1030	4.72e-58	222
6ef5f767-72dc-4ddf-bc53-4cad878d0e67	NR_117694.1	93.506	154	2	5	1	146	1225	1072	4.72e-58	222
6ef5f767-72dc-4ddf-bc53-4cad878d0e67	NR_156926.1	93.506	154	2	5	1	146	1193	1040	4.72e-58	222
6ef5f767-72dc-4ddf-bc53-4cad878d0e67	NR_025892.1	92.857	154	3	5	1	146	1250	1097	6.10e-57	219
6ef5f767-72dc-4ddf-bc53-4cad878d0e67	NR_028843.1	92.857	154	3	5	1	146	1227	1074	2.19e-56	217
6828f598-52ee-4544-86fa-6a136d0b4044	NR_117694.1	95.536	224	2	6	1	216	224	1	8.48e-97	351
6828f598-52ee-4544-86fa-6a136d0b4044	NR_025892.1	94.372	231	5	5	1	223	250	20	1.10e-95	348
6828f598-52ee-4544-86fa-6a136d0b4044	NR_117692.1	91.964	224	10	6	1	216	224	1	1.86e-83	307
6828f598-52ee-4544-86fa-6a136d0b4044	NR_121687.1	90.948	232	11	8	1	223	244	14	2.41e-82	303
6828f598-52ee-4544-86fa-6a136d0b4044	NR_104830.1	90.558	233	13	5	3	226	237	5	3.12e-81	300
6609d692-465a-4912-820c-4e5351ec0e68	NR_042878.1	91.667	108	3	5	1	103	665	559	6.40e-35	145
6609d692-465a-4912-820c-4e5351ec0e68	NR_116168.1	91.667	108	3	5	1	103	686	580	6.40e-35	145
6609d692-465a-4912-820c-4e5351ec0e68	NR_118762.1	90.741	108	4	5	1	103	689	583	8.27e-34	141
6609d692-465a-4912-820c-4e5351ec0e68	NR_159347.1	90.741	108	4	5	1	103	691	585	8.27e-34	141
6609d692-465a-4912-820c-4e5351ec0e68	NR_026030.1	90.741	108	4	5	1	103	669	563	2.98e-33	139
d3bf2b5f-bef4-4a17-a36a-581decda9c73	NR_025729.1	89.700	233	13	7	1	228	657	883	2.45e-77	287
d3bf2b5f-bef4-4a17-a36a-581decda9c73	NR_179404.1	89.700	233	13	7	1	228	669	895	2.45e-77	287
d3bf2b5f-bef4-4a17-a36a-581decda9c73	NR_024842.1	89.270	233	14	7	1	228	654	880	1.14e-75	281
d3bf2b5f-bef4-4a17-a36a-581decda9c73	NR_026471.1	89.270	233	14	7	1	228	649	875	1.14e-75	281
d3bf2b5f-bef4-4a17-a36a-581decda9c73	NR_028833.1	89.270	233	14	7	1	228	666	892	1.14e-75	281
04257f63-d003-457f-b4d2-7273e2650e44	NR_114785.2	95.652	92	4	0	13	104	1454	1363	4.94e-36	148
04257f63-d003-457f-b4d2-7273e2650e44	NR_024841.1	94.681	94	4	1	12	104	1443	1350	6.40e-35	145
04257f63-d003-457f-b4d2-7273e2650e44	NR_025609.1	94.681	94	4	1	12	104	1378	1285	6.40e-35	145
04257f63-d003-457f-b4d2-7273e2650e44	NR_041722.2	94.681	94	4	1	12	104	1464	1371	6.40e-35	145
04257f63-d003-457f-b4d2-7273e2650e44	NR_025516.1	94.681	94	4	1	12	104	1439	1346	6.40e-35	145
1c9a0969-7ba4-4b31-8412-2b1e0c9f5d8d	NR_197695.1	89.535	172	8	6	1	170	185	22	4.07e-54	209
1c9a0969-7ba4-4b31-8412-2b1e0c9f5d8d	NR_042776.1	89.474	171	8	6	2	170	185	23	1.46e-53	207
1c9a0969-7ba4-4b31-8412-2b1e0c9f5d8d	NR_042778.1	89.474	171	8	6	2	170	185	23	1.46e-53	207
1c9a0969-7ba4-4b31-8412-2b1e0c9f5d8d	NR_042777.1	89.820	167	8	5	6	170	182	23	5.27e-53	206
1c9a0969-7ba4-4b31-8412-2b1e0c9f5d8d	NR_118998.1	88.304	171	10	6	2	170	180	18	8.81e-51	198
8637836e-a6a6-4f46-84b2-a2b8bb0df022	NR_026094.1	92.814	167	7	4	1	163	1216	1381	2.75e-62	237
8637836e-a6a6-4f46-84b2-a2b8bb0df022	NR_042338.1	88.670	203	11	9	53	245	1288	1488	2.75e-62	237
8637836e-a6a6-4f46-84b2-a2b8bb0df022	NR_074923.1	88.670	203	11	9	53	245	1296	1496	2.75e-62	237
8637836e-a6a6-4f46-84b2-a2b8bb0df022	NR_113368.1	92.814	167	7	4	1	163	1216	1381	2.75e-62	237
8637836e-a6a6-4f46-84b2-a2b8bb0df022	NR_118996.1	88.670	203	11	9	53	245	1296	1496	2.75e-62	237
4d6b1f02-b620-4997-a224-4c19ee85f698	NR_025937.1	100.000	41	0	0	4	44	57	17	6.48e-15	76.8
4d6b1f02-b620-4997-a224-4c19ee85f698	NR_026032.1	100.000	41	0	0	4	44	51	11	6.48e-15	76.8
4d6b1f02-b620-4997-a224-4c19ee85f698	NR_024860.1	100.000	41	0	0	4	44	56	16	6.48e-15	76.8
4d6b1f02-b620-4997-a224-4c19ee85f698	NR_025073.1	100.000	41	0	0	4	44	54	14	6.48e-15	76.8
4d6b1f02-b620-4997-a224-4c19ee85f698	NR_028948.1	100.000	41	0	0	4	44	51	11	6.48e-15	76.8
2637579f-4907-4c29-a0f3-a88606995bfa	NR_133752.1	91.473	129	8	2	12	137	1309	1181	1.13e-43	174
2637579f-4907-4c29-a0f3-a88606995bfa	NR_133753.1	91.473	129	8	2	12	137	1338	1210	1.13e-43	174
2637579f-4907-4c29-a0f3-a88606995bfa	NR_025903.1	91.473	129	8	2	12	137	1384	1256	1.13e-43	174
2637579f-4907-4c29-a0f3-a88606995bfa	NR_025904.1	89.147	129	11	2	12	137	1383	1255	1.13e-38	158
2637579f-4907-4c29-a0f3-a88606995bfa	NR_026419.1	89.147	129	11	2	12	137	1372	1244	1.13e-38	158
e0486473-48ee-4a96-a480-bb21f01c86ef	NR_115572.1	96.053	76	1	1	1	74	335	260	5.16e-29	124
e0486473-48ee-4a96-a480-bb21f01c86ef	NR_025333.1	96.053	76	1	1	1	74	325	250	1.86e-28	122
e0486473-48ee-4a96-a480-bb21f01c86ef	NR_041336.1	96.053	76	1	1	1	74	303	228	1.86e-28	122
e0486473-48ee-4a96-a480-bb21f01c86ef	NR_025724.1	96.053	76	1	1	1	74	306	231	1.86e-28	122
e0486473-48ee-4a96-a480-bb21f01c86ef	NR_025875.1	96.053	76	1	1	1	74	335	260	1.86e-28	122
7fc9b215-73ca-4561-9a56-4dcc1a069adb	NR_118234.1	97.297	74	0	2	3	74	1476	1403	5.16e-29	124
7fc9b215-73ca-4561-9a56-4dcc1a069adb	NR_037101.1	97.260	73	1	1	3	74	1458	1386	1.86e-28	122
7fc9b215-73ca-4561-9a56-4dcc1a069adb	NR_036936.1	97.260	73	1	1	3	74	1458	1386	1.86e-28	122
7fc9b215-73ca-4561-9a56-4dcc1a069adb	NR_040821.1	97.260	73	1	1	3	74	1458	1386	1.86e-28	122
7fc9b215-73ca-4561-9a56-4dcc1a069adb	NR_025729.1	97.260	73	1	1	3	74	1476	1404	1.86e-28	122
54c668da-73cc-417a-9632-14433448a172	NR_025036.1	98.261	115	2	0	10	124	1383	1497	4.59e-52	202
54c668da-73cc-417a-9632-14433448a172	NR_044912.1	98.261	115	2	0	10	124	1319	1433	4.59e-52	202
54c668da-73cc-417a-9632-14433448a172	NR_134817.1	98.261	115	2	0	10	124	1377	1491	4.59e-52	202
54c668da-73cc-417a-9632-14433448a172	NR_179540.1	98.261	115	2	0	10	124	1382	1496	4.59e-52	202
54c668da-73cc-417a-9632-14433448a172	NR_024842.1	97.391	115	3	0	10	124	1379	1493	2.13e-50	196
d74825c1-8193-47fa-89eb-e4f4434e55dc	NR_041722.2	93.007	143	5	4	7	145	1368	1509	1.56e-52	204
d74825c1-8193-47fa-89eb-e4f4434e55dc	NR_028665.1	93.007	143	5	4	7	145	1348	1489	1.56e-52	204
d74825c1-8193-47fa-89eb-e4f4434e55dc	NR_028736.1	93.007	143	5	4	7	145	1357	1498	1.56e-52	204
d74825c1-8193-47fa-89eb-e4f4434e55dc	NR_041721.1	93.007	143	5	4	7	145	1356	1497	1.56e-52	204
d74825c1-8193-47fa-89eb-e4f4434e55dc	NR_112704.1	93.007	143	5	4	7	145	1252	1393	1.56e-52	204
2382c810-5b0a-40ce-a781-845995160ce9	NR_044873.1	96.622	148	3	2	1	147	445	591	9.12e-65	244
2382c810-5b0a-40ce-a781-845995160ce9	NR_024785.1	95.172	145	6	1	1	144	412	556	9.18e-60	228
2382c810-5b0a-40ce-a781-845995160ce9	NR_043968.1	95.172	145	6	1	1	144	414	558	9.18e-60	228
2382c810-5b0a-40ce-a781-845995160ce9	NR_179993.1	95.172	145	6	1	1	144	457	601	9.18e-60	228
2382c810-5b0a-40ce-a781-845995160ce9	NR_025310.1	94.558	147	6	2	1	146	436	581	3.30e-59	226
d92a835c-0b1a-437e-92dd-24aed1152268	NR_043332.1	96.528	144	2	3	6	146	1327	1470	6.28e-62	235
d92a835c-0b1a-437e-92dd-24aed1152268	NR_074980.1	96.528	144	2	3	6	146	1354	1497	6.28e-62	235
d92a835c-0b1a-437e-92dd-24aed1152268	NR_113031.1	96.528	144	2	3	6	146	1354	1497	6.28e-62	235
d92a835c-0b1a-437e-92dd-24aed1152268	NR_113570.1	96.528	144	2	3	6	146	1334	1477	6.28e-62	235
d92a835c-0b1a-437e-92dd-24aed1152268	NR_115354.1	96.528	144	2	3	6	146	1327	1470	6.28e-62	235
59e9243a-276c-481f-be07-b82d038601a4	NR_117694.1	96.825	126	3	1	1	125	1027	902	2.77e-54	209
59e9243a-276c-481f-be07-b82d038601a4	NR_028900.1	96.032	126	4	1	1	125	985	860	1.29e-52	204
59e9243a-276c-481f-be07-b82d038601a4	NR_043458.1	96.032	126	4	1	1	125	1048	923	1.29e-52	204
59e9243a-276c-481f-be07-b82d038601a4	NR_043459.1	96.032	126	4	1	1	125	1051	926	1.29e-52	204
59e9243a-276c-481f-be07-b82d038601a4	NR_041988.1	96.032	126	4	1	1	125	985	860	1.29e-52	204
763a0ce0-d89b-459f-95e7-8b096121c17c	NR_042776.1	93.452	168	5	2	1	162	186	19	1.04e-64	244
763a0ce0-d89b-459f-95e7-8b096121c17c	NR_042778.1	93.452	168	5	2	1	162	186	19	1.04e-64	244
763a0ce0-d89b-459f-95e7-8b096121c17c	NR_042777.1	93.333	165	5	2	4	162	183	19	4.82e-63	239
763a0ce0-d89b-459f-95e7-8b096121c17c	NR_197695.1	92.814	167	6	2	2	162	184	18	1.73e-62	237
763a0ce0-d89b-459f-95e7-8b096121c17c	NR_118998.1	92.262	168	7	2	1	162	181	14	6.23e-62	235
0427121e-ebc5-403e-a590-8ac2187b9f39	NR_028665.1	95.000	160	6	1	1	158	167	8	2.15e-66	250
0427121e-ebc5-403e-a590-8ac2187b9f39	NR_117719.1	95.000	160	6	1	1	158	170	11	2.15e-66	250
0427121e-ebc5-403e-a590-8ac2187b9f39	NR_179383.1	95.000	160	6	1	1	158	177	18	2.15e-66	250
0427121e-ebc5-403e-a590-8ac2187b9f39	NR_179540.1	95.000	160	6	1	1	158	170	11	2.15e-66	250
0427121e-ebc5-403e-a590-8ac2187b9f39	NR_175455.1	95.513	156	5	1	1	154	158	3	7.72e-66	248
62219e29-2afe-4c38-b2c1-0dbd54b615e2	NR_117694.1	96.405	306	6	4	1	301	306	1	4.01e-141	499
62219e29-2afe-4c38-b2c1-0dbd54b615e2	NR_025892.1	95.469	309	9	4	1	304	332	24	2.42e-138	490
62219e29-2afe-4c38-b2c1-0dbd54b615e2	NR_117692.1	94.118	306	13	4	1	301	306	1	1.89e-129	460
62219e29-2afe-4c38-b2c1-0dbd54b615e2	NR_121687.1	93.548	310	13	6	1	304	326	18	8.81e-128	455
62219e29-2afe-4c38-b2c1-0dbd54b615e2	NR_104830.1	93.226	310	15	5	1	304	321	12	1.14e-126	451
512e81e3-54fa-4868-a3ca-85e8aef3c46f	NR_044741.1	99.296	142	1	0	1	142	1310	1451	1.14e-68	257
512e81e3-54fa-4868-a3ca-85e8aef3c46f	NR_024897.1	98.592	142	2	0	1	142	1345	1486	5.32e-67	252
512e81e3-54fa-4868-a3ca-85e8aef3c46f	NR_116168.1	98.592	142	2	0	1	142	1346	1487	5.32e-67	252
512e81e3-54fa-4868-a3ca-85e8aef3c46f	NR_181418.1	98.592	142	2	0	1	142	1345	1486	5.32e-67	252
512e81e3-54fa-4868-a3ca-85e8aef3c46f	NR_042932.1	99.275	138	1	0	1	138	1326	1463	1.91e-66	250
edaf46e6-74e2-4064-adab-07c689323818	NR_025144.1	90.580	138	5	6	1	133	1410	1276	2.99e-44	176
edaf46e6-74e2-4064-adab-07c689323818	NR_025891.1	90.580	138	5	6	1	133	1434	1300	2.99e-44	176
edaf46e6-74e2-4064-adab-07c689323818	NR_025892.1	90.580	138	5	6	1	133	1433	1299	2.99e-44	176
edaf46e6-74e2-4064-adab-07c689323818	NR_025902.1	90.580	138	5	6	1	133	1386	1252	2.99e-44	176
edaf46e6-74e2-4064-adab-07c689323818	NR_028844.1	90.580	138	5	6	1	133	1417	1283	2.99e-44	176
7e355342-7438-4702-9251-ffb42174b269	NR_163639.1	90.256	195	8	8	1	187	195	4	1.20e-64	244
7e355342-7438-4702-9251-ffb42174b269	NR_074980.1	90.476	189	7	8	6	186	198	13	5.60e-63	239
7e355342-7438-4702-9251-ffb42174b269	NR_113031.1	90.476	189	7	8	6	186	198	13	5.60e-63	239
7e355342-7438-4702-9251-ffb42174b269	NR_119168.1	89.674	184	8	8	1	176	181	1	1.57e-58	224
7e355342-7438-4702-9251-ffb42174b269	NR_119169.1	89.130	184	9	8	1	176	181	1	2.03e-57	220
52835d7c-dcbc-42dd-b426-8707b3aa130f	NR_041879.1	93.162	117	4	4	1	116	1299	1186	4.34e-42	169
52835d7c-dcbc-42dd-b426-8707b3aa130f	NR_115355.1	93.162	117	4	4	1	116	1341	1228	4.34e-42	169
52835d7c-dcbc-42dd-b426-8707b3aa130f	NR_119169.1	93.162	117	4	4	1	116	1346	1233	4.34e-42	169
52835d7c-dcbc-42dd-b426-8707b3aa130f	NR_163639.1	93.162	117	4	4	1	116	1356	1243	4.34e-42	169
52835d7c-dcbc-42dd-b426-8707b3aa130f	NR_179325.1	93.162	117	4	4	1	116	1315	1202	4.34e-42	169
7e5e12d9-376f-4b69-8892-e06aa0688cd3	NR_163639.1	90.256	195	13	4	1	192	195	4	2.65e-66	250
7e5e12d9-376f-4b69-8892-e06aa0688cd3	NR_074980.1	90.909	187	11	4	8	191	196	13	3.43e-65	246
7e5e12d9-376f-4b69-8892-e06aa0688cd3	NR_113031.1	90.909	187	11	4	8	191	196	13	3.43e-65	246
7e5e12d9-376f-4b69-8892-e06aa0688cd3	NR_119170.1	91.667	180	10	4	1	177	181	4	1.23e-64	244
7e5e12d9-376f-4b69-8892-e06aa0688cd3	NR_115354.1	91.573	178	10	4	1	175	176	1	1.59e-63	241
0cfd285a-d5e0-4aaa-8255-354240d15dbb	NR_042878.1	97.833	323	5	2	1	321	1327	1005	2.45e-158	556
0cfd285a-d5e0-4aaa-8255-354240d15dbb	NR_116168.1	97.833	323	5	2	1	321	1348	1026	2.45e-158	556
0cfd285a-d5e0-4aaa-8255-354240d15dbb	NR_118762.1	97.214	323	7	2	1	321	1350	1028	4.10e-156	549
0cfd285a-d5e0-4aaa-8255-354240d15dbb	NR_118143.1	95.356	323	13	2	1	321	1329	1007	5.37e-145	512
0cfd285a-d5e0-4aaa-8255-354240d15dbb	NR_024897.1	95.062	324	12	4	1	321	1347	1025	2.50e-143	507
0f18d1d5-a78a-4910-a59c-bc14bec2303f	NR_115355.1	93.916	263	8	7	1	260	1225	1482	2.12e-108	390
0f18d1d5-a78a-4910-a59c-bc14bec2303f	NR_163639.1	93.916	263	8	7	1	260	1240	1497	2.12e-108	390
0f18d1d5-a78a-4910-a59c-bc14bec2303f	NR_179325.1	93.916	263	8	7	1	260	1199	1456	2.12e-108	390
0f18d1d5-a78a-4910-a59c-bc14bec2303f	NR_119169.1	93.536	263	9	7	1	260	1230	1487	9.88e-107	385
0f18d1d5-a78a-4910-a59c-bc14bec2303f	NR_115354.1	93.156	263	10	7	1	260	1225	1482	4.60e-105	379
79bf48c9-82ca-45a6-bd91-8f5adaa6d728	NR_037101.1	93.711	159	3	6	1	152	1317	1475	7.55e-61	231
79bf48c9-82ca-45a6-bd91-8f5adaa6d728	NR_040821.1	93.711	159	3	6	1	152	1317	1475	7.55e-61	231
79bf48c9-82ca-45a6-bd91-8f5adaa6d728	NR_025148.1	93.711	159	3	6	1	152	1337	1495	7.55e-61	231
79bf48c9-82ca-45a6-bd91-8f5adaa6d728	NR_028664.1	93.711	159	3	6	1	152	1338	1496	7.55e-61	231
79bf48c9-82ca-45a6-bd91-8f5adaa6d728	NR_028666.1	93.711	159	3	6	1	152	1341	1499	7.55e-61	231
ea859a67-3414-4de7-aad5-4ba5c74bf030	NR_026419.1	95.088	285	7	3	1	278	1282	998	6.14e-124	442
ea859a67-3414-4de7-aad5-4ba5c74bf030	NR_133752.1	93.333	285	12	3	1	278	1219	935	1.34e-115	414
ea859a67-3414-4de7-aad5-4ba5c74bf030	NR_133753.1	93.333	285	12	3	1	278	1248	964	1.34e-115	414
ea859a67-3414-4de7-aad5-4ba5c74bf030	NR_025903.1	93.333	285	12	3	1	278	1294	1010	1.34e-115	414
ea859a67-3414-4de7-aad5-4ba5c74bf030	NR_025904.1	92.982	285	13	3	1	278	1293	1009	6.23e-114	409
028a2b6a-38db-4815-8aa4-785047c5cb1e	NR_026419.1	97.674	129	2	1	5	132	1355	1483	1.41e-57	220
028a2b6a-38db-4815-8aa4-785047c5cb1e	NR_025904.1	96.899	129	2	2	5	132	1366	1493	6.58e-56	215
028a2b6a-38db-4815-8aa4-785047c5cb1e	NR_025903.1	96.124	129	3	2	5	132	1367	1494	3.06e-54	209
028a2b6a-38db-4815-8aa4-785047c5cb1e	NR_133752.1	99.057	106	1	0	5	110	1292	1397	1.11e-48	191
028a2b6a-38db-4815-8aa4-785047c5cb1e	NR_133753.1	99.057	106	1	0	5	110	1321	1426	1.11e-48	191
cbba7e85-55c1-4718-b417-8652efce3241	NR_041983.1	93.165	278	6	10	4	274	1238	967	4.75e-110	396
cbba7e85-55c1-4718-b417-8652efce3241	NR_114395.1	93.165	278	6	10	4	274	1270	999	4.75e-110	396
cbba7e85-55c1-4718-b417-8652efce3241	NR_119102.1	92.806	278	7	10	4	274	1240	969	2.21e-108	390
cbba7e85-55c1-4718-b417-8652efce3241	NR_179528.1	92.806	278	7	10	4	274	1255	984	2.21e-108	390
cbba7e85-55c1-4718-b417-8652efce3241	NR_179535.1	92.446	278	8	10	4	274	1273	1002	1.03e-106	385
5e5ff31a-bc12-46fc-95c3-0ae6b9b3002c	NR_025521.1	96.117	206	5	3	1	203	762	967	2.72e-91	333
5e5ff31a-bc12-46fc-95c3-0ae6b9b3002c	NR_025523.1	96.117	206	5	3	1	203	747	952	2.72e-91	333
5e5ff31a-bc12-46fc-95c3-0ae6b9b3002c	NR_029286.1	96.117	206	5	3	1	203	761	966	2.72e-91	333
5e5ff31a-bc12-46fc-95c3-0ae6b9b3002c	NR_041983.1	96.117	206	5	3	1	203	734	939	2.72e-91	333
5e5ff31a-bc12-46fc-95c3-0ae6b9b3002c	NR_114395.1	96.117	206	5	3	1	203	766	971	2.72e-91	333
fc9f8227-6a91-413c-bdc9-e5ba14fd2142	NR_025902.1	84.651	215	17	11	17	220	1236	1445	3.22e-51	200
fc9f8227-6a91-413c-bdc9-e5ba14fd2142	NR_028844.1	85.644	202	15	10	30	220	1278	1476	3.22e-51	200
fc9f8227-6a91-413c-bdc9-e5ba14fd2142	NR_040933.1	84.651	215	17	11	17	220	1280	1489	3.22e-51	200
fc9f8227-6a91-413c-bdc9-e5ba14fd2142	NR_117717.1	84.651	215	17	11	17	220	1278	1487	3.22e-51	200
fc9f8227-6a91-413c-bdc9-e5ba14fd2142	NR_121688.1	84.651	215	17	11	17	220	1278	1487	3.22e-51	200
26812f99-847a-4573-9913-258514cb83e5	NR_044741.1	98.469	196	1	2	1	194	1256	1451	1.21e-94	344
26812f99-847a-4573-9913-258514cb83e5	NR_024897.1	97.959	196	2	2	1	194	1291	1486	5.63e-93	339
26812f99-847a-4573-9913-258514cb83e5	NR_116168.1	97.959	196	2	2	1	194	1292	1487	5.63e-93	339
26812f99-847a-4573-9913-258514cb83e5	NR_181418.1	97.959	196	2	2	1	194	1291	1486	5.63e-93	339
26812f99-847a-4573-9913-258514cb83e5	NR_042932.1	98.438	192	1	2	1	190	1272	1463	2.02e-92	337
