8a18e7fa-b7f8-4d82-863a-6fdf2486abdb	NR_042928.1	94.059	202	8	3	1	202	198	1	2.23e-82	303
8a18e7fa-b7f8-4d82-863a-6fdf2486abdb	NR_109720.1	92.857	196	12	2	1	196	194	1	2.91e-76	283
8a18e7fa-b7f8-4d82-863a-6fdf2486abdb	NR_036936.1	91.584	202	15	2	1	202	200	1	3.76e-75	279
8a18e7fa-b7f8-4d82-863a-6fdf2486abdb	NR_165747.1	91.584	202	13	3	1	202	198	1	4.86e-74	276
8a18e7fa-b7f8-4d82-863a-6fdf2486abdb	NR_199547.1	94.915	177	6	3	1	177	178	5	1.75e-73	274
2c94655e-2124-4201-8afd-7e43cfb4cefd	NR_042928.1	93.878	147	7	1	11	155	151	5	1.65e-57	220
2c94655e-2124-4201-8afd-7e43cfb4cefd	NR_179385.1	93.377	151	7	2	8	155	179	29	1.65e-57	220
2c94655e-2124-4201-8afd-7e43cfb4cefd	NR_199545.1	93.878	147	7	1	11	155	171	25	1.65e-57	220
2c94655e-2124-4201-8afd-7e43cfb4cefd	NR_028664.1	92.763	152	6	4	8	155	178	28	7.66e-56	215
2c94655e-2124-4201-8afd-7e43cfb4cefd	NR_028665.1	92.763	152	6	4	8	155	172	22	7.66e-56	215
fdaa077a-c607-4205-a54b-65c896c98e9a	NR_028666.1	91.791	268	16	4	1	268	1361	1100	1.02e-101	368
fdaa077a-c607-4205-a54b-65c896c98e9a	NR_028833.1	91.791	268	16	4	1	268	1364	1103	1.02e-101	368
fdaa077a-c607-4205-a54b-65c896c98e9a	NR_029052.1	91.791	268	16	4	1	268	1325	1064	1.02e-101	368
fdaa077a-c607-4205-a54b-65c896c98e9a	NR_115242.1	91.791	268	16	4	1	268	1345	1084	1.02e-101	368
fdaa077a-c607-4205-a54b-65c896c98e9a	NR_115561.1	91.791	268	16	4	1	268	1365	1104	1.02e-101	368
5785531f-0de6-49f5-9633-64c15e252690	NR_044873.1	95.833	120	2	3	1	117	184	303	9.55e-49	191
5785531f-0de6-49f5-9633-64c15e252690	NR_024785.1	93.333	120	5	3	1	117	152	271	9.61e-44	174
5785531f-0de6-49f5-9633-64c15e252690	NR_074568.1	93.333	120	5	3	1	117	195	314	9.61e-44	174
5785531f-0de6-49f5-9633-64c15e252690	NR_025310.1	92.500	120	6	3	1	117	175	294	4.47e-42	169
5785531f-0de6-49f5-9633-64c15e252690	NR_109752.1	91.736	121	6	4	1	117	205	325	5.79e-41	165
96391b00-8d84-4911-9690-84c698e6c2fe	NR_113114.1	95.025	201	6	4	1	199	702	504	3.53e-85	313
96391b00-8d84-4911-9690-84c698e6c2fe	NR_043292.1	95.025	201	6	4	1	199	653	455	3.53e-85	313
96391b00-8d84-4911-9690-84c698e6c2fe	NR_113320.1	86.634	202	21	6	1	199	703	505	7.91e-57	219
96391b00-8d84-4911-9690-84c698e6c2fe	NR_116832.1	86.634	202	21	6	1	199	683	485	7.91e-57	219
96391b00-8d84-4911-9690-84c698e6c2fe	NR_042841.1	85.714	203	21	8	1	199	688	490	1.71e-53	207
8e5ca390-cc9f-46bb-a9c5-99cadc6682d9	NR_163639.1	87.234	141	8	6	4	139	139	4	5.32e-37	152
8e5ca390-cc9f-46bb-a9c5-99cadc6682d9	NR_074980.1	87.143	140	8	6	4	138	147	13	1.91e-36	150
8e5ca390-cc9f-46bb-a9c5-99cadc6682d9	NR_113031.1	87.143	140	8	6	4	138	147	13	1.91e-36	150
8e5ca390-cc9f-46bb-a9c5-99cadc6682d9	NR_117759.1	88.889	126	7	4	4	125	123	1	6.88e-36	148
8e5ca390-cc9f-46bb-a9c5-99cadc6682d9	NR_119168.1	88.889	126	7	4	4	125	125	3	6.88e-36	148
83c6e49f-6f59-444a-839a-cc20cb5a0307	NR_136788.1	98.148	54	0	1	1	53	165	218	9.24e-20	93.5
7ccb66ad-00c9-45d6-9e45-725b1af058d6	NR_028665.1	91.429	70	4	1	1	68	84	15	3.81e-20	95.3
7ccb66ad-00c9-45d6-9e45-725b1af058d6	NR_117719.1	91.429	70	4	1	1	68	87	18	3.81e-20	95.3
7ccb66ad-00c9-45d6-9e45-725b1af058d6	NR_175455.1	91.429	70	4	1	1	68	75	6	3.81e-20	95.3
7ccb66ad-00c9-45d6-9e45-725b1af058d6	NR_179383.1	91.429	70	4	1	1	68	94	25	3.81e-20	95.3
7ccb66ad-00c9-45d6-9e45-725b1af058d6	NR_179540.1	91.429	70	4	1	1	68	87	18	3.81e-20	95.3
1d7e603e-8e11-43d6-ada2-920b5ef10e5a	NR_025863.1	96.657	329	6	3	1	326	210	536	1.94e-154	544
1d7e603e-8e11-43d6-ada2-920b5ef10e5a	NR_028682.1	94.137	307	13	3	23	326	228	532	5.60e-130	462
1d7e603e-8e11-43d6-ada2-920b5ef10e5a	NR_026454.1	93.204	309	14	5	23	326	202	508	1.57e-125	448
1d7e603e-8e11-43d6-ada2-920b5ef10e5a	NR_026482.1	91.900	321	19	5	10	326	195	512	7.30e-124	442
1d7e603e-8e11-43d6-ada2-920b5ef10e5a	NR_179652.1	92.605	311	17	4	20	326	228	536	7.30e-124	442
6ddc47ac-f785-4dd7-a0f2-8a468579a187	NR_117425.1	92.754	690	30	16	17	694	689	8	0.0	979
6ddc47ac-f785-4dd7-a0f2-8a468579a187	NR_024841.1	91.465	703	39	18	17	707	700	7	0.0	946
6ddc47ac-f785-4dd7-a0f2-8a468579a187	NR_113260.1	91.499	694	39	17	17	698	686	1	0.0	937
6ddc47ac-f785-4dd7-a0f2-8a468579a187	NR_042771.1	91.155	701	43	15	17	707	704	13	0.0	933
6ddc47ac-f785-4dd7-a0f2-8a468579a187	NR_112025.1	90.883	702	45	15	17	708	704	12	0.0	931
07471c00-5dbf-4a0b-8a23-c18ef87ec25a	NR_024842.1	97.656	128	2	1	1	128	134	8	4.69e-57	219
07471c00-5dbf-4a0b-8a23-c18ef87ec25a	NR_114413.1	96.094	128	4	1	1	128	142	16	1.01e-53	207
07471c00-5dbf-4a0b-8a23-c18ef87ec25a	NR_199956.1	96.094	128	4	1	1	128	139	13	1.01e-53	207
07471c00-5dbf-4a0b-8a23-c18ef87ec25a	NR_199974.1	96.094	128	4	1	1	128	146	20	1.01e-53	207
07471c00-5dbf-4a0b-8a23-c18ef87ec25a	NR_115241.1	99.123	114	1	0	1	114	119	6	3.65e-53	206
b6b4db99-ed3b-4e4d-9eee-a417f8d17095	NR_024842.1	97.500	160	2	2	1	158	167	8	4.58e-73	272
b6b4db99-ed3b-4e4d-9eee-a417f8d17095	NR_114413.1	96.250	160	4	2	1	158	175	16	9.92e-70	261
b6b4db99-ed3b-4e4d-9eee-a417f8d17095	NR_199956.1	96.250	160	4	2	1	158	172	13	9.92e-70	261
b6b4db99-ed3b-4e4d-9eee-a417f8d17095	NR_199974.1	96.250	160	4	2	1	158	179	20	9.92e-70	261
b6b4db99-ed3b-4e4d-9eee-a417f8d17095	NR_115241.1	97.368	152	2	2	1	150	152	1	1.28e-68	257
6a04300c-3faa-4774-baac-c699d2e4415d	NR_026419.1	95.021	241	6	5	1	237	1246	1484	1.93e-103	374
6a04300c-3faa-4774-baac-c699d2e4415d	NR_025904.1	93.644	236	8	6	6	237	1262	1494	4.20e-95	346
6a04300c-3faa-4774-baac-c699d2e4415d	NR_025903.1	93.644	236	8	6	6	237	1263	1495	4.20e-95	346
6a04300c-3faa-4774-baac-c699d2e4415d	NR_026420.1	92.478	226	12	4	15	237	1259	1482	9.15e-87	318
6a04300c-3faa-4774-baac-c699d2e4415d	NR_179572.1	92.070	227	13	4	14	237	1278	1502	1.18e-85	315
5505c831-1d3d-4ab2-b0a2-1b64dc362308	NR_028665.1	95.082	122	3	3	6	126	129	10	3.64e-48	189
5505c831-1d3d-4ab2-b0a2-1b64dc362308	NR_117719.1	95.082	122	3	3	6	126	132	13	3.64e-48	189
5505c831-1d3d-4ab2-b0a2-1b64dc362308	NR_179383.1	95.082	122	3	3	6	126	139	20	3.64e-48	189
5505c831-1d3d-4ab2-b0a2-1b64dc362308	NR_179540.1	95.082	122	3	3	6	126	132	13	3.64e-48	189
5505c831-1d3d-4ab2-b0a2-1b64dc362308	NR_115560.1	94.309	123	4	3	6	127	132	12	4.71e-47	185
79d3f598-c04d-4e23-8ad1-84cf6964be51	NR_028664.1	100.000	76	0	0	1	76	248	173	5.32e-34	141
79d3f598-c04d-4e23-8ad1-84cf6964be51	NR_115240.1	100.000	76	0	0	1	76	225	150	5.32e-34	141
79d3f598-c04d-4e23-8ad1-84cf6964be51	NR_115560.1	100.000	76	0	0	1	76	245	170	5.32e-34	141
79d3f598-c04d-4e23-8ad1-84cf6964be51	NR_115732.1	100.000	76	0	0	1	76	227	152	5.32e-34	141
79d3f598-c04d-4e23-8ad1-84cf6964be51	NR_116207.1	100.000	76	0	0	1	76	90	15	5.32e-34	141
c8b23c00-4225-4be5-b8a5-a65ea2292d2e	NR_028665.1	98.485	264	2	2	1	262	1475	1212	1.23e-130	464
c8b23c00-4225-4be5-b8a5-a65ea2292d2e	NR_114172.1	98.485	264	2	2	1	262	1458	1195	1.23e-130	464
c8b23c00-4225-4be5-b8a5-a65ea2292d2e	NR_115239.1	98.485	264	2	2	1	262	1458	1195	1.23e-130	464
c8b23c00-4225-4be5-b8a5-a65ea2292d2e	NR_027214.1	98.485	264	2	2	1	262	1458	1195	1.23e-130	464
c8b23c00-4225-4be5-b8a5-a65ea2292d2e	NR_165741.1	98.485	264	2	2	1	262	1467	1204	1.23e-130	464
3f220cd5-43f2-42d9-af4a-b78bf298c0b0	NR_044873.1	95.105	143	4	3	8	147	1323	1465	4.37e-58	222
3f220cd5-43f2-42d9-af4a-b78bf298c0b0	NR_178796.1	95.070	142	5	2	8	147	1331	1472	4.37e-58	222
3f220cd5-43f2-42d9-af4a-b78bf298c0b0	NR_178939.1	95.070	142	5	2	8	147	1332	1473	4.37e-58	222
3f220cd5-43f2-42d9-af4a-b78bf298c0b0	NR_026187.1	94.406	143	5	3	8	147	1320	1462	2.03e-56	217
3f220cd5-43f2-42d9-af4a-b78bf298c0b0	NR_028925.1	94.406	143	5	3	8	147	1326	1468	2.03e-56	217
70ea3f2e-43da-47d4-8646-0f13fd8bc310	NR_026295.1	92.742	124	3	4	1	119	925	803	9.42e-44	174
70ea3f2e-43da-47d4-8646-0f13fd8bc310	NR_024725.1	92.742	124	3	4	1	119	929	807	9.42e-44	174
70ea3f2e-43da-47d4-8646-0f13fd8bc310	NR_025452.1	92.742	124	3	4	1	119	933	811	9.42e-44	174
70ea3f2e-43da-47d4-8646-0f13fd8bc310	NR_027604.1	92.742	124	3	4	1	119	926	804	9.42e-44	174
70ea3f2e-43da-47d4-8646-0f13fd8bc310	NR_028781.1	92.742	124	3	4	1	119	949	827	9.42e-44	174
d159eff2-a274-48c3-8fb4-7db001a9755d	NR_028664.1	95.076	264	5	6	1	257	1482	1220	5.72e-114	409
d159eff2-a274-48c3-8fb4-7db001a9755d	NR_042927.1	95.076	264	5	6	1	257	1461	1199	5.72e-114	409
d159eff2-a274-48c3-8fb4-7db001a9755d	NR_115240.1	95.076	264	5	6	1	257	1459	1197	5.72e-114	409
d159eff2-a274-48c3-8fb4-7db001a9755d	NR_115734.1	95.076	264	5	6	1	257	1462	1200	5.72e-114	409
d159eff2-a274-48c3-8fb4-7db001a9755d	NR_117719.1	95.076	264	5	6	1	257	1479	1217	5.72e-114	409
7c861631-9986-42d3-ac2e-352744d247a5	NR_024841.1	99.248	133	0	1	1	132	623	491	3.70e-63	239
7c861631-9986-42d3-ac2e-352744d247a5	NR_028664.1	99.248	133	0	1	1	132	630	498	3.70e-63	239
7c861631-9986-42d3-ac2e-352744d247a5	NR_028665.1	99.248	133	0	1	1	132	624	492	3.70e-63	239
7c861631-9986-42d3-ac2e-352744d247a5	NR_028666.1	99.248	133	0	1	1	132	633	501	3.70e-63	239
7c861631-9986-42d3-ac2e-352744d247a5	NR_028833.1	99.248	133	0	1	1	132	636	504	3.70e-63	239
04f10198-9712-4dcb-9381-869a7734e074	NR_117694.1	94.894	568	13	15	1	558	562	1	0.0	874
04f10198-9712-4dcb-9381-869a7734e074	NR_025892.1	93.345	571	22	14	1	561	588	24	0.0	841
04f10198-9712-4dcb-9381-869a7734e074	NR_121687.1	92.670	573	22	19	1	561	582	18	0.0	808
04f10198-9712-4dcb-9381-869a7734e074	NR_117692.1	92.091	569	27	17	1	558	562	1	0.0	785
04f10198-9712-4dcb-9381-869a7734e074	NR_117717.1	91.084	572	33	17	1	561	583	19	0.0	758
3b39aaff-c938-4f22-8b6c-d06d277b2ebb	NR_179385.1	94.247	365	9	12	84	440	377	17	2.07e-155	547
3b39aaff-c938-4f22-8b6c-d06d277b2ebb	NR_179385.1	100.000	30	0	0	1	30	492	463	1.53e-07	56.5
3b39aaff-c938-4f22-8b6c-d06d277b2ebb	NR_165741.1	93.973	365	10	12	84	440	362	2	9.65e-154	542
3b39aaff-c938-4f22-8b6c-d06d277b2ebb	NR_165741.1	100.000	30	0	0	1	30	477	448	1.53e-07	56.5
3b39aaff-c938-4f22-8b6c-d06d277b2ebb	NR_199545.1	93.973	365	10	12	84	440	373	13	9.65e-154	542
3b39aaff-c938-4f22-8b6c-d06d277b2ebb	NR_199545.1	100.000	30	0	0	1	30	488	459	1.53e-07	56.5
3b39aaff-c938-4f22-8b6c-d06d277b2ebb	NR_028664.1	93.425	365	12	12	84	440	376	16	2.09e-150	531
3b39aaff-c938-4f22-8b6c-d06d277b2ebb	NR_028664.1	100.000	30	0	0	1	30	491	462	1.53e-07	56.5
3b39aaff-c938-4f22-8b6c-d06d277b2ebb	NR_179383.1	93.151	365	13	12	84	440	380	20	9.71e-149	525
3b39aaff-c938-4f22-8b6c-d06d277b2ebb	NR_179383.1	100.000	30	0	0	1	30	495	466	1.53e-07	56.5
b0917c2d-666d-4912-90ba-121ef5767410	NR_028664.1	94.816	1061	25	25	92	1137	203	1248	0.0	1628
b0917c2d-666d-4912-90ba-121ef5767410	NR_115240.1	94.816	1061	25	25	92	1137	180	1225	0.0	1628
b0917c2d-666d-4912-90ba-121ef5767410	NR_115732.1	94.816	1061	25	25	92	1137	182	1227	0.0	1628
b0917c2d-666d-4912-90ba-121ef5767410	NR_116207.1	94.816	1061	25	25	92	1137	45	1090	0.0	1628
b0917c2d-666d-4912-90ba-121ef5767410	NR_199545.1	94.816	1061	25	25	92	1137	200	1245	0.0	1628
4dcc56dc-e8ca-43bd-a691-5c5989d55bde	NR_041879.1	88.333	420	24	19	1	406	249	657	2.01e-135	481
4dcc56dc-e8ca-43bd-a691-5c5989d55bde	NR_115355.1	88.333	420	24	19	1	406	292	700	2.01e-135	481
4dcc56dc-e8ca-43bd-a691-5c5989d55bde	NR_179325.1	88.333	420	24	19	1	406	266	674	2.01e-135	481
4dcc56dc-e8ca-43bd-a691-5c5989d55bde	NR_119169.1	88.095	420	25	19	1	406	297	705	2.60e-134	477
4dcc56dc-e8ca-43bd-a691-5c5989d55bde	NR_074980.1	87.886	421	24	21	1	406	319	727	4.35e-132	470
b1c59c34-b42f-4c7a-890e-d19974b9f769	NR_026419.1	95.419	764	16	12	1	752	1445	689	0.0	1199
b1c59c34-b42f-4c7a-890e-d19974b9f769	NR_133752.1	94.634	764	22	12	1	752	1382	626	0.0	1166
b1c59c34-b42f-4c7a-890e-d19974b9f769	NR_133753.1	94.634	764	22	12	1	752	1411	655	0.0	1166
b1c59c34-b42f-4c7a-890e-d19974b9f769	NR_025904.1	94.634	764	22	12	1	752	1456	700	0.0	1166
b1c59c34-b42f-4c7a-890e-d19974b9f769	NR_025903.1	94.634	764	22	12	1	752	1457	701	0.0	1166
9462f37e-e6a6-4dc5-ac36-e6a52e82de42	NR_102936.1	92.648	1401	49	47	3	1365	74	1458	0.0	1967
9462f37e-e6a6-4dc5-ac36-e6a52e82de42	NR_113159.1	92.648	1401	49	47	3	1365	74	1458	0.0	1967
9462f37e-e6a6-4dc5-ac36-e6a52e82de42	NR_026093.1	92.449	1364	46	50	22	1347	1	1345	0.0	1895
9462f37e-e6a6-4dc5-ac36-e6a52e82de42	NR_146815.1	87.997	1408	102	57	3	1365	74	1459	0.0	1602
9462f37e-e6a6-4dc5-ac36-e6a52e82de42	NR_179663.1	87.864	1409	106	56	3	1365	79	1468	0.0	1594
4a857434-1170-413e-8c63-08711b7ae42c	NR_179325.1	90.682	1363	68	50	5	1335	124	1459	0.0	1759
4a857434-1170-413e-8c63-08711b7ae42c	NR_115355.1	90.529	1362	71	49	5	1335	151	1485	0.0	1751
4a857434-1170-413e-8c63-08711b7ae42c	NR_163639.1	90.529	1362	67	53	5	1335	170	1500	0.0	1744
4a857434-1170-413e-8c63-08711b7ae42c	NR_119169.1	90.308	1362	74	49	5	1335	156	1490	0.0	1738
4a857434-1170-413e-8c63-08711b7ae42c	NR_113570.1	90.118	1356	75	50	12	1335	165	1493	0.0	1707
afc3d20c-2038-49be-915a-4690c727baa7	NR_133753.1	94.700	1151	25	25	1	1122	1301	158	0.0	1755
afc3d20c-2038-49be-915a-4690c727baa7	NR_025903.1	94.700	1151	25	25	1	1122	1347	204	0.0	1755
afc3d20c-2038-49be-915a-4690c727baa7	NR_133752.1	94.526	1151	27	25	1	1122	1272	129	0.0	1744
afc3d20c-2038-49be-915a-4690c727baa7	NR_025904.1	93.913	1150	36	24	1	1122	1346	203	0.0	1705
afc3d20c-2038-49be-915a-4690c727baa7	NR_026419.1	93.881	1144	34	25	1	1115	1335	199	0.0	1692
4a389b32-8336-41b4-ae7e-55d6e0a8cab7	NR_044873.1	93.257	1142	40	30	1	1128	98	1216	0.0	1648
4a389b32-8336-41b4-ae7e-55d6e0a8cab7	NR_178360.1	90.997	1144	64	32	1	1129	75	1194	0.0	1506
4a389b32-8336-41b4-ae7e-55d6e0a8cab7	NR_109752.1	90.909	1144	65	32	1	1129	119	1238	0.0	1500
4a389b32-8336-41b4-ae7e-55d6e0a8cab7	NR_025310.1	90.734	1144	66	33	1	1129	89	1207	0.0	1489
4a389b32-8336-41b4-ae7e-55d6e0a8cab7	NR_144586.1	89.478	1150	75	38	1	1129	132	1256	0.0	1411
4ea75d7d-4504-4786-a560-6939f77e7cc9	NR_028682.1	93.687	1394	43	40	1	1358	113	1497	0.0	2045
4ea75d7d-4504-4786-a560-6939f77e7cc9	NR_113798.1	91.673	1393	74	35	1	1359	97	1481	0.0	1892
4ea75d7d-4504-4786-a560-6939f77e7cc9	NR_116890.1	91.872	1378	72	36	1	1346	101	1470	0.0	1888
4ea75d7d-4504-4786-a560-6939f77e7cc9	NR_119263.1	91.345	1398	80	37	1	1365	111	1500	0.0	1873
4ea75d7d-4504-4786-a560-6939f77e7cc9	NR_025445.1	91.236	1392	84	32	1	1360	103	1488	0.0	1860
17ce141d-d88c-41d1-8af9-b966e3d730df	NR_116168.1	96.417	893	23	8	53	937	917	26	0.0	1463
17ce141d-d88c-41d1-8af9-b966e3d730df	NR_042878.1	96.085	894	24	10	53	937	896	5	0.0	1454
17ce141d-d88c-41d1-8af9-b966e3d730df	NR_118762.1	94.395	892	39	10	53	935	920	31	0.0	1391
17ce141d-d88c-41d1-8af9-b966e3d730df	NR_118143.1	94.420	896	37	12	53	937	898	5	0.0	1367
17ce141d-d88c-41d1-8af9-b966e3d730df	NR_025423.1	94.085	896	40	12	53	937	901	8	0.0	1349
8101811a-6da6-493c-84b2-88cae11a09b2	NR_179602.1	93.069	202	7	5	1	196	1400	1200	5.78e-78	289
8101811a-6da6-493c-84b2-88cae11a09b2	NR_113389.1	92.574	202	8	5	1	196	1327	1127	2.69e-76	283
8101811a-6da6-493c-84b2-88cae11a09b2	NR_028797.1	92.079	202	9	5	1	196	1423	1223	1.25e-74	278
8101811a-6da6-493c-84b2-88cae11a09b2	NR_041805.1	92.079	202	9	5	1	196	1428	1228	1.25e-74	278
8101811a-6da6-493c-84b2-88cae11a09b2	NR_181318.1	92.079	202	9	5	1	196	1421	1221	1.25e-74	278
368607ba-ddb2-479f-80f3-6193672f349e	NR_125570.1	91.006	467	25	17	11	466	1054	594	2.13e-175	614
368607ba-ddb2-479f-80f3-6193672f349e	NR_125571.1	91.026	468	23	19	11	466	1096	636	2.13e-175	614
368607ba-ddb2-479f-80f3-6193672f349e	NR_029097.1	90.578	467	27	17	11	466	1072	612	4.61e-172	603
368607ba-ddb2-479f-80f3-6193672f349e	NR_181885.1	87.500	456	38	19	23	466	1104	656	1.03e-143	508
368607ba-ddb2-479f-80f3-6193672f349e	NR_027557.1	86.538	468	45	17	11	466	1127	666	1.73e-141	501
82a9f7be-dbdc-45ed-8697-644720431de4	NR_113570.1	94.942	257	6	6	5	256	1228	974	4.45e-110	396
82a9f7be-dbdc-45ed-8697-644720431de4	NR_163639.1	94.942	257	6	6	5	256	1236	982	4.45e-110	396
82a9f7be-dbdc-45ed-8697-644720431de4	NR_025762.1	94.553	257	7	6	5	256	1199	945	2.07e-108	390
82a9f7be-dbdc-45ed-8697-644720431de4	NR_115355.1	94.553	257	7	6	5	256	1221	967	2.07e-108	390
82a9f7be-dbdc-45ed-8697-644720431de4	NR_179325.1	94.553	257	7	6	5	256	1195	941	2.07e-108	390
a3c4932a-95a6-4de8-8422-9eb781758fb4	NR_028664.1	91.304	345	16	8	23	360	1159	1496	8.20e-129	459
a3c4932a-95a6-4de8-8422-9eb781758fb4	NR_117719.1	91.304	345	16	8	23	360	1156	1493	8.20e-129	459
a3c4932a-95a6-4de8-8422-9eb781758fb4	NR_179383.1	91.304	345	16	8	23	360	1163	1500	8.20e-129	459
a3c4932a-95a6-4de8-8422-9eb781758fb4	NR_041722.2	91.304	345	15	9	23	360	1173	1509	2.95e-128	457
a3c4932a-95a6-4de8-8422-9eb781758fb4	NR_028665.1	91.304	345	15	9	23	360	1153	1489	2.95e-128	457
d4893bec-6179-44ce-ba6f-14ffac90a60a	NR_025862.1	96.970	264	4	4	4	265	272	11	1.62e-124	444
d4893bec-6179-44ce-ba6f-14ffac90a60a	NR_028682.1	93.536	263	10	7	4	262	273	14	9.97e-107	385
d4893bec-6179-44ce-ba6f-14ffac90a60a	NR_026454.1	85.944	249	27	8	4	246	247	1	6.30e-69	259
d4893bec-6179-44ce-ba6f-14ffac90a60a	NR_025863.1	84.674	261	30	10	12	265	268	11	2.93e-67	254
d4893bec-6179-44ce-ba6f-14ffac90a60a	NR_113872.1	83.658	257	34	8	4	256	253	1	2.95e-62	237
0e51944f-0e7f-4102-97bd-249b9987c148	NR_026454.1	92.857	182	5	6	3	178	650	471	1.54e-68	257
0e51944f-0e7f-4102-97bd-249b9987c148	NR_025862.1	92.308	182	6	6	3	178	673	494	1.99e-67	254
0e51944f-0e7f-4102-97bd-249b9987c148	NR_026467.1	92.308	182	6	6	3	178	655	476	7.15e-67	252
0e51944f-0e7f-4102-97bd-249b9987c148	NR_025435.1	92.308	182	6	6	3	178	671	492	7.15e-67	252
0e51944f-0e7f-4102-97bd-249b9987c148	NR_025625.1	92.308	182	6	6	3	178	661	482	7.15e-67	252
db7da2f9-e0a4-460b-a1b3-98782cd3b1d6	NR_116168.1	91.393	639	26	22	4	616	1046	411	0.0	848
db7da2f9-e0a4-460b-a1b3-98782cd3b1d6	NR_042878.1	91.236	639	27	22	4	616	1025	390	0.0	845
db7da2f9-e0a4-460b-a1b3-98782cd3b1d6	NR_118143.1	90.923	639	29	22	4	616	1027	392	0.0	833
db7da2f9-e0a4-460b-a1b3-98782cd3b1d6	NR_118762.1	89.515	639	37	23	4	616	1048	414	0.0	800
db7da2f9-e0a4-460b-a1b3-98782cd3b1d6	NR_025423.1	89.375	640	37	24	4	616	1030	395	0.0	776
646ee52d-4e3d-4941-80d6-a3972540ad07	NR_179540.1	90.101	596	34	18	1	583	909	1492	0.0	750
646ee52d-4e3d-4941-80d6-a3972540ad07	NR_028664.1	89.933	596	36	17	1	583	912	1496	0.0	747
646ee52d-4e3d-4941-80d6-a3972540ad07	NR_042928.1	90.034	592	34	18	1	579	889	1468	0.0	743
646ee52d-4e3d-4941-80d6-a3972540ad07	NR_117719.1	89.765	596	37	17	1	583	909	1493	0.0	741
646ee52d-4e3d-4941-80d6-a3972540ad07	NR_179383.1	89.765	596	37	17	1	583	916	1500	0.0	741
5361ae0c-5b23-448a-8c14-8aba5de6e0db	NR_178515.1	94.170	1132	43	18	1	1119	1122	1	0.0	1703
5361ae0c-5b23-448a-8c14-8aba5de6e0db	NR_036936.1	94.081	1132	44	19	1	1119	1122	1	0.0	1700
5361ae0c-5b23-448a-8c14-8aba5de6e0db	NR_165737.1	94.081	1132	44	18	1	1119	1122	1	0.0	1698
5361ae0c-5b23-448a-8c14-8aba5de6e0db	NR_109720.1	93.872	1126	46	19	1	1113	1116	1	0.0	1676
5361ae0c-5b23-448a-8c14-8aba5de6e0db	NR_024842.1	93.427	1141	50	20	1	1127	1137	8	0.0	1672
878391e4-32e9-4c22-ba88-1f12f79c789f	NR_133753.1	95.210	334	7	7	1	327	564	233	3.30e-147	520
878391e4-32e9-4c22-ba88-1f12f79c789f	NR_025903.1	95.210	334	7	7	1	327	610	279	3.30e-147	520
878391e4-32e9-4c22-ba88-1f12f79c789f	NR_133752.1	94.611	334	9	7	1	327	535	204	7.14e-144	508
878391e4-32e9-4c22-ba88-1f12f79c789f	NR_026419.1	94.611	334	9	7	1	327	598	267	7.14e-144	508
878391e4-32e9-4c22-ba88-1f12f79c789f	NR_036920.1	93.373	332	16	5	1	327	603	273	3.34e-137	486
454ac27c-db34-4e3b-95ef-f97d7494dc3c	NR_026419.1	94.473	778	21	16	1	763	1326	556	0.0	1179
454ac27c-db34-4e3b-95ef-f97d7494dc3c	NR_133752.1	93.830	778	26	16	1	763	1263	493	0.0	1151
454ac27c-db34-4e3b-95ef-f97d7494dc3c	NR_133753.1	93.830	778	26	16	1	763	1292	522	0.0	1151
454ac27c-db34-4e3b-95ef-f97d7494dc3c	NR_025903.1	93.830	778	26	16	1	763	1338	568	0.0	1151
454ac27c-db34-4e3b-95ef-f97d7494dc3c	NR_025904.1	93.702	778	27	16	1	763	1337	567	0.0	1146
0671792c-bceb-495c-8dcc-9a4238b9f032	NR_024842.1	96.249	1253	27	12	1	1237	1256	8	0.0	2039
0671792c-bceb-495c-8dcc-9a4238b9f032	NR_115241.1	96.225	1245	27	12	1	1229	1241	1	0.0	2025
0671792c-bceb-495c-8dcc-9a4238b9f032	NR_115735.1	96.278	1236	25	13	1	1219	1232	1	0.0	2008
0671792c-bceb-495c-8dcc-9a4238b9f032	NR_178515.1	95.334	1243	36	14	4	1229	1238	1	0.0	1954
0671792c-bceb-495c-8dcc-9a4238b9f032	NR_165737.1	95.093	1243	39	14	4	1229	1238	1	0.0	1938
b9882ffc-b880-46e9-9088-b041ba1318d6	NR_036936.1	97.358	265	4	3	1	263	1372	1109	1.24e-125	448
b9882ffc-b880-46e9-9088-b041ba1318d6	NR_028666.1	97.358	265	4	3	1	263	1396	1133	1.24e-125	448
b9882ffc-b880-46e9-9088-b041ba1318d6	NR_028833.1	97.358	265	4	3	1	263	1399	1136	1.24e-125	448
b9882ffc-b880-46e9-9088-b041ba1318d6	NR_029052.1	97.358	265	4	3	1	263	1360	1097	1.24e-125	448
b9882ffc-b880-46e9-9088-b041ba1318d6	NR_036918.1	97.358	265	4	3	1	263	1389	1126	1.24e-125	448
40a5f172-d5cd-43a6-aaa9-09c64e21479f	NR_176802.2	97.113	381	7	4	1	379	1326	948	0.0	640
40a5f172-d5cd-43a6-aaa9-09c64e21479f	NR_036934.1	94.488	381	17	4	1	379	1318	940	1.34e-166	584
40a5f172-d5cd-43a6-aaa9-09c64e21479f	NR_114338.1	94.488	381	17	4	1	379	1338	960	1.34e-166	584
40a5f172-d5cd-43a6-aaa9-09c64e21479f	NR_114675.1	94.488	381	17	4	1	379	1298	920	1.34e-166	584
40a5f172-d5cd-43a6-aaa9-09c64e21479f	NR_181419.1	94.488	381	16	5	1	379	1317	940	4.83e-166	582
e7be5c89-2255-40f7-af74-d9d5b76b4273	NR_189254.1	88.346	266	27	4	42	303	1392	1127	4.32e-86	316
e7be5c89-2255-40f7-af74-d9d5b76b4273	NR_042186.1	86.926	283	28	9	27	302	1359	1079	7.24e-84	309
e7be5c89-2255-40f7-af74-d9d5b76b4273	NR_026099.2	86.786	280	33	4	28	303	1377	1098	7.24e-84	309
e7be5c89-2255-40f7-af74-d9d5b76b4273	NR_152684.1	86.786	280	33	4	28	303	1358	1079	7.24e-84	309
e7be5c89-2255-40f7-af74-d9d5b76b4273	NR_181382.1	86.879	282	30	6	28	303	1388	1108	7.24e-84	309
7e9b0e60-bb0f-49a1-8415-37b12aeb9722	NR_133752.1	92.244	606	21	19	18	610	1319	727	0.0	835
7e9b0e60-bb0f-49a1-8415-37b12aeb9722	NR_133753.1	92.244	606	21	19	18	610	1348	756	0.0	835
7e9b0e60-bb0f-49a1-8415-37b12aeb9722	NR_025903.1	92.244	606	21	19	18	610	1394	802	0.0	835
7e9b0e60-bb0f-49a1-8415-37b12aeb9722	NR_025904.1	91.749	606	24	19	18	610	1393	801	0.0	819
7e9b0e60-bb0f-49a1-8415-37b12aeb9722	NR_026419.1	91.089	606	28	19	18	610	1382	790	0.0	797
ba24d0f9-3e5a-4ce3-8b1e-586fae0382db	NR_044873.1	95.677	347	10	3	5	348	1123	1467	3.48e-157	553
ba24d0f9-3e5a-4ce3-8b1e-586fae0382db	NR_178796.1	95.101	347	13	2	5	349	1131	1475	2.09e-154	544
ba24d0f9-3e5a-4ce3-8b1e-586fae0382db	NR_178939.1	95.101	347	13	2	5	349	1132	1476	2.09e-154	544
ba24d0f9-3e5a-4ce3-8b1e-586fae0382db	NR_074568.1	95.101	347	12	3	5	349	1133	1476	7.52e-154	542
ba24d0f9-3e5a-4ce3-8b1e-586fae0382db	NR_042334.1	94.813	347	13	3	5	349	1129	1472	3.50e-152	536
54b420d7-57e9-4d8b-9d33-ce7bbaebb99f	NR_121688.1	96.008	977	24	13	1	965	994	21	0.0	1574
54b420d7-57e9-4d8b-9d33-ce7bbaebb99f	NR_117701.1	96.008	977	24	14	1	965	974	1	0.0	1574
54b420d7-57e9-4d8b-9d33-ce7bbaebb99f	NR_117717.1	95.906	977	24	15	1	965	994	22	0.0	1568
54b420d7-57e9-4d8b-9d33-ce7bbaebb99f	NR_117696.1	96.058	964	23	14	1	952	961	1	0.0	1555
54b420d7-57e9-4d8b-9d33-ce7bbaebb99f	NR_104947.1	96.109	951	20	16	1	938	947	1	0.0	1535
d96a92dd-be72-452e-ad57-482b8f1e9303	NR_041879.1	92.789	735	31	18	2	716	332	1064	0.0	1044
d96a92dd-be72-452e-ad57-482b8f1e9303	NR_115355.1	92.789	735	31	18	2	716	375	1107	0.0	1044
d96a92dd-be72-452e-ad57-482b8f1e9303	NR_179325.1	92.653	735	32	18	2	716	349	1081	0.0	1038
d96a92dd-be72-452e-ad57-482b8f1e9303	NR_119169.1	92.517	735	33	18	2	716	380	1112	0.0	1037
d96a92dd-be72-452e-ad57-482b8f1e9303	NR_113570.1	92.245	735	35	18	2	716	382	1114	0.0	1022
03e78acc-9a5b-4d65-b00f-b85f39c4243e	NR_179540.1	95.517	1316	34	18	14	1319	195	1495	0.0	2080
03e78acc-9a5b-4d65-b00f-b85f39c4243e	NR_117719.1	95.434	1314	36	18	16	1319	197	1496	0.0	2073
03e78acc-9a5b-4d65-b00f-b85f39c4243e	NR_042928.1	95.562	1307	33	18	16	1312	177	1468	0.0	2069
03e78acc-9a5b-4d65-b00f-b85f39c4243e	NR_175455.1	95.285	1315	37	19	16	1319	185	1485	0.0	2061
03e78acc-9a5b-4d65-b00f-b85f39c4243e	NR_042927.1	95.278	1313	38	18	10	1312	173	1471	0.0	2060
89043a73-be8f-4dec-baca-004ddc8b481a	NR_133752.1	94.703	623	15	14	1	609	1169	551	0.0	952
89043a73-be8f-4dec-baca-004ddc8b481a	NR_133753.1	94.703	623	15	14	1	609	1198	580	0.0	952
89043a73-be8f-4dec-baca-004ddc8b481a	NR_025904.1	94.703	623	15	14	1	609	1243	625	0.0	952
89043a73-be8f-4dec-baca-004ddc8b481a	NR_025903.1	94.703	623	15	14	1	609	1244	626	0.0	952
89043a73-be8f-4dec-baca-004ddc8b481a	NR_026419.1	94.061	623	19	14	1	609	1232	614	0.0	929
78f91b82-d220-4316-aa59-867065289cc4	NR_024842.1	95.099	755	22	11	1	743	738	1489	0.0	1175
78f91b82-d220-4316-aa59-867065289cc4	NR_115735.1	95.093	754	22	11	1	742	714	1464	0.0	1173
78f91b82-d220-4316-aa59-867065289cc4	NR_115241.1	94.674	751	25	11	1	739	723	1470	0.0	1157
78f91b82-d220-4316-aa59-867065289cc4	NR_165737.1	94.548	752	25	12	1	739	723	1471	0.0	1147
78f91b82-d220-4316-aa59-867065289cc4	NR_109720.1	94.758	744	23	12	1	731	717	1457	0.0	1144
3d23d269-5d40-46b2-85f9-588dc7e5550d	NR_042928.1	97.436	234	3	3	1	233	232	1	4.19e-110	396
3d23d269-5d40-46b2-85f9-588dc7e5550d	NR_109720.1	96.491	228	7	1	1	227	228	1	5.45e-104	375
3d23d269-5d40-46b2-85f9-588dc7e5550d	NR_115560.1	94.650	243	10	3	1	242	252	12	1.96e-103	374
3d23d269-5d40-46b2-85f9-588dc7e5550d	NR_165747.1	95.726	234	7	3	1	233	232	1	1.96e-103	374
3d23d269-5d40-46b2-85f9-588dc7e5550d	NR_036936.1	95.299	234	10	1	1	233	234	1	7.05e-103	372
1b010cbb-e4d2-41a2-b96a-00f5e9374d5e	NR_074371.1	75.711	914	164	51	107	990	1067	182	3.70e-112	405
1b010cbb-e4d2-41a2-b96a-00f5e9374d5e	NR_108300.1	76.543	729	131	36	255	965	914	208	2.26e-99	363
1b010cbb-e4d2-41a2-b96a-00f5e9374d5e	NR_113810.1	76.049	739	137	36	255	975	894	178	6.33e-95	348
1b010cbb-e4d2-41a2-b96a-00f5e9374d5e	NR_180364.1	75.946	740	136	36	255	975	894	178	2.94e-93	342
1b010cbb-e4d2-41a2-b96a-00f5e9374d5e	NR_074536.1	75.857	729	136	33	255	964	933	226	4.93e-91	335
ac3db20d-33ef-4220-9e92-fb8d0ef57614	NR_118762.1	94.038	889	32	14	1	874	597	1479	0.0	1349
ac3db20d-33ef-4220-9e92-fb8d0ef57614	NR_044682.2	91.620	895	43	21	1	874	599	1482	0.0	1214
ac3db20d-33ef-4220-9e92-fb8d0ef57614	NR_044749.1	91.348	890	52	19	1	873	598	1479	0.0	1212
ac3db20d-33ef-4220-9e92-fb8d0ef57614	NR_118761.1	91.226	889	53	18	1	872	598	1478	0.0	1197
ac3db20d-33ef-4220-9e92-fb8d0ef57614	NR_118743.1	90.562	890	53	23	1	870	598	1476	0.0	1175
635bb7a9-b09c-465a-814b-87c422b3b637	NR_044873.1	96.703	1456	27	19	21	1461	16	1465	0.0	2403
635bb7a9-b09c-465a-814b-87c422b3b637	NR_029297.1	91.798	1463	84	30	22	1461	7	1456	0.0	2004
635bb7a9-b09c-465a-814b-87c422b3b637	NR_025723.1	91.620	1444	88	28	21	1442	7	1439	0.0	1965
635bb7a9-b09c-465a-814b-87c422b3b637	NR_151938.1	90.984	1464	100	27	21	1461	7	1461	0.0	1943
635bb7a9-b09c-465a-814b-87c422b3b637	NR_043205.1	90.841	1463	100	27	21	1461	29	1479	0.0	1929
f874204f-a0b9-4f91-afdf-2f77383b50b0	NR_028664.1	95.751	659	16	12	6	659	848	1499	0.0	1051
f874204f-a0b9-4f91-afdf-2f77383b50b0	NR_179540.1	95.745	658	17	11	6	659	845	1495	0.0	1050
f874204f-a0b9-4f91-afdf-2f77383b50b0	NR_117719.1	95.599	659	17	12	6	659	845	1496	0.0	1046
f874204f-a0b9-4f91-afdf-2f77383b50b0	NR_028665.1	95.593	658	18	11	6	659	842	1492	0.0	1044
f874204f-a0b9-4f91-afdf-2f77383b50b0	NR_024842.1	95.712	653	17	11	11	659	847	1492	0.0	1040
e266f384-67b0-459f-b4b2-08043ad734db	NR_117694.1	95.433	1292	34	18	1	1283	182	1457	0.0	2036
e266f384-67b0-459f-b4b2-08043ad734db	NR_121687.1	94.969	1292	40	18	1	1283	202	1477	0.0	2002
e266f384-67b0-459f-b4b2-08043ad734db	NR_117692.1	94.668	1294	40	21	1	1283	182	1457	0.0	1980
e266f384-67b0-459f-b4b2-08043ad734db	NR_104946.1	94.716	1287	41	19	1	1277	145	1414	0.0	1975
e266f384-67b0-459f-b4b2-08043ad734db	NR_025902.1	94.513	1294	42	21	1	1283	160	1435	0.0	1969
68a29cdb-9dff-4451-9ddd-f461509af6f7	NR_118512.1	95.660	1175	29	17	1	1162	269	1434	0.0	1868
68a29cdb-9dff-4451-9ddd-f461509af6f7	NR_197757.1	94.402	1179	44	17	1	1166	288	1457	0.0	1792
68a29cdb-9dff-4451-9ddd-f461509af6f7	NR_156802.1	94.232	1179	46	17	1	1166	290	1459	0.0	1781
68a29cdb-9dff-4451-9ddd-f461509af6f7	NR_156805.1	94.232	1179	46	17	1	1166	290	1459	0.0	1781
68a29cdb-9dff-4451-9ddd-f461509af6f7	NR_118513.1	93.617	1175	53	17	1	1162	269	1434	0.0	1735
04dc35a8-b0f1-4f79-a1d5-73691fc5779a	NR_117694.1	91.556	675	38	17	1	661	798	1467	0.0	913
04dc35a8-b0f1-4f79-a1d5-73691fc5779a	NR_117692.1	90.963	675	42	16	1	661	798	1467	0.0	891
04dc35a8-b0f1-4f79-a1d5-73691fc5779a	NR_121687.1	90.815	675	43	17	1	661	818	1487	0.0	885
04dc35a8-b0f1-4f79-a1d5-73691fc5779a	NR_025892.1	90.732	669	43	16	1	655	823	1486	0.0	880
04dc35a8-b0f1-4f79-a1d5-73691fc5779a	NR_025902.1	90.667	675	44	16	1	661	776	1445	0.0	880
bd2bbc88-d532-4224-9cc5-396616131a92	NR_115355.1	97.516	322	5	3	1	321	1168	1487	1.48e-155	547
bd2bbc88-d532-4224-9cc5-396616131a92	NR_119169.1	97.516	322	5	3	1	321	1173	1492	1.48e-155	547
bd2bbc88-d532-4224-9cc5-396616131a92	NR_163639.1	97.516	322	5	3	1	321	1183	1502	1.48e-155	547
bd2bbc88-d532-4224-9cc5-396616131a92	NR_179325.1	97.516	322	5	3	1	321	1142	1461	1.48e-155	547
bd2bbc88-d532-4224-9cc5-396616131a92	NR_115354.1	96.894	322	7	3	1	321	1168	1487	3.20e-152	536
62f68303-6c4c-4477-94fa-fb5dea43ecbd	NR_113105.1	94.809	655	13	14	1	643	1451	806	0.0	1002
62f68303-6c4c-4477-94fa-fb5dea43ecbd	NR_044407.1	94.809	655	13	14	1	643	1443	798	0.0	1002
62f68303-6c4c-4477-94fa-fb5dea43ecbd	NR_113124.1	94.512	656	13	16	1	643	1463	818	0.0	990
62f68303-6c4c-4477-94fa-fb5dea43ecbd	NR_115327.1	94.512	656	13	16	1	643	1443	798	0.0	990
62f68303-6c4c-4477-94fa-fb5dea43ecbd	NR_029148.1	94.360	656	13	17	1	643	1470	826	0.0	985
aec50d18-3e29-4176-9c9b-78337e09e2f5	NR_199545.1	91.825	1370	63	41	20	1366	149	1492	0.0	1864
aec50d18-3e29-4176-9c9b-78337e09e2f5	NR_175455.1	91.685	1371	65	42	20	1366	137	1482	0.0	1855
aec50d18-3e29-4176-9c9b-78337e09e2f5	NR_179385.1	91.679	1370	65	41	20	1366	153	1496	0.0	1853
aec50d18-3e29-4176-9c9b-78337e09e2f5	NR_117719.1	91.606	1370	67	41	20	1366	149	1493	0.0	1849
aec50d18-3e29-4176-9c9b-78337e09e2f5	NR_165744.1	91.654	1366	65	41	20	1362	138	1477	0.0	1845
