3d01bba8-cff1-45a7-a98b-c64ca2811da0	NR_199541.1	90.523	1129	50	38	1	1089	84	1195	0.0	1439
3d01bba8-cff1-45a7-a98b-c64ca2811da0	NR_117719.1	90.257	1129	53	38	1	1089	126	1237	0.0	1423
3d01bba8-cff1-45a7-a98b-c64ca2811da0	NR_175455.1	90.080	1129	55	38	1	1089	114	1225	0.0	1411
3d01bba8-cff1-45a7-a98b-c64ca2811da0	NR_180629.1	90.080	1129	55	38	1	1089	88	1199	0.0	1411
3d01bba8-cff1-45a7-a98b-c64ca2811da0	NR_179540.1	89.886	1137	54	42	1	1095	126	1243	0.0	1406
7c1970a3-f61b-4199-9007-c0e871667797	NR_115735.1	94.549	1431	50	24	1	1419	50	1464	0.0	2185
7c1970a3-f61b-4199-9007-c0e871667797	NR_024842.1	94.479	1431	52	24	1	1420	75	1489	0.0	2182
7c1970a3-f61b-4199-9007-c0e871667797	NR_115241.1	94.394	1427	53	23	1	1416	60	1470	0.0	2172
7c1970a3-f61b-4199-9007-c0e871667797	NR_165737.1	93.978	1428	58	22	1	1416	60	1471	0.0	2135
7c1970a3-f61b-4199-9007-c0e871667797	NR_109720.1	93.635	1414	62	23	7	1408	60	1457	0.0	2087
6b2f7b79-cde5-45c2-915f-7ae1652707d5	NR_043604.1	97.010	669	6	9	1	665	659	1	0.0	1112
6b2f7b79-cde5-45c2-915f-7ae1652707d5	NR_118512.1	97.010	669	6	9	1	665	659	1	0.0	1112
6b2f7b79-cde5-45c2-915f-7ae1652707d5	NR_115710.1	94.170	669	23	11	2	665	658	1	0.0	1005
6b2f7b79-cde5-45c2-915f-7ae1652707d5	NR_043607.1	94.039	671	21	14	1	665	658	1	0.0	1000
6b2f7b79-cde5-45c2-915f-7ae1652707d5	NR_118524.1	94.039	671	21	14	1	665	658	1	0.0	1000
5762dd3a-dfbb-4315-9520-6dbb0f9f8664	NR_117719.1	85.230	738	51	48	1	699	775	1493	0.0	706
5762dd3a-dfbb-4315-9520-6dbb0f9f8664	NR_028665.1	85.075	737	53	49	1	699	772	1489	0.0	699
5762dd3a-dfbb-4315-9520-6dbb0f9f8664	NR_042927.1	85.150	734	51	48	1	695	757	1471	0.0	699
5762dd3a-dfbb-4315-9520-6dbb0f9f8664	NR_115734.1	85.150	734	51	48	1	695	758	1472	0.0	699
5762dd3a-dfbb-4315-9520-6dbb0f9f8664	NR_115239.1	84.993	733	53	49	1	695	755	1468	0.0	691
5e31222b-5c3a-472b-a1cf-1caf09e6e5ba	NR_179383.1	90.349	1233	52	50	1	1189	1231	22	0.0	1555
5e31222b-5c3a-472b-a1cf-1caf09e6e5ba	NR_165744.1	90.268	1233	53	51	1	1189	1213	4	0.0	1550
5e31222b-5c3a-472b-a1cf-1caf09e6e5ba	NR_028664.1	90.187	1233	54	50	1	1189	1227	18	0.0	1544
5e31222b-5c3a-472b-a1cf-1caf09e6e5ba	NR_199545.1	90.187	1233	54	50	1	1189	1224	15	0.0	1544
5e31222b-5c3a-472b-a1cf-1caf09e6e5ba	NR_115240.1	90.139	1227	54	50	1	1183	1204	1	0.0	1533
66e05f4a-f582-46e9-a83f-901e82ca2e04	NR_024842.1	97.507	682	12	4	1	680	702	1380	0.0	1160
66e05f4a-f582-46e9-a83f-901e82ca2e04	NR_036936.1	97.507	682	12	4	1	680	687	1365	0.0	1160
66e05f4a-f582-46e9-a83f-901e82ca2e04	NR_115735.1	97.507	682	12	4	1	680	678	1356	0.0	1160
66e05f4a-f582-46e9-a83f-901e82ca2e04	NR_116211.1	97.507	682	12	4	1	680	610	1288	0.0	1160
66e05f4a-f582-46e9-a83f-901e82ca2e04	NR_178515.1	97.507	682	12	4	1	680	687	1365	0.0	1160
62094a67-60d2-4e53-8de7-084313662e68	NR_116168.1	87.688	398	24	21	1	383	418	31	3.21e-123	440
62094a67-60d2-4e53-8de7-084313662e68	NR_042878.1	86.935	398	27	21	1	383	397	10	5.38e-121	433
62094a67-60d2-4e53-8de7-084313662e68	NR_118762.1	84.925	398	35	21	1	383	421	34	7.05e-110	396
62094a67-60d2-4e53-8de7-084313662e68	NR_025423.1	85.464	399	33	22	1	383	402	13	9.12e-109	392
62094a67-60d2-4e53-8de7-084313662e68	NR_026030.1	84.250	400	36	24	1	383	401	12	5.53e-101	366
ea7fc96e-f092-41c9-ad5d-33fd0a561922	NR_163639.1	93.712	652	23	13	1	644	857	1498	0.0	961
ea7fc96e-f092-41c9-ad5d-33fd0a561922	NR_179325.1	93.721	653	22	13	1	644	815	1457	0.0	961
ea7fc96e-f092-41c9-ad5d-33fd0a561922	NR_115354.1	93.415	653	24	13	1	644	841	1483	0.0	952
ea7fc96e-f092-41c9-ad5d-33fd0a561922	NR_115355.1	93.415	653	24	13	1	644	841	1483	0.0	950
ea7fc96e-f092-41c9-ad5d-33fd0a561922	NR_074980.1	93.109	653	26	13	1	644	868	1510	0.0	939
45919aad-0d4e-427f-a151-b2ac70102b33	NR_199545.1	94.968	934	23	21	2	925	932	13	0.0	1443
45919aad-0d4e-427f-a151-b2ac70102b33	NR_179383.1	94.866	935	22	23	2	925	939	20	0.0	1437
45919aad-0d4e-427f-a151-b2ac70102b33	NR_179385.1	94.861	934	24	21	2	925	936	17	0.0	1437
45919aad-0d4e-427f-a151-b2ac70102b33	NR_028664.1	94.754	934	25	21	2	925	935	16	0.0	1432
45919aad-0d4e-427f-a151-b2ac70102b33	NR_165744.1	94.652	935	26	21	2	926	921	1	0.0	1428
1065c56e-8078-4d9d-96e4-337632f708a7	NR_028664.1	95.364	1402	45	16	1	1390	1415	22	0.0	2211
1065c56e-8078-4d9d-96e4-337632f708a7	NR_115240.1	95.357	1400	45	16	1	1388	1392	1	0.0	2207
1065c56e-8078-4d9d-96e4-337632f708a7	NR_042771.1	95.296	1403	44	18	1	1390	1412	19	0.0	2206
1065c56e-8078-4d9d-96e4-337632f708a7	NR_115274.1	95.289	1401	44	18	1	1388	1392	1	0.0	2202
1065c56e-8078-4d9d-96e4-337632f708a7	NR_115560.1	95.399	1391	46	15	12	1390	1403	19	0.0	2200
86f1e7ca-16d9-494e-959d-a52d0cbbbabd	NR_114413.1	93.682	459	20	8	4	460	467	16	0.0	678
86f1e7ca-16d9-494e-959d-a52d0cbbbabd	NR_165737.1	94.013	451	18	8	4	452	444	1	0.0	675
86f1e7ca-16d9-494e-959d-a52d0cbbbabd	NR_117719.1	93.464	459	19	9	4	460	462	13	0.0	671
86f1e7ca-16d9-494e-959d-a52d0cbbbabd	NR_178515.1	93.792	451	19	8	4	452	444	1	0.0	669
86f1e7ca-16d9-494e-959d-a52d0cbbbabd	NR_042927.1	93.570	451	20	8	4	452	444	1	0.0	664
31d7eead-9a70-48ea-83db-6d901789daa0	NR_114040.1	90.294	340	15	16	1	326	1131	1466	5.75e-120	429
31d7eead-9a70-48ea-83db-6d901789daa0	NR_040933.1	90.058	342	15	17	1	327	1152	1489	7.44e-119	425
31d7eead-9a70-48ea-83db-6d901789daa0	NR_117717.1	90.058	342	15	17	1	327	1150	1487	7.44e-119	425
31d7eead-9a70-48ea-83db-6d901789daa0	NR_121688.1	90.058	342	15	17	1	327	1150	1487	7.44e-119	425
31d7eead-9a70-48ea-83db-6d901789daa0	NR_117694.1	90.058	342	15	17	1	327	1130	1467	7.44e-119	425
a59827d7-7b01-446f-8679-35fcdfaddf9f	NR_025903.1	94.490	363	10	8	1	354	367	6	1.27e-156	551
a59827d7-7b01-446f-8679-35fcdfaddf9f	NR_025904.1	91.209	364	20	10	1	354	366	5	1.31e-136	484
a59827d7-7b01-446f-8679-35fcdfaddf9f	NR_026419.1	91.292	356	20	9	1	346	355	1	7.88e-134	475
a59827d7-7b01-446f-8679-35fcdfaddf9f	NR_133753.1	93.930	313	11	6	1	306	321	10	4.74e-131	466
a59827d7-7b01-446f-8679-35fcdfaddf9f	NR_133752.1	94.502	291	9	5	1	285	292	3	7.99e-124	442
f67deabf-2f54-40ee-ab4b-baa5290cc93d	NR_074980.1	97.642	509	9	3	1	507	520	13	0.0	870
f67deabf-2f54-40ee-ab4b-baa5290cc93d	NR_113031.1	97.642	509	9	3	1	507	520	13	0.0	870
f67deabf-2f54-40ee-ab4b-baa5290cc93d	NR_163639.1	97.456	511	7	6	1	509	509	3	0.0	867
f67deabf-2f54-40ee-ab4b-baa5290cc93d	NR_119169.1	97.796	499	8	3	1	497	498	1	0.0	861
f67deabf-2f54-40ee-ab4b-baa5290cc93d	NR_119168.1	97.796	499	8	3	1	497	498	1	0.0	857
02eac6f5-4206-4b8c-b4d8-c0c6c21680e7	NR_044873.1	97.222	180	5	0	65	244	44	223	7.29e-83	305
02eac6f5-4206-4b8c-b4d8-c0c6c21680e7	NR_074568.1	96.667	180	6	0	65	244	55	234	3.39e-81	300
02eac6f5-4206-4b8c-b4d8-c0c6c21680e7	NR_044712.2	96.111	180	7	0	65	244	64	243	4.39e-80	296
02eac6f5-4206-4b8c-b4d8-c0c6c21680e7	NR_024785.1	93.333	180	11	1	65	244	13	191	1.24e-70	265
02eac6f5-4206-4b8c-b4d8-c0c6c21680e7	NR_025310.1	91.111	180	16	0	65	244	35	214	1.61e-64	244
6ec85ec5-47aa-40a6-b035-9eb537208978	NR_163639.1	95.429	350	8	6	1	346	1129	1474	1.32e-156	551
6ec85ec5-47aa-40a6-b035-9eb537208978	NR_179325.1	95.429	350	8	6	1	346	1088	1433	1.32e-156	551
6ec85ec5-47aa-40a6-b035-9eb537208978	NR_115355.1	95.143	350	9	6	1	346	1114	1459	6.15e-155	545
6ec85ec5-47aa-40a6-b035-9eb537208978	NR_115354.1	94.857	350	10	6	1	346	1114	1459	2.86e-153	540
6ec85ec5-47aa-40a6-b035-9eb537208978	NR_119169.1	94.842	349	10	6	2	346	1120	1464	1.03e-152	538
76564df3-4cb8-40ed-b695-c9b8e16b9995	NR_117694.1	94.478	1340	38	34	1	1315	1329	1	0.0	2032
76564df3-4cb8-40ed-b695-c9b8e16b9995	NR_121687.1	93.625	1349	48	36	1	1323	1349	13	0.0	1980
76564df3-4cb8-40ed-b695-c9b8e16b9995	NR_025892.1	93.249	1348	54	35	1	1323	1354	19	0.0	1975
76564df3-4cb8-40ed-b695-c9b8e16b9995	NR_117692.1	93.145	1342	52	37	1	1315	1329	1	0.0	1932
76564df3-4cb8-40ed-b695-c9b8e16b9995	NR_026079.2	92.507	1348	65	33	1	1323	1356	20	0.0	1897
788d579e-1eb9-48f9-996a-fb8c4af73a93	NR_044873.1	95.736	258	5	4	1	253	848	592	1.58e-114	411
788d579e-1eb9-48f9-996a-fb8c4af73a93	NR_151938.1	95.276	254	6	4	1	249	843	591	1.23e-110	398
788d579e-1eb9-48f9-996a-fb8c4af73a93	NR_025665.1	94.882	254	7	4	1	249	837	585	5.73e-109	392
788d579e-1eb9-48f9-996a-fb8c4af73a93	NR_026188.1	94.882	254	7	4	1	249	850	598	5.73e-109	392
788d579e-1eb9-48f9-996a-fb8c4af73a93	NR_026189.1	94.882	254	7	4	1	249	846	594	5.73e-109	392
a56d85f6-14ed-49dd-8f3d-2c862685c8a9	NR_044873.1	89.423	624	33	25	1	599	1336	721	0.0	756
a56d85f6-14ed-49dd-8f3d-2c862685c8a9	NR_074568.1	89.103	624	35	26	1	599	1346	731	0.0	745
a56d85f6-14ed-49dd-8f3d-2c862685c8a9	NR_044712.2	88.942	624	36	26	1	599	1355	740	0.0	741
a56d85f6-14ed-49dd-8f3d-2c862685c8a9	NR_025310.1	88.160	625	39	27	1	599	1326	711	0.0	712
a56d85f6-14ed-49dd-8f3d-2c862685c8a9	NR_109752.1	88.141	624	41	25	1	599	1357	742	0.0	712
24a3d75c-e817-4944-9382-530c4f23a06f	NR_165739.1	90.452	1194	52	46	11	1151	1185	1	0.0	1517
24a3d75c-e817-4944-9382-530c4f23a06f	NR_118086.1	89.684	1202	64	45	11	1160	1202	9	0.0	1478
24a3d75c-e817-4944-9382-530c4f23a06f	NR_116814.1	89.438	1193	66	44	11	1151	1185	1	0.0	1450
24a3d75c-e817-4944-9382-530c4f23a06f	NR_104684.1	89.101	1202	69	47	11	1159	1205	13	0.0	1437
24a3d75c-e817-4944-9382-530c4f23a06f	NR_180797.1	82.601	1207	138	54	11	1159	1203	11	0.0	1000
0f5484af-f9e4-4fe7-8b42-798857dc9be0	NR_117694.1	92.326	860	26	29	1	827	1234	382	0.0	1186
0f5484af-f9e4-4fe7-8b42-798857dc9be0	NR_025892.1	91.744	860	30	29	1	827	1259	408	0.0	1168
0f5484af-f9e4-4fe7-8b42-798857dc9be0	NR_121687.1	91.860	860	30	29	1	827	1254	402	0.0	1164
0f5484af-f9e4-4fe7-8b42-798857dc9be0	NR_041988.1	91.395	860	34	30	1	827	1192	340	0.0	1142
0f5484af-f9e4-4fe7-8b42-798857dc9be0	NR_041989.1	91.405	861	32	31	1	827	1192	340	0.0	1142
ffebd2c9-fd4c-442a-bc58-5b963ee01433	NR_136788.1	92.052	692	21	26	1	675	687	13	0.0	942
ffebd2c9-fd4c-442a-bc58-5b963ee01433	NR_113082.1	89.710	690	41	22	1	675	687	13	0.0	854
ffebd2c9-fd4c-442a-bc58-5b963ee01433	NR_026230.1	88.088	680	51	22	1	665	665	1	0.0	798
ffebd2c9-fd4c-442a-bc58-5b963ee01433	NR_152035.1	82.973	693	80	30	2	675	687	14	1.47e-168	592
ffebd2c9-fd4c-442a-bc58-5b963ee01433	NR_113134.1	79.399	699	91	35	2	675	683	13	4.35e-124	444
abd090c6-7881-4065-8eba-f4f557049086	NR_165744.1	91.790	1084	45	34	4	1055	1436	365	0.0	1469
abd090c6-7881-4065-8eba-f4f557049086	NR_175455.1	91.782	1083	45	34	5	1055	1434	364	0.0	1467
abd090c6-7881-4065-8eba-f4f557049086	NR_179383.1	91.782	1083	45	34	5	1055	1453	383	0.0	1467
abd090c6-7881-4065-8eba-f4f557049086	NR_180629.1	91.697	1084	46	34	4	1055	1409	338	0.0	1463
abd090c6-7881-4065-8eba-f4f557049086	NR_199545.1	91.690	1083	48	32	4	1055	1447	376	0.0	1463
9587f056-e3ed-4311-87ea-696cb5c92b47	NR_044873.1	91.748	1442	53	50	1	1396	1424	3	0.0	1943
9587f056-e3ed-4311-87ea-696cb5c92b47	NR_074568.1	90.586	1434	69	50	8	1396	1426	14	0.0	1840
9587f056-e3ed-4311-87ea-696cb5c92b47	NR_044712.2	90.237	1434	74	50	8	1396	1435	23	0.0	1820
9587f056-e3ed-4311-87ea-696cb5c92b47	NR_109752.1	89.686	1435	81	51	8	1396	1437	24	0.0	1768
9587f056-e3ed-4311-87ea-696cb5c92b47	NR_025310.1	89.706	1428	80	52	8	1390	1406	1	0.0	1760
d3a77dff-c710-4978-a3ad-3ce410e24ca2	NR_117694.1	91.904	1334	59	43	67	1372	155	1467	0.0	1820
d3a77dff-c710-4978-a3ad-3ce410e24ca2	NR_025892.1	90.806	1327	74	40	67	1366	181	1486	0.0	1757
d3a77dff-c710-4978-a3ad-3ce410e24ca2	NR_117696.1	90.233	1331	79	45	71	1372	146	1454	0.0	1690
d3a77dff-c710-4978-a3ad-3ce410e24ca2	NR_117717.1	90.158	1331	79	46	71	1372	180	1487	0.0	1685
d3a77dff-c710-4978-a3ad-3ce410e24ca2	NR_040933.1	89.932	1331	83	43	71	1372	181	1489	0.0	1668
d68f4e75-811e-479e-ba01-c5505a0ceba9	NR_163639.1	95.429	700	14	15	1	692	693	4	0.0	1099
d68f4e75-811e-479e-ba01-c5505a0ceba9	NR_119169.1	95.773	686	16	10	1	680	682	4	0.0	1098
d68f4e75-811e-479e-ba01-c5505a0ceba9	NR_115355.1	95.760	684	16	10	1	678	677	1	0.0	1094
d68f4e75-811e-479e-ba01-c5505a0ceba9	NR_074980.1	94.993	699	20	12	1	691	704	13	0.0	1083
d68f4e75-811e-479e-ba01-c5505a0ceba9	NR_113031.1	94.993	699	20	12	1	691	704	13	0.0	1083
b0898ff1-a236-484b-bbbc-9f36188a3542	NR_024842.1	93.927	1268	50	24	1	1252	1264	8	0.0	1893
b0898ff1-a236-484b-bbbc-9f36188a3542	NR_115241.1	93.889	1260	50	24	1	1244	1249	1	0.0	1879
b0898ff1-a236-484b-bbbc-9f36188a3542	NR_115735.1	93.925	1251	48	25	1	1234	1240	1	0.0	1864
b0898ff1-a236-484b-bbbc-9f36188a3542	NR_109720.1	93.790	1256	47	28	1	1238	1243	1	0.0	1858
b0898ff1-a236-484b-bbbc-9f36188a3542	NR_036936.1	93.582	1262	50	28	1	1244	1249	1	0.0	1853
e4ccf123-aa4a-4bef-b660-547522d6346d	NR_025863.1	92.824	864	40	19	1	850	82	937	0.0	1240
e4ccf123-aa4a-4bef-b660-547522d6346d	NR_025307.1	88.180	846	78	21	20	850	83	921	0.0	989
e4ccf123-aa4a-4bef-b660-547522d6346d	NR_026454.1	88.076	847	77	22	22	850	69	909	0.0	983
e4ccf123-aa4a-4bef-b660-547522d6346d	NR_026487.1	87.736	848	80	22	20	850	65	905	0.0	974
e4ccf123-aa4a-4bef-b660-547522d6346d	NR_026393.1	87.382	848	83	21	20	850	72	912	0.0	959
60b0beea-0850-4063-851c-6acd46443523	NR_179383.1	95.777	1397	30	25	8	1384	1407	20	0.0	2226
60b0beea-0850-4063-851c-6acd46443523	NR_028664.1	95.705	1397	31	25	8	1384	1403	16	0.0	2220
60b0beea-0850-4063-851c-6acd46443523	NR_199545.1	95.705	1397	31	25	8	1384	1400	13	0.0	2220
60b0beea-0850-4063-851c-6acd46443523	NR_165744.1	95.637	1398	32	25	8	1385	1389	1	0.0	2217
60b0beea-0850-4063-851c-6acd46443523	NR_115240.1	95.882	1384	30	23	8	1372	1380	5	0.0	2215
bf870fbc-4519-4443-b542-9357ff2b3586	NR_024842.1	91.750	800	34	23	1	780	795	8	0.0	1086
bf870fbc-4519-4443-b542-9357ff2b3586	NR_115241.1	91.793	792	33	23	1	772	780	1	0.0	1074
bf870fbc-4519-4443-b542-9357ff2b3586	NR_117425.1	91.698	795	34	24	1	775	783	1	0.0	1074
bf870fbc-4519-4443-b542-9357ff2b3586	NR_115735.1	92.057	768	32	23	1	751	771	16	0.0	1053
bf870fbc-4519-4443-b542-9357ff2b3586	NR_114413.1	91.000	800	40	24	1	780	803	16	0.0	1050
