16d2dafb-6210-45e9-bd59-4d31a8fbe5b4	NR_028682.1	93.916	1019	35	23	1	1003	490	1497	0.0	1513
16d2dafb-6210-45e9-bd59-4d31a8fbe5b4	NR_113798.1	93.425	1019	41	21	1	1004	474	1481	0.0	1487
16d2dafb-6210-45e9-bd59-4d31a8fbe5b4	NR_025197.1	93.046	1021	42	26	1	1004	457	1465	0.0	1465
16d2dafb-6210-45e9-bd59-4d31a8fbe5b4	NR_025445.1	93.039	1020	44	22	1	1005	481	1488	0.0	1465
16d2dafb-6210-45e9-bd59-4d31a8fbe5b4	NR_116890.1	93.493	999	41	19	1	986	478	1465	0.0	1463
3832eba7-f67d-403f-9c5b-3c793e40e0c6	NR_116168.1	93.870	261	7	6	1	253	1228	1487	9.68e-107	385
3832eba7-f67d-403f-9c5b-3c793e40e0c6	NR_118762.1	93.725	255	7	6	1	247	1230	1483	2.09e-103	374
3832eba7-f67d-403f-9c5b-3c793e40e0c6	NR_115136.1	93.333	240	9	5	16	249	1230	1468	1.27e-95	348
3832eba7-f67d-403f-9c5b-3c793e40e0c6	NR_115137.1	93.333	240	9	5	16	249	1230	1468	1.27e-95	348
3832eba7-f67d-403f-9c5b-3c793e40e0c6	NR_115138.1	93.333	240	9	5	16	249	1230	1468	1.27e-95	348
2ba6bb15-45c3-4da8-8ceb-510c73967560	NR_024842.1	98.331	659	5	5	8	662	837	1493	0.0	1151
2ba6bb15-45c3-4da8-8ceb-510c73967560	NR_115735.1	98.318	654	5	5	8	657	813	1464	0.0	1142
2ba6bb15-45c3-4da8-8ceb-510c73967560	NR_156072.1	98.027	659	7	5	8	662	842	1498	0.0	1140
2ba6bb15-45c3-4da8-8ceb-510c73967560	NR_165737.1	98.151	649	6	5	8	652	822	1468	0.0	1127
2ba6bb15-45c3-4da8-8ceb-510c73967560	NR_115241.1	97.994	648	8	4	8	652	822	1467	0.0	1125
285579b7-e71b-45ce-831a-62c0d64a9ce7	NR_116168.1	98.406	251	1	3	3	251	1241	1490	7.17e-123	438
285579b7-e71b-45ce-831a-62c0d64a9ce7	NR_118762.1	98.347	242	1	3	3	242	1243	1483	7.22e-118	422
285579b7-e71b-45ce-831a-62c0d64a9ce7	NR_044741.1	98.678	227	0	3	27	251	1229	1454	3.38e-111	399
285579b7-e71b-45ce-831a-62c0d64a9ce7	NR_115136.1	96.311	244	6	3	3	244	1226	1468	1.22e-110	398
285579b7-e71b-45ce-831a-62c0d64a9ce7	NR_115137.1	96.311	244	6	3	3	244	1226	1468	1.22e-110	398
54cb1d34-4285-4d68-9f44-4ce81649d9e7	NR_044873.1	89.570	1256	65	52	1	1217	1230	2	0.0	1533
54cb1d34-4285-4d68-9f44-4ce81649d9e7	NR_074568.1	88.376	1256	79	53	1	1217	1240	13	0.0	1448
54cb1d34-4285-4d68-9f44-4ce81649d9e7	NR_044712.2	88.137	1256	82	54	1	1217	1249	22	0.0	1437
54cb1d34-4285-4d68-9f44-4ce81649d9e7	NR_109752.1	87.510	1257	89	56	1	1217	1251	23	0.0	1389
54cb1d34-4285-4d68-9f44-4ce81649d9e7	NR_025310.1	87.590	1249	86	56	1	1209	1220	1	0.0	1384
d19fd909-8528-42cd-9d8a-0a82b6b87bce	NR_044873.1	90.659	364	17	15	1	352	364	6	1.33e-131	468
d19fd909-8528-42cd-9d8a-0a82b6b87bce	NR_074568.1	89.835	364	20	15	1	352	375	17	1.34e-126	451
d19fd909-8528-42cd-9d8a-0a82b6b87bce	NR_044712.2	89.286	364	22	15	1	352	384	26	6.22e-125	446
d19fd909-8528-42cd-9d8a-0a82b6b87bce	NR_025310.1	88.889	360	23	16	1	348	355	1	2.25e-119	427
d19fd909-8528-42cd-9d8a-0a82b6b87bce	NR_109752.1	88.219	365	25	17	1	352	386	27	3.77e-117	420
3c3d6fb1-70ad-4f47-a1ad-e4e5dd934042	NR_136788.1	95.267	486	14	7	1	484	998	1476	0.0	761
3c3d6fb1-70ad-4f47-a1ad-e4e5dd934042	NR_026230.1	93.191	470	23	7	17	484	992	1454	0.0	682
3c3d6fb1-70ad-4f47-a1ad-e4e5dd934042	NR_113082.1	92.825	446	23	7	16	459	1013	1451	0.0	638
3c3d6fb1-70ad-4f47-a1ad-e4e5dd934042	NR_136443.1	89.103	468	32	14	16	476	974	1429	2.27e-160	564
3c3d6fb1-70ad-4f47-a1ad-e4e5dd934042	NR_109439.1	88.864	449	41	6	38	484	1032	1473	2.96e-154	544
b7cba897-f476-4e32-9d82-46024c46f8c2	NR_028664.1	96.552	290	3	5	1	287	1473	1188	2.26e-133	473
b7cba897-f476-4e32-9d82-46024c46f8c2	NR_042927.1	96.552	290	3	5	1	287	1452	1167	2.26e-133	473
b7cba897-f476-4e32-9d82-46024c46f8c2	NR_115240.1	96.552	290	3	5	1	287	1450	1165	2.26e-133	473
b7cba897-f476-4e32-9d82-46024c46f8c2	NR_115734.1	96.552	290	3	5	1	287	1453	1168	2.26e-133	473
b7cba897-f476-4e32-9d82-46024c46f8c2	NR_117719.1	96.552	290	3	5	1	287	1470	1185	2.26e-133	473
34656757-1f32-4e9b-b502-00b5a6faa9a1	NR_199545.1	90.728	1305	67	46	23	1286	201	1492	0.0	1690
34656757-1f32-4e9b-b502-00b5a6faa9a1	NR_179385.1	90.651	1305	68	46	23	1286	205	1496	0.0	1685
34656757-1f32-4e9b-b502-00b5a6faa9a1	NR_165744.1	90.699	1301	67	46	23	1282	190	1477	0.0	1683
34656757-1f32-4e9b-b502-00b5a6faa9a1	NR_117719.1	90.480	1313	69	49	17	1286	194	1493	0.0	1681
34656757-1f32-4e9b-b502-00b5a6faa9a1	NR_175455.1	90.487	1314	68	50	17	1286	182	1482	0.0	1681
ad9013ea-2ff4-47db-bf61-0b4828400c36	NR_024897.1	98.052	154	1	2	1	153	1334	1486	2.07e-71	267
ad9013ea-2ff4-47db-bf61-0b4828400c36	NR_116168.1	98.052	154	1	2	1	153	1335	1487	2.07e-71	267
ad9013ea-2ff4-47db-bf61-0b4828400c36	NR_181418.1	98.052	154	1	2	1	153	1334	1486	2.07e-71	267
ad9013ea-2ff4-47db-bf61-0b4828400c36	NR_044741.1	97.403	154	2	2	1	153	1299	1451	9.63e-70	261
ad9013ea-2ff4-47db-bf61-0b4828400c36	NR_074906.1	97.419	155	1	3	1	153	1342	1495	9.63e-70	261
99b1bf2a-07fe-4ac2-aa9e-6ef7e90d3489	NR_114395.1	92.737	179	9	2	1	175	1426	1248	5.29e-68	255
99b1bf2a-07fe-4ac2-aa9e-6ef7e90d3489	NR_179528.1	92.737	179	9	2	1	175	1411	1233	5.29e-68	255
99b1bf2a-07fe-4ac2-aa9e-6ef7e90d3489	NR_041983.1	92.179	179	10	2	1	175	1394	1216	6.84e-67	252
99b1bf2a-07fe-4ac2-aa9e-6ef7e90d3489	NR_029286.1	92.614	176	9	2	1	172	1421	1246	2.46e-66	250
99b1bf2a-07fe-4ac2-aa9e-6ef7e90d3489	NR_179535.1	92.179	179	10	2	1	175	1429	1251	2.46e-66	250
c4829ab4-edf7-4801-9739-6cba1f6c5026	NR_117719.1	91.699	771	37	21	42	795	733	1493	0.0	1044
c4829ab4-edf7-4801-9739-6cba1f6c5026	NR_179383.1	91.699	771	37	21	42	795	740	1500	0.0	1044
c4829ab4-edf7-4801-9739-6cba1f6c5026	NR_179540.1	91.699	771	36	22	42	795	733	1492	0.0	1044
c4829ab4-edf7-4801-9739-6cba1f6c5026	NR_175455.1	91.580	772	37	22	42	795	721	1482	0.0	1040
c4829ab4-edf7-4801-9739-6cba1f6c5026	NR_028664.1	91.569	771	38	21	42	795	736	1496	0.0	1038
e660e40d-b52c-4e17-9a4e-ce899076f7c8	NR_044873.1	97.950	439	5	3	1	436	1030	1467	0.0	758
e660e40d-b52c-4e17-9a4e-ce899076f7c8	NR_178796.1	97.267	439	9	2	1	437	1038	1475	0.0	741
e660e40d-b52c-4e17-9a4e-ce899076f7c8	NR_178939.1	97.267	439	9	2	1	437	1039	1476	0.0	741
e660e40d-b52c-4e17-9a4e-ce899076f7c8	NR_074568.1	97.032	438	11	2	1	437	1040	1476	0.0	736
e660e40d-b52c-4e17-9a4e-ce899076f7c8	NR_025310.1	96.591	440	11	3	1	437	1020	1458	0.0	726
7710da3b-6f76-44ad-a924-a8a8d2699533	NR_179383.1	89.444	1440	75	61	1	1388	87	1501	0.0	1746
7710da3b-6f76-44ad-a924-a8a8d2699533	NR_028664.1	89.375	1440	76	61	1	1388	83	1497	0.0	1740
7710da3b-6f76-44ad-a924-a8a8d2699533	NR_042927.1	89.510	1430	73	61	6	1383	67	1471	0.0	1738
7710da3b-6f76-44ad-a924-a8a8d2699533	NR_115734.1	89.510	1430	73	61	6	1383	68	1472	0.0	1738
7710da3b-6f76-44ad-a924-a8a8d2699533	NR_115240.1	89.338	1435	76	61	1	1383	60	1469	0.0	1731
8b48d64e-1263-42b0-9334-d5d2416eabf9	NR_179385.1	98.566	1046	7	6	1	1040	453	1496	0.0	1842
8b48d64e-1263-42b0-9334-d5d2416eabf9	NR_199545.1	98.566	1046	7	6	1	1040	449	1492	0.0	1842
8b48d64e-1263-42b0-9334-d5d2416eabf9	NR_165744.1	98.464	1042	8	6	1	1036	438	1477	0.0	1829
8b48d64e-1263-42b0-9334-d5d2416eabf9	NR_028665.1	98.279	1046	10	6	1	1040	446	1489	0.0	1825
8b48d64e-1263-42b0-9334-d5d2416eabf9	NR_028664.1	98.185	1047	10	7	1	1040	452	1496	0.0	1820
d1f0a8a3-5e1c-4a9c-88d4-9b3ac82b03a3	NR_025903.1	90.046	653	30	26	1	626	655	11	0.0	813
d1f0a8a3-5e1c-4a9c-88d4-9b3ac82b03a3	NR_133753.1	91.438	584	22	19	1	564	609	34	0.0	776
d1f0a8a3-5e1c-4a9c-88d4-9b3ac82b03a3	NR_133752.1	90.925	584	25	19	1	564	580	5	0.0	760
d1f0a8a3-5e1c-4a9c-88d4-9b3ac82b03a3	NR_026419.1	88.326	651	40	28	1	623	643	1	0.0	749
d1f0a8a3-5e1c-4a9c-88d4-9b3ac82b03a3	NR_025904.1	87.634	655	42	31	1	626	654	10	0.0	725
933295e3-0b3d-4524-93e5-b7e4ba7b64ee	NR_040933.1	96.286	350	8	5	1	347	1145	1492	3.44e-162	569
933295e3-0b3d-4524-93e5-b7e4ba7b64ee	NR_117717.1	96.286	350	8	5	1	347	1143	1490	3.44e-162	569
933295e3-0b3d-4524-93e5-b7e4ba7b64ee	NR_121688.1	96.286	350	8	5	1	347	1143	1490	3.44e-162	569
933295e3-0b3d-4524-93e5-b7e4ba7b64ee	NR_117696.1	96.286	350	8	5	1	347	1110	1457	3.44e-162	569
933295e3-0b3d-4524-93e5-b7e4ba7b64ee	NR_117701.1	96.286	350	8	5	1	347	1123	1470	3.44e-162	569
a609a91b-b7f7-42ac-b3cb-4d7f25e86426	NR_044873.1	90.840	262	15	8	5	259	950	691	5.96e-94	342
a609a91b-b7f7-42ac-b3cb-4d7f25e86426	NR_074568.1	90.840	262	15	8	5	259	960	701	5.96e-94	342
a609a91b-b7f7-42ac-b3cb-4d7f25e86426	NR_043968.1	90.840	262	15	8	5	259	918	659	5.96e-94	342
a609a91b-b7f7-42ac-b3cb-4d7f25e86426	NR_044712.2	90.458	262	16	8	5	259	969	710	7.71e-93	339
a609a91b-b7f7-42ac-b3cb-4d7f25e86426	NR_024785.1	90.458	262	16	8	5	259	916	657	2.77e-92	337
0c64c9eb-bf6e-4b86-9a15-f06e425ad2fb	NR_028665.1	96.578	263	4	5	1	259	1228	1489	1.25e-120	431
0c64c9eb-bf6e-4b86-9a15-f06e425ad2fb	NR_179385.1	96.578	263	4	5	1	259	1235	1496	1.25e-120	431
0c64c9eb-bf6e-4b86-9a15-f06e425ad2fb	NR_199545.1	96.578	263	4	5	1	259	1231	1492	1.25e-120	431
0c64c9eb-bf6e-4b86-9a15-f06e425ad2fb	NR_114172.1	96.565	262	4	5	1	258	1211	1471	4.48e-120	429
0c64c9eb-bf6e-4b86-9a15-f06e425ad2fb	NR_041722.2	96.198	263	5	5	1	259	1248	1509	5.80e-119	425
f4e61bc3-cd6a-4889-b901-e1f4291fbc95	NR_178515.1	92.370	1114	39	33	14	1095	1	1100	0.0	1544
f4e61bc3-cd6a-4889-b901-e1f4291fbc95	NR_165737.1	92.190	1114	41	32	14	1095	1	1100	0.0	1533
f4e61bc3-cd6a-4889-b901-e1f4291fbc95	NR_036936.1	91.741	1114	46	33	14	1095	1	1100	0.0	1507
f4e61bc3-cd6a-4889-b901-e1f4291fbc95	NR_115241.1	91.480	1115	47	35	14	1095	1	1100	0.0	1493
f4e61bc3-cd6a-4889-b901-e1f4291fbc95	NR_109720.1	91.606	1108	47	33	20	1095	1	1094	0.0	1489
f06edaae-9063-43d2-afc1-d9eb76efe0b3	NR_175455.1	96.142	648	19	6	1	643	649	3	0.0	1053
f06edaae-9063-43d2-afc1-d9eb76efe0b3	NR_117719.1	96.000	650	20	6	1	645	661	13	0.0	1051
f06edaae-9063-43d2-afc1-d9eb76efe0b3	NR_199545.1	95.846	650	21	6	1	645	661	13	0.0	1046
f06edaae-9063-43d2-afc1-d9eb76efe0b3	NR_179385.1	95.538	650	23	6	1	645	665	17	0.0	1035
f06edaae-9063-43d2-afc1-d9eb76efe0b3	NR_165741.1	95.525	648	23	6	3	645	648	2	0.0	1031
703b04b9-43a5-4a69-a2f0-c56469959999	NR_044873.1	95.958	1138	24	20	1	1127	1130	4	0.0	1827
703b04b9-43a5-4a69-a2f0-c56469959999	NR_074568.1	94.552	1138	39	22	1	1127	1140	15	0.0	1736
703b04b9-43a5-4a69-a2f0-c56469959999	NR_044712.2	94.376	1138	41	22	1	1127	1149	24	0.0	1731
703b04b9-43a5-4a69-a2f0-c56469959999	NR_109752.1	93.679	1139	48	20	1	1127	1151	25	0.0	1683
703b04b9-43a5-4a69-a2f0-c56469959999	NR_025310.1	93.557	1133	48	23	1	1121	1120	1	0.0	1664
2b508b43-a907-4654-ab86-ca56f54234c4	NR_036993.1	94.781	479	13	10	1	469	1394	918	0.0	736
2b508b43-a907-4654-ab86-ca56f54234c4	NR_118779.1	94.781	479	13	10	1	469	1362	886	0.0	736
2b508b43-a907-4654-ab86-ca56f54234c4	NR_180913.1	90.000	480	35	12	1	469	1364	887	1.01e-173	608
2b508b43-a907-4654-ab86-ca56f54234c4	NR_181400.1	89.792	480	36	12	1	469	1282	805	4.72e-172	603
2b508b43-a907-4654-ab86-ca56f54234c4	NR_173621.1	89.648	483	34	15	1	469	1394	914	1.70e-171	601
88ef3f87-44cc-416e-a234-d67f67193f33	NR_026419.1	93.419	1398	46	38	4	1368	1385	1	0.0	2030
88ef3f87-44cc-416e-a234-d67f67193f33	NR_025903.1	92.176	1406	63	39	4	1376	1397	6	0.0	1943
88ef3f87-44cc-416e-a234-d67f67193f33	NR_025904.1	91.756	1407	67	40	4	1376	1396	5	0.0	1910
88ef3f87-44cc-416e-a234-d67f67193f33	NR_133753.1	92.582	1348	57	35	4	1322	1351	18	0.0	1895
88ef3f87-44cc-416e-a234-d67f67193f33	NR_133752.1	92.285	1335	62	37	4	1310	1322	1	0.0	1857
684d09a1-371e-44a1-a4c2-22562f04c94c	NR_152678.1	95.342	365	11	5	1	362	1134	1495	7.76e-164	575
684d09a1-371e-44a1-a4c2-22562f04c94c	NR_025453.1	95.082	366	11	6	1	362	1114	1476	3.61e-162	569
684d09a1-371e-44a1-a4c2-22562f04c94c	NR_028666.1	95.068	365	12	5	1	362	1138	1499	3.61e-162	569
684d09a1-371e-44a1-a4c2-22562f04c94c	NR_028833.1	95.068	365	12	5	1	362	1141	1502	3.61e-162	569
684d09a1-371e-44a1-a4c2-22562f04c94c	NR_029052.1	95.068	365	12	5	1	362	1102	1463	3.61e-162	569
3b2da034-f19d-49d5-b4a7-973d0eee9b8d	NR_024842.1	92.597	851	30	26	13	841	655	1494	0.0	1192
3b2da034-f19d-49d5-b4a7-973d0eee9b8d	NR_115735.1	92.663	845	29	26	13	835	631	1464	0.0	1186
3b2da034-f19d-49d5-b4a7-973d0eee9b8d	NR_115241.1	92.518	842	30	26	13	832	640	1470	0.0	1177
3b2da034-f19d-49d5-b4a7-973d0eee9b8d	NR_178262.1	92.136	852	33	27	13	841	534	1374	0.0	1171
3b2da034-f19d-49d5-b4a7-973d0eee9b8d	NR_179215.1	92.136	852	33	27	13	841	656	1496	0.0	1171
0a94a376-1202-46c2-9d15-d6be5c8345a9	NR_116168.1	92.277	505	20	18	1	495	515	20	0.0	699
0a94a376-1202-46c2-9d15-d6be5c8345a9	NR_042878.1	91.451	503	24	18	1	493	494	1	0.0	682
0a94a376-1202-46c2-9d15-d6be5c8345a9	NR_118762.1	89.505	505	34	18	1	495	518	23	0.0	641
0a94a376-1202-46c2-9d15-d6be5c8345a9	NR_025423.1	89.349	507	33	20	1	495	499	2	1.78e-176	617
0a94a376-1202-46c2-9d15-d6be5c8345a9	NR_118143.1	88.317	505	38	20	1	493	496	1	1.39e-167	588
f6f16a57-26d0-4237-9f52-257053a9a459	NR_116168.1	94.638	373	10	9	5	369	392	22	3.74e-162	569
f6f16a57-26d0-4237-9f52-257053a9a459	NR_042878.1	93.566	373	14	9	5	369	371	1	2.91e-158	556
f6f16a57-26d0-4237-9f52-257053a9a459	NR_118762.1	91.123	383	22	11	5	377	395	15	2.28e-149	527
f6f16a57-26d0-4237-9f52-257053a9a459	NR_025423.1	91.223	376	19	13	5	369	376	4	4.97e-141	499
f6f16a57-26d0-4237-9f52-257053a9a459	NR_042883.1	90.426	376	22	13	5	369	373	1	5.01e-136	483
ac2872d0-4076-42f3-a45f-1dfa6721f22d	NR_163639.1	98.608	431	4	2	6	436	1069	1497	0.0	761
ac2872d0-4076-42f3-a45f-1dfa6721f22d	NR_179325.1	98.608	431	4	2	6	436	1028	1456	0.0	761
ac2872d0-4076-42f3-a45f-1dfa6721f22d	NR_115355.1	98.376	431	5	2	6	436	1054	1482	0.0	756
ac2872d0-4076-42f3-a45f-1dfa6721f22d	NR_115354.1	98.144	431	6	2	6	436	1054	1482	0.0	750
ac2872d0-4076-42f3-a45f-1dfa6721f22d	NR_119169.1	97.680	431	8	2	6	436	1059	1487	0.0	743
455e3f76-de2f-4d0b-be5e-df161c5261d4	NR_024842.1	97.783	812	6	10	1	803	655	1463	0.0	1389
455e3f76-de2f-4d0b-be5e-df161c5261d4	NR_115735.1	97.783	812	6	10	1	803	631	1439	0.0	1389
455e3f76-de2f-4d0b-be5e-df161c5261d4	NR_109720.1	97.663	813	6	11	1	803	634	1443	0.0	1384
455e3f76-de2f-4d0b-be5e-df161c5261d4	NR_115241.1	97.537	812	8	10	1	803	640	1448	0.0	1380
455e3f76-de2f-4d0b-be5e-df161c5261d4	NR_036936.1	97.540	813	7	11	1	803	640	1449	0.0	1378
5e6c990a-0ac2-499f-a2cf-bab56e514315	NR_165737.1	90.254	236	19	4	1	233	272	38	7.03e-83	305
5e6c990a-0ac2-499f-a2cf-bab56e514315	NR_178515.1	90.254	236	19	4	1	233	272	38	7.03e-83	305
5e6c990a-0ac2-499f-a2cf-bab56e514315	NR_179720.1	89.407	236	21	4	1	233	292	58	1.52e-79	294
5e6c990a-0ac2-499f-a2cf-bab56e514315	NR_025453.1	88.983	236	22	4	1	233	272	38	7.08e-78	289
5e6c990a-0ac2-499f-a2cf-bab56e514315	NR_199974.1	88.750	240	15	9	1	233	299	65	3.29e-76	283
6c51577e-aaf4-4f2c-8271-68d79dd55231	NR_028664.1	95.890	657	13	14	1	651	848	1496	0.0	1051
6c51577e-aaf4-4f2c-8271-68d79dd55231	NR_179383.1	95.890	657	13	14	1	651	852	1500	0.0	1051
6c51577e-aaf4-4f2c-8271-68d79dd55231	NR_042927.1	96.018	653	12	14	1	647	827	1471	0.0	1050
6c51577e-aaf4-4f2c-8271-68d79dd55231	NR_115734.1	96.018	653	12	14	1	647	828	1472	0.0	1050
6c51577e-aaf4-4f2c-8271-68d79dd55231	NR_117719.1	96.412	641	12	11	15	651	860	1493	0.0	1046
bbced813-5fea-48f6-9c28-9019ba3a1916	NR_176802.2	94.872	390	15	5	1	386	1000	1388	1.06e-172	604
bbced813-5fea-48f6-9c28-9019ba3a1916	NR_181419.1	92.564	390	23	6	1	386	992	1379	1.08e-157	555
bbced813-5fea-48f6-9c28-9019ba3a1916	NR_036934.1	92.308	390	25	5	1	386	992	1380	5.02e-156	549
bbced813-5fea-48f6-9c28-9019ba3a1916	NR_114338.1	92.308	390	25	5	1	386	1012	1400	5.02e-156	549
bbced813-5fea-48f6-9c28-9019ba3a1916	NR_114675.1	92.308	390	25	5	1	386	972	1360	5.02e-156	549
9644bfb5-9f95-4b1d-aeb6-49c06fab2dcf	NR_044091.1	95.513	468	9	11	1	460	1177	714	0.0	737
9644bfb5-9f95-4b1d-aeb6-49c06fab2dcf	NR_113570.1	94.658	468	12	12	1	460	1269	807	0.0	713
9644bfb5-9f95-4b1d-aeb6-49c06fab2dcf	NR_043332.1	94.231	468	14	12	1	460	1262	800	0.0	706
9644bfb5-9f95-4b1d-aeb6-49c06fab2dcf	NR_117759.1	94.231	468	14	12	1	460	1265	803	0.0	704
9644bfb5-9f95-4b1d-aeb6-49c06fab2dcf	NR_074980.1	94.231	468	14	12	1	460	1289	827	0.0	702
5c389a0e-48ea-471d-96d3-b61d3ab10917	NR_117719.1	93.308	1315	52	28	5	1301	50	1346	0.0	1908
5c389a0e-48ea-471d-96d3-b61d3ab10917	NR_180625.1	93.232	1315	53	28	5	1301	12	1308	0.0	1903
5c389a0e-48ea-471d-96d3-b61d3ab10917	NR_175455.1	93.156	1315	54	28	5	1301	38	1334	0.0	1897
5c389a0e-48ea-471d-96d3-b61d3ab10917	NR_199541.1	93.216	1312	53	28	8	1301	11	1304	0.0	1897
5c389a0e-48ea-471d-96d3-b61d3ab10917	NR_042927.1	92.928	1315	59	26	5	1301	30	1328	0.0	1882
9840306c-bb2a-4f29-9052-f67e615fade6	NR_028664.1	93.546	1317	43	28	1	1287	192	1496	0.0	1923
9840306c-bb2a-4f29-9052-f67e615fade6	NR_199545.1	93.541	1316	44	27	1	1287	189	1492	0.0	1921
9840306c-bb2a-4f29-9052-f67e615fade6	NR_115240.1	93.598	1312	42	28	1	1282	169	1468	0.0	1919
9840306c-bb2a-4f29-9052-f67e615fade6	NR_179383.1	93.470	1317	44	28	1	1287	196	1500	0.0	1917
9840306c-bb2a-4f29-9052-f67e615fade6	NR_179385.1	93.465	1316	45	27	1	1287	193	1496	0.0	1916
a2aad14d-34ad-49aa-b67f-39dcea112b7d	NR_119169.1	92.857	812	35	18	1	798	803	1	0.0	1160
a2aad14d-34ad-49aa-b67f-39dcea112b7d	NR_115355.1	92.928	806	36	17	1	793	798	1	0.0	1157
a2aad14d-34ad-49aa-b67f-39dcea112b7d	NR_074980.1	92.656	817	37	18	1	803	825	18	0.0	1155
a2aad14d-34ad-49aa-b67f-39dcea112b7d	NR_113031.1	92.656	817	37	18	1	803	825	18	0.0	1155
a2aad14d-34ad-49aa-b67f-39dcea112b7d	NR_119168.1	92.734	812	36	18	1	798	803	1	0.0	1151
d0d3fc7d-d9ee-4454-acf7-00173b4fbdfd	NR_115735.1	94.321	810	23	18	4	801	1267	469	0.0	1219
d0d3fc7d-d9ee-4454-acf7-00173b4fbdfd	NR_116211.1	94.321	810	23	18	4	801	1199	401	0.0	1219
d0d3fc7d-d9ee-4454-acf7-00173b4fbdfd	NR_178515.1	94.321	810	23	18	4	801	1276	478	0.0	1219
d0d3fc7d-d9ee-4454-acf7-00173b4fbdfd	NR_024842.1	94.198	810	24	18	4	801	1291	493	0.0	1216
d0d3fc7d-d9ee-4454-acf7-00173b4fbdfd	NR_109720.1	94.198	810	24	18	4	801	1270	472	0.0	1214
3edbcc1c-59af-47ae-a84c-8b3a10397970	NR_025862.1	92.183	742	30	20	29	757	238	964	0.0	1029
3edbcc1c-59af-47ae-a84c-8b3a10397970	NR_026454.1	91.153	746	33	25	29	757	212	941	0.0	981
3edbcc1c-59af-47ae-a84c-8b3a10397970	NR_180652.1	91.197	727	37	18	44	757	242	954	0.0	963
3edbcc1c-59af-47ae-a84c-8b3a10397970	NR_026467.1	91.201	716	39	16	55	757	242	946	0.0	953
3edbcc1c-59af-47ae-a84c-8b3a10397970	NR_024906.1	90.431	742	44	18	29	757	227	954	0.0	952
3131ae9a-a569-46a1-9188-6eff7fe684ec	NR_026419.1	97.214	359	4	6	1	357	355	1	3.57e-172	603
3131ae9a-a569-46a1-9188-6eff7fe684ec	NR_025903.1	94.278	367	13	8	1	364	367	6	1.01e-157	555
3131ae9a-a569-46a1-9188-6eff7fe684ec	NR_025904.1	94.005	367	14	8	1	364	366	5	4.72e-156	549
3131ae9a-a569-46a1-9188-6eff7fe684ec	NR_133753.1	94.479	326	11	7	1	324	321	1	6.23e-140	496
3131ae9a-a569-46a1-9188-6eff7fe684ec	NR_036920.1	91.008	367	22	11	1	364	360	2	1.35e-136	484
bebcbc4d-c22b-4889-a787-6b06501035b0	NR_024842.1	99.057	106	1	0	1	106	113	8	8.20e-49	191
bebcbc4d-c22b-4889-a787-6b06501035b0	NR_114413.1	99.057	106	1	0	1	106	121	16	8.20e-49	191
bebcbc4d-c22b-4889-a787-6b06501035b0	NR_199956.1	99.057	106	1	0	1	106	118	13	8.20e-49	191
bebcbc4d-c22b-4889-a787-6b06501035b0	NR_199974.1	99.057	106	1	0	1	106	125	20	8.20e-49	191
bebcbc4d-c22b-4889-a787-6b06501035b0	NR_152678.1	98.113	106	2	0	1	106	118	13	3.81e-47	185
256033bc-77e7-4a08-986e-f63ab7db543c	NR_115355.1	90.132	1064	60	37	1	1040	1411	369	0.0	1341
256033bc-77e7-4a08-986e-f63ab7db543c	NR_179325.1	90.132	1064	60	37	1	1040	1385	343	0.0	1341
256033bc-77e7-4a08-986e-f63ab7db543c	NR_041879.1	90.047	1065	60	38	1	1040	1369	326	0.0	1338
256033bc-77e7-4a08-986e-f63ab7db543c	NR_163639.1	90.038	1064	59	39	1	1040	1426	386	0.0	1334
256033bc-77e7-4a08-986e-f63ab7db543c	NR_119169.1	89.756	1064	64	37	1	1040	1416	374	0.0	1325
8f23bf91-e5c3-43e6-b359-f740d211566a	NR_133752.1	86.567	335	27	15	1	322	598	927	3.55e-97	353
8f23bf91-e5c3-43e6-b359-f740d211566a	NR_133753.1	86.567	335	27	15	1	322	627	956	3.55e-97	353
8f23bf91-e5c3-43e6-b359-f740d211566a	NR_025904.1	86.567	335	27	15	1	322	672	1001	3.55e-97	353
8f23bf91-e5c3-43e6-b359-f740d211566a	NR_026419.1	86.567	335	27	15	1	322	661	990	3.55e-97	353
8f23bf91-e5c3-43e6-b359-f740d211566a	NR_025903.1	86.567	335	27	15	1	322	673	1002	3.55e-97	353
5d154f3e-b127-4398-b366-267925ee0235	NR_044873.1	89.576	825	50	27	11	811	814	2	0.0	1014
5d154f3e-b127-4398-b366-267925ee0235	NR_074568.1	88.471	824	60	27	11	811	824	13	0.0	963
5d154f3e-b127-4398-b366-267925ee0235	NR_044712.2	88.107	824	63	27	11	811	833	22	0.0	950
5d154f3e-b127-4398-b366-267925ee0235	NR_109752.1	87.136	824	72	25	11	811	835	23	0.0	904
5d154f3e-b127-4398-b366-267925ee0235	NR_179993.1	87.030	825	73	26	11	812	825	12	0.0	900
f17a2b11-8922-4773-8715-92393a201e00	NR_117792.1	92.029	690	22	22	35	703	681	4	0.0	939
f17a2b11-8922-4773-8715-92393a201e00	NR_043775.1	87.699	691	52	22	35	704	727	49	0.0	774
f17a2b11-8922-4773-8715-92393a201e00	NR_170495.1	86.792	689	56	25	35	701	786	111	0.0	736
f17a2b11-8922-4773-8715-92393a201e00	NR_181885.1	86.628	688	59	21	35	701	766	91	0.0	732
f17a2b11-8922-4773-8715-92393a201e00	NR_118690.1	86.667	690	55	24	35	701	769	94	0.0	730
38ed16a9-c611-4f25-9f35-998136574f7b	NR_163639.1	95.531	358	8	7	1	350	1489	1132	4.48e-161	566
38ed16a9-c611-4f25-9f35-998136574f7b	NR_179325.1	95.531	358	8	7	1	350	1448	1091	4.48e-161	566
38ed16a9-c611-4f25-9f35-998136574f7b	NR_115355.1	95.251	358	9	7	1	350	1474	1117	2.08e-159	560
38ed16a9-c611-4f25-9f35-998136574f7b	NR_115354.1	94.972	358	10	7	1	350	1474	1117	9.69e-158	555
38ed16a9-c611-4f25-9f35-998136574f7b	NR_119169.1	94.972	358	10	7	1	350	1479	1122	9.69e-158	555
c9dca998-ee8c-496c-a9f7-bdcbc50b69c1	NR_025863.1	95.503	1134	30	17	1	1116	281	1411	0.0	1799
c9dca998-ee8c-496c-a9f7-bdcbc50b69c1	NR_028682.1	91.604	1203	74	22	7	1188	283	1479	0.0	1637
c9dca998-ee8c-496c-a9f7-bdcbc50b69c1	NR_179378.1	90.909	1221	83	22	1	1199	278	1492	0.0	1615
c9dca998-ee8c-496c-a9f7-bdcbc50b69c1	NR_180911.1	90.842	1223	79	26	1	1199	267	1480	0.0	1607
c9dca998-ee8c-496c-a9f7-bdcbc50b69c1	NR_025435.1	91.076	1199	76	27	12	1187	285	1475	0.0	1592
a9918a9f-3324-42b0-9360-ce185e36a7b0	NR_042776.1	97.477	1387	15	15	1	1375	1396	18	0.0	2350
a9918a9f-3324-42b0-9360-ce185e36a7b0	NR_042778.1	97.260	1387	18	15	1	1375	1396	18	0.0	2333
a9918a9f-3324-42b0-9360-ce185e36a7b0	NR_042777.1	97.260	1387	17	16	1	1375	1395	18	0.0	2331
a9918a9f-3324-42b0-9360-ce185e36a7b0	NR_197695.1	96.900	1387	23	15	1	1375	1395	17	0.0	2305
a9918a9f-3324-42b0-9360-ce185e36a7b0	NR_118998.1	96.539	1387	27	16	1	1375	1390	13	0.0	2278
5f273d91-d778-4ecb-b3ba-cad95e5ab988	NR_115241.1	94.498	836	23	17	1	818	831	1	0.0	1267
5f273d91-d778-4ecb-b3ba-cad95e5ab988	NR_024842.1	94.181	842	26	17	1	824	846	10	0.0	1266
5f273d91-d778-4ecb-b3ba-cad95e5ab988	NR_115735.1	94.438	827	22	18	1	808	822	1	0.0	1251
5f273d91-d778-4ecb-b3ba-cad95e5ab988	NR_178515.1	93.907	837	26	20	1	818	831	1	0.0	1240
5f273d91-d778-4ecb-b3ba-cad95e5ab988	NR_165737.1	93.787	837	27	19	1	818	831	1	0.0	1234
3999b31c-d062-419a-9a0b-5343b465bf8a	NR_134817.1	97.046	237	2	2	1	236	1255	1487	1.48e-109	394
3999b31c-d062-419a-9a0b-5343b465bf8a	NR_179540.1	97.046	237	2	2	1	236	1260	1492	1.48e-109	394
3999b31c-d062-419a-9a0b-5343b465bf8a	NR_024634.1	96.639	238	2	3	1	236	1253	1486	1.91e-108	390
3999b31c-d062-419a-9a0b-5343b465bf8a	NR_115730.1	97.009	234	2	2	1	233	1222	1451	6.88e-108	388
3999b31c-d062-419a-9a0b-5343b465bf8a	NR_042776.1	96.610	236	3	2	2	236	1268	1499	2.47e-107	387
f4e4f965-ebb9-4ed8-99b9-6f72133de7c3	NR_117694.1	93.375	634	21	19	1	618	629	1	0.0	918
f4e4f965-ebb9-4ed8-99b9-6f72133de7c3	NR_121687.1	92.200	641	27	22	1	624	649	15	0.0	885
f4e4f965-ebb9-4ed8-99b9-6f72133de7c3	NR_025892.1	91.236	639	36	18	1	624	654	21	0.0	872
f4e4f965-ebb9-4ed8-99b9-6f72133de7c3	NR_117692.1	91.969	635	28	22	1	618	629	1	0.0	869
f4e4f965-ebb9-4ed8-99b9-6f72133de7c3	NR_025902.1	92.007	613	27	21	1	597	607	1	0.0	841
be4ad566-0758-4b9f-9f0b-5dd9549166e4	NR_163639.1	96.133	362	9	5	1	357	365	4	3.51e-167	586
be4ad566-0758-4b9f-9f0b-5dd9549166e4	NR_074980.1	95.845	361	10	5	1	356	373	13	5.87e-165	579
be4ad566-0758-4b9f-9f0b-5dd9549166e4	NR_113031.1	95.845	361	10	5	1	356	373	13	5.87e-165	579
be4ad566-0758-4b9f-9f0b-5dd9549166e4	NR_115355.1	96.532	346	7	5	1	341	346	1	9.83e-163	571
be4ad566-0758-4b9f-9f0b-5dd9549166e4	NR_119169.1	96.275	349	8	5	1	344	351	3	3.54e-162	569
dc0253f3-e78e-49a2-83c7-7ab73fe59383	NR_116168.1	96.653	747	8	13	1	736	700	1440	0.0	1225
dc0253f3-e78e-49a2-83c7-7ab73fe59383	NR_118762.1	95.442	746	18	12	1	736	703	1442	0.0	1192
dc0253f3-e78e-49a2-83c7-7ab73fe59383	NR_042878.1	96.522	690	9	11	1	681	679	1362	0.0	1127
dc0253f3-e78e-49a2-83c7-7ab73fe59383	NR_025423.1	94.118	748	25	15	1	736	684	1424	0.0	1120
dc0253f3-e78e-49a2-83c7-7ab73fe59383	NR_024898.1	94.118	748	25	15	1	736	699	1439	0.0	1120
ad0a0ec3-c8f7-42b3-803f-b93e4b0823cc	NR_180652.1	92.380	853	36	22	1	838	532	1370	0.0	1188
ad0a0ec3-c8f7-42b3-803f-b93e4b0823cc	NR_025625.1	92.056	856	33	27	1	838	530	1368	0.0	1173
ad0a0ec3-c8f7-42b3-803f-b93e4b0823cc	NR_041707.1	91.939	856	34	26	1	838	528	1366	0.0	1166
ad0a0ec3-c8f7-42b3-803f-b93e4b0823cc	NR_025360.1	91.911	853	40	21	1	838	530	1368	0.0	1166
ad0a0ec3-c8f7-42b3-803f-b93e4b0823cc	NR_113909.1	91.939	856	34	26	1	838	530	1368	0.0	1166
e2e39eca-25c1-41b2-939d-0792af4a02d5	NR_028664.1	95.250	1221	27	28	1	1205	1221	16	0.0	1905
e2e39eca-25c1-41b2-939d-0792af4a02d5	NR_179383.1	95.168	1221	28	28	1	1205	1225	20	0.0	1899
e2e39eca-25c1-41b2-939d-0792af4a02d5	NR_179385.1	95.168	1221	28	28	1	1205	1222	17	0.0	1899
e2e39eca-25c1-41b2-939d-0792af4a02d5	NR_199545.1	95.168	1221	28	28	1	1205	1218	13	0.0	1899
e2e39eca-25c1-41b2-939d-0792af4a02d5	NR_115240.1	95.293	1211	27	27	1	1195	1198	2	0.0	1893
