69cd236b-3649-468a-bdeb-3233770fbcc2	NR_026095.1	91.047	592	32	20	4	578	606	19	0.0	780
69cd236b-3649-468a-bdeb-3233770fbcc2	NR_113564.1	91.047	592	32	20	4	578	606	19	0.0	780
69cd236b-3649-468a-bdeb-3233770fbcc2	NR_165677.1	86.532	594	50	23	4	578	610	28	3.46e-179	627
69cd236b-3649-468a-bdeb-3233770fbcc2	NR_027581.1	86.172	593	60	21	4	578	605	17	1.61e-177	621
69cd236b-3649-468a-bdeb-3233770fbcc2	NR_074505.1	86.149	592	61	20	4	578	606	19	5.78e-177	619
5aafbd9b-c9ce-4157-b2f7-c3e901a5a958	NR_028664.1	99.078	217	0	1	64	280	1282	1496	8.30e-108	388
5aafbd9b-c9ce-4157-b2f7-c3e901a5a958	NR_028666.1	99.078	217	0	1	64	280	1285	1499	8.30e-108	388
5aafbd9b-c9ce-4157-b2f7-c3e901a5a958	NR_028833.1	99.078	217	0	1	64	280	1288	1502	8.30e-108	388
5aafbd9b-c9ce-4157-b2f7-c3e901a5a958	NR_029052.1	99.078	217	0	1	64	280	1249	1463	8.30e-108	388
5aafbd9b-c9ce-4157-b2f7-c3e901a5a958	NR_036918.1	99.078	217	0	1	64	280	1278	1492	8.30e-108	388
75ee7b5d-5007-481a-8b5c-04bc2d4cfd7e	NR_115241.1	95.232	818	25	14	1	807	163	977	0.0	1282
75ee7b5d-5007-481a-8b5c-04bc2d4cfd7e	NR_115735.1	95.232	818	25	14	1	807	154	968	0.0	1282
75ee7b5d-5007-481a-8b5c-04bc2d4cfd7e	NR_116211.1	95.232	818	25	14	1	807	86	900	0.0	1282
75ee7b5d-5007-481a-8b5c-04bc2d4cfd7e	NR_024842.1	94.988	818	27	14	1	807	178	992	0.0	1275
75ee7b5d-5007-481a-8b5c-04bc2d4cfd7e	NR_178515.1	94.872	819	26	16	1	807	163	977	0.0	1266
c76f9733-aa4f-418f-b026-e7402327281c	NR_028664.1	90.279	1327	73	51	26	1322	196	1496	0.0	1685
c76f9733-aa4f-418f-b026-e7402327281c	NR_042927.1	90.249	1323	73	51	26	1318	175	1471	0.0	1677
c76f9733-aa4f-418f-b026-e7402327281c	NR_115240.1	90.249	1323	73	51	26	1318	173	1469	0.0	1677
c76f9733-aa4f-418f-b026-e7402327281c	NR_115734.1	90.249	1323	73	51	26	1318	176	1472	0.0	1677
c76f9733-aa4f-418f-b026-e7402327281c	NR_117719.1	90.249	1323	73	51	30	1322	197	1493	0.0	1677
e2c9fe3b-fa91-4b95-95f8-c951e2fd7874	NR_115735.1	95.451	1143	31	16	1	1127	327	1464	0.0	1803
e2c9fe3b-fa91-4b95-95f8-c951e2fd7874	NR_024842.1	95.367	1144	32	16	1	1128	351	1489	0.0	1801
e2c9fe3b-fa91-4b95-95f8-c951e2fd7874	NR_165737.1	95.267	1141	32	16	1	1124	336	1471	0.0	1788
e2c9fe3b-fa91-4b95-95f8-c951e2fd7874	NR_115241.1	95.175	1140	34	16	1	1124	336	1470	0.0	1786
e2c9fe3b-fa91-4b95-95f8-c951e2fd7874	NR_109720.1	95.234	1133	32	16	1	1116	330	1457	0.0	1773
fca497be-8235-4d63-bb1f-a2997e5f3c06	NR_044873.1	96.414	753	10	16	55	794	719	1467	0.0	1225
fca497be-8235-4d63-bb1f-a2997e5f3c06	NR_074568.1	95.479	752	19	15	55	795	729	1476	0.0	1186
fca497be-8235-4d63-bb1f-a2997e5f3c06	NR_043968.1	94.821	753	22	17	55	795	687	1434	0.0	1158
fca497be-8235-4d63-bb1f-a2997e5f3c06	NR_025310.1	94.702	755	21	19	55	795	709	1458	0.0	1155
fca497be-8235-4d63-bb1f-a2997e5f3c06	NR_044712.2	94.879	742	23	15	55	785	738	1475	0.0	1153
9992b93c-1966-4677-8fa3-f568b213f3b1	NR_044873.1	84.635	397	30	28	1	377	392	7	5.28e-101	366
ae9a2d3b-7bb0-405a-b66c-86401508f966	NR_115355.1	91.207	489	23	17	5	477	998	1482	0.0	647
ae9a2d3b-7bb0-405a-b66c-86401508f966	NR_163639.1	91.207	489	23	17	5	477	1013	1497	0.0	647
ae9a2d3b-7bb0-405a-b66c-86401508f966	NR_179325.1	91.075	493	23	18	1	477	969	1456	0.0	647
ae9a2d3b-7bb0-405a-b66c-86401508f966	NR_115354.1	91.002	489	24	17	5	477	998	1482	0.0	641
ae9a2d3b-7bb0-405a-b66c-86401508f966	NR_119169.1	90.593	489	26	17	5	477	1003	1487	0.0	634
042913fd-f3c2-46cd-b868-90f871c8d71e	NR_028664.1	93.429	624	19	17	37	642	880	1499	0.0	905
042913fd-f3c2-46cd-b868-90f871c8d71e	NR_115240.1	93.934	610	16	16	37	629	857	1462	0.0	902
042913fd-f3c2-46cd-b868-90f871c8d71e	NR_165737.1	93.934	610	16	16	37	629	859	1464	0.0	902
042913fd-f3c2-46cd-b868-90f871c8d71e	NR_024842.1	93.269	624	19	18	37	642	874	1492	0.0	898
042913fd-f3c2-46cd-b868-90f871c8d71e	NR_036936.1	93.770	610	17	16	37	629	859	1464	0.0	896
f182a7c9-d0a9-4700-8f3a-82b6dc42ff22	NR_026419.1	89.212	1205	63	53	1	1169	1174	1	0.0	1443
f182a7c9-d0a9-4700-8f3a-82b6dc42ff22	NR_025903.1	88.760	1210	66	54	1	1173	1186	10	0.0	1417
f182a7c9-d0a9-4700-8f3a-82b6dc42ff22	NR_133753.1	89.719	1138	53	51	1	1106	1140	35	0.0	1395
f182a7c9-d0a9-4700-8f3a-82b6dc42ff22	NR_133752.1	89.631	1138	54	51	1	1106	1111	6	0.0	1389
f182a7c9-d0a9-4700-8f3a-82b6dc42ff22	NR_025904.1	88.347	1210	71	54	1	1173	1185	9	0.0	1389
4bbb4519-b145-45ec-a357-91398b6c344e	NR_115355.1	94.590	647	19	13	68	707	845	1482	0.0	987
4bbb4519-b145-45ec-a357-91398b6c344e	NR_179325.1	94.590	647	19	13	68	707	819	1456	0.0	987
4bbb4519-b145-45ec-a357-91398b6c344e	NR_163639.1	94.590	647	18	14	68	707	861	1497	0.0	985
4bbb4519-b145-45ec-a357-91398b6c344e	NR_119169.1	94.127	647	22	13	68	707	850	1487	0.0	974
4bbb4519-b145-45ec-a357-91398b6c344e	NR_115354.1	94.127	647	22	13	68	707	845	1482	0.0	972
9abb72ca-b371-4c8c-a58d-bee4f84de474	NR_133752.1	96.415	530	9	5	2	528	1067	545	0.0	865
9abb72ca-b371-4c8c-a58d-bee4f84de474	NR_133753.1	96.415	530	9	5	2	528	1096	574	0.0	865
9abb72ca-b371-4c8c-a58d-bee4f84de474	NR_025904.1	96.415	530	9	5	2	528	1141	619	0.0	865
9abb72ca-b371-4c8c-a58d-bee4f84de474	NR_025903.1	96.415	530	9	5	2	528	1142	620	0.0	865
9abb72ca-b371-4c8c-a58d-bee4f84de474	NR_026419.1	96.038	530	11	5	2	528	1130	608	0.0	854
1da789e9-a442-4974-bdb1-06cbc948d637	NR_044873.1	96.864	861	18	9	3	855	606	1465	0.0	1432
1da789e9-a442-4974-bdb1-06cbc948d637	NR_074568.1	95.723	865	28	9	3	860	616	1478	0.0	1384
1da789e9-a442-4974-bdb1-06cbc948d637	NR_109752.1	95.497	866	30	9	3	860	627	1491	0.0	1375
1da789e9-a442-4974-bdb1-06cbc948d637	NR_178360.1	95.360	862	29	11	3	854	583	1443	0.0	1360
1da789e9-a442-4974-bdb1-06cbc948d637	NR_025310.1	95.156	867	31	11	3	860	596	1460	0.0	1358
c112a0ff-124d-4140-9a91-f8d8bf5c101d	NR_044873.1	89.604	1491	81	65	6	1447	2	1467	0.0	1827
c112a0ff-124d-4140-9a91-f8d8bf5c101d	NR_074568.1	88.196	1491	101	65	6	1448	13	1476	0.0	1709
c112a0ff-124d-4140-9a91-f8d8bf5c101d	NR_044712.2	87.838	1480	108	62	6	1439	22	1475	0.0	1679
c112a0ff-124d-4140-9a91-f8d8bf5c101d	NR_109752.1	87.676	1493	108	65	6	1448	23	1489	0.0	1668
c112a0ff-124d-4140-9a91-f8d8bf5c101d	NR_025310.1	87.273	1485	112	68	14	1448	1	1458	0.0	1624
dee76e97-c80b-497b-a8d9-a5fde7b83858	NR_156072.1	96.820	283	5	4	7	288	1215	1494	2.97e-132	470
dee76e97-c80b-497b-a8d9-a5fde7b83858	NR_158064.1	96.820	283	6	3	7	288	1217	1497	2.97e-132	470
dee76e97-c80b-497b-a8d9-a5fde7b83858	NR_028665.1	96.466	283	6	4	7	288	1210	1489	1.38e-130	464
dee76e97-c80b-497b-a8d9-a5fde7b83858	NR_148589.1	96.466	283	7	3	7	288	1195	1475	1.38e-130	464
dee76e97-c80b-497b-a8d9-a5fde7b83858	NR_159228.1	96.466	283	7	3	7	288	1212	1492	1.38e-130	464
0370c29a-b81f-47ca-bd79-f1a8ca2be553	NR_044873.1	93.952	1422	40	39	1	1389	57	1465	0.0	2108
0370c29a-b81f-47ca-bd79-f1a8ca2be553	NR_074568.1	92.486	1424	64	36	1	1394	68	1478	0.0	1997
0370c29a-b81f-47ca-bd79-f1a8ca2be553	NR_044712.2	92.068	1412	69	36	1	1382	77	1475	0.0	1958
0370c29a-b81f-47ca-bd79-f1a8ca2be553	NR_025310.1	91.673	1405	75	38	18	1394	70	1460	0.0	1908
0370c29a-b81f-47ca-bd79-f1a8ca2be553	NR_043968.1	91.601	1405	74	39	18	1394	48	1436	0.0	1901
8bdf88ea-767c-4713-9f21-da1c5a0959b1	NR_116168.1	97.154	738	13	7	72	805	673	1406	0.0	1240
8bdf88ea-767c-4713-9f21-da1c5a0959b1	NR_042878.1	97.063	715	13	7	72	782	652	1362	0.0	1199
8bdf88ea-767c-4713-9f21-da1c5a0959b1	NR_118762.1	95.799	738	22	8	72	805	676	1408	0.0	1199
8bdf88ea-767c-4713-9f21-da1c5a0959b1	NR_118143.1	96.224	715	19	7	72	782	654	1364	0.0	1164
8bdf88ea-767c-4713-9f21-da1c5a0959b1	NR_025423.1	94.993	739	27	9	72	805	657	1390	0.0	1151
b3dd8606-238e-4651-94ba-6ed01d48d8b1	NR_156072.1	97.288	295	5	2	1	295	1207	1498	1.38e-140	497
b3dd8606-238e-4651-94ba-6ed01d48d8b1	NR_158064.1	96.959	296	5	3	1	295	1209	1501	1.79e-139	494
b3dd8606-238e-4651-94ba-6ed01d48d8b1	NR_028665.1	96.949	295	6	2	1	295	1202	1493	6.43e-139	492
b3dd8606-238e-4651-94ba-6ed01d48d8b1	NR_104972.1	96.949	295	6	2	1	295	1187	1478	6.43e-139	492
b3dd8606-238e-4651-94ba-6ed01d48d8b1	NR_179385.1	96.949	295	6	2	1	295	1209	1500	6.43e-139	492
27a964f7-d306-45de-ad1d-77ca86cd52ac	NR_024659.1	96.757	370	7	5	1	368	440	806	5.97e-175	612
27a964f7-d306-45de-ad1d-77ca86cd52ac	NR_116212.1	96.757	370	7	5	1	368	382	748	5.97e-175	612
27a964f7-d306-45de-ad1d-77ca86cd52ac	NR_117425.1	96.757	370	7	5	1	368	462	828	5.97e-175	612
27a964f7-d306-45de-ad1d-77ca86cd52ac	NR_028664.1	96.486	370	8	5	1	368	480	846	2.78e-173	606
27a964f7-d306-45de-ad1d-77ca86cd52ac	NR_042927.1	96.486	370	8	5	1	368	459	825	2.78e-173	606
cf540b65-dc3c-4c2e-9b48-98c86351dd97	NR_025862.1	88.889	711	41	29	1	690	705	12	0.0	846
cf540b65-dc3c-4c2e-9b48-98c86351dd97	NR_028682.1	87.060	711	53	29	1	689	706	13	0.0	767
cf540b65-dc3c-4c2e-9b48-98c86351dd97	NR_042406.1	85.072	623	52	32	1	600	696	92	3.24e-170	597
cf540b65-dc3c-4c2e-9b48-98c86351dd97	NR_024906.1	84.591	623	61	28	1	603	695	88	7.01e-167	586
cf540b65-dc3c-4c2e-9b48-98c86351dd97	NR_036922.1	84.640	625	57	30	1	603	707	100	7.01e-167	586
209de05a-fe95-4ae9-906f-96d35169abce	NR_116168.1	96.759	1080	14	17	11	1080	1089	21	0.0	1781
209de05a-fe95-4ae9-906f-96d35169abce	NR_042878.1	96.386	1079	18	17	11	1079	1068	1	0.0	1768
209de05a-fe95-4ae9-906f-96d35169abce	NR_118762.1	94.444	1080	38	17	11	1080	1091	24	0.0	1681
209de05a-fe95-4ae9-906f-96d35169abce	NR_118143.1	94.722	1080	36	16	11	1079	1070	1	0.0	1661
209de05a-fe95-4ae9-906f-96d35169abce	NR_025423.1	93.808	1082	44	18	11	1080	1073	3	0.0	1605
