fb3f1a6a-b990-4370-a23a-865551693da9	NR_117719.1	94.832	1432	42	29	1	1417	1430	16	0.0	2206
fb3f1a6a-b990-4370-a23a-865551693da9	NR_114413.1	94.766	1433	43	29	1	1417	1435	19	0.0	2202
fb3f1a6a-b990-4370-a23a-865551693da9	NR_175455.1	94.693	1432	44	29	1	1417	1418	4	0.0	2194
fb3f1a6a-b990-4370-a23a-865551693da9	NR_042927.1	94.748	1428	43	29	1	1412	1412	1	0.0	2193
fb3f1a6a-b990-4370-a23a-865551693da9	NR_115734.1	94.608	1428	45	29	1	1412	1413	2	0.0	2185
bb13503e-acae-4b13-8aea-fe124dd97bec	NR_115735.1	91.480	1338	58	46	1	1309	154	1464	0.0	1788
bb13503e-acae-4b13-8aea-fe124dd97bec	NR_024842.1	91.337	1339	60	46	1	1310	178	1489	0.0	1783
bb13503e-acae-4b13-8aea-fe124dd97bec	NR_115241.1	91.236	1335	61	46	1	1306	163	1470	0.0	1772
bb13503e-acae-4b13-8aea-fe124dd97bec	NR_165737.1	91.262	1339	54	52	1	1306	163	1471	0.0	1766
bb13503e-acae-4b13-8aea-fe124dd97bec	NR_036936.1	90.943	1336	58	52	4	1306	166	1471	0.0	1738
75a9670e-ea1e-407e-86d1-41d33ff12a1b	NR_159228.1	92.663	368	13	11	1	360	1131	1492	1.33e-146	518
75a9670e-ea1e-407e-86d1-41d33ff12a1b	NR_179720.1	92.663	368	13	11	1	360	1134	1495	1.33e-146	518
75a9670e-ea1e-407e-86d1-41d33ff12a1b	NR_024842.1	92.643	367	14	10	1	360	1129	1489	4.78e-146	516
75a9670e-ea1e-407e-86d1-41d33ff12a1b	NR_115735.1	92.623	366	14	10	1	359	1105	1464	1.72e-145	514
75a9670e-ea1e-407e-86d1-41d33ff12a1b	NR_152678.1	92.391	368	14	11	1	360	1134	1495	6.19e-145	512
377b19ce-7333-4043-a27c-8df10b259907	NR_026419.1	93.250	1274	40	40	9	1254	1260	5	0.0	1834
377b19ce-7333-4043-a27c-8df10b259907	NR_025903.1	92.087	1289	51	45	9	1268	1272	6	0.0	1768
377b19ce-7333-4043-a27c-8df10b259907	NR_133753.1	92.376	1246	46	43	9	1225	1226	1	0.0	1729
377b19ce-7333-4043-a27c-8df10b259907	NR_025904.1	91.486	1292	53	49	9	1268	1271	5	0.0	1724
377b19ce-7333-4043-a27c-8df10b259907	NR_133752.1	92.112	1217	48	42	9	1197	1197	1	0.0	1672
41898e07-3faf-4a3f-955a-269e5a3ec86d	NR_156072.1	95.528	805	22	10	2	801	704	1499	0.0	1275
41898e07-3faf-4a3f-955a-269e5a3ec86d	NR_028665.1	94.410	805	31	10	2	801	699	1494	0.0	1225
41898e07-3faf-4a3f-955a-269e5a3ec86d	NR_118998.1	92.537	804	47	10	2	801	704	1498	0.0	1140
41898e07-3faf-4a3f-955a-269e5a3ec86d	NR_042897.1	90.559	805	48	24	2	795	648	1435	0.0	1044
41898e07-3faf-4a3f-955a-269e5a3ec86d	NR_040789.1	90.335	807	57	18	2	801	715	1507	0.0	1038
82900025-8bac-4b33-a112-7fcd825c3183	NR_074980.1	93.033	488	21	10	1	484	491	13	0.0	701
82900025-8bac-4b33-a112-7fcd825c3183	NR_113031.1	93.033	488	21	10	1	484	491	13	0.0	701
82900025-8bac-4b33-a112-7fcd825c3183	NR_163639.1	92.828	488	21	11	1	485	480	4	0.0	695
82900025-8bac-4b33-a112-7fcd825c3183	NR_119169.1	93.096	478	20	10	1	474	469	1	0.0	691
82900025-8bac-4b33-a112-7fcd825c3183	NR_115355.1	93.235	473	19	10	1	469	464	1	0.0	688
efe37a6f-f842-44e3-8a4b-02f330957556	NR_024842.1	98.023	354	4	3	1	353	1141	1492	5.72e-175	612
efe37a6f-f842-44e3-8a4b-02f330957556	NR_178262.1	97.746	355	4	4	1	353	1020	1372	7.40e-174	608
efe37a6f-f842-44e3-8a4b-02f330957556	NR_179215.1	97.746	355	4	4	1	353	1142	1494	7.40e-174	608
efe37a6f-f842-44e3-8a4b-02f330957556	NR_179720.1	97.746	355	4	4	1	353	1146	1498	7.40e-174	608
efe37a6f-f842-44e3-8a4b-02f330957556	NR_115735.1	98.000	350	4	3	1	349	1117	1464	9.58e-173	604
c06f3fa0-8df4-403b-9a4b-f1768d77d700	NR_028664.1	97.366	1291	24	7	1	1290	1304	23	0.0	2187
c06f3fa0-8df4-403b-9a4b-f1768d77d700	NR_165744.1	97.366	1291	24	7	1	1290	1290	9	0.0	2187
c06f3fa0-8df4-403b-9a4b-f1768d77d700	NR_179383.1	97.366	1291	24	7	1	1290	1308	27	0.0	2187
c06f3fa0-8df4-403b-9a4b-f1768d77d700	NR_115240.1	97.364	1290	24	7	1	1289	1281	1	0.0	2185
c06f3fa0-8df4-403b-9a4b-f1768d77d700	NR_117719.1	97.289	1291	25	7	1	1290	1301	20	0.0	2182
529c6367-4afb-466f-ab88-fcb9479f1b53	NR_104684.1	93.258	712	37	11	2	710	778	1481	0.0	1042
529c6367-4afb-466f-ab88-fcb9479f1b53	NR_165739.1	93.333	705	36	11	2	703	758	1454	0.0	1031
529c6367-4afb-466f-ab88-fcb9479f1b53	NR_118086.1	94.021	669	29	11	2	667	775	1435	0.0	1003
529c6367-4afb-466f-ab88-fcb9479f1b53	NR_116814.1	93.514	663	32	11	2	661	758	1412	0.0	976
529c6367-4afb-466f-ab88-fcb9479f1b53	NR_116814.1	97.778	45	1	0	666	710	1527	1571	5.36e-14	78.7
529c6367-4afb-466f-ab88-fcb9479f1b53	NR_074613.1	87.413	715	70	18	2	710	780	1480	0.0	804
e4de0f3d-dd31-4e79-85a3-2f616162024b	NR_042776.1	98.573	701	7	3	1	698	718	18	0.0	1236
e4de0f3d-dd31-4e79-85a3-2f616162024b	NR_197695.1	98.573	701	7	3	1	698	717	17	0.0	1236
e4de0f3d-dd31-4e79-85a3-2f616162024b	NR_042777.1	98.431	701	7	4	1	698	717	18	0.0	1230
e4de0f3d-dd31-4e79-85a3-2f616162024b	NR_042778.1	98.288	701	9	3	1	698	718	18	0.0	1225
e4de0f3d-dd31-4e79-85a3-2f616162024b	NR_118998.1	97.575	701	14	3	1	698	713	13	0.0	1199
2628b8c4-8e6c-4b86-8ed8-3a98059f58a0	NR_028664.1	91.281	562	26	17	7	551	941	1496	0.0	745
2628b8c4-8e6c-4b86-8ed8-3a98059f58a0	NR_115240.1	91.486	552	24	17	7	541	918	1463	0.0	737
2628b8c4-8e6c-4b86-8ed8-3a98059f58a0	NR_165737.1	91.486	552	24	18	7	541	920	1465	0.0	737
2628b8c4-8e6c-4b86-8ed8-3a98059f58a0	NR_024842.1	90.925	562	27	18	7	551	935	1489	0.0	734
2628b8c4-8e6c-4b86-8ed8-3a98059f58a0	NR_117719.1	90.925	562	28	17	7	551	938	1493	0.0	734
1222039b-a250-4da4-89a2-2d47975d093c	NR_024842.1	95.795	1094	36	9	1	1090	1095	8	0.0	1760
1222039b-a250-4da4-89a2-2d47975d093c	NR_178515.1	95.860	1087	33	11	1	1082	1080	1	0.0	1748
1222039b-a250-4da4-89a2-2d47975d093c	NR_115241.1	95.764	1086	36	9	1	1082	1080	1	0.0	1746
1222039b-a250-4da4-89a2-2d47975d093c	NR_115735.1	95.915	1077	33	10	1	1072	1071	1	0.0	1735
1222039b-a250-4da4-89a2-2d47975d093c	NR_165737.1	95.584	1087	36	11	1	1082	1080	1	0.0	1731
3253822c-7ac3-42f6-8dee-eb3b0a6918af	NR_025903.1	92.578	256	12	7	1	251	259	6	1.60e-99	361
3253822c-7ac3-42f6-8dee-eb3b0a6918af	NR_025904.1	90.272	257	16	9	1	251	258	5	1.62e-89	327
3253822c-7ac3-42f6-8dee-eb3b0a6918af	NR_133753.1	93.925	214	7	6	1	209	213	1	9.74e-87	318
3253822c-7ac3-42f6-8dee-eb3b0a6918af	NR_026419.1	89.960	249	17	8	1	243	247	1	1.26e-85	315
3253822c-7ac3-42f6-8dee-eb3b0a6918af	NR_036920.1	88.583	254	24	5	1	251	253	2	2.73e-82	303
6e86b8f4-6795-4bb2-b93e-77da8bc452c9	NR_026419.1	90.286	350	15	15	40	370	1140	1489	3.02e-123	440
6e86b8f4-6795-4bb2-b93e-77da8bc452c9	NR_025904.1	89.655	348	16	18	42	370	1153	1499	8.46e-119	425
6e86b8f4-6795-4bb2-b93e-77da8bc452c9	NR_025903.1	89.655	348	16	18	42	370	1154	1500	8.46e-119	425
6e86b8f4-6795-4bb2-b93e-77da8bc452c9	NR_133752.1	90.850	306	13	14	42	333	1079	1383	6.64e-110	396
6e86b8f4-6795-4bb2-b93e-77da8bc452c9	NR_133753.1	90.850	306	13	14	42	333	1108	1412	6.64e-110	396
4f8bd62d-339a-41e9-9eca-527615929b11	NR_133752.1	96.047	759	11	16	1	744	1171	417	0.0	1218
4f8bd62d-339a-41e9-9eca-527615929b11	NR_133753.1	96.047	759	11	16	1	744	1200	446	0.0	1218
4f8bd62d-339a-41e9-9eca-527615929b11	NR_025904.1	96.047	759	11	16	1	744	1245	491	0.0	1218
4f8bd62d-339a-41e9-9eca-527615929b11	NR_025903.1	96.047	759	11	16	1	744	1246	492	0.0	1218
4f8bd62d-339a-41e9-9eca-527615929b11	NR_026419.1	95.520	759	15	16	1	744	1234	480	0.0	1195
28098bf4-e45c-4b2e-951c-38d951f1e81e	NR_121688.1	90.256	585	28	20	1	560	593	13	0.0	737
28098bf4-e45c-4b2e-951c-38d951f1e81e	NR_117717.1	90.085	585	29	20	1	560	594	14	0.0	732
28098bf4-e45c-4b2e-951c-38d951f1e81e	NR_117701.1	89.948	577	29	20	1	552	573	1	0.0	717
28098bf4-e45c-4b2e-951c-38d951f1e81e	NR_117696.1	89.716	564	29	20	1	539	560	1	0.0	693
28098bf4-e45c-4b2e-951c-38d951f1e81e	NR_104947.1	90.000	550	26	20	1	525	546	1	0.0	684
c936e0bc-39f3-4dd7-a152-3e339fbbfdb8	NR_179325.1	96.182	1231	28	16	1	1218	232	1456	0.0	1995
c936e0bc-39f3-4dd7-a152-3e339fbbfdb8	NR_115355.1	96.019	1231	30	16	1	1218	258	1482	0.0	1984
c936e0bc-39f3-4dd7-a152-3e339fbbfdb8	NR_119169.1	95.695	1231	34	16	1	1218	263	1487	0.0	1967
c936e0bc-39f3-4dd7-a152-3e339fbbfdb8	NR_163639.1	95.617	1232	29	22	1	1218	277	1497	0.0	1953
c936e0bc-39f3-4dd7-a152-3e339fbbfdb8	NR_074980.1	95.451	1231	37	16	1	1218	285	1509	0.0	1945
5beef90a-182a-4faa-afd9-80382b13f66c	NR_024842.1	93.234	739	23	18	1	715	656	1391	0.0	1062
5beef90a-182a-4faa-afd9-80382b13f66c	NR_109720.1	93.234	739	23	18	1	715	635	1370	0.0	1062
5beef90a-182a-4faa-afd9-80382b13f66c	NR_115735.1	93.234	739	23	18	1	715	632	1367	0.0	1062
5beef90a-182a-4faa-afd9-80382b13f66c	NR_116211.1	93.234	739	23	18	1	715	564	1299	0.0	1062
5beef90a-182a-4faa-afd9-80382b13f66c	NR_115241.1	92.963	739	25	18	1	715	641	1376	0.0	1055
f8a32151-cd11-491e-af58-d7c1e724d4e8	NR_179325.1	91.681	577	19	24	1	559	12	577	0.0	773
f8a32151-cd11-491e-af58-d7c1e724d4e8	NR_115355.1	91.508	577	19	25	1	559	39	603	0.0	769
f8a32151-cd11-491e-af58-d7c1e724d4e8	NR_119169.1	91.334	577	20	25	1	559	44	608	0.0	765
f8a32151-cd11-491e-af58-d7c1e724d4e8	NR_041879.1	91.608	572	18	25	6	559	1	560	0.0	763
f8a32151-cd11-491e-af58-d7c1e724d4e8	NR_119168.1	91.161	577	21	25	1	559	44	608	0.0	756
d93e0e23-aa4d-4c32-9ff4-f03559c7e7a3	NR_121688.1	95.183	519	11	12	1	514	522	13	0.0	808
d93e0e23-aa4d-4c32-9ff4-f03559c7e7a3	NR_117717.1	94.990	519	12	12	1	514	523	14	0.0	802
d93e0e23-aa4d-4c32-9ff4-f03559c7e7a3	NR_117701.1	95.108	511	11	12	1	506	502	1	0.0	793
d93e0e23-aa4d-4c32-9ff4-f03559c7e7a3	NR_117696.1	95.181	498	11	11	1	494	489	1	0.0	774
d93e0e23-aa4d-4c32-9ff4-f03559c7e7a3	NR_104947.1	95.041	484	11	11	1	480	475	1	0.0	749
5fa0a390-e5b9-4e6b-bd99-41c030a2b5f5	NR_028664.1	93.196	1117	34	27	4	1093	396	1497	0.0	1604
5fa0a390-e5b9-4e6b-bd99-41c030a2b5f5	NR_117719.1	93.107	1117	35	29	4	1093	393	1494	0.0	1598
5fa0a390-e5b9-4e6b-bd99-41c030a2b5f5	NR_118998.1	91.480	1115	55	28	4	1093	395	1494	0.0	1496
5fa0a390-e5b9-4e6b-bd99-41c030a2b5f5	NR_118937.1	90.779	1052	56	27	4	1029	298	1334	0.0	1386
5fa0a390-e5b9-4e6b-bd99-41c030a2b5f5	NR_118942.1	89.343	1051	71	27	4	1029	298	1332	0.0	1332
7aa7890f-5961-4498-bb29-827b95e37ae1	NR_181308.1	86.009	679	58	29	4	663	795	135	0.0	693
7aa7890f-5961-4498-bb29-827b95e37ae1	NR_042464.1	85.841	678	61	31	4	663	792	132	0.0	688
7aa7890f-5961-4498-bb29-827b95e37ae1	NR_108572.1	85.798	683	53	38	4	663	757	96	0.0	684
7aa7890f-5961-4498-bb29-827b95e37ae1	NR_180784.1	85.714	679	60	33	4	663	750	90	0.0	684
7aa7890f-5961-4498-bb29-827b95e37ae1	NR_044166.1	85.714	679	60	31	4	663	794	134	0.0	682
13a9d5e4-9bb1-4110-a4d4-0238de883dec	NR_116168.1	90.964	498	22	18	4	494	497	16	0.0	649
13a9d5e4-9bb1-4110-a4d4-0238de883dec	NR_042878.1	90.447	492	24	18	4	488	476	1	0.0	636
13a9d5e4-9bb1-4110-a4d4-0238de883dec	NR_025423.1	89.495	495	31	17	4	491	481	1	3.82e-173	606
13a9d5e4-9bb1-4110-a4d4-0238de883dec	NR_118762.1	88.224	501	38	16	4	498	500	15	6.40e-171	599
13a9d5e4-9bb1-4110-a4d4-0238de883dec	NR_118143.1	88.008	492	38	17	4	488	478	1	2.33e-160	564
2ef0fde5-89ba-4752-8d9b-faf641604456	NR_119169.1	91.723	1039	44	31	4	1010	1029	1	0.0	1408
2ef0fde5-89ba-4752-8d9b-faf641604456	NR_115355.1	91.829	1028	45	29	4	1002	1024	7	0.0	1400
2ef0fde5-89ba-4752-8d9b-faf641604456	NR_074980.1	91.333	1050	48	31	4	1020	1051	12	0.0	1395
2ef0fde5-89ba-4752-8d9b-faf641604456	NR_113031.1	91.333	1050	48	31	4	1020	1051	12	0.0	1395
2ef0fde5-89ba-4752-8d9b-faf641604456	NR_119168.1	91.434	1039	47	31	4	1010	1029	1	0.0	1391
8134f24a-e615-4d83-bb8c-30d9d539d6dc	NR_156958.1	85.468	695	71	25	3	693	670	2	0.0	697
8134f24a-e615-4d83-bb8c-30d9d539d6dc	NR_028932.1	85.429	700	65	30	3	693	672	1	0.0	693
8134f24a-e615-4d83-bb8c-30d9d539d6dc	NR_145948.1	84.922	703	69	31	3	695	687	12	0.0	676
8134f24a-e615-4d83-bb8c-30d9d539d6dc	NR_180391.1	83.286	700	79	33	3	695	681	13	4.19e-174	610
8134f24a-e615-4d83-bb8c-30d9d539d6dc	NR_026500.1	83.046	696	88	25	3	695	671	3	1.95e-172	604
93faada7-b025-4763-819c-5c7dadc52a8e	NR_025862.1	89.673	765	48	26	6	752	464	1215	0.0	950
93faada7-b025-4763-819c-5c7dadc52a8e	NR_026454.1	89.523	754	47	26	17	752	453	1192	0.0	926
93faada7-b025-4763-819c-5c7dadc52a8e	NR_180652.1	88.758	765	55	26	6	752	454	1205	0.0	907
93faada7-b025-4763-819c-5c7dadc52a8e	NR_042406.1	88.642	766	54	28	6	752	455	1206	0.0	902
93faada7-b025-4763-819c-5c7dadc52a8e	NR_025445.1	88.874	755	50	29	17	752	468	1207	0.0	898
2e931534-da9d-4849-9f27-f0918ec440fc	NR_025862.1	96.538	491	9	8	1	489	496	12	0.0	811
2e931534-da9d-4849-9f27-f0918ec440fc	NR_028682.1	94.501	491	18	9	1	488	497	13	0.0	749
2e931534-da9d-4849-9f27-f0918ec440fc	NR_026454.1	89.540	478	37	13	1	470	473	1	2.93e-169	593
2e931534-da9d-4849-9f27-f0918ec440fc	NR_025863.1	87.928	497	45	15	1	489	501	12	1.06e-163	575
2e931534-da9d-4849-9f27-f0918ec440fc	NR_180911.1	87.298	496	46	17	1	488	487	1	1.79e-156	551
f9570303-fe08-4d38-b938-fb64f64ca116	NR_114395.1	94.211	1192	33	27	1	1165	306	1488	0.0	1786
f9570303-fe08-4d38-b938-fb64f64ca116	NR_179528.1	94.003	1184	39	23	1	1159	290	1466	0.0	1764
f9570303-fe08-4d38-b938-fb64f64ca116	NR_179535.1	93.529	1190	41	26	1	1165	308	1486	0.0	1738
f9570303-fe08-4d38-b938-fb64f64ca116	NR_041983.1	94.236	1145	34	24	1	1120	274	1411	0.0	1722
f9570303-fe08-4d38-b938-fb64f64ca116	NR_119102.1	93.772	1124	41	21	1	1099	275	1394	0.0	1672
27d7eab8-ec00-4d90-999c-c2fb09d06b60	NR_040933.1	97.790	362	3	3	8	369	1134	1490	3.62e-177	619
27d7eab8-ec00-4d90-999c-c2fb09d06b60	NR_117717.1	97.290	369	3	4	1	369	1127	1488	3.62e-177	619
27d7eab8-ec00-4d90-999c-c2fb09d06b60	NR_121688.1	97.290	369	3	4	1	369	1127	1488	3.62e-177	619
27d7eab8-ec00-4d90-999c-c2fb09d06b60	NR_117696.1	97.290	369	3	4	1	369	1094	1455	3.62e-177	619
27d7eab8-ec00-4d90-999c-c2fb09d06b60	NR_117701.1	97.290	369	3	4	1	369	1107	1468	3.62e-177	619
2be1a347-85a7-47f8-af42-4d51c99059ee	NR_044873.1	94.086	558	15	16	1	549	917	1465	0.0	832
2be1a347-85a7-47f8-af42-4d51c99059ee	NR_074568.1	92.705	562	23	15	1	554	927	1478	0.0	795
2be1a347-85a7-47f8-af42-4d51c99059ee	NR_025310.1	92.513	561	28	13	1	554	907	1460	0.0	791
2be1a347-85a7-47f8-af42-4d51c99059ee	NR_109752.1	92.500	560	30	11	1	554	938	1491	0.0	791
2be1a347-85a7-47f8-af42-4d51c99059ee	NR_043968.1	92.157	561	28	14	1	554	885	1436	0.0	778
7b0dfde7-44ee-4eec-af01-c773f7e50530	NR_037002.1	92.042	377	26	4	12	385	1125	1500	6.52e-150	529
7b0dfde7-44ee-4eec-af01-c773f7e50530	NR_040821.1	92.042	377	26	4	12	385	1105	1480	2.35e-149	527
7b0dfde7-44ee-4eec-af01-c773f7e50530	NR_025148.1	92.042	377	26	4	12	385	1125	1500	2.35e-149	527
7b0dfde7-44ee-4eec-af01-c773f7e50530	NR_040820.1	92.042	377	26	4	12	385	1105	1480	2.35e-149	527
7b0dfde7-44ee-4eec-af01-c773f7e50530	NR_042215.1	92.042	377	26	4	12	385	1097	1472	2.35e-149	527
e63b20d1-19e7-4255-84b2-c06082a644bf	NR_026419.1	91.764	1372	59	43	1	1332	127	1484	0.0	1858
e63b20d1-19e7-4255-84b2-c06082a644bf	NR_025903.1	90.743	1372	71	46	1	1332	140	1495	0.0	1779
e63b20d1-19e7-4255-84b2-c06082a644bf	NR_025904.1	90.466	1374	71	47	1	1332	139	1494	0.0	1757
e63b20d1-19e7-4255-84b2-c06082a644bf	NR_133753.1	90.653	1348	71	45	1	1308	94	1426	0.0	1740
e63b20d1-19e7-4255-84b2-c06082a644bf	NR_133752.1	90.430	1348	74	45	1	1308	65	1397	0.0	1724
2eeb21f8-2b25-4b60-81dc-af1bae10a5ed	NR_102895.1	85.890	1460	95	79	1	1396	1433	21	0.0	1452
2eeb21f8-2b25-4b60-81dc-af1bae10a5ed	NR_113113.1	85.881	1459	97	77	1	1396	1413	1	0.0	1452
2eeb21f8-2b25-4b60-81dc-af1bae10a5ed	NR_042843.1	85.734	1451	98	77	1	1388	1405	1	0.0	1434
2eeb21f8-2b25-4b60-81dc-af1bae10a5ed	NR_114305.1	84.911	1458	113	76	1	1396	1425	13	0.0	1375
2eeb21f8-2b25-4b60-81dc-af1bae10a5ed	NR_109628.1	84.976	1451	111	75	1	1389	1406	1	0.0	1373
d3f44cb5-e6a4-4bf8-952a-3245a052b916	NR_024842.1	97.229	1299	20	14	1	1288	201	1494	0.0	2189
d3f44cb5-e6a4-4bf8-952a-3245a052b916	NR_115735.1	97.370	1293	18	14	1	1282	177	1464	0.0	2185
d3f44cb5-e6a4-4bf8-952a-3245a052b916	NR_115241.1	97.132	1290	21	14	1	1279	186	1470	0.0	2169
d3f44cb5-e6a4-4bf8-952a-3245a052b916	NR_165737.1	96.979	1291	22	15	1	1279	186	1471	0.0	2152
d3f44cb5-e6a4-4bf8-952a-3245a052b916	NR_109720.1	96.882	1283	23	15	1	1271	180	1457	0.0	2132
1d093373-568a-4589-bfad-f74fec2190ac	NR_116168.1	93.457	703	28	15	1	691	791	1487	0.0	1027
1d093373-568a-4589-bfad-f74fec2190ac	NR_118762.1	92.374	695	38	12	1	685	794	1483	0.0	992
1d093373-568a-4589-bfad-f74fec2190ac	NR_024897.1	91.501	706	36	21	1	691	790	1486	0.0	950
1d093373-568a-4589-bfad-f74fec2190ac	NR_024898.1	91.489	705	38	19	1	691	790	1486	0.0	950
1d093373-568a-4589-bfad-f74fec2190ac	NR_180040.1	91.360	706	37	21	1	691	797	1493	0.0	944
0ed10003-ef20-4b6b-955f-6e39a299013c	NR_179385.1	95.285	1421	30	28	5	1398	86	1496	0.0	2218
0ed10003-ef20-4b6b-955f-6e39a299013c	NR_199545.1	95.285	1421	30	28	5	1398	82	1492	0.0	2218
0ed10003-ef20-4b6b-955f-6e39a299013c	NR_028664.1	95.161	1426	31	29	1	1398	81	1496	0.0	2217
0ed10003-ef20-4b6b-955f-6e39a299013c	NR_028665.1	95.158	1425	32	28	1	1398	75	1489	0.0	2217
0ed10003-ef20-4b6b-955f-6e39a299013c	NR_114172.1	95.154	1424	32	27	1	1397	58	1471	0.0	2213
8f5aea23-0525-4ef5-9f3c-ea4444285cbc	NR_179540.1	95.745	705	16	11	1	697	794	1492	0.0	1123
8f5aea23-0525-4ef5-9f3c-ea4444285cbc	NR_117719.1	95.603	705	18	10	1	697	794	1493	0.0	1118
8f5aea23-0525-4ef5-9f3c-ea4444285cbc	NR_028664.1	95.461	705	19	10	1	697	797	1496	0.0	1112
8f5aea23-0525-4ef5-9f3c-ea4444285cbc	NR_028665.1	95.461	705	18	11	1	697	791	1489	0.0	1112
8f5aea23-0525-4ef5-9f3c-ea4444285cbc	NR_179383.1	95.461	705	19	10	1	697	801	1500	0.0	1112
ec056dbe-099a-4002-81ad-af1da6bf5e5b	NR_025903.1	91.724	1305	50	39	1	1274	1294	17	0.0	1759
ec056dbe-099a-4002-81ad-af1da6bf5e5b	NR_133753.1	91.548	1266	50	38	1	1236	1248	10	0.0	1692
ec056dbe-099a-4002-81ad-af1da6bf5e5b	NR_026419.1	90.352	1306	67	40	1	1274	1282	4	0.0	1659
ec056dbe-099a-4002-81ad-af1da6bf5e5b	NR_133752.1	91.399	1244	51	37	1	1215	1219	3	0.0	1653
ec056dbe-099a-4002-81ad-af1da6bf5e5b	NR_025904.1	90.123	1306	69	41	1	1274	1293	16	0.0	1642
