48bb0b0f-898b-4978-80b0-b5f2b9e057d2	NR_125571.1	92.770	1065	40	28	4	1047	1049	1	0.0	1509
48bb0b0f-898b-4978-80b0-b5f2b9e057d2	NR_029097.1	91.939	1042	45	29	4	1023	1025	1	0.0	1423
48bb0b0f-898b-4978-80b0-b5f2b9e057d2	NR_125570.1	92.172	1022	44	27	4	1004	1007	1	0.0	1411
48bb0b0f-898b-4978-80b0-b5f2b9e057d2	NR_044289.1	85.913	1079	111	33	4	1058	1062	1	0.0	1112
48bb0b0f-898b-4978-80b0-b5f2b9e057d2	NR_025567.1	85.754	1088	112	34	4	1066	1082	13	0.0	1110
bd05320a-d7af-4eb7-bc81-06cfccf4a040	NR_116168.1	90.831	1287	61	49	13	1270	1272	14	0.0	1670
bd05320a-d7af-4eb7-bc81-06cfccf4a040	NR_042878.1	90.696	1279	62	49	13	1262	1251	1	0.0	1659
bd05320a-d7af-4eb7-bc81-06cfccf4a040	NR_118762.1	89.363	1288	79	50	13	1271	1274	16	0.0	1604
bd05320a-d7af-4eb7-bc81-06cfccf4a040	NR_118143.1	89.863	1243	77	46	47	1262	1221	1	0.0	1554
bd05320a-d7af-4eb7-bc81-06cfccf4a040	NR_026030.1	87.852	1243	94	53	53	1264	1217	1	0.0	1410
b2bba211-e6d9-406f-9b2d-feb0f59cba6f	NR_179540.1	87.615	759	56	32	3	734	742	1489	0.0	846
b2bba211-e6d9-406f-9b2d-feb0f59cba6f	NR_115802.1	86.790	757	62	31	2	731	723	1468	0.0	809
b2bba211-e6d9-406f-9b2d-feb0f59cba6f	NR_115728.1	86.220	762	66	32	2	735	715	1465	0.0	789
b2bba211-e6d9-406f-9b2d-feb0f59cba6f	NR_043704.1	86.089	762	67	32	2	735	706	1456	0.0	784
b2bba211-e6d9-406f-9b2d-feb0f59cba6f	NR_134818.1	85.808	761	69	32	2	734	736	1485	0.0	771
b26a2d3b-ee80-4bb6-98fb-c4e560a9d49f	NR_029097.1	98.496	133	1	1	1	132	1338	1206	1.85e-61	233
b26a2d3b-ee80-4bb6-98fb-c4e560a9d49f	NR_125570.1	98.496	133	1	1	1	132	1320	1188	1.85e-61	233
b26a2d3b-ee80-4bb6-98fb-c4e560a9d49f	NR_125571.1	98.496	133	1	1	1	132	1362	1230	1.85e-61	233
b26a2d3b-ee80-4bb6-98fb-c4e560a9d49f	NR_074634.1	97.744	133	2	1	1	132	1398	1266	8.59e-60	228
b26a2d3b-ee80-4bb6-98fb-c4e560a9d49f	NR_042832.1	97.744	133	2	1	1	132	1379	1247	8.59e-60	228
d388d5ef-c2ff-4c93-8b7e-213f7ab30da3	NR_117694.1	89.936	467	21	18	42	494	455	1	8.42e-165	579
d388d5ef-c2ff-4c93-8b7e-213f7ab30da3	NR_025892.1	88.136	472	29	19	42	498	481	22	3.07e-154	544
d388d5ef-c2ff-4c93-8b7e-213f7ab30da3	NR_121687.1	88.914	451	26	17	62	498	456	16	1.85e-151	534
d388d5ef-c2ff-4c93-8b7e-213f7ab30da3	NR_117692.1	89.165	443	25	15	65	494	433	1	2.39e-150	531
d388d5ef-c2ff-4c93-8b7e-213f7ab30da3	NR_025902.1	89.786	421	19	16	65	471	411	1	1.86e-146	518
eab511a1-5c1f-43aa-9b0e-df70390a5792	NR_026419.1	96.145	441	7	9	1	431	454	14	0.0	712
eab511a1-5c1f-43aa-9b0e-df70390a5792	NR_025903.1	93.651	441	17	10	1	431	466	27	0.0	649
eab511a1-5c1f-43aa-9b0e-df70390a5792	NR_025904.1	93.213	442	17	12	1	431	465	26	0.0	638
eab511a1-5c1f-43aa-9b0e-df70390a5792	NR_133753.1	94.299	421	13	10	1	411	420	1	0.0	634
eab511a1-5c1f-43aa-9b0e-df70390a5792	NR_036920.1	90.703	441	27	13	1	431	459	23	9.28e-164	575
7b5d13f5-cdf9-4ad1-b591-f8469dc1a0b3	NR_026094.1	87.086	573	50	16	4	556	582	14	3.31e-179	627
7b5d13f5-cdf9-4ad1-b591-f8469dc1a0b3	NR_113368.1	87.086	573	50	16	4	556	582	14	3.31e-179	627
7b5d13f5-cdf9-4ad1-b591-f8469dc1a0b3	NR_044777.1	86.702	564	53	14	4	549	560	1	1.20e-173	608
7b5d13f5-cdf9-4ad1-b591-f8469dc1a0b3	NR_119228.1	86.521	549	52	14	4	534	545	1	2.02e-166	584
7b5d13f5-cdf9-4ad1-b591-f8469dc1a0b3	NR_179851.1	85.957	470	55	9	4	464	566	99	1.26e-138	492
