7091ad58-4239-4904-b278-a9f2b1060bb2	NR_179652.1	95.595	454	15	5	3	453	1048	1499	0.0	723
7091ad58-4239-4904-b278-a9f2b1060bb2	NR_026487.1	94.481	453	18	6	4	453	1017	1465	0.0	691
7091ad58-4239-4904-b278-a9f2b1060bb2	NR_025437.1	94.273	454	21	5	3	453	1013	1464	0.0	689
7091ad58-4239-4904-b278-a9f2b1060bb2	NR_179378.1	94.092	457	19	8	3	453	1045	1499	0.0	688
7091ad58-4239-4904-b278-a9f2b1060bb2	NR_104716.1	94.053	454	21	6	3	452	1024	1475	0.0	684
b130839a-86d2-426b-8451-6f296292d268	NR_074980.1	95.756	589	16	8	1	587	595	14	0.0	941
b130839a-86d2-426b-8451-6f296292d268	NR_113031.1	95.756	589	16	8	1	587	595	14	0.0	941
b130839a-86d2-426b-8451-6f296292d268	NR_163639.1	95.586	589	14	11	1	587	584	6	0.0	933
b130839a-86d2-426b-8451-6f296292d268	NR_119168.1	95.862	580	15	8	1	578	573	1	0.0	929
b130839a-86d2-426b-8451-6f296292d268	NR_119169.1	95.690	580	16	8	1	578	573	1	0.0	928
df812b9a-5e4b-4691-b596-5efdf0e6903d	NR_117694.1	93.253	1082	35	31	1	1063	1063	1	0.0	1559
df812b9a-5e4b-4691-b596-5efdf0e6903d	NR_121687.1	92.209	1091	45	33	1	1071	1083	13	0.0	1507
df812b9a-5e4b-4691-b596-5efdf0e6903d	NR_025892.1	91.560	1090	53	32	1	1071	1088	19	0.0	1489
df812b9a-5e4b-4691-b596-5efdf0e6903d	NR_117692.1	91.497	1082	54	31	1	1063	1063	1	0.0	1454
df812b9a-5e4b-4691-b596-5efdf0e6903d	NR_041989.1	92.404	1040	40	32	1	1021	1021	2	0.0	1447
a1b930e6-bcf9-47cb-89b1-073ae490cc13	NR_028665.1	96.499	457	10	5	1	454	1036	1489	0.0	750
a1b930e6-bcf9-47cb-89b1-073ae490cc13	NR_179385.1	96.499	457	10	5	1	454	1043	1496	0.0	750
a1b930e6-bcf9-47cb-89b1-073ae490cc13	NR_199545.1	96.499	457	10	5	1	454	1039	1492	0.0	750
a1b930e6-bcf9-47cb-89b1-073ae490cc13	NR_114172.1	96.272	456	11	5	1	453	1019	1471	0.0	743
a1b930e6-bcf9-47cb-89b1-073ae490cc13	NR_115239.1	96.468	453	10	5	1	450	1019	1468	0.0	743
072d86fd-e69c-4324-bc4b-1b6265ceca4e	NR_165744.1	92.945	652	19	18	20	662	733	1366	0.0	924
072d86fd-e69c-4324-bc4b-1b6265ceca4e	NR_175455.1	92.945	652	19	18	20	662	732	1365	0.0	924
072d86fd-e69c-4324-bc4b-1b6265ceca4e	NR_179383.1	92.945	652	19	18	20	662	751	1384	0.0	924
072d86fd-e69c-4324-bc4b-1b6265ceca4e	NR_028664.1	92.791	652	20	18	20	662	747	1380	0.0	918
072d86fd-e69c-4324-bc4b-1b6265ceca4e	NR_042927.1	92.791	652	20	18	20	662	726	1359	0.0	918
26b516ab-afa7-4b39-82ea-d5dac1ca854f	NR_125655.1	83.092	899	106	35	3	867	552	1438	0.0	776
26b516ab-afa7-4b39-82ea-d5dac1ca854f	NR_152042.1	82.981	899	108	36	7	871	576	1463	0.0	771
26b516ab-afa7-4b39-82ea-d5dac1ca854f	NR_159330.1	82.908	901	107	39	7	871	577	1466	0.0	767
26b516ab-afa7-4b39-82ea-d5dac1ca854f	NR_042503.1	82.594	902	106	38	7	871	572	1459	0.0	749
26b516ab-afa7-4b39-82ea-d5dac1ca854f	NR_178706.1	82.565	889	106	39	1	853	532	1407	0.0	737
01497025-b3ce-4f7e-a797-6e7435746cca	NR_043604.1	91.728	955	34	34	26	941	1295	347	0.0	1284
01497025-b3ce-4f7e-a797-6e7435746cca	NR_118512.1	91.728	955	34	34	26	941	1295	347	0.0	1284
01497025-b3ce-4f7e-a797-6e7435746cca	NR_043603.1	90.262	955	48	35	26	941	1434	486	0.0	1206
01497025-b3ce-4f7e-a797-6e7435746cca	NR_118513.1	90.262	955	48	35	26	941	1295	347	0.0	1206
01497025-b3ce-4f7e-a797-6e7435746cca	NR_043601.1	89.215	955	58	35	26	941	1294	346	0.0	1151
d95cf91c-c1ed-4cb2-9015-52d9de073c67	NR_025289.1	96.111	180	3	4	1	176	1252	1073	1.41e-78	291
d95cf91c-c1ed-4cb2-9015-52d9de073c67	NR_118780.1	96.111	180	3	4	1	176	1259	1080	1.41e-78	291
d95cf91c-c1ed-4cb2-9015-52d9de073c67	NR_144737.1	91.111	180	12	4	1	176	1278	1099	1.44e-63	241
d95cf91c-c1ed-4cb2-9015-52d9de073c67	NR_135860.1	90.110	182	9	8	1	174	1272	1092	1.12e-59	228
d95cf91c-c1ed-4cb2-9015-52d9de073c67	NR_156896.1	90.110	182	9	8	1	174	1283	1103	1.12e-59	228
4d8bec01-c685-4fc4-a50a-4c8448bc437c	NR_042928.1	96.523	1208	19	20	1	1195	1198	1	0.0	1977
4d8bec01-c685-4fc4-a50a-4c8448bc437c	NR_199547.1	96.872	1183	17	17	1	1171	1178	4	0.0	1962
4d8bec01-c685-4fc4-a50a-4c8448bc437c	NR_117719.1	96.053	1216	25	20	1	1203	1218	13	0.0	1958
4d8bec01-c685-4fc4-a50a-4c8448bc437c	NR_112026.1	96.558	1191	18	20	1	1179	1180	1	0.0	1953
4d8bec01-c685-4fc4-a50a-4c8448bc437c	NR_175455.1	95.881	1214	27	20	1	1201	1206	3	0.0	1943
b1a60924-716a-40f4-8506-91a5cb0ec7d1	NR_179325.1	94.410	966	25	21	1	947	504	1459	0.0	1458
b1a60924-716a-40f4-8506-91a5cb0ec7d1	NR_115355.1	94.203	966	27	21	1	947	530	1485	0.0	1447
b1a60924-716a-40f4-8506-91a5cb0ec7d1	NR_163639.1	94.002	967	26	24	1	947	546	1500	0.0	1435
b1a60924-716a-40f4-8506-91a5cb0ec7d1	NR_119169.1	93.892	966	30	21	1	947	535	1490	0.0	1434
b1a60924-716a-40f4-8506-91a5cb0ec7d1	NR_115354.1	93.782	965	33	19	1	947	530	1485	0.0	1428
48c9a98f-0b22-4691-83f9-18c88208c9c0	NR_025862.1	96.434	645	8	11	32	667	1075	437	0.0	1053
48c9a98f-0b22-4691-83f9-18c88208c9c0	NR_180652.1	95.504	645	14	11	32	667	1065	427	0.0	1016
48c9a98f-0b22-4691-83f9-18c88208c9c0	NR_026454.1	95.370	648	11	15	32	667	1052	412	0.0	1013
48c9a98f-0b22-4691-83f9-18c88208c9c0	NR_026467.1	94.884	645	18	11	32	667	1057	419	0.0	994
48c9a98f-0b22-4691-83f9-18c88208c9c0	NR_042406.1	94.884	645	18	11	32	667	1066	428	0.0	994
c348f9a8-c19f-452f-8071-0552c845daae	NR_113124.1	96.583	439	8	3	1	435	1381	946	0.0	721
c348f9a8-c19f-452f-8071-0552c845daae	NR_115327.1	96.583	439	8	3	1	435	1361	926	0.0	721
c348f9a8-c19f-452f-8071-0552c845daae	NR_109628.1	96.583	439	8	3	1	435	1362	927	0.0	721
c348f9a8-c19f-452f-8071-0552c845daae	NR_029148.1	96.355	439	8	4	1	435	1388	954	0.0	715
c348f9a8-c19f-452f-8071-0552c845daae	NR_042843.1	96.128	439	10	3	1	435	1361	926	0.0	710
529a78ea-dffe-42a6-acdc-ed5b1a61813f	NR_044873.1	95.045	1231	42	18	1	1220	1230	8	0.0	1917
529a78ea-dffe-42a6-acdc-ed5b1a61813f	NR_074568.1	93.664	1231	58	19	1	1220	1240	19	0.0	1823
529a78ea-dffe-42a6-acdc-ed5b1a61813f	NR_044712.2	93.258	1231	63	19	1	1220	1249	28	0.0	1805
529a78ea-dffe-42a6-acdc-ed5b1a61813f	NR_109752.1	92.857	1232	67	20	1	1220	1251	29	0.0	1768
529a78ea-dffe-42a6-acdc-ed5b1a61813f	NR_025310.1	92.602	1230	69	21	1	1218	1220	1	0.0	1748
7d631951-77ff-443e-a737-a229f4027ef8	NR_024817.1	95.492	244	7	4	1	243	1242	1482	7.07e-108	388
7d631951-77ff-443e-a737-a229f4027ef8	NR_028682.1	95.181	249	4	8	1	244	1259	1504	2.54e-107	387
7d631951-77ff-443e-a737-a229f4027ef8	NR_025435.1	96.983	232	2	4	15	243	1268	1497	9.14e-107	385
7d631951-77ff-443e-a737-a229f4027ef8	NR_044121.1	94.694	245	7	6	1	243	1224	1464	5.50e-104	375
7d631951-77ff-443e-a737-a229f4027ef8	NR_036793.2	96.121	232	4	4	15	243	1279	1508	1.98e-103	374
03d87ccd-eeeb-43a7-95d1-40014aa392d7	NR_118143.1	97.349	830	10	9	1	820	974	147	0.0	1402
03d87ccd-eeeb-43a7-95d1-40014aa392d7	NR_116168.1	95.181	830	28	10	1	820	993	166	0.0	1301
03d87ccd-eeeb-43a7-95d1-40014aa392d7	NR_042878.1	94.940	830	30	10	1	820	972	145	0.0	1295
03d87ccd-eeeb-43a7-95d1-40014aa392d7	NR_042871.1	94.089	829	37	10	2	820	973	147	0.0	1260
03d87ccd-eeeb-43a7-95d1-40014aa392d7	NR_118142.1	94.331	829	35	10	2	820	971	145	0.0	1260
94317676-dd1d-4d5e-a78b-36d9c101e6ff	NR_025862.1	92.417	422	20	12	1	412	1294	875	2.46e-169	593
94317676-dd1d-4d5e-a78b-36d9c101e6ff	NR_028682.1	92.417	422	20	12	1	412	1295	876	8.86e-169	592
94317676-dd1d-4d5e-a78b-36d9c101e6ff	NR_026454.1	91.943	422	22	12	1	412	1271	852	1.92e-165	580
94317676-dd1d-4d5e-a78b-36d9c101e6ff	NR_042500.1	91.469	422	24	12	1	412	1225	806	4.15e-162	569
94317676-dd1d-4d5e-a78b-36d9c101e6ff	NR_116890.1	91.232	422	25	12	1	412	1283	864	1.93e-160	564
db33878e-e8bd-4b7e-9a52-02d5d3cc4612	NR_042928.1	88.172	372	27	15	2	360	368	1	2.33e-119	427
db33878e-e8bd-4b7e-9a52-02d5d3cc4612	NR_199547.1	88.506	348	27	12	2	338	348	3	8.42e-114	409
db33878e-e8bd-4b7e-9a52-02d5d3cc4612	NR_109720.1	87.432	366	31	13	2	354	364	1	3.03e-113	407
db33878e-e8bd-4b7e-9a52-02d5d3cc4612	NR_165747.1	87.097	372	31	15	2	360	368	1	1.09e-112	405
db33878e-e8bd-4b7e-9a52-02d5d3cc4612	NR_036936.1	86.828	372	34	13	2	360	370	1	3.92e-112	403
833cc360-87d9-4d81-ae50-7b11c5434219	NR_024842.1	94.570	442	12	9	67	502	639	1074	0.0	673
833cc360-87d9-4d81-ae50-7b11c5434219	NR_109720.1	94.570	442	12	9	67	502	618	1053	0.0	673
833cc360-87d9-4d81-ae50-7b11c5434219	NR_115735.1	94.570	442	12	9	67	502	615	1050	0.0	673
833cc360-87d9-4d81-ae50-7b11c5434219	NR_116211.1	94.570	442	12	9	67	502	547	982	0.0	673
833cc360-87d9-4d81-ae50-7b11c5434219	NR_178515.1	94.344	442	13	9	67	502	624	1059	0.0	667
fc913922-d420-4523-9bb8-c8413422e66f	NR_025903.1	94.571	571	15	12	1	560	1488	923	0.0	869
fc913922-d420-4523-9bb8-c8413422e66f	NR_133752.1	95.421	546	11	10	26	560	1390	848	0.0	857
fc913922-d420-4523-9bb8-c8413422e66f	NR_133753.1	95.421	546	11	10	26	560	1419	877	0.0	857
fc913922-d420-4523-9bb8-c8413422e66f	NR_025904.1	93.870	571	19	12	1	560	1487	922	0.0	846
fc913922-d420-4523-9bb8-c8413422e66f	NR_026419.1	93.345	571	23	11	1	560	1477	911	0.0	830
fce521c5-efff-4595-84c1-81bc8212fe65	NR_044873.1	93.605	344	9	11	1	337	1128	1465	1.25e-141	501
fce521c5-efff-4595-84c1-81bc8212fe65	NR_178796.1	92.420	343	14	9	1	337	1136	1472	5.84e-135	479
fce521c5-efff-4595-84c1-81bc8212fe65	NR_178939.1	92.420	343	14	9	1	337	1137	1473	5.84e-135	479
fce521c5-efff-4595-84c1-81bc8212fe65	NR_025361.1	92.375	341	16	7	1	337	1134	1468	2.10e-134	477
fce521c5-efff-4595-84c1-81bc8212fe65	NR_074568.1	92.398	342	15	9	1	337	1138	1473	2.10e-134	477
b635b2be-1010-4e83-b5dd-20d1d8062299	NR_199545.1	96.404	1307	21	22	1	1291	196	1492	0.0	2130
b635b2be-1010-4e83-b5dd-20d1d8062299	NR_179385.1	96.327	1307	22	22	1	1291	200	1496	0.0	2124
b635b2be-1010-4e83-b5dd-20d1d8062299	NR_028664.1	96.254	1308	22	23	1	1291	199	1496	0.0	2119
b635b2be-1010-4e83-b5dd-20d1d8062299	NR_165744.1	96.316	1303	22	22	1	1287	185	1477	0.0	2117
b635b2be-1010-4e83-b5dd-20d1d8062299	NR_115240.1	96.242	1304	22	23	1	1287	176	1469	0.0	2111
2dfc56f1-974f-49c8-9535-7061ba8cb6f0	NR_116168.1	96.483	853	17	10	9	855	647	1492	0.0	1397
2dfc56f1-974f-49c8-9535-7061ba8cb6f0	NR_118762.1	95.357	840	27	10	9	842	650	1483	0.0	1345
2dfc56f1-974f-49c8-9535-7061ba8cb6f0	NR_025423.1	94.781	843	31	11	9	844	631	1467	0.0	1301
2dfc56f1-974f-49c8-9535-7061ba8cb6f0	NR_042878.1	97.978	742	8	7	9	748	626	1362	0.0	1282
2dfc56f1-974f-49c8-9535-7061ba8cb6f0	NR_024897.1	94.035	855	34	14	9	855	646	1491	0.0	1280
a5aac04a-83ec-4bd7-852f-00d952e2f6e1	NR_044873.1	97.534	446	8	3	5	447	447	2	0.0	760
a5aac04a-83ec-4bd7-852f-00d952e2f6e1	NR_074568.1	96.330	436	11	5	16	447	447	13	0.0	712
a5aac04a-83ec-4bd7-852f-00d952e2f6e1	NR_044712.2	95.642	436	14	5	16	447	456	22	0.0	701
a5aac04a-83ec-4bd7-852f-00d952e2f6e1	NR_179993.1	94.064	438	20	6	16	448	448	12	0.0	660
a5aac04a-83ec-4bd7-852f-00d952e2f6e1	NR_025310.1	94.393	428	20	4	16	440	427	1	0.0	654
ff6119aa-5420-4634-87bb-fa71d7c8b57a	NR_025862.1	92.161	472	23	12	6	474	477	17	0.0	660
ff6119aa-5420-4634-87bb-fa71d7c8b57a	NR_028682.1	88.613	483	31	22	7	479	478	10	6.23e-161	566
ff6119aa-5420-4634-87bb-fa71d7c8b57a	NR_026454.1	87.500	416	39	13	10	416	451	40	1.81e-131	468
ff6119aa-5420-4634-87bb-fa71d7c8b57a	NR_025863.1	83.090	479	57	22	7	474	482	17	6.64e-116	416
ff6119aa-5420-4634-87bb-fa71d7c8b57a	NR_180911.1	86.082	388	44	10	10	392	464	82	1.11e-113	409
a87bfcc5-a932-412d-8797-dbeb0b264dc0	NR_044873.1	93.738	527	19	10	4	518	1420	896	0.0	778
a87bfcc5-a932-412d-8797-dbeb0b264dc0	NR_074568.1	92.734	523	24	10	8	518	1426	906	0.0	743
a87bfcc5-a932-412d-8797-dbeb0b264dc0	NR_044712.2	92.352	523	26	10	8	518	1435	915	0.0	736
a87bfcc5-a932-412d-8797-dbeb0b264dc0	NR_109752.1	91.841	527	29	10	4	518	1441	917	0.0	723
a87bfcc5-a932-412d-8797-dbeb0b264dc0	NR_178360.1	91.841	527	29	10	4	518	1397	873	0.0	723
34165ac8-8052-4370-8a8e-e27fcd4c3ddf	NR_115355.1	95.316	1345	32	23	7	1335	1330	1	0.0	2109
34165ac8-8052-4370-8a8e-e27fcd4c3ddf	NR_119169.1	95.178	1348	34	23	7	1338	1335	3	0.0	2108
34165ac8-8052-4370-8a8e-e27fcd4c3ddf	NR_163639.1	94.787	1362	32	31	7	1349	1345	4	0.0	2085
34165ac8-8052-4370-8a8e-e27fcd4c3ddf	NR_179325.1	95.224	1319	31	24	7	1308	1304	1	0.0	2058
34165ac8-8052-4370-8a8e-e27fcd4c3ddf	NR_074980.1	94.585	1348	42	23	7	1338	1357	25	0.0	2056
78f6f6c1-d267-4fc2-8fab-9b05738c4e85	NR_179325.1	95.379	779	15	12	1	760	462	1238	0.0	1219
78f6f6c1-d267-4fc2-8fab-9b05738c4e85	NR_115355.1	95.122	779	17	12	1	760	488	1264	0.0	1208
78f6f6c1-d267-4fc2-8fab-9b05738c4e85	NR_041879.1	94.994	779	19	11	1	760	445	1222	0.0	1205
78f6f6c1-d267-4fc2-8fab-9b05738c4e85	NR_119169.1	94.865	779	19	12	1	760	493	1269	0.0	1201
78f6f6c1-d267-4fc2-8fab-9b05738c4e85	NR_041880.1	94.865	779	19	12	1	760	444	1220	0.0	1197
69edd352-64ac-44e0-a5c6-bb85582a0e53	NR_028682.1	96.739	276	4	3	6	276	1157	1432	8.01e-128	455
69edd352-64ac-44e0-a5c6-bb85582a0e53	NR_025862.1	98.008	251	3	2	6	254	1156	1406	2.90e-122	436
69edd352-64ac-44e0-a5c6-bb85582a0e53	NR_179652.1	95.307	277	8	3	6	277	1160	1436	1.04e-121	435
69edd352-64ac-44e0-a5c6-bb85582a0e53	NR_025435.1	94.604	278	8	5	6	277	1154	1430	2.26e-118	424
69edd352-64ac-44e0-a5c6-bb85582a0e53	NR_179378.1	94.585	277	10	3	6	277	1157	1433	2.26e-118	424
823910a4-9399-41d4-a12c-fd1775f4c997	NR_044873.1	95.188	852	21	13	4	844	1249	407	0.0	1328
823910a4-9399-41d4-a12c-fd1775f4c997	NR_074568.1	93.192	852	37	15	4	844	1259	418	0.0	1232
823910a4-9399-41d4-a12c-fd1775f4c997	NR_109752.1	93.075	852	38	14	4	844	1270	429	0.0	1227
823910a4-9399-41d4-a12c-fd1775f4c997	NR_178360.1	93.075	852	38	14	4	844	1226	385	0.0	1227
823910a4-9399-41d4-a12c-fd1775f4c997	NR_044712.2	92.958	852	39	15	4	844	1268	427	0.0	1225
0dcac934-e9ab-474a-9037-c4e4c5139429	NR_025863.1	96.423	1258	28	15	12	1259	1264	14	0.0	2065
0dcac934-e9ab-474a-9037-c4e4c5139429	NR_025862.1	89.628	1263	99	30	12	1259	1259	14	0.0	1587
0dcac934-e9ab-474a-9037-c4e4c5139429	NR_026454.1	89.260	1257	106	26	1	1241	1244	1	0.0	1546
0dcac934-e9ab-474a-9037-c4e4c5139429	NR_026481.1	89.423	1248	97	30	11	1242	1229	1	0.0	1543
0dcac934-e9ab-474a-9037-c4e4c5139429	NR_113798.1	88.800	1250	109	29	16	1247	1241	5	0.0	1504
1d667ff1-66cc-414d-8f9c-0999006ebd2b	NR_044873.1	97.297	592	10	5	2	591	590	3	0.0	1000
1d667ff1-66cc-414d-8f9c-0999006ebd2b	NR_074568.1	95.408	588	21	5	6	591	597	14	0.0	931
1d667ff1-66cc-414d-8f9c-0999006ebd2b	NR_044712.2	94.898	588	24	5	6	591	606	23	0.0	920
1d667ff1-66cc-414d-8f9c-0999006ebd2b	NR_179993.1	94.444	594	26	6	1	591	603	14	0.0	907
1d667ff1-66cc-414d-8f9c-0999006ebd2b	NR_109752.1	93.970	597	29	6	1	594	613	21	0.0	896
ef64bedb-c43b-4106-bfe4-84f97f11fb72	NR_044873.1	90.306	588	35	19	8	584	1098	522	0.0	750
ef64bedb-c43b-4106-bfe4-84f97f11fb72	NR_028928.1	90.102	586	39	17	8	584	1079	504	0.0	745
ef64bedb-c43b-4106-bfe4-84f97f11fb72	NR_156955.1	90.119	587	38	18	8	584	1068	492	0.0	745
ef64bedb-c43b-4106-bfe4-84f97f11fb72	NR_029073.1	90.102	586	39	16	8	584	1101	526	0.0	743
ef64bedb-c43b-4106-bfe4-84f97f11fb72	NR_029119.1	90.102	586	39	16	8	584	1104	529	0.0	743
e9dd8057-1096-47a0-806e-aab1064b30a0	NR_044873.1	97.232	289	3	4	1	284	870	1158	1.04e-136	484
e9dd8057-1096-47a0-806e-aab1064b30a0	NR_074568.1	95.848	289	7	4	1	284	880	1168	4.86e-130	462
e9dd8057-1096-47a0-806e-aab1064b30a0	NR_044712.2	95.848	289	7	3	1	284	889	1177	4.86e-130	462
e9dd8057-1096-47a0-806e-aab1064b30a0	NR_025310.1	95.517	290	6	6	1	284	860	1148	2.26e-128	457
e9dd8057-1096-47a0-806e-aab1064b30a0	NR_109752.1	95.502	289	8	4	1	284	891	1179	2.26e-128	457
cd4307df-9114-4878-933f-14387e09c275	NR_115241.1	94.454	559	13	14	14	557	627	72	0.0	845
cd4307df-9114-4878-933f-14387e09c275	NR_117425.1	94.454	559	13	13	14	557	630	75	0.0	845
cd4307df-9114-4878-933f-14387e09c275	NR_115735.1	94.286	560	13	15	14	557	618	62	0.0	839
cd4307df-9114-4878-933f-14387e09c275	NR_024842.1	94.097	559	15	14	14	557	642	87	0.0	837
cd4307df-9114-4878-933f-14387e09c275	NR_116211.1	94.565	552	12	14	14	550	550	2	0.0	837
657d8ee0-8665-4ebd-a2b1-d678a7ef4fbf	NR_116168.1	96.528	864	15	10	30	888	888	35	0.0	1415
657d8ee0-8665-4ebd-a2b1-d678a7ef4fbf	NR_042878.1	96.065	864	19	10	30	888	867	14	0.0	1404
657d8ee0-8665-4ebd-a2b1-d678a7ef4fbf	NR_118762.1	94.329	864	34	10	30	888	891	38	0.0	1338
657d8ee0-8665-4ebd-a2b1-d678a7ef4fbf	NR_118143.1	94.226	866	33	12	30	888	869	14	0.0	1308
657d8ee0-8665-4ebd-a2b1-d678a7ef4fbf	NR_025423.1	93.533	866	39	12	30	888	872	17	0.0	1273
7dbe40c6-cc51-4e63-adef-ac0a5bd6b622	NR_044873.1	93.191	514	19	13	1	505	508	2	0.0	741
7dbe40c6-cc51-4e63-adef-ac0a5bd6b622	NR_074568.1	91.634	514	27	13	1	505	519	13	0.0	697
7dbe40c6-cc51-4e63-adef-ac0a5bd6b622	NR_044712.2	91.051	514	30	13	1	505	528	22	0.0	686
7dbe40c6-cc51-4e63-adef-ac0a5bd6b622	NR_024785.1	91.909	482	26	10	1	476	475	1	0.0	662
7dbe40c6-cc51-4e63-adef-ac0a5bd6b622	NR_109752.1	90.097	515	34	14	1	505	530	23	0.0	652
e9036eb0-9153-4e1e-bed2-f9a6e54c74a0	NR_024842.1	92.085	657	20	22	1	634	676	1323	0.0	896
e9036eb0-9153-4e1e-bed2-f9a6e54c74a0	NR_024842.1	84.311	631	48	37	630	1227	1306	694	1.27e-161	569
e9036eb0-9153-4e1e-bed2-f9a6e54c74a0	NR_115735.1	92.085	657	20	22	1	634	652	1299	0.0	896
e9036eb0-9153-4e1e-bed2-f9a6e54c74a0	NR_115735.1	84.311	631	48	37	630	1227	1282	670	1.27e-161	569
e9036eb0-9153-4e1e-bed2-f9a6e54c74a0	NR_116211.1	92.085	657	20	22	1	634	584	1231	0.0	896
e9036eb0-9153-4e1e-bed2-f9a6e54c74a0	NR_116211.1	84.311	631	48	37	630	1227	1214	602	1.27e-161	569
e9036eb0-9153-4e1e-bed2-f9a6e54c74a0	NR_109720.1	91.933	657	21	22	1	634	655	1302	0.0	891
e9036eb0-9153-4e1e-bed2-f9a6e54c74a0	NR_109720.1	84.311	631	48	38	630	1227	1285	673	1.27e-161	569
e9036eb0-9153-4e1e-bed2-f9a6e54c74a0	NR_115241.1	91.781	657	22	22	1	634	661	1308	0.0	889
e9036eb0-9153-4e1e-bed2-f9a6e54c74a0	NR_115241.1	83.994	631	50	37	630	1227	1291	679	2.13e-159	562
0dd6e965-8ccd-4539-93f7-0878e291a0a1	NR_179540.1	94.347	796	21	17	1	780	693	1480	0.0	1199
0dd6e965-8ccd-4539-93f7-0878e291a0a1	NR_028665.1	94.095	796	23	17	1	780	690	1477	0.0	1188
0dd6e965-8ccd-4539-93f7-0878e291a0a1	NR_042927.1	94.103	797	22	19	1	780	675	1463	0.0	1188
0dd6e965-8ccd-4539-93f7-0878e291a0a1	NR_042928.1	94.095	796	23	18	1	780	673	1460	0.0	1188
0dd6e965-8ccd-4539-93f7-0878e291a0a1	NR_115239.1	94.095	796	23	18	1	780	673	1460	0.0	1188
4e1e94e9-74e8-4385-846e-6a250658d42b	NR_117694.1	93.934	1220	39	32	1	1198	1207	1	0.0	1810
4e1e94e9-74e8-4385-846e-6a250658d42b	NR_025892.1	92.138	1221	60	33	1	1199	1232	26	0.0	1716
4e1e94e9-74e8-4385-846e-6a250658d42b	NR_121687.1	92.471	1222	55	34	1	1199	1227	20	0.0	1712
4e1e94e9-74e8-4385-846e-6a250658d42b	NR_041989.1	93.379	1178	45	30	1	1158	1165	1	0.0	1712
4e1e94e9-74e8-4385-846e-6a250658d42b	NR_117692.1	92.049	1220	62	32	1	1198	1207	1	0.0	1683
d0720b4d-9d52-4b18-bf51-0da26ed3b0da	NR_117694.1	96.374	717	17	7	1	710	1415	701	0.0	1171
d0720b4d-9d52-4b18-bf51-0da26ed3b0da	NR_178369.1	95.955	717	20	7	1	710	1386	672	0.0	1155
d0720b4d-9d52-4b18-bf51-0da26ed3b0da	NR_025892.1	95.676	717	22	7	1	710	1440	726	0.0	1149
d0720b4d-9d52-4b18-bf51-0da26ed3b0da	NR_121687.1	95.816	717	21	7	1	710	1435	721	0.0	1149
d0720b4d-9d52-4b18-bf51-0da26ed3b0da	NR_043459.1	95.537	717	23	7	1	710	1439	725	0.0	1138
00fb21e3-960f-428a-bd03-a7ee45380608	NR_133753.1	90.959	1272	59	40	1	1231	1301	45	0.0	1661
00fb21e3-960f-428a-bd03-a7ee45380608	NR_025903.1	90.959	1272	59	40	1	1231	1347	91	0.0	1661
00fb21e3-960f-428a-bd03-a7ee45380608	NR_133752.1	90.802	1272	61	40	1	1231	1272	16	0.0	1650
00fb21e3-960f-428a-bd03-a7ee45380608	NR_025904.1	90.259	1273	66	41	1	1231	1346	90	0.0	1611
00fb21e3-960f-428a-bd03-a7ee45380608	NR_026419.1	90.259	1273	67	39	1	1231	1335	78	0.0	1611
7953bdfe-0517-4339-bbb5-845c512fedc5	NR_115735.1	90.902	1319	66	37	1	1278	159	1464	0.0	1722
7953bdfe-0517-4339-bbb5-845c512fedc5	NR_024842.1	90.758	1320	68	37	1	1279	183	1489	0.0	1716
7953bdfe-0517-4339-bbb5-845c512fedc5	NR_115241.1	90.653	1316	69	37	1	1275	168	1470	0.0	1705
7953bdfe-0517-4339-bbb5-845c512fedc5	NR_165737.1	90.729	1316	69	37	1	1275	168	1471	0.0	1705
7953bdfe-0517-4339-bbb5-845c512fedc5	NR_036936.1	90.350	1316	74	38	1	1275	168	1471	0.0	1677
8236d8f4-db25-407e-ab49-8c1869a5e5c2	NR_136788.1	95.833	1176	25	17	1	1156	305	1476	0.0	1879
8236d8f4-db25-407e-ab49-8c1869a5e5c2	NR_026230.1	92.948	1177	57	19	1	1156	283	1454	0.0	1696
8236d8f4-db25-407e-ab49-8c1869a5e5c2	NR_113082.1	92.622	1152	59	19	1	1131	305	1451	0.0	1633
8236d8f4-db25-407e-ab49-8c1869a5e5c2	NR_152035.1	87.858	1186	100	34	2	1156	307	1479	0.0	1352
8236d8f4-db25-407e-ab49-8c1869a5e5c2	NR_175436.1	87.670	1176	112	25	2	1152	283	1450	0.0	1338
0aad3b26-4111-461f-8b4a-f5165e994cee	NR_042843.1	95.196	895	27	15	2	888	571	1457	0.0	1400
0aad3b26-4111-461f-8b4a-f5165e994cee	NR_102895.1	95.196	895	27	15	2	888	599	1485	0.0	1400
0aad3b26-4111-461f-8b4a-f5165e994cee	NR_113113.1	95.196	895	27	15	2	888	579	1465	0.0	1400
0aad3b26-4111-461f-8b4a-f5165e994cee	NR_109628.1	94.860	895	30	15	2	888	572	1458	0.0	1384
0aad3b26-4111-461f-8b4a-f5165e994cee	NR_113124.1	94.525	895	33	15	2	888	591	1477	0.0	1367
7797824a-4fcd-4c40-a15b-ab654c835505	NR_163639.1	96.296	189	5	2	4	191	191	4	4.31e-84	309
7797824a-4fcd-4c40-a15b-ab654c835505	NR_074980.1	96.257	187	5	2	5	190	198	13	5.57e-83	305
7797824a-4fcd-4c40-a15b-ab654c835505	NR_113031.1	96.257	187	5	2	5	190	198	13	5.57e-83	305
7797824a-4fcd-4c40-a15b-ab654c835505	NR_119169.1	96.067	178	5	2	4	180	177	1	1.56e-78	291
7797824a-4fcd-4c40-a15b-ab654c835505	NR_119168.1	96.067	178	5	2	4	180	177	1	5.61e-78	289
033b1fbb-bc35-4d1a-8a45-b4598b88bb4a	NR_042167.1	96.206	369	4	6	1	364	364	1	6.25e-170	595
033b1fbb-bc35-4d1a-8a45-b4598b88bb4a	NR_181136.1	90.698	387	23	10	1	382	391	13	3.90e-142	503
033b1fbb-bc35-4d1a-8a45-b4598b88bb4a	NR_025364.1	90.289	381	26	10	1	376	375	1	1.09e-137	488
033b1fbb-bc35-4d1a-8a45-b4598b88bb4a	NR_044862.1	89.664	387	28	8	1	382	385	6	1.41e-136	484
033b1fbb-bc35-4d1a-8a45-b4598b88bb4a	NR_108476.1	89.664	387	27	9	1	381	380	1	1.83e-135	481
0bd36dad-6169-4d91-98f7-a683381ae1dd	NR_114413.1	93.990	832	38	11	1	826	841	16	0.0	1249
0bd36dad-6169-4d91-98f7-a683381ae1dd	NR_117719.1	93.870	832	37	13	1	826	836	13	0.0	1242
0bd36dad-6169-4d91-98f7-a683381ae1dd	NR_042927.1	93.932	824	38	11	1	818	818	1	0.0	1234
0bd36dad-6169-4d91-98f7-a683381ae1dd	NR_175455.1	93.735	830	38	13	1	824	824	3	0.0	1232
0bd36dad-6169-4d91-98f7-a683381ae1dd	NR_115734.1	93.811	824	39	11	1	818	819	2	0.0	1230
031e80c4-49e6-41ea-aa64-3334cf50932a	NR_179325.1	98.566	488	4	3	1	485	969	1456	0.0	859
031e80c4-49e6-41ea-aa64-3334cf50932a	NR_163639.1	98.361	488	5	3	1	485	1010	1497	0.0	854
031e80c4-49e6-41ea-aa64-3334cf50932a	NR_115354.1	98.156	488	6	3	1	485	995	1482	0.0	850
031e80c4-49e6-41ea-aa64-3334cf50932a	NR_115355.1	98.156	488	6	3	1	485	995	1482	0.0	848
031e80c4-49e6-41ea-aa64-3334cf50932a	NR_074980.1	97.746	488	8	3	1	485	1022	1509	0.0	837
fbef7047-d36c-49f8-ae18-c3eff23b4d4e	NR_024842.1	93.400	500	21	11	1	490	505	8	0.0	732
fbef7047-d36c-49f8-ae18-c3eff23b4d4e	NR_115241.1	93.890	491	20	9	1	482	490	1	0.0	732
fbef7047-d36c-49f8-ae18-c3eff23b4d4e	NR_178515.1	93.103	493	20	11	1	482	490	1	0.0	710
fbef7047-d36c-49f8-ae18-c3eff23b4d4e	NR_115735.1	93.568	482	20	10	1	472	481	1	0.0	708
fbef7047-d36c-49f8-ae18-c3eff23b4d4e	NR_165737.1	92.901	493	21	11	1	482	490	1	0.0	704
cb79b5c9-1008-4291-80ca-6cebcb1cdac4	NR_116168.1	92.327	1212	64	22	24	1218	1235	36	0.0	1696
cb79b5c9-1008-4291-80ca-6cebcb1cdac4	NR_042878.1	91.997	1212	68	22	24	1218	1214	15	0.0	1685
cb79b5c9-1008-4291-80ca-6cebcb1cdac4	NR_118762.1	90.049	1236	88	27	24	1237	1237	15	0.0	1607
cb79b5c9-1008-4291-80ca-6cebcb1cdac4	NR_118143.1	90.774	1214	81	25	24	1218	1216	15	0.0	1594
cb79b5c9-1008-4291-80ca-6cebcb1cdac4	NR_025423.1	90.362	1214	86	24	24	1218	1219	18	0.0	1565
319d415f-ffcc-441c-9c92-70a51060e830	NR_116168.1	96.687	332	6	4	1	330	1164	1492	1.52e-155	547
319d415f-ffcc-441c-9c92-70a51060e830	NR_118762.1	96.885	321	5	4	1	319	1166	1483	4.26e-151	532
319d415f-ffcc-441c-9c92-70a51060e830	NR_024897.1	94.294	333	12	6	1	330	1163	1491	3.34e-142	503
319d415f-ffcc-441c-9c92-70a51060e830	NR_126284.1	95.312	320	10	4	3	320	1146	1462	3.34e-142	503
319d415f-ffcc-441c-9c92-70a51060e830	NR_181418.1	94.294	333	12	6	1	330	1163	1491	3.34e-142	503
23b82632-13bc-4263-a690-f52b5eb98a1a	NR_042878.1	93.424	441	18	11	1	436	774	340	0.0	643
23b82632-13bc-4263-a690-f52b5eb98a1a	NR_116168.1	93.424	441	18	11	1	436	795	361	0.0	643
23b82632-13bc-4263-a690-f52b5eb98a1a	NR_118762.1	92.517	441	22	11	1	436	798	364	7.11e-180	628
23b82632-13bc-4263-a690-f52b5eb98a1a	NR_118143.1	92.063	441	24	11	1	436	776	342	7.16e-175	612
23b82632-13bc-4263-a690-f52b5eb98a1a	NR_025423.1	91.648	443	22	14	1	436	779	345	5.58e-171	599
6e3b6967-42f1-4842-a077-2a4d4bceaf54	NR_165747.1	97.814	366	4	3	1	364	581	218	5.91e-180	628
6e3b6967-42f1-4842-a077-2a4d4bceaf54	NR_199541.1	97.814	366	4	3	1	364	559	196	5.91e-180	628
6e3b6967-42f1-4842-a077-2a4d4bceaf54	NR_199544.1	97.814	366	4	3	1	364	559	196	5.91e-180	628
6e3b6967-42f1-4842-a077-2a4d4bceaf54	NR_036936.1	97.541	366	5	3	1	364	583	220	2.75e-178	623
6e3b6967-42f1-4842-a077-2a4d4bceaf54	NR_028664.1	97.541	366	5	3	1	364	604	241	2.75e-178	623
134667d7-19df-492a-831e-3ae76e929f84	NR_044873.1	96.019	1281	19	24	1	1261	1282	14	0.0	2054
134667d7-19df-492a-831e-3ae76e929f84	NR_074568.1	94.457	1281	38	25	1	1261	1292	25	0.0	1941
134667d7-19df-492a-831e-3ae76e929f84	NR_044712.2	94.067	1281	43	25	1	1261	1301	34	0.0	1923
134667d7-19df-492a-831e-3ae76e929f84	NR_025310.1	93.833	1281	46	27	1	1261	1272	5	0.0	1897
134667d7-19df-492a-831e-3ae76e929f84	NR_109752.1	93.760	1282	46	28	1	1261	1303	35	0.0	1893
2c79debc-e84f-4399-a6d6-9e2f22c73b46	NR_041879.1	97.059	102	1	2	6	105	1259	1158	1.04e-42	171
2c79debc-e84f-4399-a6d6-9e2f22c73b46	NR_115355.1	97.059	102	1	2	6	105	1301	1200	1.04e-42	171
2c79debc-e84f-4399-a6d6-9e2f22c73b46	NR_119169.1	97.059	102	1	2	6	105	1306	1205	1.04e-42	171
2c79debc-e84f-4399-a6d6-9e2f22c73b46	NR_163639.1	97.059	102	1	2	6	105	1316	1215	1.04e-42	171
2c79debc-e84f-4399-a6d6-9e2f22c73b46	NR_179325.1	97.059	102	1	2	6	105	1275	1174	1.04e-42	171
4c6b33ba-27e2-4963-92ca-5b670a2bd72e	NR_024842.1	97.848	790	10	6	1	785	702	1489	0.0	1358
4c6b33ba-27e2-4963-92ca-5b670a2bd72e	NR_115735.1	97.845	789	10	6	1	784	678	1464	0.0	1356
4c6b33ba-27e2-4963-92ca-5b670a2bd72e	NR_165737.1	97.710	786	10	7	1	780	687	1470	0.0	1345
4c6b33ba-27e2-4963-92ca-5b670a2bd72e	NR_115241.1	97.580	785	12	6	1	780	687	1469	0.0	1343
4c6b33ba-27e2-4963-92ca-5b670a2bd72e	NR_036936.1	97.455	786	12	7	1	780	687	1470	0.0	1334
952299bb-c30b-4847-ae5e-3786e01234ae	NR_024842.1	90.675	1126	63	37	21	1124	1113	8	0.0	1463
952299bb-c30b-4847-ae5e-3786e01234ae	NR_115241.1	90.608	1118	64	36	21	1117	1098	1	0.0	1448
952299bb-c30b-4847-ae5e-3786e01234ae	NR_115735.1	90.803	1109	60	37	21	1107	1089	1	0.0	1445
952299bb-c30b-4847-ae5e-3786e01234ae	NR_117425.1	90.125	1124	64	38	21	1120	1101	1	0.0	1417
952299bb-c30b-4847-ae5e-3786e01234ae	NR_116211.1	90.568	1039	59	34	21	1038	1021	1	0.0	1339
5e7efbd6-28a4-4b54-a3f5-2db3be2b1c03	NR_026419.1	94.175	1236	45	20	4	1221	1231	5	0.0	1858
5e7efbd6-28a4-4b54-a3f5-2db3be2b1c03	NR_025903.1	93.296	1238	51	25	4	1221	1243	18	0.0	1797
5e7efbd6-28a4-4b54-a3f5-2db3be2b1c03	NR_133753.1	93.833	1200	44	23	4	1185	1197	10	0.0	1779
5e7efbd6-28a4-4b54-a3f5-2db3be2b1c03	NR_025904.1	92.978	1239	53	27	4	1221	1242	17	0.0	1775
5e7efbd6-28a4-4b54-a3f5-2db3be2b1c03	NR_133752.1	93.644	1180	45	23	4	1165	1168	1	0.0	1736
85fd847f-0311-49d6-8e8d-148bf9821270	NR_136788.1	98.266	1269	15	6	1	1264	215	1481	0.0	2215
85fd847f-0311-49d6-8e8d-148bf9821270	NR_026230.1	95.279	1271	49	9	1	1264	193	1459	0.0	2012
85fd847f-0311-49d6-8e8d-148bf9821270	NR_113082.1	95.330	1242	45	11	1	1234	215	1451	0.0	1960
85fd847f-0311-49d6-8e8d-148bf9821270	NR_152035.1	89.445	1279	104	25	4	1264	219	1484	0.0	1585
85fd847f-0311-49d6-8e8d-148bf9821270	NR_025052.1	89.230	1272	120	15	4	1264	194	1459	0.0	1574
8df07cd9-f5fb-410f-b461-2de0a949a668	NR_028664.1	98.828	256	1	1	1	256	1243	1496	7.43e-128	455
8df07cd9-f5fb-410f-b461-2de0a949a668	NR_117719.1	98.828	256	1	1	1	256	1240	1493	7.43e-128	455
8df07cd9-f5fb-410f-b461-2de0a949a668	NR_179383.1	98.828	256	1	1	1	256	1247	1500	7.43e-128	455
8df07cd9-f5fb-410f-b461-2de0a949a668	NR_028666.1	98.438	256	2	1	1	256	1246	1499	3.46e-126	449
8df07cd9-f5fb-410f-b461-2de0a949a668	NR_028833.1	98.438	256	2	1	1	256	1249	1502	3.46e-126	449
8ee384c3-fbf9-4221-9972-1eb57e449ca4	NR_115735.1	91.015	1369	67	44	1	1335	118	1464	0.0	1796
8ee384c3-fbf9-4221-9972-1eb57e449ca4	NR_024842.1	90.836	1375	70	44	1	1341	142	1494	0.0	1794
8ee384c3-fbf9-4221-9972-1eb57e449ca4	NR_115241.1	90.776	1366	70	44	1	1332	127	1470	0.0	1779
8ee384c3-fbf9-4221-9972-1eb57e449ca4	NR_165737.1	90.789	1368	67	47	1	1332	127	1471	0.0	1773
8ee384c3-fbf9-4221-9972-1eb57e449ca4	NR_113260.1	90.630	1366	72	43	1	1332	127	1470	0.0	1762
dae24e15-1848-4e0b-b0b3-86ee98b58fe6	NR_116168.1	91.924	842	31	27	1	814	1455	623	0.0	1144
dae24e15-1848-4e0b-b0b3-86ee98b58fe6	NR_118762.1	90.963	841	40	27	1	814	1457	626	0.0	1116
dae24e15-1848-4e0b-b0b3-86ee98b58fe6	NR_025423.1	91.403	791	36	26	1	769	1439	659	0.0	1055
dae24e15-1848-4e0b-b0b3-86ee98b58fe6	NR_114764.1	89.798	843	47	31	1	814	1437	605	0.0	1044
dae24e15-1848-4e0b-b0b3-86ee98b58fe6	NR_024897.1	91.035	792	37	27	1	769	1454	674	0.0	1038
bed1d767-8a42-470c-8a45-07154237425e	NR_136788.1	97.216	431	5	7	1	428	453	879	0.0	723
bed1d767-8a42-470c-8a45-07154237425e	NR_113082.1	96.585	410	9	5	21	428	473	879	0.0	675
bed1d767-8a42-470c-8a45-07154237425e	NR_026230.1	96.341	410	10	5	21	428	451	857	0.0	671
bed1d767-8a42-470c-8a45-07154237425e	NR_136443.1	92.172	396	27	4	35	428	448	841	3.34e-158	556
bed1d767-8a42-470c-8a45-07154237425e	NR_040839.1	90.244	410	35	5	21	428	473	879	2.02e-150	531
b94dc3ce-de90-4b21-bfce-14f803c833bb	NR_133753.1	91.799	1195	39	50	1	1150	1356	176	0.0	1609
b94dc3ce-de90-4b21-bfce-14f803c833bb	NR_025903.1	91.799	1195	39	50	1	1150	1402	222	0.0	1609
b94dc3ce-de90-4b21-bfce-14f803c833bb	NR_133752.1	91.715	1195	40	50	1	1150	1327	147	0.0	1604
b94dc3ce-de90-4b21-bfce-14f803c833bb	NR_025904.1	91.137	1196	45	52	1	1150	1401	221	0.0	1565
b94dc3ce-de90-4b21-bfce-14f803c833bb	NR_026419.1	91.137	1196	45	52	1	1150	1390	210	0.0	1565
068eaa72-57ef-40a0-acef-33505b95f92f	NR_136788.1	96.779	1459	33	10	1	1446	17	1474	0.0	2422
068eaa72-57ef-40a0-acef-33505b95f92f	NR_026230.1	93.329	1454	81	12	7	1446	1	1452	0.0	2158
068eaa72-57ef-40a0-acef-33505b95f92f	NR_113082.1	93.880	1438	70	14	1	1423	17	1451	0.0	2152
068eaa72-57ef-40a0-acef-33505b95f92f	NR_136443.1	87.690	1446	135	34	21	1440	1	1429	0.0	1644
068eaa72-57ef-40a0-acef-33505b95f92f	NR_043154.1	84.214	1476	186	37	1	1446	17	1475	0.0	1391
95efed15-fd91-4ec2-b731-779d0d460849	NR_026419.1	94.376	1138	36	25	2	1123	1126	1	0.0	1722
95efed15-fd91-4ec2-b731-779d0d460849	NR_025903.1	93.013	1145	50	27	2	1129	1138	7	0.0	1644
95efed15-fd91-4ec2-b731-779d0d460849	NR_025904.1	92.415	1147	53	30	2	1129	1137	6	0.0	1605
95efed15-fd91-4ec2-b731-779d0d460849	NR_133753.1	93.122	1105	48	25	2	1091	1092	1	0.0	1594
95efed15-fd91-4ec2-b731-779d0d460849	NR_133752.1	92.844	1076	50	24	2	1063	1063	1	0.0	1535
dd1f70be-fd40-4117-8404-5089810972c1	NR_040933.1	95.319	470	15	7	1	469	1026	1489	0.0	739
dd1f70be-fd40-4117-8404-5089810972c1	NR_117717.1	95.319	470	15	7	1	469	1024	1487	0.0	739
dd1f70be-fd40-4117-8404-5089810972c1	NR_121688.1	95.319	470	15	7	1	469	1024	1487	0.0	739
dd1f70be-fd40-4117-8404-5089810972c1	NR_117696.1	95.319	470	15	7	1	469	991	1454	0.0	739
dd1f70be-fd40-4117-8404-5089810972c1	NR_117701.1	95.319	470	15	7	1	469	1004	1467	0.0	739
d500384a-42f7-4c40-93c3-58bed474c4ba	NR_115354.1	95.763	354	10	5	1	351	19	370	4.56e-161	566
d500384a-42f7-4c40-93c3-58bed474c4ba	NR_119170.1	95.763	354	10	5	1	351	24	375	4.56e-161	566
d500384a-42f7-4c40-93c3-58bed474c4ba	NR_115355.1	95.480	354	11	5	1	351	19	370	1.64e-160	564
d500384a-42f7-4c40-93c3-58bed474c4ba	NR_119169.1	95.480	354	11	5	1	351	24	375	5.90e-160	562
d500384a-42f7-4c40-93c3-58bed474c4ba	NR_119168.1	95.480	354	11	5	1	351	24	375	2.12e-159	560
7239d28e-5c6b-4452-bc79-f06cc63ee831	NR_178515.1	95.175	1057	27	15	1	1038	49	1100	0.0	1648
7239d28e-5c6b-4452-bc79-f06cc63ee831	NR_115735.1	95.080	1057	29	14	1	1038	39	1091	0.0	1642
7239d28e-5c6b-4452-bc79-f06cc63ee831	NR_165737.1	95.080	1057	28	15	1	1038	49	1100	0.0	1642
7239d28e-5c6b-4452-bc79-f06cc63ee831	NR_024842.1	94.981	1056	31	13	1	1038	64	1115	0.0	1640
7239d28e-5c6b-4452-bc79-f06cc63ee831	NR_115241.1	94.981	1056	31	13	1	1038	49	1100	0.0	1640
5cda2966-e5bb-4b7e-9542-8df91d8feada	NR_165737.1	95.661	1452	34	23	1	1434	29	1469	0.0	2305
5cda2966-e5bb-4b7e-9542-8df91d8feada	NR_115735.1	95.592	1452	35	24	1	1434	19	1459	0.0	2300
5cda2966-e5bb-4b7e-9542-8df91d8feada	NR_024842.1	95.520	1451	37	23	1	1434	44	1483	0.0	2298
5cda2966-e5bb-4b7e-9542-8df91d8feada	NR_115241.1	95.451	1451	38	23	1	1434	29	1468	0.0	2294
5cda2966-e5bb-4b7e-9542-8df91d8feada	NR_109720.1	94.948	1445	44	23	1	1426	23	1457	0.0	2237
92358832-8457-4a79-8fa1-c6ffb7c3ff8f	NR_113105.1	96.209	976	21	14	1	969	967	1	0.0	1583
92358832-8457-4a79-8fa1-c6ffb7c3ff8f	NR_044407.1	96.466	962	20	12	1	955	959	5	0.0	1576
92358832-8457-4a79-8fa1-c6ffb7c3ff8f	NR_109628.1	94.699	962	37	12	1	955	960	6	0.0	1482
92358832-8457-4a79-8fa1-c6ffb7c3ff8f	NR_029148.1	93.955	976	43	14	1	969	987	21	0.0	1467
92358832-8457-4a79-8fa1-c6ffb7c3ff8f	NR_113124.1	94.057	976	42	14	1	969	979	13	0.0	1467
43eb1111-d2ec-4d89-a3ff-282c7f9c1abb	NR_044873.1	93.805	452	14	13	1	442	78	525	0.0	667
43eb1111-d2ec-4d89-a3ff-282c7f9c1abb	NR_074568.1	92.239	451	23	10	1	442	89	536	7.23e-180	628
43eb1111-d2ec-4d89-a3ff-282c7f9c1abb	NR_044712.2	91.574	451	26	10	1	442	98	545	1.57e-176	617
43eb1111-d2ec-4d89-a3ff-282c7f9c1abb	NR_024785.1	91.796	451	24	11	1	442	46	492	5.63e-176	616
43eb1111-d2ec-4d89-a3ff-282c7f9c1abb	NR_025310.1	91.131	451	28	10	1	442	69	516	1.58e-171	601
9b0974c9-4d09-4699-9b14-608a9dc7f2eb	NR_028900.1	88.446	502	26	24	1	481	1334	844	3.02e-164	577
9b0974c9-4d09-4699-9b14-608a9dc7f2eb	NR_025892.1	87.649	502	30	23	1	481	1401	911	1.09e-158	558
9b0974c9-4d09-4699-9b14-608a9dc7f2eb	NR_118659.1	84.277	477	45	19	1	458	1396	931	2.43e-135	481
9b0974c9-4d09-4699-9b14-608a9dc7f2eb	NR_116610.1	85.115	477	41	23	1	458	1341	876	3.17e-129	460
9b0974c9-4d09-4699-9b14-608a9dc7f2eb	NR_132683.1	85.115	477	41	23	1	458	1358	893	3.17e-129	460
3f738141-d8f9-4f6b-a8a0-67b5096ad980	NR_044873.1	96.531	836	14	12	4	830	837	8	0.0	1369
3f738141-d8f9-4f6b-a8a0-67b5096ad980	NR_074568.1	94.498	836	30	13	4	830	847	19	0.0	1275
3f738141-d8f9-4f6b-a8a0-67b5096ad980	NR_044712.2	94.139	836	33	13	4	830	856	28	0.0	1262
3f738141-d8f9-4f6b-a8a0-67b5096ad980	NR_024785.1	94.328	811	30	13	4	807	803	2	0.0	1229
3f738141-d8f9-4f6b-a8a0-67b5096ad980	NR_025310.1	93.413	835	37	14	4	828	827	1	0.0	1221
