1f1a328d-2376-4727-a783-0b8752acb32d	NR_026419.1	90.380	447	19	11	1	425	1391	947	5.49e-161	566
1f1a328d-2376-4727-a783-0b8752acb32d	NR_133752.1	89.709	447	22	11	1	425	1328	884	5.53e-156	549
1f1a328d-2376-4727-a783-0b8752acb32d	NR_133753.1	89.709	447	22	11	1	425	1357	913	5.53e-156	549
1f1a328d-2376-4727-a783-0b8752acb32d	NR_025904.1	89.732	448	20	13	1	425	1402	958	5.53e-156	549
1f1a328d-2376-4727-a783-0b8752acb32d	NR_025903.1	89.709	447	22	11	1	425	1403	959	5.53e-156	549
928af075-8a8f-4730-977e-60dbb58a2a65	NR_117694.1	92.632	1235	47	38	12	1220	1217	1	0.0	1736
928af075-8a8f-4730-977e-60dbb58a2a65	NR_025892.1	90.916	1244	67	40	12	1229	1242	19	0.0	1652
928af075-8a8f-4730-977e-60dbb58a2a65	NR_121687.1	91.245	1245	62	44	12	1229	1237	13	0.0	1652
928af075-8a8f-4730-977e-60dbb58a2a65	NR_117692.1	90.850	1235	69	41	12	1220	1217	1	0.0	1615
928af075-8a8f-4730-977e-60dbb58a2a65	NR_041988.1	91.199	1193	62	40	12	1179	1175	1	0.0	1581
d36cc269-9a3b-4d3e-8e3d-652442e94fbe	NR_024842.1	92.431	436	24	9	6	438	437	8	5.58e-176	616
d36cc269-9a3b-4d3e-8e3d-652442e94fbe	NR_115241.1	92.974	427	23	7	6	430	422	1	5.58e-176	616
d36cc269-9a3b-4d3e-8e3d-652442e94fbe	NR_165737.1	92.757	428	22	9	6	430	422	1	2.59e-174	610
d36cc269-9a3b-4d3e-8e3d-652442e94fbe	NR_178515.1	92.290	428	24	9	6	430	422	1	5.62e-171	599
d36cc269-9a3b-4d3e-8e3d-652442e94fbe	NR_115735.1	92.584	418	23	8	6	420	413	1	2.61e-169	593
f636f9b0-0608-493b-abae-a19f04f718da	NR_179385.1	89.963	807	37	36	1	774	701	1496	0.0	1002
f636f9b0-0608-493b-abae-a19f04f718da	NR_199545.1	89.963	807	37	36	1	774	697	1492	0.0	1002
f636f9b0-0608-493b-abae-a19f04f718da	NR_028665.1	89.715	807	39	36	1	774	694	1489	0.0	990
f636f9b0-0608-493b-abae-a19f04f718da	NR_165744.1	89.788	803	38	36	1	770	686	1477	0.0	989
f636f9b0-0608-493b-abae-a19f04f718da	NR_028664.1	89.604	808	39	37	1	774	700	1496	0.0	985
a3196364-eb11-4b03-9f75-c05cad04ea28	NR_180875.1	97.842	278	4	2	1	276	955	1232	4.66e-135	479
a3196364-eb11-4b03-9f75-c05cad04ea28	NR_024841.1	97.482	278	5	2	1	276	990	1267	2.17e-133	473
a3196364-eb11-4b03-9f75-c05cad04ea28	NR_024842.1	97.482	278	5	2	1	276	991	1268	2.17e-133	473
a3196364-eb11-4b03-9f75-c05cad04ea28	NR_036936.1	97.482	278	5	2	1	276	976	1253	2.17e-133	473
a3196364-eb11-4b03-9f75-c05cad04ea28	NR_028665.1	97.482	278	5	2	1	276	991	1268	2.17e-133	473
7393c6bb-d1ab-457a-aa5e-85f4be93ec91	NR_026419.1	96.076	994	19	14	1	982	1445	460	0.0	1602
7393c6bb-d1ab-457a-aa5e-85f4be93ec91	NR_133752.1	95.674	994	23	14	1	982	1382	397	0.0	1580
7393c6bb-d1ab-457a-aa5e-85f4be93ec91	NR_133753.1	95.674	994	23	14	1	982	1411	426	0.0	1580
7393c6bb-d1ab-457a-aa5e-85f4be93ec91	NR_025903.1	95.674	994	23	14	1	982	1457	472	0.0	1580
7393c6bb-d1ab-457a-aa5e-85f4be93ec91	NR_025904.1	95.670	993	23	14	1	981	1456	472	0.0	1578
2ab72a85-7d1f-432d-b30f-1a9797ec5f7c	NR_028664.1	96.150	1117	23	17	16	1120	1124	16	0.0	1807
2ab72a85-7d1f-432d-b30f-1a9797ec5f7c	NR_179383.1	96.150	1117	23	17	16	1120	1128	20	0.0	1807
2ab72a85-7d1f-432d-b30f-1a9797ec5f7c	NR_165744.1	95.975	1118	25	17	16	1121	1110	1	0.0	1797
2ab72a85-7d1f-432d-b30f-1a9797ec5f7c	NR_179385.1	95.971	1117	25	17	16	1120	1125	17	0.0	1796
2ab72a85-7d1f-432d-b30f-1a9797ec5f7c	NR_199545.1	95.971	1117	25	17	16	1120	1121	13	0.0	1796
69cd8bfe-6eb4-491d-b0cc-5ebb0ca71aa5	NR_117694.1	91.756	1031	44	33	1	1004	1021	5	0.0	1395
69cd8bfe-6eb4-491d-b0cc-5ebb0ca71aa5	NR_121687.1	90.891	1032	51	35	1	1004	1041	25	0.0	1345
69cd8bfe-6eb4-491d-b0cc-5ebb0ca71aa5	NR_025892.1	90.291	1030	60	33	1	1004	1046	31	0.0	1336
69cd8bfe-6eb4-491d-b0cc-5ebb0ca71aa5	NR_117692.1	90.126	1033	57	38	1	1004	1021	5	0.0	1301
69cd8bfe-6eb4-491d-b0cc-5ebb0ca71aa5	NR_026079.2	89.525	1031	67	31	1	1004	1048	32	0.0	1267
cfcccee8-b3a7-4f7a-8e95-0694f43eb38b	NR_026419.1	96.491	342	6	5	1	340	1148	1485	2.04e-159	560
cfcccee8-b3a7-4f7a-8e95-0694f43eb38b	NR_025904.1	94.737	342	11	6	1	340	1159	1495	7.44e-149	525
cfcccee8-b3a7-4f7a-8e95-0694f43eb38b	NR_025903.1	94.737	342	11	6	1	340	1160	1496	7.44e-149	525
cfcccee8-b3a7-4f7a-8e95-0694f43eb38b	NR_133752.1	96.178	314	9	3	1	312	1085	1397	2.08e-144	510
cfcccee8-b3a7-4f7a-8e95-0694f43eb38b	NR_133753.1	96.178	314	9	3	1	312	1114	1426	2.08e-144	510
9a48eb63-0a61-48d0-8610-674e825ea133	NR_179385.1	97.335	638	12	5	23	656	861	1497	0.0	1079
9a48eb63-0a61-48d0-8610-674e825ea133	NR_199545.1	97.335	638	12	5	23	656	857	1493	0.0	1079
9a48eb63-0a61-48d0-8610-674e825ea133	NR_028665.1	97.331	637	12	5	24	656	855	1490	0.0	1077
9a48eb63-0a61-48d0-8610-674e825ea133	NR_114172.1	97.327	636	10	7	24	654	838	1471	0.0	1074
9a48eb63-0a61-48d0-8610-674e825ea133	NR_156072.1	97.179	638	13	5	23	656	859	1495	0.0	1074
37d05b15-def6-4feb-a621-ac25497d98c7	NR_163639.1	93.421	304	8	8	1	294	1424	1123	2.52e-123	440
37d05b15-def6-4feb-a621-ac25497d98c7	NR_179325.1	93.421	304	8	8	1	294	1383	1082	2.52e-123	440
37d05b15-def6-4feb-a621-ac25497d98c7	NR_041880.1	93.092	304	9	8	1	294	1365	1064	1.17e-121	435
37d05b15-def6-4feb-a621-ac25497d98c7	NR_115354.1	93.092	304	9	8	1	294	1409	1108	1.17e-121	435
37d05b15-def6-4feb-a621-ac25497d98c7	NR_115355.1	93.092	304	9	8	1	294	1409	1108	1.17e-121	435
452e33e1-2b66-4bdf-9ae6-74efc6cf98ba	NR_044873.1	96.104	770	18	12	1	766	777	16	0.0	1245
452e33e1-2b66-4bdf-9ae6-74efc6cf98ba	NR_074568.1	94.026	770	33	13	1	766	787	27	0.0	1155
452e33e1-2b66-4bdf-9ae6-74efc6cf98ba	NR_044712.2	93.636	770	36	13	1	766	796	36	0.0	1144
452e33e1-2b66-4bdf-9ae6-74efc6cf98ba	NR_109752.1	92.866	771	41	14	1	766	798	37	0.0	1107
452e33e1-2b66-4bdf-9ae6-74efc6cf98ba	NR_179993.1	92.866	771	41	14	1	766	788	27	0.0	1107
aadcebe7-cb1b-4de5-a752-6a422dcd84fc	NR_025862.1	96.273	322	6	4	1	320	900	583	1.92e-149	527
aadcebe7-cb1b-4de5-a752-6a422dcd84fc	NR_026454.1	96.273	322	6	4	1	320	877	560	2.48e-148	523
aadcebe7-cb1b-4de5-a752-6a422dcd84fc	NR_025360.1	96.273	322	6	4	1	320	888	571	2.48e-148	523
aadcebe7-cb1b-4de5-a752-6a422dcd84fc	NR_180652.1	96.273	322	6	4	1	320	890	573	2.48e-148	523
aadcebe7-cb1b-4de5-a752-6a422dcd84fc	NR_041706.1	95.963	322	7	4	1	320	889	572	1.15e-146	518
aa58ae18-01b2-4e70-9dd7-98ffa53bd1e4	NR_136788.1	97.225	1045	17	12	1	1040	442	1479	0.0	1759
aa58ae18-01b2-4e70-9dd7-98ffa53bd1e4	NR_026230.1	94.768	1013	42	11	33	1040	451	1457	0.0	1572
aa58ae18-01b2-4e70-9dd7-98ffa53bd1e4	NR_113082.1	94.828	986	38	13	33	1012	473	1451	0.0	1526
aa58ae18-01b2-4e70-9dd7-98ffa53bd1e4	NR_136443.1	91.185	987	68	17	49	1027	452	1427	0.0	1323
aa58ae18-01b2-4e70-9dd7-98ffa53bd1e4	NR_026137.1	87.936	1003	98	22	49	1040	470	1460	0.0	1162
57074db3-fd04-44ab-8778-6bfa08e46d01	NR_179535.1	87.267	589	33	32	1	565	604	34	0.0	634
57074db3-fd04-44ab-8778-6bfa08e46d01	NR_041983.1	85.204	588	44	34	1	565	569	2	2.68e-160	564
57074db3-fd04-44ab-8778-6bfa08e46d01	NR_114395.1	85.204	588	44	34	1	565	601	34	2.68e-160	564
57074db3-fd04-44ab-8778-6bfa08e46d01	NR_119102.1	84.746	590	44	36	1	565	571	3	5.80e-157	553
57074db3-fd04-44ab-8778-6bfa08e46d01	NR_029286.1	84.211	589	49	35	1	565	596	28	7.56e-151	532
250167b7-3d28-4293-8e8a-eaeb9023157d	NR_104718.1	91.623	382	19	11	3	375	933	1310	4.91e-146	516
250167b7-3d28-4293-8e8a-eaeb9023157d	NR_178251.1	91.099	382	21	11	3	375	941	1318	1.06e-142	505
250167b7-3d28-4293-8e8a-eaeb9023157d	NR_178706.1	91.099	382	21	11	3	375	904	1281	1.06e-142	505
250167b7-3d28-4293-8e8a-eaeb9023157d	NR_170451.1	90.838	382	22	11	3	375	912	1289	4.94e-141	499
250167b7-3d28-4293-8e8a-eaeb9023157d	NR_026025.1	90.314	382	24	11	3	375	942	1319	1.07e-137	488
6d51be61-1cc9-4494-a8d5-07301f88c613	NR_024842.1	89.175	970	69	31	4	957	958	9	0.0	1179
6d51be61-1cc9-4494-a8d5-07301f88c613	NR_115241.1	89.293	962	69	30	4	950	943	1	0.0	1175
6d51be61-1cc9-4494-a8d5-07301f88c613	NR_115735.1	89.463	949	67	30	4	937	934	4	0.0	1168
6d51be61-1cc9-4494-a8d5-07301f88c613	NR_178515.1	88.681	963	73	32	4	950	943	1	0.0	1142
6d51be61-1cc9-4494-a8d5-07301f88c613	NR_165737.1	88.474	963	75	32	4	950	943	1	0.0	1131
aa049063-2764-4ff0-ac59-e9e293caaeb0	NR_169405.1	91.984	499	29	10	1	494	1029	537	0.0	689
aa049063-2764-4ff0-ac59-e9e293caaeb0	NR_178251.1	91.968	498	30	9	1	494	1029	538	0.0	689
aa049063-2764-4ff0-ac59-e9e293caaeb0	NR_178706.1	91.968	498	30	9	1	494	992	501	0.0	689
aa049063-2764-4ff0-ac59-e9e293caaeb0	NR_104718.1	90.782	499	35	10	1	494	1021	529	0.0	656
aa049063-2764-4ff0-ac59-e9e293caaeb0	NR_042187.1	90.562	498	37	9	1	494	1000	509	0.0	651
ce8aa306-50b4-4102-8dd1-eced457db524	NR_044873.1	96.552	174	3	3	1	171	1445	1272	6.62e-77	285
ce8aa306-50b4-4102-8dd1-eced457db524	NR_165019.1	95.376	173	6	2	1	171	1429	1257	1.43e-73	274
ce8aa306-50b4-4102-8dd1-eced457db524	NR_036980.1	95.349	172	7	1	1	171	1434	1263	5.15e-73	272
ce8aa306-50b4-4102-8dd1-eced457db524	NR_042334.1	95.349	172	7	1	1	171	1449	1278	5.15e-73	272
ce8aa306-50b4-4102-8dd1-eced457db524	NR_042414.1	95.349	172	7	1	1	171	1442	1271	5.15e-73	272
f0d28d87-f4df-40ea-97a0-be71df984786	NR_116168.1	93.742	831	23	19	3	809	1449	624	0.0	1219
f0d28d87-f4df-40ea-97a0-be71df984786	NR_118762.1	92.410	830	35	18	3	809	1451	627	0.0	1179
f0d28d87-f4df-40ea-97a0-be71df984786	NR_025423.1	91.975	810	34	20	5	790	1431	629	0.0	1107
f0d28d87-f4df-40ea-97a0-be71df984786	NR_024897.1	91.882	813	33	23	3	790	1448	644	0.0	1105
f0d28d87-f4df-40ea-97a0-be71df984786	NR_042878.1	93.333	765	22	19	69	809	1362	603	0.0	1105
1d5ed1e0-a839-488c-8830-37a148b5d6b2	NR_044873.1	94.645	1438	47	25	3	1426	21	1442	0.0	2202
1d5ed1e0-a839-488c-8830-37a148b5d6b2	NR_074568.1	92.967	1436	72	22	3	1426	32	1450	0.0	2065
1d5ed1e0-a839-488c-8830-37a148b5d6b2	NR_044712.2	92.688	1436	76	22	3	1426	41	1459	0.0	2052
1d5ed1e0-a839-488c-8830-37a148b5d6b2	NR_025310.1	92.217	1439	79	26	3	1426	12	1432	0.0	2006
1d5ed1e0-a839-488c-8830-37a148b5d6b2	NR_178360.1	92.061	1436	82	26	6	1426	1	1419	0.0	1991
65a8e1d4-a30a-4e2b-b912-69019b125e9e	NR_116168.1	86.850	1057	96	37	8	1039	1202	164	0.0	1142
65a8e1d4-a30a-4e2b-b912-69019b125e9e	NR_042878.1	86.660	1057	98	38	8	1039	1181	143	0.0	1136
65a8e1d4-a30a-4e2b-b912-69019b125e9e	NR_118762.1	85.133	1056	115	37	8	1039	1204	167	0.0	1077
65a8e1d4-a30a-4e2b-b912-69019b125e9e	NR_118143.1	85.620	1057	109	38	8	1039	1183	145	0.0	1072
65a8e1d4-a30a-4e2b-b912-69019b125e9e	NR_025423.1	85.364	1059	108	41	8	1039	1186	148	0.0	1053
035251b1-b8a1-4cf0-b1d5-8f903646c655	NR_042928.1	95.933	1254	25	20	6	1244	1243	1	0.0	2010
035251b1-b8a1-4cf0-b1d5-8f903646c655	NR_117719.1	95.483	1262	31	20	6	1252	1263	13	0.0	1991
035251b1-b8a1-4cf0-b1d5-8f903646c655	NR_112026.1	95.958	1237	23	21	6	1227	1225	1	0.0	1984
035251b1-b8a1-4cf0-b1d5-8f903646c655	NR_199547.1	96.101	1231	23	19	6	1221	1223	3	0.0	1984
035251b1-b8a1-4cf0-b1d5-8f903646c655	NR_175455.1	95.317	1260	33	20	6	1250	1251	3	0.0	1977
486a7846-a1a3-424f-8d56-9acf7c44f875	NR_042928.1	93.717	191	8	4	1	191	187	1	4.37e-76	283
486a7846-a1a3-424f-8d56-9acf7c44f875	NR_165747.1	93.194	191	9	4	1	191	187	1	2.03e-74	278
486a7846-a1a3-424f-8d56-9acf7c44f875	NR_117719.1	91.878	197	12	4	1	197	207	15	9.46e-73	272
486a7846-a1a3-424f-8d56-9acf7c44f875	NR_175455.1	91.371	197	13	4	1	197	195	3	4.40e-71	267
486a7846-a1a3-424f-8d56-9acf7c44f875	NR_036936.1	92.021	188	13	2	4	191	186	1	1.58e-70	265
d666b942-9a21-4dc1-be7f-7b968e447c72	NR_025903.1	98.750	1200	10	5	13	1208	1218	20	0.0	2128
d666b942-9a21-4dc1-be7f-7b968e447c72	NR_133753.1	98.551	1173	12	5	13	1181	1172	1	0.0	2067
d666b942-9a21-4dc1-be7f-7b968e447c72	NR_026419.1	97.336	1201	26	6	13	1208	1206	7	0.0	2036
d666b942-9a21-4dc1-be7f-7b968e447c72	NR_025904.1	97.252	1201	26	7	13	1208	1217	19	0.0	2028
d666b942-9a21-4dc1-be7f-7b968e447c72	NR_133752.1	98.424	1142	13	5	13	1150	1143	3	0.0	2004
62321ea7-4320-438c-b1ef-c2dbd49cb10a	NR_114395.1	92.525	816	30	25	1	800	690	1490	0.0	1140
62321ea7-4320-438c-b1ef-c2dbd49cb10a	NR_179528.1	92.695	794	32	21	1	781	675	1455	0.0	1122
62321ea7-4320-438c-b1ef-c2dbd49cb10a	NR_179535.1	92.138	814	32	25	1	800	693	1488	0.0	1120
62321ea7-4320-438c-b1ef-c2dbd49cb10a	NR_041983.1	92.969	768	27	22	1	755	658	1411	0.0	1096
62321ea7-4320-438c-b1ef-c2dbd49cb10a	NR_119102.1	92.781	748	28	21	1	735	660	1394	0.0	1062
6573df00-6184-4d14-ac00-78d9c92866be	NR_042927.1	96.271	724	17	8	1	715	1200	478	0.0	1179
6573df00-6184-4d14-ac00-78d9c92866be	NR_114413.1	96.271	724	17	8	1	715	1223	501	0.0	1179
6573df00-6184-4d14-ac00-78d9c92866be	NR_115734.1	96.271	724	17	8	1	715	1201	479	0.0	1179
6573df00-6184-4d14-ac00-78d9c92866be	NR_116210.1	96.271	724	17	8	1	715	1063	341	0.0	1179
6573df00-6184-4d14-ac00-78d9c92866be	NR_179385.1	96.271	724	17	8	1	715	1222	500	0.0	1179
a9344015-987a-4081-a1dc-cb6574055d20	NR_025903.1	91.570	344	14	11	11	344	356	18	2.21e-129	460
a9344015-987a-4081-a1dc-cb6574055d20	NR_026419.1	89.213	343	25	10	11	344	344	5	1.35e-116	418
a9344015-987a-4081-a1dc-cb6574055d20	NR_025904.1	88.663	344	24	13	11	344	355	17	1.05e-112	405
a9344015-987a-4081-a1dc-cb6574055d20	NR_133753.1	90.159	315	16	11	11	315	310	1	6.33e-110	396
a9344015-987a-4081-a1dc-cb6574055d20	NR_036920.1	87.683	341	30	9	11	344	349	14	3.81e-107	387
96bc3c3c-4fbb-4a86-bc38-99951b418221	NR_136788.1	95.464	992	23	17	10	984	999	13	0.0	1563
96bc3c3c-4fbb-4a86-bc38-99951b418221	NR_113082.1	93.826	988	35	21	16	984	993	13	0.0	1463
96bc3c3c-4fbb-4a86-bc38-99951b418221	NR_026230.1	92.835	977	44	21	17	974	970	1	0.0	1411
96bc3c3c-4fbb-4a86-bc38-99951b418221	NR_113088.1	87.867	989	94	21	16	984	983	1	0.0	1138
96bc3c3c-4fbb-4a86-bc38-99951b418221	NR_025052.1	87.718	977	94	21	16	972	971	1	0.0	1116
328f683b-3f3f-4f45-bf84-24b0db9cc591	NR_116168.1	97.270	879	12	10	1	871	616	1490	0.0	1480
328f683b-3f3f-4f45-bf84-24b0db9cc591	NR_118762.1	95.747	870	24	10	1	862	619	1483	0.0	1410
328f683b-3f3f-4f45-bf84-24b0db9cc591	NR_025423.1	94.629	875	31	14	1	865	600	1468	0.0	1341
328f683b-3f3f-4f45-bf84-24b0db9cc591	NR_024897.1	94.444	882	31	16	1	871	615	1489	0.0	1341
328f683b-3f3f-4f45-bf84-24b0db9cc591	NR_024898.1	94.091	880	38	12	1	871	615	1489	0.0	1325
b139e046-f0a9-4735-84dd-6c36bf2cb6b0	NR_117694.1	97.023	739	5	10	1	730	1443	713	0.0	1227
b139e046-f0a9-4735-84dd-6c36bf2cb6b0	NR_117692.1	96.482	739	9	10	1	730	1443	713	0.0	1205
b139e046-f0a9-4735-84dd-6c36bf2cb6b0	NR_025892.1	96.346	739	10	10	1	730	1468	738	0.0	1203
b139e046-f0a9-4735-84dd-6c36bf2cb6b0	NR_043459.1	96.346	739	10	10	1	730	1467	737	0.0	1199
b139e046-f0a9-4735-84dd-6c36bf2cb6b0	NR_025902.1	96.211	739	11	10	1	730	1421	691	0.0	1194
20523b29-af10-4b8b-af0c-135a8bdc5b30	NR_025904.1	96.748	369	9	2	3	368	373	5	5.98e-175	612
20523b29-af10-4b8b-af0c-135a8bdc5b30	NR_025903.1	93.514	370	19	4	3	368	374	6	6.15e-155	545
20523b29-af10-4b8b-af0c-135a8bdc5b30	NR_026419.1	93.370	362	20	3	3	360	362	1	4.79e-151	532
20523b29-af10-4b8b-af0c-135a8bdc5b30	NR_036920.1	90.515	369	29	5	3	368	367	2	4.89e-136	483
20523b29-af10-4b8b-af0c-135a8bdc5b30	NR_133753.1	93.313	329	17	4	3	327	328	1	1.76e-135	481
de63e7b7-3d68-4584-a6c7-b239d6e2e92f	NR_115735.1	96.639	952	17	7	23	969	521	1462	0.0	1567
de63e7b7-3d68-4584-a6c7-b239d6e2e92f	NR_024842.1	96.534	952	18	7	23	969	545	1486	0.0	1563
de63e7b7-3d68-4584-a6c7-b239d6e2e92f	NR_165737.1	96.429	952	18	8	23	968	530	1471	0.0	1555
de63e7b7-3d68-4584-a6c7-b239d6e2e92f	NR_115241.1	96.320	951	20	7	23	968	530	1470	0.0	1554
de63e7b7-3d68-4584-a6c7-b239d6e2e92f	NR_036936.1	96.324	952	19	8	23	968	530	1471	0.0	1550
b03c6d35-97e0-429c-a198-f69e69444b3e	NR_116168.1	92.857	126	3	4	2	121	183	308	7.58e-45	178
b03c6d35-97e0-429c-a198-f69e69444b3e	NR_042878.1	92.800	125	3	4	3	121	163	287	2.73e-44	176
b03c6d35-97e0-429c-a198-f69e69444b3e	NR_118762.1	92.000	125	4	4	3	121	187	311	3.53e-43	172
b03c6d35-97e0-429c-a198-f69e69444b3e	NR_025423.1	89.764	127	7	4	1	121	166	292	9.88e-39	158
b03c6d35-97e0-429c-a198-f69e69444b3e	NR_042876.1	89.600	125	7	4	3	121	163	287	1.28e-37	154
4407f8e0-6e59-4965-a38e-dacb91d9dbfc	NR_113105.1	94.170	223	6	7	1	220	219	1	3.01e-91	333
4407f8e0-6e59-4965-a38e-dacb91d9dbfc	NR_044407.1	94.836	213	6	5	1	210	211	1	1.40e-89	327
4407f8e0-6e59-4965-a38e-dacb91d9dbfc	NR_102895.1	89.238	223	17	7	1	220	239	21	6.66e-73	272
4407f8e0-6e59-4965-a38e-dacb91d9dbfc	NR_113113.1	88.789	223	18	7	1	220	219	1	3.10e-71	267
4407f8e0-6e59-4965-a38e-dacb91d9dbfc	NR_042843.1	89.202	213	18	5	1	210	211	1	4.01e-70	263
40caac5a-6941-4289-a4b9-528990519485	NR_115241.1	95.902	244	9	1	1	243	304	61	1.51e-109	394
40caac5a-6941-4289-a4b9-528990519485	NR_024842.1	95.492	244	10	1	1	243	319	76	1.95e-108	390
40caac5a-6941-4289-a4b9-528990519485	NR_115735.1	95.510	245	9	2	1	243	295	51	1.95e-108	390
40caac5a-6941-4289-a4b9-528990519485	NR_117425.1	96.218	238	8	1	1	237	307	70	7.00e-108	388
40caac5a-6941-4289-a4b9-528990519485	NR_165737.1	94.694	245	10	3	1	243	304	61	1.52e-104	377
cd1bf40b-6d17-4562-81b4-44604d1c1e5e	NR_044873.1	96.689	151	3	2	1	150	647	498	2.01e-66	250
cd1bf40b-6d17-4562-81b4-44604d1c1e5e	NR_109752.1	94.702	151	5	3	1	150	668	520	7.27e-61	231
cd1bf40b-6d17-4562-81b4-44604d1c1e5e	NR_178360.1	94.702	151	5	3	1	150	624	476	7.27e-61	231
cd1bf40b-6d17-4562-81b4-44604d1c1e5e	NR_151938.1	93.377	151	8	2	1	150	642	493	4.37e-58	222
cd1bf40b-6d17-4562-81b4-44604d1c1e5e	NR_025310.1	93.377	151	7	3	1	150	637	489	1.57e-57	220
73932c30-ef9d-450c-a082-d12c372734c0	NR_041879.1	93.396	106	6	1	1	105	487	592	2.92e-38	156
73932c30-ef9d-450c-a082-d12c372734c0	NR_115355.1	93.396	106	6	1	1	105	530	635	2.92e-38	156
73932c30-ef9d-450c-a082-d12c372734c0	NR_119169.1	93.396	106	6	1	1	105	535	640	2.92e-38	156
73932c30-ef9d-450c-a082-d12c372734c0	NR_163639.1	93.396	106	6	1	1	105	546	651	2.92e-38	156
73932c30-ef9d-450c-a082-d12c372734c0	NR_179325.1	93.396	106	6	1	1	105	504	609	2.92e-38	156
0a685039-3249-4c40-a1df-f762545c039d	NR_113570.1	93.852	244	6	6	1	238	1146	906	5.47e-99	359
0a685039-3249-4c40-a1df-f762545c039d	NR_044091.1	93.469	245	6	7	1	238	1054	813	7.07e-98	355
0a685039-3249-4c40-a1df-f762545c039d	NR_025762.1	93.443	244	7	6	1	238	1117	877	2.54e-97	353
0a685039-3249-4c40-a1df-f762545c039d	NR_115355.1	93.443	244	7	6	1	238	1139	899	2.54e-97	353
0a685039-3249-4c40-a1df-f762545c039d	NR_163639.1	93.443	244	6	7	1	238	1154	915	2.54e-97	353
0f529abf-9d92-4339-8930-be1e22708dc9	NR_025521.1	94.828	116	2	2	1	112	1468	1353	6.76e-45	178
0f529abf-9d92-4339-8930-be1e22708dc9	NR_144691.1	94.828	116	2	2	1	112	1484	1369	6.76e-45	178
0f529abf-9d92-4339-8930-be1e22708dc9	NR_026097.1	93.966	116	2	3	1	112	1455	1341	3.14e-43	172
0f529abf-9d92-4339-8930-be1e22708dc9	NR_114395.1	93.966	116	3	2	1	112	1471	1356	3.14e-43	172
0f529abf-9d92-4339-8930-be1e22708dc9	NR_179428.1	93.966	116	3	2	1	112	1482	1367	3.14e-43	172
d8a4f038-0d56-4302-b402-f354712cf3ce	NR_074980.1	100.000	151	0	0	1	151	163	13	2.58e-75	279
d8a4f038-0d56-4302-b402-f354712cf3ce	NR_113031.1	100.000	151	0	0	1	151	163	13	2.58e-75	279
d8a4f038-0d56-4302-b402-f354712cf3ce	NR_163639.1	100.000	151	0	0	1	151	155	5	2.58e-75	279
d8a4f038-0d56-4302-b402-f354712cf3ce	NR_119168.1	100.000	141	0	0	1	141	141	1	9.34e-70	261
d8a4f038-0d56-4302-b402-f354712cf3ce	NR_119169.1	100.000	141	0	0	1	141	141	1	9.34e-70	261
50d87bb1-be9c-4a01-9958-4c8888a2fc0d	NR_024842.1	96.324	136	5	0	1	136	1408	1273	1.07e-58	224
50d87bb1-be9c-4a01-9958-4c8888a2fc0d	NR_036936.1	96.324	136	5	0	1	136	1393	1258	1.07e-58	224
50d87bb1-be9c-4a01-9958-4c8888a2fc0d	NR_025453.1	96.324	136	5	0	1	136	1393	1258	1.07e-58	224
50d87bb1-be9c-4a01-9958-4c8888a2fc0d	NR_028664.1	96.324	136	5	0	1	136	1414	1279	1.07e-58	224
50d87bb1-be9c-4a01-9958-4c8888a2fc0d	NR_028665.1	96.324	136	5	0	1	136	1408	1273	1.07e-58	224
909d948c-f13b-43a9-8cab-c4737bb03138	NR_114395.1	98.558	208	1	2	1	207	1426	1220	2.74e-101	366
909d948c-f13b-43a9-8cab-c4737bb03138	NR_179528.1	98.558	208	1	2	1	207	1411	1205	2.74e-101	366
909d948c-f13b-43a9-8cab-c4737bb03138	NR_041983.1	98.077	208	2	2	1	207	1394	1188	3.55e-100	363
909d948c-f13b-43a9-8cab-c4737bb03138	NR_029286.1	97.596	208	3	2	1	207	1421	1215	5.94e-98	355
909d948c-f13b-43a9-8cab-c4737bb03138	NR_179535.1	97.596	208	3	2	1	207	1429	1223	5.94e-98	355
7ee063f5-3713-4a66-93b8-4af79cba8a1d	NR_025046.1	84.404	109	5	7	13	119	1378	1476	2.23e-20	97.1
7ee063f5-3713-4a66-93b8-4af79cba8a1d	NR_043332.1	84.112	107	9	4	13	119	1382	1480	2.23e-20	97.1
7ee063f5-3713-4a66-93b8-4af79cba8a1d	NR_074980.1	84.112	107	9	4	13	119	1409	1507	2.23e-20	97.1
7ee063f5-3713-4a66-93b8-4af79cba8a1d	NR_113031.1	84.112	107	9	4	13	119	1409	1507	2.23e-20	97.1
7ee063f5-3713-4a66-93b8-4af79cba8a1d	NR_113376.1	84.404	109	5	7	13	119	1409	1507	2.23e-20	97.1
23016740-cefc-444b-a9db-ee11afde0e60	NR_178363.1	88.664	247	14	11	2	236	907	1151	7.08e-78	289
23016740-cefc-444b-a9db-ee11afde0e60	NR_041807.1	87.854	247	16	11	2	236	933	1177	1.53e-74	278
23016740-cefc-444b-a9db-ee11afde0e60	NR_113141.1	87.854	247	16	11	2	236	927	1171	1.53e-74	278
23016740-cefc-444b-a9db-ee11afde0e60	NR_117288.1	87.854	247	16	11	2	236	907	1151	1.53e-74	278
23016740-cefc-444b-a9db-ee11afde0e60	NR_117292.1	87.854	247	16	11	2	236	907	1151	1.53e-74	278
f763b9aa-f030-4985-bf55-acdcda7af53b	NR_024842.1	84.615	78	5	5	1	74	82	8	7.08e-13	71.3
f763b9aa-f030-4985-bf55-acdcda7af53b	NR_024748.1	97.561	41	1	0	36	76	45	5	7.08e-13	71.3
f763b9aa-f030-4985-bf55-acdcda7af53b	NR_025485.1	97.561	41	1	0	36	76	45	5	7.08e-13	71.3
f763b9aa-f030-4985-bf55-acdcda7af53b	NR_164620.1	97.561	41	1	0	36	76	51	11	7.08e-13	71.3
f763b9aa-f030-4985-bf55-acdcda7af53b	NR_115868.1	97.561	41	1	0	36	76	51	11	7.08e-13	71.3
672270cf-04ae-43d2-92b2-8e4b8ac517ee	NR_025903.1	96.078	306	4	4	1	303	306	6	6.62e-139	492
672270cf-04ae-43d2-92b2-8e4b8ac517ee	NR_025904.1	92.182	307	14	6	1	303	305	5	6.81e-119	425
672270cf-04ae-43d2-92b2-8e4b8ac517ee	NR_133753.1	95.472	265	4	4	1	262	260	1	4.10e-116	416
672270cf-04ae-43d2-92b2-8e4b8ac517ee	NR_026419.1	92.308	299	14	5	1	295	294	1	4.10e-116	416
672270cf-04ae-43d2-92b2-8e4b8ac517ee	NR_036920.1	89.508	305	24	4	1	303	300	2	5.38e-105	379
b04fcb1a-6f80-45ad-bfe4-999f24222fb5	NR_042928.1	91.367	139	11	1	1	138	204	66	3.99e-48	189
b04fcb1a-6f80-45ad-bfe4-999f24222fb5	NR_112026.1	91.367	139	11	1	1	138	187	49	3.99e-48	189
b04fcb1a-6f80-45ad-bfe4-999f24222fb5	NR_114537.1	91.367	139	11	1	1	138	193	55	3.99e-48	189
b04fcb1a-6f80-45ad-bfe4-999f24222fb5	NR_165747.1	91.367	139	11	1	1	138	204	66	3.99e-48	189
b04fcb1a-6f80-45ad-bfe4-999f24222fb5	NR_199547.1	91.367	139	11	1	1	138	184	46	3.99e-48	189
774aa0b8-31d8-4648-8e64-448a9b553b12	NR_041880.1	93.333	165	7	4	1	161	164	328	1.33e-63	241
774aa0b8-31d8-4648-8e64-448a9b553b12	NR_025762.1	93.333	165	7	4	1	161	186	350	1.33e-63	241
774aa0b8-31d8-4648-8e64-448a9b553b12	NR_041879.1	93.333	165	7	4	1	161	165	329	1.33e-63	241
774aa0b8-31d8-4648-8e64-448a9b553b12	NR_042940.1	93.333	165	7	4	1	161	120	284	1.33e-63	241
774aa0b8-31d8-4648-8e64-448a9b553b12	NR_043332.1	93.333	165	7	4	1	161	208	372	1.33e-63	241
92f6c9e1-861c-49f4-b42c-75fd2aad6479	NR_041722.2	95.413	109	3	2	1	107	1401	1509	3.07e-43	172
92f6c9e1-861c-49f4-b42c-75fd2aad6479	NR_028665.1	95.413	109	3	2	1	107	1381	1489	3.07e-43	172
92f6c9e1-861c-49f4-b42c-75fd2aad6479	NR_028736.1	95.413	109	3	2	1	107	1390	1498	3.07e-43	172
92f6c9e1-861c-49f4-b42c-75fd2aad6479	NR_041721.1	95.413	109	3	2	1	107	1389	1497	3.07e-43	172
92f6c9e1-861c-49f4-b42c-75fd2aad6479	NR_112704.1	95.413	109	3	2	1	107	1285	1393	3.07e-43	172
304efedc-e165-4de0-aa3d-e3190cf7ea79	NR_043332.1	99.091	110	1	0	2	111	31	140	5.24e-51	198
304efedc-e165-4de0-aa3d-e3190cf7ea79	NR_074980.1	99.091	110	1	0	2	111	58	167	5.24e-51	198
304efedc-e165-4de0-aa3d-e3190cf7ea79	NR_113031.1	99.091	110	1	0	2	111	58	167	5.24e-51	198
304efedc-e165-4de0-aa3d-e3190cf7ea79	NR_115354.1	99.091	110	1	0	2	111	31	140	5.24e-51	198
304efedc-e165-4de0-aa3d-e3190cf7ea79	NR_115355.1	99.091	110	1	0	2	111	31	140	5.24e-51	198
d9adbf5d-590e-44c4-8e3a-48da913264de	NR_121688.1	97.531	162	1	1	15	176	195	37	1.62e-73	274
d9adbf5d-590e-44c4-8e3a-48da913264de	NR_117717.1	96.914	162	2	1	15	176	196	38	7.53e-72	268
d9adbf5d-590e-44c4-8e3a-48da913264de	NR_117696.1	96.914	162	2	1	15	176	162	4	7.53e-72	268
d9adbf5d-590e-44c4-8e3a-48da913264de	NR_117701.1	96.914	162	2	1	15	176	175	17	7.53e-72	268
d9adbf5d-590e-44c4-8e3a-48da913264de	NR_118659.1	95.062	162	5	1	15	176	195	37	1.63e-68	257
3fb1baa6-c5d2-47db-bd21-4a5772ee1ba8	NR_044873.1	94.375	160	3	5	1	157	1309	1465	1.32e-63	241
3fb1baa6-c5d2-47db-bd21-4a5772ee1ba8	NR_178796.1	93.293	164	6	4	1	162	1317	1477	1.71e-62	237
3fb1baa6-c5d2-47db-bd21-4a5772ee1ba8	NR_178939.1	93.293	164	6	4	1	162	1318	1478	1.71e-62	237
3fb1baa6-c5d2-47db-bd21-4a5772ee1ba8	NR_074426.1	93.671	158	6	3	1	157	1308	1462	2.21e-61	233
3fb1baa6-c5d2-47db-bd21-4a5772ee1ba8	NR_043018.1	93.671	158	6	3	1	157	1292	1446	2.21e-61	233
a1e78b93-0670-4b20-88d8-7109f49b8e79	NR_114040.1	91.406	128	6	4	1	124	1338	1464	1.36e-42	171
a1e78b93-0670-4b20-88d8-7109f49b8e79	NR_025902.1	90.698	129	6	5	1	124	1315	1442	1.75e-41	167
a1e78b93-0670-4b20-88d8-7109f49b8e79	NR_028844.1	90.698	129	6	5	1	124	1346	1473	1.75e-41	167
a1e78b93-0670-4b20-88d8-7109f49b8e79	NR_040933.1	90.698	129	6	5	1	124	1359	1486	1.75e-41	167
a1e78b93-0670-4b20-88d8-7109f49b8e79	NR_114098.1	90.698	129	6	5	1	124	1335	1462	1.75e-41	167
e041aeb2-8980-440c-95c1-691121e0f63f	NR_041879.1	94.771	153	4	2	1	149	1347	1195	5.84e-62	235
e041aeb2-8980-440c-95c1-691121e0f63f	NR_115355.1	94.771	153	4	2	1	149	1389	1237	5.84e-62	235
e041aeb2-8980-440c-95c1-691121e0f63f	NR_163639.1	94.771	153	4	2	1	149	1404	1252	5.84e-62	235
e041aeb2-8980-440c-95c1-691121e0f63f	NR_179325.1	94.771	153	4	2	1	149	1363	1211	5.84e-62	235
e041aeb2-8980-440c-95c1-691121e0f63f	NR_119169.1	94.118	153	5	2	1	149	1394	1242	2.72e-60	230
118d47ce-b416-4812-96e0-99854d147da4	NR_117425.1	97.531	162	2	2	3	162	162	1	3.78e-74	276
118d47ce-b416-4812-96e0-99854d147da4	NR_179385.1	96.951	164	5	0	4	167	180	17	3.78e-74	276
118d47ce-b416-4812-96e0-99854d147da4	NR_199545.1	96.951	164	5	0	4	167	176	13	3.78e-74	276
118d47ce-b416-4812-96e0-99854d147da4	NR_118234.1	96.364	165	4	2	6	168	173	9	1.76e-72	270
118d47ce-b416-4812-96e0-99854d147da4	NR_165741.1	96.341	164	6	0	4	167	165	2	1.76e-72	270
04a61758-48fb-4399-b0f3-9175251e2fa8	NR_043604.1	93.082	159	5	1	1	153	159	1	1.03e-59	228
04a61758-48fb-4399-b0f3-9175251e2fa8	NR_118512.1	93.082	159	5	1	1	153	159	1	1.03e-59	228
04a61758-48fb-4399-b0f3-9175251e2fa8	NR_028698.1	90.123	162	10	1	4	159	177	16	4.82e-53	206
04a61758-48fb-4399-b0f3-9175251e2fa8	NR_115710.1	91.026	156	8	1	4	153	156	1	4.82e-53	206
04a61758-48fb-4399-b0f3-9175251e2fa8	NR_043603.1	90.968	155	8	1	5	153	155	1	1.73e-52	204
1c3586a4-ef98-47c4-b50d-206e2d4295c7	NR_025904.1	96.296	162	2	4	1	159	165	5	2.78e-70	263
1c3586a4-ef98-47c4-b50d-206e2d4295c7	NR_025903.1	95.062	162	4	4	1	159	166	6	6.01e-67	252
1c3586a4-ef98-47c4-b50d-206e2d4295c7	NR_026419.1	96.104	154	2	4	1	151	153	1	7.78e-66	248
1c3586a4-ef98-47c4-b50d-206e2d4295c7	NR_036920.1	90.741	162	9	6	1	159	160	2	1.02e-54	211
1c3586a4-ef98-47c4-b50d-206e2d4295c7	NR_133753.1	98.333	120	1	1	1	119	120	1	3.67e-54	209
fb491dae-4af2-4aa3-864e-859ea11bff05	NR_117692.1	98.261	115	0	1	1	113	119	5	1.63e-51	200
fb491dae-4af2-4aa3-864e-859ea11bff05	NR_117694.1	98.261	115	0	2	1	113	119	5	1.63e-51	200
fb491dae-4af2-4aa3-864e-859ea11bff05	NR_025892.1	97.391	115	1	2	1	113	145	31	7.60e-50	195
fb491dae-4af2-4aa3-864e-859ea11bff05	NR_121687.1	96.522	115	2	2	1	113	139	25	3.54e-48	189
fb491dae-4af2-4aa3-864e-859ea11bff05	NR_043459.1	95.690	116	2	2	1	113	141	26	1.65e-46	183
92e69555-2f5e-464f-b56f-d3107a2d470a	NR_036936.1	93.548	217	7	6	4	214	1346	1131	2.91e-86	316
92e69555-2f5e-464f-b56f-d3107a2d470a	NR_025453.1	93.548	217	7	6	4	214	1346	1131	2.91e-86	316
92e69555-2f5e-464f-b56f-d3107a2d470a	NR_028666.1	93.548	217	7	6	4	214	1370	1155	2.91e-86	316
92e69555-2f5e-464f-b56f-d3107a2d470a	NR_028833.1	93.548	217	7	6	4	214	1373	1158	2.91e-86	316
92e69555-2f5e-464f-b56f-d3107a2d470a	NR_029052.1	93.548	217	7	6	4	214	1334	1119	2.91e-86	316
6f813742-0cd8-4b39-8b84-f72da3566cd2	NR_116168.1	92.923	325	14	7	1	317	1164	1487	1.53e-130	464
6f813742-0cd8-4b39-8b84-f72da3566cd2	NR_118762.1	92.790	319	14	7	1	311	1166	1483	3.30e-127	453
6f813742-0cd8-4b39-8b84-f72da3566cd2	NR_126284.1	91.195	318	19	7	3	312	1146	1462	2.59e-118	424
6f813742-0cd8-4b39-8b84-f72da3566cd2	NR_024897.1	90.491	326	20	9	1	317	1163	1486	3.35e-117	420
6f813742-0cd8-4b39-8b84-f72da3566cd2	NR_181418.1	90.491	326	20	9	1	317	1163	1486	3.35e-117	420
9d97fe2c-b5b8-445d-a12a-5775f3131059	NR_041879.1	98.246	114	2	0	1	114	1299	1186	1.52e-51	200
9d97fe2c-b5b8-445d-a12a-5775f3131059	NR_115355.1	98.246	114	2	0	1	114	1341	1228	1.52e-51	200
9d97fe2c-b5b8-445d-a12a-5775f3131059	NR_119169.1	98.246	114	2	0	1	114	1346	1233	1.52e-51	200
9d97fe2c-b5b8-445d-a12a-5775f3131059	NR_163639.1	98.246	114	2	0	1	114	1356	1243	1.52e-51	200
9d97fe2c-b5b8-445d-a12a-5775f3131059	NR_179325.1	98.246	114	2	0	1	114	1315	1202	1.52e-51	200
9040f141-c46c-4107-9c0d-a10bc4b97c97	NR_026419.1	98.374	123	2	0	1	123	117	239	1.61e-56	217
9040f141-c46c-4107-9c0d-a10bc4b97c97	NR_133753.1	91.870	123	9	1	1	123	84	205	1.27e-42	171
9040f141-c46c-4107-9c0d-a10bc4b97c97	NR_025903.1	91.870	123	9	1	1	123	130	251	1.27e-42	171
9040f141-c46c-4107-9c0d-a10bc4b97c97	NR_133752.1	91.057	123	10	1	1	123	55	176	5.90e-41	165
9040f141-c46c-4107-9c0d-a10bc4b97c97	NR_025904.1	90.244	123	11	1	1	123	129	250	2.75e-39	159
6f7be9e0-d788-4ee4-881c-68efaf93b4d3	NR_025435.1	98.643	221	2	1	1	220	1274	1494	1.77e-108	390
6f7be9e0-d788-4ee4-881c-68efaf93b4d3	NR_024842.1	97.727	220	5	0	1	220	1270	1489	3.83e-105	379
6f7be9e0-d788-4ee4-881c-68efaf93b4d3	NR_042052.1	97.727	220	5	0	1	220	1178	1397	3.83e-105	379
6f7be9e0-d788-4ee4-881c-68efaf93b4d3	NR_025689.1	97.727	220	5	0	1	220	1265	1484	3.83e-105	379
6f7be9e0-d788-4ee4-881c-68efaf93b4d3	NR_042776.1	97.727	220	5	0	1	220	1280	1499	3.83e-105	379
55b3f908-696b-4696-80e0-e0cbb00f43e8	NR_025903.1	95.376	173	4	3	1	169	178	6	4.88e-73	272
55b3f908-696b-4696-80e0-e0cbb00f43e8	NR_025904.1	94.152	171	6	3	3	169	175	5	1.37e-68	257
55b3f908-696b-4696-80e0-e0cbb00f43e8	NR_026419.1	94.444	162	5	3	4	161	162	1	2.96e-65	246
55b3f908-696b-4696-80e0-e0cbb00f43e8	NR_036920.1	90.058	171	15	2	1	169	172	2	1.79e-57	220
55b3f908-696b-4696-80e0-e0cbb00f43e8	NR_133753.1	95.455	132	3	2	1	129	132	1	1.40e-53	207
b3d68474-2089-4d1f-ac90-5abee61cc858	NR_042878.1	93.023	215	12	3	1	212	1071	857	1.35e-84	311
b3d68474-2089-4d1f-ac90-5abee61cc858	NR_116168.1	93.023	215	12	3	1	212	1092	878	1.35e-84	311
b3d68474-2089-4d1f-ac90-5abee61cc858	NR_025243.1	92.558	215	13	3	1	212	995	781	6.30e-83	305
b3d68474-2089-4d1f-ac90-5abee61cc858	NR_041980.1	92.558	215	13	3	1	212	1079	865	6.30e-83	305
b3d68474-2089-4d1f-ac90-5abee61cc858	NR_025794.1	92.558	215	13	3	1	212	1074	860	6.30e-83	305
ee6b3c6c-bf3a-46b5-9e47-290cf025c4ed	NR_024842.1	97.778	90	2	0	4	93	96	7	2.53e-38	156
ee6b3c6c-bf3a-46b5-9e47-290cf025c4ed	NR_114413.1	97.778	90	2	0	4	93	104	15	2.53e-38	156
ee6b3c6c-bf3a-46b5-9e47-290cf025c4ed	NR_199956.1	97.778	90	2	0	4	93	101	12	2.53e-38	156
ee6b3c6c-bf3a-46b5-9e47-290cf025c4ed	NR_199974.1	97.778	90	2	0	4	93	108	19	2.53e-38	156
ee6b3c6c-bf3a-46b5-9e47-290cf025c4ed	NR_152678.1	96.667	90	3	0	4	93	101	12	1.18e-36	150
9470ac4a-fef1-47d0-9702-b4302a6492bf	NR_179787.1	86.290	124	9	7	5	122	138	17	1.00e-29	128
9470ac4a-fef1-47d0-9702-b4302a6492bf	NR_133950.1	81.507	146	19	7	3	145	141	1	2.81e-25	113
9470ac4a-fef1-47d0-9702-b4302a6492bf	NR_159249.1	84.314	102	14	2	43	143	113	13	7.87e-21	99.0
9470ac4a-fef1-47d0-9702-b4302a6492bf	NR_159250.1	84.314	102	14	2	43	143	103	3	7.87e-21	99.0
9470ac4a-fef1-47d0-9702-b4302a6492bf	NR_178420.1	84.314	102	14	2	43	143	110	10	7.87e-21	99.0
929bf340-27d9-424b-aeeb-988e3adc6bdf	NR_028682.1	84.354	147	17	5	68	212	156	14	6.83e-33	139
929bf340-27d9-424b-aeeb-988e3adc6bdf	NR_025862.1	82.993	147	19	5	68	212	156	14	1.14e-30	132
929bf340-27d9-424b-aeeb-988e3adc6bdf	NR_024841.1	79.355	155	18	11	64	212	154	8	4.17e-20	97.1
929bf340-27d9-424b-aeeb-988e3adc6bdf	NR_036936.1	79.592	147	19	9	64	206	140	1	1.50e-19	95.3
929bf340-27d9-424b-aeeb-988e3adc6bdf	NR_025453.1	79.730	148	17	10	64	206	140	1	1.50e-19	95.3
4889e2b1-76a2-4264-a4a9-e4ba30ea0e5f	NR_024842.1	87.273	110	4	9	1	103	848	742	1.38e-26	117
4889e2b1-76a2-4264-a4a9-e4ba30ea0e5f	NR_036936.1	87.273	110	4	9	1	103	833	727	1.38e-26	117
4889e2b1-76a2-4264-a4a9-e4ba30ea0e5f	NR_026471.1	87.273	110	4	9	1	103	843	737	1.38e-26	117
4889e2b1-76a2-4264-a4a9-e4ba30ea0e5f	NR_028833.1	87.273	110	4	9	1	103	860	754	1.38e-26	117
4889e2b1-76a2-4264-a4a9-e4ba30ea0e5f	NR_029052.1	87.273	110	4	9	1	103	821	715	1.38e-26	117
ca10cb58-43c3-4947-8f26-49131840cc32	NR_165737.1	96.532	173	4	2	3	173	173	1	6.83e-77	285
ca10cb58-43c3-4947-8f26-49131840cc32	NR_178515.1	96.532	173	4	2	3	173	173	1	6.83e-77	285
ca10cb58-43c3-4947-8f26-49131840cc32	NR_199974.1	97.590	166	2	2	18	181	185	20	2.46e-76	283
ca10cb58-43c3-4947-8f26-49131840cc32	NR_114413.1	94.972	179	7	2	5	181	194	16	3.18e-75	279
ca10cb58-43c3-4947-8f26-49131840cc32	NR_199956.1	98.125	160	1	2	24	181	172	13	1.14e-74	278
9f0af850-3e54-444a-8eea-70719c953343	NR_179385.1	95.302	149	4	1	1	149	162	17	2.00e-61	233
9f0af850-3e54-444a-8eea-70719c953343	NR_199545.1	95.302	149	4	1	1	149	158	13	2.00e-61	233
9f0af850-3e54-444a-8eea-70719c953343	NR_117425.1	95.890	146	1	3	1	144	143	1	7.21e-61	231
9f0af850-3e54-444a-8eea-70719c953343	NR_197695.1	94.702	151	3	3	1	149	164	17	2.59e-60	230
9f0af850-3e54-444a-8eea-70719c953343	NR_042771.1	94.631	149	5	1	1	149	158	13	9.33e-60	228
0476738b-52bf-46c0-b35d-b37499604acf	NR_024842.1	92.118	203	9	4	5	204	206	8	3.66e-75	279
0476738b-52bf-46c0-b35d-b37499604acf	NR_115241.1	93.583	187	9	3	5	188	191	5	4.73e-74	276
0476738b-52bf-46c0-b35d-b37499604acf	NR_165737.1	93.085	188	8	5	5	188	191	5	2.20e-72	270
0476738b-52bf-46c0-b35d-b37499604acf	NR_115735.1	93.407	182	8	4	5	182	182	1	2.85e-71	267
0476738b-52bf-46c0-b35d-b37499604acf	NR_178515.1	92.593	189	9	5	4	188	192	5	2.85e-71	267
4c91be2c-e03f-4bda-876b-50044353dd05	NR_024842.1	90.449	178	4	8	1	167	1427	1252	4.99e-58	222
4c91be2c-e03f-4bda-876b-50044353dd05	NR_036936.1	90.449	178	4	8	1	167	1412	1237	4.99e-58	222
4c91be2c-e03f-4bda-876b-50044353dd05	NR_025453.1	90.449	178	4	8	1	167	1412	1237	4.99e-58	222
4c91be2c-e03f-4bda-876b-50044353dd05	NR_028666.1	90.449	178	4	8	1	167	1436	1261	4.99e-58	222
4c91be2c-e03f-4bda-876b-50044353dd05	NR_028833.1	90.449	178	4	8	1	167	1439	1264	4.99e-58	222
d26c2278-aac0-4ea0-9b14-47593e722dde	NR_178363.1	96.000	300	6	5	1	295	638	340	4.01e-136	483
d26c2278-aac0-4ea0-9b14-47593e722dde	NR_117839.1	95.973	298	6	5	1	293	666	370	5.19e-135	479
d26c2278-aac0-4ea0-9b14-47593e722dde	NR_117292.1	95.638	298	7	5	1	293	638	342	2.42e-133	473
d26c2278-aac0-4ea0-9b14-47593e722dde	NR_074412.1	95.017	301	9	5	1	296	714	415	1.12e-131	468
d26c2278-aac0-4ea0-9b14-47593e722dde	NR_113198.1	95.017	301	9	5	1	296	672	373	1.12e-131	468
f4a24da5-7b0f-4403-8bb8-c01862772c47	NR_115259.1	89.262	149	4	8	32	168	1429	1281	4.10e-44	176
f4a24da5-7b0f-4403-8bb8-c01862772c47	NR_115260.1	89.262	149	4	8	32	168	1453	1305	4.10e-44	176
f4a24da5-7b0f-4403-8bb8-c01862772c47	NR_146702.1	89.262	149	4	7	32	168	1430	1282	4.10e-44	176
e6953152-2f40-436c-96fe-fd6a2990eac8	NR_041879.1	93.333	120	4	2	5	122	1299	1182	9.71e-44	174
e6953152-2f40-436c-96fe-fd6a2990eac8	NR_115355.1	93.333	120	4	2	5	122	1341	1224	9.71e-44	174
e6953152-2f40-436c-96fe-fd6a2990eac8	NR_119169.1	93.333	120	4	2	5	122	1346	1229	9.71e-44	174
e6953152-2f40-436c-96fe-fd6a2990eac8	NR_163639.1	93.333	120	4	2	5	122	1356	1239	9.71e-44	174
e6953152-2f40-436c-96fe-fd6a2990eac8	NR_179325.1	93.333	120	4	2	5	122	1315	1198	9.71e-44	174
042fc690-d2c4-49ab-9bae-446c522b49ac	NR_041880.1	97.436	78	1	1	1	77	261	184	3.62e-31	132
042fc690-d2c4-49ab-9bae-446c522b49ac	NR_025762.1	97.436	78	1	1	1	77	283	206	3.62e-31	132
042fc690-d2c4-49ab-9bae-446c522b49ac	NR_028839.1	97.436	78	1	1	1	77	268	191	3.62e-31	132
042fc690-d2c4-49ab-9bae-446c522b49ac	NR_041879.1	97.436	78	1	1	1	77	262	185	3.62e-31	132
042fc690-d2c4-49ab-9bae-446c522b49ac	NR_042940.1	97.436	78	1	1	1	77	217	140	3.62e-31	132
e09a7062-d234-4f60-948a-bdda89714bfe	NR_024842.1	94.500	200	5	4	1	194	1044	845	2.03e-82	303
e09a7062-d234-4f60-948a-bdda89714bfe	NR_109720.1	94.500	200	5	4	1	194	1023	824	2.03e-82	303
e09a7062-d234-4f60-948a-bdda89714bfe	NR_115735.1	94.500	200	5	4	1	194	1020	821	2.03e-82	303
e09a7062-d234-4f60-948a-bdda89714bfe	NR_116211.1	94.500	200	5	4	1	194	952	753	2.03e-82	303
e09a7062-d234-4f60-948a-bdda89714bfe	NR_156072.1	94.500	200	5	4	1	194	1049	850	2.03e-82	303
99b4d3db-a4e6-4f87-b48e-788aa1e70eed	NR_024842.1	90.299	134	7	6	1	128	1408	1275	1.33e-42	171
99b4d3db-a4e6-4f87-b48e-788aa1e70eed	NR_036936.1	90.299	134	7	6	1	128	1393	1260	1.33e-42	171
99b4d3db-a4e6-4f87-b48e-788aa1e70eed	NR_025453.1	90.299	134	7	6	1	128	1393	1260	1.33e-42	171
99b4d3db-a4e6-4f87-b48e-788aa1e70eed	NR_028664.1	90.299	134	7	6	1	128	1414	1281	1.33e-42	171
99b4d3db-a4e6-4f87-b48e-788aa1e70eed	NR_028665.1	90.299	134	7	6	1	128	1408	1275	1.33e-42	171
bc6bd045-4070-4b4f-a494-79963c1c912b	NR_041880.1	96.137	233	4	4	1	232	359	131	5.33e-104	375
bc6bd045-4070-4b4f-a494-79963c1c912b	NR_041879.1	96.137	233	4	4	1	232	360	132	5.33e-104	375
bc6bd045-4070-4b4f-a494-79963c1c912b	NR_043332.1	96.137	233	4	4	1	232	403	175	5.33e-104	375
bc6bd045-4070-4b4f-a494-79963c1c912b	NR_074980.1	96.137	233	4	4	1	232	430	202	5.33e-104	375
bc6bd045-4070-4b4f-a494-79963c1c912b	NR_113031.1	96.137	233	4	4	1	232	430	202	5.33e-104	375
cedb68ea-1810-4097-b965-5d85301afcc2	NR_163639.1	88.415	164	9	7	14	172	162	4	5.16e-48	189
cedb68ea-1810-4097-b965-5d85301afcc2	NR_074980.1	88.344	163	9	7	14	171	170	13	1.86e-47	187
cedb68ea-1810-4097-b965-5d85301afcc2	NR_113031.1	88.344	163	9	7	14	171	170	13	1.86e-47	187
cedb68ea-1810-4097-b965-5d85301afcc2	NR_043332.1	90.345	145	7	4	14	153	143	1	2.40e-46	183
cedb68ea-1810-4097-b965-5d85301afcc2	NR_115354.1	90.345	145	7	4	14	153	143	1	2.40e-46	183
9bee3965-8c7c-4ac4-b2b5-b49e6c985064	NR_125570.1	96.535	202	5	2	2	202	1195	1395	2.78e-91	333
9bee3965-8c7c-4ac4-b2b5-b49e6c985064	NR_125571.1	95.025	201	9	1	2	202	1237	1436	1.01e-85	315
9bee3965-8c7c-4ac4-b2b5-b49e6c985064	NR_042832.1	91.707	205	9	5	2	200	1254	1456	1.32e-74	278
9bee3965-8c7c-4ac4-b2b5-b49e6c985064	NR_028827.1	90.686	204	13	3	2	200	1254	1456	2.86e-71	267
9bee3965-8c7c-4ac4-b2b5-b49e6c985064	NR_029097.1	96.855	159	5	0	2	160	1213	1371	2.86e-71	267
95338ce0-0dca-48b6-bcc6-cc074f36ca46	NR_199547.1	95.089	224	5	3	8	228	225	5	1.29e-95	348
95338ce0-0dca-48b6-bcc6-cc074f36ca46	NR_042928.1	94.643	224	5	5	8	228	245	26	2.15e-93	340
95338ce0-0dca-48b6-bcc6-cc074f36ca46	NR_112026.1	94.643	224	5	5	8	228	228	9	2.15e-93	340
95338ce0-0dca-48b6-bcc6-cc074f36ca46	NR_109720.1	94.196	224	8	2	8	228	241	20	2.78e-92	337
95338ce0-0dca-48b6-bcc6-cc074f36ca46	NR_114537.1	93.750	224	9	2	8	228	234	13	1.30e-90	331
3aa292ac-886a-4a48-904e-a8517602d369	NR_133752.1	95.276	127	2	4	1	124	1311	1186	5.94e-51	198
3aa292ac-886a-4a48-904e-a8517602d369	NR_133753.1	95.276	127	2	4	1	124	1340	1215	5.94e-51	198
3aa292ac-886a-4a48-904e-a8517602d369	NR_025903.1	95.276	127	2	4	1	124	1386	1261	5.94e-51	198
3aa292ac-886a-4a48-904e-a8517602d369	NR_026419.1	94.400	125	3	4	1	122	1374	1251	3.57e-48	189
3aa292ac-886a-4a48-904e-a8517602d369	NR_025904.1	92.913	127	5	4	1	124	1385	1260	5.98e-46	182
47d904c2-8d7f-463f-8bb6-6582bf115de2	NR_041879.1	96.476	227	6	2	1	226	439	214	1.81e-103	374
47d904c2-8d7f-463f-8bb6-6582bf115de2	NR_113570.1	96.476	227	6	2	1	226	489	264	1.81e-103	374
47d904c2-8d7f-463f-8bb6-6582bf115de2	NR_115355.1	96.476	227	6	2	1	226	482	257	1.81e-103	374
47d904c2-8d7f-463f-8bb6-6582bf115de2	NR_179325.1	96.476	227	6	2	1	226	456	231	1.81e-103	374
47d904c2-8d7f-463f-8bb6-6582bf115de2	NR_042940.1	96.035	227	7	2	1	226	394	169	8.42e-102	368
378e700d-d2d2-4c58-bd08-a965de6da880	NR_043604.1	92.913	254	5	6	2	243	1156	904	2.03e-98	357
378e700d-d2d2-4c58-bd08-a965de6da880	NR_118512.1	92.913	254	5	6	2	243	1156	904	2.03e-98	357
378e700d-d2d2-4c58-bd08-a965de6da880	NR_043603.1	91.732	254	8	6	2	243	1295	1043	2.04e-93	340
378e700d-d2d2-4c58-bd08-a965de6da880	NR_118513.1	91.732	254	8	6	2	243	1156	904	2.04e-93	340
378e700d-d2d2-4c58-bd08-a965de6da880	NR_043605.1	91.339	254	9	6	2	243	1157	905	9.51e-92	335
e223d93c-74b9-49ac-939d-d58648a1121a	NR_026419.1	95.977	174	3	4	1	170	181	8	3.22e-75	279
e223d93c-74b9-49ac-939d-d58648a1121a	NR_025904.1	92.222	180	9	5	9	183	184	5	2.52e-66	250
e223d93c-74b9-49ac-939d-d58648a1121a	NR_025903.1	91.005	189	11	6	1	183	194	6	2.52e-66	250
e223d93c-74b9-49ac-939d-d58648a1121a	NR_036920.1	89.444	180	14	5	8	183	180	2	5.50e-58	222
e223d93c-74b9-49ac-939d-d58648a1121a	NR_133753.1	92.568	148	7	4	1	144	148	1	4.28e-54	209
6d1ba80e-f2c6-45dc-859d-89653d003b96	NR_024842.1	94.479	163	2	5	1	157	1328	1489	9.99e-65	244
6d1ba80e-f2c6-45dc-859d-89653d003b96	NR_042052.1	94.479	163	2	5	1	157	1236	1397	9.99e-65	244
6d1ba80e-f2c6-45dc-859d-89653d003b96	NR_041722.2	94.479	163	2	6	1	157	1348	1509	9.99e-65	244
6d1ba80e-f2c6-45dc-859d-89653d003b96	NR_028665.1	94.479	163	2	6	1	157	1328	1489	9.99e-65	244
6d1ba80e-f2c6-45dc-859d-89653d003b96	NR_028736.1	94.479	163	2	6	1	157	1337	1498	9.99e-65	244
160dafb6-f33d-4b01-a7cd-07b4027373c3	NR_025862.1	95.946	74	3	0	1	74	210	137	7.19e-28	121
b04e0f0a-081b-4661-9b57-21ffc48cd690	NR_036936.1	94.152	171	2	7	1	164	1095	926	1.81e-67	254
b04e0f0a-081b-4661-9b57-21ffc48cd690	NR_152678.1	94.118	170	2	7	2	164	1114	946	6.49e-67	252
b04e0f0a-081b-4661-9b57-21ffc48cd690	NR_024841.1	93.567	171	3	7	1	164	1109	940	8.40e-66	248
b04e0f0a-081b-4661-9b57-21ffc48cd690	NR_028664.1	93.567	171	3	7	1	164	1116	947	8.40e-66	248
b04e0f0a-081b-4661-9b57-21ffc48cd690	NR_028665.1	93.567	171	3	7	1	164	1110	941	8.40e-66	248
20182836-818e-4d55-ada2-754b050044e0	NR_044873.1	95.122	246	6	6	1	242	848	605	3.39e-106	383
20182836-818e-4d55-ada2-754b050044e0	NR_074568.1	94.332	247	6	8	1	242	858	615	7.34e-103	372
20182836-818e-4d55-ada2-754b050044e0	NR_044712.2	94.332	247	6	8	1	242	867	624	7.34e-103	372
20182836-818e-4d55-ada2-754b050044e0	NR_043968.1	94.332	247	6	8	1	242	816	573	7.34e-103	372
20182836-818e-4d55-ada2-754b050044e0	NR_151938.1	94.309	246	8	6	1	242	843	600	7.34e-103	372
9df11b4f-fb8b-4a88-affd-f9efdcc79987	NR_036936.1	96.175	183	5	2	22	203	183	2	2.87e-81	300
9df11b4f-fb8b-4a88-affd-f9efdcc79987	NR_109720.1	97.191	178	4	1	22	199	177	1	2.87e-81	300
9df11b4f-fb8b-4a88-affd-f9efdcc79987	NR_114537.1	97.647	170	4	0	22	191	170	1	4.80e-79	292
9df11b4f-fb8b-4a88-affd-f9efdcc79987	NR_042928.1	92.574	202	10	4	1	200	204	6	8.03e-77	285
9df11b4f-fb8b-4a88-affd-f9efdcc79987	NR_199541.1	94.536	183	5	4	1	181	182	3	1.34e-74	278
c33f5d48-2d73-48e6-a819-29d3d9c88f54	NR_117719.1	88.235	153	7	9	5	151	175	28	4.89e-43	172
c33f5d48-2d73-48e6-a819-29d3d9c88f54	NR_175455.1	88.235	153	7	9	5	151	163	16	4.89e-43	172
c33f5d48-2d73-48e6-a819-29d3d9c88f54	NR_179383.1	88.235	153	7	9	5	151	182	35	4.89e-43	172
c33f5d48-2d73-48e6-a819-29d3d9c88f54	NR_179540.1	88.158	152	7	9	6	151	174	28	1.76e-42	171
c33f5d48-2d73-48e6-a819-29d3d9c88f54	NR_028665.1	88.000	150	7	9	8	151	169	25	2.27e-41	167
