462077fd-c710-4b02-b24e-e0a815fbabd1	NR_025862.1	95.563	586	12	9	1	576	592	11	0.0	933
462077fd-c710-4b02-b24e-e0a815fbabd1	NR_028682.1	92.821	585	21	17	4	574	590	13	0.0	828
462077fd-c710-4b02-b24e-e0a815fbabd1	NR_026454.1	90.193	571	36	17	1	553	569	1	0.0	726
462077fd-c710-4b02-b24e-e0a815fbabd1	NR_025863.1	87.310	591	50	20	4	576	594	11	0.0	656
462077fd-c710-4b02-b24e-e0a815fbabd1	NR_180911.1	87.394	587	51	20	4	574	580	1	0.0	652
a7c1b798-0485-49a9-977c-08ffe8c79d32	NR_179540.1	96.962	790	16	7	1	784	705	1492	0.0	1319
a7c1b798-0485-49a9-977c-08ffe8c79d32	NR_117719.1	96.587	791	18	8	1	784	705	1493	0.0	1303
a7c1b798-0485-49a9-977c-08ffe8c79d32	NR_042928.1	96.692	786	18	7	1	780	685	1468	0.0	1301
a7c1b798-0485-49a9-977c-08ffe8c79d32	NR_179383.1	96.460	791	19	8	1	784	712	1500	0.0	1297
a7c1b798-0485-49a9-977c-08ffe8c79d32	NR_175455.1	96.338	792	19	9	1	784	693	1482	0.0	1293
879ed4ee-9735-4917-908a-e5b3a2599353	NR_025863.1	95.321	1154	31	20	1	1143	1161	20	0.0	1820
879ed4ee-9735-4917-908a-e5b3a2599353	NR_025862.1	88.687	1158	89	38	4	1143	1153	20	0.0	1384
879ed4ee-9735-4917-908a-e5b3a2599353	NR_028682.1	88.783	1159	87	37	4	1143	1154	20	0.0	1380
879ed4ee-9735-4917-908a-e5b3a2599353	NR_179652.1	88.525	1159	95	34	1	1143	1160	24	0.0	1369
879ed4ee-9735-4917-908a-e5b3a2599353	NR_026454.1	88.405	1147	98	31	4	1132	1130	1	0.0	1349
db4f89f7-380f-4adb-b43f-c7ad2cbb1011	NR_116168.1	94.363	958	29	16	1	944	37	983	0.0	1447
db4f89f7-380f-4adb-b43f-c7ad2cbb1011	NR_042878.1	93.841	958	34	16	1	944	16	962	0.0	1430
db4f89f7-380f-4adb-b43f-c7ad2cbb1011	NR_118762.1	91.962	958	51	17	1	944	40	985	0.0	1356
db4f89f7-380f-4adb-b43f-c7ad2cbb1011	NR_118143.1	92.188	960	48	17	1	944	16	964	0.0	1334
db4f89f7-380f-4adb-b43f-c7ad2cbb1011	NR_025423.1	91.675	961	51	18	1	944	19	967	0.0	1304
84ed16f9-0e2a-41b8-af65-198b332bea77	NR_117694.1	95.756	966	20	17	2	954	1115	158	0.0	1537
84ed16f9-0e2a-41b8-af65-198b332bea77	NR_041989.1	94.726	967	28	19	2	954	1073	116	0.0	1482
84ed16f9-0e2a-41b8-af65-198b332bea77	NR_121687.1	94.606	964	31	17	2	952	1135	180	0.0	1472
84ed16f9-0e2a-41b8-af65-198b332bea77	NR_117692.1	94.203	966	35	17	2	954	1115	158	0.0	1454
84ed16f9-0e2a-41b8-af65-198b332bea77	NR_025892.1	93.582	966	40	17	2	954	1140	184	0.0	1447
4f594900-866d-4be3-bf90-0248194f6565	NR_125571.1	91.845	932	43	23	1	907	1169	246	0.0	1269
4f594900-866d-4be3-bf90-0248194f6565	NR_125570.1	91.416	932	47	23	1	907	1127	204	0.0	1247
4f594900-866d-4be3-bf90-0248194f6565	NR_029097.1	90.890	933	50	25	1	907	1145	222	0.0	1219
4f594900-866d-4be3-bf90-0248194f6565	NR_144735.1	86.975	929	85	27	6	907	1200	281	0.0	1013
4f594900-866d-4be3-bf90-0248194f6565	NR_117140.1	86.882	930	84	30	6	907	1198	279	0.0	1007
5b2bf3db-bfe0-4b16-9a34-8d328181c615	NR_136788.1	98.652	371	3	2	1	371	1083	1451	0.0	656
5b2bf3db-bfe0-4b16-9a34-8d328181c615	NR_026230.1	96.496	371	11	2	1	371	1061	1429	6.02e-175	612
5b2bf3db-bfe0-4b16-9a34-8d328181c615	NR_113082.1	96.496	371	11	2	1	371	1083	1451	6.02e-175	612
5b2bf3db-bfe0-4b16-9a34-8d328181c615	NR_136443.1	92.000	375	20	8	1	371	1045	1413	1.35e-146	518
5b2bf3db-bfe0-4b16-9a34-8d328181c615	NR_109439.1	91.105	371	31	2	1	371	1080	1448	1.36e-141	501
1d863d50-355b-46d9-bf5b-3cda588b35dc	NR_115354.1	98.235	793	5	9	4	790	696	1485	0.0	1380
1d863d50-355b-46d9-bf5b-3cda588b35dc	NR_044153.1	97.982	793	7	9	4	790	696	1485	0.0	1369
1d863d50-355b-46d9-bf5b-3cda588b35dc	NR_119170.1	97.856	793	8	9	4	790	701	1490	0.0	1367
1d863d50-355b-46d9-bf5b-3cda588b35dc	NR_179325.1	97.982	793	7	9	4	790	670	1459	0.0	1367
1d863d50-355b-46d9-bf5b-3cda588b35dc	NR_074980.1	97.856	793	8	9	4	790	723	1512	0.0	1362
3b615a50-5833-4f02-846a-e0340c3f7add	NR_199547.1	97.489	1354	24	10	1	1348	42	1391	0.0	2303
3b615a50-5833-4f02-846a-e0340c3f7add	NR_042928.1	97.415	1354	25	10	1	1348	62	1411	0.0	2298
3b615a50-5833-4f02-846a-e0340c3f7add	NR_199541.1	97.120	1354	29	10	1	1348	40	1389	0.0	2276
3b615a50-5833-4f02-846a-e0340c3f7add	NR_116206.1	97.447	1332	25	9	16	1341	1	1329	0.0	2266
3b615a50-5833-4f02-846a-e0340c3f7add	NR_117719.1	96.898	1354	32	10	1	1348	82	1431	0.0	2259
4de2f659-a371-473b-99c7-6e86d7e91abb	NR_026419.1	92.756	1339	56	33	4	1318	1322	1	0.0	1897
4de2f659-a371-473b-99c7-6e86d7e91abb	NR_025903.1	91.605	1346	73	33	4	1326	1334	6	0.0	1823
4de2f659-a371-473b-99c7-6e86d7e91abb	NR_025904.1	91.172	1348	75	36	4	1326	1333	5	0.0	1790
4de2f659-a371-473b-99c7-6e86d7e91abb	NR_133753.1	91.494	1305	71	33	4	1285	1288	1	0.0	1759
4de2f659-a371-473b-99c7-6e86d7e91abb	NR_133752.1	91.066	1276	74	33	4	1256	1259	1	0.0	1688
c51a9588-ea47-48a6-91c0-331cb2aa6b58	NR_042928.1	98.077	780	10	5	27	804	777	1	0.0	1352
c51a9588-ea47-48a6-91c0-331cb2aa6b58	NR_165747.1	97.564	780	14	5	27	804	777	1	0.0	1330
c51a9588-ea47-48a6-91c0-331cb2aa6b58	NR_199547.1	98.543	755	8	3	27	780	757	5	0.0	1330
c51a9588-ea47-48a6-91c0-331cb2aa6b58	NR_117719.1	97.078	787	17	6	27	810	797	14	0.0	1321
c51a9588-ea47-48a6-91c0-331cb2aa6b58	NR_112026.1	97.903	763	11	5	27	788	759	1	0.0	1317
4456efe1-0d8f-487b-beec-8dc109a2618b	NR_044873.1	96.368	826	19	7	1	819	454	1275	0.0	1349
4456efe1-0d8f-487b-beec-8dc109a2618b	NR_074568.1	95.157	826	28	8	1	819	465	1285	0.0	1293
4456efe1-0d8f-487b-beec-8dc109a2618b	NR_044712.2	94.915	826	30	8	1	819	474	1294	0.0	1286
4456efe1-0d8f-487b-beec-8dc109a2618b	NR_109752.1	94.915	826	30	8	1	819	476	1296	0.0	1282
4456efe1-0d8f-487b-beec-8dc109a2618b	NR_178360.1	94.915	826	30	8	1	819	432	1252	0.0	1282
5aca5515-51d4-4f3c-b914-0b614fbb97e9	NR_025903.1	94.245	695	17	17	1	685	687	6	0.0	1040
5aca5515-51d4-4f3c-b914-0b614fbb97e9	NR_133753.1	94.599	648	15	14	1	639	641	5	0.0	985
5aca5515-51d4-4f3c-b914-0b614fbb97e9	NR_026419.1	92.878	688	25	18	1	677	675	1	0.0	977
5aca5515-51d4-4f3c-b914-0b614fbb97e9	NR_025904.1	92.253	697	27	21	1	685	686	5	0.0	963
5aca5515-51d4-4f3c-b914-0b614fbb97e9	NR_133752.1	93.900	623	18	14	1	614	612	1	0.0	922
6adf489e-7e93-49f5-bbb5-432a2bd25ffc	NR_025904.1	93.896	557	16	12	5	545	609	55	0.0	824
6adf489e-7e93-49f5-bbb5-432a2bd25ffc	NR_133753.1	91.413	559	26	16	5	545	564	10	0.0	747
6adf489e-7e93-49f5-bbb5-432a2bd25ffc	NR_025903.1	91.055	559	28	16	5	545	610	56	0.0	736
6adf489e-7e93-49f5-bbb5-432a2bd25ffc	NR_026419.1	90.925	562	24	19	5	545	598	43	0.0	730
6adf489e-7e93-49f5-bbb5-432a2bd25ffc	NR_133752.1	91.466	539	25	15	5	526	535	1	0.0	721
ea249af7-2fbf-485a-bc60-1ee471acac02	NR_028664.1	91.061	660	29	24	3	646	851	1496	0.0	865
ea249af7-2fbf-485a-bc60-1ee471acac02	NR_117719.1	90.909	660	30	24	3	646	848	1493	0.0	859
ea249af7-2fbf-485a-bc60-1ee471acac02	NR_024842.1	90.992	655	31	22	7	646	848	1489	0.0	857
ea249af7-2fbf-485a-bc60-1ee471acac02	NR_028666.1	90.000	660	36	24	3	646	854	1499	0.0	826
ea249af7-2fbf-485a-bc60-1ee471acac02	NR_178262.1	89.939	656	37	23	7	646	727	1369	0.0	819
8cff5c60-1180-49ea-a08d-0b5a78008d5d	NR_044873.1	97.455	550	10	4	1	547	917	1465	0.0	935
8cff5c60-1180-49ea-a08d-0b5a78008d5d	NR_074568.1	95.841	553	19	4	1	551	927	1477	0.0	891
8cff5c60-1180-49ea-a08d-0b5a78008d5d	NR_025310.1	95.135	555	21	6	1	551	907	1459	0.0	870
8cff5c60-1180-49ea-a08d-0b5a78008d5d	NR_109752.1	95.126	554	23	4	1	551	938	1490	0.0	870
8cff5c60-1180-49ea-a08d-0b5a78008d5d	NR_044712.2	95.387	542	21	4	1	540	936	1475	0.0	865
5165b2bb-e4e3-4fb4-96ae-1f990b7f2ea4	NR_116168.1	92.405	395	13	14	1	384	402	14	1.80e-155	547
5165b2bb-e4e3-4fb4-96ae-1f990b7f2ea4	NR_042878.1	91.731	387	15	14	1	376	381	1	1.81e-150	531
5165b2bb-e4e3-4fb4-96ae-1f990b7f2ea4	NR_118762.1	89.673	397	24	14	1	386	405	15	8.47e-144	508
5165b2bb-e4e3-4fb4-96ae-1f990b7f2ea4	NR_025423.1	90.051	392	20	16	1	379	386	1	3.07e-138	490
5165b2bb-e4e3-4fb4-96ae-1f990b7f2ea4	NR_116167.1	88.917	397	23	17	1	384	402	14	4.00e-132	470
3bb2a248-5e16-4500-9b00-e7503dab3db6	NR_178515.1	95.599	818	23	10	1	812	815	5	0.0	1299
3bb2a248-5e16-4500-9b00-e7503dab3db6	NR_165737.1	95.355	818	25	10	1	812	815	5	0.0	1288
3bb2a248-5e16-4500-9b00-e7503dab3db6	NR_036936.1	95.110	818	27	10	1	812	815	5	0.0	1279
3bb2a248-5e16-4500-9b00-e7503dab3db6	NR_024842.1	94.585	831	30	12	1	824	830	8	0.0	1275
3bb2a248-5e16-4500-9b00-e7503dab3db6	NR_115241.1	94.994	819	26	12	1	812	815	5	0.0	1271
f8bdfc24-4de5-4ae0-81ba-0f403399c242	NR_042928.1	97.331	974	16	10	1	970	968	1	0.0	1646
f8bdfc24-4de5-4ae0-81ba-0f403399c242	NR_165747.1	96.920	974	20	10	1	970	968	1	0.0	1624
f8bdfc24-4de5-4ae0-81ba-0f403399c242	NR_199547.1	97.579	950	15	8	1	946	948	3	0.0	1620
f8bdfc24-4de5-4ae0-81ba-0f403399c242	NR_112026.1	97.280	956	16	10	1	952	950	1	0.0	1615
f8bdfc24-4de5-4ae0-81ba-0f403399c242	NR_028664.1	96.432	981	24	11	1	976	991	17	0.0	1607
27381b8d-f2b8-4a4b-b68e-13d51f2623f7	NR_116168.1	95.249	1347	35	24	1	1336	159	1487	0.0	2106
27381b8d-f2b8-4a4b-b68e-13d51f2623f7	NR_118762.1	93.736	1341	54	25	1	1330	162	1483	0.0	2019
27381b8d-f2b8-4a4b-b68e-13d51f2623f7	NR_025423.1	93.091	1346	60	29	1	1333	143	1468	0.0	1940
27381b8d-f2b8-4a4b-b68e-13d51f2623f7	NR_042878.1	95.157	1239	35	21	1	1228	138	1362	0.0	1938
27381b8d-f2b8-4a4b-b68e-13d51f2623f7	NR_181418.1	91.691	1348	81	28	1	1336	158	1486	0.0	1840
24c4bb50-63ad-4c74-83f8-26b36d848f56	NR_043604.1	97.362	417	3	7	1	411	415	1	0.0	702
24c4bb50-63ad-4c74-83f8-26b36d848f56	NR_118512.1	97.362	417	3	7	1	411	415	1	0.0	702
24c4bb50-63ad-4c74-83f8-26b36d848f56	NR_115710.1	94.258	418	14	9	1	411	415	1	1.91e-180	630
24c4bb50-63ad-4c74-83f8-26b36d848f56	NR_028698.1	93.662	426	17	9	1	419	436	14	6.85e-180	628
24c4bb50-63ad-4c74-83f8-26b36d848f56	NR_024948.1	94.349	407	14	8	1	400	405	1	5.34e-176	616
266905dd-395b-4343-a1fe-a3556e712427	NR_036936.1	99.363	157	1	0	1	157	157	1	6.19e-77	285
266905dd-395b-4343-a1fe-a3556e712427	NR_109720.1	100.000	151	0	0	1	151	151	1	2.88e-75	279
266905dd-395b-4343-a1fe-a3556e712427	NR_115560.1	97.561	164	2	2	4	167	172	11	2.88e-75	279
266905dd-395b-4343-a1fe-a3556e712427	NR_117425.1	98.125	160	3	0	1	160	160	1	2.88e-75	279
266905dd-395b-4343-a1fe-a3556e712427	NR_113561.1	97.531	162	4	0	4	165	174	13	1.04e-74	278
97fc7f06-ec69-4879-86d7-328aa8c0ff10	NR_116168.1	93.614	1472	59	27	1	1449	1473	14	0.0	2165
97fc7f06-ec69-4879-86d7-328aa8c0ff10	NR_118762.1	92.114	1471	82	26	1	1449	1475	17	0.0	2085
97fc7f06-ec69-4879-86d7-328aa8c0ff10	NR_042878.1	94.323	1374	46	24	88	1441	1362	1	0.0	2084
97fc7f06-ec69-4879-86d7-328aa8c0ff10	NR_025423.1	91.219	1469	92	30	1	1444	1457	1	0.0	1964
97fc7f06-ec69-4879-86d7-328aa8c0ff10	NR_118143.1	92.587	1376	68	26	88	1441	1364	1	0.0	1947
67f99b7d-17a8-415f-b2e0-fed996aa5db1	NR_115736.1	93.779	643	23	16	1	635	785	1418	0.0	950
67f99b7d-17a8-415f-b2e0-fed996aa5db1	NR_179385.1	93.653	646	24	16	1	638	860	1496	0.0	950
67f99b7d-17a8-415f-b2e0-fed996aa5db1	NR_199545.1	93.653	646	24	16	1	638	856	1492	0.0	950
67f99b7d-17a8-415f-b2e0-fed996aa5db1	NR_113260.1	93.769	642	23	16	1	634	838	1470	0.0	948
67f99b7d-17a8-415f-b2e0-fed996aa5db1	NR_028665.1	93.634	644	24	16	3	638	855	1489	0.0	946
191a2b41-5432-4a79-9a65-9c62c058ec6b	NR_041983.1	96.328	708	10	10	1	697	658	1360	0.0	1149
191a2b41-5432-4a79-9a65-9c62c058ec6b	NR_114395.1	96.328	708	10	10	1	697	690	1392	0.0	1149
191a2b41-5432-4a79-9a65-9c62c058ec6b	NR_119102.1	96.045	708	12	10	1	697	660	1362	0.0	1140
191a2b41-5432-4a79-9a65-9c62c058ec6b	NR_179528.1	96.045	708	12	11	1	697	675	1377	0.0	1138
191a2b41-5432-4a79-9a65-9c62c058ec6b	NR_179535.1	95.904	708	13	10	1	697	693	1395	0.0	1133
364c4d1b-9a76-429b-a349-ad25f8f20190	NR_024842.1	97.741	664	12	3	1	663	829	1490	0.0	1140
364c4d1b-9a76-429b-a349-ad25f8f20190	NR_115735.1	97.734	662	12	3	1	661	805	1464	0.0	1136
364c4d1b-9a76-429b-a349-ad25f8f20190	NR_156072.1	97.289	664	15	3	1	663	834	1495	0.0	1123
364c4d1b-9a76-429b-a349-ad25f8f20190	NR_036936.1	97.424	660	13	4	1	658	814	1471	0.0	1122
364c4d1b-9a76-429b-a349-ad25f8f20190	NR_165737.1	97.424	660	13	4	1	658	814	1471	0.0	1122
d5370792-ab9f-4103-9675-873f86872f8e	NR_117537.1	87.302	126	10	6	1	122	1180	1057	3.54e-33	139
d5370792-ab9f-4103-9675-873f86872f8e	NR_026158.1	86.992	123	10	6	4	122	1203	1083	1.65e-31	134
d5370792-ab9f-4103-9675-873f86872f8e	NR_026159.1	86.992	123	10	6	4	122	1203	1083	1.65e-31	134
d5370792-ab9f-4103-9675-873f86872f8e	NR_026511.1	86.992	123	10	6	4	122	1200	1080	1.65e-31	134
d5370792-ab9f-4103-9675-873f86872f8e	NR_025074.1	86.992	123	10	6	4	122	1197	1077	1.65e-31	134
7a875220-38ff-437c-b899-805fa7172ee9	NR_024842.1	95.993	1148	30	12	1	1137	1147	5	0.0	1855
7a875220-38ff-437c-b899-805fa7172ee9	NR_115241.1	96.042	1137	29	12	1	1126	1132	1	0.0	1840
7a875220-38ff-437c-b899-805fa7172ee9	NR_115735.1	96.099	1128	27	13	1	1116	1123	1	0.0	1823
7a875220-38ff-437c-b899-805fa7172ee9	NR_178515.1	95.786	1139	28	16	1	1126	1132	1	0.0	1820
7a875220-38ff-437c-b899-805fa7172ee9	NR_165737.1	95.518	1138	33	14	1	1126	1132	1	0.0	1803
c98b02cf-e06e-46a9-9cb2-87b5ebdbf191	NR_042776.1	92.899	1380	54	38	26	1380	1378	18	0.0	1965
c98b02cf-e06e-46a9-9cb2-87b5ebdbf191	NR_042777.1	92.826	1380	54	39	26	1380	1377	18	0.0	1958
c98b02cf-e06e-46a9-9cb2-87b5ebdbf191	NR_042778.1	92.676	1379	59	36	26	1380	1378	18	0.0	1949
c98b02cf-e06e-46a9-9cb2-87b5ebdbf191	NR_197695.1	92.681	1380	57	38	26	1380	1377	17	0.0	1949
c98b02cf-e06e-46a9-9cb2-87b5ebdbf191	NR_118998.1	91.951	1379	68	37	26	1380	1372	13	0.0	1893
b5b4948b-4019-4811-9b33-e760a2b73bcf	NR_109720.1	89.806	1236	93	29	24	1235	200	1426	0.0	1554
b5b4948b-4019-4811-9b33-e760a2b73bcf	NR_115735.1	89.822	1238	89	31	24	1235	197	1423	0.0	1554
b5b4948b-4019-4811-9b33-e760a2b73bcf	NR_024842.1	88.958	1286	100	35	24	1281	221	1492	0.0	1552
b5b4948b-4019-4811-9b33-e760a2b73bcf	NR_115241.1	89.742	1238	90	31	24	1235	206	1432	0.0	1550
b5b4948b-4019-4811-9b33-e760a2b73bcf	NR_036936.1	89.563	1236	96	29	24	1235	206	1432	0.0	1537
5dd55d44-09e1-4def-9a3b-e05d17cfa9c5	NR_043604.1	93.939	528	14	14	1	524	514	1	0.0	782
5dd55d44-09e1-4def-9a3b-e05d17cfa9c5	NR_118512.1	93.939	528	14	14	1	524	514	1	0.0	782
5dd55d44-09e1-4def-9a3b-e05d17cfa9c5	NR_115710.1	91.667	528	26	15	1	524	514	1	0.0	715
5dd55d44-09e1-4def-9a3b-e05d17cfa9c5	NR_024948.1	91.876	517	26	13	1	515	504	2	0.0	708
5dd55d44-09e1-4def-9a3b-e05d17cfa9c5	NR_028698.1	90.485	536	33	14	1	532	535	14	0.0	691
7198fb75-69ed-4d48-826f-b5fb32fa015e	NR_024842.1	92.062	1348	53	43	1	1311	1338	8	0.0	1851
7198fb75-69ed-4d48-826f-b5fb32fa015e	NR_115241.1	92.015	1340	53	43	1	1303	1323	1	0.0	1836
7198fb75-69ed-4d48-826f-b5fb32fa015e	NR_115735.1	92.036	1331	51	44	1	1293	1314	1	0.0	1820
7198fb75-69ed-4d48-826f-b5fb32fa015e	NR_116211.1	92.137	1259	49	41	1	1222	1246	1	0.0	1731
7198fb75-69ed-4d48-826f-b5fb32fa015e	NR_036918.1	89.933	1351	76	49	1	1311	1340	10	0.0	1687
7eb2a73d-c783-4f23-86ec-45e8bc865432	NR_178262.1	94.336	459	10	11	4	450	915	1369	0.0	689
7eb2a73d-c783-4f23-86ec-45e8bc865432	NR_179215.1	94.336	459	10	11	4	450	1037	1491	0.0	689
7eb2a73d-c783-4f23-86ec-45e8bc865432	NR_036918.1	94.118	459	11	11	4	450	1038	1492	0.0	684
7eb2a73d-c783-4f23-86ec-45e8bc865432	NR_199542.1	94.118	459	11	11	4	450	1056	1510	0.0	684
7eb2a73d-c783-4f23-86ec-45e8bc865432	NR_199546.1	94.118	459	11	11	4	450	1056	1510	0.0	684
14cb6d83-8b49-4438-a4cf-7a01a50e67c3	NR_042878.1	94.678	451	13	9	1	445	716	271	0.0	689
14cb6d83-8b49-4438-a4cf-7a01a50e67c3	NR_116168.1	94.678	451	13	9	1	445	737	292	0.0	689
14cb6d83-8b49-4438-a4cf-7a01a50e67c3	NR_118762.1	92.683	451	22	9	1	445	740	295	0.0	656
14cb6d83-8b49-4438-a4cf-7a01a50e67c3	NR_118143.1	93.126	451	20	9	1	445	718	273	0.0	652
14cb6d83-8b49-4438-a4cf-7a01a50e67c3	NR_025423.1	92.239	451	24	9	1	445	721	276	8.83e-180	628
fe15bce2-d9fe-49b7-b9b3-2e8212d5b4e4	NR_074568.1	99.658	292	1	0	1	292	654	945	1.04e-151	534
fe15bce2-d9fe-49b7-b9b3-2e8212d5b4e4	NR_043968.1	99.658	292	1	0	1	292	612	903	1.04e-151	534
fe15bce2-d9fe-49b7-b9b3-2e8212d5b4e4	NR_044712.2	99.315	292	2	0	1	292	663	954	1.35e-150	531
fe15bce2-d9fe-49b7-b9b3-2e8212d5b4e4	NR_044873.1	99.315	292	2	0	1	292	644	935	4.85e-150	529
fe15bce2-d9fe-49b7-b9b3-2e8212d5b4e4	NR_024785.1	98.973	292	3	0	1	292	610	901	2.26e-148	523
1f84edcd-713d-4b07-80c1-fb2c697c31ef	NR_104972.1	98.425	381	3	2	5	385	1097	1474	0.0	667
1f84edcd-713d-4b07-80c1-fb2c697c31ef	NR_114172.1	98.421	380	3	2	5	384	1095	1471	0.0	665
1f84edcd-713d-4b07-80c1-fb2c697c31ef	NR_028665.1	98.163	381	4	2	5	385	1112	1489	0.0	662
1f84edcd-713d-4b07-80c1-fb2c697c31ef	NR_156072.1	98.163	381	4	2	5	385	1117	1494	0.0	662
1f84edcd-713d-4b07-80c1-fb2c697c31ef	NR_179385.1	98.163	381	4	2	5	385	1119	1496	0.0	662
95799e45-66b9-4d3e-96f9-79e82edf94bc	NR_118512.1	94.150	923	27	20	1	910	526	1434	0.0	1380
95799e45-66b9-4d3e-96f9-79e82edf94bc	NR_197757.1	92.772	927	40	20	1	914	545	1457	0.0	1315
95799e45-66b9-4d3e-96f9-79e82edf94bc	NR_156802.1	92.557	927	42	20	1	914	547	1459	0.0	1304
95799e45-66b9-4d3e-96f9-79e82edf94bc	NR_156805.1	92.557	927	42	20	1	914	547	1459	0.0	1304
95799e45-66b9-4d3e-96f9-79e82edf94bc	NR_118513.1	92.424	924	41	21	1	910	526	1434	0.0	1291
5b5e237a-3676-4710-8050-ad9507928e95	NR_136788.1	97.349	415	7	4	36	447	425	12	0.0	702
5b5e237a-3676-4710-8050-ad9507928e95	NR_113082.1	95.904	415	13	4	36	447	425	12	0.0	669
5b5e237a-3676-4710-8050-ad9507928e95	NR_026230.1	93.317	404	23	4	36	436	403	1	7.34e-175	612
5b5e237a-3676-4710-8050-ad9507928e95	NR_074234.1	91.148	418	27	9	36	447	432	19	9.69e-159	558
5b5e237a-3676-4710-8050-ad9507928e95	NR_113086.1	91.148	418	27	9	36	447	425	12	9.69e-159	558
ec186041-9193-4a42-ad34-c976cc827083	NR_117694.1	97.240	471	5	5	4	468	1459	991	0.0	791
ec186041-9193-4a42-ad34-c976cc827083	NR_117717.1	97.028	471	6	5	4	468	1479	1011	0.0	785
ec186041-9193-4a42-ad34-c976cc827083	NR_117696.1	97.028	471	6	5	4	468	1446	978	0.0	785
ec186041-9193-4a42-ad34-c976cc827083	NR_025902.1	96.815	471	7	5	4	468	1437	969	0.0	780
ec186041-9193-4a42-ad34-c976cc827083	NR_121688.1	96.815	471	7	5	4	468	1479	1011	0.0	780
2f2b3a46-8396-4ae3-9d8e-c1d390a6b93b	NR_044873.1	93.023	559	23	16	1	547	78	632	0.0	802
2f2b3a46-8396-4ae3-9d8e-c1d390a6b93b	NR_074568.1	90.340	559	37	17	1	547	89	642	0.0	717
2f2b3a46-8396-4ae3-9d8e-c1d390a6b93b	NR_024785.1	90.161	559	37	18	1	547	46	598	0.0	712
2f2b3a46-8396-4ae3-9d8e-c1d390a6b93b	NR_178360.1	90.000	560	38	18	1	547	55	609	0.0	708
2f2b3a46-8396-4ae3-9d8e-c1d390a6b93b	NR_025310.1	90.000	560	37	19	1	547	69	622	0.0	706
f164e446-0e6b-4d5a-a69c-2b57adf9f594	NR_028665.1	97.163	564	12	4	8	568	927	1489	0.0	950
f164e446-0e6b-4d5a-a69c-2b57adf9f594	NR_156072.1	97.163	564	12	4	8	568	932	1494	0.0	950
f164e446-0e6b-4d5a-a69c-2b57adf9f594	NR_179385.1	97.163	564	12	4	8	568	934	1496	0.0	950
f164e446-0e6b-4d5a-a69c-2b57adf9f594	NR_199545.1	97.163	564	12	4	8	568	930	1492	0.0	950
f164e446-0e6b-4d5a-a69c-2b57adf9f594	NR_115239.1	97.321	560	11	4	8	564	910	1468	0.0	948
d50bc941-12b4-4290-8638-4f0b9815d4ff	NR_024842.1	97.336	563	9	6	1	561	566	8	0.0	955
d50bc941-12b4-4290-8638-4f0b9815d4ff	NR_115241.1	97.658	555	7	6	1	553	551	1	0.0	948
d50bc941-12b4-4290-8638-4f0b9815d4ff	NR_115735.1	97.436	546	7	7	1	543	542	1	0.0	924
d50bc941-12b4-4290-8638-4f0b9815d4ff	NR_114413.1	95.027	563	22	6	1	561	574	16	0.0	880
d50bc941-12b4-4290-8638-4f0b9815d4ff	NR_042927.1	94.955	555	22	6	1	553	551	1	0.0	865
c76d0ed6-fbb9-4a85-962e-543ee354ec92	NR_115735.1	96.115	978	22	11	20	984	117	1091	0.0	1581
c76d0ed6-fbb9-4a85-962e-543ee354ec92	NR_116211.1	96.115	978	22	11	20	984	49	1023	0.0	1581
c76d0ed6-fbb9-4a85-962e-543ee354ec92	NR_024842.1	95.910	978	24	11	20	984	141	1115	0.0	1574
c76d0ed6-fbb9-4a85-962e-543ee354ec92	NR_115241.1	95.910	978	24	11	20	984	126	1100	0.0	1574
c76d0ed6-fbb9-4a85-962e-543ee354ec92	NR_178515.1	95.710	979	24	13	20	984	126	1100	0.0	1559
b9dfad16-03b3-4452-b8b7-5a69c14e0072	NR_112658.1	87.266	1445	134	43	3	1417	1425	1	0.0	1604
b9dfad16-03b3-4452-b8b7-5a69c14e0072	NR_180272.1	88.343	1364	110	44	1	1336	1413	71	0.0	1592
b9dfad16-03b3-4452-b8b7-5a69c14e0072	NR_180273.1	88.343	1364	110	44	1	1336	1413	71	0.0	1592
b9dfad16-03b3-4452-b8b7-5a69c14e0072	NR_041629.1	88.196	1364	112	44	1	1336	1459	117	0.0	1581
b9dfad16-03b3-4452-b8b7-5a69c14e0072	NR_041629.1	96.000	50	2	0	1376	1425	52	3	8.45e-15	82.4
b9dfad16-03b3-4452-b8b7-5a69c14e0072	NR_180271.1	87.610	1364	120	44	1	1336	1414	72	0.0	1537
6daa68ac-228c-445c-a0e3-9f5cd3c51d52	NR_133752.1	94.658	599	14	16	1	589	1171	581	0.0	913
6daa68ac-228c-445c-a0e3-9f5cd3c51d52	NR_133753.1	94.658	599	14	16	1	589	1200	610	0.0	913
6daa68ac-228c-445c-a0e3-9f5cd3c51d52	NR_025904.1	94.658	599	14	16	1	589	1245	655	0.0	913
6daa68ac-228c-445c-a0e3-9f5cd3c51d52	NR_025903.1	94.658	599	14	16	1	589	1246	656	0.0	913
6daa68ac-228c-445c-a0e3-9f5cd3c51d52	NR_026419.1	94.176	601	13	18	1	589	1234	644	0.0	896
74664673-7475-424c-939e-d10936dff718	NR_199545.1	97.583	786	13	6	1	781	798	14	0.0	1341
74664673-7475-424c-939e-d10936dff718	NR_179385.1	97.455	786	14	6	1	781	802	18	0.0	1336
74664673-7475-424c-939e-d10936dff718	NR_028664.1	97.201	786	16	6	1	781	801	17	0.0	1325
74664673-7475-424c-939e-d10936dff718	NR_165741.1	97.201	786	16	6	1	781	787	3	0.0	1325
74664673-7475-424c-939e-d10936dff718	NR_179383.1	97.201	786	16	6	1	781	805	21	0.0	1325
0831a270-7f06-4ba9-a1ea-023a865a4dc0	NR_116168.1	96.352	1124	22	13	2	1108	371	1492	0.0	1831
0831a270-7f06-4ba9-a1ea-023a865a4dc0	NR_118762.1	95.414	1112	33	14	2	1097	374	1483	0.0	1773
0831a270-7f06-4ba9-a1ea-023a865a4dc0	NR_025423.1	94.270	1117	43	15	2	1100	355	1468	0.0	1688
0831a270-7f06-4ba9-a1ea-023a865a4dc0	NR_042878.1	96.650	1015	18	12	2	1002	350	1362	0.0	1674
0831a270-7f06-4ba9-a1ea-023a865a4dc0	NR_118143.1	95.567	1015	29	12	2	1002	352	1364	0.0	1613
5f3defcc-9a34-4d8d-870f-377f8ca3401c	NR_025903.1	94.330	1411	45	28	1	1386	95	1495	0.0	2130
5f3defcc-9a34-4d8d-870f-377f8ca3401c	NR_133753.1	94.304	1387	45	27	1	1362	49	1426	0.0	2093
5f3defcc-9a34-4d8d-870f-377f8ca3401c	NR_133752.1	94.232	1387	46	27	1	1362	20	1397	0.0	2087
5f3defcc-9a34-4d8d-870f-377f8ca3401c	NR_026419.1	92.989	1412	64	28	1	1386	82	1484	0.0	2026
5f3defcc-9a34-4d8d-870f-377f8ca3401c	NR_025904.1	92.923	1413	61	32	1	1386	94	1494	0.0	2019
4250fc1b-403e-4417-b48e-4602a7565373	NR_117694.1	89.808	834	44	31	5	806	340	1164	0.0	1031
4250fc1b-403e-4417-b48e-4602a7565373	NR_121687.1	89.448	834	47	31	5	806	360	1184	0.0	1014
4250fc1b-403e-4417-b48e-4602a7565373	NR_041988.1	89.089	834	50	31	5	806	298	1122	0.0	998
4250fc1b-403e-4417-b48e-4602a7565373	NR_025892.1	88.609	834	53	32	5	806	366	1189	0.0	992
4250fc1b-403e-4417-b48e-4602a7565373	NR_104946.1	88.849	834	52	31	5	806	303	1127	0.0	987
c823cf50-be84-4f2b-b852-64cba5205c85	NR_029097.1	93.493	292	9	9	1	282	802	511	6.43e-119	425
c823cf50-be84-4f2b-b852-64cba5205c85	NR_125570.1	93.493	292	9	8	1	282	784	493	6.43e-119	425
c823cf50-be84-4f2b-b852-64cba5205c85	NR_125571.1	94.340	265	9	5	1	259	826	562	1.08e-111	401
c823cf50-be84-4f2b-b852-64cba5205c85	NR_028726.1	89.804	255	19	6	1	250	859	607	3.12e-87	320
c823cf50-be84-4f2b-b852-64cba5205c85	NR_118651.1	89.069	247	21	5	1	242	866	621	1.13e-81	302
c0ea00be-b4aa-4439-9a0d-e52e0b546222	NR_044873.1	97.917	144	2	1	1	143	141	284	6.88e-66	248
c0ea00be-b4aa-4439-9a0d-e52e0b546222	NR_074568.1	95.139	144	6	1	1	143	152	295	3.22e-59	226
c0ea00be-b4aa-4439-9a0d-e52e0b546222	NR_024785.1	94.444	144	7	1	1	143	109	252	1.50e-57	220
c0ea00be-b4aa-4439-9a0d-e52e0b546222	NR_044712.2	93.750	144	8	1	1	143	161	304	5.39e-57	219
c0ea00be-b4aa-4439-9a0d-e52e0b546222	NR_178360.1	91.667	144	10	2	2	143	119	262	7.03e-51	198
e175cf81-a500-4ffd-9b20-2577ad437692	NR_025435.1	93.450	229	7	6	1	224	1274	1499	3.07e-91	333
e175cf81-a500-4ffd-9b20-2577ad437692	NR_036793.2	93.450	229	7	6	1	224	1285	1510	3.07e-91	333
e175cf81-a500-4ffd-9b20-2577ad437692	NR_119273.1	93.450	229	7	6	1	224	1285	1510	3.07e-91	333
e175cf81-a500-4ffd-9b20-2577ad437692	NR_042061.1	93.450	229	7	6	1	224	1267	1492	3.07e-91	333
e175cf81-a500-4ffd-9b20-2577ad437692	NR_171468.1	93.450	229	7	6	1	224	1269	1494	3.07e-91	333
79e95b32-2c81-4b4b-8887-b952d471bf2d	NR_024841.1	97.312	186	1	4	1	183	1425	1241	3.29e-85	313
79e95b32-2c81-4b4b-8887-b952d471bf2d	NR_025609.1	97.312	186	1	4	1	183	1360	1176	3.29e-85	313
79e95b32-2c81-4b4b-8887-b952d471bf2d	NR_040821.1	97.312	186	1	4	1	183	1411	1227	3.29e-85	313
79e95b32-2c81-4b4b-8887-b952d471bf2d	NR_041722.2	97.312	186	1	4	1	183	1446	1262	3.29e-85	313
79e95b32-2c81-4b4b-8887-b952d471bf2d	NR_025630.1	97.312	186	1	4	1	183	1410	1226	3.29e-85	313
bbb2fbec-a1bf-4c1d-a61c-d47d8e0517e5	NR_024842.1	89.394	132	10	3	1	129	1408	1278	2.31e-40	163
bbb2fbec-a1bf-4c1d-a61c-d47d8e0517e5	NR_036936.1	89.394	132	10	3	1	129	1393	1263	2.31e-40	163
bbb2fbec-a1bf-4c1d-a61c-d47d8e0517e5	NR_025453.1	89.394	132	10	3	1	129	1393	1263	2.31e-40	163
bbb2fbec-a1bf-4c1d-a61c-d47d8e0517e5	NR_028664.1	89.394	132	10	3	1	129	1414	1284	2.31e-40	163
bbb2fbec-a1bf-4c1d-a61c-d47d8e0517e5	NR_028665.1	89.394	132	10	3	1	129	1408	1278	2.31e-40	163
ffac0b06-74d8-4c8c-b67d-cb95697a2aaa	NR_116168.1	96.899	129	2	2	2	130	140	14	6.23e-56	215
ffac0b06-74d8-4c8c-b67d-cb95697a2aaa	NR_118762.1	93.130	131	7	2	2	132	143	15	6.28e-51	198
ffac0b06-74d8-4c8c-b67d-cb95697a2aaa	NR_042878.1	95.041	121	4	2	2	122	119	1	2.92e-49	193
ffac0b06-74d8-4c8c-b67d-cb95697a2aaa	NR_024896.1	93.077	130	5	2	2	130	139	13	1.36e-47	187
ffac0b06-74d8-4c8c-b67d-cb95697a2aaa	NR_024897.1	93.077	130	5	2	2	130	139	13	1.36e-47	187
7c491bb1-8ba0-4ce2-9018-28a0bc850675	NR_029097.1	95.897	195	4	4	1	193	1052	860	3.63e-85	313
7c491bb1-8ba0-4ce2-9018-28a0bc850675	NR_125570.1	95.897	195	4	4	1	193	1034	842	3.63e-85	313
7c491bb1-8ba0-4ce2-9018-28a0bc850675	NR_125571.1	95.385	195	5	4	1	193	1076	884	1.69e-83	307
7c491bb1-8ba0-4ce2-9018-28a0bc850675	NR_042008.1	92.308	195	11	4	1	193	1102	910	1.71e-73	274
7c491bb1-8ba0-4ce2-9018-28a0bc850675	NR_074809.1	92.308	195	11	4	1	193	1112	920	1.71e-73	274
42cb998b-507e-4214-9fc3-fc053a952e57	NR_074568.1	92.424	132	5	4	14	144	140	13	2.00e-46	183
42cb998b-507e-4214-9fc3-fc053a952e57	NR_044712.2	92.424	132	5	4	14	144	149	22	2.00e-46	183
42cb998b-507e-4214-9fc3-fc053a952e57	NR_044873.1	91.667	132	6	4	14	144	129	2	9.30e-45	178
42cb998b-507e-4214-9fc3-fc053a952e57	NR_179993.1	91.045	134	7	4	14	146	140	11	3.35e-44	176
42cb998b-507e-4214-9fc3-fc053a952e57	NR_109752.1	90.909	132	7	4	14	144	150	23	4.33e-43	172
4d3d46a7-ebf9-4e41-b70a-dd3424d2a836	NR_024842.1	91.489	141	5	5	1	138	144	8	1.46e-47	187
4d3d46a7-ebf9-4e41-b70a-dd3424d2a836	NR_114413.1	90.071	141	7	5	1	138	152	16	3.16e-44	176
4d3d46a7-ebf9-4e41-b70a-dd3424d2a836	NR_199956.1	90.071	141	7	5	1	138	149	13	3.16e-44	176
4d3d46a7-ebf9-4e41-b70a-dd3424d2a836	NR_199974.1	90.071	141	7	5	1	138	156	20	3.16e-44	176
4d3d46a7-ebf9-4e41-b70a-dd3424d2a836	NR_115241.1	90.977	133	5	5	1	130	129	1	4.08e-43	172
4d3b3b8c-3dc3-4866-8998-bb2970862057	NR_024842.1	95.312	128	5	1	73	200	132	6	7.88e-52	202
4d3b3b8c-3dc3-4866-8998-bb2970862057	NR_114413.1	95.312	128	5	1	73	200	140	14	7.88e-52	202
4d3b3b8c-3dc3-4866-8998-bb2970862057	NR_199956.1	95.312	128	5	1	73	200	137	11	7.88e-52	202
4d3b3b8c-3dc3-4866-8998-bb2970862057	NR_199974.1	95.312	128	5	1	73	200	144	18	7.88e-52	202
4d3b3b8c-3dc3-4866-8998-bb2970862057	NR_152678.1	94.531	128	6	1	73	200	137	11	3.67e-50	196
72a24e60-6646-42d6-8b66-d512f0d11db4	NR_025904.1	93.197	147	2	5	1	144	1353	1494	3.33e-54	209
72a24e60-6646-42d6-8b66-d512f0d11db4	NR_026419.1	93.197	147	3	5	1	144	1342	1484	3.33e-54	209
72a24e60-6646-42d6-8b66-d512f0d11db4	NR_025903.1	92.517	147	3	5	1	144	1354	1495	1.55e-52	204
72a24e60-6646-42d6-8b66-d512f0d11db4	NR_026420.1	89.726	146	9	5	1	144	1341	1482	7.25e-46	182
72a24e60-6646-42d6-8b66-d512f0d11db4	NR_179572.1	89.726	146	9	5	1	144	1361	1502	7.25e-46	182
c0e9dfe7-8491-4f2e-ab87-4b6a86cfed72	NR_024842.1	95.000	100	2	3	4	102	1397	1494	1.08e-37	154
c0e9dfe7-8491-4f2e-ab87-4b6a86cfed72	NR_041706.1	95.000	100	2	3	4	102	1392	1489	1.08e-37	154
c0e9dfe7-8491-4f2e-ab87-4b6a86cfed72	NR_042052.1	95.000	100	2	3	4	102	1305	1402	1.08e-37	154
c0e9dfe7-8491-4f2e-ab87-4b6a86cfed72	NR_025689.1	94.949	99	4	1	4	102	1392	1489	1.08e-37	154
c0e9dfe7-8491-4f2e-ab87-4b6a86cfed72	NR_025625.1	95.000	100	2	3	4	102	1391	1488	1.08e-37	154
eae5780c-a56d-4ed1-92c0-f602a5062007	NR_115354.1	98.802	167	2	0	7	173	169	3	8.39e-81	298
eae5780c-a56d-4ed1-92c0-f602a5062007	NR_119170.1	98.802	167	2	0	7	173	174	8	8.39e-81	298
eae5780c-a56d-4ed1-92c0-f602a5062007	NR_115355.1	97.110	173	5	0	1	173	175	3	3.02e-80	296
eae5780c-a56d-4ed1-92c0-f602a5062007	NR_119169.1	97.647	170	4	0	4	173	177	8	1.09e-79	294
eae5780c-a56d-4ed1-92c0-f602a5062007	NR_119168.1	97.647	170	4	0	4	173	177	8	3.90e-79	292
7271e0e0-ce72-4b07-bc0c-966912e26da9	NR_025863.1	97.500	80	1	1	1	79	619	698	2.61e-32	135
7271e0e0-ce72-4b07-bc0c-966912e26da9	NR_025557.1	97.500	80	1	1	1	79	586	665	2.61e-32	135
7271e0e0-ce72-4b07-bc0c-966912e26da9	NR_159907.1	97.500	80	1	1	1	79	566	645	2.61e-32	135
7271e0e0-ce72-4b07-bc0c-966912e26da9	NR_040985.1	96.250	80	2	1	1	79	594	673	1.22e-30	130
7271e0e0-ce72-4b07-bc0c-966912e26da9	NR_026454.1	96.250	80	2	1	1	79	591	670	1.22e-30	130
f1dd839e-b81e-4fce-9629-30df32ff55c8	NR_037101.1	93.893	131	5	2	1	130	1347	1475	8.49e-50	195
f1dd839e-b81e-4fce-9629-30df32ff55c8	NR_040821.1	93.893	131	5	2	1	130	1347	1475	8.49e-50	195
f1dd839e-b81e-4fce-9629-30df32ff55c8	NR_025148.1	93.893	131	5	2	1	130	1367	1495	8.49e-50	195
f1dd839e-b81e-4fce-9629-30df32ff55c8	NR_028664.1	93.893	131	5	2	1	130	1368	1496	8.49e-50	195
f1dd839e-b81e-4fce-9629-30df32ff55c8	NR_028666.1	93.893	131	5	2	1	130	1371	1499	8.49e-50	195
30853153-e8ad-4896-a73b-e3906070e35b	NR_026419.1	92.308	39	2	1	71	108	469	431	1.14e-07	54.7
30853153-e8ad-4896-a73b-e3906070e35b	NR_026469.1	92.308	39	2	1	71	108	471	433	1.14e-07	54.7
21a6eec5-a661-42c0-87ee-220e35821a30	NR_133752.1	94.200	500	17	11	1	493	1043	549	0.0	752
21a6eec5-a661-42c0-87ee-220e35821a30	NR_133753.1	94.200	500	17	11	1	493	1072	578	0.0	752
21a6eec5-a661-42c0-87ee-220e35821a30	NR_025904.1	94.200	500	17	11	1	493	1117	623	0.0	752
21a6eec5-a661-42c0-87ee-220e35821a30	NR_025903.1	94.200	500	17	11	1	493	1118	624	0.0	752
21a6eec5-a661-42c0-87ee-220e35821a30	NR_026419.1	94.000	500	18	11	1	493	1106	612	0.0	747
9d9d6c90-3724-486d-805e-6c21799f5ea1	NR_133752.1	96.059	203	3	3	5	202	1387	1185	4.61e-89	326
9d9d6c90-3724-486d-805e-6c21799f5ea1	NR_133753.1	96.059	203	3	3	5	202	1416	1214	4.61e-89	326
9d9d6c90-3724-486d-805e-6c21799f5ea1	NR_025903.1	96.059	203	3	3	5	202	1462	1260	4.61e-89	326
9d9d6c90-3724-486d-805e-6c21799f5ea1	NR_025904.1	94.089	203	7	3	5	202	1461	1259	2.16e-82	303
9d9d6c90-3724-486d-805e-6c21799f5ea1	NR_026419.1	94.500	200	6	3	5	199	1450	1251	2.16e-82	303
80f67382-cd14-4bb6-8338-ac8ec20ff5ab	NR_116213.1	93.277	357	12	11	1	354	658	1005	4.62e-146	516
80f67382-cd14-4bb6-8338-ac8ec20ff5ab	NR_117719.1	93.277	357	12	11	1	354	753	1100	4.62e-146	516
80f67382-cd14-4bb6-8338-ac8ec20ff5ab	NR_027214.1	93.277	357	12	11	1	354	733	1080	4.62e-146	516
80f67382-cd14-4bb6-8338-ac8ec20ff5ab	NR_180625.1	93.277	357	12	11	1	354	715	1062	4.62e-146	516
80f67382-cd14-4bb6-8338-ac8ec20ff5ab	NR_180629.1	93.277	357	12	11	1	354	715	1062	4.62e-146	516
4188c083-315b-4705-8126-076f44a926f5	NR_103943.1	83.688	141	12	9	10	141	159	21	4.35e-28	122
4188c083-315b-4705-8126-076f44a926f5	NR_109720.1	84.375	128	10	8	10	129	127	2	2.02e-26	117
4188c083-315b-4705-8126-076f44a926f5	NR_029052.1	84.553	123	9	8	10	124	121	1	2.62e-25	113
4188c083-315b-4705-8126-076f44a926f5	NR_036936.1	83.594	128	11	8	10	129	133	8	9.41e-25	111
4188c083-315b-4705-8126-076f44a926f5	NR_117425.1	83.594	128	11	9	10	129	136	11	9.41e-25	111
94681ab3-9bb1-4df8-9798-6eefa4fe5692	NR_024841.1	95.041	242	6	5	1	238	1091	852	5.33e-104	375
94681ab3-9bb1-4df8-9798-6eefa4fe5692	NR_028664.1	95.041	242	6	5	1	238	1098	859	5.33e-104	375
94681ab3-9bb1-4df8-9798-6eefa4fe5692	NR_042927.1	95.041	242	6	5	1	238	1077	838	5.33e-104	375
94681ab3-9bb1-4df8-9798-6eefa4fe5692	NR_113260.1	95.041	242	6	5	1	238	1077	838	5.33e-104	375
94681ab3-9bb1-4df8-9798-6eefa4fe5692	NR_114413.1	95.041	242	6	5	1	238	1100	861	5.33e-104	375
df4b35ac-71e5-4397-b432-dee577973282	NR_026454.1	91.154	260	8	9	1	245	746	1005	7.32e-93	339
df4b35ac-71e5-4397-b432-dee577973282	NR_025445.1	90.769	260	9	9	1	245	761	1020	3.40e-91	333
df4b35ac-71e5-4397-b432-dee577973282	NR_028682.1	90.385	260	10	9	1	245	770	1029	1.58e-89	327
df4b35ac-71e5-4397-b432-dee577973282	NR_025197.1	90.385	260	10	9	1	245	737	996	1.58e-89	327
df4b35ac-71e5-4397-b432-dee577973282	NR_043443.1	90.385	260	10	9	1	245	724	983	1.58e-89	327
4e69e952-613e-4ae1-b566-863d948c3647	NR_041989.1	92.105	114	4	5	3	112	198	86	3.20e-38	156
4e69e952-613e-4ae1-b566-863d948c3647	NR_117694.1	92.105	114	4	5	3	112	240	128	3.20e-38	156
4e69e952-613e-4ae1-b566-863d948c3647	NR_025892.1	95.652	92	2	2	23	112	245	154	5.36e-36	148
4e69e952-613e-4ae1-b566-863d948c3647	NR_025893.1	89.565	115	7	5	3	113	264	151	8.96e-34	141
4e69e952-613e-4ae1-b566-863d948c3647	NR_104944.1	89.565	115	7	5	3	113	201	88	8.96e-34	141
ff25599c-eaf5-49ff-a563-753db2b69688	NR_116168.1	95.473	243	4	1	1	236	264	22	1.18e-105	381
ff25599c-eaf5-49ff-a563-753db2b69688	NR_042878.1	94.239	243	7	1	1	236	243	1	1.97e-103	374
ff25599c-eaf5-49ff-a563-753db2b69688	NR_118762.1	93.416	243	9	1	1	236	267	25	1.53e-99	361
ff25599c-eaf5-49ff-a563-753db2b69688	NR_027217.1	91.837	245	11	6	1	236	245	1	3.34e-91	333
ff25599c-eaf5-49ff-a563-753db2b69688	NR_118143.1	91.837	245	11	5	1	236	245	1	3.34e-91	333
6fbc1982-b836-4905-bebf-f2f4db62ff69	NR_026417.1	88.889	126	9	5	1	122	1292	1168	1.65e-36	150
6fbc1982-b836-4905-bebf-f2f4db62ff69	NR_113121.1	88.889	126	9	5	1	122	1315	1191	1.65e-36	150
6fbc1982-b836-4905-bebf-f2f4db62ff69	NR_029147.1	82.677	127	15	7	1	122	1319	1195	3.63e-23	106
4b9b3779-c54b-4546-a771-7087bf6c6d7d	NR_041879.1	96.522	115	0	4	4	115	1296	1183	1.17e-47	187
4b9b3779-c54b-4546-a771-7087bf6c6d7d	NR_115355.1	96.522	115	0	4	4	115	1338	1225	1.17e-47	187
4b9b3779-c54b-4546-a771-7087bf6c6d7d	NR_119169.1	96.522	115	0	4	4	115	1343	1230	1.17e-47	187
4b9b3779-c54b-4546-a771-7087bf6c6d7d	NR_163639.1	96.522	115	0	4	4	115	1353	1240	1.17e-47	187
4b9b3779-c54b-4546-a771-7087bf6c6d7d	NR_179325.1	96.522	115	0	4	4	115	1312	1199	1.17e-47	187
99194545-26f8-49b6-98d9-5f8b487a2812	NR_117694.1	95.362	690	16	12	4	678	689	1	0.0	1083
99194545-26f8-49b6-98d9-5f8b487a2812	NR_025892.1	93.257	697	32	12	4	686	714	19	0.0	1031
99194545-26f8-49b6-98d9-5f8b487a2812	NR_121687.1	93.571	700	25	16	4	686	709	13	0.0	1026
99194545-26f8-49b6-98d9-5f8b487a2812	NR_117692.1	92.919	692	29	16	4	678	689	1	0.0	989
99194545-26f8-49b6-98d9-5f8b487a2812	NR_026079.2	91.845	699	39	14	4	686	716	20	0.0	959
1edd9382-5eed-4c9f-9699-aa2840f7336a	NR_199545.1	91.328	1107	53	36	38	1117	1108	18	0.0	1472
1edd9382-5eed-4c9f-9699-aa2840f7336a	NR_179385.1	91.238	1107	54	36	38	1117	1112	22	0.0	1467
1edd9382-5eed-4c9f-9699-aa2840f7336a	NR_179383.1	91.147	1107	55	36	38	1117	1115	25	0.0	1461
1edd9382-5eed-4c9f-9699-aa2840f7336a	NR_028664.1	90.967	1107	57	36	38	1117	1111	21	0.0	1450
1edd9382-5eed-4c9f-9699-aa2840f7336a	NR_027214.1	91.033	1104	56	36	38	1114	1088	1	0.0	1450
989a946e-f70d-4dae-b53e-856c74151724	NR_028664.1	96.768	1052	18	15	10	1049	1063	16	0.0	1740
989a946e-f70d-4dae-b53e-856c74151724	NR_179383.1	96.768	1052	18	15	10	1049	1067	20	0.0	1740
989a946e-f70d-4dae-b53e-856c74151724	NR_199545.1	96.768	1052	18	15	10	1049	1060	13	0.0	1740
989a946e-f70d-4dae-b53e-856c74151724	NR_165744.1	96.581	1053	20	15	10	1050	1049	1	0.0	1731
989a946e-f70d-4dae-b53e-856c74151724	NR_179385.1	96.578	1052	20	15	10	1049	1064	17	0.0	1729
80434ec8-4ebd-494a-9ada-a90fb2152e98	NR_175509.1	90.355	985	47	38	7	960	979	12	0.0	1249
80434ec8-4ebd-494a-9ada-a90fb2152e98	NR_113124.1	89.239	985	58	38	7	960	979	12	0.0	1188
80434ec8-4ebd-494a-9ada-a90fb2152e98	NR_115327.1	89.128	975	58	38	7	950	959	2	0.0	1171
80434ec8-4ebd-494a-9ada-a90fb2152e98	NR_029148.1	88.731	985	63	38	7	960	987	20	0.0	1166
80434ec8-4ebd-494a-9ada-a90fb2152e98	NR_113105.1	88.211	984	68	38	7	959	967	1	0.0	1131
bd141319-15b0-4c0c-b7d0-35deb45eb860	NR_125570.1	97.704	784	11	5	1	780	613	1393	0.0	1341
bd141319-15b0-4c0c-b7d0-35deb45eb860	NR_125571.1	97.701	783	12	5	1	780	655	1434	0.0	1341
bd141319-15b0-4c0c-b7d0-35deb45eb860	NR_029097.1	97.721	746	13	3	1	745	631	1373	0.0	1280
bd141319-15b0-4c0c-b7d0-35deb45eb860	NR_042832.1	91.646	790	52	10	1	780	671	1456	0.0	1083
bd141319-15b0-4c0c-b7d0-35deb45eb860	NR_025127.1	93.251	726	47	2	1	725	687	1411	0.0	1068
e7209a53-1b9e-4b96-b7b6-2cabb4e7962c	NR_042928.1	97.963	1129	9	11	18	1137	1124	1	0.0	1945
e7209a53-1b9e-4b96-b7b6-2cabb4e7962c	NR_117719.1	97.361	1137	16	11	18	1145	1144	13	0.0	1921
e7209a53-1b9e-4b96-b7b6-2cabb4e7962c	NR_112026.1	97.932	1112	8	12	18	1120	1106	1	0.0	1914
e7209a53-1b9e-4b96-b7b6-2cabb4e7962c	NR_199547.1	98.101	1106	8	10	18	1114	1104	3	0.0	1914
e7209a53-1b9e-4b96-b7b6-2cabb4e7962c	NR_199545.1	97.186	1137	18	11	18	1145	1144	13	0.0	1910
bf0e535d-5f8f-4950-b546-775ef31f511c	NR_044873.1	91.093	988	48	33	1	962	975	2	0.0	1301
bf0e535d-5f8f-4950-b546-775ef31f511c	NR_074568.1	89.645	985	61	33	4	962	982	13	0.0	1216
bf0e535d-5f8f-4950-b546-775ef31f511c	NR_044712.2	89.239	985	65	33	4	962	991	22	0.0	1201
bf0e535d-5f8f-4950-b546-775ef31f511c	NR_179993.1	88.206	992	73	37	1	964	986	11	0.0	1144
bf0e535d-5f8f-4950-b546-775ef31f511c	NR_109752.1	88.158	988	77	33	1	962	996	23	0.0	1140
70905925-6ed5-4a16-b673-c4c015abb276	NR_036936.1	94.545	165	4	4	20	181	1376	1214	2.52e-66	250
70905925-6ed5-4a16-b673-c4c015abb276	NR_025453.1	94.545	165	4	4	20	181	1376	1214	2.52e-66	250
70905925-6ed5-4a16-b673-c4c015abb276	NR_028666.1	94.545	165	4	4	20	181	1400	1238	2.52e-66	250
70905925-6ed5-4a16-b673-c4c015abb276	NR_028833.1	94.545	165	4	4	20	181	1403	1241	2.52e-66	250
70905925-6ed5-4a16-b673-c4c015abb276	NR_029052.1	94.545	165	4	4	20	181	1364	1202	2.52e-66	250
2dffc4ca-89d1-439d-bb5c-363dff3eb04b	NR_125571.1	96.429	336	7	4	1	332	335	1	3.52e-157	553
2dffc4ca-89d1-439d-bb5c-363dff3eb04b	NR_029097.1	95.192	312	10	4	1	308	311	1	1.01e-137	488
2dffc4ca-89d1-439d-bb5c-363dff3eb04b	NR_125570.1	95.918	294	7	4	1	290	293	1	1.01e-132	472
2dffc4ca-89d1-439d-bb5c-363dff3eb04b	NR_151895.1	84.530	362	40	13	1	352	356	1	2.30e-94	344
2dffc4ca-89d1-439d-bb5c-363dff3eb04b	NR_028740.1	84.358	358	44	9	1	351	359	7	2.98e-93	340
aab6e3b0-f30a-45f8-a9d1-2e94c7f6ad26	NR_179325.1	94.679	545	11	12	1	528	1114	571	0.0	830
aab6e3b0-f30a-45f8-a9d1-2e94c7f6ad26	NR_041880.1	94.495	545	12	12	1	528	1096	553	0.0	824
aab6e3b0-f30a-45f8-a9d1-2e94c7f6ad26	NR_115354.1	94.312	545	13	12	1	528	1140	597	0.0	821
aab6e3b0-f30a-45f8-a9d1-2e94c7f6ad26	NR_074980.1	94.312	545	13	12	1	528	1167	624	0.0	819
aab6e3b0-f30a-45f8-a9d1-2e94c7f6ad26	NR_113031.1	94.312	545	13	12	1	528	1167	624	0.0	819
508bcf18-0ebb-4b08-bd9c-ebd6ebd51a5b	NR_028664.1	95.966	471	8	9	15	481	1033	1496	0.0	754
508bcf18-0ebb-4b08-bd9c-ebd6ebd51a5b	NR_117719.1	95.966	471	8	9	15	481	1030	1493	0.0	754
508bcf18-0ebb-4b08-bd9c-ebd6ebd51a5b	NR_179383.1	95.966	471	8	9	15	481	1037	1500	0.0	754
508bcf18-0ebb-4b08-bd9c-ebd6ebd51a5b	NR_025453.1	95.763	472	8	10	15	481	1012	1476	0.0	750
508bcf18-0ebb-4b08-bd9c-ebd6ebd51a5b	NR_175455.1	95.763	472	8	10	15	481	1018	1482	0.0	750
f32ab707-5751-4b01-87b6-505d5f86a681	NR_115735.1	98.525	1017	9	4	1	1013	450	1464	0.0	1790
f32ab707-5751-4b01-87b6-505d5f86a681	NR_024842.1	98.428	1018	10	4	1	1014	474	1489	0.0	1788
f32ab707-5751-4b01-87b6-505d5f86a681	NR_115241.1	98.225	1014	12	4	1	1010	459	1470	0.0	1773
f32ab707-5751-4b01-87b6-505d5f86a681	NR_036936.1	98.227	1015	11	5	1	1010	459	1471	0.0	1768
f32ab707-5751-4b01-87b6-505d5f86a681	NR_165737.1	98.128	1015	12	5	1	1010	459	1471	0.0	1762
1632a92b-c534-4829-b451-729fffac1eb1	NR_117694.1	96.123	748	12	16	1	737	729	1470	0.0	1205
1632a92b-c534-4829-b451-729fffac1eb1	NR_117692.1	95.856	748	14	16	1	737	729	1470	0.0	1194
1632a92b-c534-4829-b451-729fffac1eb1	NR_025902.1	95.588	748	16	16	1	737	707	1448	0.0	1182
1632a92b-c534-4829-b451-729fffac1eb1	NR_025892.1	95.535	739	16	16	1	728	754	1486	0.0	1171
1632a92b-c534-4829-b451-729fffac1eb1	NR_121687.1	95.321	748	18	16	1	737	749	1490	0.0	1171
38f24836-745e-4920-8419-110403c7c9ec	NR_125570.1	95.833	1320	27	20	1	1302	86	1395	0.0	2108
38f24836-745e-4920-8419-110403c7c9ec	NR_125571.1	95.455	1320	31	21	1	1302	128	1436	0.0	2080
38f24836-745e-4920-8419-110403c7c9ec	NR_029097.1	95.554	1282	29	20	1	1265	104	1374	0.0	2026
38f24836-745e-4920-8419-110403c7c9ec	NR_026409.1	91.014	1213	82	20	114	1308	272	1475	0.0	1611
38f24836-745e-4920-8419-110403c7c9ec	NR_026100.1	90.932	1213	83	20	114	1308	254	1457	0.0	1607
9f5e92b3-c74d-414f-a7c0-fdfd11b53bb1	NR_024659.1	93.220	118	6	2	1	117	1330	1214	3.32e-43	172
9f5e92b3-c74d-414f-a7c0-fdfd11b53bb1	NR_024842.1	93.220	118	6	2	1	117	1364	1248	3.32e-43	172
9f5e92b3-c74d-414f-a7c0-fdfd11b53bb1	NR_036936.1	93.220	118	6	2	1	117	1349	1233	3.32e-43	172
9f5e92b3-c74d-414f-a7c0-fdfd11b53bb1	NR_025453.1	93.220	118	6	2	1	117	1349	1233	3.32e-43	172
9f5e92b3-c74d-414f-a7c0-fdfd11b53bb1	NR_028666.1	93.220	118	6	2	1	117	1373	1257	3.32e-43	172
2de9b00e-1f2a-46cb-8111-1e10f50ed047	NR_024785.1	94.574	129	4	3	1	127	1226	1099	2.20e-50	196
2de9b00e-1f2a-46cb-8111-1e10f50ed047	NR_042167.1	96.639	119	3	1	9	127	1251	1134	2.20e-50	196
2de9b00e-1f2a-46cb-8111-1e10f50ed047	NR_044873.1	94.574	129	4	2	1	127	1261	1134	2.20e-50	196
2de9b00e-1f2a-46cb-8111-1e10f50ed047	NR_074568.1	94.574	129	4	2	1	127	1271	1144	2.20e-50	196
2de9b00e-1f2a-46cb-8111-1e10f50ed047	NR_119241.1	96.639	119	3	1	9	127	1207	1090	2.20e-50	196
e6e65fc6-9f56-4a6c-b104-1fbc957de0b6	NR_074980.1	96.842	95	2	1	1	94	107	13	7.04e-39	158
e6e65fc6-9f56-4a6c-b104-1fbc957de0b6	NR_113031.1	96.842	95	2	1	1	94	107	13	7.04e-39	158
e6e65fc6-9f56-4a6c-b104-1fbc957de0b6	NR_163639.1	96.842	95	2	1	1	94	99	5	7.04e-39	158
e6e65fc6-9f56-4a6c-b104-1fbc957de0b6	NR_113376.1	95.789	95	3	1	1	94	107	13	3.28e-37	152
e6e65fc6-9f56-4a6c-b104-1fbc957de0b6	NR_119168.1	97.647	85	2	0	1	85	85	1	1.52e-35	147
e9a6bed9-123d-4693-83cf-9f305ab4d939	NR_028665.1	96.457	254	5	4	1	251	1237	1489	3.43e-116	416
e9a6bed9-123d-4693-83cf-9f305ab4d939	NR_104972.1	96.457	254	5	4	1	251	1222	1474	3.43e-116	416
e9a6bed9-123d-4693-83cf-9f305ab4d939	NR_156072.1	96.457	254	5	4	1	251	1242	1494	3.43e-116	416
e9a6bed9-123d-4693-83cf-9f305ab4d939	NR_158064.1	96.457	254	6	3	1	251	1244	1497	3.43e-116	416
e9a6bed9-123d-4693-83cf-9f305ab4d939	NR_179385.1	96.457	254	5	4	1	251	1244	1496	3.43e-116	416
ce1734b2-ff08-4915-8d8d-9da7fd7abeec	NR_136788.1	88.430	242	15	8	4	240	247	14	4.38e-75	279
ce1734b2-ff08-4915-8d8d-9da7fd7abeec	NR_113082.1	87.603	242	17	8	4	240	247	14	9.48e-72	268
ce1734b2-ff08-4915-8d8d-9da7fd7abeec	NR_026230.1	86.792	212	17	9	4	212	225	22	9.61e-62	235
ce1734b2-ff08-4915-8d8d-9da7fd7abeec	NR_074234.1	82.305	243	28	12	4	240	254	21	4.54e-50	196
ce1734b2-ff08-4915-8d8d-9da7fd7abeec	NR_113086.1	82.305	243	28	12	4	240	247	14	4.54e-50	196
76b72105-4f0d-4b6f-a0a2-5d528c361777	NR_025036.1	96.078	51	1	1	1	50	1447	1497	1.88e-16	82.4
76b72105-4f0d-4b6f-a0a2-5d528c361777	NR_044912.1	96.078	51	1	1	1	50	1383	1433	1.88e-16	82.4
76b72105-4f0d-4b6f-a0a2-5d528c361777	NR_134817.1	96.078	51	1	1	1	50	1441	1491	1.88e-16	82.4
76b72105-4f0d-4b6f-a0a2-5d528c361777	NR_179540.1	96.078	51	1	1	1	50	1446	1496	1.88e-16	82.4
76b72105-4f0d-4b6f-a0a2-5d528c361777	NR_024842.1	95.918	49	1	1	3	50	1445	1493	2.43e-15	78.7
09efe90e-b0fe-442e-96eb-aca99626ce87	NR_115355.1	96.923	260	0	3	1	255	1465	1209	4.41e-120	429
09efe90e-b0fe-442e-96eb-aca99626ce87	NR_163639.1	96.923	260	0	3	1	255	1480	1224	4.41e-120	429
09efe90e-b0fe-442e-96eb-aca99626ce87	NR_179325.1	96.923	260	0	3	1	255	1439	1183	4.41e-120	429
09efe90e-b0fe-442e-96eb-aca99626ce87	NR_119169.1	96.538	260	1	3	1	255	1470	1214	2.05e-118	424
09efe90e-b0fe-442e-96eb-aca99626ce87	NR_115354.1	96.154	260	2	3	1	255	1465	1209	9.54e-117	418
c6d31245-9f5e-4a19-8976-1121dfc96b9c	NR_043034.1	98.077	156	3	0	1	156	1268	1423	4.62e-73	272
c6d31245-9f5e-4a19-8976-1121dfc96b9c	NR_042683.1	98.077	156	3	0	1	156	1305	1460	4.62e-73	272
c6d31245-9f5e-4a19-8976-1121dfc96b9c	NR_114914.1	98.077	156	3	0	1	156	1275	1430	4.62e-73	272
c6d31245-9f5e-4a19-8976-1121dfc96b9c	NR_115081.1	98.077	156	3	0	1	156	1311	1466	4.62e-73	272
c6d31245-9f5e-4a19-8976-1121dfc96b9c	NR_116923.1	98.077	156	3	0	1	156	1291	1446	4.62e-73	272
0511f4e5-f72b-4d83-9321-94718ddb7937	NR_041880.1	100.000	86	0	0	1	86	1297	1212	2.39e-39	159
0511f4e5-f72b-4d83-9321-94718ddb7937	NR_025762.1	100.000	86	0	0	1	86	1319	1234	2.39e-39	159
0511f4e5-f72b-4d83-9321-94718ddb7937	NR_041879.1	100.000	86	0	0	1	86	1299	1214	2.39e-39	159
0511f4e5-f72b-4d83-9321-94718ddb7937	NR_115354.1	100.000	86	0	0	1	86	1341	1256	2.39e-39	159
0511f4e5-f72b-4d83-9321-94718ddb7937	NR_115355.1	100.000	86	0	0	1	86	1341	1256	2.39e-39	159
e8ad263e-5b9b-4cd2-8f6e-6f16d4f24a41	NR_044873.1	94.922	256	5	6	1	252	868	617	1.65e-109	394
e8ad263e-5b9b-4cd2-8f6e-6f16d4f24a41	NR_074568.1	94.531	256	6	6	1	252	878	627	7.67e-108	388
e8ad263e-5b9b-4cd2-8f6e-6f16d4f24a41	NR_044712.2	94.531	256	6	6	1	252	887	636	7.67e-108	388
e8ad263e-5b9b-4cd2-8f6e-6f16d4f24a41	NR_043968.1	94.531	256	6	6	1	252	836	585	7.67e-108	388
e8ad263e-5b9b-4cd2-8f6e-6f16d4f24a41	NR_024785.1	94.141	256	7	6	1	252	834	583	3.57e-106	383
359ec9df-7843-417b-a464-cd2b904fa10a	NR_043604.1	92.933	283	8	9	1	275	659	381	1.03e-111	401
359ec9df-7843-417b-a464-cd2b904fa10a	NR_043607.1	92.933	283	8	9	1	275	658	380	1.03e-111	401
359ec9df-7843-417b-a464-cd2b904fa10a	NR_118512.1	92.933	283	8	9	1	275	659	381	1.03e-111	401
359ec9df-7843-417b-a464-cd2b904fa10a	NR_118524.1	92.933	283	8	9	1	275	658	380	1.03e-111	401
359ec9df-7843-417b-a464-cd2b904fa10a	NR_156802.1	92.580	283	9	9	1	275	680	402	4.77e-110	396
d896263e-8447-4fcd-bdfb-06a39e4c8aaf	NR_115355.1	87.243	243	16	12	1	231	1271	1032	4.29e-70	263
d896263e-8447-4fcd-bdfb-06a39e4c8aaf	NR_041879.1	86.885	244	16	13	1	231	1229	989	5.55e-69	259
d896263e-8447-4fcd-bdfb-06a39e4c8aaf	NR_163639.1	86.831	243	17	12	1	231	1286	1047	2.00e-68	257
d896263e-8447-4fcd-bdfb-06a39e4c8aaf	NR_179325.1	86.831	243	17	12	1	231	1245	1006	2.00e-68	257
d896263e-8447-4fcd-bdfb-06a39e4c8aaf	NR_119169.1	86.420	243	18	12	1	231	1276	1037	7.18e-68	255
e4a81227-0522-4cae-ac35-618c14bb6ea4	NR_042878.1	93.233	133	5	2	1	132	1356	1227	2.97e-49	193
e4a81227-0522-4cae-ac35-618c14bb6ea4	NR_116168.1	93.233	133	5	2	1	132	1377	1248	2.97e-49	193
e4a81227-0522-4cae-ac35-618c14bb6ea4	NR_118762.1	93.233	133	5	2	1	132	1379	1250	2.97e-49	193
e4a81227-0522-4cae-ac35-618c14bb6ea4	NR_025073.1	90.977	133	8	2	1	132	1379	1250	2.99e-44	176
e4a81227-0522-4cae-ac35-618c14bb6ea4	NR_024897.1	94.595	111	5	1	1	110	1376	1266	1.39e-42	171
f59cf122-e1a5-45b0-9dda-ee211eee5ad9	NR_024841.1	96.154	130	3	2	1	130	1407	1280	8.14e-55	211
f59cf122-e1a5-45b0-9dda-ee211eee5ad9	NR_024842.1	96.154	130	3	2	1	130	1408	1281	8.14e-55	211
f59cf122-e1a5-45b0-9dda-ee211eee5ad9	NR_036936.1	96.154	130	3	2	1	130	1393	1266	8.14e-55	211
f59cf122-e1a5-45b0-9dda-ee211eee5ad9	NR_041722.2	96.154	130	3	2	1	130	1428	1301	8.14e-55	211
f59cf122-e1a5-45b0-9dda-ee211eee5ad9	NR_025453.1	96.154	130	3	2	1	130	1393	1266	8.14e-55	211
03e68c2a-d2d8-4e24-a59c-9f933f133c4c	NR_028899.1	93.043	115	5	3	1	114	672	560	5.44e-41	165
03e68c2a-d2d8-4e24-a59c-9f933f133c4c	NR_104947.1	93.043	115	5	3	1	114	687	575	5.44e-41	165
03e68c2a-d2d8-4e24-a59c-9f933f133c4c	NR_117717.1	93.043	115	5	3	1	114	735	623	5.44e-41	165
03e68c2a-d2d8-4e24-a59c-9f933f133c4c	NR_121687.1	93.043	115	5	3	1	114	734	622	5.44e-41	165
03e68c2a-d2d8-4e24-a59c-9f933f133c4c	NR_121688.1	93.043	115	5	3	1	114	734	622	5.44e-41	165
dd1f96b9-cf58-4424-b7fc-104a1d789869	NR_115560.1	92.353	170	10	3	3	170	180	12	5.06e-63	239
dd1f96b9-cf58-4424-b7fc-104a1d789869	NR_028664.1	92.308	169	10	3	3	169	183	16	1.82e-62	237
dd1f96b9-cf58-4424-b7fc-104a1d789869	NR_028665.1	92.308	169	10	3	3	169	177	10	1.82e-62	237
dd1f96b9-cf58-4424-b7fc-104a1d789869	NR_179383.1	92.308	169	10	3	3	169	187	20	1.82e-62	237
dd1f96b9-cf58-4424-b7fc-104a1d789869	NR_114172.1	93.168	161	8	3	3	161	160	1	2.35e-61	233
8c590916-cf6d-41b7-b2bf-9115c7540cfa	NR_025453.1	96.393	305	5	4	16	317	1175	1476	1.50e-140	497
8c590916-cf6d-41b7-b2bf-9115c7540cfa	NR_036936.1	97.603	292	2	3	16	304	1175	1464	5.41e-140	496
8c590916-cf6d-41b7-b2bf-9115c7540cfa	NR_028666.1	97.603	292	2	3	16	304	1199	1488	5.41e-140	496
8c590916-cf6d-41b7-b2bf-9115c7540cfa	NR_028833.1	97.603	292	2	3	16	304	1202	1491	5.41e-140	496
8c590916-cf6d-41b7-b2bf-9115c7540cfa	NR_029052.1	97.603	292	2	3	16	304	1163	1452	5.41e-140	496
b8058383-6c9c-4d54-ba38-e7b8b1e15be7	NR_025689.1	97.872	94	0	2	1	93	1482	1390	5.52e-40	161
b8058383-6c9c-4d54-ba38-e7b8b1e15be7	NR_179157.1	97.826	92	0	2	3	93	1480	1390	7.14e-39	158
b8058383-6c9c-4d54-ba38-e7b8b1e15be7	NR_024842.1	96.809	94	1	2	1	93	1487	1395	2.57e-38	156
b8058383-6c9c-4d54-ba38-e7b8b1e15be7	NR_041706.1	96.809	94	1	2	1	93	1482	1390	2.57e-38	156
b8058383-6c9c-4d54-ba38-e7b8b1e15be7	NR_042052.1	96.809	94	1	2	1	93	1395	1303	2.57e-38	156
3e81a81f-62a5-49f1-a6c1-8d124c92d96c	NR_026030.1	98.913	92	0	1	1	91	599	690	1.47e-40	163
3e81a81f-62a5-49f1-a6c1-8d124c92d96c	NR_042871.1	98.913	92	0	1	1	91	597	688	1.47e-40	163
3e81a81f-62a5-49f1-a6c1-8d124c92d96c	NR_042878.1	98.913	92	0	1	1	91	595	686	1.47e-40	163
3e81a81f-62a5-49f1-a6c1-8d124c92d96c	NR_116168.1	98.913	92	0	1	1	91	616	707	1.47e-40	163
3e81a81f-62a5-49f1-a6c1-8d124c92d96c	NR_118142.1	98.913	92	0	1	1	91	595	686	1.47e-40	163
42ef55ba-7a23-44e6-8881-7fe6349dbfb1	NR_024659.1	91.620	179	11	3	1	176	701	878	1.17e-64	244
42ef55ba-7a23-44e6-8881-7fe6349dbfb1	NR_028664.1	91.620	179	11	3	1	176	741	918	1.17e-64	244
42ef55ba-7a23-44e6-8881-7fe6349dbfb1	NR_042927.1	91.620	179	11	3	1	176	720	897	1.17e-64	244
42ef55ba-7a23-44e6-8881-7fe6349dbfb1	NR_114413.1	91.620	179	11	3	1	176	743	920	1.17e-64	244
42ef55ba-7a23-44e6-8881-7fe6349dbfb1	NR_115240.1	91.620	179	11	3	1	176	718	895	1.17e-64	244
c7024a24-d738-4cca-95dc-905831261d20	NR_043968.1	89.595	173	11	5	1	167	578	407	2.98e-55	213
c7024a24-d738-4cca-95dc-905831261d20	NR_179993.1	89.595	173	11	5	1	167	621	450	2.98e-55	213
c7024a24-d738-4cca-95dc-905831261d20	NR_025083.1	89.017	173	12	3	1	167	586	415	1.39e-53	207
c7024a24-d738-4cca-95dc-905831261d20	NR_025310.1	89.017	173	12	5	1	167	600	429	1.39e-53	207
c7024a24-d738-4cca-95dc-905831261d20	NR_027199.1	89.017	173	12	3	1	167	604	433	1.39e-53	207
5bad35ef-195a-4479-b070-eada007b313a	NR_028664.1	94.083	169	8	2	1	168	183	16	4.88e-68	255
5bad35ef-195a-4479-b070-eada007b313a	NR_028665.1	94.083	169	8	2	1	168	177	10	4.88e-68	255
5bad35ef-195a-4479-b070-eada007b313a	NR_115560.1	94.083	169	8	2	1	168	180	13	4.88e-68	255
5bad35ef-195a-4479-b070-eada007b313a	NR_179383.1	94.083	169	8	2	1	168	187	20	4.88e-68	255
5bad35ef-195a-4479-b070-eada007b313a	NR_114172.1	96.154	156	5	1	1	155	160	5	1.76e-67	254
fb5075ef-027e-46f3-9830-ccdcfbeda97d	NR_102895.1	94.167	120	5	2	1	118	140	21	5.69e-46	182
fb5075ef-027e-46f3-9830-ccdcfbeda97d	NR_113105.1	93.333	120	6	2	1	118	120	1	2.65e-44	176
fb5075ef-027e-46f3-9830-ccdcfbeda97d	NR_113113.1	93.333	120	6	2	1	118	120	1	2.65e-44	176
fb5075ef-027e-46f3-9830-ccdcfbeda97d	NR_029148.1	92.500	120	7	1	1	118	140	21	3.42e-43	172
fb5075ef-027e-46f3-9830-ccdcfbeda97d	NR_113099.1	93.220	118	6	2	2	117	118	1	3.42e-43	172
520a1dff-174b-428f-8a07-62cc75101680	NR_044912.1	97.516	161	0	3	1	157	1269	1429	4.62e-73	272
520a1dff-174b-428f-8a07-62cc75101680	NR_134817.1	97.516	161	0	3	1	157	1327	1487	4.62e-73	272
520a1dff-174b-428f-8a07-62cc75101680	NR_179540.1	97.516	161	0	3	1	157	1332	1492	4.62e-73	272
520a1dff-174b-428f-8a07-62cc75101680	NR_024842.1	96.894	161	1	3	1	157	1329	1489	2.15e-71	267
520a1dff-174b-428f-8a07-62cc75101680	NR_042052.1	96.894	161	1	3	1	157	1237	1397	2.15e-71	267
b7a7a14c-876f-4ef6-9a23-cbf9d8829888	NR_028698.1	85.507	69	5	4	2	65	1401	1333	7.47e-12	67.6
b7a7a14c-876f-4ef6-9a23-cbf9d8829888	NR_037052.1	85.507	69	5	4	2	65	1374	1306	7.47e-12	67.6
b7a7a14c-876f-4ef6-9a23-cbf9d8829888	NR_025948.1	85.507	69	5	4	2	65	1375	1307	7.47e-12	67.6
b7a7a14c-876f-4ef6-9a23-cbf9d8829888	NR_024948.1	85.507	69	5	4	2	65	1370	1302	7.47e-12	67.6
b7a7a14c-876f-4ef6-9a23-cbf9d8829888	NR_025377.1	85.507	69	5	4	2	65	1372	1304	7.47e-12	67.6
2733de94-40ab-4444-b7c3-9fa45b997cb3	NR_136788.1	94.022	184	4	5	12	191	193	13	5.65e-73	272
2733de94-40ab-4444-b7c3-9fa45b997cb3	NR_113082.1	95.882	170	2	3	25	191	180	13	2.03e-72	270
2733de94-40ab-4444-b7c3-9fa45b997cb3	NR_152035.1	93.902	164	5	3	31	191	175	14	4.43e-64	243
2733de94-40ab-4444-b7c3-9fa45b997cb3	NR_074234.1	92.353	170	8	3	25	191	187	20	2.06e-62	237
2733de94-40ab-4444-b7c3-9fa45b997cb3	NR_113086.1	92.353	170	8	3	25	191	180	13	2.06e-62	237
4f388556-ea97-4547-91d1-76b0cbe781cc	NR_025144.1	91.379	116	5	5	17	130	1396	1284	1.37e-37	154
4f388556-ea97-4547-91d1-76b0cbe781cc	NR_025891.1	91.379	116	5	5	17	130	1420	1308	1.37e-37	154
4f388556-ea97-4547-91d1-76b0cbe781cc	NR_025892.1	91.379	116	5	5	17	130	1419	1307	1.37e-37	154
4f388556-ea97-4547-91d1-76b0cbe781cc	NR_025902.1	91.379	116	5	5	17	130	1372	1260	1.37e-37	154
4f388556-ea97-4547-91d1-76b0cbe781cc	NR_028844.1	91.379	116	5	5	17	130	1403	1291	1.37e-37	154
