59328cfc-e0d1-4e3d-a02a-c044e5b4540b	NR_113570.1	92.842	475	16	16	1	463	1219	751	0.0	673
59328cfc-e0d1-4e3d-a02a-c044e5b4540b	NR_025762.1	92.632	475	17	16	1	463	1190	722	0.0	667
59328cfc-e0d1-4e3d-a02a-c044e5b4540b	NR_115355.1	92.632	475	17	16	1	463	1212	744	0.0	667
59328cfc-e0d1-4e3d-a02a-c044e5b4540b	NR_179325.1	92.632	475	17	16	1	463	1186	718	0.0	667
59328cfc-e0d1-4e3d-a02a-c044e5b4540b	NR_115354.1	92.421	475	18	16	1	463	1212	744	0.0	664
15b3738a-f45d-4c58-ae14-6b0f935361b4	NR_028664.1	97.285	442	8	4	6	445	997	1436	0.0	747
15b3738a-f45d-4c58-ae14-6b0f935361b4	NR_115240.1	97.285	442	8	4	6	445	974	1413	0.0	747
15b3738a-f45d-4c58-ae14-6b0f935361b4	NR_115732.1	97.285	442	8	4	6	445	976	1415	0.0	747
15b3738a-f45d-4c58-ae14-6b0f935361b4	NR_118234.1	97.285	442	8	4	6	445	993	1432	0.0	747
15b3738a-f45d-4c58-ae14-6b0f935361b4	NR_036936.1	97.059	442	9	4	6	445	976	1415	0.0	741
2f5257fb-e529-4c20-a81b-a8a1ae6f230a	NR_026419.1	95.180	1058	24	21	1	1039	436	1485	0.0	1646
2f5257fb-e529-4c20-a81b-a8a1ae6f230a	NR_025903.1	94.140	1058	34	22	1	1039	448	1496	0.0	1585
2f5257fb-e529-4c20-a81b-a8a1ae6f230a	NR_025904.1	94.011	1052	31	25	9	1039	455	1495	0.0	1565
2f5257fb-e529-4c20-a81b-a8a1ae6f230a	NR_133753.1	94.095	1033	34	21	1	1014	402	1426	0.0	1544
2f5257fb-e529-4c20-a81b-a8a1ae6f230a	NR_133752.1	93.901	1033	36	21	1	1014	373	1397	0.0	1533
4fcb2b28-c0a9-4c63-84f3-dce0297f06aa	NR_136788.1	94.449	1279	35	21	1	1253	1282	14	0.0	1936
4fcb2b28-c0a9-4c63-84f3-dce0297f06aa	NR_113082.1	92.097	1278	63	23	3	1253	1280	14	0.0	1766
4fcb2b28-c0a9-4c63-84f3-dce0297f06aa	NR_026230.1	91.397	1267	73	22	3	1242	1258	1	0.0	1725
4fcb2b28-c0a9-4c63-84f3-dce0297f06aa	NR_152035.1	85.759	1285	133	37	3	1253	1283	15	0.0	1314
4fcb2b28-c0a9-4c63-84f3-dce0297f06aa	NR_113125.1	83.735	1285	152	44	3	1253	1275	14	0.0	1162
bdac6f6f-d984-4aa2-b6df-7700a07a120f	NR_179325.1	93.861	1466	39	36	1	1425	1	1456	0.0	2161
bdac6f6f-d984-4aa2-b6df-7700a07a120f	NR_115355.1	93.788	1465	41	35	1	1425	28	1482	0.0	2159
bdac6f6f-d984-4aa2-b6df-7700a07a120f	NR_119169.1	93.515	1465	45	35	1	1425	33	1487	0.0	2141
bdac6f6f-d984-4aa2-b6df-7700a07a120f	NR_163639.1	93.520	1466	39	41	1	1425	47	1497	0.0	2130
bdac6f6f-d984-4aa2-b6df-7700a07a120f	NR_113570.1	92.916	1468	50	40	1	1425	34	1490	0.0	2085
769baae3-f5fe-4129-8dd6-be0955e133f8	NR_044873.1	93.813	986	36	20	27	994	487	1465	0.0	1459
769baae3-f5fe-4129-8dd6-be0955e133f8	NR_074568.1	92.464	982	54	16	27	994	498	1473	0.0	1386
769baae3-f5fe-4129-8dd6-be0955e133f8	NR_043968.1	92.269	983	54	18	27	994	456	1431	0.0	1375
769baae3-f5fe-4129-8dd6-be0955e133f8	NR_044712.2	92.103	975	57	16	27	987	507	1475	0.0	1363
769baae3-f5fe-4129-8dd6-be0955e133f8	NR_109752.1	91.980	985	55	19	27	994	509	1486	0.0	1360
8d0d6037-1398-4a94-ad8d-ed0701777b6d	NR_178515.1	94.377	907	27	20	1	891	108	1006	0.0	1371
8d0d6037-1398-4a94-ad8d-ed0701777b6d	NR_165737.1	94.267	907	28	19	1	891	108	1006	0.0	1365
8d0d6037-1398-4a94-ad8d-ed0701777b6d	NR_036936.1	94.046	907	30	20	1	891	108	1006	0.0	1354
8d0d6037-1398-4a94-ad8d-ed0701777b6d	NR_115241.1	94.020	903	30	20	5	891	112	1006	0.0	1347
8d0d6037-1398-4a94-ad8d-ed0701777b6d	NR_115735.1	94.020	903	30	20	5	891	103	997	0.0	1347
27f2765b-e4cd-4669-b99f-89c2722903b4	NR_044873.1	97.243	653	7	8	25	673	820	1465	0.0	1096
27f2765b-e4cd-4669-b99f-89c2722903b4	NR_074568.1	95.859	652	16	8	25	673	830	1473	0.0	1044
27f2765b-e4cd-4669-b99f-89c2722903b4	NR_025310.1	95.260	654	18	10	25	673	810	1455	0.0	1024
27f2765b-e4cd-4669-b99f-89c2722903b4	NR_109752.1	95.253	653	20	8	25	673	841	1486	0.0	1024
27f2765b-e4cd-4669-b99f-89c2722903b4	NR_044712.2	95.899	634	18	7	25	655	839	1467	0.0	1024
968d03d8-7bc7-4b85-a7cc-37d94c5faf30	NR_028682.1	87.744	359	28	15	1	349	1268	916	1.03e-112	405
968d03d8-7bc7-4b85-a7cc-37d94c5faf30	NR_026454.1	87.744	359	28	15	1	349	1244	892	1.03e-112	405
968d03d8-7bc7-4b85-a7cc-37d94c5faf30	NR_025862.1	87.465	359	29	15	1	349	1267	915	1.33e-111	401
968d03d8-7bc7-4b85-a7cc-37d94c5faf30	NR_042500.1	86.908	359	31	15	1	349	1198	846	1.03e-107	388
968d03d8-7bc7-4b85-a7cc-37d94c5faf30	NR_040926.1	88.131	337	25	14	22	349	1224	894	3.72e-107	387
784facef-207a-4b5a-a2f3-90829a0b58c2	NR_025903.1	94.402	1036	37	21	1	1021	1034	5	0.0	1572
784facef-207a-4b5a-a2f3-90829a0b58c2	NR_133753.1	94.822	985	31	20	1	971	988	10	0.0	1519
784facef-207a-4b5a-a2f3-90829a0b58c2	NR_026419.1	93.482	1028	45	22	1	1012	1022	1	0.0	1507
784facef-207a-4b5a-a2f3-90829a0b58c2	NR_025904.1	93.064	1038	47	25	1	1021	1033	4	0.0	1495
784facef-207a-4b5a-a2f3-90829a0b58c2	NR_133752.1	94.715	965	32	19	1	952	959	1	0.0	1482
c18ae186-f97a-48b3-af14-cf2e9a4b7ff8	NR_074980.1	89.641	502	36	14	1	491	509	13	1.04e-178	625
c18ae186-f97a-48b3-af14-cf2e9a4b7ff8	NR_113031.1	89.641	502	36	14	1	491	509	13	1.04e-178	625
c18ae186-f97a-48b3-af14-cf2e9a4b7ff8	NR_119168.1	89.796	490	34	14	1	479	487	3	2.26e-175	614
c18ae186-f97a-48b3-af14-cf2e9a4b7ff8	NR_113570.1	89.537	497	29	17	1	482	489	1	1.05e-173	608
c18ae186-f97a-48b3-af14-cf2e9a4b7ff8	NR_117759.1	89.592	490	35	14	1	479	485	1	1.05e-173	608
41ce0834-ba0b-49b1-8e5f-3e293056d981	NR_175455.1	92.060	1209	55	39	1	1184	1409	217	0.0	1663
41ce0834-ba0b-49b1-8e5f-3e293056d981	NR_179383.1	92.060	1209	55	39	1	1184	1428	236	0.0	1663
41ce0834-ba0b-49b1-8e5f-3e293056d981	NR_199544.1	92.060	1209	55	39	1	1184	1379	187	0.0	1663
41ce0834-ba0b-49b1-8e5f-3e293056d981	NR_042927.1	91.977	1209	56	39	1	1184	1403	211	0.0	1657
41ce0834-ba0b-49b1-8e5f-3e293056d981	NR_114413.1	91.977	1209	56	39	1	1184	1426	234	0.0	1657
ca077559-edea-44d8-965b-10bbc688532e	NR_117694.1	97.989	1293	13	12	1	1286	181	1467	0.0	2231
ca077559-edea-44d8-965b-10bbc688532e	NR_121687.1	97.138	1293	24	12	1	1286	201	1487	0.0	2170
ca077559-edea-44d8-965b-10bbc688532e	NR_117692.1	97.059	1292	27	10	1	1286	181	1467	0.0	2165
ca077559-edea-44d8-965b-10bbc688532e	NR_025902.1	96.904	1292	29	10	1	1286	159	1445	0.0	2154
ca077559-edea-44d8-965b-10bbc688532e	NR_025892.1	96.345	1286	35	11	1	1280	207	1486	0.0	2130
405f11f9-db93-492b-a57e-552205aaa9dc	NR_024842.1	97.000	300	8	1	1	299	305	6	8.45e-143	505
405f11f9-db93-492b-a57e-552205aaa9dc	NR_115241.1	97.241	290	7	1	1	289	290	1	2.37e-138	490
405f11f9-db93-492b-a57e-552205aaa9dc	NR_115735.1	96.797	281	7	2	1	279	281	1	1.11e-131	468
405f11f9-db93-492b-a57e-552205aaa9dc	NR_114413.1	94.667	300	15	1	1	299	313	14	1.43e-130	464
405f11f9-db93-492b-a57e-552205aaa9dc	NR_165737.1	95.533	291	10	3	1	289	290	1	5.16e-130	462
1ca5e21d-0c1f-4697-af26-f0c5efd90435	NR_025862.1	91.492	764	34	23	1	745	762	11	0.0	1029
1ca5e21d-0c1f-4697-af26-f0c5efd90435	NR_028682.1	89.737	760	43	28	1	739	763	18	0.0	939
1ca5e21d-0c1f-4697-af26-f0c5efd90435	NR_026454.1	87.617	751	56	28	1	726	739	1	0.0	837
1ca5e21d-0c1f-4697-af26-f0c5efd90435	NR_042406.1	86.292	766	62	29	1	736	753	1	0.0	793
1ca5e21d-0c1f-4697-af26-f0c5efd90435	NR_119263.1	85.956	769	65	32	1	739	760	5	0.0	782
68d616d2-4fbe-4909-939d-f6b9405be7be	NR_026419.1	95.580	1199	25	22	1	1175	290	1484	0.0	1895
68d616d2-4fbe-4909-939d-f6b9405be7be	NR_025903.1	94.829	1199	33	23	1	1175	302	1495	0.0	1844
68d616d2-4fbe-4909-939d-f6b9405be7be	NR_025904.1	94.333	1200	37	24	1	1175	301	1494	0.0	1810
68d616d2-4fbe-4909-939d-f6b9405be7be	NR_133753.1	94.809	1175	33	22	1	1151	256	1426	0.0	1807
68d616d2-4fbe-4909-939d-f6b9405be7be	NR_133752.1	94.638	1175	35	22	1	1151	227	1397	0.0	1796
71992766-b483-4ab5-a72d-b517e0ec809c	NR_199541.1	96.726	1069	23	9	1	1065	231	1291	0.0	1770
71992766-b483-4ab5-a72d-b517e0ec809c	NR_028664.1	96.632	1069	24	9	1	1065	276	1336	0.0	1764
71992766-b483-4ab5-a72d-b517e0ec809c	NR_115240.1	96.632	1069	24	9	1	1065	253	1313	0.0	1764
71992766-b483-4ab5-a72d-b517e0ec809c	NR_115732.1	96.632	1069	24	9	1	1065	255	1315	0.0	1764
71992766-b483-4ab5-a72d-b517e0ec809c	NR_116207.1	96.632	1069	24	9	1	1065	118	1178	0.0	1764
f1311d88-c88d-4f7b-b796-3527bc75144b	NR_074980.1	96.235	425	8	8	3	423	433	13	0.0	689
f1311d88-c88d-4f7b-b796-3527bc75144b	NR_113031.1	96.235	425	8	8	3	423	433	13	0.0	689
f1311d88-c88d-4f7b-b796-3527bc75144b	NR_119168.1	96.386	415	7	8	3	413	411	1	0.0	676
f1311d88-c88d-4f7b-b796-3527bc75144b	NR_163639.1	95.775	426	7	11	3	424	422	4	0.0	676
f1311d88-c88d-4f7b-b796-3527bc75144b	NR_119170.1	96.145	415	8	7	3	413	411	1	0.0	673
00f0c1a8-6b8d-4a90-b40f-3a0a3700adbd	NR_117694.1	96.729	214	4	3	1	214	1195	985	2.22e-97	353
00f0c1a8-6b8d-4a90-b40f-3a0a3700adbd	NR_041989.1	96.262	214	5	3	1	214	1153	943	1.03e-95	348
00f0c1a8-6b8d-4a90-b40f-3a0a3700adbd	NR_156926.1	96.262	214	5	3	1	214	1163	953	1.03e-95	348
00f0c1a8-6b8d-4a90-b40f-3a0a3700adbd	NR_028900.1	95.794	214	6	3	1	214	1153	943	4.80e-94	342
00f0c1a8-6b8d-4a90-b40f-3a0a3700adbd	NR_043458.1	95.794	214	6	3	1	214	1216	1006	4.80e-94	342
f323e63c-c619-4c7d-ba32-394cbe3a7a69	NR_114413.1	97.220	1223	22	11	1	1215	1234	16	0.0	2060
f323e63c-c619-4c7d-ba32-394cbe3a7a69	NR_042927.1	97.355	1210	21	10	1	1202	1211	5	0.0	2047
f323e63c-c619-4c7d-ba32-394cbe3a7a69	NR_115734.1	97.190	1210	23	10	1	1202	1212	6	0.0	2039
f323e63c-c619-4c7d-ba32-394cbe3a7a69	NR_042928.1	96.694	1210	27	12	1	1202	1209	5	0.0	2001
f323e63c-c619-4c7d-ba32-394cbe3a7a69	NR_028664.1	96.321	1223	31	13	1	1215	1232	16	0.0	1997
7fb6fa15-8522-4beb-9ef0-7a3e3b3b9acd	NR_042928.1	95.478	1371	23	27	1	1345	1358	1	0.0	2152
7fb6fa15-8522-4beb-9ef0-7a3e3b3b9acd	NR_117719.1	94.851	1379	32	27	1	1353	1378	13	0.0	2117
7fb6fa15-8522-4beb-9ef0-7a3e3b3b9acd	NR_199547.1	95.475	1348	23	26	1	1322	1338	3	0.0	2117
7fb6fa15-8522-4beb-9ef0-7a3e3b3b9acd	NR_028664.1	94.779	1379	33	27	1	1353	1381	16	0.0	2111
7fb6fa15-8522-4beb-9ef0-7a3e3b3b9acd	NR_179540.1	94.783	1380	31	29	1	1353	1378	13	0.0	2111
8815b522-1fdc-4778-a8f9-61a6cb1fc000	NR_115355.1	96.943	1014	17	12	1	1004	476	1485	0.0	1688
8815b522-1fdc-4778-a8f9-61a6cb1fc000	NR_179325.1	96.943	1014	17	12	1	1004	450	1459	0.0	1688
8815b522-1fdc-4778-a8f9-61a6cb1fc000	NR_163639.1	96.749	1015	16	15	1	1004	492	1500	0.0	1676
8815b522-1fdc-4778-a8f9-61a6cb1fc000	NR_119169.1	96.647	1014	20	12	1	1004	481	1490	0.0	1674
8815b522-1fdc-4778-a8f9-61a6cb1fc000	NR_115354.1	96.154	1014	25	12	1	1004	476	1485	0.0	1648
02db7fac-bb29-49aa-a821-02c0766683fc	NR_156072.1	88.810	992	50	52	5	951	497	1472	0.0	1160
02db7fac-bb29-49aa-a821-02c0766683fc	NR_115735.1	88.698	991	53	50	5	951	468	1443	0.0	1155
02db7fac-bb29-49aa-a821-02c0766683fc	NR_024842.1	88.597	991	54	50	5	951	492	1467	0.0	1151
02db7fac-bb29-49aa-a821-02c0766683fc	NR_109720.1	88.620	993	51	53	5	951	471	1447	0.0	1151
02db7fac-bb29-49aa-a821-02c0766683fc	NR_036936.1	88.520	993	52	53	5	951	477	1453	0.0	1146
58badf64-ba5f-4d04-99ab-286dbab6f996	NR_044873.1	85.714	322	28	17	1	307	1147	1465	2.60e-88	324
58badf64-ba5f-4d04-99ab-286dbab6f996	NR_178796.1	84.688	320	34	13	1	307	1155	1472	9.43e-83	305
58badf64-ba5f-4d04-99ab-286dbab6f996	NR_178939.1	84.688	320	34	13	1	307	1156	1473	9.43e-83	305
58badf64-ba5f-4d04-99ab-286dbab6f996	NR_074568.1	84.424	321	32	17	1	307	1157	1473	4.39e-81	300
58badf64-ba5f-4d04-99ab-286dbab6f996	NR_041990.1	85.959	292	25	15	1	280	1141	1428	1.58e-80	298
49602fea-84c0-484c-a0c4-7a6bb10d6166	NR_117694.1	95.824	886	19	14	1	875	585	1463	0.0	1415
49602fea-84c0-484c-a0c4-7a6bb10d6166	NR_121687.1	95.147	886	25	14	1	875	605	1483	0.0	1382
49602fea-84c0-484c-a0c4-7a6bb10d6166	NR_117692.1	95.034	886	26	14	1	875	585	1463	0.0	1376
49602fea-84c0-484c-a0c4-7a6bb10d6166	NR_025892.1	94.796	884	28	14	1	873	610	1486	0.0	1371
49602fea-84c0-484c-a0c4-7a6bb10d6166	NR_117696.1	94.921	886	27	14	1	875	572	1450	0.0	1371
62b02fdb-e9bc-4b6c-836a-f4aea81aeed2	NR_115241.1	96.063	762	20	9	1	755	60	818	0.0	1232
62b02fdb-e9bc-4b6c-836a-f4aea81aeed2	NR_115735.1	96.068	763	19	10	1	755	50	809	0.0	1232
62b02fdb-e9bc-4b6c-836a-f4aea81aeed2	NR_024842.1	95.801	762	22	9	1	755	75	833	0.0	1225
62b02fdb-e9bc-4b6c-836a-f4aea81aeed2	NR_036936.1	96.164	756	17	11	8	755	67	818	0.0	1225
62b02fdb-e9bc-4b6c-836a-f4aea81aeed2	NR_116211.1	96.496	742	16	9	21	755	3	741	0.0	1218
b26954f8-e556-4625-8abc-6350b4fea56d	NR_104947.1	92.211	398	15	15	6	390	796	402	5.06e-156	549
b26954f8-e556-4625-8abc-6350b4fea56d	NR_117717.1	92.211	398	15	15	6	390	844	450	5.06e-156	549
b26954f8-e556-4625-8abc-6350b4fea56d	NR_117696.1	92.211	398	15	15	6	390	810	416	5.06e-156	549
b26954f8-e556-4625-8abc-6350b4fea56d	NR_117701.1	92.211	398	15	15	6	390	823	429	5.06e-156	549
b26954f8-e556-4625-8abc-6350b4fea56d	NR_121688.1	91.960	398	16	15	6	390	843	449	2.35e-154	544
6e7c21a5-5a96-43eb-9357-8d6d1f64f107	NR_179540.1	95.511	646	16	11	1	639	853	1492	0.0	1020
6e7c21a5-5a96-43eb-9357-8d6d1f64f107	NR_179383.1	95.363	647	16	11	1	639	860	1500	0.0	1016
6e7c21a5-5a96-43eb-9357-8d6d1f64f107	NR_028664.1	95.209	647	17	11	1	639	856	1496	0.0	1011
6e7c21a5-5a96-43eb-9357-8d6d1f64f107	NR_117719.1	95.209	647	17	11	1	639	853	1493	0.0	1011
6e7c21a5-5a96-43eb-9357-8d6d1f64f107	NR_175455.1	95.216	648	16	12	1	639	841	1482	0.0	1011
8ad9b084-b6d3-49ef-8f38-755f42e61c86	NR_042928.1	93.397	1151	35	31	1	1132	1129	1	0.0	1666
8ad9b084-b6d3-49ef-8f38-755f42e61c86	NR_199547.1	94.239	1111	30	24	1	1094	1109	16	0.0	1666
8ad9b084-b6d3-49ef-8f38-755f42e61c86	NR_112026.1	93.969	1111	30	27	1	1094	1111	21	0.0	1648
8ad9b084-b6d3-49ef-8f38-755f42e61c86	NR_117719.1	92.765	1161	43	31	1	1142	1149	11	0.0	1640
8ad9b084-b6d3-49ef-8f38-755f42e61c86	NR_199541.1	93.789	1111	33	26	1	1094	1107	16	0.0	1637
12a674ef-90e4-42cd-b4fa-0fbf104e5603	NR_179325.1	95.909	660	15	12	1	652	93	748	0.0	1059
12a674ef-90e4-42cd-b4fa-0fbf104e5603	NR_041879.1	95.909	660	14	13	1	652	77	731	0.0	1057
12a674ef-90e4-42cd-b4fa-0fbf104e5603	NR_115355.1	95.758	660	15	13	1	652	120	774	0.0	1055
12a674ef-90e4-42cd-b4fa-0fbf104e5603	NR_119169.1	95.606	660	16	13	1	652	125	779	0.0	1050
12a674ef-90e4-42cd-b4fa-0fbf104e5603	NR_113570.1	95.613	661	15	14	1	652	126	781	0.0	1048
0efe7b9b-0cba-4438-95e0-4001e7e43e7f	NR_116168.1	97.902	1382	19	9	1	1374	1398	19	0.0	2383
0efe7b9b-0cba-4438-95e0-4001e7e43e7f	NR_042878.1	97.581	1364	23	9	16	1371	1362	1	0.0	2338
0efe7b9b-0cba-4438-95e0-4001e7e43e7f	NR_118762.1	96.020	1382	44	10	1	1374	1400	22	0.0	2279
0efe7b9b-0cba-4438-95e0-4001e7e43e7f	NR_118143.1	95.608	1366	48	11	16	1371	1364	1	0.0	2182
0efe7b9b-0cba-4438-95e0-4001e7e43e7f	NR_025423.1	95.235	1385	52	13	1	1374	1382	1	0.0	2180
1bca9cb8-a753-493a-99df-16d05cd1c362	NR_024842.1	97.297	370	4	5	1	368	1122	1487	2.84e-178	623
1bca9cb8-a753-493a-99df-16d05cd1c362	NR_028666.1	97.297	370	5	4	1	368	1131	1497	2.84e-178	623
1bca9cb8-a753-493a-99df-16d05cd1c362	NR_028833.1	97.297	370	5	4	1	368	1134	1500	2.84e-178	623
1bca9cb8-a753-493a-99df-16d05cd1c362	NR_029052.1	97.297	370	5	4	1	368	1095	1461	2.84e-178	623
1bca9cb8-a753-493a-99df-16d05cd1c362	NR_036918.1	97.297	370	5	4	1	368	1124	1490	2.84e-178	623
0ea6717a-9163-4959-a4f4-4a36ab4ddf75	NR_044873.1	95.567	1015	23	16	6	1008	461	1465	0.0	1605
0ea6717a-9163-4959-a4f4-4a36ab4ddf75	NR_074568.1	94.303	1018	37	16	6	1013	472	1478	0.0	1539
0ea6717a-9163-4959-a4f4-4a36ab4ddf75	NR_109752.1	93.933	1022	39	20	4	1013	481	1491	0.0	1522
0ea6717a-9163-4959-a4f4-4a36ab4ddf75	NR_043968.1	93.928	1021	39	20	4	1013	428	1436	0.0	1520
0ea6717a-9163-4959-a4f4-4a36ab4ddf75	NR_044712.2	94.106	1001	39	15	6	996	481	1471	0.0	1509
7a31a5b1-5169-4ee3-b04a-7d21f4e827fe	NR_116168.1	94.607	1298	35	26	1	1278	1298	16	0.0	1977
7a31a5b1-5169-4ee3-b04a-7d21f4e827fe	NR_042878.1	94.466	1283	37	25	1	1264	1277	10	0.0	1954
7a31a5b1-5169-4ee3-b04a-7d21f4e827fe	NR_118762.1	92.786	1303	56	29	1	1282	1300	15	0.0	1892
7a31a5b1-5169-4ee3-b04a-7d21f4e827fe	NR_118143.1	92.679	1284	60	25	1	1264	1279	10	0.0	1821
7a31a5b1-5169-4ee3-b04a-7d21f4e827fe	NR_025423.1	92.219	1298	62	31	1	1275	1282	1	0.0	1801
6d6a195a-5ead-401c-a743-fcf3366427cf	NR_114783.2	88.816	760	48	29	4	741	1225	481	0.0	898
6d6a195a-5ead-401c-a743-fcf3366427cf	NR_029337.1	88.492	756	50	27	4	738	1226	487	0.0	880
6d6a195a-5ead-401c-a743-fcf3366427cf	NR_104208.1	88.060	737	54	26	4	718	1230	506	0.0	843
6d6a195a-5ead-401c-a743-fcf3366427cf	NR_118902.1	86.497	748	67	27	4	731	1229	496	0.0	830
6d6a195a-5ead-401c-a743-fcf3366427cf	NR_042357.1	87.200	750	60	27	4	731	1186	451	0.0	824
e7deb7f7-8ccd-4fe5-a601-1b2d6e9005fa	NR_044873.1	88.039	1321	68	66	1	1267	157	1441	0.0	1482
e7deb7f7-8ccd-4fe5-a601-1b2d6e9005fa	NR_074568.1	86.536	1322	83	71	1	1267	168	1449	0.0	1367
e7deb7f7-8ccd-4fe5-a601-1b2d6e9005fa	NR_044712.2	86.288	1320	90	69	1	1267	177	1458	0.0	1356
e7deb7f7-8ccd-4fe5-a601-1b2d6e9005fa	NR_043968.1	87.094	1263	76	64	58	1267	179	1407	0.0	1349
e7deb7f7-8ccd-4fe5-a601-1b2d6e9005fa	NR_025310.1	86.048	1326	84	77	1	1267	148	1431	0.0	1330
5dc08bd4-8507-445a-a350-510ea7acd3ac	NR_044873.1	95.826	599	8	11	1	585	870	1465	0.0	952
5dc08bd4-8507-445a-a350-510ea7acd3ac	NR_074568.1	94.343	601	19	9	1	589	880	1477	0.0	907
5dc08bd4-8507-445a-a350-510ea7acd3ac	NR_043968.1	93.844	601	22	9	1	589	838	1435	0.0	891
5dc08bd4-8507-445a-a350-510ea7acd3ac	NR_025310.1	93.698	603	21	11	1	589	860	1459	0.0	887
5dc08bd4-8507-445a-a350-510ea7acd3ac	NR_109752.1	93.532	603	22	11	1	589	891	1490	0.0	881
30465657-d68d-4aa3-b99d-526c73c1ee5e	NR_117719.1	94.915	1357	43	20	1	1346	1354	13	0.0	2100
30465657-d68d-4aa3-b99d-526c73c1ee5e	NR_114413.1	94.842	1357	46	18	1	1346	1359	16	0.0	2097
30465657-d68d-4aa3-b99d-526c73c1ee5e	NR_175455.1	94.760	1355	45	20	1	1344	1342	3	0.0	2085
30465657-d68d-4aa3-b99d-526c73c1ee5e	NR_042927.1	94.940	1344	44	18	1	1333	1336	6	0.0	2084
30465657-d68d-4aa3-b99d-526c73c1ee5e	NR_115734.1	94.792	1344	46	18	1	1333	1337	7	0.0	2076
4cdf7fa1-7375-4d6b-a4e2-bcd18384cb2a	NR_133753.1	92.878	337	13	8	4	330	94	429	5.73e-135	479
4cdf7fa1-7375-4d6b-a4e2-bcd18384cb2a	NR_025903.1	92.878	337	13	8	4	330	140	475	5.73e-135	479
4cdf7fa1-7375-4d6b-a4e2-bcd18384cb2a	NR_133752.1	91.988	337	16	8	4	330	65	400	5.77e-130	462
4cdf7fa1-7375-4d6b-a4e2-bcd18384cb2a	NR_026419.1	89.941	338	22	9	4	330	127	463	7.57e-119	425
4cdf7fa1-7375-4d6b-a4e2-bcd18384cb2a	NR_025904.1	89.426	331	22	10	4	323	139	467	9.86e-113	405
d6d9eba8-6328-45bf-919c-331145955e2e	NR_117694.1	92.382	932	47	22	1	912	933	6	0.0	1306
d6d9eba8-6328-45bf-919c-331145955e2e	NR_025892.1	90.899	945	59	25	1	924	958	20	0.0	1260
d6d9eba8-6328-45bf-919c-331145955e2e	NR_121687.1	90.909	946	58	26	1	924	953	14	0.0	1245
d6d9eba8-6328-45bf-919c-331145955e2e	NR_117692.1	90.665	932	63	22	1	912	933	6	0.0	1218
d6d9eba8-6328-45bf-919c-331145955e2e	NR_025902.1	90.690	913	60	23	1	892	911	3	0.0	1192
8425a14a-f186-4ff9-8ca8-9d5787e0d973	NR_026419.1	93.509	1402	46	34	1	1373	1386	1	0.0	2043
8425a14a-f186-4ff9-8ca8-9d5787e0d973	NR_025903.1	92.259	1408	63	36	1	1379	1398	8	0.0	1954
8425a14a-f186-4ff9-8ca8-9d5787e0d973	NR_025904.1	91.980	1409	65	36	1	1379	1397	7	0.0	1932
8425a14a-f186-4ff9-8ca8-9d5787e0d973	NR_133753.1	92.184	1369	61	36	1	1340	1352	1	0.0	1893
8425a14a-f186-4ff9-8ca8-9d5787e0d973	NR_133752.1	92.021	1341	60	35	1	1312	1323	1	0.0	1840
2e27621b-fb2a-40aa-ad2f-58a37843370c	NR_025862.1	95.951	247	6	4	8	253	135	378	1.22e-110	398
2e27621b-fb2a-40aa-ad2f-58a37843370c	NR_028682.1	93.701	254	14	2	1	253	127	379	4.41e-105	379
2e27621b-fb2a-40aa-ad2f-58a37843370c	NR_026454.1	91.532	248	18	3	7	253	108	353	7.48e-93	339
2e27621b-fb2a-40aa-ad2f-58a37843370c	NR_180911.1	89.516	248	19	7	9	253	126	369	2.11e-83	307
2e27621b-fb2a-40aa-ad2f-58a37843370c	NR_179378.1	89.113	248	20	7	9	253	137	380	9.81e-82	302
690d390c-89c2-4b99-9eef-7c0adc083781	NR_028665.1	94.595	222	7	5	23	242	1274	1492	7.15e-93	339
690d390c-89c2-4b99-9eef-7c0adc083781	NR_156072.1	94.595	222	7	5	23	242	1279	1497	7.15e-93	339
690d390c-89c2-4b99-9eef-7c0adc083781	NR_179385.1	94.595	222	7	5	23	242	1281	1499	7.15e-93	339
690d390c-89c2-4b99-9eef-7c0adc083781	NR_199545.1	94.595	222	7	5	23	242	1277	1495	7.15e-93	339
690d390c-89c2-4b99-9eef-7c0adc083781	NR_158064.1	94.170	223	7	6	23	242	1281	1500	9.25e-92	335
7fd8ee6c-550b-4773-9b64-85180deebde5	NR_125570.1	95.436	1227	36	17	2	1219	180	1395	0.0	1938
7fd8ee6c-550b-4773-9b64-85180deebde5	NR_125571.1	95.024	1226	42	16	2	1219	222	1436	0.0	1908
7fd8ee6c-550b-4773-9b64-85180deebde5	NR_029097.1	95.861	1184	31	15	2	1177	198	1371	0.0	1899
7fd8ee6c-550b-4773-9b64-85180deebde5	NR_042832.1	89.692	1232	99	24	2	1217	237	1456	0.0	1548
7fd8ee6c-550b-4773-9b64-85180deebde5	NR_113410.1	88.997	1236	110	21	2	1221	164	1389	0.0	1506
ca5fefd2-5009-4e56-a09c-c4353f2a746b	NR_180875.1	94.650	486	9	10	1	482	1364	892	0.0	737
ca5fefd2-5009-4e56-a09c-c4353f2a746b	NR_036936.1	94.444	486	10	10	1	482	1385	913	0.0	732
ca5fefd2-5009-4e56-a09c-c4353f2a746b	NR_109720.1	94.444	486	10	10	1	482	1379	907	0.0	732
ca5fefd2-5009-4e56-a09c-c4353f2a746b	NR_036918.1	93.004	486	17	10	1	482	1402	930	0.0	693
ca5fefd2-5009-4e56-a09c-c4353f2a746b	NR_115737.1	93.004	486	17	10	1	482	1388	916	0.0	693
a71d378c-49b4-4de9-bcd5-d5e514e61fe3	NR_041880.1	91.968	249	5	5	1	236	1174	928	9.04e-92	335
a71d378c-49b4-4de9-bcd5-d5e514e61fe3	NR_115354.1	91.566	249	6	5	1	236	1218	972	1.17e-90	331
a71d378c-49b4-4de9-bcd5-d5e514e61fe3	NR_074980.1	91.566	249	6	5	1	236	1245	999	4.21e-90	329
a71d378c-49b4-4de9-bcd5-d5e514e61fe3	NR_113031.1	91.566	249	6	5	1	236	1245	999	4.21e-90	329
a71d378c-49b4-4de9-bcd5-d5e514e61fe3	NR_113570.1	96.517	201	3	3	1	199	1225	1027	4.21e-90	329
62992e0f-01da-4a20-8bc1-bb624a38a7c4	NR_024842.1	96.404	1474	34	14	1	1462	1474	8	0.0	2414
62992e0f-01da-4a20-8bc1-bb624a38a7c4	NR_115241.1	96.519	1465	33	13	1	1453	1459	1	0.0	2409
62992e0f-01da-4a20-8bc1-bb624a38a7c4	NR_115735.1	96.566	1456	32	13	1	1444	1450	1	0.0	2396
62992e0f-01da-4a20-8bc1-bb624a38a7c4	NR_165737.1	96.387	1467	32	16	1	1453	1460	1	0.0	2396
62992e0f-01da-4a20-8bc1-bb624a38a7c4	NR_109720.1	95.748	1458	42	15	1	1445	1454	4	0.0	2331
83481d54-753b-4e23-81b2-f7ffb6e6e42a	NR_044873.1	92.124	419	23	9	19	432	415	2	6.91e-166	582
83481d54-753b-4e23-81b2-f7ffb6e6e42a	NR_074568.1	91.408	419	26	9	19	432	426	13	6.96e-161	566
83481d54-753b-4e23-81b2-f7ffb6e6e42a	NR_044712.2	90.692	419	29	9	19	432	435	22	1.51e-157	555
83481d54-753b-4e23-81b2-f7ffb6e6e42a	NR_109752.1	88.759	427	37	10	12	432	444	23	9.19e-145	512
83481d54-753b-4e23-81b2-f7ffb6e6e42a	NR_179993.1	88.759	427	37	10	12	432	434	13	9.19e-145	512
b00cd8df-c5fb-48bf-82f5-df07042e44ad	NR_044873.1	92.051	629	23	19	1	615	1384	769	0.0	859
b00cd8df-c5fb-48bf-82f5-df07042e44ad	NR_074568.1	91.415	629	27	19	1	615	1394	779	0.0	837
b00cd8df-c5fb-48bf-82f5-df07042e44ad	NR_044712.2	91.097	629	29	19	1	615	1403	788	0.0	830
b00cd8df-c5fb-48bf-82f5-df07042e44ad	NR_118222.1	90.938	629	30	20	1	615	1388	773	0.0	821
b00cd8df-c5fb-48bf-82f5-df07042e44ad	NR_169461.1	90.952	630	28	21	1	615	1377	762	0.0	821
54a17d6f-a28f-4736-aa81-cc5de3ac7075	NR_024842.1	93.716	366	13	8	14	371	371	8	2.90e-153	540
54a17d6f-a28f-4736-aa81-cc5de3ac7075	NR_115241.1	93.855	358	12	8	14	363	356	1	1.74e-150	531
54a17d6f-a28f-4736-aa81-cc5de3ac7075	NR_115735.1	93.410	349	12	9	14	353	347	1	2.94e-143	507
54a17d6f-a28f-4736-aa81-cc5de3ac7075	NR_165737.1	92.479	359	15	10	14	363	356	1	3.80e-142	503
54a17d6f-a28f-4736-aa81-cc5de3ac7075	NR_178515.1	92.479	359	15	10	14	363	356	1	3.80e-142	503
ec5605c7-534c-416c-b0dd-06ee7e02fff2	NR_116168.1	96.736	1440	29	16	1	1429	1446	14	0.0	2383
ec5605c7-534c-416c-b0dd-06ee7e02fff2	NR_118762.1	95.076	1442	52	17	1	1431	1448	15	0.0	2294
ec5605c7-534c-416c-b0dd-06ee7e02fff2	NR_042878.1	96.772	1363	30	13	70	1421	1360	1	0.0	2272
ec5605c7-534c-416c-b0dd-06ee7e02fff2	NR_025423.1	94.019	1438	64	19	1	1424	1430	1	0.0	2159
ec5605c7-534c-416c-b0dd-06ee7e02fff2	NR_118143.1	95.311	1365	48	15	70	1421	1362	1	0.0	2154
4ae6d092-ba58-48a1-82d3-f0346213a252	NR_024842.1	86.294	197	15	10	1	188	201	8	2.07e-52	204
4ae6d092-ba58-48a1-82d3-f0346213a252	NR_114413.1	86.813	182	14	7	14	188	194	16	1.24e-49	195
4ae6d092-ba58-48a1-82d3-f0346213a252	NR_115241.1	85.714	189	15	10	1	180	186	1	5.79e-48	189
4ae6d092-ba58-48a1-82d3-f0346213a252	NR_165737.1	86.857	175	13	7	13	180	172	1	2.08e-47	187
4ae6d092-ba58-48a1-82d3-f0346213a252	NR_178515.1	86.857	175	13	7	13	180	172	1	2.08e-47	187
73083560-14dd-4ab5-9186-a8d68d55b222	NR_025862.1	93.701	254	6	8	1	248	29	278	6.07e-104	375
73083560-14dd-4ab5-9186-a8d68d55b222	NR_028682.1	89.453	256	14	12	1	248	29	279	1.74e-84	311
73083560-14dd-4ab5-9186-a8d68d55b222	NR_026454.1	82.745	255	31	12	3	247	1	252	1.40e-55	215
73083560-14dd-4ab5-9186-a8d68d55b222	NR_025863.1	82.231	242	31	11	1	232	29	268	3.92e-51	200
73083560-14dd-4ab5-9186-a8d68d55b222	NR_119263.1	81.712	257	23	21	1	238	16	267	6.56e-49	193
900ed74e-dd37-4541-8e0d-2595ef4894d2	NR_163639.1	88.732	497	34	17	4	483	494	3	1.34e-167	588
900ed74e-dd37-4541-8e0d-2595ef4894d2	NR_074980.1	88.554	498	32	19	4	481	505	13	2.24e-165	580
900ed74e-dd37-4541-8e0d-2595ef4894d2	NR_113031.1	88.554	498	32	19	4	481	505	13	2.24e-165	580
900ed74e-dd37-4541-8e0d-2595ef4894d2	NR_115355.1	88.981	481	30	17	4	464	478	1	2.90e-164	577
900ed74e-dd37-4541-8e0d-2595ef4894d2	NR_119169.1	88.843	484	31	17	4	467	483	3	2.90e-164	577
a17ae00b-ddf7-44ac-a995-7bb30b194e7c	NR_118941.1	91.200	250	17	2	1	246	654	902	1.24e-95	348
a17ae00b-ddf7-44ac-a995-7bb30b194e7c	NR_118937.1	90.800	250	18	2	1	246	654	902	9.63e-92	335
a17ae00b-ddf7-44ac-a995-7bb30b194e7c	NR_118998.1	91.200	250	17	2	1	246	751	999	9.63e-92	335
a17ae00b-ddf7-44ac-a995-7bb30b194e7c	NR_118942.1	90.000	250	20	2	1	246	654	902	1.25e-90	331
a17ae00b-ddf7-44ac-a995-7bb30b194e7c	NR_040789.1	90.763	249	17	4	1	245	762	1008	1.61e-89	327
f658648f-264e-48b9-87bd-3bc6a1eeb403	NR_024842.1	96.359	357	7	4	19	373	362	10	1.33e-166	584
f658648f-264e-48b9-87bd-3bc6a1eeb403	NR_115241.1	96.866	351	5	4	19	367	347	1	4.80e-166	582
f658648f-264e-48b9-87bd-3bc6a1eeb403	NR_115735.1	96.491	342	5	5	19	357	338	1	8.09e-159	558
f658648f-264e-48b9-87bd-3bc6a1eeb403	NR_165737.1	93.548	372	15	5	1	367	368	1	6.30e-155	545
f658648f-264e-48b9-87bd-3bc6a1eeb403	NR_178515.1	93.548	372	15	5	1	367	368	1	6.30e-155	545
aa590f67-d12c-4bc7-9d22-c6354496621d	NR_042843.1	96.091	793	15	14	1	785	1204	420	0.0	1279
aa590f67-d12c-4bc7-9d22-c6354496621d	NR_102895.1	96.091	793	15	14	1	785	1232	448	0.0	1279
aa590f67-d12c-4bc7-9d22-c6354496621d	NR_113113.1	96.091	793	15	14	1	785	1212	428	0.0	1279
aa590f67-d12c-4bc7-9d22-c6354496621d	NR_113124.1	94.704	793	26	14	1	785	1224	440	0.0	1218
aa590f67-d12c-4bc7-9d22-c6354496621d	NR_115327.1	94.704	793	26	14	1	785	1204	420	0.0	1218
7249059d-3c87-42b1-914d-7241a7ba21a5	NR_163639.1	87.973	291	22	10	1	282	290	4	1.41e-90	331
7249059d-3c87-42b1-914d-7241a7ba21a5	NR_074980.1	87.586	290	23	10	1	281	298	13	2.36e-88	324
7249059d-3c87-42b1-914d-7241a7ba21a5	NR_113031.1	87.586	290	23	10	1	281	298	13	2.36e-88	324
7249059d-3c87-42b1-914d-7241a7ba21a5	NR_119169.1	87.500	280	22	10	1	271	276	1	5.10e-85	313
7249059d-3c87-42b1-914d-7241a7ba21a5	NR_119168.1	87.500	280	22	10	1	271	276	1	1.83e-84	311
9a968251-ab11-49dd-ac73-d415f7a0e11b	NR_180629.1	95.371	1253	32	25	1	1238	1411	170	0.0	1969
9a968251-ab11-49dd-ac73-d415f7a0e11b	NR_179385.1	95.291	1253	33	25	1	1238	1453	212	0.0	1964
9a968251-ab11-49dd-ac73-d415f7a0e11b	NR_117719.1	95.280	1250	33	25	4	1238	1446	208	0.0	1958
9a968251-ab11-49dd-ac73-d415f7a0e11b	NR_027214.1	95.211	1253	34	25	1	1238	1429	188	0.0	1958
9a968251-ab11-49dd-ac73-d415f7a0e11b	NR_165744.1	95.211	1253	34	25	1	1238	1438	197	0.0	1958
f6844a63-efc1-4727-8488-82974b1ca6a9	NR_024842.1	86.636	434	44	14	4	428	436	8	4.50e-132	470
f6844a63-efc1-4727-8488-82974b1ca6a9	NR_115241.1	86.854	426	42	14	4	420	421	1	2.09e-130	464
f6844a63-efc1-4727-8488-82974b1ca6a9	NR_115735.1	86.331	417	42	15	4	410	412	1	3.52e-123	440
f6844a63-efc1-4727-8488-82974b1ca6a9	NR_165737.1	85.781	429	41	19	4	420	421	1	4.56e-122	436
f6844a63-efc1-4727-8488-82974b1ca6a9	NR_178515.1	85.781	429	41	19	4	420	421	1	4.56e-122	436
9be43530-d68a-4e06-b5b2-7aa783ea8e7a	NR_179540.1	97.683	863	12	6	9	866	633	1492	0.0	1476
9be43530-d68a-4e06-b5b2-7aa783ea8e7a	NR_042928.1	97.439	859	14	6	9	862	613	1468	0.0	1458
9be43530-d68a-4e06-b5b2-7aa783ea8e7a	NR_117719.1	97.219	863	17	7	9	866	633	1493	0.0	1454
9be43530-d68a-4e06-b5b2-7aa783ea8e7a	NR_179383.1	97.103	863	18	7	9	866	640	1500	0.0	1448
9be43530-d68a-4e06-b5b2-7aa783ea8e7a	NR_175455.1	96.991	864	18	8	9	866	621	1482	0.0	1445
c1586a9d-4eaf-4796-9a86-41dba9e10f22	NR_133753.1	96.267	509	9	8	2	504	603	99	0.0	826
c1586a9d-4eaf-4796-9a86-41dba9e10f22	NR_025903.1	96.267	509	9	8	2	504	649	145	0.0	826
c1586a9d-4eaf-4796-9a86-41dba9e10f22	NR_133752.1	95.678	509	12	8	2	504	574	70	0.0	809
c1586a9d-4eaf-4796-9a86-41dba9e10f22	NR_026419.1	94.706	510	16	9	2	504	637	132	0.0	782
c1586a9d-4eaf-4796-9a86-41dba9e10f22	NR_036920.1	93.762	513	21	9	2	508	642	135	0.0	760
90d6d9cf-d7bb-41e5-a885-24c247869940	NR_024842.1	98.425	381	3	3	13	391	1368	989	0.0	667
90d6d9cf-d7bb-41e5-a885-24c247869940	NR_115735.1	98.425	381	3	3	13	391	1344	965	0.0	667
90d6d9cf-d7bb-41e5-a885-24c247869940	NR_116211.1	98.425	381	3	3	13	391	1276	897	0.0	667
90d6d9cf-d7bb-41e5-a885-24c247869940	NR_199541.1	98.163	381	4	3	13	391	1329	950	0.0	662
90d6d9cf-d7bb-41e5-a885-24c247869940	NR_115241.1	97.900	381	5	3	13	391	1353	974	0.0	660
5b3cc9f4-2769-4638-a358-013a603ef188	NR_115735.1	93.892	1015	36	22	1	1003	463	1463	0.0	1507
5b3cc9f4-2769-4638-a358-013a603ef188	NR_024842.1	93.640	1022	38	23	1	1009	487	1494	0.0	1504
5b3cc9f4-2769-4638-a358-013a603ef188	NR_115241.1	93.583	1013	39	22	1	1001	472	1470	0.0	1493
5b3cc9f4-2769-4638-a358-013a603ef188	NR_165737.1	93.688	1014	37	22	1	1001	472	1471	0.0	1493
5b3cc9f4-2769-4638-a358-013a603ef188	NR_036936.1	93.590	1014	38	22	1	1001	472	1471	0.0	1487
9c94949b-a312-48be-a0c7-2adf0e023946	NR_028666.1	91.204	1080	52	33	1	1048	428	1496	0.0	1428
9c94949b-a312-48be-a0c7-2adf0e023946	NR_115242.1	91.196	1079	52	33	1	1047	412	1479	0.0	1426
9c94949b-a312-48be-a0c7-2adf0e023946	NR_181981.1	90.582	1083	53	37	1	1048	419	1487	0.0	1389
9c94949b-a312-48be-a0c7-2adf0e023946	NR_112704.1	90.463	1080	59	33	1	1048	323	1390	0.0	1384
9c94949b-a312-48be-a0c7-2adf0e023946	NR_117426.1	90.463	1080	59	33	1	1048	404	1471	0.0	1384
291832cc-b254-4e42-b42b-ca96729aab80	NR_026419.1	95.693	534	9	11	1	527	962	1488	0.0	846
291832cc-b254-4e42-b42b-ca96729aab80	NR_025904.1	94.007	534	17	12	1	527	973	1498	0.0	795
291832cc-b254-4e42-b42b-ca96729aab80	NR_025903.1	94.007	534	17	12	1	527	974	1499	0.0	795
291832cc-b254-4e42-b42b-ca96729aab80	NR_133752.1	95.040	504	15	8	1	499	899	1397	0.0	784
291832cc-b254-4e42-b42b-ca96729aab80	NR_133753.1	95.040	504	15	8	1	499	928	1426	0.0	784
9c8a5973-fa0d-473e-8e8d-9c066e3674c3	NR_044873.1	92.510	494	16	14	14	490	468	957	0.0	688
9c8a5973-fa0d-473e-8e8d-9c066e3674c3	NR_043968.1	91.485	505	18	17	4	490	428	925	0.0	671
9c8a5973-fa0d-473e-8e8d-9c066e3674c3	NR_109752.1	91.287	505	19	17	4	490	481	978	0.0	665
9c8a5973-fa0d-473e-8e8d-9c066e3674c3	NR_178360.1	91.287	505	19	17	4	490	437	934	0.0	665
9c8a5973-fa0d-473e-8e8d-9c066e3674c3	NR_024785.1	91.498	494	20	15	14	490	435	923	0.0	660
9dec7583-3cc8-4682-9524-0f77e74ffbf2	NR_025862.1	87.890	1090	54	54	2	1036	1078	12	0.0	1219
9dec7583-3cc8-4682-9524-0f77e74ffbf2	NR_028682.1	86.642	1093	61	62	2	1035	1079	13	0.0	1131
9dec7583-3cc8-4682-9524-0f77e74ffbf2	NR_026454.1	85.302	1075	75	63	2	1016	1055	4	0.0	1033
9dec7583-3cc8-4682-9524-0f77e74ffbf2	NR_180652.1	83.883	1092	85	66	2	1026	1068	1	0.0	957
9dec7583-3cc8-4682-9524-0f77e74ffbf2	NR_042406.1	83.516	1092	90	63	2	1026	1069	1	0.0	937
e9192f10-565f-49f6-bf23-ba313a38114f	NR_113570.1	94.309	492	15	11	1	485	349	834	0.0	741
e9192f10-565f-49f6-bf23-ba313a38114f	NR_074980.1	94.106	492	16	11	1	485	369	854	0.0	736
e9192f10-565f-49f6-bf23-ba313a38114f	NR_113031.1	94.106	492	16	11	1	485	369	854	0.0	736
e9192f10-565f-49f6-bf23-ba313a38114f	NR_119168.1	94.106	492	16	11	1	485	347	832	0.0	736
e9192f10-565f-49f6-bf23-ba313a38114f	NR_043332.1	93.902	492	17	11	1	485	342	827	0.0	732
484bf546-7827-4057-a201-ee347a27606e	NR_042927.1	95.894	341	10	4	1	337	522	182	4.37e-156	549
484bf546-7827-4057-a201-ee347a27606e	NR_114413.1	95.894	341	10	4	1	337	545	205	4.37e-156	549
484bf546-7827-4057-a201-ee347a27606e	NR_115734.1	95.894	341	10	4	1	337	523	183	4.37e-156	549
484bf546-7827-4057-a201-ee347a27606e	NR_116210.1	95.894	341	10	4	1	337	385	45	4.37e-156	549
484bf546-7827-4057-a201-ee347a27606e	NR_042928.1	95.601	341	11	4	1	337	520	180	2.03e-154	544
bf4aeead-0149-4063-a7be-5d80ead797a5	NR_026419.1	96.651	1045	24	8	1	1035	441	1484	0.0	1725
bf4aeead-0149-4063-a7be-5d80ead797a5	NR_025903.1	95.789	1045	32	9	1	1035	453	1495	0.0	1676
bf4aeead-0149-4063-a7be-5d80ead797a5	NR_025904.1	95.594	1044	30	12	4	1035	455	1494	0.0	1659
bf4aeead-0149-4063-a7be-5d80ead797a5	NR_133753.1	96.067	1017	33	6	1	1012	407	1421	0.0	1650
bf4aeead-0149-4063-a7be-5d80ead797a5	NR_133752.1	96.055	1014	33	6	4	1012	381	1392	0.0	1644
749f82e4-7c38-47ba-b953-82809a7b6897	NR_025036.1	96.226	106	4	0	1	106	1459	1354	8.16e-44	174
749f82e4-7c38-47ba-b953-82809a7b6897	NR_042928.1	96.226	106	4	0	1	106	1438	1333	8.16e-44	174
749f82e4-7c38-47ba-b953-82809a7b6897	NR_044912.1	96.226	106	4	0	1	106	1395	1290	8.16e-44	174
749f82e4-7c38-47ba-b953-82809a7b6897	NR_115730.1	96.226	106	4	0	1	106	1420	1315	8.16e-44	174
749f82e4-7c38-47ba-b953-82809a7b6897	NR_134817.1	96.226	106	4	0	1	106	1453	1348	8.16e-44	174
acce6416-af18-4444-844c-9a34821dbb8d	NR_163639.1	96.774	155	0	5	1	153	155	4	1.60e-67	254
acce6416-af18-4444-844c-9a34821dbb8d	NR_074980.1	96.753	154	0	5	1	152	163	13	5.75e-67	252
acce6416-af18-4444-844c-9a34821dbb8d	NR_113031.1	96.753	154	0	5	1	152	163	13	5.75e-67	252
acce6416-af18-4444-844c-9a34821dbb8d	NR_117759.1	97.857	140	0	3	1	138	139	1	4.48e-63	239
acce6416-af18-4444-844c-9a34821dbb8d	NR_119168.1	97.857	140	0	3	1	138	141	3	4.48e-63	239
71ffce6e-ee64-46c2-b8a2-eb11f0d3527f	NR_133752.1	91.304	138	8	3	1	134	1286	1149	5.02e-47	185
71ffce6e-ee64-46c2-b8a2-eb11f0d3527f	NR_133753.1	91.304	138	8	3	1	134	1315	1178	5.02e-47	185
71ffce6e-ee64-46c2-b8a2-eb11f0d3527f	NR_025903.1	91.304	138	8	3	1	134	1361	1224	5.02e-47	185
71ffce6e-ee64-46c2-b8a2-eb11f0d3527f	NR_025904.1	89.130	138	11	3	1	134	1360	1223	5.06e-42	169
71ffce6e-ee64-46c2-b8a2-eb11f0d3527f	NR_026419.1	88.406	138	12	3	1	134	1349	1212	2.35e-40	163
2eef1fb3-abf6-478f-b362-ce8cf34592cc	NR_044873.1	93.706	143	3	6	1	138	1324	1465	3.25e-54	209
2eef1fb3-abf6-478f-b362-ce8cf34592cc	NR_178796.1	93.151	146	5	5	1	142	1332	1476	3.25e-54	209
2eef1fb3-abf6-478f-b362-ce8cf34592cc	NR_178939.1	93.151	146	5	5	1	142	1333	1477	3.25e-54	209
2eef1fb3-abf6-478f-b362-ce8cf34592cc	NR_042334.1	92.414	145	7	4	1	142	1330	1473	1.51e-52	204
2eef1fb3-abf6-478f-b362-ce8cf34592cc	NR_121753.2	92.414	145	7	4	1	142	1336	1479	1.51e-52	204
5699b05b-c5c2-4b11-9ef0-341652795c01	NR_041989.1	92.430	251	10	6	2	246	878	1125	3.47e-96	350
5699b05b-c5c2-4b11-9ef0-341652795c01	NR_028900.1	92.032	251	11	6	2	246	878	1125	1.61e-94	344
5699b05b-c5c2-4b11-9ef0-341652795c01	NR_043458.1	92.032	251	11	6	2	246	941	1188	1.61e-94	344
5699b05b-c5c2-4b11-9ef0-341652795c01	NR_043459.1	92.032	251	11	6	2	246	944	1191	1.61e-94	344
5699b05b-c5c2-4b11-9ef0-341652795c01	NR_104947.1	92.032	251	11	6	2	246	893	1140	1.61e-94	344
39236b28-a75c-45f5-8c63-d04b8930bce0	NR_041983.1	99.000	100	0	1	1	99	1238	1139	5.78e-45	178
39236b28-a75c-45f5-8c63-d04b8930bce0	NR_114395.1	99.000	100	0	1	1	99	1270	1171	5.78e-45	178
39236b28-a75c-45f5-8c63-d04b8930bce0	NR_179528.1	99.000	100	0	1	1	99	1255	1156	5.78e-45	178
39236b28-a75c-45f5-8c63-d04b8930bce0	NR_025401.1	98.000	100	1	1	1	99	1251	1152	2.69e-43	172
39236b28-a75c-45f5-8c63-d04b8930bce0	NR_028908.1	98.000	100	1	1	1	99	1147	1048	2.69e-43	172
67632f08-9c9d-469f-9d2e-dad97c6c7453	NR_074568.1	98.246	171	2	1	2	171	183	13	8.28e-81	298
67632f08-9c9d-469f-9d2e-dad97c6c7453	NR_044712.2	98.246	171	2	1	2	171	192	22	8.28e-81	298
67632f08-9c9d-469f-9d2e-dad97c6c7453	NR_044873.1	97.661	171	3	1	2	171	172	2	3.85e-79	292
67632f08-9c9d-469f-9d2e-dad97c6c7453	NR_109752.1	96.319	163	6	0	9	171	185	23	6.49e-72	268
67632f08-9c9d-469f-9d2e-dad97c6c7453	NR_179993.1	95.808	167	6	1	7	172	178	12	6.49e-72	268
c63d658e-9b40-41a8-9644-bce6a59e95e9	NR_074568.1	91.406	128	6	4	1	127	136	13	1.34e-42	171
c63d658e-9b40-41a8-9644-bce6a59e95e9	NR_044712.2	91.406	128	6	4	1	127	145	22	1.34e-42	171
c63d658e-9b40-41a8-9644-bce6a59e95e9	NR_044873.1	89.844	128	8	4	1	127	125	2	2.91e-39	159
c63d658e-9b40-41a8-9644-bce6a59e95e9	NR_153688.1	96.842	95	2	1	26	120	94	1	1.05e-38	158
c63d658e-9b40-41a8-9644-bce6a59e95e9	NR_179993.1	94.231	104	4	2	26	128	114	12	1.05e-38	158
0d150fcf-dff2-4ec1-b6fe-6df72f098d9f	NR_025862.1	94.891	274	5	6	11	278	281	11	2.22e-118	424
0d150fcf-dff2-4ec1-b6fe-6df72f098d9f	NR_028682.1	91.575	273	13	7	11	276	282	13	1.05e-101	368
0d150fcf-dff2-4ec1-b6fe-6df72f098d9f	NR_025863.1	84.047	257	28	13	30	278	262	11	3.10e-62	237
0d150fcf-dff2-4ec1-b6fe-6df72f098d9f	NR_026454.1	83.784	259	28	11	11	258	256	1	4.01e-61	233
0d150fcf-dff2-4ec1-b6fe-6df72f098d9f	NR_119263.1	81.915	282	23	19	15	275	275	1	5.22e-55	213
c9bf4515-92ca-4a9a-a95d-4e513dd8cef8	NR_136788.1	98.291	117	1	1	1	117	636	751	1.18e-52	204
c9bf4515-92ca-4a9a-a95d-4e513dd8cef8	NR_026230.1	96.581	117	3	1	1	117	614	729	2.55e-49	193
c9bf4515-92ca-4a9a-a95d-4e513dd8cef8	NR_113082.1	96.581	117	3	1	1	117	636	751	2.55e-49	193
c9bf4515-92ca-4a9a-a95d-4e513dd8cef8	NR_109439.1	93.162	117	7	1	1	117	633	748	1.19e-42	171
c9bf4515-92ca-4a9a-a95d-4e513dd8cef8	NR_117913.1	93.162	117	7	1	1	117	625	740	1.19e-42	171
12c3b88b-4dd0-4444-a211-e7a392da85da	NR_118234.1	93.396	212	11	3	5	214	219	9	1.42e-84	311
12c3b88b-4dd0-4444-a211-e7a392da85da	NR_117425.1	94.554	202	9	2	1	200	209	8	1.42e-84	311
12c3b88b-4dd0-4444-a211-e7a392da85da	NR_024841.1	92.417	211	13	3	5	213	216	7	1.10e-80	298
12c3b88b-4dd0-4444-a211-e7a392da85da	NR_042771.1	92.344	209	15	1	5	213	220	13	3.97e-80	296
12c3b88b-4dd0-4444-a211-e7a392da85da	NR_042928.1	93.500	200	11	2	5	203	200	2	3.97e-80	296
b5a03314-07bd-4084-a8bd-4efa9e08244d	NR_025144.1	98.058	103	0	2	1	103	1380	1280	6.16e-45	178
b5a03314-07bd-4084-a8bd-4efa9e08244d	NR_025891.1	98.058	103	0	2	1	103	1404	1304	6.16e-45	178
b5a03314-07bd-4084-a8bd-4efa9e08244d	NR_025892.1	98.058	103	0	2	1	103	1403	1303	6.16e-45	178
b5a03314-07bd-4084-a8bd-4efa9e08244d	NR_025893.1	98.058	103	0	2	1	103	1402	1302	6.16e-45	178
b5a03314-07bd-4084-a8bd-4efa9e08244d	NR_025902.1	98.058	103	0	2	1	103	1356	1256	6.16e-45	178
b88b2c7a-45c2-4aa1-b0ab-4108000bec80	NR_036936.1	97.980	198	4	0	1	198	198	1	3.54e-95	346
b88b2c7a-45c2-4aa1-b0ab-4108000bec80	NR_114537.1	98.919	185	2	0	1	185	185	1	9.90e-91	331
b88b2c7a-45c2-4aa1-b0ab-4108000bec80	NR_109720.1	97.884	189	4	0	4	192	189	1	1.28e-89	327
b88b2c7a-45c2-4aa1-b0ab-4108000bec80	NR_042928.1	96.923	195	4	2	4	198	193	1	4.61e-89	326
b88b2c7a-45c2-4aa1-b0ab-4108000bec80	NR_028664.1	95.074	203	7	3	4	205	216	16	2.77e-86	316
979dada2-22b3-4837-ae4d-610cfbe2724c	NR_024842.1	97.674	215	3	2	1	214	221	8	8.00e-102	368
979dada2-22b3-4837-ae4d-610cfbe2724c	NR_115241.1	97.585	207	3	2	1	206	206	1	2.24e-97	353
979dada2-22b3-4837-ae4d-610cfbe2724c	NR_115735.1	97.462	197	3	2	1	195	197	1	8.12e-92	335
979dada2-22b3-4837-ae4d-610cfbe2724c	NR_114413.1	93.365	211	12	2	5	214	225	16	1.37e-84	311
979dada2-22b3-4837-ae4d-610cfbe2724c	NR_165737.1	94.118	204	8	4	5	206	202	1	1.77e-83	307
49b7407e-ca07-410d-ac01-33538e7e0319	NR_178262.1	95.397	239	6	4	5	238	1131	1369	5.45e-104	375
49b7407e-ca07-410d-ac01-33538e7e0319	NR_179215.1	95.397	239	6	4	5	238	1253	1491	5.45e-104	375
49b7407e-ca07-410d-ac01-33538e7e0319	NR_028666.1	94.979	239	7	4	5	238	1261	1499	2.54e-102	370
49b7407e-ca07-410d-ac01-33538e7e0319	NR_028833.1	94.979	239	7	4	5	238	1264	1502	2.54e-102	370
49b7407e-ca07-410d-ac01-33538e7e0319	NR_029052.1	94.979	239	7	4	5	238	1225	1463	2.54e-102	370
85c1a4ce-76fe-46cc-a647-20c652e3fd0d	NR_165739.1	97.131	244	4	2	1	241	213	456	5.50e-114	409
85c1a4ce-76fe-46cc-a647-20c652e3fd0d	NR_118086.1	96.311	244	6	2	1	241	230	473	1.19e-110	398
85c1a4ce-76fe-46cc-a647-20c652e3fd0d	NR_104684.1	95.902	244	7	2	1	241	233	476	5.54e-109	392
85c1a4ce-76fe-46cc-a647-20c652e3fd0d	NR_116814.1	95.902	244	7	2	1	241	213	456	5.54e-109	392
85c1a4ce-76fe-46cc-a647-20c652e3fd0d	NR_044049.1	94.672	244	10	2	1	241	201	444	5.58e-104	375
10db5dab-5439-45b2-9507-5c6c0e948494	NR_044873.1	95.102	245	7	4	1	242	676	434	1.17e-105	381
10db5dab-5439-45b2-9507-5c6c0e948494	NR_109752.1	91.429	245	15	5	1	242	697	456	1.19e-90	331
10db5dab-5439-45b2-9507-5c6c0e948494	NR_043968.1	91.429	245	15	5	1	242	644	403	1.19e-90	331
10db5dab-5439-45b2-9507-5c6c0e948494	NR_178360.1	91.429	245	15	5	1	242	653	412	1.19e-90	331
10db5dab-5439-45b2-9507-5c6c0e948494	NR_024785.1	91.020	245	16	5	1	242	642	401	5.54e-89	326
7e419aae-e389-4364-ace0-e04805964876	NR_121688.1	90.659	182	12	4	1	181	207	30	2.12e-62	237
7e419aae-e389-4364-ace0-e04805964876	NR_117717.1	90.110	182	13	4	1	181	208	31	9.88e-61	231
7e419aae-e389-4364-ace0-e04805964876	NR_117701.1	90.110	182	13	4	1	181	187	10	9.88e-61	231
7e419aae-e389-4364-ace0-e04805964876	NR_117696.1	90.395	177	12	4	1	176	174	2	1.28e-59	228
7e419aae-e389-4364-ace0-e04805964876	NR_118659.1	88.462	182	16	4	1	181	207	30	2.14e-57	220
996541d7-73c1-493a-932e-eb87155f4f94	NR_024659.1	97.887	142	1	2	1	142	1074	1213	9.04e-65	244
996541d7-73c1-493a-932e-eb87155f4f94	NR_024841.1	97.887	142	1	2	1	142	1107	1246	9.04e-65	244
996541d7-73c1-493a-932e-eb87155f4f94	NR_036936.1	97.887	142	1	2	1	142	1093	1232	9.04e-65	244
996541d7-73c1-493a-932e-eb87155f4f94	NR_028665.1	97.887	142	1	2	1	142	1108	1247	9.04e-65	244
996541d7-73c1-493a-932e-eb87155f4f94	NR_036918.1	97.887	142	1	2	1	142	1110	1249	9.04e-65	244
ecf9afde-018c-4381-8a51-0ad635ee15ea	NR_041879.1	96.639	119	1	2	1	116	1299	1181	7.01e-50	195
ecf9afde-018c-4381-8a51-0ad635ee15ea	NR_115355.1	96.639	119	1	2	1	116	1341	1223	7.01e-50	195
ecf9afde-018c-4381-8a51-0ad635ee15ea	NR_119169.1	96.639	119	1	2	1	116	1346	1228	7.01e-50	195
ecf9afde-018c-4381-8a51-0ad635ee15ea	NR_163639.1	96.639	119	1	2	1	116	1356	1238	7.01e-50	195
ecf9afde-018c-4381-8a51-0ad635ee15ea	NR_179325.1	96.639	119	1	2	1	116	1315	1197	7.01e-50	195
352a1f49-4187-4557-8e49-bda0b59e5b0f	NR_136788.1	94.737	209	5	4	1	204	546	753	2.17e-87	320
352a1f49-4187-4557-8e49-bda0b59e5b0f	NR_026230.1	93.301	209	8	4	1	204	524	731	2.18e-82	303
352a1f49-4187-4557-8e49-bda0b59e5b0f	NR_113082.1	93.301	209	8	4	1	204	546	753	2.18e-82	303
352a1f49-4187-4557-8e49-bda0b59e5b0f	NR_042203.1	83.173	208	29	5	1	203	502	708	8.25e-47	185
352a1f49-4187-4557-8e49-bda0b59e5b0f	NR_112933.1	83.173	208	29	5	1	203	541	747	8.25e-47	185
1075f3a0-1385-47d9-acde-eafebdf004ca	NR_113105.1	97.071	239	2	3	1	234	623	385	1.12e-110	398
1075f3a0-1385-47d9-acde-eafebdf004ca	NR_044407.1	97.071	239	2	3	1	234	615	377	1.12e-110	398
1075f3a0-1385-47d9-acde-eafebdf004ca	NR_109628.1	96.234	239	4	2	1	234	616	378	2.43e-107	387
1075f3a0-1385-47d9-acde-eafebdf004ca	NR_113124.1	95.397	239	6	2	1	234	635	397	5.25e-104	375
1075f3a0-1385-47d9-acde-eafebdf004ca	NR_115327.1	95.397	239	6	2	1	234	615	377	5.25e-104	375
3ef6e164-0951-4d6a-9fdc-ffde6f8ee170	NR_025902.1	100.000	144	0	0	1	144	1302	1445	1.96e-71	267
3ef6e164-0951-4d6a-9fdc-ffde6f8ee170	NR_028844.1	100.000	144	0	0	1	144	1333	1476	1.96e-71	267
3ef6e164-0951-4d6a-9fdc-ffde6f8ee170	NR_040933.1	100.000	144	0	0	1	144	1346	1489	1.96e-71	267
3ef6e164-0951-4d6a-9fdc-ffde6f8ee170	NR_117717.1	100.000	144	0	0	1	144	1344	1487	1.96e-71	267
3ef6e164-0951-4d6a-9fdc-ffde6f8ee170	NR_121688.1	100.000	144	0	0	1	144	1344	1487	1.96e-71	267
08d849f4-203d-4a7e-bcd2-399fb4f711d4	NR_041880.1	91.630	227	11	6	10	228	1032	806	1.94e-83	307
08d849f4-203d-4a7e-bcd2-399fb4f711d4	NR_042940.1	91.630	227	11	6	10	228	988	762	1.94e-83	307
08d849f4-203d-4a7e-bcd2-399fb4f711d4	NR_074980.1	91.630	227	11	6	10	228	1103	877	1.94e-83	307
08d849f4-203d-4a7e-bcd2-399fb4f711d4	NR_113031.1	91.630	227	11	6	10	228	1103	877	1.94e-83	307
08d849f4-203d-4a7e-bcd2-399fb4f711d4	NR_044153.1	91.630	227	11	6	10	228	1076	850	1.94e-83	307
f9a9979f-be08-4f14-9ea1-58ff52681f3f	NR_026419.1	97.980	99	1	1	2	99	1390	1488	9.92e-43	171
f9a9979f-be08-4f14-9ea1-58ff52681f3f	NR_025904.1	96.970	99	1	2	2	99	1401	1498	4.62e-41	165
f9a9979f-be08-4f14-9ea1-58ff52681f3f	NR_025903.1	95.960	99	2	2	2	99	1402	1499	2.15e-39	159
f9a9979f-be08-4f14-9ea1-58ff52681f3f	NR_025307.1	93.000	100	4	3	2	99	1390	1488	2.16e-34	143
f9a9979f-be08-4f14-9ea1-58ff52681f3f	NR_026482.1	92.000	100	5	3	2	99	1382	1480	1.01e-32	137
f4bf50b5-6804-46bc-b7d7-d4a698f28a90	NR_037101.1	97.484	159	4	0	3	161	1317	1475	4.72e-73	272
f4bf50b5-6804-46bc-b7d7-d4a698f28a90	NR_040821.1	97.484	159	4	0	3	161	1317	1475	4.72e-73	272
f4bf50b5-6804-46bc-b7d7-d4a698f28a90	NR_025148.1	97.484	159	4	0	3	161	1337	1495	4.72e-73	272
f4bf50b5-6804-46bc-b7d7-d4a698f28a90	NR_028664.1	97.484	159	4	0	3	161	1338	1496	4.72e-73	272
f4bf50b5-6804-46bc-b7d7-d4a698f28a90	NR_028666.1	97.484	159	4	0	3	161	1341	1499	4.72e-73	272
4dd7e94f-7fc1-4766-9d8a-f3ba0028c72f	NR_024842.1	98.485	132	1	1	1	132	1408	1278	6.64e-61	231
4dd7e94f-7fc1-4766-9d8a-f3ba0028c72f	NR_036936.1	98.485	132	1	1	1	132	1393	1263	6.64e-61	231
4dd7e94f-7fc1-4766-9d8a-f3ba0028c72f	NR_025453.1	98.485	132	1	1	1	132	1393	1263	6.64e-61	231
4dd7e94f-7fc1-4766-9d8a-f3ba0028c72f	NR_028664.1	98.485	132	1	1	1	132	1414	1284	6.64e-61	231
4dd7e94f-7fc1-4766-9d8a-f3ba0028c72f	NR_028665.1	98.485	132	1	1	1	132	1408	1278	6.64e-61	231
94fad011-b68d-44aa-8477-9351573e3fe7	NR_028682.1	96.121	232	4	2	1	229	682	911	1.85e-103	374
94fad011-b68d-44aa-8477-9351573e3fe7	NR_026454.1	96.121	232	4	2	1	229	658	887	1.85e-103	374
94fad011-b68d-44aa-8477-9351573e3fe7	NR_116890.1	96.121	232	4	2	1	229	670	899	1.85e-103	374
94fad011-b68d-44aa-8477-9351573e3fe7	NR_025862.1	95.690	232	5	2	1	229	681	910	2.39e-102	370
94fad011-b68d-44aa-8477-9351573e3fe7	NR_025360.1	95.690	232	5	2	1	229	669	898	8.59e-102	368
d52253c6-6bc7-4ccd-a323-0ff75551f7e3	NR_043332.1	100.000	98	0	0	1	98	1385	1482	4.64e-46	182
d52253c6-6bc7-4ccd-a323-0ff75551f7e3	NR_074980.1	100.000	98	0	0	1	98	1412	1509	4.64e-46	182
d52253c6-6bc7-4ccd-a323-0ff75551f7e3	NR_113031.1	100.000	98	0	0	1	98	1412	1509	4.64e-46	182
d52253c6-6bc7-4ccd-a323-0ff75551f7e3	NR_115354.1	100.000	98	0	0	1	98	1385	1482	4.64e-46	182
d52253c6-6bc7-4ccd-a323-0ff75551f7e3	NR_115355.1	100.000	98	0	0	1	98	1385	1482	4.64e-46	182
8a986810-2e02-45b2-b56a-faa4ecf327a2	NR_024842.1	96.682	211	2	5	7	213	1221	1012	3.71e-95	346
8a986810-2e02-45b2-b56a-faa4ecf327a2	NR_109720.1	96.682	211	2	5	7	213	1200	991	3.71e-95	346
8a986810-2e02-45b2-b56a-faa4ecf327a2	NR_115735.1	96.682	211	2	5	7	213	1197	988	3.71e-95	346
8a986810-2e02-45b2-b56a-faa4ecf327a2	NR_116211.1	96.682	211	2	5	7	213	1129	920	3.71e-95	346
8a986810-2e02-45b2-b56a-faa4ecf327a2	NR_116213.1	96.682	211	2	5	7	213	1129	920	3.71e-95	346
99a9491b-0247-46a2-9de9-0555f930bc0a	NR_025423.1	92.222	90	4	3	1	88	282	194	7.14e-29	124
99a9491b-0247-46a2-9de9-0555f930bc0a	NR_042878.1	90.625	96	6	2	1	94	277	183	7.14e-29	124
99a9491b-0247-46a2-9de9-0555f930bc0a	NR_116168.1	90.625	96	6	2	1	94	298	204	7.14e-29	124
99a9491b-0247-46a2-9de9-0555f930bc0a	NR_118762.1	89.583	96	7	2	1	94	301	207	9.24e-28	121
99a9491b-0247-46a2-9de9-0555f930bc0a	NR_026030.1	91.111	90	5	2	1	88	281	193	3.32e-27	119
c9664978-8618-48ca-b384-e850272b412a	NR_042776.1	97.500	120	0	1	1	117	137	18	4.32e-52	202
c9664978-8618-48ca-b384-e850272b412a	NR_042777.1	97.500	120	0	1	1	117	137	18	4.32e-52	202
c9664978-8618-48ca-b384-e850272b412a	NR_042778.1	97.500	120	0	1	1	117	137	18	4.32e-52	202
c9664978-8618-48ca-b384-e850272b412a	NR_041781.1	96.694	121	1	2	1	118	121	1	5.59e-51	198
c9664978-8618-48ca-b384-e850272b412a	NR_118234.1	97.458	118	0	1	4	118	126	9	5.59e-51	198
e92b4bb4-00e9-4fde-82a1-9065bd15ea93	NR_024712.1	97.701	174	2	2	1	172	920	1093	8.22e-81	298
e92b4bb4-00e9-4fde-82a1-9065bd15ea93	NR_027191.1	97.701	174	2	2	1	172	903	1076	8.22e-81	298
e92b4bb4-00e9-4fde-82a1-9065bd15ea93	NR_027203.1	97.701	174	2	2	1	172	920	1093	8.22e-81	298
e92b4bb4-00e9-4fde-82a1-9065bd15ea93	NR_028608.1	95.429	175	4	4	1	172	914	1087	1.07e-74	278
e92b4bb4-00e9-4fde-82a1-9065bd15ea93	NR_180821.1	95.402	174	6	2	1	172	871	1044	3.85e-74	276
b7f1be83-be62-42c6-bf2c-b02e5fc9e28f	NR_025046.1	100.000	36	0	0	76	111	1486	1451	1.54e-11	67.6
b7f1be83-be62-42c6-bf2c-b02e5fc9e28f	NR_043332.1	100.000	36	0	0	76	111	1490	1455	1.54e-11	67.6
b7f1be83-be62-42c6-bf2c-b02e5fc9e28f	NR_074980.1	100.000	36	0	0	76	111	1517	1482	1.54e-11	67.6
b7f1be83-be62-42c6-bf2c-b02e5fc9e28f	NR_113031.1	100.000	36	0	0	76	111	1517	1482	1.54e-11	67.6
b7f1be83-be62-42c6-bf2c-b02e5fc9e28f	NR_113376.1	100.000	36	0	0	76	111	1517	1482	1.54e-11	67.6
c5963e7d-ac84-42bb-b61e-aa3555617b02	NR_024659.1	100.000	124	0	0	1	124	998	1121	2.17e-60	230
c5963e7d-ac84-42bb-b61e-aa3555617b02	NR_026471.1	100.000	124	0	0	1	124	1027	1150	2.17e-60	230
c5963e7d-ac84-42bb-b61e-aa3555617b02	NR_036918.1	100.000	124	0	0	1	124	1034	1157	2.17e-60	230
c5963e7d-ac84-42bb-b61e-aa3555617b02	NR_037002.1	100.000	124	0	0	1	124	1037	1160	2.17e-60	230
c5963e7d-ac84-42bb-b61e-aa3555617b02	NR_042776.1	100.000	124	0	0	1	124	1042	1165	2.17e-60	230
8004af00-541b-40ac-8b6d-7ead5e3ba88d	NR_041880.1	96.170	235	4	3	1	230	648	882	4.06e-105	379
8004af00-541b-40ac-8b6d-7ead5e3ba88d	NR_025762.1	96.170	235	4	3	1	230	670	904	4.06e-105	379
8004af00-541b-40ac-8b6d-7ead5e3ba88d	NR_041879.1	96.170	235	4	3	1	230	649	883	4.06e-105	379
8004af00-541b-40ac-8b6d-7ead5e3ba88d	NR_043332.1	96.170	235	4	3	1	230	692	926	4.06e-105	379
8004af00-541b-40ac-8b6d-7ead5e3ba88d	NR_074980.1	96.170	235	4	3	1	230	719	953	4.06e-105	379
51ee0228-6516-4256-bf44-bdc31bfe9b5d	NR_025863.1	94.382	267	10	5	1	264	276	12	5.91e-114	409
51ee0228-6516-4256-bf44-bdc31bfe9b5d	NR_025862.1	82.759	261	30	14	10	264	263	12	8.27e-58	222
51ee0228-6516-4256-bf44-bdc31bfe9b5d	NR_179652.1	81.716	268	36	11	1	263	276	17	1.79e-54	211
51ee0228-6516-4256-bf44-bdc31bfe9b5d	NR_028682.1	81.648	267	30	18	5	263	268	13	3.00e-52	204
51ee0228-6516-4256-bf44-bdc31bfe9b5d	NR_074997.2	81.111	270	33	15	1	263	278	20	3.87e-51	200
86fd0471-f17c-4e99-87e5-59eafd449e10	NR_042928.1	90.972	144	8	2	3	146	268	130	4.44e-48	189
86fd0471-f17c-4e99-87e5-59eafd449e10	NR_112026.1	90.972	144	8	2	3	146	251	113	4.44e-48	189
86fd0471-f17c-4e99-87e5-59eafd449e10	NR_116206.1	90.278	144	9	2	3	146	193	55	5.74e-47	185
86fd0471-f17c-4e99-87e5-59eafd449e10	NR_199547.1	90.278	144	9	2	3	146	248	110	2.06e-46	183
86fd0471-f17c-4e99-87e5-59eafd449e10	NR_199541.1	88.889	144	11	2	3	146	246	108	4.47e-43	172
55a6e89c-02d9-4fe8-bcbe-e9afd49db9c8	NR_025893.1	96.183	131	0	4	4	129	1393	1263	2.82e-54	209
55a6e89c-02d9-4fe8-bcbe-e9afd49db9c8	NR_028899.1	96.183	131	0	4	4	129	1327	1197	2.82e-54	209
55a6e89c-02d9-4fe8-bcbe-e9afd49db9c8	NR_028900.1	96.183	131	0	4	4	129	1327	1197	2.82e-54	209
55a6e89c-02d9-4fe8-bcbe-e9afd49db9c8	NR_104830.1	96.183	131	0	4	4	129	1384	1254	2.82e-54	209
55a6e89c-02d9-4fe8-bcbe-e9afd49db9c8	NR_104944.1	96.183	131	0	4	4	129	1330	1200	2.82e-54	209
96536485-eb83-417a-8df6-18ef991cca35	NR_163639.1	89.231	195	14	7	1	192	1115	1305	2.06e-62	237
96536485-eb83-417a-8df6-18ef991cca35	NR_179325.1	89.231	195	14	7	1	192	1074	1264	2.06e-62	237
96536485-eb83-417a-8df6-18ef991cca35	NR_115355.1	88.718	195	15	7	1	192	1100	1290	9.59e-61	231
96536485-eb83-417a-8df6-18ef991cca35	NR_041879.1	88.265	196	15	8	1	192	1057	1248	1.24e-59	228
96536485-eb83-417a-8df6-18ef991cca35	NR_119169.1	88.205	195	16	7	1	192	1105	1295	1.24e-59	228
84e87294-45ce-4cc5-b137-f8923dded744	NR_125571.1	96.907	97	3	0	1	97	97	1	5.55e-41	165
84e87294-45ce-4cc5-b137-f8923dded744	NR_025127.1	85.124	121	10	6	1	116	127	10	1.58e-26	117
84e87294-45ce-4cc5-b137-f8923dded744	NR_104843.1	85.124	121	10	7	2	117	125	8	1.58e-26	117
84e87294-45ce-4cc5-b137-f8923dded744	NR_043664.1	84.874	119	14	4	1	116	130	13	1.58e-26	117
84e87294-45ce-4cc5-b137-f8923dded744	NR_179447.1	85.000	120	12	6	1	116	133	16	1.58e-26	117
b114be54-a11b-4a77-a9da-a588e19e57cf	NR_179434.1	96.992	133	2	2	1	131	1346	1478	3.86e-58	222
b114be54-a11b-4a77-a9da-a588e19e57cf	NR_104799.1	96.241	133	3	2	1	131	1335	1467	1.80e-56	217
b114be54-a11b-4a77-a9da-a588e19e57cf	NR_117138.2	96.241	133	3	2	1	131	1343	1475	1.80e-56	217
b114be54-a11b-4a77-a9da-a588e19e57cf	NR_117792.1	96.923	130	2	2	1	128	1248	1377	1.80e-56	217
b114be54-a11b-4a77-a9da-a588e19e57cf	NR_118128.1	96.241	133	3	2	1	131	1172	1304	1.80e-56	217
cd767ed9-b3b8-4d3e-a9e5-19857623530c	NR_042843.1	97.778	90	0	2	1	88	713	802	8.35e-38	154
cd767ed9-b3b8-4d3e-a9e5-19857623530c	NR_102895.1	97.778	90	0	2	1	88	741	830	8.35e-38	154
cd767ed9-b3b8-4d3e-a9e5-19857623530c	NR_113113.1	97.778	90	0	2	1	88	721	810	8.35e-38	154
cd767ed9-b3b8-4d3e-a9e5-19857623530c	NR_114305.1	97.778	90	0	2	1	88	733	822	8.35e-38	154
cd767ed9-b3b8-4d3e-a9e5-19857623530c	NR_116726.1	97.778	90	0	2	1	88	713	802	8.35e-38	154
7d17dd37-9268-4512-b3f6-8ccdf78ad0c7	NR_028664.1	97.391	230	1	3	3	227	1265	1494	2.39e-107	387
7d17dd37-9268-4512-b3f6-8ccdf78ad0c7	NR_028666.1	97.391	230	1	3	3	227	1268	1497	2.39e-107	387
7d17dd37-9268-4512-b3f6-8ccdf78ad0c7	NR_028833.1	97.391	230	1	3	3	227	1271	1500	2.39e-107	387
7d17dd37-9268-4512-b3f6-8ccdf78ad0c7	NR_029052.1	97.391	230	1	3	3	227	1232	1461	2.39e-107	387
7d17dd37-9268-4512-b3f6-8ccdf78ad0c7	NR_036918.1	97.391	230	1	3	3	227	1261	1490	2.39e-107	387
723df64b-3ff7-42fc-bbce-1ccdecc8ee7e	NR_026093.1	93.064	173	5	3	1	166	1278	1106	2.94e-65	246
723df64b-3ff7-42fc-bbce-1ccdecc8ee7e	NR_102936.1	93.064	173	5	3	1	166	1371	1199	2.94e-65	246
723df64b-3ff7-42fc-bbce-1ccdecc8ee7e	NR_113159.1	93.064	173	5	3	1	166	1371	1199	2.94e-65	246
723df64b-3ff7-42fc-bbce-1ccdecc8ee7e	NR_179663.1	87.931	174	12	5	1	166	1380	1208	3.00e-50	196
723df64b-3ff7-42fc-bbce-1ccdecc8ee7e	NR_181210.1	87.283	173	15	4	1	166	1354	1182	1.40e-48	191
2082dbbc-ffdc-43d2-9e99-4a673f42c836	NR_029097.1	98.578	211	2	1	4	214	1344	1135	6.19e-103	372
2082dbbc-ffdc-43d2-9e99-4a673f42c836	NR_125570.1	98.578	211	2	1	4	214	1326	1117	6.19e-103	372
2082dbbc-ffdc-43d2-9e99-4a673f42c836	NR_125571.1	98.578	211	2	1	4	214	1368	1159	6.19e-103	372
2082dbbc-ffdc-43d2-9e99-4a673f42c836	NR_025127.1	94.787	211	10	1	4	214	1400	1191	1.36e-89	327
2082dbbc-ffdc-43d2-9e99-4a673f42c836	NR_104836.1	94.393	214	11	1	1	214	1391	1179	1.36e-89	327
05c9ecef-d968-4f19-97f4-19bed9b9630e	NR_036936.1	93.642	173	4	6	1	167	865	694	6.28e-67	252
05c9ecef-d968-4f19-97f4-19bed9b9630e	NR_029052.1	93.642	173	4	6	1	167	853	682	6.28e-67	252
05c9ecef-d968-4f19-97f4-19bed9b9630e	NR_103943.1	93.642	173	4	6	1	167	891	720	6.28e-67	252
05c9ecef-d968-4f19-97f4-19bed9b9630e	NR_024842.1	93.064	173	5	6	1	167	880	709	2.92e-65	246
05c9ecef-d968-4f19-97f4-19bed9b9630e	NR_026471.1	93.064	173	5	6	1	167	875	704	2.92e-65	246
62ef6816-0e52-484c-a9cd-c8e97afa763f	NR_116168.1	97.059	136	3	1	1	136	153	19	8.59e-60	228
62ef6816-0e52-484c-a9cd-c8e97afa763f	NR_042878.1	95.489	133	5	1	1	133	132	1	6.69e-56	215
62ef6816-0e52-484c-a9cd-c8e97afa763f	NR_118762.1	93.382	136	8	1	1	136	156	22	1.12e-53	207
62ef6816-0e52-484c-a9cd-c8e97afa763f	NR_118757.1	92.647	136	9	1	1	136	158	24	6.74e-51	198
62ef6816-0e52-484c-a9cd-c8e97afa763f	NR_137344.1	93.333	135	8	1	1	135	177	44	6.74e-51	198
34c34ece-e079-4284-8bc7-174b9aadb84b	NR_136788.1	92.466	146	6	3	31	172	1312	1456	1.94e-52	204
34c34ece-e079-4284-8bc7-174b9aadb84b	NR_136443.1	92.466	146	6	3	31	172	1274	1418	1.94e-52	204
34c34ece-e079-4284-8bc7-174b9aadb84b	NR_026230.1	90.411	146	9	3	31	172	1290	1434	1.96e-47	187
34c34ece-e079-4284-8bc7-174b9aadb84b	NR_041464.1	89.726	146	8	4	31	171	1313	1456	3.27e-45	180
34c34ece-e079-4284-8bc7-174b9aadb84b	NR_041343.1	89.726	146	8	4	31	171	1313	1456	3.27e-45	180
043584d3-b717-4c9f-9367-446c3bd39c44	NR_029286.1	88.235	391	18	21	15	384	390	7	8.69e-124	442
043584d3-b717-4c9f-9367-446c3bd39c44	NR_114395.1	87.724	391	20	19	15	384	396	13	1.88e-120	431
043584d3-b717-4c9f-9367-446c3bd39c44	NR_041983.1	88.140	371	17	18	15	365	364	1	5.27e-116	416
043584d3-b717-4c9f-9367-446c3bd39c44	NR_119102.1	88.108	370	17	18	15	364	365	3	1.89e-115	414
043584d3-b717-4c9f-9367-446c3bd39c44	NR_179528.1	87.105	380	18	20	15	370	380	8	1.48e-111	401
c2319cd7-9fdc-41e1-ac92-cb7e4501db75	NR_024842.1	89.516	124	9	4	1	123	1379	1259	1.29e-37	154
c2319cd7-9fdc-41e1-ac92-cb7e4501db75	NR_036936.1	89.516	124	9	4	1	123	1364	1244	1.29e-37	154
c2319cd7-9fdc-41e1-ac92-cb7e4501db75	NR_025453.1	89.516	124	9	4	1	123	1364	1244	1.29e-37	154
c2319cd7-9fdc-41e1-ac92-cb7e4501db75	NR_028664.1	89.516	124	9	4	1	123	1385	1265	1.29e-37	154
c2319cd7-9fdc-41e1-ac92-cb7e4501db75	NR_028665.1	89.516	124	9	4	1	123	1379	1259	1.29e-37	154
06e0d525-0cc0-4176-b0dc-91706878e169	NR_028664.1	97.479	238	4	2	1	237	1263	1499	6.83e-113	405
06e0d525-0cc0-4176-b0dc-91706878e169	NR_117719.1	97.479	238	4	2	1	237	1260	1496	6.83e-113	405
06e0d525-0cc0-4176-b0dc-91706878e169	NR_179383.1	97.479	238	4	2	1	237	1267	1503	6.83e-113	405
06e0d525-0cc0-4176-b0dc-91706878e169	NR_028666.1	97.468	237	4	2	2	237	1267	1502	2.46e-112	403
06e0d525-0cc0-4176-b0dc-91706878e169	NR_028833.1	97.468	237	4	2	2	237	1270	1505	2.46e-112	403
e506959f-163b-4a64-97da-6927ea0f7f61	NR_136788.1	98.936	188	1	1	1	187	888	701	7.32e-92	335
e506959f-163b-4a64-97da-6927ea0f7f61	NR_113082.1	98.404	188	2	1	1	187	888	701	3.41e-90	329
e506959f-163b-4a64-97da-6927ea0f7f61	NR_026230.1	97.872	188	3	1	1	187	866	679	4.41e-89	326
e506959f-163b-4a64-97da-6927ea0f7f61	NR_025908.1	95.213	188	8	1	1	187	893	706	3.45e-80	296
e506959f-163b-4a64-97da-6927ea0f7f61	NR_136443.1	94.681	188	9	1	1	187	850	663	1.61e-78	291
4eb08120-df91-4aa6-9497-cf9e7e2b3bc7	NR_024842.1	92.202	218	12	4	1	217	221	8	2.33e-82	303
4eb08120-df91-4aa6-9497-cf9e7e2b3bc7	NR_115241.1	93.137	204	12	2	1	204	206	5	1.08e-80	298
4eb08120-df91-4aa6-9497-cf9e7e2b3bc7	NR_115735.1	92.462	199	12	3	1	198	197	1	1.09e-75	281
4eb08120-df91-4aa6-9497-cf9e7e2b3bc7	NR_165737.1	89.552	201	17	4	5	204	202	5	8.54e-67	252
4eb08120-df91-4aa6-9497-cf9e7e2b3bc7	NR_178515.1	89.552	201	17	4	5	204	202	5	8.54e-67	252
9219088d-de3d-4d19-866c-ab1d3af9ee39	NR_028665.1	94.059	303	12	5	1	301	1173	1471	9.18e-128	455
9219088d-de3d-4d19-866c-ab1d3af9ee39	NR_114172.1	94.059	303	12	5	1	301	1156	1454	9.18e-128	455
9219088d-de3d-4d19-866c-ab1d3af9ee39	NR_115239.1	94.059	303	12	5	1	301	1156	1454	9.18e-128	455
9219088d-de3d-4d19-866c-ab1d3af9ee39	NR_027214.1	94.059	303	12	5	1	301	1156	1454	9.18e-128	455
9219088d-de3d-4d19-866c-ab1d3af9ee39	NR_165741.1	94.059	303	12	5	1	301	1165	1463	9.18e-128	455
49fe2c1b-f57a-4ee5-98b4-2af9be44f50c	NR_102936.1	95.735	211	3	5	1	206	1253	1462	7.70e-92	335
49fe2c1b-f57a-4ee5-98b4-2af9be44f50c	NR_113159.1	95.735	211	3	5	1	206	1253	1462	7.70e-92	335
49fe2c1b-f57a-4ee5-98b4-2af9be44f50c	NR_036819.1	95.261	211	4	5	1	206	1234	1443	3.58e-90	329
49fe2c1b-f57a-4ee5-98b4-2af9be44f50c	NR_113038.1	95.261	211	4	5	1	206	1254	1463	3.58e-90	329
49fe2c1b-f57a-4ee5-98b4-2af9be44f50c	NR_179663.1	92.925	212	8	5	1	206	1262	1472	7.81e-82	302
5cec0b5e-a4bc-468a-b441-5cfd11e0a8a5	NR_024785.1	98.925	93	1	0	1	93	1198	1106	1.25e-41	167
5cec0b5e-a4bc-468a-b441-5cfd11e0a8a5	NR_044873.1	98.925	93	1	0	1	93	1233	1141	1.25e-41	167
5cec0b5e-a4bc-468a-b441-5cfd11e0a8a5	NR_074568.1	98.925	93	1	0	1	93	1243	1151	1.25e-41	167
5cec0b5e-a4bc-468a-b441-5cfd11e0a8a5	NR_117005.1	98.925	93	1	0	1	93	1211	1119	1.25e-41	167
5cec0b5e-a4bc-468a-b441-5cfd11e0a8a5	NR_156948.1	98.925	93	1	0	1	93	1238	1146	1.25e-41	167
89a96f89-656e-477b-bbff-cb386d78e16c	NR_028664.1	94.536	183	6	2	1	179	1432	1250	3.12e-75	279
89a96f89-656e-477b-bbff-cb386d78e16c	NR_028665.1	94.536	183	6	2	1	179	1426	1244	3.12e-75	279
89a96f89-656e-477b-bbff-cb386d78e16c	NR_042927.1	94.536	183	6	2	1	179	1411	1229	3.12e-75	279
89a96f89-656e-477b-bbff-cb386d78e16c	NR_114172.1	94.536	183	6	2	1	179	1409	1227	3.12e-75	279
89a96f89-656e-477b-bbff-cb386d78e16c	NR_114413.1	94.536	183	6	2	1	179	1434	1252	3.12e-75	279
555f071d-ddd0-4a58-99f1-0c729ae923a6	NR_179385.1	90.337	1128	51	46	19	1110	1122	17	0.0	1426
555f071d-ddd0-4a58-99f1-0c729ae923a6	NR_028664.1	90.160	1128	53	46	19	1110	1121	16	0.0	1415
555f071d-ddd0-4a58-99f1-0c729ae923a6	NR_165741.1	89.982	1128	55	46	19	1110	1107	2	0.0	1404
555f071d-ddd0-4a58-99f1-0c729ae923a6	NR_115240.1	90.089	1120	53	46	19	1102	1098	1	0.0	1400
555f071d-ddd0-4a58-99f1-0c729ae923a6	NR_115732.1	90.027	1123	54	46	19	1106	1100	1	0.0	1400
43e04e93-e489-44a8-a940-6c9f6f07827c	NR_044873.1	98.142	323	5	1	3	324	799	1121	5.54e-160	562
43e04e93-e489-44a8-a940-6c9f6f07827c	NR_074568.1	96.904	323	9	1	3	324	809	1131	2.60e-153	540
43e04e93-e489-44a8-a940-6c9f6f07827c	NR_044712.2	96.914	324	7	3	3	324	818	1140	2.60e-153	540
43e04e93-e489-44a8-a940-6c9f6f07827c	NR_109752.1	96.605	324	9	2	3	324	819	1142	3.36e-152	536
43e04e93-e489-44a8-a940-6c9f6f07827c	NR_178360.1	96.605	324	9	2	3	324	775	1098	3.36e-152	536
67d6b68e-4b54-489c-9f17-829c33991ed3	NR_179383.1	94.482	1033	34	19	7	1029	1040	21	0.0	1570
67d6b68e-4b54-489c-9f17-829c33991ed3	NR_028664.1	94.288	1033	36	19	7	1029	1036	17	0.0	1559
67d6b68e-4b54-489c-9f17-829c33991ed3	NR_165744.1	94.288	1033	36	19	7	1029	1022	3	0.0	1559
67d6b68e-4b54-489c-9f17-829c33991ed3	NR_199545.1	94.288	1033	36	19	7	1029	1033	14	0.0	1559
67d6b68e-4b54-489c-9f17-829c33991ed3	NR_115560.1	94.095	1033	38	19	7	1029	1033	14	0.0	1550
79eb7ec0-2c3e-42db-8703-8bcc7c18a731	NR_025903.1	98.736	712	4	4	1	709	791	1500	0.0	1260
79eb7ec0-2c3e-42db-8703-8bcc7c18a731	NR_025904.1	98.174	712	8	4	1	709	790	1499	0.0	1238
79eb7ec0-2c3e-42db-8703-8bcc7c18a731	NR_133752.1	98.975	683	3	3	1	680	716	1397	0.0	1219
79eb7ec0-2c3e-42db-8703-8bcc7c18a731	NR_133753.1	98.975	683	3	3	1	680	745	1426	0.0	1219
79eb7ec0-2c3e-42db-8703-8bcc7c18a731	NR_026419.1	97.612	712	13	3	1	709	779	1489	0.0	1218
0e9b1d40-c635-4d29-a5fc-95ba192920d3	NR_028664.1	96.457	1016	23	13	4	1009	1037	25	0.0	1664
0e9b1d40-c635-4d29-a5fc-95ba192920d3	NR_115240.1	96.457	1016	23	13	4	1009	1014	2	0.0	1664
0e9b1d40-c635-4d29-a5fc-95ba192920d3	NR_115732.1	96.358	1016	23	14	4	1009	1016	5	0.0	1659
0e9b1d40-c635-4d29-a5fc-95ba192920d3	NR_115560.1	96.063	1016	27	13	4	1009	1034	22	0.0	1644
0e9b1d40-c635-4d29-a5fc-95ba192920d3	NR_165744.1	96.063	1016	27	13	4	1009	1023	11	0.0	1642
4232e7f7-cc9c-4baa-bf4b-8a6ca8544056	NR_116168.1	95.538	493	10	11	1	487	500	14	0.0	778
4232e7f7-cc9c-4baa-bf4b-8a6ca8544056	NR_042878.1	95.052	485	12	11	1	479	479	1	0.0	761
4232e7f7-cc9c-4baa-bf4b-8a6ca8544056	NR_118762.1	92.901	493	25	10	1	488	503	16	0.0	728
4232e7f7-cc9c-4baa-bf4b-8a6ca8544056	NR_025423.1	93.265	490	19	13	1	482	484	1	0.0	710
4232e7f7-cc9c-4baa-bf4b-8a6ca8544056	NR_118143.1	91.170	487	29	13	1	479	481	1	0.0	651
4c9bde0b-0581-4d33-bf5d-65b51ce90932	NR_026419.1	93.172	1157	40	33	1	1131	1163	20	0.0	1663
4c9bde0b-0581-4d33-bf5d-65b51ce90932	NR_025903.1	91.590	1189	57	37	1	1162	1175	3	0.0	1602
4c9bde0b-0581-4d33-bf5d-65b51ce90932	NR_133753.1	92.737	1129	47	32	1	1108	1129	15	0.0	1598
4c9bde0b-0581-4d33-bf5d-65b51ce90932	NR_025904.1	91.016	1191	60	40	1	1162	1174	2	0.0	1563
4c9bde0b-0581-4d33-bf5d-65b51ce90932	NR_133752.1	92.460	1114	50	31	1	1094	1100	1	0.0	1561
88a05a19-fc76-4784-b689-ca33e719638c	NR_178515.1	95.693	1393	38	20	12	1392	1383	1	0.0	2220
88a05a19-fc76-4784-b689-ca33e719638c	NR_165737.1	95.477	1393	41	20	12	1392	1383	1	0.0	2204
88a05a19-fc76-4784-b689-ca33e719638c	NR_036936.1	95.259	1392	46	18	12	1392	1383	1	0.0	2189
88a05a19-fc76-4784-b689-ca33e719638c	NR_109720.1	95.166	1386	47	18	12	1386	1377	1	0.0	2170
88a05a19-fc76-4784-b689-ca33e719638c	NR_114413.1	94.782	1399	55	16	12	1400	1406	16	0.0	2163
24e967b4-a4eb-4b68-b484-0c0fa12e3a2c	NR_040821.1	95.620	274	8	4	3	274	1196	1467	2.87e-122	436
24e967b4-a4eb-4b68-b484-0c0fa12e3a2c	NR_025148.1	95.620	274	8	4	3	274	1216	1487	2.87e-122	436
24e967b4-a4eb-4b68-b484-0c0fa12e3a2c	NR_040820.1	95.620	274	8	4	3	274	1196	1467	2.87e-122	436
24e967b4-a4eb-4b68-b484-0c0fa12e3a2c	NR_113262.1	95.620	274	8	4	3	274	1196	1467	2.87e-122	436
24e967b4-a4eb-4b68-b484-0c0fa12e3a2c	NR_115728.1	95.620	274	8	4	3	274	1188	1459	2.87e-122	436
4e728c1e-c361-467a-aa80-3cdf8fc0e59c	NR_036936.1	96.322	1414	33	15	19	1422	67	1471	0.0	2307
4e728c1e-c361-467a-aa80-3cdf8fc0e59c	NR_165737.1	95.880	1432	40	15	1	1422	49	1471	0.0	2300
4e728c1e-c361-467a-aa80-3cdf8fc0e59c	NR_109720.1	96.162	1407	35	15	18	1414	60	1457	0.0	2281
4e728c1e-c361-467a-aa80-3cdf8fc0e59c	NR_115735.1	95.540	1435	43	17	1	1424	39	1463	0.0	2276
4e728c1e-c361-467a-aa80-3cdf8fc0e59c	NR_024842.1	95.467	1434	45	16	1	1424	64	1487	0.0	2274
4c569c6d-99f6-4fd8-b07e-00e1e24c822a	NR_115735.1	95.501	1267	31	19	1	1254	154	1407	0.0	2001
4c569c6d-99f6-4fd8-b07e-00e1e24c822a	NR_178515.1	95.566	1263	28	22	1	1249	163	1411	0.0	1997
4c569c6d-99f6-4fd8-b07e-00e1e24c822a	NR_165737.1	95.426	1268	30	22	1	1254	163	1416	0.0	1995
4c569c6d-99f6-4fd8-b07e-00e1e24c822a	NR_024842.1	95.343	1267	33	19	1	1254	178	1431	0.0	1993
4c569c6d-99f6-4fd8-b07e-00e1e24c822a	NR_115241.1	95.343	1267	33	19	1	1254	163	1416	0.0	1991
252366b6-4096-4eee-b36b-539dfdd1b7eb	NR_115354.1	96.318	679	16	8	1	672	809	1485	0.0	1109
252366b6-4096-4eee-b36b-539dfdd1b7eb	NR_115355.1	96.171	679	17	8	1	672	809	1485	0.0	1101
252366b6-4096-4eee-b36b-539dfdd1b7eb	NR_163639.1	96.171	679	16	9	1	672	825	1500	0.0	1101
252366b6-4096-4eee-b36b-539dfdd1b7eb	NR_179325.1	96.171	679	17	8	1	672	783	1459	0.0	1101
252366b6-4096-4eee-b36b-539dfdd1b7eb	NR_113570.1	96.029	680	17	9	1	672	816	1493	0.0	1098
931882cb-8bfb-405c-8c13-a7e6b631ae41	NR_042167.1	90.995	744	27	30	28	734	1388	648	0.0	966
931882cb-8bfb-405c-8c13-a7e6b631ae41	NR_119241.1	89.933	745	29	32	28	734	1343	607	0.0	924
931882cb-8bfb-405c-8c13-a7e6b631ae41	NR_025364.1	87.466	742	51	32	31	734	1397	660	0.0	817
931882cb-8bfb-405c-8c13-a7e6b631ae41	NR_113030.1	86.792	742	57	29	31	734	1416	678	0.0	789
931882cb-8bfb-405c-8c13-a7e6b631ae41	NR_113060.1	86.792	742	57	31	31	734	1431	693	0.0	789
ee1dd7de-8fe6-425a-97ad-0cda9dcff0c0	NR_117719.1	96.099	846	27	6	1	842	855	12	0.0	1375
ee1dd7de-8fe6-425a-97ad-0cda9dcff0c0	NR_114413.1	95.981	846	30	4	1	842	860	15	0.0	1371
ee1dd7de-8fe6-425a-97ad-0cda9dcff0c0	NR_175455.1	95.967	843	28	6	1	839	843	3	0.0	1363
ee1dd7de-8fe6-425a-97ad-0cda9dcff0c0	NR_042927.1	95.938	837	30	4	1	833	837	1	0.0	1354
ee1dd7de-8fe6-425a-97ad-0cda9dcff0c0	NR_115734.1	95.699	837	32	4	1	833	838	2	0.0	1347
85bb0893-f0f6-4c0c-8c88-c59f09348ff3	NR_116168.1	91.591	773	31	25	1	757	768	14	0.0	1037
85bb0893-f0f6-4c0c-8c88-c59f09348ff3	NR_042878.1	91.447	760	32	24	1	744	747	5	0.0	1022
85bb0893-f0f6-4c0c-8c88-c59f09348ff3	NR_126284.1	87.122	761	63	27	1	744	747	5	0.0	830
85bb0893-f0f6-4c0c-8c88-c59f09348ff3	NR_042865.1	86.928	765	60	31	1	744	750	5	0.0	824
85bb0893-f0f6-4c0c-8c88-c59f09348ff3	NR_118757.1	86.305	774	74	24	1	759	773	17	0.0	821
3233a6a7-4f6f-495b-ba3d-86ba9d3b0462	NR_179540.1	94.525	1315	42	23	10	1310	197	1495	0.0	2002
3233a6a7-4f6f-495b-ba3d-86ba9d3b0462	NR_042928.1	94.516	1313	41	24	6	1303	172	1468	0.0	1997
3233a6a7-4f6f-495b-ba3d-86ba9d3b0462	NR_117719.1	94.377	1316	43	24	10	1310	197	1496	0.0	1991
3233a6a7-4f6f-495b-ba3d-86ba9d3b0462	NR_175455.1	94.229	1317	44	25	10	1310	185	1485	0.0	1982
3233a6a7-4f6f-495b-ba3d-86ba9d3b0462	NR_179383.1	94.077	1317	47	24	9	1310	203	1503	0.0	1971
