269ef64b-101a-4b81-809c-cc73ce6750d1	NR_025862.1	88.095	588	42	23	6	574	590	12	0.0	678
269ef64b-101a-4b81-809c-cc73ce6750d1	NR_180371.1	83.725	596	62	28	6	573	601	13	2.75e-150	531
269ef64b-101a-4b81-809c-cc73ce6750d1	NR_026454.1	85.686	510	45	24	6	494	567	65	9.97e-145	512
269ef64b-101a-4b81-809c-cc73ce6750d1	NR_025863.1	82.718	596	62	37	7	574	594	12	3.61e-139	494
269ef64b-101a-4b81-809c-cc73ce6750d1	NR_024906.1	84.387	506	55	21	6	493	580	81	1.31e-133	475
269ef64b-101a-4b81-809c-cc73ce6750d1	NR_024906.1	94.872	39	1	1	527	564	39	1	1.56e-08	60.2
2c48bdee-3bae-4d7c-bf6c-a494e6e85d20	NR_199541.1	93.103	261	9	8	3	257	135	392	2.16e-103	374
2c48bdee-3bae-4d7c-bf6c-a494e6e85d20	NR_114537.1	92.692	260	12	6	3	257	146	403	1.00e-101	368
2c48bdee-3bae-4d7c-bf6c-a494e6e85d20	NR_036936.1	92.308	260	13	6	3	257	159	416	1.30e-100	364
2c48bdee-3bae-4d7c-bf6c-a494e6e85d20	NR_165747.1	91.954	261	12	8	3	257	157	414	2.17e-98	357
2c48bdee-3bae-4d7c-bf6c-a494e6e85d20	NR_180875.1	91.860	258	14	6	5	257	140	395	7.81e-98	355
d0a701b1-4874-48d3-bfd3-d35904008d99	NR_026230.1	96.774	62	1	1	1	61	344	405	1.91e-22	102
d0a701b1-4874-48d3-bfd3-d35904008d99	NR_113082.1	96.774	62	1	1	1	61	366	427	1.91e-22	102
d0a701b1-4874-48d3-bfd3-d35904008d99	NR_136788.1	96.774	62	1	1	1	61	366	427	1.91e-22	102
d0a701b1-4874-48d3-bfd3-d35904008d99	NR_025052.1	93.548	62	3	1	1	61	342	403	4.13e-19	91.6
d0a701b1-4874-48d3-bfd3-d35904008d99	NR_113088.1	93.548	62	3	1	1	61	354	415	4.13e-19	91.6
