1faeb483-e092-46a3-ac80-fde541f504cb	NR_179540.1	91.794	1438	78	35	1	1419	79	1495	0.0	1965
1faeb483-e092-46a3-ac80-fde541f504cb	NR_042928.1	91.812	1429	79	33	1	1412	61	1468	0.0	1956
1faeb483-e092-46a3-ac80-fde541f504cb	NR_179383.1	91.580	1437	84	32	1	1419	86	1503	0.0	1949
1faeb483-e092-46a3-ac80-fde541f504cb	NR_028664.1	91.614	1431	84	31	6	1419	88	1499	0.0	1945
1faeb483-e092-46a3-ac80-fde541f504cb	NR_117719.1	91.522	1439	81	36	1	1419	79	1496	0.0	1943
617303aa-63d2-4947-bc62-6b012480efc5	NR_043604.1	97.007	568	9	7	1	565	563	1	0.0	948
617303aa-63d2-4947-bc62-6b012480efc5	NR_118512.1	97.007	568	9	7	1	565	563	1	0.0	948
617303aa-63d2-4947-bc62-6b012480efc5	NR_115710.1	95.187	561	21	6	7	565	557	1	0.0	881
617303aa-63d2-4947-bc62-6b012480efc5	NR_024948.1	95.100	551	21	6	7	555	547	1	0.0	863
617303aa-63d2-4947-bc62-6b012480efc5	NR_028698.1	94.025	569	28	6	7	573	578	14	0.0	857
13c8d857-fd69-46c2-8183-f3f6360a4617	NR_179385.1	92.964	867	37	21	9	856	638	1499	0.0	1242
13c8d857-fd69-46c2-8183-f3f6360a4617	NR_199545.1	92.964	867	37	21	9	856	634	1495	0.0	1242
13c8d857-fd69-46c2-8183-f3f6360a4617	NR_028665.1	92.734	867	39	21	9	856	631	1492	0.0	1230
13c8d857-fd69-46c2-8183-f3f6360a4617	NR_028664.1	92.627	868	39	22	9	856	637	1499	0.0	1225
13c8d857-fd69-46c2-8183-f3f6360a4617	NR_165744.1	92.791	860	38	21	9	849	623	1477	0.0	1223
89472bfa-a942-4029-98cf-91e312d368c0	NR_116168.1	97.005	1035	13	8	1	1022	461	1490	0.0	1724
89472bfa-a942-4029-98cf-91e312d368c0	NR_118762.1	96.161	1016	25	9	1	1004	464	1477	0.0	1666
89472bfa-a942-4029-98cf-91e312d368c0	NR_025423.1	94.369	1030	38	11	1	1016	445	1468	0.0	1563
89472bfa-a942-4029-98cf-91e312d368c0	NR_042878.1	96.973	925	13	7	1	912	440	1362	0.0	1541
89472bfa-a942-4029-98cf-91e312d368c0	NR_114764.1	94.118	1020	38	13	12	1016	454	1466	0.0	1533
942685c3-c67d-48d7-af00-b238efb92d8c	NR_117694.1	97.690	1212	15	12	1	1204	1207	1	0.0	2071
942685c3-c67d-48d7-af00-b238efb92d8c	NR_025892.1	95.820	1220	35	14	1	1210	1232	19	0.0	1982
942685c3-c67d-48d7-af00-b238efb92d8c	NR_121687.1	96.151	1221	30	15	1	1210	1227	13	0.0	1978
942685c3-c67d-48d7-af00-b238efb92d8c	NR_041989.1	97.182	1171	18	14	1	1162	1165	1	0.0	1965
942685c3-c67d-48d7-af00-b238efb92d8c	NR_117692.1	95.878	1213	35	14	1	1204	1207	1	0.0	1949
8398560d-7e2d-4524-9db0-307abf35d3d7	NR_024842.1	95.330	878	21	16	1	863	617	1489	0.0	1376
8398560d-7e2d-4524-9db0-307abf35d3d7	NR_115735.1	95.325	877	21	16	1	862	593	1464	0.0	1375
8398560d-7e2d-4524-9db0-307abf35d3d7	NR_115241.1	95.195	874	22	16	1	859	602	1470	0.0	1365
8398560d-7e2d-4524-9db0-307abf35d3d7	NR_156072.1	94.989	878	24	16	1	863	622	1494	0.0	1360
8398560d-7e2d-4524-9db0-307abf35d3d7	NR_165737.1	95.086	875	22	16	1	859	602	1471	0.0	1358
1d600731-ee2c-4971-a4a6-132c7e1b52b5	NR_028664.1	95.484	775	17	14	1	760	368	1139	0.0	1221
1d600731-ee2c-4971-a4a6-132c7e1b52b5	NR_042928.1	95.478	774	19	14	1	760	345	1116	0.0	1221
1d600731-ee2c-4971-a4a6-132c7e1b52b5	NR_115240.1	95.484	775	17	14	1	760	345	1116	0.0	1221
1d600731-ee2c-4971-a4a6-132c7e1b52b5	NR_115732.1	95.484	775	17	14	1	760	347	1118	0.0	1221
1d600731-ee2c-4971-a4a6-132c7e1b52b5	NR_116207.1	95.484	775	17	14	1	760	210	981	0.0	1221
f7491ba3-e5b1-4a6a-8e92-72efd7bfbf53	NR_114395.1	92.071	1299	53	40	72	1336	205	1487	0.0	1783
f7491ba3-e5b1-4a6a-8e92-72efd7bfbf53	NR_179528.1	91.725	1293	59	39	72	1331	189	1466	0.0	1751
f7491ba3-e5b1-4a6a-8e92-72efd7bfbf53	NR_179535.1	91.429	1295	65	39	72	1336	207	1485	0.0	1735
f7491ba3-e5b1-4a6a-8e92-72efd7bfbf53	NR_041983.1	92.141	1247	52	39	72	1288	173	1403	0.0	1720
f7491ba3-e5b1-4a6a-8e92-72efd7bfbf53	NR_119102.1	91.343	1236	62	38	72	1277	174	1394	0.0	1657
ba479036-e571-4e80-a0ef-5dc1bee187a2	NR_042776.1	98.810	252	1	2	1	251	268	18	1.19e-125	448
ba479036-e571-4e80-a0ef-5dc1bee187a2	NR_042778.1	98.805	251	1	2	2	251	267	18	4.28e-125	446
ba479036-e571-4e80-a0ef-5dc1bee187a2	NR_042777.1	98.016	252	3	2	1	251	268	18	2.58e-122	436
ba479036-e571-4e80-a0ef-5dc1bee187a2	NR_118998.1	98.008	251	3	2	2	251	262	13	2.58e-122	436
ba479036-e571-4e80-a0ef-5dc1bee187a2	NR_197695.1	97.222	252	5	2	1	251	267	17	5.58e-119	425
638172b2-02fa-4b3a-949a-176f608f48ca	NR_036993.1	90.892	1087	46	40	1	1051	1465	396	0.0	1410
638172b2-02fa-4b3a-949a-176f608f48ca	NR_118779.1	90.892	1087	46	40	1	1051	1433	364	0.0	1410
638172b2-02fa-4b3a-949a-176f608f48ca	NR_181400.1	85.864	1047	97	38	40	1051	1315	285	0.0	1068
638172b2-02fa-4b3a-949a-176f608f48ca	NR_181401.1	85.401	1048	101	39	40	1051	1371	340	0.0	1040
638172b2-02fa-4b3a-949a-176f608f48ca	NR_184630.1	85.175	1059	104	40	30	1051	1422	380	0.0	1037
cf8f114b-3f16-41b3-9058-f2b7339b3b89	NR_024842.1	94.511	1093	33	22	28	1100	1093	8	0.0	1664
cf8f114b-3f16-41b3-9058-f2b7339b3b89	NR_115241.1	94.470	1085	33	22	28	1092	1078	1	0.0	1650
cf8f114b-3f16-41b3-9058-f2b7339b3b89	NR_115735.1	94.517	1076	31	23	28	1082	1069	1	0.0	1635
cf8f114b-3f16-41b3-9058-f2b7339b3b89	NR_109720.1	94.167	1080	34	24	28	1086	1072	1	0.0	1618
cf8f114b-3f16-41b3-9058-f2b7339b3b89	NR_036936.1	93.917	1085	39	22	28	1092	1078	1	0.0	1613
2a2a271c-b8a8-45c7-95f2-420b32e4cff1	NR_115735.1	97.507	1043	16	9	1	1036	425	1464	0.0	1773
2a2a271c-b8a8-45c7-95f2-420b32e4cff1	NR_024842.1	97.414	1044	17	9	1	1037	449	1489	0.0	1772
2a2a271c-b8a8-45c7-95f2-420b32e4cff1	NR_115241.1	97.212	1040	19	9	1	1033	434	1470	0.0	1757
2a2a271c-b8a8-45c7-95f2-420b32e4cff1	NR_109720.1	97.384	1032	18	9	1	1025	428	1457	0.0	1748
2a2a271c-b8a8-45c7-95f2-420b32e4cff1	NR_036936.1	97.115	1040	21	9	1	1033	434	1471	0.0	1746
f6c81ccd-a63f-4c89-a386-afe13d0612aa	NR_041983.1	94.286	280	5	7	1	270	662	384	1.01e-116	418
f6c81ccd-a63f-4c89-a386-afe13d0612aa	NR_114395.1	94.286	280	5	7	1	270	694	416	1.01e-116	418
f6c81ccd-a63f-4c89-a386-afe13d0612aa	NR_179528.1	93.929	280	7	6	1	270	679	400	1.31e-115	414
f6c81ccd-a63f-4c89-a386-afe13d0612aa	NR_029286.1	93.214	280	9	6	1	270	689	410	2.83e-112	403
f6c81ccd-a63f-4c89-a386-afe13d0612aa	NR_037020.1	93.214	280	9	7	1	270	676	397	2.83e-112	403
0b1e2ed3-3706-4397-b9e9-994ddc5afe99	NR_025863.1	96.076	943	18	14	3	928	264	1204	0.0	1526
0b1e2ed3-3706-4397-b9e9-994ddc5afe99	NR_180911.1	91.772	948	50	21	2	928	249	1189	0.0	1293
0b1e2ed3-3706-4397-b9e9-994ddc5afe99	NR_026481.1	91.658	947	52	20	2	928	229	1168	0.0	1286
0b1e2ed3-3706-4397-b9e9-994ddc5afe99	NR_179378.1	91.561	948	52	21	2	928	260	1200	0.0	1282
0b1e2ed3-3706-4397-b9e9-994ddc5afe99	NR_025862.1	91.239	936	55	22	14	928	270	1199	0.0	1253
e827cee7-941b-43ba-9503-dbadfac0dce3	NR_025762.1	93.532	201	6	4	74	267	1056	856	6.54e-79	292
e827cee7-941b-43ba-9503-dbadfac0dce3	NR_041879.1	93.532	201	6	4	74	267	1035	835	6.54e-79	292
e827cee7-941b-43ba-9503-dbadfac0dce3	NR_113570.1	93.532	201	6	4	74	267	1085	885	6.54e-79	292
e827cee7-941b-43ba-9503-dbadfac0dce3	NR_115355.1	93.532	201	6	4	74	267	1078	878	6.54e-79	292
e827cee7-941b-43ba-9503-dbadfac0dce3	NR_119169.1	93.532	201	6	4	74	267	1083	883	6.54e-79	292
541919c6-421e-4c49-9953-386aa93fca4f	NR_024842.1	92.202	218	9	6	20	230	1278	1494	8.83e-82	302
541919c6-421e-4c49-9953-386aa93fca4f	NR_044912.1	92.237	219	7	6	20	230	1218	1434	8.83e-82	302
541919c6-421e-4c49-9953-386aa93fca4f	NR_134817.1	92.237	219	7	5	20	230	1276	1492	8.83e-82	302
541919c6-421e-4c49-9953-386aa93fca4f	NR_178262.1	92.237	219	8	7	20	230	1157	1374	8.83e-82	302
541919c6-421e-4c49-9953-386aa93fca4f	NR_179215.1	92.237	219	8	7	20	230	1279	1496	8.83e-82	302
4b15ec73-ea96-4736-accf-b584fc52d38d	NR_044873.1	94.118	102	2	3	8	105	1447	1346	4.28e-37	152
4b15ec73-ea96-4736-accf-b584fc52d38d	NR_165019.1	93.269	104	4	2	5	105	1434	1331	1.54e-36	150
4b15ec73-ea96-4736-accf-b584fc52d38d	NR_178796.1	93.269	104	4	2	5	105	1457	1354	1.54e-36	150
4b15ec73-ea96-4736-accf-b584fc52d38d	NR_178939.1	93.269	104	4	2	5	105	1458	1355	1.54e-36	150
4b15ec73-ea96-4736-accf-b584fc52d38d	NR_117032.1	91.346	104	6	2	5	105	1422	1319	3.33e-33	139
fb0cee90-2f3c-4f14-a265-4f8bc1347dcc	NR_024842.1	89.933	149	6	5	1	141	155	8	1.93e-46	183
fb0cee90-2f3c-4f14-a265-4f8bc1347dcc	NR_115241.1	90.714	140	6	3	1	133	140	1	2.50e-45	180
fb0cee90-2f3c-4f14-a265-4f8bc1347dcc	NR_148589.1	90.000	140	7	3	1	133	140	1	1.16e-43	174
fb0cee90-2f3c-4f14-a265-4f8bc1347dcc	NR_165737.1	90.000	140	7	3	1	133	140	1	1.16e-43	174
fb0cee90-2f3c-4f14-a265-4f8bc1347dcc	NR_178515.1	90.000	140	7	3	1	133	140	1	1.16e-43	174
38ed3a13-1061-4e31-9478-6c8abb2d48eb	NR_042927.1	96.875	192	3	3	1	190	215	405	7.12e-87	318
38ed3a13-1061-4e31-9478-6c8abb2d48eb	NR_042928.1	96.875	192	3	3	1	190	213	403	7.12e-87	318
38ed3a13-1061-4e31-9478-6c8abb2d48eb	NR_112026.1	96.875	192	3	3	1	190	196	386	7.12e-87	318
38ed3a13-1061-4e31-9478-6c8abb2d48eb	NR_114413.1	96.875	192	3	3	1	190	238	428	7.12e-87	318
38ed3a13-1061-4e31-9478-6c8abb2d48eb	NR_115734.1	96.875	192	3	3	1	190	216	406	7.12e-87	318
b5f8ba80-5dcd-4d83-a247-878370eac83e	NR_024841.1	89.222	167	5	9	1	155	1399	1234	2.90e-50	196
b5f8ba80-5dcd-4d83-a247-878370eac83e	NR_036936.1	89.222	167	5	9	1	155	1385	1220	2.90e-50	196
b5f8ba80-5dcd-4d83-a247-878370eac83e	NR_040821.1	89.571	163	5	9	1	152	1385	1224	2.90e-50	196
b5f8ba80-5dcd-4d83-a247-878370eac83e	NR_041722.2	89.222	167	5	9	1	155	1420	1255	2.90e-50	196
b5f8ba80-5dcd-4d83-a247-878370eac83e	NR_025630.1	89.571	163	5	9	1	152	1384	1223	2.90e-50	196
1880a9da-ce70-45f3-a7d4-f52b76b368e0	NR_024842.1	98.113	212	2	2	3	212	769	558	7.92e-102	368
1880a9da-ce70-45f3-a7d4-f52b76b368e0	NR_036936.1	98.113	212	2	2	3	212	754	543	7.92e-102	368
1880a9da-ce70-45f3-a7d4-f52b76b368e0	NR_028666.1	98.113	212	2	2	3	212	778	567	7.92e-102	368
1880a9da-ce70-45f3-a7d4-f52b76b368e0	NR_028833.1	98.113	212	2	2	3	212	781	570	7.92e-102	368
1880a9da-ce70-45f3-a7d4-f52b76b368e0	NR_029052.1	98.113	212	2	2	3	212	742	531	7.92e-102	368
ff8eb604-c258-47fb-b6e0-abaccc194d21	NR_028664.1	94.302	351	9	9	1	344	693	347	2.10e-149	527
ff8eb604-c258-47fb-b6e0-abaccc194d21	NR_042927.1	94.302	351	9	9	1	344	672	326	2.10e-149	527
ff8eb604-c258-47fb-b6e0-abaccc194d21	NR_042928.1	94.302	351	9	9	1	344	670	324	2.10e-149	527
ff8eb604-c258-47fb-b6e0-abaccc194d21	NR_112026.1	94.302	351	9	9	1	344	653	307	2.10e-149	527
ff8eb604-c258-47fb-b6e0-abaccc194d21	NR_114413.1	94.302	351	9	9	1	344	695	349	2.10e-149	527
df2e5d1b-ebcf-4598-9f5c-dcb26f2843bf	NR_042928.1	98.069	259	2	3	1	258	257	1	1.27e-125	448
df2e5d1b-ebcf-4598-9f5c-dcb26f2843bf	NR_109720.1	97.200	250	6	1	4	252	250	1	7.69e-118	422
df2e5d1b-ebcf-4598-9f5c-dcb26f2843bf	NR_036936.1	96.094	256	9	1	4	258	256	1	9.95e-117	418
df2e5d1b-ebcf-4598-9f5c-dcb26f2843bf	NR_112026.1	97.934	242	2	3	1	241	240	1	3.58e-116	416
df2e5d1b-ebcf-4598-9f5c-dcb26f2843bf	NR_165747.1	96.094	256	7	3	4	258	254	1	1.29e-115	414
d07c2db1-92dc-454b-a67f-deae3fe0201e	NR_118512.1	95.720	257	8	3	1	254	1177	1433	1.64e-114	411
d07c2db1-92dc-454b-a67f-deae3fe0201e	NR_156802.1	93.511	262	14	3	1	259	1198	1459	2.77e-107	387
d07c2db1-92dc-454b-a67f-deae3fe0201e	NR_156805.1	93.511	262	14	3	1	259	1198	1459	2.77e-107	387
d07c2db1-92dc-454b-a67f-deae3fe0201e	NR_197757.1	93.130	262	15	3	1	259	1196	1457	1.29e-105	381
d07c2db1-92dc-454b-a67f-deae3fe0201e	NR_118514.1	93.385	257	14	3	1	254	1180	1436	1.67e-104	377
9430257e-cede-42dc-84da-f9af365f2dc4	NR_133752.1	94.366	213	4	6	1	208	904	1113	2.18e-87	320
9430257e-cede-42dc-84da-f9af365f2dc4	NR_133753.1	94.366	213	4	6	1	208	933	1142	2.18e-87	320
9430257e-cede-42dc-84da-f9af365f2dc4	NR_025904.1	94.366	213	4	6	1	208	978	1187	2.18e-87	320
9430257e-cede-42dc-84da-f9af365f2dc4	NR_025903.1	94.366	213	4	6	1	208	979	1188	2.18e-87	320
9430257e-cede-42dc-84da-f9af365f2dc4	NR_026419.1	92.488	213	8	6	1	208	967	1176	1.02e-80	298
7f7007be-05ea-4518-bd09-1fb910a4f5f3	NR_025902.1	99.123	114	0	1	1	113	1332	1445	1.16e-52	204
7f7007be-05ea-4518-bd09-1fb910a4f5f3	NR_028844.1	99.123	114	0	1	1	113	1363	1476	1.16e-52	204
7f7007be-05ea-4518-bd09-1fb910a4f5f3	NR_040933.1	99.123	114	0	1	1	113	1376	1489	1.16e-52	204
7f7007be-05ea-4518-bd09-1fb910a4f5f3	NR_117717.1	99.123	114	0	1	1	113	1374	1487	1.16e-52	204
7f7007be-05ea-4518-bd09-1fb910a4f5f3	NR_121688.1	99.123	114	0	1	1	113	1374	1487	1.16e-52	204
6f9b7891-1ea7-4ff9-b875-313b006c9bfa	NR_025862.1	95.595	227	9	1	1	227	237	12	3.04e-101	366
6f9b7891-1ea7-4ff9-b875-313b006c9bfa	NR_028682.1	90.749	227	18	3	1	226	237	13	3.13e-81	300
6f9b7891-1ea7-4ff9-b875-313b006c9bfa	NR_025863.1	84.120	233	28	9	1	227	241	12	9.02e-57	219
6f9b7891-1ea7-4ff9-b875-313b006c9bfa	NR_114313.1	88.166	169	12	6	63	227	166	2	1.52e-49	195
6f9b7891-1ea7-4ff9-b875-313b006c9bfa	NR_112659.1	87.500	168	15	6	63	227	165	1	7.07e-48	189
24125902-82fa-4d60-b34d-d8a27813c54e	NR_024842.1	97.312	186	5	0	1	186	1427	1242	2.50e-86	316
24125902-82fa-4d60-b34d-d8a27813c54e	NR_115241.1	97.312	186	5	0	1	186	1412	1227	2.50e-86	316
24125902-82fa-4d60-b34d-d8a27813c54e	NR_115735.1	97.312	186	5	0	1	186	1403	1218	2.50e-86	316
24125902-82fa-4d60-b34d-d8a27813c54e	NR_117425.1	97.312	186	5	0	1	186	1415	1230	2.50e-86	316
24125902-82fa-4d60-b34d-d8a27813c54e	NR_179720.1	97.312	186	5	0	1	186	1432	1247	2.50e-86	316
cfaac088-6198-40a4-be03-7c7c1b8b8634	NR_134190.1	90.987	233	15	6	1	230	1423	1194	5.33e-84	309
cfaac088-6198-40a4-be03-7c7c1b8b8634	NR_156072.1	90.987	233	15	6	1	230	1464	1235	5.33e-84	309
cfaac088-6198-40a4-be03-7c7c1b8b8634	NR_028665.1	90.558	233	16	6	1	230	1459	1230	2.48e-82	303
cfaac088-6198-40a4-be03-7c7c1b8b8634	NR_104972.1	90.558	233	16	6	1	230	1444	1215	2.48e-82	303
cfaac088-6198-40a4-be03-7c7c1b8b8634	NR_114172.1	90.558	233	16	6	1	230	1442	1213	2.48e-82	303
a998334a-399d-4b75-b5eb-df2915be5fdc	NR_104684.1	94.512	164	5	3	1	162	1317	1478	2.26e-66	250
a998334a-399d-4b75-b5eb-df2915be5fdc	NR_165739.1	92.994	157	7	3	4	158	1300	1454	3.80e-59	226
a998334a-399d-4b75-b5eb-df2915be5fdc	NR_104735.1	90.244	164	12	3	1	162	1304	1465	1.07e-54	211
a998334a-399d-4b75-b5eb-df2915be5fdc	NR_119188.1	89.024	164	14	3	1	162	1291	1452	6.41e-52	202
a998334a-399d-4b75-b5eb-df2915be5fdc	NR_104700.1	88.485	165	13	5	1	162	1317	1478	1.07e-49	195
76be0c02-7fea-4b8d-b232-842885936126	NR_025762.1	90.083	121	7	5	1	119	1319	1202	4.41e-37	152
76be0c02-7fea-4b8d-b232-842885936126	NR_041880.1	89.256	121	8	5	1	119	1297	1180	2.05e-35	147
76be0c02-7fea-4b8d-b232-842885936126	NR_115354.1	89.256	121	8	5	1	119	1341	1224	2.05e-35	147
76be0c02-7fea-4b8d-b232-842885936126	NR_119170.1	89.256	121	8	5	1	119	1346	1229	2.05e-35	147
76be0c02-7fea-4b8d-b232-842885936126	NR_044153.1	89.256	121	8	5	1	119	1341	1224	2.05e-35	147
dddba047-ca57-4b8c-8bfa-1e70d83ccc38	NR_025892.1	97.633	169	1	2	1	166	902	734	1.74e-77	287
dddba047-ca57-4b8c-8bfa-1e70d83ccc38	NR_041989.1	97.633	169	1	2	1	166	835	667	1.74e-77	287
dddba047-ca57-4b8c-8bfa-1e70d83ccc38	NR_117694.1	97.633	169	1	2	1	166	877	709	1.74e-77	287
dddba047-ca57-4b8c-8bfa-1e70d83ccc38	NR_042976.1	97.605	167	1	2	1	164	885	719	2.26e-76	283
dddba047-ca57-4b8c-8bfa-1e70d83ccc38	NR_118697.1	97.605	167	1	2	1	164	900	734	2.26e-76	283
68ac769f-1376-4ebf-b198-50f6a6c6d062	NR_163639.1	93.213	221	7	6	1	215	228	10	8.35e-87	318
68ac769f-1376-4ebf-b198-50f6a6c6d062	NR_074980.1	92.760	221	8	6	1	215	236	18	3.88e-85	313
68ac769f-1376-4ebf-b198-50f6a6c6d062	NR_113031.1	92.760	221	8	6	1	215	236	18	3.88e-85	313
68ac769f-1376-4ebf-b198-50f6a6c6d062	NR_119168.1	93.488	215	6	6	1	209	214	2	3.88e-85	313
68ac769f-1376-4ebf-b198-50f6a6c6d062	NR_119169.1	93.023	215	7	6	1	209	214	2	5.02e-84	309
5f1b8458-2543-4453-81d4-6687e87250eb	NR_028664.1	94.340	265	6	6	5	261	322	585	1.27e-110	398
5f1b8458-2543-4453-81d4-6687e87250eb	NR_042771.1	94.340	265	6	6	5	261	319	582	1.27e-110	398
5f1b8458-2543-4453-81d4-6687e87250eb	NR_042927.1	94.340	265	6	6	5	261	301	564	1.27e-110	398
5f1b8458-2543-4453-81d4-6687e87250eb	NR_042928.1	94.340	265	6	6	5	261	299	562	1.27e-110	398
5f1b8458-2543-4453-81d4-6687e87250eb	NR_112026.1	94.340	265	6	6	5	261	282	545	1.27e-110	398
0e0620ce-0ffc-4abc-9c84-544073a1701a	NR_179385.1	88.889	162	9	5	5	157	177	16	1.31e-48	191
0e0620ce-0ffc-4abc-9c84-544073a1701a	NR_042771.1	88.820	161	9	5	6	157	172	12	4.71e-48	189
0e0620ce-0ffc-4abc-9c84-544073a1701a	NR_199545.1	88.820	161	9	5	6	157	172	12	4.71e-48	189
0e0620ce-0ffc-4abc-9c84-544073a1701a	NR_165741.1	88.272	162	10	5	5	157	162	1	6.10e-47	185
0e0620ce-0ffc-4abc-9c84-544073a1701a	NR_197695.1	88.344	163	8	7	6	157	178	16	6.10e-47	185
d241d845-98ad-4d14-985f-8cdbeb6b9891	NR_024841.1	94.910	334	7	8	1	325	851	1183	1.51e-145	514
d241d845-98ad-4d14-985f-8cdbeb6b9891	NR_024842.1	94.910	334	7	8	1	325	852	1184	1.51e-145	514
d241d845-98ad-4d14-985f-8cdbeb6b9891	NR_028664.1	94.910	334	7	8	1	325	858	1190	1.51e-145	514
d241d845-98ad-4d14-985f-8cdbeb6b9891	NR_042927.1	94.910	334	7	8	1	325	837	1169	1.51e-145	514
d241d845-98ad-4d14-985f-8cdbeb6b9891	NR_109720.1	94.910	334	7	8	1	325	831	1163	1.51e-145	514
d0303b74-5312-4690-8e32-3522c976773b	NR_044873.1	96.471	255	5	4	1	252	1208	1461	9.58e-117	418
d0303b74-5312-4690-8e32-3522c976773b	NR_074568.1	94.862	253	11	2	1	252	1218	1469	1.61e-109	394
d0303b74-5312-4690-8e32-3522c976773b	NR_165019.1	95.565	248	8	3	1	246	1193	1439	1.61e-109	394
d0303b74-5312-4690-8e32-3522c976773b	NR_178796.1	94.882	254	10	3	1	252	1216	1468	1.61e-109	394
d0303b74-5312-4690-8e32-3522c976773b	NR_178939.1	94.882	254	10	3	1	252	1217	1469	1.61e-109	394
b22405c3-1c2e-48c0-a36c-ec3d6b3c23e0	NR_041880.1	100.000	79	0	0	1	79	1329	1251	2.07e-35	147
b22405c3-1c2e-48c0-a36c-ec3d6b3c23e0	NR_041880.1	95.745	47	2	0	73	119	1266	1312	2.76e-14	76.8
b22405c3-1c2e-48c0-a36c-ec3d6b3c23e0	NR_134226.1	100.000	79	0	0	1	79	1311	1233	2.07e-35	147
b22405c3-1c2e-48c0-a36c-ec3d6b3c23e0	NR_134226.1	95.745	47	2	0	73	119	1248	1294	2.76e-14	76.8
b22405c3-1c2e-48c0-a36c-ec3d6b3c23e0	NR_025762.1	100.000	79	0	0	1	79	1351	1273	2.07e-35	147
b22405c3-1c2e-48c0-a36c-ec3d6b3c23e0	NR_025762.1	95.745	47	2	0	73	119	1288	1334	2.76e-14	76.8
b22405c3-1c2e-48c0-a36c-ec3d6b3c23e0	NR_025046.1	100.000	79	0	0	1	79	1369	1291	2.07e-35	147
b22405c3-1c2e-48c0-a36c-ec3d6b3c23e0	NR_025046.1	95.745	47	2	0	73	119	1306	1352	2.76e-14	76.8
b22405c3-1c2e-48c0-a36c-ec3d6b3c23e0	NR_029101.1	100.000	79	0	0	1	79	1335	1257	2.07e-35	147
b22405c3-1c2e-48c0-a36c-ec3d6b3c23e0	NR_029101.1	95.745	47	2	0	73	119	1272	1318	2.76e-14	76.8
68bf2705-0ea6-4f47-9e14-2e56475fc08a	NR_028664.1	94.118	85	1	3	1	81	1344	1260	1.79e-29	126
68bf2705-0ea6-4f47-9e14-2e56475fc08a	NR_028665.1	94.118	85	1	3	1	81	1338	1254	1.79e-29	126
68bf2705-0ea6-4f47-9e14-2e56475fc08a	NR_042927.1	94.118	85	1	3	1	81	1323	1239	1.79e-29	126
68bf2705-0ea6-4f47-9e14-2e56475fc08a	NR_114172.1	94.118	85	1	3	1	81	1321	1237	1.79e-29	126
68bf2705-0ea6-4f47-9e14-2e56475fc08a	NR_114413.1	94.118	85	1	3	1	81	1346	1262	1.79e-29	126
85b49f3c-9255-4e55-887d-0877bb354c15	NR_041722.2	98.592	71	1	0	1	71	1502	1432	1.35e-29	126
85b49f3c-9255-4e55-887d-0877bb354c15	NR_028665.1	98.592	71	1	0	1	71	1482	1412	1.35e-29	126
85b49f3c-9255-4e55-887d-0877bb354c15	NR_028736.1	98.592	71	1	0	1	71	1491	1421	1.35e-29	126
85b49f3c-9255-4e55-887d-0877bb354c15	NR_041721.1	98.592	71	1	0	1	71	1490	1420	1.35e-29	126
85b49f3c-9255-4e55-887d-0877bb354c15	NR_109371.1	98.592	71	1	0	1	71	1495	1425	1.35e-29	126
dbd0ea43-2fb3-449d-a48b-e403e91e910a	NR_024842.1	96.429	224	5	3	3	223	1417	1194	3.00e-101	366
dbd0ea43-2fb3-449d-a48b-e403e91e910a	NR_036936.1	96.429	224	5	3	3	223	1402	1179	3.00e-101	366
dbd0ea43-2fb3-449d-a48b-e403e91e910a	NR_025453.1	96.429	224	5	3	3	223	1402	1179	3.00e-101	366
dbd0ea43-2fb3-449d-a48b-e403e91e910a	NR_028666.1	96.429	224	5	3	3	223	1426	1203	3.00e-101	366
dbd0ea43-2fb3-449d-a48b-e403e91e910a	NR_028833.1	96.429	224	5	3	3	223	1429	1206	3.00e-101	366
9df0e5b2-18e9-4383-bcd2-8b612e244f31	NR_029095.1	97.500	40	0	1	66	104	388	427	1.48e-11	67.6
d5ddcf59-cc8a-45d4-8dae-c9dd6225c679	NR_115560.1	97.500	120	3	0	1	120	130	11	3.41e-53	206
d5ddcf59-cc8a-45d4-8dae-c9dd6225c679	NR_028664.1	97.458	118	3	0	1	118	133	16	4.41e-52	202
d5ddcf59-cc8a-45d4-8dae-c9dd6225c679	NR_165744.1	96.639	119	4	0	1	119	119	1	5.70e-51	198
d5ddcf59-cc8a-45d4-8dae-c9dd6225c679	NR_028665.1	96.610	118	4	0	1	118	127	10	2.05e-50	196
d5ddcf59-cc8a-45d4-8dae-c9dd6225c679	NR_117719.1	96.610	118	4	0	1	118	130	13	2.05e-50	196
c8a95baa-8fe1-4633-99c0-02a17ecf32d7	NR_042776.1	94.170	223	8	4	1	219	141	362	8.29e-92	335
c8a95baa-8fe1-4633-99c0-02a17ecf32d7	NR_042778.1	93.722	223	9	4	1	219	141	362	3.86e-90	329
c8a95baa-8fe1-4633-99c0-02a17ecf32d7	NR_042777.1	93.274	223	10	4	1	219	141	362	1.79e-88	324
c8a95baa-8fe1-4633-99c0-02a17ecf32d7	NR_118998.1	93.274	223	10	4	1	219	136	357	1.79e-88	324
c8a95baa-8fe1-4633-99c0-02a17ecf32d7	NR_197695.1	92.857	224	9	6	1	219	140	361	8.35e-87	318
63f274b8-4dbd-4f7e-ab5f-9e7c7e6ebb7f	NR_028682.1	93.023	129	5	4	1	127	139	13	4.75e-47	185
63f274b8-4dbd-4f7e-ab5f-9e7c7e6ebb7f	NR_025862.1	92.308	130	6	4	1	128	139	12	4.75e-47	185
63f274b8-4dbd-4f7e-ab5f-9e7c7e6ebb7f	NR_025863.1	85.185	135	10	9	1	128	143	12	2.26e-30	130
63f274b8-4dbd-4f7e-ab5f-9e7c7e6ebb7f	NR_145620.1	86.290	124	9	8	7	127	131	13	8.12e-30	128
63f274b8-4dbd-4f7e-ab5f-9e7c7e6ebb7f	NR_179438.1	86.667	120	8	8	11	127	127	13	2.92e-29	126
6ab629aa-7850-475f-a6e0-82fe47d00466	NR_042878.1	97.917	96	1	1	16	111	454	360	5.20e-41	165
6ab629aa-7850-475f-a6e0-82fe47d00466	NR_116168.1	97.917	96	1	1	16	111	475	381	5.20e-41	165
6ab629aa-7850-475f-a6e0-82fe47d00466	NR_118762.1	96.875	96	2	1	16	111	478	384	6.73e-40	161
6ab629aa-7850-475f-a6e0-82fe47d00466	NR_025423.1	96.875	96	2	1	16	111	459	365	2.42e-39	159
6ab629aa-7850-475f-a6e0-82fe47d00466	NR_118143.1	95.833	96	3	1	16	111	456	362	3.13e-38	156
2395fd8e-342b-4cf3-8cd9-75a274839cf9	NR_026230.1	93.125	160	5	4	1	157	956	800	2.74e-60	230
2395fd8e-342b-4cf3-8cd9-75a274839cf9	NR_113082.1	93.125	160	5	4	1	157	978	822	2.74e-60	230
2395fd8e-342b-4cf3-8cd9-75a274839cf9	NR_136788.1	93.125	160	5	4	1	157	978	822	2.74e-60	230
2395fd8e-342b-4cf3-8cd9-75a274839cf9	NR_025908.1	92.500	160	6	4	1	157	983	827	1.27e-58	224
2395fd8e-342b-4cf3-8cd9-75a274839cf9	NR_136443.1	90.000	160	10	4	1	157	940	784	5.97e-52	202
89a22e42-6a81-4e92-b08d-cdda0cf6c3d3	NR_024842.1	94.245	139	4	4	1	138	750	885	3.35e-54	209
89a22e42-6a81-4e92-b08d-cdda0cf6c3d3	NR_025729.1	94.245	139	4	4	1	138	753	888	3.35e-54	209
89a22e42-6a81-4e92-b08d-cdda0cf6c3d3	NR_026471.1	94.245	139	4	4	1	138	745	880	3.35e-54	209
89a22e42-6a81-4e92-b08d-cdda0cf6c3d3	NR_028833.1	94.245	139	4	4	1	138	762	897	3.35e-54	209
89a22e42-6a81-4e92-b08d-cdda0cf6c3d3	NR_042771.1	94.245	139	4	4	1	138	753	888	3.35e-54	209
b442ce34-6ff2-4997-b73e-edd2a9f243a4	NR_043604.1	95.911	269	3	6	1	267	767	505	4.60e-120	429
b442ce34-6ff2-4997-b73e-edd2a9f243a4	NR_043607.1	95.911	269	3	6	1	267	766	504	4.60e-120	429
b442ce34-6ff2-4997-b73e-edd2a9f243a4	NR_118512.1	95.911	269	3	6	1	267	767	505	4.60e-120	429
b442ce34-6ff2-4997-b73e-edd2a9f243a4	NR_118524.1	95.911	269	3	6	1	267	766	504	4.60e-120	429
b442ce34-6ff2-4997-b73e-edd2a9f243a4	NR_156802.1	95.539	269	4	6	1	267	788	526	2.14e-118	424
cc231b46-e9ce-4036-9e36-29719597f766	NR_179383.1	96.629	178	3	3	1	175	202	25	4.01e-79	292
cc231b46-e9ce-4036-9e36-29719597f766	NR_028664.1	95.506	178	5	3	1	175	198	21	8.67e-76	281
cc231b46-e9ce-4036-9e36-29719597f766	NR_028665.1	95.506	178	5	3	1	175	192	15	8.67e-76	281
cc231b46-e9ce-4036-9e36-29719597f766	NR_114172.1	96.000	175	4	3	1	172	175	1	8.67e-76	281
cc231b46-e9ce-4036-9e36-29719597f766	NR_115560.1	95.506	178	5	3	1	175	195	18	8.67e-76	281
02a9c57a-d48e-4e95-8354-08911724d683	NR_025609.1	97.037	135	2	2	67	199	938	804	4.65e-59	226
02a9c57a-d48e-4e95-8354-08911724d683	NR_042052.1	97.037	135	2	2	67	199	912	778	4.65e-59	226
02a9c57a-d48e-4e95-8354-08911724d683	NR_041722.2	97.037	135	2	2	67	199	1024	890	4.65e-59	226
02a9c57a-d48e-4e95-8354-08911724d683	NR_037002.1	97.037	135	2	2	67	199	1009	875	4.65e-59	226
02a9c57a-d48e-4e95-8354-08911724d683	NR_042772.1	97.037	135	2	2	67	199	1019	885	4.65e-59	226
9dfc5c3e-61be-4f9a-a6e7-b52a7eaf356f	NR_044873.1	95.652	115	1	4	17	131	147	257	1.04e-45	182
194c1036-be87-4379-bd5b-0576eec67ff0	NR_024842.1	100.000	45	0	0	68	112	1445	1489	1.58e-16	84.2
194c1036-be87-4379-bd5b-0576eec67ff0	NR_024904.1	100.000	45	0	0	68	112	1457	1501	1.58e-16	84.2
194c1036-be87-4379-bd5b-0576eec67ff0	NR_041706.1	100.000	45	0	0	68	112	1440	1484	1.58e-16	84.2
194c1036-be87-4379-bd5b-0576eec67ff0	NR_041707.1	100.000	45	0	0	68	112	1438	1482	1.58e-16	84.2
194c1036-be87-4379-bd5b-0576eec67ff0	NR_042052.1	100.000	45	0	0	68	112	1353	1397	1.58e-16	84.2
66561785-90a9-48c1-8784-22c3b68b38e9	NR_024842.1	94.531	256	6	7	1	251	1475	1223	7.58e-108	388
66561785-90a9-48c1-8784-22c3b68b38e9	NR_115735.1	94.531	256	6	7	1	251	1451	1199	7.58e-108	388
66561785-90a9-48c1-8784-22c3b68b38e9	NR_115241.1	94.118	255	9	5	1	251	1460	1208	9.80e-107	385
66561785-90a9-48c1-8784-22c3b68b38e9	NR_178262.1	94.163	257	6	8	1	251	1355	1102	3.53e-106	383
66561785-90a9-48c1-8784-22c3b68b38e9	NR_179215.1	94.163	257	6	8	1	251	1477	1224	3.53e-106	383
d086a178-4943-427f-8c1e-df6c6960c1bd	NR_026046.1	87.097	124	12	4	29	150	975	1096	1.69e-32	137
d086a178-4943-427f-8c1e-df6c6960c1bd	NR_041971.1	87.097	124	12	4	29	150	1002	1123	1.69e-32	137
d086a178-4943-427f-8c1e-df6c6960c1bd	NR_112556.1	87.097	124	12	4	29	150	856	977	1.69e-32	137
d086a178-4943-427f-8c1e-df6c6960c1bd	NR_115173.1	87.097	124	12	4	29	150	993	1114	1.69e-32	137
d086a178-4943-427f-8c1e-df6c6960c1bd	NR_116046.1	87.097	124	12	4	29	150	925	1046	1.69e-32	137
7ca24ed6-a881-49de-b31f-00c08d29e742	NR_116168.1	91.667	96	5	2	1	93	140	45	1.54e-30	130
7ca24ed6-a881-49de-b31f-00c08d29e742	NR_042878.1	89.583	96	7	2	1	93	119	24	2.57e-28	122
7ca24ed6-a881-49de-b31f-00c08d29e742	NR_118762.1	88.542	96	8	2	1	93	143	48	1.20e-26	117
25ae8cf5-6ed2-4e50-a4de-df8beecf768d	NR_036936.1	98.131	214	3	1	9	221	1251	1464	6.38e-103	372
25ae8cf5-6ed2-4e50-a4de-df8beecf768d	NR_025453.1	98.131	214	3	1	9	221	1251	1464	6.38e-103	372
25ae8cf5-6ed2-4e50-a4de-df8beecf768d	NR_028664.1	98.131	214	3	1	9	221	1272	1485	6.38e-103	372
25ae8cf5-6ed2-4e50-a4de-df8beecf768d	NR_028666.1	98.131	214	3	1	9	221	1275	1488	6.38e-103	372
25ae8cf5-6ed2-4e50-a4de-df8beecf768d	NR_028833.1	98.131	214	3	1	9	221	1278	1491	6.38e-103	372
11bebd54-a201-4a7d-8d64-b16e1841e076	NR_043332.1	97.849	186	2	2	1	184	1301	1486	1.91e-87	320
11bebd54-a201-4a7d-8d64-b16e1841e076	NR_074980.1	97.849	186	2	2	1	184	1328	1513	1.91e-87	320
11bebd54-a201-4a7d-8d64-b16e1841e076	NR_113031.1	97.849	186	2	2	1	184	1328	1513	1.91e-87	320
11bebd54-a201-4a7d-8d64-b16e1841e076	NR_115354.1	97.849	186	2	2	1	184	1301	1486	1.91e-87	320
11bebd54-a201-4a7d-8d64-b16e1841e076	NR_115355.1	97.849	186	2	2	1	184	1301	1486	1.91e-87	320
626f037d-6d61-4952-aec6-f0ec588399c6	NR_074980.1	94.891	137	2	5	1	133	153	18	3.09e-54	209
626f037d-6d61-4952-aec6-f0ec588399c6	NR_113031.1	94.891	137	2	5	1	133	153	18	3.09e-54	209
626f037d-6d61-4952-aec6-f0ec588399c6	NR_163639.1	94.891	137	2	5	1	133	145	10	3.09e-54	209
626f037d-6d61-4952-aec6-f0ec588399c6	NR_043332.1	96.800	125	0	4	1	122	126	3	3.99e-53	206
626f037d-6d61-4952-aec6-f0ec588399c6	NR_115354.1	96.800	125	0	4	1	122	126	3	3.99e-53	206
14cda8f7-73c4-4b8c-af2d-13200af88837	NR_165737.1	95.506	178	5	3	3	178	177	1	9.17e-76	281
14cda8f7-73c4-4b8c-af2d-13200af88837	NR_178515.1	95.506	178	5	3	3	178	177	1	9.17e-76	281
14cda8f7-73c4-4b8c-af2d-13200af88837	NR_199974.1	96.407	167	2	4	22	185	185	20	5.52e-73	272
14cda8f7-73c4-4b8c-af2d-13200af88837	NR_148589.1	98.089	157	0	3	24	178	156	1	1.99e-72	270
14cda8f7-73c4-4b8c-af2d-13200af88837	NR_114413.1	93.889	180	7	4	9	185	194	16	7.14e-72	268
262a21b2-edee-42af-875c-d957c5f91b9f	NR_042778.1	92.275	233	16	2	3	234	1268	1499	4.23e-90	329
262a21b2-edee-42af-875c-d957c5f91b9f	NR_118998.1	92.275	233	16	2	3	234	1262	1493	4.23e-90	329
262a21b2-edee-42af-875c-d957c5f91b9f	NR_179652.1	94.037	218	10	3	19	234	1283	1499	1.52e-89	327
262a21b2-edee-42af-875c-d957c5f91b9f	NR_179378.1	93.665	221	8	5	19	234	1280	1499	5.47e-89	326
262a21b2-edee-42af-875c-d957c5f91b9f	NR_040821.1	91.525	236	17	3	1	234	1241	1475	7.07e-88	322
5e7d63d1-b820-4abd-8752-42296463a1c3	NR_024842.1	92.398	171	8	3	1	170	174	8	5.06e-63	239
5e7d63d1-b820-4abd-8752-42296463a1c3	NR_115241.1	93.252	163	7	2	1	163	159	1	1.82e-62	237
5e7d63d1-b820-4abd-8752-42296463a1c3	NR_165737.1	93.210	162	7	2	2	163	158	1	6.54e-62	235
5e7d63d1-b820-4abd-8752-42296463a1c3	NR_178515.1	93.210	162	7	2	2	163	158	1	6.54e-62	235
5e7d63d1-b820-4abd-8752-42296463a1c3	NR_148589.1	92.593	162	8	2	2	163	158	1	3.04e-60	230
c44044f9-c8e2-42e4-9160-a64795798687	NR_025729.1	96.000	100	2	1	5	104	1039	1136	6.20e-40	161
c44044f9-c8e2-42e4-9160-a64795798687	NR_024974.1	95.146	103	3	1	2	104	1012	1112	6.20e-40	161
c44044f9-c8e2-42e4-9160-a64795798687	NR_025453.1	96.000	100	2	1	5	104	1021	1118	6.20e-40	161
c44044f9-c8e2-42e4-9160-a64795798687	NR_044912.1	96.000	100	2	1	5	104	976	1073	6.20e-40	161
c44044f9-c8e2-42e4-9160-a64795798687	NR_108485.1	95.146	103	3	1	2	104	999	1099	6.20e-40	161
ff1e4f41-4b13-497a-91e9-75635f973103	NR_041285.1	91.549	142	4	5	1	136	1445	1306	3.92e-48	189
ff1e4f41-4b13-497a-91e9-75635f973103	NR_042843.1	91.549	142	4	5	1	136	1426	1287	3.92e-48	189
ff1e4f41-4b13-497a-91e9-75635f973103	NR_102895.1	91.549	142	4	5	1	136	1454	1315	3.92e-48	189
ff1e4f41-4b13-497a-91e9-75635f973103	NR_113102.1	91.549	142	4	5	1	136	1448	1309	3.92e-48	189
ff1e4f41-4b13-497a-91e9-75635f973103	NR_113105.1	91.549	142	4	5	1	136	1434	1295	3.92e-48	189
b3223bac-663c-4f9e-8939-2b5a9b615275	NR_025862.1	84.588	279	25	14	1	265	372	98	4.93e-70	263
b3223bac-663c-4f9e-8939-2b5a9b615275	NR_028682.1	83.094	278	32	11	1	265	373	98	8.31e-63	239
b3223bac-663c-4f9e-8939-2b5a9b615275	NR_026454.1	80.216	278	40	11	1	265	347	72	1.82e-49	195
b3223bac-663c-4f9e-8939-2b5a9b615275	NR_114785.2	86.667	150	13	6	4	147	377	229	6.66e-39	159
b3223bac-663c-4f9e-8939-2b5a9b615275	NR_024906.1	86.000	150	15	5	4	147	359	210	8.61e-38	156
15b0e461-7fe0-4fa7-8129-e4717a14fe9c	NR_025790.1	82.716	81	11	3	1	79	1336	1257	2.88e-12	69.4
15b0e461-7fe0-4fa7-8129-e4717a14fe9c	NR_025792.1	82.716	81	11	3	1	79	1326	1247	2.88e-12	69.4
15b0e461-7fe0-4fa7-8129-e4717a14fe9c	NR_037138.1	82.716	81	11	3	1	79	1319	1240	2.88e-12	69.4
15b0e461-7fe0-4fa7-8129-e4717a14fe9c	NR_042037.1	82.716	81	11	3	1	79	1338	1259	2.88e-12	69.4
15b0e461-7fe0-4fa7-8129-e4717a14fe9c	NR_115638.1	82.716	81	11	3	1	79	1319	1240	2.88e-12	69.4
f05e87fc-1656-4c49-9c4a-6df2b67cb7a4	NR_026419.1	96.023	176	3	4	1	172	176	1	2.44e-76	283
f05e87fc-1656-4c49-9c4a-6df2b67cb7a4	NR_025904.1	93.220	177	8	4	4	176	185	9	1.48e-68	257
f05e87fc-1656-4c49-9c4a-6df2b67cb7a4	NR_025903.1	92.614	176	9	4	5	176	185	10	2.48e-66	250
f05e87fc-1656-4c49-9c4a-6df2b67cb7a4	NR_036920.1	88.571	175	16	4	5	176	179	6	4.20e-54	209
f05e87fc-1656-4c49-9c4a-6df2b67cb7a4	NR_133753.1	95.385	130	5	1	5	133	139	10	5.44e-53	206
0b9b40da-4a7b-44f2-b591-25c414582262	NR_026419.1	94.737	133	4	2	1	132	1333	1203	1.35e-52	204
0b9b40da-4a7b-44f2-b591-25c414582262	NR_133752.1	92.481	133	7	2	1	132	1270	1140	1.36e-47	187
0b9b40da-4a7b-44f2-b591-25c414582262	NR_133753.1	92.481	133	7	2	1	132	1299	1169	1.36e-47	187
0b9b40da-4a7b-44f2-b591-25c414582262	NR_025903.1	92.481	133	7	2	1	132	1345	1215	1.36e-47	187
0b9b40da-4a7b-44f2-b591-25c414582262	NR_025904.1	91.729	133	8	2	1	132	1344	1214	6.32e-46	182
024ea247-d972-49ca-a390-05527a609289	NR_025435.1	96.444	225	7	1	1	224	1274	1498	2.33e-102	370
024ea247-d972-49ca-a390-05527a609289	NR_028682.1	96.833	221	4	3	1	218	1277	1497	3.01e-101	366
024ea247-d972-49ca-a390-05527a609289	NR_119273.1	96.000	225	8	1	1	224	1285	1509	1.08e-100	364
024ea247-d972-49ca-a390-05527a609289	NR_197695.1	95.982	224	9	0	1	224	1279	1502	1.08e-100	364
024ea247-d972-49ca-a390-05527a609289	NR_024842.1	95.536	224	10	0	1	224	1270	1493	5.04e-99	359
717d5ba0-cf08-4a4f-b74e-152713373285	NR_041722.2	95.000	240	3	7	1	233	1272	1509	9.00e-102	368
717d5ba0-cf08-4a4f-b74e-152713373285	NR_028736.1	95.000	240	3	7	1	233	1261	1498	9.00e-102	368
717d5ba0-cf08-4a4f-b74e-152713373285	NR_041721.1	95.000	240	3	7	1	233	1260	1497	9.00e-102	368
717d5ba0-cf08-4a4f-b74e-152713373285	NR_112704.1	95.000	240	3	7	1	233	1156	1393	9.00e-102	368
717d5ba0-cf08-4a4f-b74e-152713373285	NR_112705.1	95.000	240	3	7	1	233	1156	1393	9.00e-102	368
df063785-63c8-4463-9f01-977f0ea8cb0a	NR_026419.1	94.156	154	7	2	1	153	127	279	2.18e-61	233
df063785-63c8-4463-9f01-977f0ea8cb0a	NR_133753.1	88.961	154	14	2	1	153	94	245	1.72e-47	187
df063785-63c8-4463-9f01-977f0ea8cb0a	NR_025903.1	88.961	154	14	2	1	153	140	291	1.72e-47	187
df063785-63c8-4463-9f01-977f0ea8cb0a	NR_133752.1	88.312	154	15	2	1	153	65	216	8.00e-46	182
df063785-63c8-4463-9f01-977f0ea8cb0a	NR_025904.1	87.662	154	16	2	1	153	139	290	3.72e-44	176
24e07d3d-1e57-4f79-a934-8eac4b6b8035	NR_042928.1	94.977	219	6	4	1	214	1445	1227	7.06e-93	339
24e07d3d-1e57-4f79-a934-8eac4b6b8035	NR_115730.1	94.977	219	6	4	1	214	1427	1209	7.06e-93	339
24e07d3d-1e57-4f79-a934-8eac4b6b8035	NR_134817.1	94.977	219	6	4	1	214	1460	1242	7.06e-93	339
24e07d3d-1e57-4f79-a934-8eac4b6b8035	NR_179540.1	94.977	219	6	4	1	214	1465	1247	7.06e-93	339
24e07d3d-1e57-4f79-a934-8eac4b6b8035	NR_024634.1	94.545	220	6	5	1	214	1459	1240	9.13e-92	335
48c06ac3-29d1-41f5-9c6b-216b0bacd8b5	NR_043332.1	98.519	135	1	1	5	138	1348	1482	1.49e-62	237
48c06ac3-29d1-41f5-9c6b-216b0bacd8b5	NR_074980.1	98.519	135	1	1	5	138	1375	1509	1.49e-62	237
48c06ac3-29d1-41f5-9c6b-216b0bacd8b5	NR_113031.1	98.519	135	1	1	5	138	1375	1509	1.49e-62	237
48c06ac3-29d1-41f5-9c6b-216b0bacd8b5	NR_115354.1	98.519	135	1	1	5	138	1348	1482	1.49e-62	237
48c06ac3-29d1-41f5-9c6b-216b0bacd8b5	NR_115355.1	98.519	135	1	1	5	138	1348	1482	1.49e-62	237
56f81de5-d83b-47c5-81b0-08be9d3b5221	NR_037101.1	95.364	151	2	5	1	149	631	778	5.53e-62	235
56f81de5-d83b-47c5-81b0-08be9d3b5221	NR_024841.1	95.364	151	2	5	1	149	645	792	5.53e-62	235
56f81de5-d83b-47c5-81b0-08be9d3b5221	NR_024842.1	95.364	151	2	5	1	149	646	793	5.53e-62	235
56f81de5-d83b-47c5-81b0-08be9d3b5221	NR_025609.1	95.364	151	2	5	1	149	580	727	5.53e-62	235
56f81de5-d83b-47c5-81b0-08be9d3b5221	NR_036936.1	95.364	151	2	5	1	149	631	778	5.53e-62	235
a6f2821c-1e52-4db7-91c5-6f0d4ce4a668	NR_179385.1	92.727	220	8	8	1	215	233	17	1.38e-84	311
a6f2821c-1e52-4db7-91c5-6f0d4ce4a668	NR_199545.1	92.727	220	8	8	1	215	229	13	1.38e-84	311
a6f2821c-1e52-4db7-91c5-6f0d4ce4a668	NR_165741.1	92.273	220	9	8	1	215	218	2	6.40e-83	305
a6f2821c-1e52-4db7-91c5-6f0d4ce4a668	NR_115560.1	91.441	222	11	8	1	217	229	11	1.07e-80	298
a6f2821c-1e52-4db7-91c5-6f0d4ce4a668	NR_028664.1	91.364	220	11	8	1	215	232	16	1.39e-79	294
5f82e999-eaef-4e32-9fbc-216f2ff78b29	NR_028664.1	94.512	984	29	19	1	971	178	1149	0.0	1495
5f82e999-eaef-4e32-9fbc-216f2ff78b29	NR_115240.1	94.512	984	29	19	1	971	155	1126	0.0	1495
5f82e999-eaef-4e32-9fbc-216f2ff78b29	NR_115732.1	94.512	984	29	19	1	971	157	1128	0.0	1495
5f82e999-eaef-4e32-9fbc-216f2ff78b29	NR_116207.1	94.512	984	29	19	1	971	20	991	0.0	1495
5f82e999-eaef-4e32-9fbc-216f2ff78b29	NR_199545.1	94.518	985	27	21	1	971	175	1146	0.0	1495
35ed0474-2766-4612-b68e-c388b925467f	NR_116168.1	88.465	1283	69	62	75	1307	234	1487	0.0	1476
35ed0474-2766-4612-b68e-c388b925467f	NR_118762.1	87.226	1276	85	61	75	1301	237	1483	0.0	1417
35ed0474-2766-4612-b68e-c388b925467f	NR_042878.1	89.012	1174	61	54	75	1204	213	1362	0.0	1393
35ed0474-2766-4612-b68e-c388b925467f	NR_025423.1	86.204	1283	92	67	75	1304	218	1468	0.0	1310
35ed0474-2766-4612-b68e-c388b925467f	NR_118755.1	82.376	1271	140	62	75	1293	238	1476	0.0	1061
92605d66-9c8b-4159-8ed3-3b40adde21e2	NR_115735.1	94.881	1133	31	18	5	1119	1280	157	0.0	1746
92605d66-9c8b-4159-8ed3-3b40adde21e2	NR_116211.1	94.881	1133	31	18	5	1119	1212	89	0.0	1746
92605d66-9c8b-4159-8ed3-3b40adde21e2	NR_178515.1	94.885	1134	29	20	5	1119	1289	166	0.0	1746
92605d66-9c8b-4159-8ed3-3b40adde21e2	NR_036936.1	94.797	1134	30	21	5	1119	1289	166	0.0	1740
92605d66-9c8b-4159-8ed3-3b40adde21e2	NR_165737.1	94.797	1134	30	20	5	1119	1289	166	0.0	1740
3d6656f2-4e07-4eec-bab0-f6cedf82a7a4	NR_113105.1	98.073	467	5	3	1	466	464	1	0.0	809
3d6656f2-4e07-4eec-bab0-f6cedf82a7a4	NR_044407.1	98.039	459	5	3	1	458	456	1	0.0	795
3d6656f2-4e07-4eec-bab0-f6cedf82a7a4	NR_109628.1	94.348	460	22	3	1	459	457	1	0.0	702
3d6656f2-4e07-4eec-bab0-f6cedf82a7a4	NR_102895.1	94.323	458	22	3	10	466	475	21	0.0	699
3d6656f2-4e07-4eec-bab0-f6cedf82a7a4	NR_113113.1	94.105	458	23	3	10	466	455	1	0.0	693
c0f421bf-64ea-46ca-84f8-67d9ed591396	NR_028664.1	95.530	604	9	17	1	595	887	293	0.0	950
c0f421bf-64ea-46ca-84f8-67d9ed591396	NR_042927.1	95.530	604	9	17	1	595	866	272	0.0	950
c0f421bf-64ea-46ca-84f8-67d9ed591396	NR_114413.1	95.530	604	9	17	1	595	889	295	0.0	950
c0f421bf-64ea-46ca-84f8-67d9ed591396	NR_115240.1	95.530	604	9	17	1	595	864	270	0.0	950
c0f421bf-64ea-46ca-84f8-67d9ed591396	NR_115732.1	95.530	604	9	17	1	595	866	272	0.0	950
943a2056-47da-4c3e-ab20-845c8def5507	NR_116168.1	97.358	1325	17	16	1	1317	173	1487	0.0	2237
943a2056-47da-4c3e-ab20-845c8def5507	NR_118762.1	96.043	1314	33	17	6	1311	181	1483	0.0	2156
943a2056-47da-4c3e-ab20-845c8def5507	NR_025423.1	95.163	1323	44	19	1	1314	157	1468	0.0	2071
943a2056-47da-4c3e-ab20-845c8def5507	NR_042878.1	97.455	1218	16	13	1	1210	152	1362	0.0	2071
943a2056-47da-4c3e-ab20-845c8def5507	NR_181946.1	93.665	1326	64	19	1	1317	158	1472	0.0	1965
e2b905cb-9261-442c-8fe3-577cf38cba09	NR_044873.1	87.579	636	44	28	1	610	628	2	0.0	704
e2b905cb-9261-442c-8fe3-577cf38cba09	NR_074568.1	85.692	636	55	29	1	610	638	13	0.0	638
e2b905cb-9261-442c-8fe3-577cf38cba09	NR_044712.2	85.220	636	58	29	1	610	647	22	3.62e-179	627
e2b905cb-9261-442c-8fe3-577cf38cba09	NR_109752.1	84.639	638	59	30	1	610	649	23	7.89e-171	599
e2b905cb-9261-442c-8fe3-577cf38cba09	NR_179993.1	84.483	638	60	30	1	610	639	13	3.67e-169	593
77bce1f6-5604-47c3-aa49-a4cffb4dfb8d	NR_115355.1	90.898	802	39	27	1	779	795	5	0.0	1048
77bce1f6-5604-47c3-aa49-a4cffb4dfb8d	NR_179325.1	91.634	777	34	24	1	754	769	1	0.0	1046
77bce1f6-5604-47c3-aa49-a4cffb4dfb8d	NR_074980.1	90.453	817	43	27	1	794	822	18	0.0	1044
77bce1f6-5604-47c3-aa49-a4cffb4dfb8d	NR_113031.1	90.453	817	43	27	1	794	822	18	0.0	1044
77bce1f6-5604-47c3-aa49-a4cffb4dfb8d	NR_119169.1	90.506	811	43	27	1	788	800	1	0.0	1044
d1419de6-53bb-4916-aee7-c829adfb930e	NR_116168.1	95.813	406	10	5	1	402	1088	1490	0.0	649
d1419de6-53bb-4916-aee7-c829adfb930e	NR_118762.1	95.214	397	12	5	1	393	1090	1483	8.51e-179	625
d1419de6-53bb-4916-aee7-c829adfb930e	NR_024897.1	93.857	407	16	7	1	402	1087	1489	1.11e-172	604
d1419de6-53bb-4916-aee7-c829adfb930e	NR_181418.1	93.857	407	16	7	1	402	1087	1489	1.11e-172	604
d1419de6-53bb-4916-aee7-c829adfb930e	NR_180040.1	93.612	407	17	7	1	402	1094	1496	5.16e-171	599
82f55fcc-9541-4178-97ee-a03b86298e2c	NR_044873.1	92.530	589	23	15	10	585	582	2	0.0	824
82f55fcc-9541-4178-97ee-a03b86298e2c	NR_074568.1	90.832	589	33	15	10	585	593	13	0.0	769
82f55fcc-9541-4178-97ee-a03b86298e2c	NR_044712.2	90.323	589	36	15	10	585	602	22	0.0	758
82f55fcc-9541-4178-97ee-a03b86298e2c	NR_179993.1	89.020	592	43	17	10	587	594	11	0.0	713
82f55fcc-9541-4178-97ee-a03b86298e2c	NR_025310.1	89.329	581	41	16	10	577	573	1	0.0	710
21dfeabc-8e01-49c0-a08c-599e62577fba	NR_179540.1	95.184	706	17	14	1	696	793	1491	0.0	1099
21dfeabc-8e01-49c0-a08c-599e62577fba	NR_117719.1	94.767	707	19	15	1	696	793	1492	0.0	1085
21dfeabc-8e01-49c0-a08c-599e62577fba	NR_042928.1	94.879	703	19	14	1	693	773	1468	0.0	1083
21dfeabc-8e01-49c0-a08c-599e62577fba	NR_179383.1	94.625	707	20	15	1	696	800	1499	0.0	1079
21dfeabc-8e01-49c0-a08c-599e62577fba	NR_175455.1	94.492	708	20	16	1	696	781	1481	0.0	1074
a6d41005-879d-4f26-9cb7-739a7dd6793d	NR_042927.1	93.160	614	22	16	1	599	1422	814	0.0	883
a6d41005-879d-4f26-9cb7-739a7dd6793d	NR_114413.1	93.160	614	22	16	1	599	1445	837	0.0	883
a6d41005-879d-4f26-9cb7-739a7dd6793d	NR_115734.1	93.160	614	22	16	1	599	1423	815	0.0	883
a6d41005-879d-4f26-9cb7-739a7dd6793d	NR_165744.1	93.171	615	20	18	1	599	1429	821	0.0	883
a6d41005-879d-4f26-9cb7-739a7dd6793d	NR_175455.1	93.171	615	20	18	1	599	1428	820	0.0	883
838dc867-7f21-47c3-a204-6517bfbf4759	NR_026419.1	90.922	683	35	24	1	663	699	24	0.0	893
838dc867-7f21-47c3-a204-6517bfbf4759	NR_025903.1	88.392	715	50	29	1	691	711	6	0.0	830
838dc867-7f21-47c3-a204-6517bfbf4759	NR_133753.1	89.864	661	41	23	1	643	665	13	0.0	826
838dc867-7f21-47c3-a204-6517bfbf4759	NR_025904.1	87.727	717	51	33	1	691	710	5	0.0	802
838dc867-7f21-47c3-a204-6517bfbf4759	NR_133752.1	89.441	644	44	21	1	628	636	1	0.0	791
51b4462f-260c-48d2-b13b-2f8ddd1cdc6f	NR_028682.1	95.918	490	11	7	1	484	1418	932	0.0	785
51b4462f-260c-48d2-b13b-2f8ddd1cdc6f	NR_025862.1	96.588	469	8	6	21	484	1396	931	0.0	773
51b4462f-260c-48d2-b13b-2f8ddd1cdc6f	NR_026454.1	95.949	469	11	6	21	484	1373	908	0.0	754
51b4462f-260c-48d2-b13b-2f8ddd1cdc6f	NR_025396.1	94.490	490	18	7	1	484	1389	903	0.0	747
51b4462f-260c-48d2-b13b-2f8ddd1cdc6f	NR_113770.1	94.286	490	19	7	1	484	1397	911	0.0	743
c5beeca1-b123-42d7-88d9-ed0b8367e171	NR_115355.1	98.350	1212	9	6	1	1205	1208	1	0.0	2121
c5beeca1-b123-42d7-88d9-ed0b8367e171	NR_119169.1	98.110	1217	12	6	1	1210	1213	1	0.0	2117
c5beeca1-b123-42d7-88d9-ed0b8367e171	NR_163639.1	97.967	1230	8	12	1	1222	1223	3	0.0	2117
c5beeca1-b123-42d7-88d9-ed0b8367e171	NR_074980.1	97.718	1227	17	6	1	1220	1235	13	0.0	2100
c5beeca1-b123-42d7-88d9-ed0b8367e171	NR_113031.1	97.718	1227	17	6	1	1220	1235	13	0.0	2100
444ee1dd-bc9b-4235-ba6b-4ea2838a0e28	NR_042927.1	96.081	791	17	10	78	859	792	7	0.0	1277
444ee1dd-bc9b-4235-ba6b-4ea2838a0e28	NR_114413.1	96.081	791	17	10	78	859	815	30	0.0	1277
444ee1dd-bc9b-4235-ba6b-4ea2838a0e28	NR_115734.1	95.828	791	19	10	78	859	793	8	0.0	1269
444ee1dd-bc9b-4235-ba6b-4ea2838a0e28	NR_028664.1	95.581	792	17	13	78	859	813	30	0.0	1253
444ee1dd-bc9b-4235-ba6b-4ea2838a0e28	NR_115240.1	95.581	792	17	13	78	859	790	7	0.0	1253
5fd47078-b8cf-49d3-bd19-1566526b4ae3	NR_179383.1	96.627	830	17	11	1	826	841	19	0.0	1367
5fd47078-b8cf-49d3-bd19-1566526b4ae3	NR_028664.1	96.506	830	18	11	1	826	837	15	0.0	1362
5fd47078-b8cf-49d3-bd19-1566526b4ae3	NR_199545.1	96.506	830	18	11	1	826	834	12	0.0	1362
5fd47078-b8cf-49d3-bd19-1566526b4ae3	NR_165744.1	96.381	829	19	11	1	825	823	2	0.0	1354
5fd47078-b8cf-49d3-bd19-1566526b4ae3	NR_179385.1	96.265	830	20	11	1	826	838	16	0.0	1351
733ce21a-fc8b-4d5f-92bb-102a72512893	NR_117694.1	92.615	1002	49	20	42	1027	1222	230	0.0	1417
733ce21a-fc8b-4d5f-92bb-102a72512893	NR_121687.1	92.415	1002	51	20	42	1027	1242	250	0.0	1406
733ce21a-fc8b-4d5f-92bb-102a72512893	NR_041988.1	92.016	1002	55	20	42	1027	1180	188	0.0	1384
733ce21a-fc8b-4d5f-92bb-102a72512893	NR_041989.1	91.825	1003	55	22	42	1027	1180	188	0.0	1373
733ce21a-fc8b-4d5f-92bb-102a72512893	NR_104946.1	91.816	1002	57	21	42	1027	1185	193	0.0	1373
aa15f192-4e27-47c6-9bc6-391e3e21c877	NR_028664.1	95.955	445	4	8	1	438	723	286	0.0	710
aa15f192-4e27-47c6-9bc6-391e3e21c877	NR_042771.1	95.955	445	4	8	1	438	720	283	0.0	710
aa15f192-4e27-47c6-9bc6-391e3e21c877	NR_042927.1	95.955	445	4	8	1	438	702	265	0.0	710
aa15f192-4e27-47c6-9bc6-391e3e21c877	NR_042928.1	95.955	445	4	8	1	438	700	263	0.0	710
aa15f192-4e27-47c6-9bc6-391e3e21c877	NR_112026.1	95.955	445	4	8	1	438	683	246	0.0	710
0fdad9d5-8cfa-445b-9e76-cf4c663d3909	NR_116168.1	96.269	965	20	11	1	955	529	1487	0.0	1568
0fdad9d5-8cfa-445b-9e76-cf4c663d3909	NR_118762.1	95.303	958	30	11	1	949	532	1483	0.0	1524
0fdad9d5-8cfa-445b-9e76-cf4c663d3909	NR_025423.1	93.354	963	46	13	1	952	513	1468	0.0	1408
0fdad9d5-8cfa-445b-9e76-cf4c663d3909	NR_042878.1	96.395	860	16	10	1	850	508	1362	0.0	1404
0fdad9d5-8cfa-445b-9e76-cf4c663d3909	NR_114764.1	93.043	963	49	13	1	952	511	1466	0.0	1395
6bb0d3b4-1985-4ca5-92f0-4710a89150ef	NR_117694.1	94.180	378	11	11	1	374	371	1	4.90e-161	566
6bb0d3b4-1985-4ca5-92f0-4710a89150ef	NR_025892.1	92.328	378	18	10	1	374	397	27	1.38e-151	534
6bb0d3b4-1985-4ca5-92f0-4710a89150ef	NR_117692.1	91.799	378	20	11	1	374	371	1	5.01e-146	516
6bb0d3b4-1985-4ca5-92f0-4710a89150ef	NR_121687.1	91.557	379	19	13	1	374	391	21	2.33e-144	510
6bb0d3b4-1985-4ca5-92f0-4710a89150ef	NR_104830.1	91.029	379	22	12	1	374	386	15	1.40e-141	501
5f0c979b-2f99-4a7c-94e0-ca6535b0200c	NR_025863.1	93.254	919	31	20	5	904	74	980	0.0	1332
5f0c979b-2f99-4a7c-94e0-ca6535b0200c	NR_028682.1	87.717	920	76	27	6	904	73	976	0.0	1038
5f0c979b-2f99-4a7c-94e0-ca6535b0200c	NR_179652.1	87.969	906	76	21	19	904	88	980	0.0	1038
5f0c979b-2f99-4a7c-94e0-ca6535b0200c	NR_026454.1	88.137	902	68	28	27	904	66	952	0.0	1037
5f0c979b-2f99-4a7c-94e0-ca6535b0200c	NR_026393.1	87.679	909	71	29	20	904	64	955	0.0	1029
fe081f01-fa2f-4dea-b343-a55a94f2e516	NR_044873.1	95.437	504	10	11	18	513	962	464	0.0	791
fe081f01-fa2f-4dea-b343-a55a94f2e516	NR_074568.1	94.841	504	12	12	18	513	972	475	0.0	774
fe081f01-fa2f-4dea-b343-a55a94f2e516	NR_044712.2	94.643	504	13	12	18	513	981	484	0.0	771
fe081f01-fa2f-4dea-b343-a55a94f2e516	NR_043968.1	94.444	504	14	12	18	513	930	433	0.0	763
fe081f01-fa2f-4dea-b343-a55a94f2e516	NR_024785.1	94.246	504	15	13	18	513	928	431	0.0	758
3ecd3ecd-7a57-4061-845c-dd3856217da2	NR_028682.1	94.245	1390	56	23	3	1377	117	1497	0.0	2102
3ecd3ecd-7a57-4061-845c-dd3856217da2	NR_025862.1	95.227	1299	42	19	3	1290	117	1406	0.0	2047
3ecd3ecd-7a57-4061-845c-dd3856217da2	NR_113798.1	92.219	1388	89	19	3	1378	101	1481	0.0	1947
3ecd3ecd-7a57-4061-845c-dd3856217da2	NR_180652.1	92.269	1384	88	19	3	1375	106	1481	0.0	1945
3ecd3ecd-7a57-4061-845c-dd3856217da2	NR_026454.1	93.615	1300	64	18	3	1290	91	1383	0.0	1923
86514615-66c2-40ae-8734-fa51de374df4	NR_028833.1	92.683	656	26	16	5	644	863	214	0.0	926
86514615-66c2-40ae-8734-fa51de374df4	NR_115241.1	91.437	689	37	16	5	677	836	154	0.0	926
86514615-66c2-40ae-8734-fa51de374df4	NR_115735.1	91.437	689	37	16	5	677	827	145	0.0	926
86514615-66c2-40ae-8734-fa51de374df4	NR_116211.1	91.437	689	37	16	5	677	759	77	0.0	926
86514615-66c2-40ae-8734-fa51de374df4	NR_178515.1	92.683	656	26	16	5	644	836	187	0.0	926
85fa961b-722c-4359-b5bb-6ead8ca9bdd9	NR_042928.1	95.894	1315	27	21	1	1295	161	1468	0.0	2104
85fa961b-722c-4359-b5bb-6ead8ca9bdd9	NR_117719.1	95.455	1320	32	22	1	1299	181	1493	0.0	2080
85fa961b-722c-4359-b5bb-6ead8ca9bdd9	NR_179540.1	95.455	1320	31	23	1	1299	181	1492	0.0	2078
85fa961b-722c-4359-b5bb-6ead8ca9bdd9	NR_175455.1	95.372	1318	32	23	4	1299	172	1482	0.0	2069
85fa961b-722c-4359-b5bb-6ead8ca9bdd9	NR_179383.1	95.140	1317	36	22	4	1299	191	1500	0.0	2052
91130a1c-1dfb-4a2a-b59f-8493599cdd28	NR_116168.1	94.005	367	7	14	1	357	1463	1102	7.75e-154	542
91130a1c-1dfb-4a2a-b59f-8493599cdd28	NR_118762.1	93.460	367	9	14	1	357	1465	1104	1.30e-151	534
91130a1c-1dfb-4a2a-b59f-8493599cdd28	NR_115138.1	92.643	367	12	14	1	357	1448	1087	1.69e-145	514
91130a1c-1dfb-4a2a-b59f-8493599cdd28	NR_024897.1	92.391	368	11	16	1	357	1462	1101	7.86e-144	508
91130a1c-1dfb-4a2a-b59f-8493599cdd28	NR_115136.1	92.371	367	13	14	1	357	1448	1087	7.86e-144	508
f55bfbb1-45bf-4187-b927-afb7377ac34e	NR_179383.1	94.449	1117	33	24	9	1109	397	1500	0.0	1692
f55bfbb1-45bf-4187-b927-afb7377ac34e	NR_175455.1	94.365	1118	33	25	9	1109	378	1482	0.0	1688
f55bfbb1-45bf-4187-b927-afb7377ac34e	NR_117719.1	94.360	1117	34	24	9	1109	390	1493	0.0	1687
f55bfbb1-45bf-4187-b927-afb7377ac34e	NR_028664.1	94.270	1117	35	24	9	1109	393	1496	0.0	1681
f55bfbb1-45bf-4187-b927-afb7377ac34e	NR_042927.1	94.340	1113	34	24	9	1105	372	1471	0.0	1679
85f47d1e-09a4-4ad7-9057-dca4d0374014	NR_025863.1	94.095	1287	40	23	1	1260	1299	22	0.0	1932
85f47d1e-09a4-4ad7-9057-dca4d0374014	NR_025862.1	88.003	1292	104	40	1	1260	1294	22	0.0	1491
85f47d1e-09a4-4ad7-9057-dca4d0374014	NR_026454.1	87.832	1282	108	34	1	1248	1271	4	0.0	1459
85f47d1e-09a4-4ad7-9057-dca4d0374014	NR_026481.1	87.903	1273	104	38	7	1248	1258	5	0.0	1454
85f47d1e-09a4-4ad7-9057-dca4d0374014	NR_180911.1	87.461	1292	113	38	1	1260	1284	10	0.0	1443
d9dd18d8-17ec-4ada-8ed7-c7596e5044e0	NR_042939.1	89.431	369	16	15	112	462	1394	1031	2.95e-124	444
d9dd18d8-17ec-4ada-8ed7-c7596e5044e0	NR_114473.1	89.431	369	16	15	112	462	1382	1019	2.95e-124	444
d9dd18d8-17ec-4ada-8ed7-c7596e5044e0	NR_119340.1	89.431	369	16	15	112	462	1374	1011	2.95e-124	444
d9dd18d8-17ec-4ada-8ed7-c7596e5044e0	NR_178482.1	89.431	369	16	15	112	462	1364	1001	2.95e-124	444
d9dd18d8-17ec-4ada-8ed7-c7596e5044e0	NR_040802.1	89.189	370	17	15	112	463	1374	1010	3.82e-123	440
27e811c5-37cc-433b-be7c-e5193b4e92d1	NR_136788.1	94.812	1118	32	18	4	1101	1125	14	0.0	1720
27e811c5-37cc-433b-be7c-e5193b4e92d1	NR_113082.1	93.560	1118	46	19	4	1101	1125	14	0.0	1642
27e811c5-37cc-433b-be7c-e5193b4e92d1	NR_026230.1	92.709	1111	51	23	4	1092	1103	1	0.0	1598
27e811c5-37cc-433b-be7c-e5193b4e92d1	NR_152035.1	87.670	1103	98	33	26	1101	1106	15	0.0	1249
27e811c5-37cc-433b-be7c-e5193b4e92d1	NR_074234.1	87.193	1101	107	28	26	1101	1112	21	0.0	1221
f3964362-aefd-41bb-adf1-69b5516f2348	NR_112026.1	93.069	404	14	12	2	396	1298	900	6.58e-165	579
f3964362-aefd-41bb-adf1-69b5516f2348	NR_179540.1	93.069	404	14	12	2	396	1336	938	6.58e-165	579
f3964362-aefd-41bb-adf1-69b5516f2348	NR_116206.1	92.822	404	15	12	2	396	1241	843	8.51e-164	575
f3964362-aefd-41bb-adf1-69b5516f2348	NR_042928.1	92.822	404	15	12	2	396	1316	918	3.06e-163	573
f3964362-aefd-41bb-adf1-69b5516f2348	NR_116213.1	92.822	404	15	12	2	396	1241	843	3.06e-163	573
4698c99a-8a74-413d-9529-9798bd262208	NR_116168.1	94.962	794	24	15	1	783	704	1492	0.0	1230
4698c99a-8a74-413d-9529-9798bd262208	NR_118762.1	93.862	782	33	14	1	772	707	1483	0.0	1181
4698c99a-8a74-413d-9529-9798bd262208	NR_024897.1	92.947	794	40	16	1	783	703	1491	0.0	1142
4698c99a-8a74-413d-9529-9798bd262208	NR_024898.1	92.812	793	43	14	1	783	703	1491	0.0	1136
4698c99a-8a74-413d-9529-9798bd262208	NR_181418.1	92.839	796	37	19	1	783	703	1491	0.0	1136
1e00a2d3-8426-490b-81e9-0cf9e1410185	NR_044873.1	93.651	252	7	7	4	246	1210	1461	9.41e-102	368
1e00a2d3-8426-490b-81e9-0cf9e1410185	NR_041773.1	95.890	219	7	2	4	220	1237	1455	2.64e-97	353
1e00a2d3-8426-490b-81e9-0cf9e1410185	NR_074198.1	95.890	219	7	2	4	220	1237	1455	2.64e-97	353
1e00a2d3-8426-490b-81e9-0cf9e1410185	NR_165019.1	95.890	219	7	2	4	220	1195	1413	2.64e-97	353
1e00a2d3-8426-490b-81e9-0cf9e1410185	NR_074568.1	97.129	209	4	2	4	210	1220	1428	9.48e-97	351
12c456d7-39a8-4b91-987f-4d32fa94c528	NR_115355.1	95.238	336	7	6	1	329	1149	1482	2.60e-148	523
12c456d7-39a8-4b91-987f-4d32fa94c528	NR_163639.1	95.238	336	7	6	1	329	1164	1497	2.60e-148	523
12c456d7-39a8-4b91-987f-4d32fa94c528	NR_179325.1	95.238	336	7	6	1	329	1123	1456	2.60e-148	523
12c456d7-39a8-4b91-987f-4d32fa94c528	NR_119169.1	94.940	336	8	6	1	329	1154	1487	1.21e-146	518
12c456d7-39a8-4b91-987f-4d32fa94c528	NR_115354.1	94.643	336	9	6	1	329	1149	1482	5.63e-145	512
d4b7fb27-0496-46bb-bce5-81fe6681f6eb	NR_116168.1	91.258	652	28	19	3	634	1398	756	0.0	861
d4b7fb27-0496-46bb-bce5-81fe6681f6eb	NR_042878.1	91.052	637	28	19	18	634	1362	735	0.0	833
d4b7fb27-0496-46bb-bce5-81fe6681f6eb	NR_118143.1	89.796	637	36	19	18	634	1364	737	0.0	789
d4b7fb27-0496-46bb-bce5-81fe6681f6eb	NR_024898.1	88.974	653	41	20	3	634	1397	755	0.0	778
d4b7fb27-0496-46bb-bce5-81fe6681f6eb	NR_024897.1	88.821	653	42	20	3	634	1397	755	0.0	773
051a5a84-1193-45b1-9d1e-2ba9cc7d2b4f	NR_028664.1	97.029	875	19	7	1	871	887	16	0.0	1465
051a5a84-1193-45b1-9d1e-2ba9cc7d2b4f	NR_165747.1	97.341	865	18	5	1	862	864	2	0.0	1465
051a5a84-1193-45b1-9d1e-2ba9cc7d2b4f	NR_199541.1	98.102	843	10	6	1	840	842	3	0.0	1463
051a5a84-1193-45b1-9d1e-2ba9cc7d2b4f	NR_115240.1	97.225	865	19	5	1	862	864	2	0.0	1459
051a5a84-1193-45b1-9d1e-2ba9cc7d2b4f	NR_117719.1	96.914	875	20	7	1	871	884	13	0.0	1459
aa3aeea4-fdbb-491c-8ade-67cf222f573e	NR_116168.1	95.000	400	10	8	1	396	415	22	3.94e-177	619
aa3aeea4-fdbb-491c-8ade-67cf222f573e	NR_042878.1	94.250	400	13	8	1	396	394	1	2.37e-174	610
aa3aeea4-fdbb-491c-8ade-67cf222f573e	NR_118762.1	91.750	400	23	8	1	396	418	25	1.45e-161	568
aa3aeea4-fdbb-491c-8ade-67cf222f573e	NR_025423.1	92.040	402	20	9	1	396	399	4	1.13e-157	555
aa3aeea4-fdbb-491c-8ade-67cf222f573e	NR_118143.1	91.315	403	21	10	1	396	396	1	1.13e-152	538
715922fa-c788-48b4-af19-2fe439eebabf	NR_156072.1	96.232	345	8	4	1	341	1151	1494	2.06e-159	560
715922fa-c788-48b4-af19-2fe439eebabf	NR_158064.1	95.954	346	8	5	1	341	1153	1497	2.66e-158	556
715922fa-c788-48b4-af19-2fe439eebabf	NR_028665.1	95.942	345	9	4	1	341	1146	1489	9.57e-158	555
715922fa-c788-48b4-af19-2fe439eebabf	NR_104972.1	95.942	345	9	4	1	341	1131	1474	9.57e-158	555
715922fa-c788-48b4-af19-2fe439eebabf	NR_179385.1	95.942	345	9	4	1	341	1153	1496	9.57e-158	555
a3f0267c-5a75-420e-8014-5cfbf6594454	NR_042927.1	93.538	650	29	12	1	643	644	1	0.0	955
a3f0267c-5a75-420e-8014-5cfbf6594454	NR_114413.1	93.538	650	29	12	1	643	667	24	0.0	955
a3f0267c-5a75-420e-8014-5cfbf6594454	NR_115734.1	93.395	651	30	12	1	644	645	1	0.0	953
a3f0267c-5a75-420e-8014-5cfbf6594454	NR_117719.1	93.538	650	27	14	1	643	662	21	0.0	953
a3f0267c-5a75-420e-8014-5cfbf6594454	NR_175455.1	93.161	658	28	16	1	649	650	1	0.0	950
8f5d3a86-463a-4b9c-aafa-d80947a6a30e	NR_115241.1	94.087	947	34	18	1	939	933	1	0.0	1419
8f5d3a86-463a-4b9c-aafa-d80947a6a30e	NR_165737.1	94.093	948	32	20	1	939	933	1	0.0	1419
8f5d3a86-463a-4b9c-aafa-d80947a6a30e	NR_178515.1	94.093	948	32	20	1	939	933	1	0.0	1419
8f5d3a86-463a-4b9c-aafa-d80947a6a30e	NR_024842.1	93.809	953	37	18	1	945	948	10	0.0	1417
8f5d3a86-463a-4b9c-aafa-d80947a6a30e	NR_115735.1	93.923	938	34	19	1	929	924	1	0.0	1395
849949fb-5d2b-461e-bc16-27febf67f8bd	NR_026419.1	93.424	517	5	16	1	497	965	1472	0.0	739
849949fb-5d2b-461e-bc16-27febf67f8bd	NR_025903.1	91.876	517	12	19	1	497	977	1483	0.0	695
849949fb-5d2b-461e-bc16-27febf67f8bd	NR_025904.1	91.683	517	13	19	1	497	976	1482	0.0	689
849949fb-5d2b-461e-bc16-27febf67f8bd	NR_133752.1	91.881	505	12	16	1	485	902	1397	0.0	678
849949fb-5d2b-461e-bc16-27febf67f8bd	NR_133753.1	91.881	505	12	16	1	485	931	1426	0.0	678
c967589b-3c08-466b-b5d3-a8f68a4ad38a	NR_117694.1	96.706	1093	20	15	10	1091	380	1467	0.0	1805
c967589b-3c08-466b-b5d3-a8f68a4ad38a	NR_121687.1	95.791	1093	30	14	10	1091	400	1487	0.0	1749
c967589b-3c08-466b-b5d3-a8f68a4ad38a	NR_025892.1	95.308	1087	34	16	10	1085	406	1486	0.0	1725
c967589b-3c08-466b-b5d3-a8f68a4ad38a	NR_117692.1	95.334	1093	35	15	10	1091	380	1467	0.0	1722
c967589b-3c08-466b-b5d3-a8f68a4ad38a	NR_025902.1	95.151	1093	37	15	10	1091	358	1445	0.0	1711
729f9402-0c5f-4023-ab91-5b583cfea060	NR_025862.1	95.702	605	12	12	1	597	735	137	0.0	965
729f9402-0c5f-4023-ab91-5b583cfea060	NR_028682.1	93.069	606	27	13	1	597	736	137	0.0	872
729f9402-0c5f-4023-ab91-5b583cfea060	NR_026454.1	92.586	607	30	13	1	597	712	111	0.0	857
729f9402-0c5f-4023-ab91-5b583cfea060	NR_113798.1	90.594	606	42	13	1	597	720	121	0.0	789
729f9402-0c5f-4023-ab91-5b583cfea060	NR_114015.1	94.242	521	16	12	1	512	726	211	0.0	784
4db3bfba-a3d1-4b77-966f-95a8d1aa8ab9	NR_115355.1	96.593	1350	26	14	1	1339	1341	1	0.0	2224
4db3bfba-a3d1-4b77-966f-95a8d1aa8ab9	NR_119169.1	96.307	1354	30	14	1	1343	1346	2	0.0	2213
4db3bfba-a3d1-4b77-966f-95a8d1aa8ab9	NR_163639.1	96.056	1369	26	21	1	1357	1356	4	0.0	2204
4db3bfba-a3d1-4b77-966f-95a8d1aa8ab9	NR_179325.1	96.526	1324	25	15	1	1312	1315	1	0.0	2170
4db3bfba-a3d1-4b77-966f-95a8d1aa8ab9	NR_074980.1	95.538	1367	39	15	1	1356	1368	13	0.0	2167
7ce43738-a2e8-46a7-a3cc-4cb279536d34	NR_156072.1	95.251	358	12	4	6	361	1140	1494	6.02e-160	562
7ce43738-a2e8-46a7-a3cc-4cb279536d34	NR_158064.1	94.986	359	12	5	6	361	1142	1497	7.79e-159	558
7ce43738-a2e8-46a7-a3cc-4cb279536d34	NR_028665.1	94.972	358	13	4	6	361	1135	1489	2.80e-158	556
7ce43738-a2e8-46a7-a3cc-4cb279536d34	NR_104972.1	94.972	358	13	4	6	361	1120	1474	2.80e-158	556
7ce43738-a2e8-46a7-a3cc-4cb279536d34	NR_179385.1	94.972	358	13	4	6	361	1142	1496	2.80e-158	556
4949a6b1-11b8-4ceb-acc0-970ede81a7be	NR_116168.1	91.537	709	31	22	1	692	791	1487	0.0	950
4949a6b1-11b8-4ceb-acc0-970ede81a7be	NR_118762.1	90.171	702	41	21	1	686	794	1483	0.0	902
4949a6b1-11b8-4ceb-acc0-970ede81a7be	NR_042878.1	91.405	605	25	20	1	590	770	1362	0.0	806
4949a6b1-11b8-4ceb-acc0-970ede81a7be	NR_025338.1	86.779	711	63	25	1	692	780	1478	0.0	763
4949a6b1-11b8-4ceb-acc0-970ede81a7be	NR_041979.1	86.779	711	63	24	1	692	772	1470	0.0	763
37a153fa-fa2d-4938-877a-e1b808c607d8	NR_179627.1	87.576	1151	114	22	1	1133	137	1276	0.0	1306
37a153fa-fa2d-4938-877a-e1b808c607d8	NR_156078.1	88.764	1068	92	21	83	1133	215	1271	0.0	1282
37a153fa-fa2d-4938-877a-e1b808c607d8	NR_156079.1	88.764	1068	92	21	83	1133	215	1271	0.0	1282
37a153fa-fa2d-4938-877a-e1b808c607d8	NR_156081.1	88.764	1068	92	21	83	1133	215	1271	0.0	1282
37a153fa-fa2d-4938-877a-e1b808c607d8	NR_181215.1	86.964	1143	126	17	1	1129	127	1260	0.0	1264
f3aab202-e104-47bd-8d66-22b01f52fa7d	NR_026095.1	93.043	345	11	11	1	340	350	14	7.57e-139	492
f3aab202-e104-47bd-8d66-22b01f52fa7d	NR_113564.1	93.043	345	11	11	1	340	350	14	7.57e-139	492
f3aab202-e104-47bd-8d66-22b01f52fa7d	NR_043464.1	86.095	338	28	14	1	333	324	1	6.23e-95	346
f3aab202-e104-47bd-8d66-22b01f52fa7d	NR_165677.1	85.632	348	26	16	1	340	354	23	2.24e-94	344
f3aab202-e104-47bd-8d66-22b01f52fa7d	NR_181560.1	85.345	348	27	16	1	340	345	14	1.04e-92	339
7e76a6c1-361b-4ca7-b6f9-3632f0c2b1ab	NR_116168.1	97.898	761	7	7	4	758	730	1487	0.0	1308
7e76a6c1-361b-4ca7-b6f9-3632f0c2b1ab	NR_118762.1	96.689	755	15	7	4	752	733	1483	0.0	1264
7e76a6c1-361b-4ca7-b6f9-3632f0c2b1ab	NR_025423.1	95.652	759	22	10	4	755	714	1468	0.0	1208
7e76a6c1-361b-4ca7-b6f9-3632f0c2b1ab	NR_024897.1	95.407	762	24	10	4	758	729	1486	0.0	1203
7e76a6c1-361b-4ca7-b6f9-3632f0c2b1ab	NR_181418.1	95.401	761	26	8	4	758	729	1486	0.0	1203
413e54a0-5a30-489a-aa54-8036aeb882ad	NR_025862.1	98.267	750	8	5	1	748	138	884	0.0	1314
413e54a0-5a30-489a-aa54-8036aeb882ad	NR_028682.1	96.272	751	22	6	1	748	138	885	0.0	1227
413e54a0-5a30-489a-aa54-8036aeb882ad	NR_026454.1	95.883	753	23	8	1	748	112	861	0.0	1212
413e54a0-5a30-489a-aa54-8036aeb882ad	NR_180652.1	94.407	751	36	6	1	748	127	874	0.0	1149
413e54a0-5a30-489a-aa54-8036aeb882ad	NR_113798.1	93.875	751	40	6	1	748	122	869	0.0	1127
e3d9e4aa-ba72-4550-924a-461167722006	NR_026419.1	92.789	1151	39	34	1	1124	354	1487	0.0	1626
e3d9e4aa-ba72-4550-924a-461167722006	NR_025903.1	91.920	1151	48	37	1	1124	366	1498	0.0	1568
e3d9e4aa-ba72-4550-924a-461167722006	NR_025904.1	91.761	1153	46	38	1	1124	365	1497	0.0	1557
e3d9e4aa-ba72-4550-924a-461167722006	NR_133753.1	91.815	1124	48	36	1	1097	320	1426	0.0	1526
e3d9e4aa-ba72-4550-924a-461167722006	NR_133752.1	91.726	1124	49	36	1	1097	291	1397	0.0	1520
8d17a178-8772-47a3-9f11-b8b9668291a4	NR_113570.1	94.495	327	8	8	14	331	871	1196	5.59e-140	496
8d17a178-8772-47a3-9f11-b8b9668291a4	NR_025762.1	94.190	327	9	8	14	331	842	1167	2.60e-138	490
8d17a178-8772-47a3-9f11-b8b9668291a4	NR_041879.1	94.190	327	10	7	14	331	821	1147	2.60e-138	490
8d17a178-8772-47a3-9f11-b8b9668291a4	NR_115355.1	94.190	327	9	8	14	331	864	1189	2.60e-138	490
8d17a178-8772-47a3-9f11-b8b9668291a4	NR_179325.1	94.190	327	9	8	14	331	838	1163	2.60e-138	490
7bd0847f-c251-4af8-b498-945e71795e6c	NR_114413.1	92.498	1453	67	34	5	1432	1451	16	0.0	2041
7bd0847f-c251-4af8-b498-945e71795e6c	NR_024842.1	92.361	1453	69	34	5	1432	1443	8	0.0	2034
7bd0847f-c251-4af8-b498-945e71795e6c	NR_042927.1	92.575	1441	65	34	5	1420	1428	5	0.0	2030
7bd0847f-c251-4af8-b498-945e71795e6c	NR_115734.1	92.436	1441	67	34	5	1420	1429	6	0.0	2023
7bd0847f-c251-4af8-b498-945e71795e6c	NR_115241.1	92.249	1445	70	34	5	1424	1428	1	0.0	2013
99d32358-cc5c-4991-b530-03428ac2a162	NR_133752.1	94.881	293	10	4	1	290	396	686	2.96e-127	453
99d32358-cc5c-4991-b530-03428ac2a162	NR_133753.1	94.881	293	10	4	1	290	425	715	2.96e-127	453
99d32358-cc5c-4991-b530-03428ac2a162	NR_026419.1	94.881	293	10	4	1	290	459	749	2.96e-127	453
99d32358-cc5c-4991-b530-03428ac2a162	NR_026469.1	94.881	293	10	4	1	290	461	751	2.96e-127	453
99d32358-cc5c-4991-b530-03428ac2a162	NR_025903.1	94.881	293	10	4	1	290	471	761	2.96e-127	453
69efbdbd-bb26-465c-b54d-9dc8f4fec2dd	NR_144750.1	84.654	593	68	20	2	580	596	13	5.91e-162	569
69efbdbd-bb26-465c-b54d-9dc8f4fec2dd	NR_118334.1	83.162	582	81	15	2	572	576	1	6.03e-147	520
69efbdbd-bb26-465c-b54d-9dc8f4fec2dd	NR_178237.1	81.017	590	87	23	6	581	581	3	1.04e-124	446
69efbdbd-bb26-465c-b54d-9dc8f4fec2dd	NR_113096.1	80.782	588	90	21	6	580	590	13	1.74e-122	438
69efbdbd-bb26-465c-b54d-9dc8f4fec2dd	NR_113065.1	80.471	594	88	26	2	580	593	13	1.05e-119	429
80d47752-a39d-430b-aa36-eb448b2cae47	NR_044873.1	89.866	1046	62	38	1	1023	438	1462	0.0	1304
80d47752-a39d-430b-aa36-eb448b2cae47	NR_074568.1	88.602	1044	76	36	1	1023	449	1470	0.0	1229
80d47752-a39d-430b-aa36-eb448b2cae47	NR_025310.1	88.370	1049	71	43	1	1023	429	1452	0.0	1214
80d47752-a39d-430b-aa36-eb448b2cae47	NR_109752.1	88.348	1047	75	40	1	1023	460	1483	0.0	1214
80d47752-a39d-430b-aa36-eb448b2cae47	NR_043968.1	88.337	1046	75	39	1	1023	407	1428	0.0	1212
9a692886-4c7d-415e-a74c-b21b5f4156df	NR_117694.1	93.273	773	32	20	9	771	1453	691	0.0	1122
9a692886-4c7d-415e-a74c-b21b5f4156df	NR_121687.1	92.755	773	36	20	9	771	1473	711	0.0	1099
9a692886-4c7d-415e-a74c-b21b5f4156df	NR_117692.1	92.755	773	36	20	9	771	1453	691	0.0	1099
9a692886-4c7d-415e-a74c-b21b5f4156df	NR_025892.1	92.626	773	37	20	9	771	1478	716	0.0	1098
9a692886-4c7d-415e-a74c-b21b5f4156df	NR_025902.1	92.497	773	38	20	9	771	1431	669	0.0	1088
23dec131-7731-47d8-a2d7-7189d8c5932f	NR_042927.1	98.653	668	5	4	1	665	841	175	0.0	1181
23dec131-7731-47d8-a2d7-7189d8c5932f	NR_114413.1	98.653	668	5	4	1	665	864	198	0.0	1181
23dec131-7731-47d8-a2d7-7189d8c5932f	NR_115734.1	98.653	668	5	4	1	665	842	176	0.0	1181
23dec131-7731-47d8-a2d7-7189d8c5932f	NR_116210.1	98.653	668	5	4	1	665	704	38	0.0	1181
23dec131-7731-47d8-a2d7-7189d8c5932f	NR_199544.1	98.653	668	5	4	1	665	817	151	0.0	1181
89a04823-9e8f-4a8d-a55f-2fa763787f73	NR_118758.1	89.554	718	45	24	1	692	1370	657	0.0	889
89a04823-9e8f-4a8d-a55f-2fa763787f73	NR_118743.1	87.919	745	57	25	1	717	1367	628	0.0	861
89a04823-9e8f-4a8d-a55f-2fa763787f73	NR_044749.1	87.818	747	54	30	1	717	1367	628	0.0	850
89a04823-9e8f-4a8d-a55f-2fa763787f73	NR_118760.1	88.022	718	56	27	1	692	1368	655	0.0	837
89a04823-9e8f-4a8d-a55f-2fa763787f73	NR_114428.1	87.883	718	57	27	1	692	1364	651	0.0	826
7c7e9ec3-d9c4-4876-8c0e-c2e7b7c3a49b	NR_026419.1	93.381	423	10	13	1	409	423	5	2.48e-174	610
7c7e9ec3-d9c4-4876-8c0e-c2e7b7c3a49b	NR_025903.1	90.596	436	21	16	1	422	435	6	2.54e-159	560
7c7e9ec3-d9c4-4876-8c0e-c2e7b7c3a49b	NR_025904.1	90.367	436	22	15	1	422	434	5	1.18e-157	555
7c7e9ec3-d9c4-4876-8c0e-c2e7b7c3a49b	NR_133753.1	90.863	394	17	14	1	380	389	1	2.59e-144	510
7c7e9ec3-d9c4-4876-8c0e-c2e7b7c3a49b	NR_036920.1	88.506	435	29	15	1	422	428	2	3.35e-143	507
e39df3d8-75af-42ad-949d-3c3531779115	NR_113120.1	93.261	460	17	14	1	446	562	103	0.0	665
e39df3d8-75af-42ad-949d-3c3531779115	NR_029147.1	93.043	460	18	14	1	446	567	108	0.0	660
e39df3d8-75af-42ad-949d-3c3531779115	NR_113411.1	88.528	462	35	18	1	446	564	105	2.77e-154	544
e39df3d8-75af-42ad-949d-3c3531779115	NR_040877.1	88.312	462	36	18	1	446	564	105	9.95e-154	542
e39df3d8-75af-42ad-949d-3c3531779115	NR_180452.1	88.121	463	35	20	1	446	544	85	4.63e-152	536
15e32113-dd6e-49f1-80df-faca42a7ea1c	NR_136788.1	93.039	431	16	12	16	436	1014	1440	1.67e-176	617
15e32113-dd6e-49f1-80df-faca42a7ea1c	NR_026230.1	91.076	437	25	12	1	427	977	1409	6.10e-166	582
15e32113-dd6e-49f1-80df-faca42a7ea1c	NR_113082.1	91.304	437	22	14	2	427	1000	1431	6.10e-166	582
15e32113-dd6e-49f1-80df-faca42a7ea1c	NR_133742.1	86.588	425	43	13	16	430	1005	1425	3.86e-128	457
15e32113-dd6e-49f1-80df-faca42a7ea1c	NR_026137.1	86.525	423	41	15	19	430	998	1415	4.99e-127	453
34059bec-5881-49d4-82fc-9f4032d9066c	NR_113114.1	92.373	354	14	12	1	344	252	602	7.68e-139	492
34059bec-5881-49d4-82fc-9f4032d9066c	NR_043292.1	92.373	354	14	12	1	344	203	553	7.68e-139	492
34059bec-5881-49d4-82fc-9f4032d9066c	NR_024816.1	85.352	355	33	17	3	344	255	603	4.89e-96	350
34059bec-5881-49d4-82fc-9f4032d9066c	NR_113093.1	85.352	355	33	17	3	344	255	603	4.89e-96	350
34059bec-5881-49d4-82fc-9f4032d9066c	NR_113096.1	85.227	352	39	12	3	344	255	603	4.89e-96	350
6255d947-1744-498f-8f2f-17b05d92a782	NR_025862.1	92.500	160	4	6	1	157	280	126	1.37e-58	224
6255d947-1744-498f-8f2f-17b05d92a782	NR_028682.1	86.420	162	11	9	1	157	281	126	2.34e-41	167
6255d947-1744-498f-8f2f-17b05d92a782	NR_026454.1	84.810	158	13	9	4	156	252	101	8.47e-36	148
6255d947-1744-498f-8f2f-17b05d92a782	NR_041393.1	82.857	140	19	5	21	157	230	93	1.85e-27	121
6255d947-1744-498f-8f2f-17b05d92a782	NR_112661.1	82.857	140	19	5	21	157	254	117	1.85e-27	121
aee7a3d6-2ccf-4851-8b46-058f0e0a0ebe	NR_115355.1	93.498	1461	44	44	1	1424	19	1465	0.0	2126
aee7a3d6-2ccf-4851-8b46-058f0e0a0ebe	NR_179325.1	93.522	1451	43	44	11	1424	3	1439	0.0	2111
aee7a3d6-2ccf-4851-8b46-058f0e0a0ebe	NR_119169.1	93.224	1461	48	44	1	1424	24	1470	0.0	2109
aee7a3d6-2ccf-4851-8b46-058f0e0a0ebe	NR_163639.1	93.288	1460	45	46	1	1424	38	1480	0.0	2104
aee7a3d6-2ccf-4851-8b46-058f0e0a0ebe	NR_113570.1	92.886	1462	52	45	1	1424	25	1472	0.0	2076
35288137-20bc-493d-a2ac-ea8092317d7c	NR_043604.1	98.185	496	1	4	4	497	727	1216	0.0	859
35288137-20bc-493d-a2ac-ea8092317d7c	NR_118512.1	98.185	496	1	4	4	497	727	1216	0.0	859
35288137-20bc-493d-a2ac-ea8092317d7c	NR_043603.1	96.976	496	7	4	4	497	866	1355	0.0	826
35288137-20bc-493d-a2ac-ea8092317d7c	NR_118513.1	96.976	496	7	4	4	497	727	1216	0.0	826
35288137-20bc-493d-a2ac-ea8092317d7c	NR_180751.1	96.976	496	7	4	4	497	752	1241	0.0	826
bb8cbdbf-56dc-4e96-9018-d9bb8368369b	NR_117425.1	92.951	837	37	19	6	828	829	1	0.0	1199
bb8cbdbf-56dc-4e96-9018-d9bb8368369b	NR_024842.1	92.444	847	42	18	1	833	846	8	0.0	1194
bb8cbdbf-56dc-4e96-9018-d9bb8368369b	NR_115241.1	92.610	839	40	18	1	825	831	1	0.0	1186
bb8cbdbf-56dc-4e96-9018-d9bb8368369b	NR_115735.1	94.661	768	25	13	1	759	822	62	0.0	1177
bb8cbdbf-56dc-4e96-9018-d9bb8368369b	NR_116211.1	95.106	756	21	13	1	747	754	6	0.0	1177
4a80918b-d8c6-403a-b845-bdcfa4aecdeb	NR_179325.1	96.083	868	15	15	1	854	1330	468	0.0	1397
4a80918b-d8c6-403a-b845-bdcfa4aecdeb	NR_115355.1	95.853	868	17	15	1	854	1356	494	0.0	1386
4a80918b-d8c6-403a-b845-bdcfa4aecdeb	NR_163639.1	95.853	868	16	17	1	854	1371	510	0.0	1386
4a80918b-d8c6-403a-b845-bdcfa4aecdeb	NR_041879.1	95.742	869	17	16	1	854	1314	451	0.0	1382
4a80918b-d8c6-403a-b845-bdcfa4aecdeb	NR_119169.1	95.622	868	19	15	1	854	1361	499	0.0	1378
7b01f927-11c1-4270-8743-84edb622b922	NR_115735.1	90.480	1292	58	47	1	1247	193	1464	0.0	1644
7b01f927-11c1-4270-8743-84edb622b922	NR_165737.1	90.528	1288	54	51	4	1244	205	1471	0.0	1640
7b01f927-11c1-4270-8743-84edb622b922	NR_024842.1	90.333	1293	60	47	1	1248	217	1489	0.0	1639
7b01f927-11c1-4270-8743-84edb622b922	NR_036936.1	90.373	1288	56	51	4	1244	205	1471	0.0	1629
7b01f927-11c1-4270-8743-84edb622b922	NR_115241.1	90.225	1289	61	47	1	1244	202	1470	0.0	1628
02e7e5cf-b4fc-4bdb-87e4-79beddb7128d	NR_044873.1	97.823	827	9	8	62	881	641	1465	0.0	1419
02e7e5cf-b4fc-4bdb-87e4-79beddb7128d	NR_074568.1	96.622	829	21	6	62	885	651	1477	0.0	1369
02e7e5cf-b4fc-4bdb-87e4-79beddb7128d	NR_043968.1	96.145	830	23	8	62	885	609	1435	0.0	1347
02e7e5cf-b4fc-4bdb-87e4-79beddb7128d	NR_044712.2	96.333	818	23	6	62	874	660	1475	0.0	1343
02e7e5cf-b4fc-4bdb-87e4-79beddb7128d	NR_025310.1	95.673	832	25	10	62	885	631	1459	0.0	1327
6bb16b30-e364-4c7b-83f8-afae80786706	NR_117694.1	98.354	486	5	3	1	485	1389	906	0.0	850
6bb16b30-e364-4c7b-83f8-afae80786706	NR_041989.1	98.148	486	6	3	1	485	1347	864	0.0	845
6bb16b30-e364-4c7b-83f8-afae80786706	NR_104947.1	97.942	486	7	3	1	485	1362	879	0.0	839
6bb16b30-e364-4c7b-83f8-afae80786706	NR_117717.1	97.942	486	7	3	1	485	1409	926	0.0	839
6bb16b30-e364-4c7b-83f8-afae80786706	NR_121687.1	97.942	486	7	3	1	485	1409	926	0.0	839
799c4222-f7aa-4260-be08-1c0dc805930d	NR_025903.1	96.769	1145	21	11	1	1136	363	1500	0.0	1895
799c4222-f7aa-4260-be08-1c0dc805930d	NR_133753.1	96.864	1116	20	10	1	1107	317	1426	0.0	1853
799c4222-f7aa-4260-be08-1c0dc805930d	NR_025904.1	96.073	1146	27	14	1	1136	362	1499	0.0	1851
799c4222-f7aa-4260-be08-1c0dc805930d	NR_133752.1	96.685	1116	22	11	1	1107	288	1397	0.0	1842
799c4222-f7aa-4260-be08-1c0dc805930d	NR_026419.1	95.895	1145	32	11	1	1136	351	1489	0.0	1840
641935d3-d93e-4dfa-b7b6-ae10d6185636	NR_115355.1	89.397	1094	56	44	1	1053	1075	1	0.0	1327
641935d3-d93e-4dfa-b7b6-ae10d6185636	NR_119169.1	89.305	1094	57	44	1	1053	1080	6	0.0	1321
641935d3-d93e-4dfa-b7b6-ae10d6185636	NR_163639.1	88.919	1110	58	47	1	1068	1090	4	0.0	1308
641935d3-d93e-4dfa-b7b6-ae10d6185636	NR_074980.1	88.638	1109	65	44	1	1067	1102	13	0.0	1293
641935d3-d93e-4dfa-b7b6-ae10d6185636	NR_113031.1	88.638	1109	65	44	1	1067	1102	13	0.0	1293
4b23cf97-a3dd-41ea-b1a3-e98f48802978	NR_024842.1	96.725	1374	30	9	7	1376	131	1493	0.0	2278
4b23cf97-a3dd-41ea-b1a3-e98f48802978	NR_115735.1	96.859	1369	28	9	7	1371	107	1464	0.0	2276
4b23cf97-a3dd-41ea-b1a3-e98f48802978	NR_036936.1	96.711	1368	27	12	7	1368	116	1471	0.0	2261
4b23cf97-a3dd-41ea-b1a3-e98f48802978	NR_165737.1	96.711	1368	27	11	7	1368	116	1471	0.0	2261
4b23cf97-a3dd-41ea-b1a3-e98f48802978	NR_115241.1	96.633	1366	31	9	7	1368	116	1470	0.0	2259
42eb2d9f-a40b-47ea-8715-4fbea7a170ae	NR_043589.1	94.435	575	17	13	2	567	606	38	0.0	870
42eb2d9f-a40b-47ea-8715-4fbea7a170ae	NR_042847.1	93.774	514	17	13	1	505	582	75	0.0	758
42eb2d9f-a40b-47ea-8715-4fbea7a170ae	NR_118652.1	93.385	514	19	13	1	505	608	101	0.0	750
42eb2d9f-a40b-47ea-8715-4fbea7a170ae	NR_115512.1	92.802	514	21	14	1	505	601	95	0.0	737
42eb2d9f-a40b-47ea-8715-4fbea7a170ae	NR_117641.1	90.227	573	36	18	2	561	608	43	0.0	730
19b4369e-cd68-4dac-a532-156552258e72	NR_044873.1	95.522	1340	30	21	2	1323	140	1467	0.0	2115
19b4369e-cd68-4dac-a532-156552258e72	NR_074568.1	93.806	1340	52	21	2	1324	151	1476	0.0	1986
19b4369e-cd68-4dac-a532-156552258e72	NR_025310.1	93.428	1339	55	25	5	1324	134	1458	0.0	1954
19b4369e-cd68-4dac-a532-156552258e72	NR_109752.1	93.284	1340	58	24	4	1324	163	1489	0.0	1947
19b4369e-cd68-4dac-a532-156552258e72	NR_044712.2	93.233	1330	59	21	2	1314	160	1475	0.0	1941
c46ea1fe-5a3e-4c25-8757-cfa39b88dd85	NR_028664.1	92.285	674	23	20	12	663	183	849	0.0	929
c46ea1fe-5a3e-4c25-8757-cfa39b88dd85	NR_115240.1	92.285	674	23	20	12	663	160	826	0.0	929
c46ea1fe-5a3e-4c25-8757-cfa39b88dd85	NR_115732.1	92.285	674	23	20	12	663	162	828	0.0	929
c46ea1fe-5a3e-4c25-8757-cfa39b88dd85	NR_116207.1	92.285	674	23	20	12	663	25	691	0.0	929
c46ea1fe-5a3e-4c25-8757-cfa39b88dd85	NR_180629.1	92.285	674	23	20	12	663	142	808	0.0	929
