b2de6d56-6485-4f2b-beb6-7a546ce61cac	NR_042878.1	89.293	467	19	20	14	462	802	349	3.65e-158	556
b2de6d56-6485-4f2b-beb6-7a546ce61cac	NR_116168.1	89.293	467	19	20	14	462	823	370	3.65e-158	556
b2de6d56-6485-4f2b-beb6-7a546ce61cac	NR_118143.1	88.412	466	25	18	14	462	804	351	4.76e-152	536
b2de6d56-6485-4f2b-beb6-7a546ce61cac	NR_118762.1	88.248	468	22	21	14	462	826	373	4.76e-152	536
b2de6d56-6485-4f2b-beb6-7a546ce61cac	NR_025423.1	87.366	467	28	20	14	462	807	354	3.73e-143	507
e0393ff8-6b2d-4ca1-8ebc-1a03433663fc	NR_028664.1	96.122	1315	27	16	1	1300	189	1494	0.0	2124
e0393ff8-6b2d-4ca1-8ebc-1a03433663fc	NR_115240.1	96.116	1313	27	16	1	1298	166	1469	0.0	2121
e0393ff8-6b2d-4ca1-8ebc-1a03433663fc	NR_117719.1	96.046	1315	28	16	1	1300	186	1491	0.0	2119
e0393ff8-6b2d-4ca1-8ebc-1a03433663fc	NR_042927.1	95.963	1313	29	16	1	1298	168	1471	0.0	2109
e0393ff8-6b2d-4ca1-8ebc-1a03433663fc	NR_115734.1	95.963	1313	29	16	1	1298	169	1472	0.0	2109
f4e749b3-14e2-46bd-9966-95fc4b777349	NR_125571.1	85.297	1027	97	44	3	1004	392	1389	0.0	1011
f4e749b3-14e2-46bd-9966-95fc4b777349	NR_125570.1	84.713	1027	103	44	3	1004	350	1347	0.0	977
f4e749b3-14e2-46bd-9966-95fc4b777349	NR_029097.1	84.798	1013	99	45	3	990	368	1350	0.0	966
f4e749b3-14e2-46bd-9966-95fc4b777349	NR_115735.1	82.647	1020	122	45	63	1056	474	1464	0.0	852
f4e749b3-14e2-46bd-9966-95fc4b777349	NR_024842.1	82.566	1021	123	45	63	1057	498	1489	0.0	850
