e1e32981-a339-40e6-91e9-a91a6800bca1	NR_181730.1	96.280	672	14	6	1	667	805	1470	0.0	1092
e1e32981-a339-40e6-91e9-a91a6800bca1	NR_041799.1	96.142	674	15	6	1	669	799	1466	0.0	1090
e1e32981-a339-40e6-91e9-a91a6800bca1	NR_117823.1	96.142	674	15	6	1	669	771	1438	0.0	1090
e1e32981-a339-40e6-91e9-a91a6800bca1	NR_180078.1	96.142	674	15	6	1	669	819	1486	0.0	1090
e1e32981-a339-40e6-91e9-a91a6800bca1	NR_181265.1	96.142	674	15	6	1	669	826	1493	0.0	1090
03161b40-609a-422a-b952-9af8ae9e96cd	NR_043314.1	94.410	483	14	10	1	476	1005	1481	0.0	730
03161b40-609a-422a-b952-9af8ae9e96cd	NR_114749.1	94.410	483	14	10	1	476	1007	1483	0.0	730
03161b40-609a-422a-b952-9af8ae9e96cd	NR_116899.1	94.410	483	14	10	1	476	974	1450	0.0	730
03161b40-609a-422a-b952-9af8ae9e96cd	NR_178854.1	94.410	483	14	10	1	476	986	1462	0.0	730
03161b40-609a-422a-b952-9af8ae9e96cd	NR_179889.1	94.410	483	14	10	1	476	1014	1490	0.0	730
cca98463-dba3-4b12-86af-affd4e6bf28a	NR_024924.1	96.211	475	10	6	1	469	967	495	0.0	771
cca98463-dba3-4b12-86af-affd4e6bf28a	NR_102854.1	96.211	475	10	6	1	469	976	504	0.0	771
cca98463-dba3-4b12-86af-affd4e6bf28a	NR_115336.1	96.211	475	10	6	1	469	962	490	0.0	771
cca98463-dba3-4b12-86af-affd4e6bf28a	NR_134794.1	96.211	475	10	6	1	469	919	447	0.0	771
cca98463-dba3-4b12-86af-affd4e6bf28a	NR_135703.1	96.211	475	10	6	1	469	988	516	0.0	771
49718c24-f830-49ab-8ec5-eec4df4d434b	NR_043314.1	96.758	401	7	5	1	398	1474	1077	0.0	664
49718c24-f830-49ab-8ec5-eec4df4d434b	NR_114749.1	96.758	401	7	5	1	398	1476	1079	0.0	664
49718c24-f830-49ab-8ec5-eec4df4d434b	NR_116899.1	96.758	401	7	5	1	398	1443	1046	0.0	664
49718c24-f830-49ab-8ec5-eec4df4d434b	NR_178854.1	96.758	401	7	5	1	398	1455	1058	0.0	664
49718c24-f830-49ab-8ec5-eec4df4d434b	NR_179889.1	96.758	401	7	5	1	398	1483	1086	0.0	664
b9a95ce9-6e35-4a50-af0f-1b2fa03ce71d	NR_025902.1	96.970	132	1	3	1	129	1318	1449	4.69e-57	219
b9a95ce9-6e35-4a50-af0f-1b2fa03ce71d	NR_028844.1	96.970	132	1	3	1	129	1349	1480	4.69e-57	219
b9a95ce9-6e35-4a50-af0f-1b2fa03ce71d	NR_040933.1	96.970	132	1	3	1	129	1362	1493	4.69e-57	219
b9a95ce9-6e35-4a50-af0f-1b2fa03ce71d	NR_117717.1	96.970	132	1	3	1	129	1360	1491	4.69e-57	219
b9a95ce9-6e35-4a50-af0f-1b2fa03ce71d	NR_121688.1	96.970	132	1	3	1	129	1360	1491	4.69e-57	219
80ca5d4a-c8bb-4a9c-a8f3-02fd2282e3e4	NR_074980.1	94.707	699	26	11	2	693	818	1512	0.0	1075
80ca5d4a-c8bb-4a9c-a8f3-02fd2282e3e4	NR_113031.1	94.707	699	26	11	2	693	818	1512	0.0	1075
80ca5d4a-c8bb-4a9c-a8f3-02fd2282e3e4	NR_043332.1	94.564	699	27	11	2	693	791	1485	0.0	1074
80ca5d4a-c8bb-4a9c-a8f3-02fd2282e3e4	NR_113570.1	94.564	699	28	10	2	693	798	1493	0.0	1072
80ca5d4a-c8bb-4a9c-a8f3-02fd2282e3e4	NR_179325.1	94.278	699	29	11	2	693	765	1459	0.0	1059
4d6c9b9d-2518-4a72-a635-c86442eb437f	NR_026079.2	95.989	349	9	5	22	366	1151	1498	6.06e-160	562
4d6c9b9d-2518-4a72-a635-c86442eb437f	NR_040933.1	95.702	349	10	5	22	366	1146	1493	2.82e-158	556
4d6c9b9d-2518-4a72-a635-c86442eb437f	NR_117717.1	95.702	349	10	5	22	366	1144	1491	2.82e-158	556
4d6c9b9d-2518-4a72-a635-c86442eb437f	NR_121688.1	95.702	349	10	5	22	366	1144	1491	2.82e-158	556
4d6c9b9d-2518-4a72-a635-c86442eb437f	NR_117694.1	95.702	349	10	5	22	366	1124	1471	2.82e-158	556
7ccc220f-dde0-4122-9faa-961e129bb234	NR_041799.1	93.515	771	26	19	4	757	703	1466	0.0	1125
7ccc220f-dde0-4122-9faa-961e129bb234	NR_116899.1	93.515	771	26	19	4	757	690	1453	0.0	1125
7ccc220f-dde0-4122-9faa-961e129bb234	NR_117823.1	93.515	771	26	19	4	757	675	1438	0.0	1125
7ccc220f-dde0-4122-9faa-961e129bb234	NR_179889.1	93.515	771	26	19	4	757	730	1493	0.0	1125
7ccc220f-dde0-4122-9faa-961e129bb234	NR_026395.1	93.368	769	31	17	4	757	723	1486	0.0	1120
e669847c-ea6e-48c7-b8e9-43578b87c323	NR_156986.1	97.323	1046	18	9	1	1043	1040	2	0.0	1768
e669847c-ea6e-48c7-b8e9-43578b87c323	NR_199513.1	97.321	1045	20	7	1	1043	1059	21	0.0	1768
e669847c-ea6e-48c7-b8e9-43578b87c323	NR_156987.1	97.228	1046	19	9	1	1043	1040	2	0.0	1762
e669847c-ea6e-48c7-b8e9-43578b87c323	NR_199514.1	97.228	1046	19	9	1	1043	1052	14	0.0	1762
e669847c-ea6e-48c7-b8e9-43578b87c323	NR_024901.1	97.132	1046	20	9	1	1043	1045	7	0.0	1757
4f329a22-7932-4c1a-89f2-8076d7720fcf	NR_024928.1	95.978	1442	36	21	5	1430	1441	6	0.0	2324
4f329a22-7932-4c1a-89f2-8076d7720fcf	NR_178976.1	96.162	1433	33	21	5	1421	1427	1	0.0	2324
4f329a22-7932-4c1a-89f2-8076d7720fcf	NR_113600.1	96.095	1434	34	21	5	1422	1428	1	0.0	2320
4f329a22-7932-4c1a-89f2-8076d7720fcf	NR_156986.1	96.095	1434	34	21	13	1430	1428	1	0.0	2318
4f329a22-7932-4c1a-89f2-8076d7720fcf	NR_024901.1	95.908	1442	37	21	5	1430	1441	6	0.0	2316
87f56995-6979-48fa-9c0f-b46100e1dfe8	NR_199513.1	90.927	518	24	20	1	500	99	611	0.0	675
87f56995-6979-48fa-9c0f-b46100e1dfe8	NR_024912.1	90.734	518	25	20	1	500	85	597	0.0	669
87f56995-6979-48fa-9c0f-b46100e1dfe8	NR_024928.1	90.734	518	25	20	1	500	85	597	0.0	669
87f56995-6979-48fa-9c0f-b46100e1dfe8	NR_042147.1	90.734	518	25	20	1	500	72	584	0.0	669
87f56995-6979-48fa-9c0f-b46100e1dfe8	NR_156986.1	90.734	518	25	20	1	500	80	592	0.0	669
b1649f27-d14e-4239-854d-291f2e4d4adb	NR_043314.1	96.875	480	9	6	1	477	1005	1481	0.0	798
b1649f27-d14e-4239-854d-291f2e4d4adb	NR_114749.1	96.875	480	9	6	1	477	1007	1483	0.0	798
b1649f27-d14e-4239-854d-291f2e4d4adb	NR_116899.1	96.875	480	9	6	1	477	974	1450	0.0	798
b1649f27-d14e-4239-854d-291f2e4d4adb	NR_178854.1	96.875	480	9	6	1	477	986	1462	0.0	798
b1649f27-d14e-4239-854d-291f2e4d4adb	NR_179889.1	96.875	480	9	6	1	477	1014	1490	0.0	798
b3fb69b2-e484-4a80-8c3c-1bfbd3a25abc	NR_117694.1	96.158	833	25	5	3	830	637	1467	0.0	1354
b3fb69b2-e484-4a80-8c3c-1bfbd3a25abc	NR_025892.1	95.894	828	25	7	3	824	662	1486	0.0	1338
b3fb69b2-e484-4a80-8c3c-1bfbd3a25abc	NR_121687.1	95.803	834	26	7	3	830	657	1487	0.0	1338
b3fb69b2-e484-4a80-8c3c-1bfbd3a25abc	NR_117692.1	95.803	834	26	7	3	830	637	1467	0.0	1338
b3fb69b2-e484-4a80-8c3c-1bfbd3a25abc	NR_025902.1	95.564	834	28	7	3	830	615	1445	0.0	1327
d72c58ce-6ce0-454f-8674-a41584474070	NR_024912.1	97.067	341	3	6	1	337	102	439	1.21e-161	568
d72c58ce-6ce0-454f-8674-a41584474070	NR_042147.1	97.067	341	3	6	1	337	89	426	1.21e-161	568
d72c58ce-6ce0-454f-8674-a41584474070	NR_156986.1	97.067	341	3	6	1	337	97	434	1.21e-161	568
d72c58ce-6ce0-454f-8674-a41584474070	NR_044415.1	97.067	341	3	6	1	337	62	399	1.21e-161	568
d72c58ce-6ce0-454f-8674-a41584474070	NR_178976.1	97.067	341	3	6	1	337	88	425	1.21e-161	568
f11cb1f4-10c9-4137-bae2-d3e3c5b1d2b5	NR_037101.1	86.310	168	7	13	2	161	426	267	6.37e-42	169
f11cb1f4-10c9-4137-bae2-d3e3c5b1d2b5	NR_024659.1	86.310	168	7	13	2	161	407	248	6.37e-42	169
f11cb1f4-10c9-4137-bae2-d3e3c5b1d2b5	NR_024841.1	86.310	168	7	13	2	161	440	281	6.37e-42	169
f11cb1f4-10c9-4137-bae2-d3e3c5b1d2b5	NR_042052.1	86.310	168	7	13	2	161	349	190	6.37e-42	169
f11cb1f4-10c9-4137-bae2-d3e3c5b1d2b5	NR_025630.1	86.310	168	7	13	1	161	424	266	6.37e-42	169
2a75dec3-47a7-4a46-89c1-0ed1a341d96f	NR_036936.1	97.101	1173	16	14	1	1163	1165	1	0.0	1964
2a75dec3-47a7-4a46-89c1-0ed1a341d96f	NR_109720.1	97.001	1167	17	14	1	1157	1159	1	0.0	1945
2a75dec3-47a7-4a46-89c1-0ed1a341d96f	NR_042928.1	96.416	1172	24	14	1	1163	1163	1	0.0	1916
2a75dec3-47a7-4a46-89c1-0ed1a341d96f	NR_028664.1	96.183	1179	27	14	1	1170	1186	17	0.0	1912
2a75dec3-47a7-4a46-89c1-0ed1a341d96f	NR_199545.1	96.098	1179	28	14	1	1170	1183	14	0.0	1906
ee986ccf-8ad8-4b50-9f5b-86cdec3138c0	NR_024912.1	91.682	541	23	18	1	525	548	14	0.0	730
ee986ccf-8ad8-4b50-9f5b-86cdec3138c0	NR_042147.1	91.682	541	23	18	1	525	535	1	0.0	730
ee986ccf-8ad8-4b50-9f5b-86cdec3138c0	NR_156986.1	91.682	541	23	18	1	525	543	9	0.0	730
ee986ccf-8ad8-4b50-9f5b-86cdec3138c0	NR_178976.1	91.667	540	23	18	1	524	534	1	0.0	728
ee986ccf-8ad8-4b50-9f5b-86cdec3138c0	NR_113600.1	91.497	541	24	18	1	525	535	1	0.0	726
43654350-02da-4c2c-b773-a7476b967015	NR_024901.1	93.323	674	17	21	1	660	665	6	0.0	970
43654350-02da-4c2c-b773-a7476b967015	NR_024928.1	93.323	674	17	21	1	660	665	6	0.0	970
43654350-02da-4c2c-b773-a7476b967015	NR_156986.1	93.323	674	17	20	1	660	660	1	0.0	970
43654350-02da-4c2c-b773-a7476b967015	NR_156987.1	93.323	674	17	21	1	660	660	1	0.0	970
43654350-02da-4c2c-b773-a7476b967015	NR_024912.1	93.175	674	18	20	1	660	665	6	0.0	965
82d8dc16-dc1b-4aea-bf3d-63472c59eca4	NR_044091.1	94.056	673	23	14	2	663	526	1192	0.0	1005
82d8dc16-dc1b-4aea-bf3d-63472c59eca4	NR_113570.1	93.462	673	26	15	2	663	619	1284	0.0	983
82d8dc16-dc1b-4aea-bf3d-63472c59eca4	NR_043332.1	93.165	673	28	15	2	663	612	1277	0.0	976
82d8dc16-dc1b-4aea-bf3d-63472c59eca4	NR_117759.1	93.165	673	28	15	2	663	615	1280	0.0	974
82d8dc16-dc1b-4aea-bf3d-63472c59eca4	NR_074980.1	93.165	673	28	15	2	663	639	1304	0.0	972
44827c28-a898-4835-b0f6-b55d0775eea6	NR_199513.1	93.588	1388	55	27	1	1367	100	1474	0.0	2039
44827c28-a898-4835-b0f6-b55d0775eea6	NR_041953.1	93.516	1388	56	26	1	1367	73	1447	0.0	2034
44827c28-a898-4835-b0f6-b55d0775eea6	NR_179889.1	93.516	1388	56	26	1	1367	100	1474	0.0	2034
44827c28-a898-4835-b0f6-b55d0775eea6	NR_181891.1	93.516	1388	56	26	1	1367	96	1470	0.0	2034
44827c28-a898-4835-b0f6-b55d0775eea6	NR_042541.1	93.444	1388	57	26	1	1367	73	1447	0.0	2030
384f2d29-d5d0-48c0-af3c-6656295c1aee	NR_043332.1	92.361	288	11	9	1	278	1196	1482	3.81e-111	399
384f2d29-d5d0-48c0-af3c-6656295c1aee	NR_074980.1	92.361	288	11	9	1	278	1223	1509	3.81e-111	399
384f2d29-d5d0-48c0-af3c-6656295c1aee	NR_113031.1	92.361	288	11	9	1	278	1223	1509	3.81e-111	399
384f2d29-d5d0-48c0-af3c-6656295c1aee	NR_113570.1	92.042	289	11	10	1	278	1203	1490	4.92e-110	396
384f2d29-d5d0-48c0-af3c-6656295c1aee	NR_115354.1	91.638	287	15	7	1	278	1196	1482	8.24e-108	388
7fea3a83-1741-476c-834d-e35638e18a5d	NR_199513.1	90.716	377	13	17	1	366	643	278	4.87e-136	483
7fea3a83-1741-476c-834d-e35638e18a5d	NR_041953.1	90.667	375	13	17	3	366	614	251	6.29e-135	479
7fea3a83-1741-476c-834d-e35638e18a5d	NR_152710.1	90.451	377	14	17	1	366	597	232	2.26e-134	477
7fea3a83-1741-476c-834d-e35638e18a5d	NR_178447.1	90.451	377	14	17	1	366	550	185	2.26e-134	477
7fea3a83-1741-476c-834d-e35638e18a5d	NR_181891.1	90.451	377	14	17	1	366	639	274	2.26e-134	477
523ebd8c-5560-44a8-bb81-383fe8ea29eb	NR_114225.1	94.059	404	12	6	1	392	987	1390	1.07e-172	604
523ebd8c-5560-44a8-bb81-383fe8ea29eb	NR_024911.1	94.059	404	12	6	1	392	1000	1403	3.85e-172	603
523ebd8c-5560-44a8-bb81-383fe8ea29eb	NR_024918.1	94.059	404	12	6	1	392	1000	1403	3.85e-172	603
523ebd8c-5560-44a8-bb81-383fe8ea29eb	NR_025227.1	94.059	404	12	6	1	392	983	1386	3.85e-172	603
523ebd8c-5560-44a8-bb81-383fe8ea29eb	NR_028986.1	94.059	404	12	6	1	392	987	1390	3.85e-172	603
6363eb9c-b924-43cf-9ea2-bdad0d264942	NR_199513.1	93.947	413	11	12	1	403	686	278	6.68e-175	612
6363eb9c-b924-43cf-9ea2-bdad0d264942	NR_041953.1	93.705	413	12	12	1	403	659	251	3.11e-173	606
6363eb9c-b924-43cf-9ea2-bdad0d264942	NR_152710.1	93.705	413	12	12	1	403	640	232	3.11e-173	606
6363eb9c-b924-43cf-9ea2-bdad0d264942	NR_178447.1	93.705	413	12	12	1	403	593	185	3.11e-173	606
6363eb9c-b924-43cf-9ea2-bdad0d264942	NR_181891.1	93.705	413	12	12	1	403	682	274	3.11e-173	606
2536d6c3-79d0-47ba-bca9-b965ebb07076	NR_179889.1	92.835	977	41	23	1	963	529	1490	0.0	1389
2536d6c3-79d0-47ba-bca9-b965ebb07076	NR_024918.1	92.733	977	42	23	1	963	515	1476	0.0	1384
2536d6c3-79d0-47ba-bca9-b965ebb07076	NR_043935.1	92.733	977	42	23	1	963	523	1484	0.0	1384
2536d6c3-79d0-47ba-bca9-b965ebb07076	NR_116899.1	92.733	977	42	23	1	963	489	1450	0.0	1384
2536d6c3-79d0-47ba-bca9-b965ebb07076	NR_178854.1	92.733	977	41	24	1	963	502	1462	0.0	1384
e862a3e9-ceae-4f91-84a8-e198bc9bd4fd	NR_024918.1	95.657	875	28	9	1	870	610	1479	0.0	1397
e862a3e9-ceae-4f91-84a8-e198bc9bd4fd	NR_116899.1	95.657	875	28	9	1	870	584	1453	0.0	1397
e862a3e9-ceae-4f91-84a8-e198bc9bd4fd	NR_041799.1	95.548	876	27	11	1	870	597	1466	0.0	1391
e862a3e9-ceae-4f91-84a8-e198bc9bd4fd	NR_042541.1	95.543	875	29	9	1	870	597	1466	0.0	1391
e862a3e9-ceae-4f91-84a8-e198bc9bd4fd	NR_029042.2	95.543	875	29	9	1	870	617	1486	0.0	1391
adb8ef3a-fe97-4667-b5ab-a7915dc36bef	NR_117719.1	97.091	825	17	7	4	826	832	13	0.0	1384
adb8ef3a-fe97-4667-b5ab-a7915dc36bef	NR_175455.1	96.962	823	18	7	4	824	820	3	0.0	1375
adb8ef3a-fe97-4667-b5ab-a7915dc36bef	NR_042928.1	96.818	817	19	7	4	818	812	1	0.0	1358
adb8ef3a-fe97-4667-b5ab-a7915dc36bef	NR_199545.1	96.485	825	22	7	4	826	832	13	0.0	1356
adb8ef3a-fe97-4667-b5ab-a7915dc36bef	NR_165747.1	96.695	817	20	7	4	818	812	1	0.0	1352
358e6888-e338-4b56-b962-557dd79c8743	NR_163639.1	96.528	288	6	4	1	286	290	5	2.26e-133	473
358e6888-e338-4b56-b962-557dd79c8743	NR_074980.1	96.194	289	7	4	1	287	298	12	2.93e-132	470
358e6888-e338-4b56-b962-557dd79c8743	NR_113031.1	96.194	289	7	4	1	287	298	12	2.93e-132	470
358e6888-e338-4b56-b962-557dd79c8743	NR_119168.1	96.403	278	6	4	1	276	276	1	8.20e-128	455
358e6888-e338-4b56-b962-557dd79c8743	NR_119169.1	96.043	278	7	4	1	276	276	1	1.06e-126	451
9282e2d7-a1f0-4950-946e-7135689cbfc6	NR_179889.1	95.882	1190	32	13	3	1186	312	1490	0.0	1910
9282e2d7-a1f0-4950-946e-7135689cbfc6	NR_041953.1	95.798	1190	33	13	3	1186	285	1463	0.0	1905
9282e2d7-a1f0-4950-946e-7135689cbfc6	NR_042541.1	95.798	1190	33	13	3	1186	285	1463	0.0	1905
9282e2d7-a1f0-4950-946e-7135689cbfc6	NR_178447.1	95.714	1190	34	13	3	1186	219	1397	0.0	1899
9282e2d7-a1f0-4950-946e-7135689cbfc6	NR_181891.1	95.714	1190	34	13	3	1186	308	1486	0.0	1899
1e0a2611-f6f1-4fe5-8a3e-fbdc633c5492	NR_024928.1	94.506	1438	46	30	1	1415	52	1479	0.0	2187
1e0a2611-f6f1-4fe5-8a3e-fbdc633c5492	NR_113600.1	94.561	1434	45	30	1	1411	39	1462	0.0	2187
1e0a2611-f6f1-4fe5-8a3e-fbdc633c5492	NR_024901.1	94.437	1438	47	30	1	1415	52	1479	0.0	2182
1e0a2611-f6f1-4fe5-8a3e-fbdc633c5492	NR_024927.1	94.433	1437	49	28	1	1415	52	1479	0.0	2182
1e0a2611-f6f1-4fe5-8a3e-fbdc633c5492	NR_042147.1	94.437	1438	47	30	1	1415	39	1466	0.0	2182
86818cd1-115e-4086-b86f-30b8e3e71ed4	NR_156986.1	93.444	1205	32	34	1	1176	1187	1	0.0	1744
86818cd1-115e-4086-b86f-30b8e3e71ed4	NR_024901.1	93.361	1205	33	34	1	1176	1192	6	0.0	1738
86818cd1-115e-4086-b86f-30b8e3e71ed4	NR_024928.1	93.361	1205	33	34	1	1176	1192	6	0.0	1738
86818cd1-115e-4086-b86f-30b8e3e71ed4	NR_156987.1	93.361	1205	33	34	1	1176	1187	1	0.0	1738
86818cd1-115e-4086-b86f-30b8e3e71ed4	NR_199514.1	93.361	1205	33	34	1	1176	1199	13	0.0	1738
ed5725f2-05a6-4ecd-ab8e-d4e24694a425	NR_119168.1	83.046	755	88	31	4	730	744	2	0.0	649
ed5725f2-05a6-4ecd-ab8e-d4e24694a425	NR_074980.1	82.831	763	91	31	4	738	766	16	0.0	647
ed5725f2-05a6-4ecd-ab8e-d4e24694a425	NR_113031.1	82.831	763	91	31	4	738	766	16	0.0	647
ed5725f2-05a6-4ecd-ab8e-d4e24694a425	NR_119169.1	82.914	755	89	30	4	730	744	2	0.0	647
ed5725f2-05a6-4ecd-ab8e-d4e24694a425	NR_117759.1	82.891	754	89	31	4	729	742	1	0.0	643
d75d3dc2-7f7a-4040-98b9-d3d9ed07b7d7	NR_043314.1	96.694	484	8	8	1	483	1005	1481	0.0	798
d75d3dc2-7f7a-4040-98b9-d3d9ed07b7d7	NR_114749.1	96.694	484	8	8	1	483	1007	1483	0.0	798
d75d3dc2-7f7a-4040-98b9-d3d9ed07b7d7	NR_116899.1	96.694	484	8	8	1	483	974	1450	0.0	798
d75d3dc2-7f7a-4040-98b9-d3d9ed07b7d7	NR_178854.1	96.694	484	8	8	1	483	986	1462	0.0	798
d75d3dc2-7f7a-4040-98b9-d3d9ed07b7d7	NR_179889.1	96.694	484	8	8	1	483	1014	1490	0.0	798
d98b4d96-67fa-44d4-bede-0aa640300034	NR_152710.1	93.376	1102	51	19	1	1088	319	1412	0.0	1611
d98b4d96-67fa-44d4-bede-0aa640300034	NR_181924.1	92.463	1141	60	24	1	1125	365	1495	0.0	1607
d98b4d96-67fa-44d4-bede-0aa640300034	NR_103934.2	92.274	1139	66	20	1	1125	365	1495	0.0	1596
d98b4d96-67fa-44d4-bede-0aa640300034	NR_178637.1	92.274	1139	66	20	1	1125	315	1445	0.0	1596
d98b4d96-67fa-44d4-bede-0aa640300034	NR_113652.1	92.321	1133	65	20	1	1119	338	1462	0.0	1592
b5760cb5-b445-4d57-8e38-deff710358b1	NR_024901.1	96.104	154	4	2	1	152	161	8	2.07e-66	250
b5760cb5-b445-4d57-8e38-deff710358b1	NR_024912.1	96.104	154	4	2	1	152	161	8	2.07e-66	250
b5760cb5-b445-4d57-8e38-deff710358b1	NR_024928.1	96.104	154	4	2	1	152	161	8	2.07e-66	250
b5760cb5-b445-4d57-8e38-deff710358b1	NR_025586.1	96.104	154	4	2	1	152	156	3	2.07e-66	250
b5760cb5-b445-4d57-8e38-deff710358b1	NR_025587.1	96.104	154	4	2	1	152	156	3	2.07e-66	250
da12e2de-8e6a-4525-abb9-29feb3e83e89	NR_199513.1	96.455	677	14	10	4	673	1008	335	0.0	1109
da12e2de-8e6a-4525-abb9-29feb3e83e89	NR_041953.1	96.307	677	15	10	4	673	981	308	0.0	1103
da12e2de-8e6a-4525-abb9-29feb3e83e89	NR_178447.1	96.307	677	15	10	4	673	915	242	0.0	1103
da12e2de-8e6a-4525-abb9-29feb3e83e89	NR_181891.1	96.307	677	15	10	4	673	1004	331	0.0	1103
da12e2de-8e6a-4525-abb9-29feb3e83e89	NR_042541.1	96.160	677	16	10	4	673	981	308	0.0	1098
f8b5e485-4562-4a67-93b4-53d033a2cfdf	NR_116168.1	94.858	953	25	17	1	940	955	14	0.0	1467
f8b5e485-4562-4a67-93b4-53d033a2cfdf	NR_042878.1	94.497	945	28	17	1	932	934	1	0.0	1447
f8b5e485-4562-4a67-93b4-53d033a2cfdf	NR_118762.1	92.767	954	46	16	1	942	957	15	0.0	1395
f8b5e485-4562-4a67-93b4-53d033a2cfdf	NR_118143.1	92.714	947	43	19	1	932	936	1	0.0	1345
f8b5e485-4562-4a67-93b4-53d033a2cfdf	NR_025423.1	91.895	950	51	19	1	935	939	1	0.0	1304
2e50a5ba-20e2-41b4-bc8d-bb19a86f018f	NR_179889.1	96.290	1132	30	10	1	1124	368	1495	0.0	1847
2e50a5ba-20e2-41b4-bc8d-bb19a86f018f	NR_041953.1	96.201	1132	31	10	1	1124	341	1468	0.0	1842
2e50a5ba-20e2-41b4-bc8d-bb19a86f018f	NR_042541.1	96.201	1132	31	10	1	1124	341	1468	0.0	1842
2e50a5ba-20e2-41b4-bc8d-bb19a86f018f	NR_178854.1	96.201	1132	30	11	1	1124	341	1467	0.0	1840
2e50a5ba-20e2-41b4-bc8d-bb19a86f018f	NR_178447.1	96.113	1132	32	10	1	1124	275	1402	0.0	1836
f4837d04-01e2-4aea-a1c1-adcf8b3f48d2	NR_199545.1	92.412	1107	47	33	8	1084	1112	13	0.0	1544
f4837d04-01e2-4aea-a1c1-adcf8b3f48d2	NR_179385.1	92.322	1107	48	33	8	1084	1116	17	0.0	1539
f4837d04-01e2-4aea-a1c1-adcf8b3f48d2	NR_179383.1	92.231	1107	49	33	8	1084	1119	20	0.0	1533
f4837d04-01e2-4aea-a1c1-adcf8b3f48d2	NR_028664.1	92.141	1107	50	33	8	1084	1115	16	0.0	1528
f4837d04-01e2-4aea-a1c1-adcf8b3f48d2	NR_165744.1	92.058	1108	51	35	8	1085	1101	1	0.0	1524
4a2c195a-a96c-496f-af60-3ed67893fe62	NR_041989.1	93.708	445	11	13	1	431	984	543	0.0	651
4a2c195a-a96c-496f-af60-3ed67893fe62	NR_117694.1	93.483	445	12	13	1	431	1026	585	0.0	645
4a2c195a-a96c-496f-af60-3ed67893fe62	NR_121687.1	93.258	445	13	13	1	431	1046	605	0.0	640
4a2c195a-a96c-496f-af60-3ed67893fe62	NR_028900.1	92.809	445	15	13	1	431	984	543	7.16e-180	628
4a2c195a-a96c-496f-af60-3ed67893fe62	NR_041988.1	92.809	445	15	13	1	431	984	543	7.16e-180	628
22876ebd-4bbc-44c6-81ce-5092288f60f4	NR_178515.1	91.902	531	23	16	1	517	525	1	0.0	725
22876ebd-4bbc-44c6-81ce-5092288f60f4	NR_165737.1	91.714	531	24	16	1	517	525	1	0.0	719
22876ebd-4bbc-44c6-81ce-5092288f60f4	NR_114413.1	90.909	539	29	16	1	525	548	16	0.0	706
22876ebd-4bbc-44c6-81ce-5092288f60f4	NR_042927.1	90.772	531	29	16	1	517	525	1	0.0	691
22876ebd-4bbc-44c6-81ce-5092288f60f4	NR_115734.1	90.395	531	31	16	1	517	526	2	0.0	684
352dd4ce-18a3-45f1-b318-4fc6944cb08e	NR_178262.1	92.754	345	16	9	4	340	1026	1369	2.73e-138	490
352dd4ce-18a3-45f1-b318-4fc6944cb08e	NR_179215.1	92.754	345	16	9	4	340	1148	1491	2.73e-138	490
352dd4ce-18a3-45f1-b318-4fc6944cb08e	NR_199543.1	92.754	345	16	9	4	340	1167	1510	2.73e-138	490
352dd4ce-18a3-45f1-b318-4fc6944cb08e	NR_024842.1	92.442	344	18	8	4	340	1147	1489	1.27e-136	484
352dd4ce-18a3-45f1-b318-4fc6944cb08e	NR_028666.1	92.464	345	17	9	4	340	1156	1499	1.27e-136	484
b39e4281-7365-45cd-8020-6a0b63c9447b	NR_043314.1	96.232	345	8	5	16	356	1138	1481	2.15e-159	560
b39e4281-7365-45cd-8020-6a0b63c9447b	NR_114749.1	96.232	345	8	5	16	356	1140	1483	2.15e-159	560
b39e4281-7365-45cd-8020-6a0b63c9447b	NR_116899.1	96.232	345	8	5	16	356	1107	1450	2.15e-159	560
b39e4281-7365-45cd-8020-6a0b63c9447b	NR_178854.1	96.232	345	8	5	16	356	1119	1462	2.15e-159	560
b39e4281-7365-45cd-8020-6a0b63c9447b	NR_179889.1	96.232	345	8	5	16	356	1147	1490	2.15e-159	560
f5ecc33d-3cac-4925-a645-22fb4286af2f	NR_043314.1	94.008	484	16	12	1	474	1005	1485	0.0	721
f5ecc33d-3cac-4925-a645-22fb4286af2f	NR_114749.1	94.008	484	16	12	1	474	1007	1487	0.0	721
f5ecc33d-3cac-4925-a645-22fb4286af2f	NR_116899.1	94.008	484	16	12	1	474	974	1454	0.0	721
f5ecc33d-3cac-4925-a645-22fb4286af2f	NR_178854.1	94.008	484	16	12	1	474	986	1466	0.0	721
f5ecc33d-3cac-4925-a645-22fb4286af2f	NR_179889.1	94.008	484	16	12	1	474	1014	1494	0.0	721
c65fc7f4-11d5-46be-b2f4-9bab684492f9	NR_114225.1	97.070	273	6	2	1	272	1355	1084	1.71e-129	460
c65fc7f4-11d5-46be-b2f4-9bab684492f9	NR_024911.1	97.070	273	6	2	1	272	1368	1097	6.17e-129	459
c65fc7f4-11d5-46be-b2f4-9bab684492f9	NR_024918.1	97.070	273	6	2	1	272	1368	1097	6.17e-129	459
c65fc7f4-11d5-46be-b2f4-9bab684492f9	NR_025174.1	97.070	273	6	2	1	272	1361	1090	6.17e-129	459
c65fc7f4-11d5-46be-b2f4-9bab684492f9	NR_025227.1	97.070	273	6	2	1	272	1351	1080	6.17e-129	459
599b5ac1-0c5e-4c9d-986d-f25fd7a0e5af	NR_042776.1	97.634	1268	11	10	1	1264	1270	18	0.0	2158
599b5ac1-0c5e-4c9d-986d-f25fd7a0e5af	NR_042778.1	97.476	1268	13	10	1	1264	1270	18	0.0	2146
599b5ac1-0c5e-4c9d-986d-f25fd7a0e5af	NR_042777.1	97.397	1268	13	11	1	1264	1269	18	0.0	2141
599b5ac1-0c5e-4c9d-986d-f25fd7a0e5af	NR_197695.1	97.082	1268	18	10	1	1264	1269	17	0.0	2119
599b5ac1-0c5e-4c9d-986d-f25fd7a0e5af	NR_118998.1	96.688	1268	22	11	1	1264	1264	13	0.0	2093
1b4a2fcf-3307-4f98-8f39-761327078b1a	NR_044873.1	94.591	1442	40	28	1	1420	1427	2	0.0	2196
1b4a2fcf-3307-4f98-8f39-761327078b1a	NR_109752.1	92.238	1443	72	30	1	1420	1448	23	0.0	2008
1b4a2fcf-3307-4f98-8f39-761327078b1a	NR_025310.1	92.265	1435	70	31	1	1412	1417	1	0.0	1997
1b4a2fcf-3307-4f98-8f39-761327078b1a	NR_179993.1	92.120	1434	72	31	11	1421	1427	12	0.0	1984
1b4a2fcf-3307-4f98-8f39-761327078b1a	NR_178360.1	92.118	1421	72	29	1	1398	1404	1	0.0	1967
901b0a07-459a-4f0e-8096-f01621aac66e	NR_024912.1	97.485	517	8	5	1	515	519	6	0.0	878
901b0a07-459a-4f0e-8096-f01621aac66e	NR_156986.1	97.485	517	8	5	1	515	514	1	0.0	878
901b0a07-459a-4f0e-8096-f01621aac66e	NR_024901.1	97.292	517	9	5	1	515	519	6	0.0	872
901b0a07-459a-4f0e-8096-f01621aac66e	NR_024928.1	97.292	517	9	5	1	515	519	6	0.0	872
901b0a07-459a-4f0e-8096-f01621aac66e	NR_156987.1	97.292	517	9	5	1	515	514	1	0.0	872
0b570c8b-f196-4910-a928-5e9c0996164e	NR_028665.1	95.936	566	11	7	10	571	932	1489	0.0	907
0b570c8b-f196-4910-a928-5e9c0996164e	NR_156072.1	95.936	566	11	7	10	571	937	1494	0.0	907
0b570c8b-f196-4910-a928-5e9c0996164e	NR_179385.1	95.936	566	11	7	10	571	939	1496	0.0	907
0b570c8b-f196-4910-a928-5e9c0996164e	NR_199545.1	95.936	566	11	7	10	571	935	1492	0.0	907
0b570c8b-f196-4910-a928-5e9c0996164e	NR_115239.1	95.907	562	11	7	10	567	915	1468	0.0	900
31fbddf2-a943-4890-808a-3545afce3aa9	NR_116899.1	93.926	922	46	9	10	929	540	1453	0.0	1384
31fbddf2-a943-4890-808a-3545afce3aa9	NR_024918.1	93.818	922	47	9	10	929	566	1479	0.0	1378
31fbddf2-a943-4890-808a-3545afce3aa9	NR_041799.1	93.824	923	45	11	10	929	553	1466	0.0	1378
31fbddf2-a943-4890-808a-3545afce3aa9	NR_041953.1	93.824	923	45	11	10	929	553	1466	0.0	1378
31fbddf2-a943-4890-808a-3545afce3aa9	NR_042541.1	93.818	922	47	9	10	929	553	1466	0.0	1378
07c1d9f5-a495-4788-8fc2-57225edfbe19	NR_113600.1	91.075	1367	66	48	16	1341	109	1460	0.0	1799
07c1d9f5-a495-4788-8fc2-57225edfbe19	NR_199513.1	91.069	1366	68	46	16	1341	136	1487	0.0	1797
07c1d9f5-a495-4788-8fc2-57225edfbe19	NR_041953.1	90.996	1366	69	46	16	1341	109	1460	0.0	1792
07c1d9f5-a495-4788-8fc2-57225edfbe19	NR_024928.1	90.929	1367	68	48	16	1341	122	1473	0.0	1788
07c1d9f5-a495-4788-8fc2-57225edfbe19	NR_024901.1	90.929	1367	68	48	16	1341	122	1473	0.0	1786
2b9715f3-ff01-447b-878b-0c13fa40da1f	NR_024912.1	95.644	551	8	10	1	546	547	8	0.0	870
2b9715f3-ff01-447b-878b-0c13fa40da1f	NR_156986.1	95.644	551	8	10	1	546	542	3	0.0	870
2b9715f3-ff01-447b-878b-0c13fa40da1f	NR_199514.1	95.644	551	8	11	1	546	554	15	0.0	870
2b9715f3-ff01-447b-878b-0c13fa40da1f	NR_024901.1	95.463	551	9	10	1	546	547	8	0.0	865
2b9715f3-ff01-447b-878b-0c13fa40da1f	NR_024928.1	95.463	551	9	10	1	546	547	8	0.0	865
23d55177-7c0f-4ef6-85da-f1ed5a400287	NR_165739.1	90.940	1192	59	42	1	1161	1202	29	0.0	1557
23d55177-7c0f-4ef6-85da-f1ed5a400287	NR_116814.1	90.688	1192	62	43	1	1161	1202	29	0.0	1541
23d55177-7c0f-4ef6-85da-f1ed5a400287	NR_118086.1	90.688	1192	62	42	1	1161	1219	46	0.0	1541
23d55177-7c0f-4ef6-85da-f1ed5a400287	NR_104684.1	89.933	1192	71	42	1	1161	1222	49	0.0	1495
23d55177-7c0f-4ef6-85da-f1ed5a400287	NR_156907.1	82.764	1201	139	57	1	1161	1221	49	0.0	1009
113e276c-e06c-4f4e-aad9-0c9d144bdad3	NR_179889.1	96.169	1044	16	17	9	1038	457	1490	0.0	1685
113e276c-e06c-4f4e-aad9-0c9d144bdad3	NR_041953.1	96.073	1044	17	17	9	1038	430	1463	0.0	1679
113e276c-e06c-4f4e-aad9-0c9d144bdad3	NR_042541.1	96.073	1044	17	17	9	1038	430	1463	0.0	1679
113e276c-e06c-4f4e-aad9-0c9d144bdad3	NR_178854.1	96.073	1044	16	18	9	1038	430	1462	0.0	1677
113e276c-e06c-4f4e-aad9-0c9d144bdad3	NR_116899.1	95.977	1044	18	17	9	1038	417	1450	0.0	1674
0c9679c3-08ba-4526-b162-8b54dde19778	NR_117719.1	91.858	479	23	12	11	481	483	13	0.0	654
0c9679c3-08ba-4526-b162-8b54dde19778	NR_175455.1	91.614	477	24	12	11	479	471	3	0.0	645
0c9679c3-08ba-4526-b162-8b54dde19778	NR_036936.1	91.295	471	27	10	11	473	465	1	0.0	632
0c9679c3-08ba-4526-b162-8b54dde19778	NR_042928.1	91.649	467	24	11	11	469	463	4	0.0	632
0c9679c3-08ba-4526-b162-8b54dde19778	NR_118234.1	90.683	483	27	14	11	483	482	8	2.86e-179	627
a827df7f-7e0f-46bf-a616-dbbc1e425dd6	NR_029050.1	93.687	396	13	10	1	389	958	568	4.96e-166	582
a827df7f-7e0f-46bf-a616-dbbc1e425dd6	NR_029042.2	93.671	395	15	8	1	389	1010	620	4.96e-166	582
a827df7f-7e0f-46bf-a616-dbbc1e425dd6	NR_118155.1	93.671	395	15	8	1	389	1013	623	4.96e-166	582
a827df7f-7e0f-46bf-a616-dbbc1e425dd6	NR_179482.1	93.671	395	15	8	1	389	893	503	4.96e-166	582
a827df7f-7e0f-46bf-a616-dbbc1e425dd6	NR_181875.1	93.671	395	15	8	1	389	1001	611	4.96e-166	582
5147a29a-ad74-483c-bf8e-c7baa85b184c	NR_043314.1	95.330	621	16	13	5	619	871	1484	0.0	974
5147a29a-ad74-483c-bf8e-c7baa85b184c	NR_116899.1	95.330	621	16	13	5	619	840	1453	0.0	974
5147a29a-ad74-483c-bf8e-c7baa85b184c	NR_178854.1	95.330	621	16	13	5	619	852	1465	0.0	974
5147a29a-ad74-483c-bf8e-c7baa85b184c	NR_179889.1	95.330	621	16	13	5	619	880	1493	0.0	974
5147a29a-ad74-483c-bf8e-c7baa85b184c	NR_041799.1	95.169	621	17	13	5	619	853	1466	0.0	968
2bbc5bf2-deb4-4374-b5dc-d88914e73e8e	NR_028900.1	94.175	103	2	3	8	106	885	987	1.09e-37	154
2bbc5bf2-deb4-4374-b5dc-d88914e73e8e	NR_043458.1	94.175	103	2	3	8	106	948	1050	1.09e-37	154
2bbc5bf2-deb4-4374-b5dc-d88914e73e8e	NR_043459.1	94.175	103	2	3	8	106	951	1053	1.09e-37	154
2bbc5bf2-deb4-4374-b5dc-d88914e73e8e	NR_041988.1	94.175	103	2	3	8	106	885	987	1.09e-37	154
2bbc5bf2-deb4-4374-b5dc-d88914e73e8e	NR_044614.1	94.175	103	2	3	8	106	953	1055	1.09e-37	154
5d1afc7d-324d-4774-99fc-5e4e2a41d878	NR_043314.1	100.000	221	0	0	1	221	1180	1400	4.99e-114	409
5d1afc7d-324d-4774-99fc-5e4e2a41d878	NR_114225.1	100.000	221	0	0	1	221	1162	1382	4.99e-114	409
5d1afc7d-324d-4774-99fc-5e4e2a41d878	NR_116905.1	100.000	221	0	0	1	221	1183	1403	4.99e-114	409
5d1afc7d-324d-4774-99fc-5e4e2a41d878	NR_114749.1	100.000	221	0	0	1	221	1182	1402	4.99e-114	409
5d1afc7d-324d-4774-99fc-5e4e2a41d878	NR_116899.1	100.000	221	0	0	1	221	1149	1369	4.99e-114	409
ff24cf45-3914-46c4-8705-4729b35f9455	NR_024842.1	95.200	125	1	4	1	120	1158	1034	2.84e-49	193
ff24cf45-3914-46c4-8705-4729b35f9455	NR_028664.1	95.200	125	1	4	1	120	1164	1040	2.84e-49	193
ff24cf45-3914-46c4-8705-4729b35f9455	NR_042928.1	95.200	125	1	4	1	120	1141	1017	2.84e-49	193
ff24cf45-3914-46c4-8705-4729b35f9455	NR_114172.1	95.200	125	1	4	1	120	1141	1017	2.84e-49	193
ff24cf45-3914-46c4-8705-4729b35f9455	NR_115240.1	95.200	125	1	4	1	120	1141	1017	2.84e-49	193
f6b74a3e-050a-4da0-811f-b9a33c69a6a8	NR_028806.1	88.112	143	8	6	1	136	1456	1316	8.61e-40	161
f6b74a3e-050a-4da0-811f-b9a33c69a6a8	NR_025668.1	88.112	143	8	6	1	136	1440	1300	8.61e-40	161
f6b74a3e-050a-4da0-811f-b9a33c69a6a8	NR_043091.1	88.112	143	8	6	1	136	1433	1293	8.61e-40	161
f6b74a3e-050a-4da0-811f-b9a33c69a6a8	NR_074720.1	88.112	143	8	6	1	136	1460	1320	8.61e-40	161
f6b74a3e-050a-4da0-811f-b9a33c69a6a8	NR_169366.1	88.112	143	8	6	1	136	1438	1298	8.61e-40	161
4308b401-ec32-47dc-a114-58ab1bdf2845	NR_024911.1	93.023	86	5	1	1	85	135	220	6.25e-29	124
4308b401-ec32-47dc-a114-58ab1bdf2845	NR_025174.1	93.023	86	5	1	1	85	130	215	6.25e-29	124
4308b401-ec32-47dc-a114-58ab1bdf2845	NR_112074.1	93.023	86	5	1	1	85	119	204	6.25e-29	124
4308b401-ec32-47dc-a114-58ab1bdf2845	NR_156852.1	93.023	86	5	1	1	85	100	185	6.25e-29	124
4308b401-ec32-47dc-a114-58ab1bdf2845	NR_179337.1	93.023	86	5	1	1	85	126	211	6.25e-29	124
40550904-f474-4415-9d1d-c69b610251e4	NR_113082.1	92.157	102	1	4	1	95	264	365	9.30e-33	137
40550904-f474-4415-9d1d-c69b610251e4	NR_136788.1	92.157	102	1	4	1	95	264	365	9.30e-33	137
40550904-f474-4415-9d1d-c69b610251e4	NR_026230.1	91.176	102	2	4	1	95	242	343	1.20e-31	134
40550904-f474-4415-9d1d-c69b610251e4	NR_040838.1	90.196	102	3	4	1	95	268	369	2.01e-29	126
40550904-f474-4415-9d1d-c69b610251e4	NR_040908.1	90.196	102	3	4	1	95	224	325	2.01e-29	126
aa4dfaca-ec40-4c98-ba8c-b3acb1f5405c	NR_025892.1	93.596	203	8	4	1	199	914	713	9.77e-81	298
aa4dfaca-ec40-4c98-ba8c-b3acb1f5405c	NR_041989.1	93.596	203	8	4	1	199	847	646	9.77e-81	298
aa4dfaca-ec40-4c98-ba8c-b3acb1f5405c	NR_117694.1	93.596	203	8	4	1	199	889	688	9.77e-81	298
aa4dfaca-ec40-4c98-ba8c-b3acb1f5405c	NR_042976.1	93.103	203	9	4	1	199	897	696	4.54e-79	292
aa4dfaca-ec40-4c98-ba8c-b3acb1f5405c	NR_118697.1	93.103	203	9	4	1	199	912	711	4.54e-79	292
6493315a-1bd7-49f9-b8ac-03742ecf3f4c	NR_025840.1	96.078	51	1	1	1	50	1163	1113	6.18e-16	82.4
6493315a-1bd7-49f9-b8ac-03742ecf3f4c	NR_025892.1	96.078	51	1	1	1	50	1194	1144	6.18e-16	82.4
6493315a-1bd7-49f9-b8ac-03742ecf3f4c	NR_025902.1	89.552	67	3	3	57	120	1380	1445	6.18e-16	82.4
6493315a-1bd7-49f9-b8ac-03742ecf3f4c	NR_025450.1	96.078	51	1	1	1	50	1189	1139	6.18e-16	82.4
6493315a-1bd7-49f9-b8ac-03742ecf3f4c	NR_028843.1	96.078	51	1	1	1	50	1171	1121	6.18e-16	82.4
0f6f628d-70fe-4fe6-9ed7-b827f613fa2c	NR_041989.1	92.369	249	10	6	16	257	1115	869	4.64e-95	346
0f6f628d-70fe-4fe6-9ed7-b827f613fa2c	NR_028900.1	91.968	249	11	6	16	257	1115	869	2.16e-93	340
0f6f628d-70fe-4fe6-9ed7-b827f613fa2c	NR_043458.1	91.968	249	11	6	16	257	1178	932	2.16e-93	340
0f6f628d-70fe-4fe6-9ed7-b827f613fa2c	NR_043459.1	91.968	249	11	6	16	257	1181	935	2.16e-93	340
0f6f628d-70fe-4fe6-9ed7-b827f613fa2c	NR_104947.1	91.968	249	11	6	16	257	1130	884	2.16e-93	340
587faea8-31f9-4bf4-b512-48a6331078d8	NR_197695.1	97.423	194	5	0	1	194	280	87	9.69e-91	331
587faea8-31f9-4bf4-b512-48a6331078d8	NR_042776.1	96.907	194	6	0	1	194	281	88	4.51e-89	326
587faea8-31f9-4bf4-b512-48a6331078d8	NR_042777.1	96.907	194	6	0	1	194	281	88	4.51e-89	326
587faea8-31f9-4bf4-b512-48a6331078d8	NR_042778.1	96.392	194	7	0	1	194	281	88	2.10e-87	320
587faea8-31f9-4bf4-b512-48a6331078d8	NR_118998.1	95.361	194	9	0	1	194	276	83	1.26e-84	311
b03e3e8d-71e4-4838-85d7-85e5d5941db2	NR_116168.1	92.308	104	7	1	1	104	120	18	1.80e-35	147
b03e3e8d-71e4-4838-85d7-85e5d5941db2	NR_042878.1	91.000	100	8	1	1	100	99	1	3.90e-32	135
b03e3e8d-71e4-4838-85d7-85e5d5941db2	NR_118762.1	89.423	104	10	1	1	104	123	21	1.40e-31	134
b03e3e8d-71e4-4838-85d7-85e5d5941db2	NR_024896.1	88.462	104	11	1	1	104	119	17	8.43e-29	124
b03e3e8d-71e4-4838-85d7-85e5d5941db2	NR_024897.1	88.462	104	11	1	1	104	119	17	8.43e-29	124
5e2927b9-7558-4aeb-85fd-ef35d54462db	NR_044873.1	93.511	262	9	6	5	261	848	590	3.53e-106	383
5e2927b9-7558-4aeb-85fd-ef35d54462db	NR_151938.1	92.969	256	10	6	5	255	843	591	3.55e-101	366
5e2927b9-7558-4aeb-85fd-ef35d54462db	NR_074568.1	92.607	257	11	6	5	256	858	605	4.59e-100	363
5e2927b9-7558-4aeb-85fd-ef35d54462db	NR_044712.2	92.607	257	11	6	5	256	867	614	4.59e-100	363
5e2927b9-7558-4aeb-85fd-ef35d54462db	NR_043968.1	92.607	257	11	6	5	256	816	563	4.59e-100	363
20be47a7-0346-4de3-b687-64099a97d183	NR_118086.1	89.147	129	6	7	2	125	134	9	1.30e-37	154
20be47a7-0346-4de3-b687-64099a97d183	NR_104684.1	88.281	128	7	7	2	124	137	13	2.18e-35	147
20be47a7-0346-4de3-b687-64099a97d183	NR_165739.1	89.167	120	5	8	2	116	117	1	2.82e-34	143
20be47a7-0346-4de3-b687-64099a97d183	NR_159147.1	90.179	112	6	4	15	122	112	2	1.01e-33	141
20be47a7-0346-4de3-b687-64099a97d183	NR_044490.1	87.611	113	10	3	15	124	123	12	7.90e-30	128
7bde4d5d-5c65-43c6-b5c9-4ffd18d150b3	NR_041880.1	92.486	173	12	1	2	173	906	734	3.04e-65	246
7bde4d5d-5c65-43c6-b5c9-4ffd18d150b3	NR_025762.1	92.486	173	12	1	2	173	928	756	3.04e-65	246
7bde4d5d-5c65-43c6-b5c9-4ffd18d150b3	NR_026205.1	92.486	173	12	1	2	173	961	789	3.04e-65	246
7bde4d5d-5c65-43c6-b5c9-4ffd18d150b3	NR_041879.1	92.486	173	12	1	2	173	907	735	3.04e-65	246
7bde4d5d-5c65-43c6-b5c9-4ffd18d150b3	NR_042940.1	92.486	173	12	1	2	173	862	690	3.04e-65	246
0119ed24-806d-4780-903d-435610551c40	NR_043314.1	90.476	252	16	5	1	245	1392	1142	5.62e-89	326
0119ed24-806d-4780-903d-435610551c40	NR_116905.1	90.476	252	16	5	1	245	1395	1145	5.62e-89	326
0119ed24-806d-4780-903d-435610551c40	NR_114749.1	90.476	252	16	5	1	245	1394	1144	5.62e-89	326
0119ed24-806d-4780-903d-435610551c40	NR_116899.1	90.476	252	16	5	1	245	1361	1111	5.62e-89	326
0119ed24-806d-4780-903d-435610551c40	NR_118125.1	90.476	252	16	5	1	245	1381	1131	5.62e-89	326
88b6edd4-087d-4e65-96eb-70351c77283a	NR_024707.1	94.186	172	3	2	1	165	1026	855	4.88e-68	255
88b6edd4-087d-4e65-96eb-70351c77283a	NR_036830.1	94.186	172	3	2	1	165	1006	835	4.88e-68	255
88b6edd4-087d-4e65-96eb-70351c77283a	NR_115612.1	94.186	172	3	2	1	165	1004	833	4.88e-68	255
88b6edd4-087d-4e65-96eb-70351c77283a	NR_117822.1	94.186	172	3	2	1	165	998	827	4.88e-68	255
88b6edd4-087d-4e65-96eb-70351c77283a	NR_118155.1	94.186	172	3	2	1	165	1047	876	4.88e-68	255
2ea62efe-aded-43fd-9009-41a44cf3a356	NR_036936.1	94.419	215	6	3	5	217	1133	1343	5.06e-89	326
2ea62efe-aded-43fd-9009-41a44cf3a356	NR_025453.1	94.419	215	6	3	5	217	1133	1343	5.06e-89	326
2ea62efe-aded-43fd-9009-41a44cf3a356	NR_028666.1	94.419	215	6	3	5	217	1157	1367	5.06e-89	326
2ea62efe-aded-43fd-9009-41a44cf3a356	NR_028833.1	94.419	215	6	3	5	217	1160	1370	5.06e-89	326
2ea62efe-aded-43fd-9009-41a44cf3a356	NR_029052.1	94.419	215	6	3	5	217	1121	1331	5.06e-89	326
73112cd1-569c-4d27-a449-e12710a45973	NR_024901.1	94.012	167	6	4	2	166	171	7	2.30e-66	250
73112cd1-569c-4d27-a449-e12710a45973	NR_024912.1	94.012	167	6	4	2	166	171	7	2.30e-66	250
73112cd1-569c-4d27-a449-e12710a45973	NR_024928.1	94.012	167	6	4	2	166	171	7	2.30e-66	250
73112cd1-569c-4d27-a449-e12710a45973	NR_025586.1	94.012	167	6	4	2	166	166	2	2.30e-66	250
73112cd1-569c-4d27-a449-e12710a45973	NR_025587.1	94.012	167	6	4	2	166	166	2	2.30e-66	250
33982932-2963-482d-b03c-68713bb11dd4	NR_025902.1	94.527	201	6	4	2	199	1252	1450	5.90e-83	305
33982932-2963-482d-b03c-68713bb11dd4	NR_028844.1	94.527	201	6	4	2	199	1283	1481	5.90e-83	305
33982932-2963-482d-b03c-68713bb11dd4	NR_040933.1	95.361	194	5	3	2	192	1296	1488	5.90e-83	305
33982932-2963-482d-b03c-68713bb11dd4	NR_114098.1	95.361	194	5	3	2	192	1272	1464	5.90e-83	305
33982932-2963-482d-b03c-68713bb11dd4	NR_117717.1	94.527	201	6	4	2	199	1294	1492	5.90e-83	305
b0abb4e6-8aa2-4dc4-b3a4-b47677584f71	NR_028665.1	94.444	198	3	6	1	192	1450	1255	9.55e-81	298
b0abb4e6-8aa2-4dc4-b3a4-b47677584f71	NR_114172.1	94.444	198	3	6	1	192	1433	1238	9.55e-81	298
b0abb4e6-8aa2-4dc4-b3a4-b47677584f71	NR_115239.1	94.444	198	3	6	1	192	1433	1238	9.55e-81	298
b0abb4e6-8aa2-4dc4-b3a4-b47677584f71	NR_027214.1	94.444	198	3	6	1	192	1433	1238	9.55e-81	298
b0abb4e6-8aa2-4dc4-b3a4-b47677584f71	NR_165741.1	94.444	198	3	6	1	192	1442	1247	9.55e-81	298
f7cee832-966c-4710-ab7f-2d5e2d65345a	NR_043332.1	98.101	158	3	0	64	221	1330	1487	5.17e-74	276
f7cee832-966c-4710-ab7f-2d5e2d65345a	NR_074980.1	98.101	158	3	0	64	221	1357	1514	5.17e-74	276
f7cee832-966c-4710-ab7f-2d5e2d65345a	NR_113031.1	98.101	158	3	0	64	221	1357	1514	5.17e-74	276
f7cee832-966c-4710-ab7f-2d5e2d65345a	NR_115354.1	98.101	158	3	0	64	221	1330	1487	5.17e-74	276
f7cee832-966c-4710-ab7f-2d5e2d65345a	NR_115355.1	98.101	158	3	0	64	221	1330	1487	5.17e-74	276
f58d6fad-5a5c-4c13-bf08-c9a5b3cb9d12	NR_171524.1	96.237	186	4	2	1	183	1392	1207	7.04e-82	302
f58d6fad-5a5c-4c13-bf08-c9a5b3cb9d12	NR_043314.1	95.745	188	5	2	1	185	1391	1204	2.53e-81	300
f58d6fad-5a5c-4c13-bf08-c9a5b3cb9d12	NR_114225.1	95.745	188	5	2	1	185	1373	1186	2.53e-81	300
f58d6fad-5a5c-4c13-bf08-c9a5b3cb9d12	NR_116905.1	95.745	188	5	2	1	185	1394	1207	2.53e-81	300
f58d6fad-5a5c-4c13-bf08-c9a5b3cb9d12	NR_114749.1	95.745	188	5	2	1	185	1393	1206	2.53e-81	300
7fe2f044-6c09-40f6-a736-5f12747c21df	NR_074568.1	95.833	144	5	1	1	143	156	13	6.93e-61	231
7fe2f044-6c09-40f6-a736-5f12747c21df	NR_044712.2	95.833	144	5	1	1	143	165	22	6.93e-61	231
7fe2f044-6c09-40f6-a736-5f12747c21df	NR_044873.1	95.139	144	6	1	1	143	145	2	3.22e-59	226
7fe2f044-6c09-40f6-a736-5f12747c21df	NR_075062.2	94.444	144	7	1	1	143	162	19	1.50e-57	220
7fe2f044-6c09-40f6-a736-5f12747c21df	NR_134088.1	94.444	144	7	1	1	143	144	1	1.50e-57	220
b7240138-11dd-4ef5-9d40-9ff60d934fb7	NR_164626.1	94.837	368	9	8	1	361	366	2	4.61e-161	566
b7240138-11dd-4ef5-9d40-9ff60d934fb7	NR_024912.1	94.823	367	9	8	1	360	369	6	1.66e-160	564
b7240138-11dd-4ef5-9d40-9ff60d934fb7	NR_028706.1	94.823	367	9	8	1	360	377	14	1.66e-160	564
b7240138-11dd-4ef5-9d40-9ff60d934fb7	NR_042939.1	94.823	367	9	8	1	360	375	12	1.66e-160	564
b7240138-11dd-4ef5-9d40-9ff60d934fb7	NR_114473.1	94.823	367	9	8	1	360	364	1	1.66e-160	564
0ca3067c-5ca9-44f5-9123-db6eb9ea8497	NR_118234.1	94.643	168	3	5	5	167	174	8	4.85e-68	255
0ca3067c-5ca9-44f5-9123-db6eb9ea8497	NR_024841.1	94.578	166	3	5	5	165	171	7	6.28e-67	252
0ca3067c-5ca9-44f5-9123-db6eb9ea8497	NR_179385.1	95.597	159	4	2	10	165	175	17	6.28e-67	252
0ca3067c-5ca9-44f5-9123-db6eb9ea8497	NR_199545.1	95.597	159	4	2	10	165	171	13	6.28e-67	252
0ca3067c-5ca9-44f5-9123-db6eb9ea8497	NR_112025.1	94.410	161	6	2	10	167	171	11	8.12e-66	248
b4041a13-72f8-423d-a9e5-70bfa0552732	NR_044873.1	87.755	343	23	14	1	330	338	2	4.54e-106	383
b4041a13-72f8-423d-a9e5-70bfa0552732	NR_074568.1	87.755	343	23	14	1	330	349	13	4.54e-106	383
b4041a13-72f8-423d-a9e5-70bfa0552732	NR_044712.2	87.172	343	25	14	1	330	358	22	7.60e-104	375
b4041a13-72f8-423d-a9e5-70bfa0552732	NR_024785.1	86.859	312	21	17	1	299	306	2	1.67e-90	331
b4041a13-72f8-423d-a9e5-70bfa0552732	NR_044894.1	84.940	332	25	21	1	318	325	5	6.05e-85	313
1cd01df6-09e8-4311-a9c0-45eb38b94154	NR_024842.1	93.048	187	11	2	1	187	192	8	5.59e-73	272
1cd01df6-09e8-4311-a9c0-45eb38b94154	NR_115241.1	92.737	179	11	2	1	179	177	1	1.56e-68	257
1cd01df6-09e8-4311-a9c0-45eb38b94154	NR_114413.1	90.811	185	15	2	3	187	198	16	3.39e-65	246
1cd01df6-09e8-4311-a9c0-45eb38b94154	NR_165737.1	92.045	176	12	2	4	179	174	1	3.39e-65	246
1cd01df6-09e8-4311-a9c0-45eb38b94154	NR_178515.1	92.045	176	12	2	4	179	174	1	3.39e-65	246
d8d98d8f-f0ab-4ae9-86fe-4031f5a03f31	NR_042764.1	96.341	82	2	1	1	81	1354	1435	1.04e-31	134
d8d98d8f-f0ab-4ae9-86fe-4031f5a03f31	NR_040859.1	95.122	82	3	1	1	81	1394	1475	4.83e-30	128
d8d98d8f-f0ab-4ae9-86fe-4031f5a03f31	NR_028806.1	95.122	82	3	1	1	81	1401	1482	4.83e-30	128
d8d98d8f-f0ab-4ae9-86fe-4031f5a03f31	NR_040992.1	95.122	82	3	1	1	81	1402	1483	4.83e-30	128
d8d98d8f-f0ab-4ae9-86fe-4031f5a03f31	NR_025881.1	95.122	82	3	1	1	81	1400	1481	4.83e-30	128
c94cdb1f-06b1-4c4f-8af5-4a243f1ea551	NR_117694.1	97.458	236	3	3	4	236	240	5	3.29e-111	399
c94cdb1f-06b1-4c4f-8af5-4a243f1ea551	NR_025892.1	97.034	236	4	3	4	236	266	31	4.26e-110	396
c94cdb1f-06b1-4c4f-8af5-4a243f1ea551	NR_121687.1	94.093	237	9	5	4	236	260	25	7.23e-98	355
c94cdb1f-06b1-4c4f-8af5-4a243f1ea551	NR_104830.1	93.671	237	11	4	4	236	255	19	9.36e-97	351
c94cdb1f-06b1-4c4f-8af5-4a243f1ea551	NR_117692.1	93.644	236	12	3	4	236	240	5	3.37e-96	350
34d2b0f4-9703-4743-a39b-2ff6454eb76d	NR_179385.1	96.178	157	4	2	1	156	172	17	4.55e-68	255
34d2b0f4-9703-4743-a39b-2ff6454eb76d	NR_199545.1	96.178	157	4	2	1	156	168	13	4.55e-68	255
34d2b0f4-9703-4743-a39b-2ff6454eb76d	NR_042771.1	95.541	157	5	2	1	156	168	13	2.12e-66	250
34d2b0f4-9703-4743-a39b-2ff6454eb76d	NR_112025.1	94.937	158	6	2	1	157	168	12	2.12e-66	250
34d2b0f4-9703-4743-a39b-2ff6454eb76d	NR_165741.1	95.541	157	5	2	1	156	157	2	2.12e-66	250
8bda3f23-2cd6-4796-b51e-ab375b38d0a1	NR_025892.1	94.203	276	9	7	1	271	292	19	3.63e-116	416
8bda3f23-2cd6-4796-b51e-ab375b38d0a1	NR_117694.1	95.149	268	6	7	1	263	266	1	3.63e-116	416
8bda3f23-2cd6-4796-b51e-ab375b38d0a1	NR_121687.1	92.391	276	14	7	1	271	286	13	2.85e-107	387
8bda3f23-2cd6-4796-b51e-ab375b38d0a1	NR_104830.1	91.398	279	16	8	1	273	281	5	6.17e-104	375
8bda3f23-2cd6-4796-b51e-ab375b38d0a1	NR_117692.1	92.164	268	14	6	1	263	266	1	7.98e-103	372
50607055-ebc4-4aa9-b936-aa9b852ec9b0	NR_024842.1	99.487	195	1	0	1	195	1295	1489	5.68e-98	355
50607055-ebc4-4aa9-b936-aa9b852ec9b0	NR_042052.1	99.487	195	1	0	1	195	1203	1397	5.68e-98	355
50607055-ebc4-4aa9-b936-aa9b852ec9b0	NR_042776.1	99.487	195	1	0	1	195	1305	1499	5.68e-98	355
50607055-ebc4-4aa9-b936-aa9b852ec9b0	NR_042777.1	99.487	195	1	0	1	195	1304	1498	5.68e-98	355
50607055-ebc4-4aa9-b936-aa9b852ec9b0	NR_114642.1	99.487	195	1	0	1	195	1262	1456	5.68e-98	355
07f802df-f275-429f-8d65-5729ecba5bf0	NR_025892.1	96.443	253	4	4	1	251	269	20	1.20e-115	414
07f802df-f275-429f-8d65-5729ecba5bf0	NR_117694.1	96.748	246	3	4	1	244	243	1	7.21e-113	405
07f802df-f275-429f-8d65-5729ecba5bf0	NR_121687.1	92.913	254	11	6	1	251	263	14	4.40e-100	363
07f802df-f275-429f-8d65-5729ecba5bf0	NR_104830.1	92.549	255	11	6	1	251	258	8	5.69e-99	359
07f802df-f275-429f-8d65-5729ecba5bf0	NR_117692.1	93.089	246	12	4	1	244	243	1	7.36e-98	355
3979db49-28e1-4b08-bd5a-2a105139db49	NR_028682.1	97.802	91	0	1	1	89	861	771	2.43e-38	156
3979db49-28e1-4b08-bd5a-2a105139db49	NR_025862.1	97.802	91	0	1	1	89	860	770	2.43e-38	156
3979db49-28e1-4b08-bd5a-2a105139db49	NR_026454.1	97.802	91	0	1	1	89	837	747	2.43e-38	156
3979db49-28e1-4b08-bd5a-2a105139db49	NR_108204.1	97.802	91	0	1	1	89	812	722	2.43e-38	156
3979db49-28e1-4b08-bd5a-2a105139db49	NR_113252.1	97.802	91	0	1	1	89	847	757	2.43e-38	156
feccc0c7-f208-4ad3-a84d-14c9b1bd93e8	NR_164626.1	96.633	297	1	7	1	288	297	1	1.04e-136	484
feccc0c7-f208-4ad3-a84d-14c9b1bd93e8	NR_024912.1	96.610	295	1	7	1	286	300	6	1.35e-135	481
feccc0c7-f208-4ad3-a84d-14c9b1bd93e8	NR_028706.1	96.610	295	1	7	1	286	308	14	1.35e-135	481
feccc0c7-f208-4ad3-a84d-14c9b1bd93e8	NR_037092.1	96.610	295	1	7	1	286	305	11	1.35e-135	481
feccc0c7-f208-4ad3-a84d-14c9b1bd93e8	NR_042939.1	96.610	295	1	7	1	286	306	12	1.35e-135	481
4c3afc32-c8ee-44df-b9ab-d6465f8c7594	NR_025164.1	90.361	249	13	6	1	240	1217	1463	3.40e-86	316
4c3afc32-c8ee-44df-b9ab-d6465f8c7594	NR_036998.1	90.361	249	13	6	1	240	1216	1462	3.40e-86	316
4c3afc32-c8ee-44df-b9ab-d6465f8c7594	NR_043314.1	90.361	249	13	6	1	240	1235	1481	3.40e-86	316
4c3afc32-c8ee-44df-b9ab-d6465f8c7594	NR_114793.1	90.361	249	13	6	1	240	1109	1355	3.40e-86	316
4c3afc32-c8ee-44df-b9ab-d6465f8c7594	NR_114749.1	90.361	249	13	6	1	240	1237	1483	3.40e-86	316
a0132573-a446-40b9-9a6f-1d2603c8dbce	NR_024901.1	98.291	117	1	1	1	116	139	23	1.32e-52	204
a0132573-a446-40b9-9a6f-1d2603c8dbce	NR_024911.1	98.291	117	1	1	1	116	139	23	1.32e-52	204
a0132573-a446-40b9-9a6f-1d2603c8dbce	NR_024912.1	98.291	117	1	1	1	116	139	23	1.32e-52	204
a0132573-a446-40b9-9a6f-1d2603c8dbce	NR_024928.1	98.291	117	1	1	1	116	139	23	1.32e-52	204
a0132573-a446-40b9-9a6f-1d2603c8dbce	NR_025102.1	98.291	117	1	1	1	116	118	2	1.32e-52	204
63cfacba-9610-40f5-b4e9-c6c0436a04d3	NR_040859.1	92.373	118	2	3	1	112	1363	1479	6.80e-40	161
63cfacba-9610-40f5-b4e9-c6c0436a04d3	NR_028806.1	92.373	118	2	3	1	112	1370	1486	6.80e-40	161
63cfacba-9610-40f5-b4e9-c6c0436a04d3	NR_040992.1	92.373	118	2	3	1	112	1371	1487	6.80e-40	161
63cfacba-9610-40f5-b4e9-c6c0436a04d3	NR_025881.1	92.373	118	2	3	1	112	1369	1485	6.80e-40	161
63cfacba-9610-40f5-b4e9-c6c0436a04d3	NR_026395.1	92.373	118	2	3	1	112	1371	1487	6.80e-40	161
2d7b0508-2a42-4fcf-a963-f9b23710b8d5	NR_026095.1	98.765	162	1	1	1	162	695	535	1.66e-77	287
2d7b0508-2a42-4fcf-a963-f9b23710b8d5	NR_113564.1	98.765	162	1	1	1	162	695	535	1.66e-77	287
2d7b0508-2a42-4fcf-a963-f9b23710b8d5	NR_043464.1	95.679	162	6	1	1	162	669	509	3.62e-69	259
2d7b0508-2a42-4fcf-a963-f9b23710b8d5	NR_181682.1	95.062	162	7	1	1	162	693	533	1.68e-67	254
2d7b0508-2a42-4fcf-a963-f9b23710b8d5	NR_027581.1	94.444	162	8	1	1	162	694	534	7.84e-66	248
510ec7e0-bed5-473f-914d-f57d278e2cc5	NR_164626.1	95.111	225	3	6	1	223	219	1	1.08e-95	348
510ec7e0-bed5-473f-914d-f57d278e2cc5	NR_024901.1	95.067	223	3	6	1	221	222	6	1.40e-94	344
510ec7e0-bed5-473f-914d-f57d278e2cc5	NR_024912.1	95.067	223	3	6	1	221	222	6	1.40e-94	344
510ec7e0-bed5-473f-914d-f57d278e2cc5	NR_024928.1	95.067	223	3	6	1	221	222	6	1.40e-94	344
510ec7e0-bed5-473f-914d-f57d278e2cc5	NR_025586.1	95.067	223	3	6	1	221	217	1	1.40e-94	344
405e7622-85dd-4fba-afe6-20962a86f823	NR_037101.1	95.683	139	4	1	1	139	1344	1480	4.03e-58	222
405e7622-85dd-4fba-afe6-20962a86f823	NR_040821.1	95.683	139	4	1	1	139	1344	1480	4.03e-58	222
405e7622-85dd-4fba-afe6-20962a86f823	NR_025148.1	95.683	139	4	1	1	139	1364	1500	4.03e-58	222
405e7622-85dd-4fba-afe6-20962a86f823	NR_028664.1	95.683	139	4	1	1	139	1365	1501	4.03e-58	222
405e7622-85dd-4fba-afe6-20962a86f823	NR_028666.1	95.683	139	4	1	1	139	1368	1504	4.03e-58	222
3799a3d9-8831-48fd-9902-6893c97ab7c0	NR_113114.1	98.276	116	2	0	1	116	940	825	1.16e-52	204
3799a3d9-8831-48fd-9902-6893c97ab7c0	NR_043292.1	98.276	116	2	0	1	116	891	776	1.16e-52	204
3799a3d9-8831-48fd-9902-6893c97ab7c0	NR_024815.1	95.690	116	5	0	1	116	941	826	1.17e-47	187
3799a3d9-8831-48fd-9902-6893c97ab7c0	NR_113112.1	94.828	116	6	0	1	116	941	826	5.46e-46	182
3799a3d9-8831-48fd-9902-6893c97ab7c0	NR_041908.1	94.828	116	6	0	1	116	921	806	5.46e-46	182
d8603778-1c12-46e0-8279-e717c4fd4225	NR_114481.1	88.034	117	6	4	1	112	121	8	5.75e-31	132
d8603778-1c12-46e0-8279-e717c4fd4225	NR_024901.1	87.931	116	7	3	1	112	125	13	2.07e-30	130
d8603778-1c12-46e0-8279-e717c4fd4225	NR_024909.1	87.931	116	7	3	1	112	125	13	2.07e-30	130
d8603778-1c12-46e0-8279-e717c4fd4225	NR_024911.1	87.931	116	7	3	1	112	125	13	2.07e-30	130
d8603778-1c12-46e0-8279-e717c4fd4225	NR_024912.1	87.931	116	7	3	1	112	125	13	2.07e-30	130
4921f66a-175b-445a-85bc-868c4f61283a	NR_114330.1	94.512	164	6	3	1	162	1316	1478	2.23e-66	250
4921f66a-175b-445a-85bc-868c4f61283a	NR_174297.1	94.512	164	6	3	1	162	1313	1475	2.23e-66	250
4921f66a-175b-445a-85bc-868c4f61283a	NR_178333.1	94.512	164	6	3	1	162	1327	1489	2.23e-66	250
4921f66a-175b-445a-85bc-868c4f61283a	NR_178943.1	94.512	164	6	3	1	162	1329	1491	2.23e-66	250
4921f66a-175b-445a-85bc-868c4f61283a	NR_180188.1	94.375	160	6	3	1	158	1309	1467	3.72e-64	243
567f7ea2-e9dd-4f56-ac58-1eee7b77168d	NR_043332.1	91.667	156	7	6	4	155	154	1	1.06e-54	211
567f7ea2-e9dd-4f56-ac58-1eee7b77168d	NR_074980.1	91.667	156	7	6	4	155	181	28	1.06e-54	211
567f7ea2-e9dd-4f56-ac58-1eee7b77168d	NR_113031.1	91.667	156	7	6	4	155	181	28	1.06e-54	211
567f7ea2-e9dd-4f56-ac58-1eee7b77168d	NR_115355.1	91.667	156	7	6	4	155	154	1	1.06e-54	211
567f7ea2-e9dd-4f56-ac58-1eee7b77168d	NR_117759.1	91.667	156	7	6	4	155	157	4	1.06e-54	211
c69410a9-f308-44a1-8aa5-6198ecd6f077	NR_041722.2	92.771	83	3	2	3	82	1427	1509	1.06e-26	117
c69410a9-f308-44a1-8aa5-6198ecd6f077	NR_028665.1	92.771	83	3	2	3	82	1407	1489	1.06e-26	117
c69410a9-f308-44a1-8aa5-6198ecd6f077	NR_028736.1	92.771	83	3	2	3	82	1416	1498	1.06e-26	117
c69410a9-f308-44a1-8aa5-6198ecd6f077	NR_041721.1	92.771	83	3	2	3	82	1415	1497	1.06e-26	117
c69410a9-f308-44a1-8aa5-6198ecd6f077	NR_112704.1	92.771	83	3	2	3	82	1311	1393	1.06e-26	117
e1296ec1-14a2-4b18-b926-194723b74a16	NR_026095.1	92.913	127	6	3	1	124	886	760	6.15e-46	182
e1296ec1-14a2-4b18-b926-194723b74a16	NR_113564.1	92.126	127	7	3	1	124	886	760	2.86e-44	176
e1296ec1-14a2-4b18-b926-194723b74a16	NR_043768.1	91.406	128	8	3	1	125	866	739	3.70e-43	172
e1296ec1-14a2-4b18-b926-194723b74a16	NR_043655.1	91.339	127	8	3	1	124	856	730	1.33e-42	171
e1296ec1-14a2-4b18-b926-194723b74a16	NR_179895.1	91.339	127	8	3	1	124	892	766	1.33e-42	171
74f21ffe-9147-4972-a71a-b8add6659dd2	NR_118155.1	97.797	227	1	2	1	226	786	1009	6.49e-108	388
74f21ffe-9147-4972-a71a-b8add6659dd2	NR_169411.1	97.797	227	1	2	1	226	783	1006	6.49e-108	388
74f21ffe-9147-4972-a71a-b8add6659dd2	NR_178340.1	97.797	227	1	2	1	226	431	654	6.49e-108	388
74f21ffe-9147-4972-a71a-b8add6659dd2	NR_179168.1	97.797	227	1	2	1	226	786	1009	6.49e-108	388
74f21ffe-9147-4972-a71a-b8add6659dd2	NR_179327.1	97.797	227	1	2	1	226	736	959	6.49e-108	388
38e8e769-7c1b-4ff1-9ef2-90466a8cbc94	NR_042878.1	100.000	170	0	0	1	170	624	455	8.28e-86	315
38e8e769-7c1b-4ff1-9ef2-90466a8cbc94	NR_116168.1	100.000	170	0	0	1	170	645	476	8.28e-86	315
38e8e769-7c1b-4ff1-9ef2-90466a8cbc94	NR_118762.1	100.000	170	0	0	1	170	648	479	8.28e-86	315
38e8e769-7c1b-4ff1-9ef2-90466a8cbc94	NR_118143.1	98.824	170	2	0	1	170	626	457	1.79e-82	303
38e8e769-7c1b-4ff1-9ef2-90466a8cbc94	NR_159347.1	97.647	170	4	0	1	170	650	481	3.00e-80	296
c32df149-d52c-4642-8f24-cbb782cda447	NR_041989.1	97.484	159	1	2	1	159	927	1082	5.89e-72	268
c32df149-d52c-4642-8f24-cbb782cda447	NR_116767.1	97.484	159	1	2	1	159	969	1124	5.89e-72	268
c32df149-d52c-4642-8f24-cbb782cda447	NR_028900.1	96.855	159	2	2	1	159	927	1082	2.74e-70	263
c32df149-d52c-4642-8f24-cbb782cda447	NR_043458.1	96.855	159	2	2	1	159	990	1145	2.74e-70	263
c32df149-d52c-4642-8f24-cbb782cda447	NR_043459.1	96.855	159	2	2	1	159	993	1148	2.74e-70	263
6dd1d5d0-4012-42b2-8553-60b83dcb67fb	NR_178796.1	89.209	139	11	4	1	136	1340	1477	1.42e-42	171
6dd1d5d0-4012-42b2-8553-60b83dcb67fb	NR_178939.1	89.209	139	11	4	1	136	1341	1478	1.42e-42	171
6dd1d5d0-4012-42b2-8553-60b83dcb67fb	NR_044873.1	89.051	137	10	4	1	133	1332	1467	6.60e-41	165
6dd1d5d0-4012-42b2-8553-60b83dcb67fb	NR_156958.1	88.406	138	13	3	1	136	1324	1460	2.37e-40	163
6dd1d5d0-4012-42b2-8553-60b83dcb67fb	NR_074426.1	88.148	135	13	3	1	133	1331	1464	1.10e-38	158
f7f86f6f-32c7-4357-ae0f-77da97084259	NR_041722.2	95.122	164	5	3	1	163	1348	1509	4.82e-68	255
f7f86f6f-32c7-4357-ae0f-77da97084259	NR_028665.1	95.122	164	5	3	1	163	1328	1489	4.82e-68	255
f7f86f6f-32c7-4357-ae0f-77da97084259	NR_028736.1	95.122	164	5	3	1	163	1337	1498	4.82e-68	255
f7f86f6f-32c7-4357-ae0f-77da97084259	NR_041721.1	95.122	164	5	3	1	163	1336	1497	4.82e-68	255
f7f86f6f-32c7-4357-ae0f-77da97084259	NR_112704.1	95.122	164	5	3	1	163	1232	1393	4.82e-68	255
7258a472-23b6-4cb6-8a6f-f47d06313f46	NR_199513.1	93.531	371	14	8	1	363	634	266	2.18e-154	544
7258a472-23b6-4cb6-8a6f-f47d06313f46	NR_041953.1	93.261	371	15	8	1	363	607	239	1.01e-152	538
7258a472-23b6-4cb6-8a6f-f47d06313f46	NR_152710.1	93.261	371	15	8	1	363	588	220	1.01e-152	538
7258a472-23b6-4cb6-8a6f-f47d06313f46	NR_178447.1	93.261	371	15	8	1	363	541	173	1.01e-152	538
7258a472-23b6-4cb6-8a6f-f47d06313f46	NR_181891.1	93.261	371	15	8	1	363	630	262	1.01e-152	538
b31f90cf-b19a-4782-82ce-c8bcd6a0145b	NR_025453.1	98.125	160	1	1	1	158	1098	1257	9.78e-75	278
b31f90cf-b19a-4782-82ce-c8bcd6a0145b	NR_041780.1	98.125	160	1	1	1	158	1109	1268	9.78e-75	278
b31f90cf-b19a-4782-82ce-c8bcd6a0145b	NR_134190.1	98.125	160	1	1	1	158	1077	1236	9.78e-75	278
b31f90cf-b19a-4782-82ce-c8bcd6a0145b	NR_152678.1	98.125	160	1	1	1	158	1118	1277	9.78e-75	278
b31f90cf-b19a-4782-82ce-c8bcd6a0145b	NR_159228.1	98.125	160	1	1	1	158	1115	1274	9.78e-75	278
307a2d4f-0262-424f-a31a-87ceb14ff673	NR_041722.2	93.370	181	8	4	1	178	1333	1512	8.84e-71	265
307a2d4f-0262-424f-a31a-87ceb14ff673	NR_028665.1	93.370	181	8	4	1	178	1313	1492	8.84e-71	265
307a2d4f-0262-424f-a31a-87ceb14ff673	NR_028736.1	93.370	181	8	4	1	178	1322	1501	8.84e-71	265
307a2d4f-0262-424f-a31a-87ceb14ff673	NR_041721.1	93.370	181	8	4	1	178	1321	1500	8.84e-71	265
307a2d4f-0262-424f-a31a-87ceb14ff673	NR_112704.1	93.370	181	8	4	1	178	1217	1396	8.84e-71	265
cb64457d-be4e-45a5-b400-c81887363def	NR_178447.1	93.594	281	5	8	1	270	1308	1030	2.21e-113	407
cb64457d-be4e-45a5-b400-c81887363def	NR_179392.1	93.594	281	5	8	1	270	1394	1116	2.21e-113	407
cb64457d-be4e-45a5-b400-c81887363def	NR_181536.1	93.594	281	5	8	1	270	1397	1119	2.21e-113	407
cb64457d-be4e-45a5-b400-c81887363def	NR_181891.1	93.594	281	5	8	1	270	1397	1119	2.21e-113	407
cb64457d-be4e-45a5-b400-c81887363def	NR_041715.1	93.238	281	6	8	1	270	1382	1104	1.03e-111	401
4eb2371b-66c3-4438-8cc5-63e6fcfb2257	NR_164626.1	93.659	205	8	4	1	202	204	2	7.68e-82	302
4eb2371b-66c3-4438-8cc5-63e6fcfb2257	NR_024901.1	93.627	204	8	4	1	201	207	6	2.76e-81	300
4eb2371b-66c3-4438-8cc5-63e6fcfb2257	NR_024911.1	93.627	204	8	4	1	201	207	6	2.76e-81	300
4eb2371b-66c3-4438-8cc5-63e6fcfb2257	NR_024912.1	93.627	204	8	4	1	201	207	6	2.76e-81	300
4eb2371b-66c3-4438-8cc5-63e6fcfb2257	NR_024928.1	93.627	204	8	4	1	201	207	6	2.76e-81	300
389e3053-db85-4a76-8991-a68eee38ac49	NR_199513.1	93.013	229	6	7	1	221	462	688	5.04e-89	326
389e3053-db85-4a76-8991-a68eee38ac49	NR_041953.1	92.576	229	7	7	1	221	435	661	2.34e-87	320
389e3053-db85-4a76-8991-a68eee38ac49	NR_152710.1	92.576	229	7	7	1	221	416	642	2.34e-87	320
389e3053-db85-4a76-8991-a68eee38ac49	NR_178447.1	92.576	229	7	7	1	221	369	595	2.34e-87	320
389e3053-db85-4a76-8991-a68eee38ac49	NR_181014.1	92.576	229	7	7	1	221	435	661	2.34e-87	320
5102da7c-69ac-4b6e-8b96-3d354dd5ad57	NR_025892.1	94.643	112	3	2	1	110	128	18	1.13e-42	171
5102da7c-69ac-4b6e-8b96-3d354dd5ad57	NR_117717.1	94.643	112	3	2	1	110	123	13	1.13e-42	171
5102da7c-69ac-4b6e-8b96-3d354dd5ad57	NR_121687.1	94.643	112	3	2	1	110	122	12	1.13e-42	171
5102da7c-69ac-4b6e-8b96-3d354dd5ad57	NR_121688.1	94.643	112	3	2	1	110	122	12	1.13e-42	171
5102da7c-69ac-4b6e-8b96-3d354dd5ad57	NR_043459.1	92.920	113	4	3	1	110	124	13	6.80e-40	161
97e6ddb1-ae49-4310-8150-9e681d166f77	NR_044741.1	98.515	202	0	2	1	199	1250	1451	2.08e-97	353
97e6ddb1-ae49-4310-8150-9e681d166f77	NR_024897.1	98.020	202	1	2	1	199	1285	1486	9.67e-96	348
97e6ddb1-ae49-4310-8150-9e681d166f77	NR_116168.1	98.020	202	1	2	1	199	1286	1487	9.67e-96	348
97e6ddb1-ae49-4310-8150-9e681d166f77	NR_181418.1	98.020	202	1	2	1	199	1285	1486	9.67e-96	348
97e6ddb1-ae49-4310-8150-9e681d166f77	NR_042932.1	98.477	197	0	2	2	195	1267	1463	1.25e-94	344
1f996602-dff4-42d7-bf67-466e9468e872	NR_024901.1	96.575	146	1	3	6	147	165	20	4.21e-63	239
1f996602-dff4-42d7-bf67-466e9468e872	NR_024912.1	96.575	146	1	3	6	147	165	20	4.21e-63	239
1f996602-dff4-42d7-bf67-466e9468e872	NR_024928.1	96.575	146	1	3	6	147	165	20	4.21e-63	239
1f996602-dff4-42d7-bf67-466e9468e872	NR_025164.1	96.575	146	1	3	6	147	152	7	4.21e-63	239
1f996602-dff4-42d7-bf67-466e9468e872	NR_025586.1	96.575	146	1	3	6	147	160	15	4.21e-63	239
06eb8292-f540-4fb6-b571-ec2d823b37e0	NR_025863.1	97.148	1122	20	8	1	1114	294	1411	0.0	1892
06eb8292-f540-4fb6-b571-ec2d823b37e0	NR_179378.1	93.038	1221	64	18	1	1208	291	1503	0.0	1764
06eb8292-f540-4fb6-b571-ec2d823b37e0	NR_180911.1	92.851	1217	62	22	1	1202	280	1486	0.0	1742
06eb8292-f540-4fb6-b571-ec2d823b37e0	NR_028682.1	92.675	1215	69	16	1	1202	290	1497	0.0	1733
06eb8292-f540-4fb6-b571-ec2d823b37e0	NR_025445.1	91.974	1221	77	18	1	1208	281	1493	0.0	1692
6ba5a074-aa85-4458-a998-69442fb4ff08	NR_179385.1	94.650	243	12	1	39	280	259	17	6.39e-104	375
6ba5a074-aa85-4458-a998-69442fb4ff08	NR_199545.1	94.650	243	12	1	39	280	255	13	6.39e-104	375
6ba5a074-aa85-4458-a998-69442fb4ff08	NR_165741.1	94.239	243	13	1	39	280	244	2	2.97e-102	370
6ba5a074-aa85-4458-a998-69442fb4ff08	NR_028664.1	93.416	243	15	1	39	280	258	16	6.44e-99	359
6ba5a074-aa85-4458-a998-69442fb4ff08	NR_179383.1	93.416	243	15	1	39	280	262	20	6.44e-99	359
25705a5e-23f1-4ba8-8658-3e0c487638ab	NR_156986.1	91.049	1039	52	34	1	1012	34	1058	0.0	1365
25705a5e-23f1-4ba8-8658-3e0c487638ab	NR_178976.1	91.049	1039	52	34	1	1012	25	1049	0.0	1365
25705a5e-23f1-4ba8-8658-3e0c487638ab	NR_199513.1	91.040	1038	54	32	1	1012	53	1077	0.0	1365
25705a5e-23f1-4ba8-8658-3e0c487638ab	NR_113600.1	90.953	1039	53	34	1	1012	26	1050	0.0	1362
25705a5e-23f1-4ba8-8658-3e0c487638ab	NR_156987.1	90.953	1039	53	34	1	1012	34	1058	0.0	1360
e396a73c-3b45-4909-a3a0-5fc14bea46a2	NR_136788.1	91.794	1182	51	36	1	1153	313	1477	0.0	1604
e396a73c-3b45-4909-a3a0-5fc14bea46a2	NR_026230.1	88.757	1183	85	38	1	1153	291	1455	0.0	1410
e396a73c-3b45-4909-a3a0-5fc14bea46a2	NR_113082.1	88.581	1156	85	37	1	1126	313	1451	0.0	1360
e396a73c-3b45-4909-a3a0-5fc14bea46a2	NR_074140.1	84.122	1184	138	40	1	1153	278	1442	0.0	1099
e396a73c-3b45-4909-a3a0-5fc14bea46a2	NR_113125.1	84.122	1184	138	40	1	1153	308	1472	0.0	1099
4dfb6d89-c99f-462b-90c9-08742c06a0bf	NR_104897.1	93.850	374	14	6	1	368	835	1205	1.03e-157	555
4dfb6d89-c99f-462b-90c9-08742c06a0bf	NR_115758.1	93.048	374	17	7	1	368	833	1203	1.04e-152	538
4dfb6d89-c99f-462b-90c9-08742c06a0bf	NR_169348.1	91.176	374	24	8	1	368	846	1216	4.90e-141	499
4dfb6d89-c99f-462b-90c9-08742c06a0bf	NR_179604.1	91.176	374	24	8	1	368	837	1207	4.90e-141	499
4dfb6d89-c99f-462b-90c9-08742c06a0bf	NR_174231.1	90.349	373	27	6	1	367	809	1178	1.78e-135	481
ab977478-e85a-4246-98cd-9233921efaf6	NR_024918.1	90.779	488	25	18	1	479	1000	1476	0.0	634
ab977478-e85a-4246-98cd-9233921efaf6	NR_028986.1	90.779	488	25	18	1	479	987	1463	0.0	634
ab977478-e85a-4246-98cd-9233921efaf6	NR_043314.1	90.779	488	25	17	1	479	1005	1481	0.0	634
ab977478-e85a-4246-98cd-9233921efaf6	NR_042147.1	90.779	488	25	18	1	479	987	1463	0.0	634
ab977478-e85a-4246-98cd-9233921efaf6	NR_042199.1	90.779	488	25	18	1	479	987	1463	0.0	634
85bb332e-1019-4712-a3e3-0422d393f8e4	NR_041799.1	97.319	746	12	6	1	743	723	1463	0.0	1260
85bb332e-1019-4712-a3e3-0422d393f8e4	NR_117823.1	97.319	746	12	6	1	743	695	1435	0.0	1260
85bb332e-1019-4712-a3e3-0422d393f8e4	NR_181265.1	97.319	746	12	6	1	743	750	1490	0.0	1260
85bb332e-1019-4712-a3e3-0422d393f8e4	NR_181730.1	97.319	746	12	6	1	743	729	1469	0.0	1260
85bb332e-1019-4712-a3e3-0422d393f8e4	NR_114227.1	97.315	745	12	6	1	742	723	1462	0.0	1258
5b3b436f-5d88-4a0e-bc24-75e10b44c21c	NR_117694.1	91.023	479	21	15	3	464	492	19	2.87e-179	627
5b3b436f-5d88-4a0e-bc24-75e10b44c21c	NR_025892.1	89.979	479	26	15	3	464	518	45	1.04e-173	608
5b3b436f-5d88-4a0e-bc24-75e10b44c21c	NR_121687.1	89.770	479	27	16	3	464	512	39	2.91e-169	593
5b3b436f-5d88-4a0e-bc24-75e10b44c21c	NR_117692.1	89.562	479	28	15	3	464	492	19	1.35e-167	588
5b3b436f-5d88-4a0e-bc24-75e10b44c21c	NR_025902.1	89.263	475	28	16	3	459	470	1	3.79e-163	573
b5c01b1d-c48c-4c40-9087-65ab560d7d9c	NR_043314.1	95.467	353	8	6	1	347	1134	1484	2.68e-158	556
b5c01b1d-c48c-4c40-9087-65ab560d7d9c	NR_114749.1	95.467	353	8	6	1	347	1136	1486	2.68e-158	556
b5c01b1d-c48c-4c40-9087-65ab560d7d9c	NR_116899.1	95.467	353	8	6	1	347	1103	1453	2.68e-158	556
b5c01b1d-c48c-4c40-9087-65ab560d7d9c	NR_178854.1	95.467	353	8	6	1	347	1115	1465	2.68e-158	556
b5c01b1d-c48c-4c40-9087-65ab560d7d9c	NR_179889.1	95.467	353	8	6	1	347	1143	1493	2.68e-158	556
8fe5c510-f40a-43cc-8fab-01c0eb5285a2	NR_156986.1	94.398	839	20	22	14	838	826	1	0.0	1264
8fe5c510-f40a-43cc-8fab-01c0eb5285a2	NR_024901.1	94.465	831	20	21	21	838	823	6	0.0	1256
8fe5c510-f40a-43cc-8fab-01c0eb5285a2	NR_114473.1	94.217	830	24	20	21	838	818	1	0.0	1247
8fe5c510-f40a-43cc-8fab-01c0eb5285a2	NR_164626.1	94.224	831	24	20	21	839	820	2	0.0	1247
8fe5c510-f40a-43cc-8fab-01c0eb5285a2	NR_024912.1	94.103	831	23	21	21	838	823	6	0.0	1240
5e487525-5e9a-4d99-8655-412d9652043a	NR_178515.1	97.901	524	6	5	1	520	831	309	0.0	902
5e487525-5e9a-4d99-8655-412d9652043a	NR_028833.1	97.519	524	8	5	1	520	858	336	0.0	891
5e487525-5e9a-4d99-8655-412d9652043a	NR_165737.1	97.519	524	8	5	1	520	831	309	0.0	891
5e487525-5e9a-4d99-8655-412d9652043a	NR_036936.1	97.328	524	9	5	1	520	831	309	0.0	885
5e487525-5e9a-4d99-8655-412d9652043a	NR_109720.1	97.328	524	9	5	1	520	825	303	0.0	885
1d05dad1-1153-4c67-a986-66e5faee5440	NR_041799.1	95.636	802	18	14	1	795	676	1467	0.0	1271
1d05dad1-1153-4c67-a986-66e5faee5440	NR_116899.1	95.636	802	18	14	1	795	663	1454	0.0	1271
1d05dad1-1153-4c67-a986-66e5faee5440	NR_117823.1	95.636	802	18	14	1	795	648	1439	0.0	1271
1d05dad1-1153-4c67-a986-66e5faee5440	NR_179889.1	95.636	802	18	14	1	795	703	1494	0.0	1271
1d05dad1-1153-4c67-a986-66e5faee5440	NR_181265.1	95.636	802	18	14	1	795	703	1494	0.0	1271
a934e0f0-2bdf-47ef-a7c7-0ac2323afb74	NR_041953.1	90.970	1185	65	39	1	1159	295	1463	0.0	1557
a934e0f0-2bdf-47ef-a7c7-0ac2323afb74	NR_042541.1	90.970	1185	65	39	1	1159	295	1463	0.0	1557
a934e0f0-2bdf-47ef-a7c7-0ac2323afb74	NR_178447.1	90.717	1185	68	39	1	1159	229	1397	0.0	1541
a934e0f0-2bdf-47ef-a7c7-0ac2323afb74	NR_179889.1	90.717	1185	68	39	1	1159	322	1490	0.0	1541
a934e0f0-2bdf-47ef-a7c7-0ac2323afb74	NR_181891.1	90.717	1185	68	39	1	1159	318	1486	0.0	1541
4e25c44c-6cc0-4f27-9dd6-65af2f882a69	NR_104815.1	85.968	563	59	13	1	558	1199	652	2.03e-166	584
4e25c44c-6cc0-4f27-9dd6-65af2f882a69	NR_114769.1	85.968	563	59	13	1	558	1104	557	2.03e-166	584
4e25c44c-6cc0-4f27-9dd6-65af2f882a69	NR_104818.1	85.790	563	60	13	1	558	1199	652	2.62e-165	580
4e25c44c-6cc0-4f27-9dd6-65af2f882a69	NR_147728.1	85.563	568	59	15	1	560	1213	661	4.39e-163	573
4e25c44c-6cc0-4f27-9dd6-65af2f882a69	NR_178571.1	85.387	568	59	16	1	560	1199	648	2.04e-161	568
35cce75c-347e-41fb-a0c1-c165bce31b98	NR_116899.1	96.736	1011	22	7	5	1012	448	1450	0.0	1674
35cce75c-347e-41fb-a0c1-c165bce31b98	NR_179889.1	96.736	1011	22	7	5	1012	488	1490	0.0	1674
35cce75c-347e-41fb-a0c1-c165bce31b98	NR_199515.1	96.736	1011	22	7	5	1012	490	1492	0.0	1674
35cce75c-347e-41fb-a0c1-c165bce31b98	NR_024918.1	96.637	1011	23	7	5	1012	474	1476	0.0	1668
35cce75c-347e-41fb-a0c1-c165bce31b98	NR_041799.1	96.640	1012	21	9	5	1012	461	1463	0.0	1668
3fee3ec6-3e2b-49c5-88a7-347378354bef	NR_025903.1	93.960	447	13	12	2	438	457	15	0.0	664
3fee3ec6-3e2b-49c5-88a7-347378354bef	NR_026419.1	91.910	445	21	13	5	438	442	2	9.58e-174	608
3fee3ec6-3e2b-49c5-88a7-347378354bef	NR_133753.1	93.494	415	13	12	2	406	411	1	1.24e-172	604
3fee3ec6-3e2b-49c5-88a7-347378354bef	NR_025904.1	91.131	451	21	17	2	438	459	14	2.68e-169	593
3fee3ec6-3e2b-49c5-88a7-347378354bef	NR_133752.1	94.503	382	10	10	2	374	382	3	7.51e-165	579
b17150cc-008a-471b-8bc0-01b85dd45846	NR_024912.1	94.974	378	6	9	6	373	381	7	1.72e-165	580
b17150cc-008a-471b-8bc0-01b85dd45846	NR_028706.1	94.974	378	6	9	6	373	389	15	1.72e-165	580
b17150cc-008a-471b-8bc0-01b85dd45846	NR_042939.1	94.974	378	6	9	6	373	387	13	1.72e-165	580
b17150cc-008a-471b-8bc0-01b85dd45846	NR_114473.1	94.974	378	6	9	6	373	376	2	1.72e-165	580
b17150cc-008a-471b-8bc0-01b85dd45846	NR_156986.1	94.974	378	6	9	6	373	376	2	1.72e-165	580
7e3ccad5-56b2-4a5d-90f5-4036effe3d38	NR_179385.1	99.840	626	1	0	1	626	1454	829	0.0	1151
7e3ccad5-56b2-4a5d-90f5-4036effe3d38	NR_199545.1	99.840	626	1	0	1	626	1450	825	0.0	1151
7e3ccad5-56b2-4a5d-90f5-4036effe3d38	NR_028665.1	99.681	626	2	0	1	626	1447	822	0.0	1146
7e3ccad5-56b2-4a5d-90f5-4036effe3d38	NR_115239.1	99.681	626	2	0	1	626	1430	805	0.0	1146
7e3ccad5-56b2-4a5d-90f5-4036effe3d38	NR_165741.1	99.681	626	2	0	1	626	1439	814	0.0	1146
043ed29c-fbad-45b9-809d-56b596de5a54	NR_116168.1	94.921	630	21	7	1	626	1435	813	0.0	976
043ed29c-fbad-45b9-809d-56b596de5a54	NR_118762.1	93.968	630	26	8	1	626	1437	816	0.0	955
043ed29c-fbad-45b9-809d-56b596de5a54	NR_025423.1	92.698	630	33	9	1	625	1419	798	0.0	896
043ed29c-fbad-45b9-809d-56b596de5a54	NR_042878.1	94.627	577	21	6	54	626	1362	792	0.0	887
043ed29c-fbad-45b9-809d-56b596de5a54	NR_024898.1	92.381	630	35	9	1	625	1434	813	0.0	885
6b66a684-b53b-491c-b8c4-8b69cd0f084c	NR_116168.1	94.801	654	21	13	1	643	1479	828	0.0	1007
6b66a684-b53b-491c-b8c4-8b69cd0f084c	NR_118762.1	93.721	653	29	12	1	643	1481	831	0.0	981
6b66a684-b53b-491c-b8c4-8b69cd0f084c	NR_025423.1	92.758	649	31	16	1	636	1463	818	0.0	924
6b66a684-b53b-491c-b8c4-8b69cd0f084c	NR_024897.1	92.462	650	34	15	1	638	1478	832	0.0	915
6b66a684-b53b-491c-b8c4-8b69cd0f084c	NR_181418.1	92.296	649	37	13	1	638	1478	832	0.0	909
ad89cc68-7b95-4f23-80cf-70717936d70f	NR_179385.1	97.328	262	4	3	4	262	278	17	5.78e-124	442
ad89cc68-7b95-4f23-80cf-70717936d70f	NR_199545.1	97.328	262	4	3	4	262	274	13	5.78e-124	442
ad89cc68-7b95-4f23-80cf-70717936d70f	NR_165741.1	96.947	262	5	3	4	262	263	2	2.69e-122	436
ad89cc68-7b95-4f23-80cf-70717936d70f	NR_028664.1	96.183	262	7	3	4	262	277	16	5.82e-119	425
ad89cc68-7b95-4f23-80cf-70717936d70f	NR_179383.1	96.183	262	7	3	4	262	281	20	5.82e-119	425
9108f1f7-867d-4445-9d75-ee1367b9c151	NR_024901.1	92.082	783	41	18	3	773	779	6	0.0	1083
9108f1f7-867d-4445-9d75-ee1367b9c151	NR_024928.1	92.082	783	41	18	3	773	779	6	0.0	1083
9108f1f7-867d-4445-9d75-ee1367b9c151	NR_156986.1	92.082	783	41	18	3	773	774	1	0.0	1083
9108f1f7-867d-4445-9d75-ee1367b9c151	NR_199513.1	91.975	785	40	20	3	774	793	19	0.0	1079
9108f1f7-867d-4445-9d75-ee1367b9c151	NR_024912.1	91.954	783	42	18	3	773	779	6	0.0	1077
47c6d772-61fb-42a8-9b62-95ca8c6c74d8	NR_041989.1	96.759	432	10	3	1	428	616	1047	0.0	717
47c6d772-61fb-42a8-9b62-95ca8c6c74d8	NR_117694.1	96.528	432	11	3	1	428	658	1089	0.0	712
47c6d772-61fb-42a8-9b62-95ca8c6c74d8	NR_178369.1	96.528	432	11	3	1	428	629	1060	0.0	712
47c6d772-61fb-42a8-9b62-95ca8c6c74d8	NR_028900.1	96.296	432	12	3	1	428	616	1047	0.0	706
47c6d772-61fb-42a8-9b62-95ca8c6c74d8	NR_041988.1	96.296	432	12	3	1	428	616	1047	0.0	706
29dde9ef-f58e-420e-8dc3-fc7af601f7db	NR_156986.1	91.839	1115	46	36	82	1171	1106	12	0.0	1513
29dde9ef-f58e-420e-8dc3-fc7af601f7db	NR_178976.1	91.839	1115	46	36	82	1171	1097	3	0.0	1513
29dde9ef-f58e-420e-8dc3-fc7af601f7db	NR_113600.1	91.749	1115	47	36	82	1171	1098	4	0.0	1509
29dde9ef-f58e-420e-8dc3-fc7af601f7db	NR_156987.1	91.749	1115	47	36	82	1171	1106	12	0.0	1507
29dde9ef-f58e-420e-8dc3-fc7af601f7db	NR_199514.1	91.749	1115	47	36	82	1171	1118	24	0.0	1507
5943aa66-a92a-453a-8c9c-8a433dbf686c	NR_181354.1	95.128	1129	36	15	1	1117	360	1481	0.0	1762
5943aa66-a92a-453a-8c9c-8a433dbf686c	NR_114595.1	95.463	1102	32	14	1	1088	353	1450	0.0	1742
5943aa66-a92a-453a-8c9c-8a433dbf686c	NR_118158.1	89.762	1133	92	20	1	1117	350	1474	0.0	1428
5943aa66-a92a-453a-8c9c-8a433dbf686c	NR_044836.2	87.578	1119	111	23	1	1101	363	1471	0.0	1295
5943aa66-a92a-453a-8c9c-8a433dbf686c	NR_029228.1	87.477	1110	108	26	1	1092	362	1458	0.0	1253
95979cb5-e03b-46c4-9fe9-4ae1232ee113	NR_117694.1	92.225	1209	56	35	2	1192	205	1393	0.0	1677
95979cb5-e03b-46c4-9fe9-4ae1232ee113	NR_121687.1	91.894	1209	60	35	2	1192	225	1413	0.0	1655
95979cb5-e03b-46c4-9fe9-4ae1232ee113	NR_041988.1	91.563	1209	64	35	2	1192	163	1351	0.0	1633
95979cb5-e03b-46c4-9fe9-4ae1232ee113	NR_041989.1	91.570	1210	62	37	2	1192	163	1351	0.0	1633
95979cb5-e03b-46c4-9fe9-4ae1232ee113	NR_025892.1	91.060	1208	71	33	2	1192	231	1418	0.0	1622
cfead59a-e9b3-48eb-a10f-85eb198850b3	NR_116168.1	96.161	547	10	8	13	549	1386	841	0.0	883
cfead59a-e9b3-48eb-a10f-85eb198850b3	NR_042878.1	96.140	544	10	8	16	549	1362	820	0.0	878
cfead59a-e9b3-48eb-a10f-85eb198850b3	NR_118762.1	94.881	547	16	9	13	549	1388	844	0.0	856
cfead59a-e9b3-48eb-a10f-85eb198850b3	NR_118143.1	94.853	544	17	8	16	549	1364	822	0.0	839
cfead59a-e9b3-48eb-a10f-85eb198850b3	NR_025423.1	93.431	548	23	10	13	549	1370	825	0.0	800
62ccf065-8832-4ac3-aedb-fdcc7876d209	NR_024924.1	92.450	596	23	13	1	576	1124	531	0.0	832
62ccf065-8832-4ac3-aedb-fdcc7876d209	NR_102854.1	92.450	596	23	13	1	576	1133	540	0.0	832
62ccf065-8832-4ac3-aedb-fdcc7876d209	NR_115336.1	92.450	596	23	13	1	576	1119	526	0.0	832
62ccf065-8832-4ac3-aedb-fdcc7876d209	NR_134794.1	92.450	596	23	13	1	576	1076	483	0.0	832
62ccf065-8832-4ac3-aedb-fdcc7876d209	NR_135703.1	92.450	596	23	13	1	576	1145	552	0.0	832
14fa4c72-ea69-44b6-8722-b89896c73793	NR_109720.1	93.322	614	14	24	1	592	463	1071	0.0	881
14fa4c72-ea69-44b6-8722-b89896c73793	NR_115735.1	93.322	614	14	24	1	592	460	1068	0.0	881
14fa4c72-ea69-44b6-8722-b89896c73793	NR_116211.1	93.322	614	14	24	1	592	392	1000	0.0	881
14fa4c72-ea69-44b6-8722-b89896c73793	NR_178515.1	93.322	614	14	24	1	592	469	1077	0.0	881
14fa4c72-ea69-44b6-8722-b89896c73793	NR_024842.1	93.160	614	15	24	1	592	484	1092	0.0	878
de0c170c-661b-48dd-91bd-32df188985db	NR_117696.1	95.253	1243	39	19	1	1230	216	1451	0.0	1951
de0c170c-661b-48dd-91bd-32df188985db	NR_117717.1	95.173	1243	39	20	1	1230	250	1484	0.0	1943
de0c170c-661b-48dd-91bd-32df188985db	NR_117701.1	95.093	1243	41	19	1	1230	229	1464	0.0	1940
de0c170c-661b-48dd-91bd-32df188985db	NR_104947.1	95.292	1232	39	18	1	1219	202	1427	0.0	1936
de0c170c-661b-48dd-91bd-32df188985db	NR_121688.1	95.012	1243	42	19	1	1230	249	1484	0.0	1934
1c7d024d-5365-409b-8c4b-643bb25b845a	NR_024901.1	95.075	731	19	14	1	717	734	7	0.0	1134
1c7d024d-5365-409b-8c4b-643bb25b845a	NR_024928.1	95.075	731	19	14	1	717	734	7	0.0	1134
1c7d024d-5365-409b-8c4b-643bb25b845a	NR_156986.1	95.075	731	19	14	1	717	729	2	0.0	1134
1c7d024d-5365-409b-8c4b-643bb25b845a	NR_156987.1	94.938	731	20	14	1	717	729	2	0.0	1129
1c7d024d-5365-409b-8c4b-643bb25b845a	NR_199513.1	94.932	730	22	12	1	717	748	21	0.0	1129
7ec5ea15-54c2-476e-a450-34a18c5f13cb	NR_117694.1	93.774	787	28	17	8	783	636	1412	0.0	1162
7ec5ea15-54c2-476e-a450-34a18c5f13cb	NR_041989.1	94.171	772	25	17	8	769	594	1355	0.0	1158
7ec5ea15-54c2-476e-a450-34a18c5f13cb	NR_178369.1	94.156	770	25	16	25	783	623	1383	0.0	1155
7ec5ea15-54c2-476e-a450-34a18c5f13cb	NR_025892.1	93.393	787	31	17	8	783	661	1437	0.0	1151
7ec5ea15-54c2-476e-a450-34a18c5f13cb	NR_121687.1	93.520	787	30	17	8	783	656	1432	0.0	1151
a6619129-fbaf-4ee0-8492-1b23187dd333	NR_024912.1	96.254	1495	28	23	1	1483	1484	6	0.0	2425
a6619129-fbaf-4ee0-8492-1b23187dd333	NR_024928.1	96.054	1495	31	23	1	1483	1484	6	0.0	2410
a6619129-fbaf-4ee0-8492-1b23187dd333	NR_199513.1	96.054	1495	33	21	1	1484	1498	19	0.0	2410
a6619129-fbaf-4ee0-8492-1b23187dd333	NR_199514.1	96.056	1496	29	25	1	1483	1491	13	0.0	2409
a6619129-fbaf-4ee0-8492-1b23187dd333	NR_042147.1	96.167	1487	29	23	1	1475	1471	1	0.0	2405
d7d16f5b-bdbb-4e9c-b9ff-8bacb60b6fea	NR_117694.1	94.746	1123	34	19	4	1112	1112	1	0.0	1724
d7d16f5b-bdbb-4e9c-b9ff-8bacb60b6fea	NR_121687.1	93.800	1129	45	20	4	1118	1132	15	0.0	1674
d7d16f5b-bdbb-4e9c-b9ff-8bacb60b6fea	NR_025892.1	93.180	1129	51	20	4	1118	1137	21	0.0	1661
d7d16f5b-bdbb-4e9c-b9ff-8bacb60b6fea	NR_117692.1	93.244	1125	47	22	4	1112	1112	1	0.0	1629
d7d16f5b-bdbb-4e9c-b9ff-8bacb60b6fea	NR_041989.1	93.808	1082	40	21	4	1070	1070	1	0.0	1602
651ede03-f117-442b-ba69-6152217bf527	NR_118143.1	96.061	1371	32	19	91	1449	1364	4	0.0	2215
651ede03-f117-442b-ba69-6152217bf527	NR_116168.1	93.614	1472	67	24	4	1462	1471	14	0.0	2172
651ede03-f117-442b-ba69-6152217bf527	NR_025423.1	93.383	1466	74	20	4	1457	1455	1	0.0	2148
651ede03-f117-442b-ba69-6152217bf527	NR_118762.1	92.062	1474	89	25	4	1464	1473	15	0.0	2091
651ede03-f117-442b-ba69-6152217bf527	NR_026030.1	92.103	1469	85	26	4	1456	1454	1	0.0	2050
19e30fcd-f97a-4f5a-bc32-3c5b741d13ee	NR_074980.1	96.631	653	18	4	1	652	661	12	0.0	1081
19e30fcd-f97a-4f5a-bc32-3c5b741d13ee	NR_113031.1	96.631	653	18	4	1	652	661	12	0.0	1081
19e30fcd-f97a-4f5a-bc32-3c5b741d13ee	NR_119168.1	97.335	638	14	3	1	637	639	4	0.0	1081
19e30fcd-f97a-4f5a-bc32-3c5b741d13ee	NR_117759.1	97.022	638	16	3	1	637	637	2	0.0	1072
19e30fcd-f97a-4f5a-bc32-3c5b741d13ee	NR_043332.1	97.013	636	16	3	1	635	634	1	0.0	1068
8baec2b0-dd63-4637-a0e6-2659e91a73b6	NR_113564.1	92.958	568	21	14	1	554	1153	591	0.0	809
8baec2b0-dd63-4637-a0e6-2659e91a73b6	NR_026095.1	92.782	568	22	14	1	554	1153	591	0.0	804
8baec2b0-dd63-4637-a0e6-2659e91a73b6	NR_074505.1	90.669	568	34	14	1	554	1153	591	0.0	737
8baec2b0-dd63-4637-a0e6-2659e91a73b6	NR_113563.1	90.669	568	34	14	1	554	1153	591	0.0	737
8baec2b0-dd63-4637-a0e6-2659e91a73b6	NR_027581.1	90.493	568	35	14	1	554	1152	590	0.0	732
83e47f0c-bf1e-4058-9f93-834e1a5a1b80	NR_044091.1	97.249	618	11	6	1	615	426	1040	0.0	1042
83e47f0c-bf1e-4058-9f93-834e1a5a1b80	NR_113570.1	97.222	612	11	6	1	609	519	1127	0.0	1031
83e47f0c-bf1e-4058-9f93-834e1a5a1b80	NR_025762.1	96.895	612	13	6	1	609	490	1098	0.0	1020
83e47f0c-bf1e-4058-9f93-834e1a5a1b80	NR_041879.1	96.895	612	13	6	1	609	469	1077	0.0	1020
83e47f0c-bf1e-4058-9f93-834e1a5a1b80	NR_043332.1	96.732	612	14	6	1	609	512	1120	0.0	1020
dc24cb71-7c67-42dd-b14b-5d4cb9152f69	NR_178515.1	95.172	787	24	11	1	781	779	1	0.0	1230
dc24cb71-7c67-42dd-b14b-5d4cb9152f69	NR_165737.1	95.044	787	25	11	1	781	779	1	0.0	1225
dc24cb71-7c67-42dd-b14b-5d4cb9152f69	NR_036936.1	94.663	787	28	11	1	781	779	1	0.0	1210
dc24cb71-7c67-42dd-b14b-5d4cb9152f69	NR_024842.1	94.221	796	30	13	1	789	794	8	0.0	1205
dc24cb71-7c67-42dd-b14b-5d4cb9152f69	NR_114413.1	94.207	794	34	11	1	789	802	16	0.0	1201
e5234d68-17c7-48e3-83c5-b4e0400750b6	NR_074980.1	94.198	1241	37	27	3	1222	1239	13	0.0	1860
e5234d68-17c7-48e3-83c5-b4e0400750b6	NR_113031.1	94.198	1241	37	27	3	1222	1239	13	0.0	1860
e5234d68-17c7-48e3-83c5-b4e0400750b6	NR_113570.1	94.079	1233	37	28	3	1213	1219	1	0.0	1840
e5234d68-17c7-48e3-83c5-b4e0400750b6	NR_117759.1	94.060	1229	38	27	3	1210	1215	1	0.0	1836
e5234d68-17c7-48e3-83c5-b4e0400750b6	NR_043332.1	94.046	1226	38	27	3	1207	1212	1	0.0	1832
dce8df76-e9dc-4382-8c67-45480424cf16	NR_117694.1	96.707	1002	16	15	1	995	340	1331	0.0	1652
dce8df76-e9dc-4382-8c67-45480424cf16	NR_121687.1	96.307	1002	20	15	1	995	360	1351	0.0	1629
dce8df76-e9dc-4382-8c67-45480424cf16	NR_025892.1	95.709	1002	25	16	1	995	366	1356	0.0	1615
dce8df76-e9dc-4382-8c67-45480424cf16	NR_041988.1	95.908	1002	24	15	1	995	298	1289	0.0	1607
dce8df76-e9dc-4382-8c67-45480424cf16	NR_041989.1	95.912	1003	22	17	1	995	298	1289	0.0	1607
b69aa43a-6e0b-478a-85cd-1135e09785bc	NR_156986.1	95.269	930	25	17	74	993	928	8	0.0	1456
b69aa43a-6e0b-478a-85cd-1135e09785bc	NR_178976.1	95.259	928	25	17	74	991	919	1	0.0	1452
b69aa43a-6e0b-478a-85cd-1135e09785bc	NR_024901.1	95.161	930	26	17	74	993	933	13	0.0	1450
b69aa43a-6e0b-478a-85cd-1135e09785bc	NR_024928.1	95.161	930	26	17	74	993	933	13	0.0	1450
b69aa43a-6e0b-478a-85cd-1135e09785bc	NR_113600.1	95.156	929	26	17	74	992	920	1	0.0	1450
023a379f-37a6-4826-bb6c-abb0ffc7c7f6	NR_025903.1	97.643	1485	14	14	1	1466	1488	6	0.0	2529
023a379f-37a6-4826-bb6c-abb0ffc7c7f6	NR_133753.1	97.758	1427	14	11	18	1427	1426	1	0.0	2442
023a379f-37a6-4826-bb6c-abb0ffc7c7f6	NR_026419.1	96.533	1471	32	12	1	1453	1477	8	0.0	2416
023a379f-37a6-4826-bb6c-abb0ffc7c7f6	NR_025904.1	96.164	1486	34	16	1	1466	1487	5	0.0	2407
023a379f-37a6-4826-bb6c-abb0ffc7c7f6	NR_133752.1	97.779	1396	14	10	18	1397	1397	3	0.0	2390
0c3030be-d668-4e44-ba9f-0d4bd5c453bf	NR_179540.1	95.045	888	36	7	1	885	610	1492	0.0	1389
0c3030be-d668-4e44-ba9f-0d4bd5c453bf	NR_117719.1	94.938	889	36	8	1	885	610	1493	0.0	1384
0c3030be-d668-4e44-ba9f-0d4bd5c453bf	NR_028664.1	94.826	889	37	8	1	885	613	1496	0.0	1378
0c3030be-d668-4e44-ba9f-0d4bd5c453bf	NR_179383.1	94.826	889	37	8	1	885	617	1500	0.0	1378
0c3030be-d668-4e44-ba9f-0d4bd5c453bf	NR_179385.1	94.820	888	38	7	1	885	614	1496	0.0	1378
682d8e76-7f50-45a5-9a27-cb569de820d7	NR_117425.1	92.771	498	23	13	1	489	575	82	0.0	708
682d8e76-7f50-45a5-9a27-cb569de820d7	NR_178515.1	92.771	498	23	13	1	489	572	79	0.0	708
682d8e76-7f50-45a5-9a27-cb569de820d7	NR_036936.1	92.570	498	24	13	1	489	572	79	0.0	702
682d8e76-7f50-45a5-9a27-cb569de820d7	NR_114537.1	92.369	498	25	13	1	489	559	66	0.0	697
682d8e76-7f50-45a5-9a27-cb569de820d7	NR_165737.1	92.369	498	25	13	1	489	572	79	0.0	697
9500bb02-6f87-49d3-8c9b-c24318ec9299	NR_040859.1	91.875	160	10	3	3	160	1424	1266	1.68e-57	220
9500bb02-6f87-49d3-8c9b-c24318ec9299	NR_028826.1	92.357	157	9	3	3	157	1415	1260	1.68e-57	220
9500bb02-6f87-49d3-8c9b-c24318ec9299	NR_040992.1	91.875	160	10	3	3	160	1432	1274	1.68e-57	220
9500bb02-6f87-49d3-8c9b-c24318ec9299	NR_025881.1	91.875	160	10	3	3	160	1430	1272	1.68e-57	220
9500bb02-6f87-49d3-8c9b-c24318ec9299	NR_026395.1	92.357	157	9	3	3	157	1432	1277	1.68e-57	220
8dfdcb3d-8ce6-432e-86a8-f8096f15100d	NR_117694.1	86.501	563	58	15	10	560	557	1	5.68e-172	603
8dfdcb3d-8ce6-432e-86a8-f8096f15100d	NR_025892.1	84.902	563	67	15	10	560	583	27	5.76e-162	569
8dfdcb3d-8ce6-432e-86a8-f8096f15100d	NR_121687.1	84.902	563	67	17	10	560	577	21	5.80e-157	553
8dfdcb3d-8ce6-432e-86a8-f8096f15100d	NR_117692.1	84.875	562	69	15	10	560	557	1	5.80e-157	553
8dfdcb3d-8ce6-432e-86a8-f8096f15100d	NR_113570.1	90.503	358	22	10	1	348	586	231	1.01e-129	462
44612472-9033-431b-93c5-cc6593a223ac	NR_117694.1	96.807	1096	16	16	1	1085	1094	7	0.0	1812
44612472-9033-431b-93c5-cc6593a223ac	NR_025892.1	95.255	1096	32	18	1	1085	1119	33	0.0	1744
44612472-9033-431b-93c5-cc6593a223ac	NR_121687.1	95.624	1097	27	18	1	1085	1114	27	0.0	1740
44612472-9033-431b-93c5-cc6593a223ac	NR_041989.1	96.226	1060	22	16	1	1052	1052	3	0.0	1720
44612472-9033-431b-93c5-cc6593a223ac	NR_117692.1	95.264	1098	29	19	1	1085	1094	7	0.0	1718
f7c7a057-d549-4907-959c-494fc0f4da00	NR_156986.1	92.431	1308	71	22	1	1295	1293	1	0.0	1842
f7c7a057-d549-4907-959c-494fc0f4da00	NR_199514.1	93.466	1255	57	20	53	1295	1254	13	0.0	1840
f7c7a057-d549-4907-959c-494fc0f4da00	NR_156987.1	92.355	1308	72	22	1	1295	1293	1	0.0	1836
f7c7a057-d549-4907-959c-494fc0f4da00	NR_199513.1	93.317	1257	59	19	53	1297	1261	18	0.0	1832
f7c7a057-d549-4907-959c-494fc0f4da00	NR_024901.1	93.307	1255	59	19	53	1295	1247	6	0.0	1829
a6df15ad-c6dd-4422-9770-8d1b939707bc	NR_156986.1	90.864	1401	58	46	4	1357	1379	2	0.0	1814
a6df15ad-c6dd-4422-9770-8d1b939707bc	NR_156987.1	90.792	1401	59	46	4	1357	1379	2	0.0	1808
a6df15ad-c6dd-4422-9770-8d1b939707bc	NR_178976.1	90.883	1393	57	46	4	1349	1370	1	0.0	1807
a6df15ad-c6dd-4422-9770-8d1b939707bc	NR_024912.1	90.728	1402	58	48	4	1357	1384	7	0.0	1803
a6df15ad-c6dd-4422-9770-8d1b939707bc	NR_113600.1	90.818	1394	58	46	4	1350	1371	1	0.0	1803
c340b2bd-d2de-407e-943e-86cea110bd7e	NR_044091.1	91.071	168	8	5	1	161	120	287	1.77e-57	220
c340b2bd-d2de-407e-943e-86cea110bd7e	NR_041880.1	90.476	168	9	5	1	161	162	329	8.23e-56	215
c340b2bd-d2de-407e-943e-86cea110bd7e	NR_025762.1	90.476	168	9	5	1	161	184	351	8.23e-56	215
c340b2bd-d2de-407e-943e-86cea110bd7e	NR_041879.1	90.476	168	9	5	1	161	163	330	8.23e-56	215
c340b2bd-d2de-407e-943e-86cea110bd7e	NR_042940.1	90.476	168	9	5	1	161	118	285	8.23e-56	215
eed30bcb-c869-450e-971f-b3c139a9c324	NR_117694.1	91.049	1363	55	52	1	1316	1343	1	0.0	1779
eed30bcb-c869-450e-971f-b3c139a9c324	NR_121687.1	90.306	1372	64	54	1	1324	1363	13	0.0	1733
eed30bcb-c869-450e-971f-b3c139a9c324	NR_025892.1	89.781	1370	74	51	1	1324	1368	19	0.0	1720
eed30bcb-c869-450e-971f-b3c139a9c324	NR_041989.1	90.840	1321	59	47	1	1279	1301	1	0.0	1712
eed30bcb-c869-450e-971f-b3c139a9c324	NR_117692.1	89.875	1363	71	52	1	1316	1343	1	0.0	1690
5d848233-18f0-4ca0-a991-9a411d12b10c	NR_024918.1	97.395	806	13	7	15	817	679	1479	0.0	1365
5d848233-18f0-4ca0-a991-9a411d12b10c	NR_041799.1	97.395	806	13	7	15	817	666	1466	0.0	1365
5d848233-18f0-4ca0-a991-9a411d12b10c	NR_116899.1	97.395	806	13	7	15	817	653	1453	0.0	1365
5d848233-18f0-4ca0-a991-9a411d12b10c	NR_117823.1	97.395	806	13	7	15	817	638	1438	0.0	1365
5d848233-18f0-4ca0-a991-9a411d12b10c	NR_164626.1	97.395	806	13	7	15	817	676	1476	0.0	1365
e69b8cfb-6ec7-4245-9206-6e9bd53f65fa	NR_199545.1	96.988	1328	30	8	1	1322	169	1492	0.0	2222
e69b8cfb-6ec7-4245-9206-6e9bd53f65fa	NR_175455.1	96.915	1329	31	10	1	1322	157	1482	0.0	2218
e69b8cfb-6ec7-4245-9206-6e9bd53f65fa	NR_117719.1	96.837	1328	33	9	1	1322	169	1493	0.0	2211
e69b8cfb-6ec7-4245-9206-6e9bd53f65fa	NR_179385.1	96.837	1328	32	8	1	1322	173	1496	0.0	2211
e69b8cfb-6ec7-4245-9206-6e9bd53f65fa	NR_165744.1	96.828	1324	32	8	1	1318	158	1477	0.0	2204
4527ae1e-6c20-4fb5-ab7d-2a2fd0510623	NR_117694.1	97.813	823	8	9	5	820	648	1467	0.0	1411
4527ae1e-6c20-4fb5-ab7d-2a2fd0510623	NR_025892.1	97.430	817	11	9	5	814	673	1486	0.0	1389
4527ae1e-6c20-4fb5-ab7d-2a2fd0510623	NR_121687.1	97.327	823	12	9	5	820	668	1487	0.0	1389
4527ae1e-6c20-4fb5-ab7d-2a2fd0510623	NR_117692.1	97.327	823	12	9	5	820	648	1467	0.0	1389
4527ae1e-6c20-4fb5-ab7d-2a2fd0510623	NR_025902.1	97.084	823	14	9	5	820	626	1445	0.0	1378
f61d6f38-690e-4606-b383-579220b95d00	NR_024901.1	93.742	751	16	24	1	729	755	14	0.0	1098
f61d6f38-690e-4606-b383-579220b95d00	NR_024928.1	93.742	751	16	24	1	729	755	14	0.0	1098
f61d6f38-690e-4606-b383-579220b95d00	NR_113583.1	93.742	751	16	24	1	729	742	1	0.0	1098
f61d6f38-690e-4606-b383-579220b95d00	NR_114225.1	93.742	751	16	24	1	729	742	1	0.0	1098
f61d6f38-690e-4606-b383-579220b95d00	NR_156986.1	93.742	751	16	23	1	729	750	9	0.0	1098
6951aa79-a237-451f-8b08-bdd7d508d32a	NR_024912.1	91.753	485	20	15	4	475	483	6	0.0	656
6951aa79-a237-451f-8b08-bdd7d508d32a	NR_156986.1	91.753	485	20	15	4	475	478	1	0.0	656
6951aa79-a237-451f-8b08-bdd7d508d32a	NR_024901.1	91.546	485	21	15	4	475	483	6	0.0	651
6951aa79-a237-451f-8b08-bdd7d508d32a	NR_024928.1	91.546	485	21	15	4	475	483	6	0.0	651
6951aa79-a237-451f-8b08-bdd7d508d32a	NR_156987.1	91.546	485	21	15	4	475	478	1	0.0	651
4ecf6ce3-b035-4a83-95ac-794726ba2a57	NR_042878.1	93.422	973	30	24	1	949	1133	171	0.0	1413
4ecf6ce3-b035-4a83-95ac-794726ba2a57	NR_116168.1	93.422	973	30	24	1	949	1154	192	0.0	1411
4ecf6ce3-b035-4a83-95ac-794726ba2a57	NR_118762.1	91.881	973	44	25	1	949	1156	195	0.0	1354
4ecf6ce3-b035-4a83-95ac-794726ba2a57	NR_118143.1	92.380	958	42	22	1	937	1135	188	0.0	1338
4ecf6ce3-b035-4a83-95ac-794726ba2a57	NR_118760.1	88.866	961	70	30	1	937	1158	211	0.0	1162
8c1106c0-692a-4db0-9bd2-e29980c952dc	NR_113600.1	96.557	1423	33	15	5	1418	35	1450	0.0	2344
8c1106c0-692a-4db0-9bd2-e29980c952dc	NR_024928.1	96.486	1423	34	15	5	1418	48	1463	0.0	2338
8c1106c0-692a-4db0-9bd2-e29980c952dc	NR_114225.1	96.486	1423	34	15	5	1418	35	1450	0.0	2338
8c1106c0-692a-4db0-9bd2-e29980c952dc	NR_199514.1	96.419	1424	35	15	5	1419	55	1471	0.0	2333
8c1106c0-692a-4db0-9bd2-e29980c952dc	NR_024901.1	96.416	1423	35	15	5	1418	48	1463	0.0	2331
07ee8e44-74ce-4434-81dd-ebb2bd7fbe27	NR_024928.1	92.733	1500	51	40	59	1525	5	1479	0.0	2115
07ee8e44-74ce-4434-81dd-ebb2bd7fbe27	NR_024901.1	92.667	1500	52	40	59	1525	5	1479	0.0	2108
07ee8e44-74ce-4434-81dd-ebb2bd7fbe27	NR_199513.1	92.548	1503	53	40	56	1525	17	1493	0.0	2100
07ee8e44-74ce-4434-81dd-ebb2bd7fbe27	NR_024927.1	92.462	1499	57	38	59	1525	5	1479	0.0	2091
07ee8e44-74ce-4434-81dd-ebb2bd7fbe27	NR_114225.1	92.670	1487	51	40	68	1521	1	1462	0.0	2091
