498249fb-50d0-4f23-b5d2-3e29fb4e137c	NR_156986.1	94.828	1276	36	27	1	1261	1262	2	0.0	1964
498249fb-50d0-4f23-b5d2-3e29fb4e137c	NR_156987.1	94.749	1276	37	27	1	1261	1262	2	0.0	1958
498249fb-50d0-4f23-b5d2-3e29fb4e137c	NR_178976.1	94.949	1267	34	27	2	1253	1252	1	0.0	1958
498249fb-50d0-4f23-b5d2-3e29fb4e137c	NR_024928.1	94.679	1278	38	27	2	1264	1266	4	0.0	1956
498249fb-50d0-4f23-b5d2-3e29fb4e137c	NR_199514.1	94.679	1278	38	27	2	1264	1273	11	0.0	1956
982a3593-76b9-4891-94c9-f493d7106a07	NR_043314.1	96.610	413	3	7	1	409	1074	1479	0.0	675
982a3593-76b9-4891-94c9-f493d7106a07	NR_114749.1	96.610	413	3	7	1	409	1076	1481	0.0	675
982a3593-76b9-4891-94c9-f493d7106a07	NR_116899.1	96.610	413	3	7	1	409	1043	1448	0.0	675
982a3593-76b9-4891-94c9-f493d7106a07	NR_178854.1	96.610	413	3	7	1	409	1055	1460	0.0	675
982a3593-76b9-4891-94c9-f493d7106a07	NR_179889.1	96.610	413	3	7	1	409	1083	1488	0.0	675
23ff24d5-eab6-47e6-8336-270cf1ef6646	NR_044153.1	90.127	314	20	8	62	366	806	495	5.04e-111	399
23ff24d5-eab6-47e6-8336-270cf1ef6646	NR_042940.1	90.127	314	20	8	62	366	718	407	1.81e-110	398
23ff24d5-eab6-47e6-8336-270cf1ef6646	NR_074980.1	90.127	314	20	8	62	366	833	522	1.81e-110	398
23ff24d5-eab6-47e6-8336-270cf1ef6646	NR_113031.1	90.127	314	20	8	62	366	833	522	1.81e-110	398
23ff24d5-eab6-47e6-8336-270cf1ef6646	NR_113570.1	90.127	314	20	8	62	366	813	502	1.81e-110	398
30033452-3a9e-4106-8bfd-89fe25064d0f	NR_156986.1	94.218	1176	31	30	6	1162	1158	1	0.0	1760
30033452-3a9e-4106-8bfd-89fe25064d0f	NR_024928.1	94.133	1176	32	30	6	1162	1163	6	0.0	1755
30033452-3a9e-4106-8bfd-89fe25064d0f	NR_156987.1	94.133	1176	32	30	6	1162	1158	1	0.0	1755
30033452-3a9e-4106-8bfd-89fe25064d0f	NR_178976.1	94.340	1166	30	29	6	1152	1149	1	0.0	1755
30033452-3a9e-4106-8bfd-89fe25064d0f	NR_199514.1	94.133	1176	32	30	6	1162	1170	13	0.0	1755
fa1a4ce1-cca6-420e-8f77-613e5d5a305f	NR_041953.1	97.146	1051	16	13	1	1041	422	1468	0.0	1762
fa1a4ce1-cca6-420e-8f77-613e5d5a305f	NR_042541.1	97.146	1051	16	13	1	1041	422	1468	0.0	1762
fa1a4ce1-cca6-420e-8f77-613e5d5a305f	NR_179889.1	97.050	1051	17	13	1	1041	449	1495	0.0	1757
fa1a4ce1-cca6-420e-8f77-613e5d5a305f	NR_178854.1	96.955	1051	17	14	1	1041	422	1467	0.0	1749
fa1a4ce1-cca6-420e-8f77-613e5d5a305f	NR_178447.1	96.860	1051	19	13	1	1041	356	1402	0.0	1746
8e742e15-eac8-48b4-9a38-c5e7e0b024ee	NR_024901.1	97.462	197	3	2	1	196	209	14	7.49e-92	335
8e742e15-eac8-48b4-9a38-c5e7e0b024ee	NR_024912.1	97.462	197	3	2	1	196	209	14	7.49e-92	335
8e742e15-eac8-48b4-9a38-c5e7e0b024ee	NR_024927.1	97.462	197	3	2	1	196	209	14	7.49e-92	335
8e742e15-eac8-48b4-9a38-c5e7e0b024ee	NR_024928.1	97.462	197	3	2	1	196	209	14	7.49e-92	335
8e742e15-eac8-48b4-9a38-c5e7e0b024ee	NR_025164.1	97.462	197	3	2	1	196	196	1	7.49e-92	335
71f56b1b-7a0a-4fd9-8995-e387b91bc02b	NR_041799.1	93.026	717	33	14	6	714	759	1466	0.0	1031
71f56b1b-7a0a-4fd9-8995-e387b91bc02b	NR_117823.1	93.026	717	33	14	6	714	731	1438	0.0	1031
71f56b1b-7a0a-4fd9-8995-e387b91bc02b	NR_181265.1	93.026	717	33	14	6	714	786	1493	0.0	1031
71f56b1b-7a0a-4fd9-8995-e387b91bc02b	NR_043314.1	92.887	717	35	14	6	714	776	1484	0.0	1027
71f56b1b-7a0a-4fd9-8995-e387b91bc02b	NR_181730.1	93.007	715	33	14	6	712	765	1470	0.0	1027
cc7f77c8-251f-47b2-8f74-7fcdd7f0fdba	NR_156986.1	94.703	1397	38	30	10	1387	1380	1	0.0	2137
cc7f77c8-251f-47b2-8f74-7fcdd7f0fdba	NR_156987.1	94.631	1397	39	30	10	1387	1380	1	0.0	2132
cc7f77c8-251f-47b2-8f74-7fcdd7f0fdba	NR_037092.1	94.548	1394	41	30	10	1387	1385	11	0.0	2121
cc7f77c8-251f-47b2-8f74-7fcdd7f0fdba	NR_113600.1	94.600	1389	39	30	10	1379	1372	1	0.0	2119
cc7f77c8-251f-47b2-8f74-7fcdd7f0fdba	NR_024928.1	94.417	1397	42	30	10	1387	1385	6	0.0	2117
566b396c-124d-450c-a0b6-f753c6100028	NR_199513.1	91.187	1407	74	43	3	1385	1399	19	0.0	1866
566b396c-124d-450c-a0b6-f753c6100028	NR_024928.1	91.116	1407	73	44	3	1384	1385	6	0.0	1860
566b396c-124d-450c-a0b6-f753c6100028	NR_156986.1	91.116	1407	73	44	3	1384	1380	1	0.0	1858
566b396c-124d-450c-a0b6-f753c6100028	NR_024901.1	91.045	1407	74	44	3	1384	1385	6	0.0	1853
566b396c-124d-450c-a0b6-f753c6100028	NR_156987.1	91.045	1407	74	44	3	1384	1380	1	0.0	1853
359028c6-9d8c-46ad-88f1-0a1638b4e0c4	NR_028664.1	91.212	330	13	13	1	318	299	624	1.19e-121	435
359028c6-9d8c-46ad-88f1-0a1638b4e0c4	NR_042771.1	91.212	330	13	13	1	318	296	621	1.19e-121	435
359028c6-9d8c-46ad-88f1-0a1638b4e0c4	NR_042927.1	91.212	330	13	13	1	318	278	603	1.19e-121	435
359028c6-9d8c-46ad-88f1-0a1638b4e0c4	NR_042928.1	91.212	330	13	13	1	318	276	601	1.19e-121	435
359028c6-9d8c-46ad-88f1-0a1638b4e0c4	NR_112026.1	91.212	330	13	13	1	318	259	584	1.19e-121	435
4a9e6005-2b13-45bc-94ad-2e258c87e125	NR_181891.1	96.101	872	18	14	1	865	347	1209	0.0	1408
4a9e6005-2b13-45bc-94ad-2e258c87e125	NR_181891.1	88.038	836	37	44	862	1654	1200	385	0.0	931
4a9e6005-2b13-45bc-94ad-2e258c87e125	NR_199513.1	96.101	872	18	14	1	865	351	1213	0.0	1408
4a9e6005-2b13-45bc-94ad-2e258c87e125	NR_199513.1	88.038	836	37	44	862	1654	1204	389	0.0	931
4a9e6005-2b13-45bc-94ad-2e258c87e125	NR_041953.1	95.986	872	19	14	1	865	324	1186	0.0	1402
4a9e6005-2b13-45bc-94ad-2e258c87e125	NR_041953.1	88.038	836	37	44	862	1654	1177	362	0.0	931
4a9e6005-2b13-45bc-94ad-2e258c87e125	NR_178447.1	95.986	872	19	14	1	865	258	1120	0.0	1402
4a9e6005-2b13-45bc-94ad-2e258c87e125	NR_178447.1	88.038	836	37	44	862	1654	1111	296	0.0	931
4a9e6005-2b13-45bc-94ad-2e258c87e125	NR_042541.1	95.872	872	20	14	1	865	324	1186	0.0	1397
4a9e6005-2b13-45bc-94ad-2e258c87e125	NR_042541.1	87.919	836	38	44	862	1654	1177	362	0.0	926
da815632-8bdb-43fd-b7de-91543bce3bc9	NR_028664.1	96.578	263	7	2	16	277	1210	949	1.03e-121	435
da815632-8bdb-43fd-b7de-91543bce3bc9	NR_042928.1	96.578	263	7	2	16	277	1187	926	1.03e-121	435
da815632-8bdb-43fd-b7de-91543bce3bc9	NR_115240.1	96.578	263	7	2	16	277	1187	926	1.03e-121	435
da815632-8bdb-43fd-b7de-91543bce3bc9	NR_115560.1	96.578	263	7	2	16	277	1207	946	1.03e-121	435
da815632-8bdb-43fd-b7de-91543bce3bc9	NR_115732.1	96.578	263	7	2	16	277	1189	928	1.03e-121	435
a6829c91-f038-4717-be96-2a206eb6bf6c	NR_024901.1	96.044	733	13	14	1	721	734	6	0.0	1179
a6829c91-f038-4717-be96-2a206eb6bf6c	NR_024928.1	96.044	733	13	14	1	721	734	6	0.0	1179
a6829c91-f038-4717-be96-2a206eb6bf6c	NR_156986.1	96.044	733	13	14	1	721	729	1	0.0	1179
a6829c91-f038-4717-be96-2a206eb6bf6c	NR_199513.1	95.907	733	18	11	1	723	748	18	0.0	1177
a6829c91-f038-4717-be96-2a206eb6bf6c	NR_156987.1	95.907	733	14	14	1	721	729	1	0.0	1173
fcd64809-ef82-42f3-8600-6245d713c86a	NR_116168.1	95.700	814	16	14	1	797	827	16	0.0	1291
fcd64809-ef82-42f3-8600-6245d713c86a	NR_042878.1	95.173	808	20	14	1	791	806	1	0.0	1267
fcd64809-ef82-42f3-8600-6245d713c86a	NR_118762.1	93.489	814	34	14	1	797	830	19	0.0	1219
fcd64809-ef82-42f3-8600-6245d713c86a	NR_025423.1	92.875	814	33	19	2	794	810	1	0.0	1158
fcd64809-ef82-42f3-8600-6245d713c86a	NR_118143.1	92.840	810	37	16	1	791	808	1	0.0	1157
074edc68-50c4-48d4-8a30-bddba9441d73	NR_178369.1	90.814	1339	71	39	1	1296	63	1392	0.0	1744
074edc68-50c4-48d4-8a30-bddba9441d73	NR_116767.1	89.638	1380	82	46	6	1337	97	1463	0.0	1703
074edc68-50c4-48d4-8a30-bddba9441d73	NR_104685.1	89.329	1387	91	42	1	1341	113	1488	0.0	1688
074edc68-50c4-48d4-8a30-bddba9441d73	NR_181569.1	89.348	1380	94	42	6	1341	119	1489	0.0	1685
074edc68-50c4-48d4-8a30-bddba9441d73	NR_180436.1	89.033	1386	97	40	1	1341	112	1487	0.0	1666
55d2d96f-70ee-41c9-98cf-71247e6393bc	NR_117717.1	97.522	565	9	5	7	570	932	1492	0.0	961
55d2d96f-70ee-41c9-98cf-71247e6393bc	NR_117696.1	97.522	565	9	5	7	570	899	1459	0.0	961
55d2d96f-70ee-41c9-98cf-71247e6393bc	NR_159079.1	97.345	565	10	5	7	570	908	1468	0.0	955
55d2d96f-70ee-41c9-98cf-71247e6393bc	NR_117694.1	97.345	565	10	5	7	570	912	1472	0.0	955
55d2d96f-70ee-41c9-98cf-71247e6393bc	NR_025902.1	97.168	565	11	5	7	570	890	1450	0.0	950
04306305-6294-452b-a15b-9ae09e12dead	NR_199513.1	94.493	799	18	21	1	786	804	19	0.0	1208
04306305-6294-452b-a15b-9ae09e12dead	NR_024901.1	94.493	799	16	22	1	785	790	6	0.0	1206
04306305-6294-452b-a15b-9ae09e12dead	NR_024928.1	94.493	799	16	22	1	785	790	6	0.0	1206
04306305-6294-452b-a15b-9ae09e12dead	NR_156986.1	94.493	799	16	22	1	785	785	1	0.0	1206
04306305-6294-452b-a15b-9ae09e12dead	NR_156987.1	94.368	799	17	22	1	785	785	1	0.0	1201
914307a0-abde-42d9-acea-fb47799e64f4	NR_036998.1	96.429	280	7	3	3	280	1188	1466	6.12e-129	459
914307a0-abde-42d9-acea-fb47799e64f4	NR_043314.1	96.429	280	7	3	3	280	1207	1485	6.12e-129	459
914307a0-abde-42d9-acea-fb47799e64f4	NR_114793.1	96.429	280	7	3	3	280	1081	1359	6.12e-129	459
914307a0-abde-42d9-acea-fb47799e64f4	NR_114749.1	96.429	280	7	3	3	280	1209	1487	6.12e-129	459
914307a0-abde-42d9-acea-fb47799e64f4	NR_116899.1	96.429	280	7	3	3	280	1176	1454	6.12e-129	459
541ade47-a041-47d9-a4e7-90ed5cfa448a	NR_026474.1	88.889	180	16	4	13	189	1275	1453	7.51e-57	219
541ade47-a041-47d9-a4e7-90ed5cfa448a	NR_025284.1	88.889	180	16	4	13	189	1282	1460	7.51e-57	219
541ade47-a041-47d9-a4e7-90ed5cfa448a	NR_027211.1	88.889	180	16	4	13	189	1297	1475	7.51e-57	219
541ade47-a041-47d9-a4e7-90ed5cfa448a	NR_027224.1	88.889	180	16	4	13	189	1297	1475	7.51e-57	219
541ade47-a041-47d9-a4e7-90ed5cfa448a	NR_040797.1	88.889	180	16	4	13	189	1284	1462	7.51e-57	219
a9ffdce4-ceaa-47d7-aa26-1a640a1cf103	NR_043332.1	94.690	113	4	2	1	112	1341	1230	9.42e-44	174
a9ffdce4-ceaa-47d7-aa26-1a640a1cf103	NR_074980.1	94.690	113	4	2	1	112	1368	1257	9.42e-44	174
a9ffdce4-ceaa-47d7-aa26-1a640a1cf103	NR_113031.1	94.690	113	4	2	1	112	1368	1257	9.42e-44	174
a9ffdce4-ceaa-47d7-aa26-1a640a1cf103	NR_113570.1	94.690	113	4	2	1	112	1348	1237	9.42e-44	174
a9ffdce4-ceaa-47d7-aa26-1a640a1cf103	NR_117759.1	94.690	113	4	2	1	112	1344	1233	9.42e-44	174
4e88dc8e-7443-4b8e-a0b9-de5f6ab1946d	NR_043314.1	92.143	280	4	13	1	266	1472	1197	4.69e-105	379
4e88dc8e-7443-4b8e-a0b9-de5f6ab1946d	NR_114225.1	92.143	280	4	13	1	266	1454	1179	4.69e-105	379
4e88dc8e-7443-4b8e-a0b9-de5f6ab1946d	NR_114749.1	92.143	280	4	13	1	266	1474	1199	4.69e-105	379
4e88dc8e-7443-4b8e-a0b9-de5f6ab1946d	NR_116905.1	91.429	280	6	13	1	266	1475	1200	1.02e-101	368
4e88dc8e-7443-4b8e-a0b9-de5f6ab1946d	NR_029050.1	91.353	266	6	12	14	266	1408	1147	1.32e-95	348
7f8e858c-ca12-4807-95ec-d18cc94aa9df	NR_040859.1	97.938	194	1	2	8	199	1024	1216	2.66e-91	333
7f8e858c-ca12-4807-95ec-d18cc94aa9df	NR_024662.1	97.938	194	1	2	8	199	1032	1224	2.66e-91	333
7f8e858c-ca12-4807-95ec-d18cc94aa9df	NR_024924.1	97.938	194	1	2	8	199	1023	1215	2.66e-91	333
7f8e858c-ca12-4807-95ec-d18cc94aa9df	NR_024927.1	97.938	194	1	2	8	199	1025	1217	2.66e-91	333
7f8e858c-ca12-4807-95ec-d18cc94aa9df	NR_024928.1	97.938	194	1	2	8	199	1025	1217	2.66e-91	333
ba6719fa-e679-464d-b1c1-20898693a60a	NR_044091.1	94.034	352	14	6	2	347	127	477	2.09e-149	527
ba6719fa-e679-464d-b1c1-20898693a60a	NR_041879.1	93.750	352	15	6	2	347	170	520	9.74e-148	521
ba6719fa-e679-464d-b1c1-20898693a60a	NR_113570.1	93.750	352	15	6	2	347	220	570	9.74e-148	521
ba6719fa-e679-464d-b1c1-20898693a60a	NR_115355.1	93.750	352	15	6	2	347	213	563	9.74e-148	521
ba6719fa-e679-464d-b1c1-20898693a60a	NR_179325.1	93.750	352	15	6	2	347	187	537	9.74e-148	521
c2db7ab4-eee0-4c3b-b627-bdc3c53479dc	NR_041989.1	95.906	171	3	3	1	167	927	1097	1.36e-73	274
c2db7ab4-eee0-4c3b-b627-bdc3c53479dc	NR_116767.1	95.906	171	3	3	1	167	969	1139	1.36e-73	274
c2db7ab4-eee0-4c3b-b627-bdc3c53479dc	NR_028900.1	95.322	171	4	3	1	167	927	1097	6.32e-72	268
c2db7ab4-eee0-4c3b-b627-bdc3c53479dc	NR_043458.1	95.322	171	4	3	1	167	990	1160	6.32e-72	268
c2db7ab4-eee0-4c3b-b627-bdc3c53479dc	NR_043459.1	95.322	171	4	3	1	167	993	1163	6.32e-72	268
1a33b6cb-9858-4e13-8df3-d76f83e3300a	NR_164626.1	92.157	255	8	7	4	253	248	1	3.46e-96	350
1a33b6cb-9858-4e13-8df3-d76f83e3300a	NR_024912.1	92.095	253	8	7	4	251	251	6	4.47e-95	346
1a33b6cb-9858-4e13-8df3-d76f83e3300a	NR_025586.1	92.095	253	8	7	4	251	246	1	4.47e-95	346
1a33b6cb-9858-4e13-8df3-d76f83e3300a	NR_025587.1	92.095	253	8	7	4	251	246	1	4.47e-95	346
1a33b6cb-9858-4e13-8df3-d76f83e3300a	NR_028706.1	92.095	253	8	7	4	251	259	14	4.47e-95	346
d6f977ce-8e22-4629-b6c4-6650632d9881	NR_029050.1	98.851	87	0	1	3	88	1126	1212	8.60e-38	154
d6f977ce-8e22-4629-b6c4-6650632d9881	NR_041715.1	98.810	84	0	1	3	85	1166	1249	4.00e-36	148
d6f977ce-8e22-4629-b6c4-6650632d9881	NR_024704.1	98.810	84	0	1	3	85	1166	1249	4.00e-36	148
d6f977ce-8e22-4629-b6c4-6650632d9881	NR_024946.1	98.810	84	0	1	3	85	1166	1249	4.00e-36	148
d6f977ce-8e22-4629-b6c4-6650632d9881	NR_036909.1	98.810	84	0	1	3	85	1176	1259	4.00e-36	148
5df0058e-cac0-4b46-b2c7-d5dcbc5c8b19	NR_117694.1	94.561	239	8	5	1	234	253	15	1.24e-100	364
5df0058e-cac0-4b46-b2c7-d5dcbc5c8b19	NR_025892.1	93.305	239	11	5	1	234	279	41	3.47e-96	350
5df0058e-cac0-4b46-b2c7-d5dcbc5c8b19	NR_121687.1	92.469	239	13	4	1	234	273	35	2.70e-92	337
5df0058e-cac0-4b46-b2c7-d5dcbc5c8b19	NR_117692.1	92.469	239	13	5	1	234	253	15	2.70e-92	337
5df0058e-cac0-4b46-b2c7-d5dcbc5c8b19	NR_104830.1	91.632	239	15	5	1	234	268	30	5.85e-89	326
2b655e83-2967-4a5d-afa9-4a66b7e549a5	NR_029050.1	92.135	178	4	7	1	170	1350	1175	3.93e-64	243
2b655e83-2967-4a5d-afa9-4a66b7e549a5	NR_036998.1	92.135	178	4	7	1	170	1381	1206	3.93e-64	243
2b655e83-2967-4a5d-afa9-4a66b7e549a5	NR_043314.1	92.135	178	4	7	1	170	1400	1225	3.93e-64	243
2b655e83-2967-4a5d-afa9-4a66b7e549a5	NR_114225.1	92.135	178	4	7	1	170	1382	1207	3.93e-64	243
2b655e83-2967-4a5d-afa9-4a66b7e549a5	NR_114793.1	92.135	178	4	7	1	170	1274	1099	3.93e-64	243
cfcdfd06-c66a-4a91-8ed2-19bf3bf9fdf5	NR_040859.1	100.000	162	0	0	1	162	1314	1475	2.13e-81	300
cfcdfd06-c66a-4a91-8ed2-19bf3bf9fdf5	NR_040992.1	100.000	162	0	0	1	162	1322	1483	2.13e-81	300
cfcdfd06-c66a-4a91-8ed2-19bf3bf9fdf5	NR_025881.1	100.000	162	0	0	1	162	1320	1481	2.13e-81	300
cfcdfd06-c66a-4a91-8ed2-19bf3bf9fdf5	NR_026395.1	100.000	162	0	0	1	162	1322	1483	2.13e-81	300
cfcdfd06-c66a-4a91-8ed2-19bf3bf9fdf5	NR_024662.1	100.000	162	0	0	1	162	1322	1483	2.13e-81	300
d5c9daf5-d2e4-451e-9a0e-78a0715533f0	NR_036936.1	93.889	180	5	4	1	179	1440	1266	2.51e-71	267
d5c9daf5-d2e4-451e-9a0e-78a0715533f0	NR_025453.1	93.889	180	5	4	1	179	1440	1266	2.51e-71	267
d5c9daf5-d2e4-451e-9a0e-78a0715533f0	NR_028664.1	93.889	180	5	4	1	179	1461	1287	2.51e-71	267
d5c9daf5-d2e4-451e-9a0e-78a0715533f0	NR_028666.1	93.889	180	5	4	1	179	1464	1290	2.51e-71	267
d5c9daf5-d2e4-451e-9a0e-78a0715533f0	NR_028833.1	93.889	180	5	4	1	179	1467	1293	2.51e-71	267
e809d45d-dcd3-4c62-b9f3-1d09ccf6cdc4	NR_025892.1	85.714	154	11	9	1	144	177	25	5.91e-37	152
e809d45d-dcd3-4c62-b9f3-1d09ccf6cdc4	NR_117694.1	85.526	152	11	9	1	142	151	1	7.65e-36	148
e809d45d-dcd3-4c62-b9f3-1d09ccf6cdc4	NR_117717.1	84.516	155	11	10	1	144	172	20	1.28e-33	141
e809d45d-dcd3-4c62-b9f3-1d09ccf6cdc4	NR_121687.1	84.516	155	11	10	1	144	171	19	1.28e-33	141
e809d45d-dcd3-4c62-b9f3-1d09ccf6cdc4	NR_121688.1	84.516	155	11	10	1	144	171	19	1.28e-33	141
f77b90ee-2ccb-4419-a7df-6960fc493860	NR_170438.1	96.121	232	6	2	5	233	232	1	5.23e-104	375
f77b90ee-2ccb-4419-a7df-6960fc493860	NR_164626.1	95.708	233	7	2	5	234	233	1	6.77e-103	372
f77b90ee-2ccb-4419-a7df-6960fc493860	NR_024901.1	95.671	231	7	2	5	232	236	6	8.75e-102	368
f77b90ee-2ccb-4419-a7df-6960fc493860	NR_024912.1	95.671	231	7	2	5	232	236	6	8.75e-102	368
f77b90ee-2ccb-4419-a7df-6960fc493860	NR_024928.1	95.671	231	7	2	5	232	236	6	8.75e-102	368
af5aa42c-308c-49ae-8338-c35b5f7d3bed	NR_024918.1	95.982	224	5	4	1	222	1245	1466	1.48e-99	361
af5aa42c-308c-49ae-8338-c35b5f7d3bed	NR_025164.1	95.982	224	5	4	1	222	1232	1453	1.48e-99	361
af5aa42c-308c-49ae-8338-c35b5f7d3bed	NR_025227.1	95.982	224	5	4	1	222	1228	1449	1.48e-99	361
af5aa42c-308c-49ae-8338-c35b5f7d3bed	NR_028986.1	95.982	224	5	4	1	222	1232	1453	1.48e-99	361
af5aa42c-308c-49ae-8338-c35b5f7d3bed	NR_036998.1	95.982	224	5	4	1	222	1231	1452	1.48e-99	361
fa3180e1-8692-4968-a536-3b8bdc040aa9	NR_117694.1	96.059	203	5	3	4	204	206	5	1.34e-89	327
fa3180e1-8692-4968-a536-3b8bdc040aa9	NR_025892.1	95.074	203	7	3	4	204	232	31	8.05e-87	318
fa3180e1-8692-4968-a536-3b8bdc040aa9	NR_117692.1	92.118	203	13	3	4	204	206	5	2.94e-76	283
fa3180e1-8692-4968-a536-3b8bdc040aa9	NR_104830.1	93.548	186	9	3	22	204	204	19	1.77e-73	274
fa3180e1-8692-4968-a536-3b8bdc040aa9	NR_121687.1	91.176	204	13	5	4	204	226	25	6.36e-73	272
278759cc-9b82-4d0a-bc71-54479444485d	NR_109720.1	100.000	174	0	0	1	174	945	1118	4.98e-88	322
278759cc-9b82-4d0a-bc71-54479444485d	NR_116213.1	100.000	174	0	0	1	174	874	1047	4.98e-88	322
278759cc-9b82-4d0a-bc71-54479444485d	NR_117719.1	100.000	174	0	0	1	174	969	1142	4.98e-88	322
278759cc-9b82-4d0a-bc71-54479444485d	NR_027214.1	100.000	174	0	0	1	174	949	1122	4.98e-88	322
278759cc-9b82-4d0a-bc71-54479444485d	NR_165744.1	100.000	174	0	0	1	174	958	1131	4.98e-88	322
431f1ff5-0025-42c9-9080-8da8e22cd3e5	NR_040859.1	97.838	185	1	3	1	182	922	738	2.50e-86	316
431f1ff5-0025-42c9-9080-8da8e22cd3e5	NR_025881.1	97.838	185	1	3	1	182	928	744	2.50e-86	316
431f1ff5-0025-42c9-9080-8da8e22cd3e5	NR_025947.1	97.838	185	1	3	1	182	930	746	2.50e-86	316
431f1ff5-0025-42c9-9080-8da8e22cd3e5	NR_026532.1	97.838	185	1	3	1	182	912	728	2.50e-86	316
431f1ff5-0025-42c9-9080-8da8e22cd3e5	NR_024662.1	97.838	185	1	3	1	182	930	746	2.50e-86	316
82fcb5e5-ae45-4dd1-a88e-043279658e60	NR_025217.1	95.000	40	2	0	1	40	1340	1301	4.39e-11	63.9
a7e0f10e-0f28-4871-814b-4bb2efa32eb5	NR_024901.1	97.297	148	0	2	1	147	158	14	7.44e-66	248
a7e0f10e-0f28-4871-814b-4bb2efa32eb5	NR_024912.1	97.297	148	0	2	1	147	158	14	7.44e-66	248
a7e0f10e-0f28-4871-814b-4bb2efa32eb5	NR_024928.1	97.297	148	0	2	1	147	158	14	7.44e-66	248
a7e0f10e-0f28-4871-814b-4bb2efa32eb5	NR_025164.1	97.297	148	0	2	1	147	145	1	7.44e-66	248
a7e0f10e-0f28-4871-814b-4bb2efa32eb5	NR_025586.1	97.297	148	0	2	1	147	153	9	7.44e-66	248
be772fc6-d63a-4102-8f91-a706dd242135	NR_024842.1	96.629	178	3	3	1	176	1236	1412	4.06e-79	292
be772fc6-d63a-4102-8f91-a706dd242135	NR_115241.1	96.629	178	3	3	1	176	1221	1397	4.06e-79	292
be772fc6-d63a-4102-8f91-a706dd242135	NR_115735.1	96.629	178	3	3	1	176	1212	1388	4.06e-79	292
be772fc6-d63a-4102-8f91-a706dd242135	NR_116211.1	96.629	178	3	3	1	176	1144	1320	4.06e-79	292
be772fc6-d63a-4102-8f91-a706dd242135	NR_116212.1	96.629	178	3	3	1	176	1144	1320	4.06e-79	292
c4e1797b-7030-4d7b-9920-2ed0a51794a0	NR_117552.1	91.339	127	3	5	1	119	219	93	1.58e-41	167
c4e1797b-7030-4d7b-9920-2ed0a51794a0	NR_024901.1	90.551	127	4	5	1	119	232	106	7.33e-40	161
c4e1797b-7030-4d7b-9920-2ed0a51794a0	NR_024909.1	90.551	127	4	5	1	119	232	106	7.33e-40	161
c4e1797b-7030-4d7b-9920-2ed0a51794a0	NR_024912.1	90.551	127	4	5	1	119	232	106	7.33e-40	161
c4e1797b-7030-4d7b-9920-2ed0a51794a0	NR_024928.1	90.551	127	4	5	1	119	232	106	7.33e-40	161
1cb4a432-b87c-49d9-95e2-a7e005adb98a	NR_199513.1	96.714	213	3	4	1	212	464	673	7.94e-97	351
1cb4a432-b87c-49d9-95e2-a7e005adb98a	NR_041953.1	96.244	213	4	4	1	212	437	646	3.69e-95	346
1cb4a432-b87c-49d9-95e2-a7e005adb98a	NR_152710.1	96.244	213	4	4	1	212	418	627	3.69e-95	346
1cb4a432-b87c-49d9-95e2-a7e005adb98a	NR_178447.1	96.244	213	4	4	1	212	371	580	3.69e-95	346
1cb4a432-b87c-49d9-95e2-a7e005adb98a	NR_181014.1	96.244	213	4	4	1	212	437	646	3.69e-95	346
072b0a58-371c-41f3-a769-3329366ad690	NR_024909.1	98.734	158	1	1	12	168	260	103	2.94e-75	279
072b0a58-371c-41f3-a769-3329366ad690	NR_024912.1	98.734	158	1	1	12	168	260	103	2.94e-75	279
072b0a58-371c-41f3-a769-3329366ad690	NR_025102.1	98.734	158	1	1	12	168	239	82	2.94e-75	279
072b0a58-371c-41f3-a769-3329366ad690	NR_025164.1	98.734	158	1	1	12	168	247	90	2.94e-75	279
072b0a58-371c-41f3-a769-3329366ad690	NR_028706.1	98.734	158	1	1	12	168	268	111	2.94e-75	279
c0e78c20-fd23-4c91-b963-637ed69138a8	NR_025902.1	97.458	118	1	2	64	181	1330	1445	2.59e-51	200
c0e78c20-fd23-4c91-b963-637ed69138a8	NR_028844.1	97.458	118	1	2	64	181	1361	1476	2.59e-51	200
c0e78c20-fd23-4c91-b963-637ed69138a8	NR_040933.1	97.458	118	1	2	64	181	1374	1489	2.59e-51	200
c0e78c20-fd23-4c91-b963-637ed69138a8	NR_117717.1	97.458	118	1	2	64	181	1372	1487	2.59e-51	200
c0e78c20-fd23-4c91-b963-637ed69138a8	NR_121688.1	97.458	118	1	2	64	181	1372	1487	2.59e-51	200
957c0de6-e6b4-4faa-b0c9-f9a701ed43bf	NR_104947.1	91.892	111	4	5	1	107	687	578	1.41e-36	150
957c0de6-e6b4-4faa-b0c9-f9a701ed43bf	NR_117717.1	91.892	111	4	5	1	107	735	626	1.41e-36	150
957c0de6-e6b4-4faa-b0c9-f9a701ed43bf	NR_121687.1	91.892	111	4	5	1	107	734	625	1.41e-36	150
957c0de6-e6b4-4faa-b0c9-f9a701ed43bf	NR_121688.1	91.892	111	4	5	1	107	734	625	1.41e-36	150
957c0de6-e6b4-4faa-b0c9-f9a701ed43bf	NR_041989.1	91.892	111	4	5	1	107	672	563	1.41e-36	150
70886c84-f515-489e-b1ce-5acc1c7c8d23	NR_024901.1	91.444	187	5	8	8	183	207	21	3.47e-65	246
70886c84-f515-489e-b1ce-5acc1c7c8d23	NR_024909.1	91.444	187	5	8	8	183	207	21	3.47e-65	246
70886c84-f515-489e-b1ce-5acc1c7c8d23	NR_024912.1	91.444	187	5	8	8	183	207	21	3.47e-65	246
70886c84-f515-489e-b1ce-5acc1c7c8d23	NR_024928.1	91.444	187	5	8	8	183	207	21	3.47e-65	246
70886c84-f515-489e-b1ce-5acc1c7c8d23	NR_025164.1	91.444	187	5	8	8	183	194	8	3.47e-65	246
c84ed900-b40e-4e54-81a1-6789b22bf05d	NR_040859.1	88.889	162	12	5	1	161	1324	1480	1.04e-49	195
c84ed900-b40e-4e54-81a1-6789b22bf05d	NR_040992.1	88.889	162	12	5	1	161	1332	1488	1.04e-49	195
c84ed900-b40e-4e54-81a1-6789b22bf05d	NR_025881.1	88.889	162	12	5	1	161	1330	1486	1.04e-49	195
c84ed900-b40e-4e54-81a1-6789b22bf05d	NR_026395.1	88.889	162	12	5	1	161	1332	1488	1.04e-49	195
c84ed900-b40e-4e54-81a1-6789b22bf05d	NR_026532.1	88.820	161	14	4	1	161	1314	1470	1.04e-49	195
62153cfa-d1ef-4ced-8087-c600df53708b	NR_164626.1	97.765	179	1	2	1	176	180	2	5.05e-83	305
62153cfa-d1ef-4ced-8087-c600df53708b	NR_024901.1	97.753	178	1	2	1	175	183	6	1.81e-82	303
62153cfa-d1ef-4ced-8087-c600df53708b	NR_024912.1	97.753	178	1	2	1	175	183	6	1.81e-82	303
62153cfa-d1ef-4ced-8087-c600df53708b	NR_024928.1	97.753	178	1	2	1	175	183	6	1.81e-82	303
62153cfa-d1ef-4ced-8087-c600df53708b	NR_025586.1	97.753	178	1	2	1	175	178	1	1.81e-82	303
88f9e654-c605-4497-a529-3724629fcbd4	NR_024901.1	94.675	169	3	4	8	173	173	8	1.41e-68	257
88f9e654-c605-4497-a529-3724629fcbd4	NR_024911.1	94.675	169	3	4	8	173	173	8	1.41e-68	257
88f9e654-c605-4497-a529-3724629fcbd4	NR_024912.1	94.675	169	3	4	8	173	173	8	1.41e-68	257
88f9e654-c605-4497-a529-3724629fcbd4	NR_024928.1	94.675	169	3	4	8	173	173	8	1.41e-68	257
88f9e654-c605-4497-a529-3724629fcbd4	NR_025174.1	94.675	169	3	4	8	173	168	3	1.41e-68	257
43049dac-4b0b-4eaa-8d28-b4de9f7bd731	NR_028900.1	94.340	212	7	4	1	209	705	914	2.20e-87	320
43049dac-4b0b-4eaa-8d28-b4de9f7bd731	NR_043459.1	94.340	212	7	4	1	209	771	980	2.20e-87	320
43049dac-4b0b-4eaa-8d28-b4de9f7bd731	NR_042976.1	94.340	212	7	4	1	209	755	964	2.20e-87	320
43049dac-4b0b-4eaa-8d28-b4de9f7bd731	NR_118697.1	94.340	212	7	4	1	209	770	979	2.20e-87	320
43049dac-4b0b-4eaa-8d28-b4de9f7bd731	NR_041989.1	94.340	212	7	4	1	209	705	914	2.20e-87	320
d081c354-94a2-4b8d-be99-7e84c7f54c7e	NR_024842.1	100.000	70	0	0	1	70	618	687	1.07e-30	130
d081c354-94a2-4b8d-be99-7e84c7f54c7e	NR_036936.1	100.000	70	0	0	1	70	603	672	1.07e-30	130
d081c354-94a2-4b8d-be99-7e84c7f54c7e	NR_028666.1	100.000	70	0	0	1	70	627	696	1.07e-30	130
d081c354-94a2-4b8d-be99-7e84c7f54c7e	NR_028833.1	100.000	70	0	0	1	70	630	699	1.07e-30	130
d081c354-94a2-4b8d-be99-7e84c7f54c7e	NR_029052.1	100.000	70	0	0	1	70	591	660	1.07e-30	130
df94a7ed-8de3-4a64-9549-20ed421afd76	NR_074568.1	95.855	193	4	3	1	190	204	13	4.31e-84	309
df94a7ed-8de3-4a64-9549-20ed421afd76	NR_044712.2	95.337	193	5	3	1	190	213	22	5.57e-83	305
df94a7ed-8de3-4a64-9549-20ed421afd76	NR_044873.1	95.337	193	5	3	1	190	193	2	2.00e-82	303
df94a7ed-8de3-4a64-9549-20ed421afd76	NR_179993.1	92.670	191	11	2	5	192	201	11	5.65e-73	272
df94a7ed-8de3-4a64-9549-20ed421afd76	NR_109752.1	91.534	189	13	2	5	190	211	23	1.58e-68	257
0af8e914-842e-41d6-95d8-897908d750c2	NR_024634.1	92.248	129	6	4	3	130	1442	1317	2.23e-45	180
0af8e914-842e-41d6-95d8-897908d750c2	NR_042928.1	92.248	129	6	4	3	130	1429	1304	2.23e-45	180
0af8e914-842e-41d6-95d8-897908d750c2	NR_043660.1	92.248	129	6	4	3	130	1423	1298	2.23e-45	180
0af8e914-842e-41d6-95d8-897908d750c2	NR_044912.1	92.248	129	6	4	3	130	1386	1261	2.23e-45	180
0af8e914-842e-41d6-95d8-897908d750c2	NR_115730.1	92.248	129	6	4	3	130	1411	1286	2.23e-45	180
29414d8f-7bd8-4e24-9fc5-5396ff6982b2	NR_179652.1	96.246	293	9	2	1	292	1208	1499	4.95e-135	479
29414d8f-7bd8-4e24-9fc5-5396ff6982b2	NR_025437.1	94.881	293	13	2	1	292	1173	1464	2.32e-128	457
29414d8f-7bd8-4e24-9fc5-5396ff6982b2	NR_026487.1	94.881	293	11	3	1	292	1176	1465	8.35e-128	455
29414d8f-7bd8-4e24-9fc5-5396ff6982b2	NR_179378.1	94.576	295	13	3	1	292	1205	1499	3.00e-127	453
29414d8f-7bd8-4e24-9fc5-5396ff6982b2	NR_104716.1	94.539	293	13	3	1	291	1184	1475	3.88e-126	449
cb7de88b-c8c9-4ad8-ae5e-c15a4eb8379c	NR_074980.1	92.000	150	5	5	17	161	165	18	1.75e-52	204
cb7de88b-c8c9-4ad8-ae5e-c15a4eb8379c	NR_113031.1	92.000	150	5	5	17	161	165	18	1.75e-52	204
cb7de88b-c8c9-4ad8-ae5e-c15a4eb8379c	NR_163639.1	92.000	150	5	5	17	161	157	10	1.75e-52	204
cb7de88b-c8c9-4ad8-ae5e-c15a4eb8379c	NR_043332.1	94.030	134	5	3	17	149	138	7	2.26e-51	200
cb7de88b-c8c9-4ad8-ae5e-c15a4eb8379c	NR_115354.1	94.030	134	5	3	17	149	138	7	2.26e-51	200
3ed67c18-c9da-4c51-8be3-7a7bf1148ad7	NR_043314.1	93.233	266	6	10	1	260	1373	1114	1.33e-105	381
3ed67c18-c9da-4c51-8be3-7a7bf1148ad7	NR_116905.1	93.233	266	6	10	1	260	1376	1117	1.33e-105	381
3ed67c18-c9da-4c51-8be3-7a7bf1148ad7	NR_114749.1	93.233	266	6	10	1	260	1375	1116	1.33e-105	381
3ed67c18-c9da-4c51-8be3-7a7bf1148ad7	NR_116899.1	93.233	266	6	10	1	260	1342	1083	1.33e-105	381
3ed67c18-c9da-4c51-8be3-7a7bf1148ad7	NR_118125.1	93.233	266	6	10	1	260	1362	1103	1.33e-105	381
ddf7e2d4-fdbd-4468-a09d-1151ccfc9970	NR_040933.1	94.970	338	13	4	8	341	1152	1489	2.07e-149	527
ddf7e2d4-fdbd-4468-a09d-1151ccfc9970	NR_117717.1	94.970	338	13	4	8	341	1150	1487	2.07e-149	527
ddf7e2d4-fdbd-4468-a09d-1151ccfc9970	NR_121688.1	94.970	338	13	4	8	341	1150	1487	2.07e-149	527
ddf7e2d4-fdbd-4468-a09d-1151ccfc9970	NR_117694.1	94.970	338	13	4	8	341	1130	1467	2.07e-149	527
ddf7e2d4-fdbd-4468-a09d-1151ccfc9970	NR_117696.1	94.970	338	13	4	8	341	1117	1454	2.07e-149	527
cd823e07-f037-4bc7-9890-302652c94be1	NR_041722.2	99.219	128	0	1	1	127	1381	1508	2.25e-60	230
cd823e07-f037-4bc7-9890-302652c94be1	NR_028665.1	99.219	128	0	1	1	127	1361	1488	2.25e-60	230
cd823e07-f037-4bc7-9890-302652c94be1	NR_028736.1	99.219	128	0	1	1	127	1370	1497	2.25e-60	230
cd823e07-f037-4bc7-9890-302652c94be1	NR_041721.1	99.219	128	0	1	1	127	1369	1496	2.25e-60	230
cd823e07-f037-4bc7-9890-302652c94be1	NR_112704.1	99.219	128	0	1	1	127	1265	1392	2.25e-60	230
4950921f-9ad4-4306-8975-8a850aecbfd9	NR_199514.1	97.315	149	2	2	5	152	1336	1483	5.80e-67	252
4950921f-9ad4-4306-8975-8a850aecbfd9	NR_040859.1	96.644	149	3	2	5	152	1328	1475	2.70e-65	246
4950921f-9ad4-4306-8975-8a850aecbfd9	NR_040992.1	96.644	149	3	2	5	152	1336	1483	2.70e-65	246
4950921f-9ad4-4306-8975-8a850aecbfd9	NR_025881.1	96.644	149	3	2	5	152	1334	1481	2.70e-65	246
4950921f-9ad4-4306-8975-8a850aecbfd9	NR_026395.1	96.644	149	3	2	5	152	1336	1483	2.70e-65	246
70fd7d73-ed62-4df7-a852-e56f1cc89b08	NR_024841.1	92.241	116	3	3	1	114	991	1102	2.53e-39	159
70fd7d73-ed62-4df7-a852-e56f1cc89b08	NR_028664.1	92.241	116	3	3	1	114	998	1109	2.53e-39	159
70fd7d73-ed62-4df7-a852-e56f1cc89b08	NR_028665.1	92.241	116	3	3	1	114	992	1103	2.53e-39	159
70fd7d73-ed62-4df7-a852-e56f1cc89b08	NR_042553.1	92.241	116	3	3	1	114	921	1032	2.53e-39	159
70fd7d73-ed62-4df7-a852-e56f1cc89b08	NR_042927.1	92.241	116	3	3	1	114	977	1088	2.53e-39	159
c9a03ded-e83e-495e-bc4f-180d4ba9dc9d	NR_044873.1	94.615	130	3	3	1	126	1332	1461	6.45e-51	198
c9a03ded-e83e-495e-bc4f-180d4ba9dc9d	NR_178796.1	94.574	129	4	3	1	126	1340	1468	2.32e-50	196
c9a03ded-e83e-495e-bc4f-180d4ba9dc9d	NR_178939.1	94.574	129	4	3	1	126	1341	1469	2.32e-50	196
c9a03ded-e83e-495e-bc4f-180d4ba9dc9d	NR_042334.1	93.750	128	6	2	1	126	1338	1465	1.08e-48	191
c9a03ded-e83e-495e-bc4f-180d4ba9dc9d	NR_074426.1	93.750	128	6	2	1	126	1331	1458	1.08e-48	191
cb1f8981-b6a7-4df7-9642-02b47b9f22cf	NR_043314.1	97.571	247	1	3	1	244	1271	1027	9.10e-117	418
cb1f8981-b6a7-4df7-9642-02b47b9f22cf	NR_116905.1	97.571	247	1	3	1	244	1274	1030	9.10e-117	418
cb1f8981-b6a7-4df7-9642-02b47b9f22cf	NR_114749.1	97.571	247	1	3	1	244	1273	1029	9.10e-117	418
cb1f8981-b6a7-4df7-9642-02b47b9f22cf	NR_116899.1	97.571	247	1	3	1	244	1240	996	9.10e-117	418
cb1f8981-b6a7-4df7-9642-02b47b9f22cf	NR_118125.1	97.571	247	1	3	1	244	1260	1016	9.10e-117	418
d80bb8da-701d-4a80-867f-1ab72da0bff4	NR_121687.1	98.333	120	1	1	1	120	139	21	2.87e-54	209
d80bb8da-701d-4a80-867f-1ab72da0bff4	NR_117694.1	98.333	120	1	1	1	120	119	1	2.87e-54	209
d80bb8da-701d-4a80-867f-1ab72da0bff4	NR_025892.1	97.500	120	2	1	1	120	145	27	1.34e-52	204
d80bb8da-701d-4a80-867f-1ab72da0bff4	NR_117717.1	97.500	120	2	1	1	120	140	22	1.34e-52	204
d80bb8da-701d-4a80-867f-1ab72da0bff4	NR_121688.1	97.500	120	2	1	1	120	139	21	1.34e-52	204
0b12bcbf-61f5-4d91-b747-8371e4547db0	NR_044741.1	96.809	188	3	2	1	185	1264	1451	1.18e-84	311
0b12bcbf-61f5-4d91-b747-8371e4547db0	NR_024897.1	96.277	188	4	2	1	185	1299	1486	5.48e-83	305
0b12bcbf-61f5-4d91-b747-8371e4547db0	NR_116168.1	96.277	188	4	2	1	185	1300	1487	5.48e-83	305
0b12bcbf-61f5-4d91-b747-8371e4547db0	NR_181418.1	96.277	188	4	2	1	185	1299	1486	5.48e-83	305
0b12bcbf-61f5-4d91-b747-8371e4547db0	NR_042932.1	96.739	184	3	2	1	181	1280	1463	1.97e-82	303
6e84c78e-5753-451f-aecb-f4fa2a9c72fd	NR_028806.1	95.333	150	4	2	1	150	1340	1486	5.57e-62	235
6e84c78e-5753-451f-aecb-f4fa2a9c72fd	NR_024924.1	95.333	150	4	2	1	150	1332	1478	5.57e-62	235
6e84c78e-5753-451f-aecb-f4fa2a9c72fd	NR_074720.1	95.333	150	4	2	1	150	1344	1490	5.57e-62	235
6e84c78e-5753-451f-aecb-f4fa2a9c72fd	NR_134794.1	95.333	150	4	2	1	150	1284	1430	5.57e-62	235
6e84c78e-5753-451f-aecb-f4fa2a9c72fd	NR_180102.1	95.333	150	4	2	1	150	1341	1487	5.57e-62	235
829a74f9-7596-43fe-8f88-7f25cd702529	NR_041880.1	93.714	175	5	5	1	169	1017	843	1.58e-68	257
829a74f9-7596-43fe-8f88-7f25cd702529	NR_042940.1	93.714	175	5	5	1	169	973	799	1.58e-68	257
829a74f9-7596-43fe-8f88-7f25cd702529	NR_074980.1	93.714	175	5	5	1	169	1088	914	1.58e-68	257
829a74f9-7596-43fe-8f88-7f25cd702529	NR_113031.1	93.714	175	5	5	1	169	1088	914	1.58e-68	257
829a74f9-7596-43fe-8f88-7f25cd702529	NR_044153.1	93.714	175	5	5	1	169	1061	887	1.58e-68	257
7fa775d1-ce8a-4547-bcf2-ed99270ede3d	NR_109628.1	98.897	272	3	0	1	272	272	1	2.82e-137	486
7fa775d1-ce8a-4547-bcf2-ed99270ede3d	NR_102895.1	97.849	279	6	0	1	279	299	21	3.65e-136	483
7fa775d1-ce8a-4547-bcf2-ed99270ede3d	NR_113113.1	97.491	279	7	0	1	279	279	1	1.70e-134	477
7fa775d1-ce8a-4547-bcf2-ed99270ede3d	NR_114305.1	97.133	279	8	0	1	279	291	13	7.89e-133	472
7fa775d1-ce8a-4547-bcf2-ed99270ede3d	NR_042843.1	97.417	271	7	0	1	271	271	1	1.32e-130	464
8514d965-0baa-4200-8a3c-6353575a4e9c	NR_025892.1	94.215	121	2	3	1	118	137	19	2.02e-45	180
8514d965-0baa-4200-8a3c-6353575a4e9c	NR_117717.1	94.215	121	2	3	1	118	132	14	2.02e-45	180
8514d965-0baa-4200-8a3c-6353575a4e9c	NR_121687.1	94.215	121	2	3	1	118	131	13	2.02e-45	180
8514d965-0baa-4200-8a3c-6353575a4e9c	NR_121688.1	94.215	121	2	3	1	118	131	13	2.02e-45	180
8514d965-0baa-4200-8a3c-6353575a4e9c	NR_104830.1	92.683	123	3	3	1	119	126	6	3.39e-43	172
c2c396ce-6901-4b1f-b28b-6cd634946ab8	NR_163639.1	91.623	191	10	6	3	190	191	4	4.35e-69	259
c2c396ce-6901-4b1f-b28b-6cd634946ab8	NR_074980.1	91.534	189	10	6	4	189	198	13	5.63e-68	255
c2c396ce-6901-4b1f-b28b-6cd634946ab8	NR_113031.1	91.534	189	10	6	4	189	198	13	5.63e-68	255
c2c396ce-6901-4b1f-b28b-6cd634946ab8	NR_119168.1	92.571	175	8	5	3	175	177	6	3.39e-65	246
c2c396ce-6901-4b1f-b28b-6cd634946ab8	NR_044153.1	92.571	175	8	5	3	175	172	1	3.39e-65	246
8207c517-be70-4848-a940-d784f66bfe8d	NR_117416.1	90.184	163	11	5	1	159	1308	1469	1.31e-53	207
8207c517-be70-4848-a940-d784f66bfe8d	NR_041786.1	89.634	164	12	4	1	159	1302	1465	1.70e-52	204
8207c517-be70-4848-a940-d784f66bfe8d	NR_043806.1	89.571	163	13	3	1	159	1304	1466	1.70e-52	204
8207c517-be70-4848-a940-d784f66bfe8d	NR_116699.1	89.634	164	12	4	1	159	1276	1439	1.70e-52	204
8207c517-be70-4848-a940-d784f66bfe8d	NR_115520.1	89.571	163	12	4	1	158	1312	1474	6.10e-52	202
2f62570d-9ea8-4305-8259-9ecfc1f44927	NR_024841.1	94.904	157	5	3	1	156	1112	1266	3.70e-64	243
2f62570d-9ea8-4305-8259-9ecfc1f44927	NR_028665.1	94.904	157	5	3	1	156	1113	1267	3.70e-64	243
2f62570d-9ea8-4305-8259-9ecfc1f44927	NR_028736.1	94.904	157	5	3	1	156	1122	1276	3.70e-64	243
2f62570d-9ea8-4305-8259-9ecfc1f44927	NR_041721.1	94.904	157	5	3	1	156	1121	1275	3.70e-64	243
2f62570d-9ea8-4305-8259-9ecfc1f44927	NR_042649.1	94.904	157	5	3	1	156	1106	1260	3.70e-64	243
d89d6481-445c-44b9-8fbc-cdce85c80c19	NR_114395.1	94.444	126	3	3	1	125	135	13	1.01e-48	191
d89d6481-445c-44b9-8fbc-cdce85c80c19	NR_179528.1	95.726	117	4	1	1	116	117	1	1.31e-47	187
d89d6481-445c-44b9-8fbc-cdce85c80c19	NR_179535.1	93.750	128	2	5	1	125	137	13	1.31e-47	187
d89d6481-445c-44b9-8fbc-cdce85c80c19	NR_029286.1	93.651	126	4	3	1	125	129	7	4.71e-47	185
d89d6481-445c-44b9-8fbc-cdce85c80c19	NR_026182.1	93.548	124	5	3	4	125	128	6	6.09e-46	182
e65c0efc-18ce-4ecd-b22c-9c472f6efca2	NR_024652.1	97.333	75	1	1	12	85	75	1	1.93e-29	126
e65c0efc-18ce-4ecd-b22c-9c472f6efca2	NR_024901.1	97.333	75	0	2	12	85	87	14	1.93e-29	126
e65c0efc-18ce-4ecd-b22c-9c472f6efca2	NR_024909.1	97.333	75	0	2	12	85	87	14	1.93e-29	126
e65c0efc-18ce-4ecd-b22c-9c472f6efca2	NR_024911.1	97.333	75	0	2	12	85	87	14	1.93e-29	126
e65c0efc-18ce-4ecd-b22c-9c472f6efca2	NR_024912.1	97.333	75	0	2	12	85	87	14	1.93e-29	126
4719a699-508d-44c2-8067-381b9b7dd580	NR_041722.2	95.973	149	1	3	1	145	1366	1513	1.50e-62	237
4719a699-508d-44c2-8067-381b9b7dd580	NR_028665.1	95.973	149	1	3	1	145	1346	1493	1.50e-62	237
4719a699-508d-44c2-8067-381b9b7dd580	NR_028736.1	95.973	149	1	3	1	145	1355	1502	1.50e-62	237
4719a699-508d-44c2-8067-381b9b7dd580	NR_041721.1	95.973	149	1	3	1	145	1354	1501	1.50e-62	237
4719a699-508d-44c2-8067-381b9b7dd580	NR_041933.1	95.973	149	1	3	1	145	1343	1490	1.50e-62	237
440ef4ee-d5c9-46e9-b949-073b7f2fcda0	NR_026179.1	93.023	129	8	1	5	132	1258	1386	1.53e-47	187
440ef4ee-d5c9-46e9-b949-073b7f2fcda0	NR_025660.1	92.913	127	9	0	4	130	1281	1407	5.51e-47	185
440ef4ee-d5c9-46e9-b949-073b7f2fcda0	NR_025940.1	94.262	122	6	1	5	125	1261	1382	5.51e-47	185
440ef4ee-d5c9-46e9-b949-073b7f2fcda0	NR_024749.1	93.548	124	8	0	3	126	1237	1360	5.51e-47	185
440ef4ee-d5c9-46e9-b949-073b7f2fcda0	NR_040855.1	93.548	124	8	0	3	126	1237	1360	5.51e-47	185
a1c8eeb6-6e8c-4bb5-a975-c8652f76a408	NR_119102.1	92.388	762	44	13	1	752	634	1391	0.0	1077
a1c8eeb6-6e8c-4bb5-a975-c8652f76a408	NR_041983.1	92.388	762	44	13	1	752	632	1389	0.0	1075
a1c8eeb6-6e8c-4bb5-a975-c8652f76a408	NR_114395.1	92.388	762	44	13	1	752	664	1421	0.0	1074
a1c8eeb6-6e8c-4bb5-a975-c8652f76a408	NR_179528.1	92.388	762	44	13	1	752	649	1406	0.0	1074
a1c8eeb6-6e8c-4bb5-a975-c8652f76a408	NR_179535.1	90.326	827	66	13	1	817	667	1489	0.0	1072
93756022-f36d-4d4f-99a0-45f14e494ccf	NR_136788.1	92.851	1161	46	31	2	1139	1165	19	0.0	1650
93756022-f36d-4d4f-99a0-45f14e494ccf	NR_113082.1	89.948	1164	74	36	2	1139	1165	19	0.0	1461
93756022-f36d-4d4f-99a0-45f14e494ccf	NR_026230.1	89.721	1148	79	32	2	1125	1143	11	0.0	1447
93756022-f36d-4d4f-99a0-45f14e494ccf	NR_040839.1	85.251	956	110	29	7	942	1160	216	0.0	955
93756022-f36d-4d4f-99a0-45f14e494ccf	NR_040839.1	90.909	55	2	3	1087	1139	76	23	1.47e-11	71.3
93756022-f36d-4d4f-99a0-45f14e494ccf	NR_074140.1	85.251	956	110	29	7	942	1125	181	0.0	955
93756022-f36d-4d4f-99a0-45f14e494ccf	NR_074140.1	100.000	32	0	0	1094	1125	34	3	3.17e-08	60.2
979a38f3-19ed-49fc-85a6-1d73b06de7df	NR_156987.1	91.346	832	32	32	5	816	812	1	0.0	1101
979a38f3-19ed-49fc-85a6-1d73b06de7df	NR_156986.1	91.257	835	27	33	5	816	812	1	0.0	1096
979a38f3-19ed-49fc-85a6-1d73b06de7df	NR_024901.1	91.215	831	33	31	6	816	816	6	0.0	1094
979a38f3-19ed-49fc-85a6-1d73b06de7df	NR_024928.1	91.215	831	33	31	6	816	816	6	0.0	1094
979a38f3-19ed-49fc-85a6-1d73b06de7df	NR_199514.1	91.138	835	28	33	5	816	824	13	0.0	1090
126b670a-8cf0-452e-b794-e47b1171f6e2	NR_156986.1	93.744	1007	33	25	4	991	996	1	0.0	1483
126b670a-8cf0-452e-b794-e47b1171f6e2	NR_199513.1	93.651	1008	34	25	4	992	1015	19	0.0	1480
126b670a-8cf0-452e-b794-e47b1171f6e2	NR_156987.1	93.644	1007	34	25	4	991	996	1	0.0	1478
126b670a-8cf0-452e-b794-e47b1171f6e2	NR_199514.1	93.644	1007	34	25	4	991	1008	13	0.0	1478
126b670a-8cf0-452e-b794-e47b1171f6e2	NR_024901.1	93.545	1007	35	25	4	991	1001	6	0.0	1472
b5914856-21fb-4aba-89d4-9efbde991dcd	NR_117694.1	89.522	439	23	19	9	434	501	73	1.63e-151	534
b5914856-21fb-4aba-89d4-9efbde991dcd	NR_025892.1	88.838	439	26	19	9	434	527	99	9.78e-149	525
b5914856-21fb-4aba-89d4-9efbde991dcd	NR_041988.1	87.472	439	32	18	9	434	459	31	1.66e-136	484
b5914856-21fb-4aba-89d4-9efbde991dcd	NR_121687.1	87.472	439	32	18	9	434	521	93	1.66e-136	484
b5914856-21fb-4aba-89d4-9efbde991dcd	NR_104946.1	87.500	440	30	20	9	434	464	36	1.66e-136	484
c7c5c68e-6b1d-4e44-bff5-bdd5b4d57320	NR_179540.1	97.156	668	13	5	1	668	832	1493	0.0	1123
c7c5c68e-6b1d-4e44-bff5-bdd5b4d57320	NR_042928.1	96.833	663	15	5	1	663	812	1468	0.0	1103
c7c5c68e-6b1d-4e44-bff5-bdd5b4d57320	NR_028665.1	96.407	668	18	5	1	668	829	1490	0.0	1096
c7c5c68e-6b1d-4e44-bff5-bdd5b4d57320	NR_117719.1	96.413	669	17	6	1	668	832	1494	0.0	1096
c7c5c68e-6b1d-4e44-bff5-bdd5b4d57320	NR_028664.1	96.263	669	18	6	1	668	835	1497	0.0	1090
a9062f1e-3108-4242-bfea-36c7f57d7c48	NR_156072.1	93.265	876	26	21	1	849	625	1494	0.0	1260
a9062f1e-3108-4242-bfea-36c7f57d7c48	NR_028665.1	91.895	876	38	21	1	849	620	1489	0.0	1194
a9062f1e-3108-4242-bfea-36c7f57d7c48	NR_118941.1	88.476	807	61	24	7	787	534	1334	0.0	989
a9062f1e-3108-4242-bfea-36c7f57d7c48	NR_118906.1	86.987	853	75	27	11	835	648	1492	0.0	953
a9062f1e-3108-4242-bfea-36c7f57d7c48	NR_118918.1	87.743	824	62	32	28	822	480	1293	0.0	942
d37b4ba8-2583-4233-abe4-da89602c66cc	NR_024901.1	97.103	725	14	7	1	720	736	14	0.0	1216
d37b4ba8-2583-4233-abe4-da89602c66cc	NR_024928.1	97.103	725	14	7	1	720	736	14	0.0	1216
d37b4ba8-2583-4233-abe4-da89602c66cc	NR_113583.1	97.103	725	14	7	1	720	723	1	0.0	1216
d37b4ba8-2583-4233-abe4-da89602c66cc	NR_114225.1	97.103	725	14	7	1	720	723	1	0.0	1216
d37b4ba8-2583-4233-abe4-da89602c66cc	NR_156986.1	97.103	725	14	7	1	720	731	9	0.0	1216
e07fb10c-26ec-40e7-9d6a-bbf691114b28	NR_043332.1	92.255	439	18	15	3	430	1049	1482	9.20e-174	608
e07fb10c-26ec-40e7-9d6a-bbf691114b28	NR_074980.1	92.255	439	18	15	3	430	1076	1509	9.20e-174	608
e07fb10c-26ec-40e7-9d6a-bbf691114b28	NR_113031.1	92.255	439	18	15	3	430	1076	1509	9.20e-174	608
e07fb10c-26ec-40e7-9d6a-bbf691114b28	NR_113570.1	92.045	440	18	16	3	430	1056	1490	4.28e-172	603
e07fb10c-26ec-40e7-9d6a-bbf691114b28	NR_115354.1	91.572	439	21	15	3	430	1049	1482	9.26e-169	592
908bb8df-52ed-4ccb-b588-4f3e7c17850f	NR_043314.1	95.207	459	10	6	5	457	1029	1481	0.0	715
908bb8df-52ed-4ccb-b588-4f3e7c17850f	NR_114749.1	95.207	459	10	6	5	457	1031	1483	0.0	715
908bb8df-52ed-4ccb-b588-4f3e7c17850f	NR_116899.1	95.207	459	10	6	5	457	998	1450	0.0	715
908bb8df-52ed-4ccb-b588-4f3e7c17850f	NR_178854.1	95.207	459	10	6	5	457	1010	1462	0.0	715
908bb8df-52ed-4ccb-b588-4f3e7c17850f	NR_179889.1	95.207	459	10	6	5	457	1038	1490	0.0	715
5b30014f-13b2-4ae1-a4f6-06d6b603c1aa	NR_026419.1	90.236	297	17	10	1	288	1233	940	1.84e-104	377
5b30014f-13b2-4ae1-a4f6-06d6b603c1aa	NR_133752.1	89.562	297	19	10	1	288	1170	877	3.98e-101	366
5b30014f-13b2-4ae1-a4f6-06d6b603c1aa	NR_133753.1	89.562	297	19	10	1	288	1199	906	3.98e-101	366
5b30014f-13b2-4ae1-a4f6-06d6b603c1aa	NR_025904.1	89.562	297	19	10	1	288	1244	951	3.98e-101	366
5b30014f-13b2-4ae1-a4f6-06d6b603c1aa	NR_025903.1	89.562	297	19	10	1	288	1245	952	3.98e-101	366
7548396a-52ca-4e2f-a411-50e1e5b2bb60	NR_024918.1	95.664	369	11	5	1	366	1115	1481	1.01e-167	588
7548396a-52ca-4e2f-a411-50e1e5b2bb60	NR_028986.1	95.664	369	11	5	1	366	1102	1468	1.01e-167	588
7548396a-52ca-4e2f-a411-50e1e5b2bb60	NR_042199.1	95.664	369	11	5	1	366	1102	1468	1.01e-167	588
7548396a-52ca-4e2f-a411-50e1e5b2bb60	NR_117821.1	95.664	369	11	5	1	366	1074	1440	1.01e-167	588
7548396a-52ca-4e2f-a411-50e1e5b2bb60	NR_164626.1	95.664	369	11	5	1	366	1112	1478	1.01e-167	588
aa4bc040-168c-41e3-b865-76d0ec0a94fb	NR_024928.1	94.740	1464	35	34	36	1479	1448	7	0.0	2241
aa4bc040-168c-41e3-b865-76d0ec0a94fb	NR_024928.1	100.000	35	0	0	5	39	1454	1488	8.84e-10	65.8
aa4bc040-168c-41e3-b865-76d0ec0a94fb	NR_024901.1	94.672	1464	36	34	36	1479	1448	7	0.0	2233
aa4bc040-168c-41e3-b865-76d0ec0a94fb	NR_024901.1	100.000	35	0	0	5	39	1454	1488	8.84e-10	65.8
aa4bc040-168c-41e3-b865-76d0ec0a94fb	NR_024912.1	94.676	1465	34	34	36	1479	1448	7	0.0	2233
aa4bc040-168c-41e3-b865-76d0ec0a94fb	NR_024912.1	100.000	35	0	0	5	39	1454	1488	8.84e-10	65.8
aa4bc040-168c-41e3-b865-76d0ec0a94fb	NR_024927.1	94.668	1463	38	32	36	1479	1448	7	0.0	2233
aa4bc040-168c-41e3-b865-76d0ec0a94fb	NR_024927.1	100.000	35	0	0	5	39	1454	1488	8.84e-10	65.8
aa4bc040-168c-41e3-b865-76d0ec0a94fb	NR_113600.1	94.715	1457	35	33	36	1472	1435	1	0.0	2228
a77df62f-eaa2-4c0b-b2d6-240a49e95f12	NR_043314.1	94.162	531	16	15	1	522	1392	868	0.0	795
a77df62f-eaa2-4c0b-b2d6-240a49e95f12	NR_116905.1	94.162	531	16	15	1	522	1395	871	0.0	795
a77df62f-eaa2-4c0b-b2d6-240a49e95f12	NR_116899.1	94.162	531	16	15	1	522	1361	837	0.0	795
a77df62f-eaa2-4c0b-b2d6-240a49e95f12	NR_118125.1	94.162	531	16	15	1	522	1381	857	0.0	795
a77df62f-eaa2-4c0b-b2d6-240a49e95f12	NR_149822.1	94.162	531	16	15	1	522	1357	833	0.0	795
a122664c-f028-46b0-8e1a-4aacd720313e	NR_169411.1	96.491	456	9	5	1	450	748	1202	0.0	747
a122664c-f028-46b0-8e1a-4aacd720313e	NR_179168.1	96.491	456	9	5	1	450	751	1205	0.0	747
a122664c-f028-46b0-8e1a-4aacd720313e	NR_180737.1	96.491	456	9	5	1	450	729	1183	0.0	747
a122664c-f028-46b0-8e1a-4aacd720313e	NR_181265.1	96.491	456	9	5	1	450	755	1209	0.0	747
a122664c-f028-46b0-8e1a-4aacd720313e	NR_181427.1	96.491	456	9	5	1	450	755	1209	0.0	747
4f95ba44-275c-4352-8132-40f88ff3172e	NR_043314.1	94.092	457	18	7	10	459	1017	1471	0.0	686
4f95ba44-275c-4352-8132-40f88ff3172e	NR_114749.1	94.092	457	18	7	10	459	1019	1473	0.0	686
4f95ba44-275c-4352-8132-40f88ff3172e	NR_116899.1	94.092	457	18	7	10	459	986	1440	0.0	686
4f95ba44-275c-4352-8132-40f88ff3172e	NR_178854.1	94.092	457	18	7	10	459	998	1452	0.0	686
4f95ba44-275c-4352-8132-40f88ff3172e	NR_179889.1	94.092	457	18	7	10	459	1026	1480	0.0	686
39608dce-48d6-4485-a5b7-b8ce640895a4	NR_024912.1	90.049	1025	50	45	1	999	1004	6	0.0	1280
39608dce-48d6-4485-a5b7-b8ce640895a4	NR_156986.1	90.049	1025	50	45	1	999	999	1	0.0	1280
39608dce-48d6-4485-a5b7-b8ce640895a4	NR_199513.1	89.951	1025	53	43	1	1000	1018	19	0.0	1277
39608dce-48d6-4485-a5b7-b8ce640895a4	NR_156987.1	89.951	1025	51	45	1	999	999	1	0.0	1275
39608dce-48d6-4485-a5b7-b8ce640895a4	NR_199514.1	89.951	1025	51	45	1	999	1011	13	0.0	1275
604afb18-4ea6-417f-b797-e654ece27bdb	NR_025863.1	93.796	822	31	15	1	807	595	1411	0.0	1225
604afb18-4ea6-417f-b797-e654ece27bdb	NR_156899.1	90.241	912	64	19	4	897	528	1432	0.0	1168
604afb18-4ea6-417f-b797-e654ece27bdb	NR_113798.1	89.791	911	70	17	3	896	577	1481	0.0	1146
604afb18-4ea6-417f-b797-e654ece27bdb	NR_025445.1	89.572	911	71	17	4	897	585	1488	0.0	1134
604afb18-4ea6-417f-b797-e654ece27bdb	NR_025307.1	89.485	913	69	20	3	897	581	1484	0.0	1129
9726201d-353c-4f61-861c-d7b4e1c1b37b	NR_025902.1	96.319	163	5	1	17	178	1286	1448	2.41e-71	267
9726201d-353c-4f61-861c-d7b4e1c1b37b	NR_028844.1	96.319	163	5	1	17	178	1317	1479	2.41e-71	267
9726201d-353c-4f61-861c-d7b4e1c1b37b	NR_040933.1	96.319	163	5	1	17	178	1330	1492	2.41e-71	267
9726201d-353c-4f61-861c-d7b4e1c1b37b	NR_117717.1	96.319	163	5	1	17	178	1328	1490	2.41e-71	267
9726201d-353c-4f61-861c-d7b4e1c1b37b	NR_121688.1	96.319	163	5	1	17	178	1328	1490	2.41e-71	267
5584c29b-1823-4e43-a73a-98208d794a99	NR_116168.1	86.992	984	69	50	13	957	977	14	0.0	1053
5584c29b-1823-4e43-a73a-98208d794a99	NR_042878.1	86.475	976	73	50	13	949	956	1	0.0	1027
5584c29b-1823-4e43-a73a-98208d794a99	NR_115546.2	84.280	986	96	49	13	958	986	20	0.0	907
5584c29b-1823-4e43-a73a-98208d794a99	NR_118142.1	84.340	977	92	53	13	949	956	1	0.0	900
5584c29b-1823-4e43-a73a-98208d794a99	NR_159347.1	83.841	984	98	51	13	956	982	20	0.0	889
e317c26c-1811-40b3-b1be-e02d1928407a	NR_156986.1	96.000	1300	29	20	9	1292	1305	13	0.0	2091
e317c26c-1811-40b3-b1be-e02d1928407a	NR_113600.1	95.923	1300	30	20	9	1292	1297	5	0.0	2087
e317c26c-1811-40b3-b1be-e02d1928407a	NR_156987.1	95.923	1300	30	20	9	1292	1305	13	0.0	2085
e317c26c-1811-40b3-b1be-e02d1928407a	NR_114225.1	95.846	1300	31	20	9	1292	1297	5	0.0	2082
e317c26c-1811-40b3-b1be-e02d1928407a	NR_178976.1	95.846	1300	31	20	9	1292	1296	4	0.0	2082
84bc4e87-ba9e-410a-b0d6-8600288e25ce	NR_024912.1	93.716	366	11	9	1	359	378	18	1.04e-152	538
84bc4e87-ba9e-410a-b0d6-8600288e25ce	NR_025164.1	93.716	366	11	9	1	359	365	5	1.04e-152	538
84bc4e87-ba9e-410a-b0d6-8600288e25ce	NR_028706.1	93.716	366	11	9	1	359	386	26	1.04e-152	538
84bc4e87-ba9e-410a-b0d6-8600288e25ce	NR_042147.1	93.716	366	11	9	1	359	365	5	1.04e-152	538
84bc4e87-ba9e-410a-b0d6-8600288e25ce	NR_042939.1	93.716	366	11	9	1	359	384	24	1.04e-152	538
692bbda6-9a3b-4ca0-a790-53b63c640a18	NR_036936.1	98.858	438	2	3	8	444	365	800	0.0	778
692bbda6-9a3b-4ca0-a790-53b63c640a18	NR_109720.1	98.858	438	2	3	8	444	359	794	0.0	778
692bbda6-9a3b-4ca0-a790-53b63c640a18	NR_178515.1	98.858	438	2	3	8	444	365	800	0.0	778
692bbda6-9a3b-4ca0-a790-53b63c640a18	NR_042771.1	98.630	438	3	3	8	444	383	818	0.0	773
692bbda6-9a3b-4ca0-a790-53b63c640a18	NR_115241.1	98.630	438	3	3	8	444	365	800	0.0	773
42706a35-35b4-40e2-8218-95a2ab99d948	NR_041799.1	92.557	833	35	23	7	825	647	1466	0.0	1170
42706a35-35b4-40e2-8218-95a2ab99d948	NR_116899.1	92.557	833	35	23	7	825	634	1453	0.0	1170
42706a35-35b4-40e2-8218-95a2ab99d948	NR_117823.1	92.557	833	35	23	7	825	619	1438	0.0	1170
42706a35-35b4-40e2-8218-95a2ab99d948	NR_179889.1	92.557	833	35	23	7	825	674	1493	0.0	1170
42706a35-35b4-40e2-8218-95a2ab99d948	NR_043314.1	92.446	834	35	24	7	825	664	1484	0.0	1166
4de00416-87d2-422d-b441-1cc826e0acc8	NR_024912.1	90.741	648	31	28	37	665	648	11	0.0	837
4de00416-87d2-422d-b441-1cc826e0acc8	NR_042147.1	90.698	645	31	28	37	662	635	1	0.0	832
4de00416-87d2-422d-b441-1cc826e0acc8	NR_156986.1	90.586	648	32	28	37	665	643	6	0.0	832
4de00416-87d2-422d-b441-1cc826e0acc8	NR_024901.1	90.432	648	33	28	37	665	648	11	0.0	826
4de00416-87d2-422d-b441-1cc826e0acc8	NR_024928.1	90.432	648	33	28	37	665	648	11	0.0	826
89496317-b1fa-4a4f-a562-a8937bc1bc20	NR_024909.1	96.894	322	6	4	1	319	335	15	3.29e-152	536
89496317-b1fa-4a4f-a562-a8937bc1bc20	NR_024912.1	96.894	322	6	4	1	319	335	15	3.29e-152	536
89496317-b1fa-4a4f-a562-a8937bc1bc20	NR_025164.1	96.894	322	6	4	1	319	322	2	3.29e-152	536
89496317-b1fa-4a4f-a562-a8937bc1bc20	NR_028706.1	96.894	322	6	4	1	319	343	23	3.29e-152	536
89496317-b1fa-4a4f-a562-a8937bc1bc20	NR_037092.1	96.894	322	6	4	1	319	340	20	3.29e-152	536
4cbe720e-284e-48e6-a666-f7119d058469	NR_043314.1	91.365	359	17	11	1	348	1126	1481	6.02e-135	479
4cbe720e-284e-48e6-a666-f7119d058469	NR_114749.1	91.365	359	17	11	1	348	1128	1483	6.02e-135	479
4cbe720e-284e-48e6-a666-f7119d058469	NR_116899.1	91.365	359	17	11	1	348	1095	1450	6.02e-135	479
4cbe720e-284e-48e6-a666-f7119d058469	NR_178854.1	91.365	359	17	11	1	348	1107	1462	6.02e-135	479
4cbe720e-284e-48e6-a666-f7119d058469	NR_179889.1	91.365	359	17	11	1	348	1135	1490	6.02e-135	479
79bdb52b-1fe9-48e3-b636-bb95b26b04ad	NR_117717.1	97.035	371	4	6	1	370	1123	1487	1.30e-176	617
79bdb52b-1fe9-48e3-b636-bb95b26b04ad	NR_121688.1	97.035	371	4	6	1	370	1123	1487	1.30e-176	617
79bdb52b-1fe9-48e3-b636-bb95b26b04ad	NR_117696.1	97.035	371	4	6	1	370	1090	1454	1.30e-176	617
79bdb52b-1fe9-48e3-b636-bb95b26b04ad	NR_117701.1	97.035	371	4	6	1	370	1103	1467	1.30e-176	617
79bdb52b-1fe9-48e3-b636-bb95b26b04ad	NR_025902.1	96.765	371	5	6	1	370	1081	1445	6.07e-175	612
e47ba829-4a56-4b6c-95a9-e3112b0b52b9	NR_041799.1	93.237	621	21	17	1	603	1452	835	0.0	894
e47ba829-4a56-4b6c-95a9-e3112b0b52b9	NR_042541.1	93.237	621	21	17	1	603	1452	835	0.0	894
e47ba829-4a56-4b6c-95a9-e3112b0b52b9	NR_114227.1	93.237	621	21	17	1	603	1452	835	0.0	894
e47ba829-4a56-4b6c-95a9-e3112b0b52b9	NR_043935.1	93.237	621	21	17	1	603	1473	856	0.0	894
e47ba829-4a56-4b6c-95a9-e3112b0b52b9	NR_117823.1	93.237	621	21	17	1	603	1424	807	0.0	894
094434ab-3c48-4079-9d71-ac3ec829dc92	NR_024918.1	93.855	895	29	16	1	876	592	1479	0.0	1325
094434ab-3c48-4079-9d71-ac3ec829dc92	NR_041799.1	93.855	895	29	16	1	876	579	1466	0.0	1325
094434ab-3c48-4079-9d71-ac3ec829dc92	NR_117823.1	93.855	895	29	16	1	876	551	1438	0.0	1325
094434ab-3c48-4079-9d71-ac3ec829dc92	NR_028986.1	93.743	895	30	16	1	876	579	1466	0.0	1319
094434ab-3c48-4079-9d71-ac3ec829dc92	NR_042199.1	93.743	895	30	16	1	876	579	1466	0.0	1319
34b3c51b-84e1-4428-89e6-e6b0c47a7320	NR_042776.1	97.381	1260	16	14	1	1250	1270	18	0.0	2128
34b3c51b-84e1-4428-89e6-e6b0c47a7320	NR_042777.1	97.222	1260	17	15	1	1250	1269	18	0.0	2117
34b3c51b-84e1-4428-89e6-e6b0c47a7320	NR_042778.1	97.222	1260	18	14	1	1250	1270	18	0.0	2117
34b3c51b-84e1-4428-89e6-e6b0c47a7320	NR_197695.1	96.825	1260	23	14	1	1250	1269	17	0.0	2089
34b3c51b-84e1-4428-89e6-e6b0c47a7320	NR_118998.1	96.585	1259	27	13	1	1250	1264	13	0.0	2074
8a5aa203-b7be-435d-b502-b49349989c4d	NR_179889.1	93.649	1181	35	33	1	1149	321	1493	0.0	1729
8a5aa203-b7be-435d-b502-b49349989c4d	NR_041953.1	93.565	1181	36	33	1	1149	294	1466	0.0	1724
8a5aa203-b7be-435d-b502-b49349989c4d	NR_042541.1	93.565	1181	36	33	1	1149	294	1466	0.0	1724
8a5aa203-b7be-435d-b502-b49349989c4d	NR_178854.1	93.565	1181	35	34	1	1149	294	1465	0.0	1722
8a5aa203-b7be-435d-b502-b49349989c4d	NR_178447.1	93.480	1181	37	33	1	1149	228	1400	0.0	1718
98ece672-4108-418c-94d8-5a7c8ba1f1c5	NR_042776.1	95.712	583	16	8	1	576	598	18	0.0	929
98ece672-4108-418c-94d8-5a7c8ba1f1c5	NR_042778.1	95.369	583	18	8	1	576	598	18	0.0	918
98ece672-4108-418c-94d8-5a7c8ba1f1c5	NR_042777.1	95.197	583	18	9	1	576	597	18	0.0	913
98ece672-4108-418c-94d8-5a7c8ba1f1c5	NR_197695.1	94.854	583	21	8	1	576	597	17	0.0	902
98ece672-4108-418c-94d8-5a7c8ba1f1c5	NR_118998.1	94.683	583	22	8	1	576	593	13	0.0	898
