d8f49b66-b13b-472d-9071-fcbc34bebc21	NR_199513.1	91.432	782	37	26	9	766	803	28	0.0	1046
d8f49b66-b13b-472d-9071-fcbc34bebc21	NR_024901.1	91.315	783	36	29	9	766	789	14	0.0	1040
d8f49b66-b13b-472d-9071-fcbc34bebc21	NR_024928.1	91.315	783	36	29	9	766	789	14	0.0	1040
d8f49b66-b13b-472d-9071-fcbc34bebc21	NR_113583.1	91.315	783	36	29	9	766	776	1	0.0	1040
d8f49b66-b13b-472d-9071-fcbc34bebc21	NR_114225.1	91.315	783	36	29	9	766	776	1	0.0	1040
26363237-0e66-4ff1-a9a6-13e4eb34a0f9	NR_115355.1	91.332	1246	73	29	1	1225	1455	224	0.0	1670
26363237-0e66-4ff1-a9a6-13e4eb34a0f9	NR_179325.1	91.332	1246	73	29	1	1225	1429	198	0.0	1670
26363237-0e66-4ff1-a9a6-13e4eb34a0f9	NR_119169.1	91.091	1246	76	29	1	1225	1460	229	0.0	1659
26363237-0e66-4ff1-a9a6-13e4eb34a0f9	NR_163639.1	91.099	1247	70	35	1	1225	1470	243	0.0	1650
26363237-0e66-4ff1-a9a6-13e4eb34a0f9	NR_113570.1	90.770	1246	80	29	1	1225	1462	231	0.0	1631
7b9c499e-d06b-4c27-9ead-f6f193223172	NR_024928.1	94.504	1492	49	25	1	1476	2	1476	0.0	2272
7b9c499e-d06b-4c27-9ead-f6f193223172	NR_024901.1	94.437	1492	50	25	1	1476	2	1476	0.0	2265
7b9c499e-d06b-4c27-9ead-f6f193223172	NR_024912.1	94.370	1492	51	25	1	1476	2	1476	0.0	2259
7b9c499e-d06b-4c27-9ead-f6f193223172	NR_199514.1	94.370	1492	51	25	1	1476	9	1483	0.0	2259
7b9c499e-d06b-4c27-9ead-f6f193223172	NR_024927.1	94.299	1491	54	23	1	1476	2	1476	0.0	2254
65cca840-03b0-46b5-ae54-1642bdad7dd8	NR_040859.1	92.727	165	7	2	1	164	1315	1475	2.26e-61	233
65cca840-03b0-46b5-ae54-1642bdad7dd8	NR_040992.1	92.727	165	7	2	1	164	1323	1483	2.26e-61	233
65cca840-03b0-46b5-ae54-1642bdad7dd8	NR_025881.1	92.727	165	7	2	1	164	1321	1481	2.26e-61	233
65cca840-03b0-46b5-ae54-1642bdad7dd8	NR_026395.1	92.727	165	7	2	1	164	1323	1483	2.26e-61	233
65cca840-03b0-46b5-ae54-1642bdad7dd8	NR_024662.1	92.727	165	7	2	1	164	1323	1483	2.26e-61	233
93be8ec8-c821-4e26-b1db-19afe1c6748b	NR_117694.1	98.159	1032	9	7	1	1027	1027	1	0.0	1792
93be8ec8-c821-4e26-b1db-19afe1c6748b	NR_121687.1	97.022	1041	19	9	1	1035	1047	13	0.0	1740
93be8ec8-c821-4e26-b1db-19afe1c6748b	NR_025892.1	96.538	1040	25	8	1	1035	1052	19	0.0	1735
93be8ec8-c821-4e26-b1db-19afe1c6748b	NR_117692.1	96.415	1032	27	7	1	1027	1027	1	0.0	1692
93be8ec8-c821-4e26-b1db-19afe1c6748b	NR_041989.1	97.275	991	15	9	1	985	985	1	0.0	1670
88239443-052b-4f85-804b-f5e3ee807972	NR_041989.1	91.925	1127	39	45	1	1093	1109	1	0.0	1530
88239443-052b-4f85-804b-f5e3ee807972	NR_117694.1	91.202	1148	47	47	1	1113	1151	23	0.0	1511
88239443-052b-4f85-804b-f5e3ee807972	NR_117717.1	90.391	1176	53	49	1	1136	1171	16	0.0	1491
88239443-052b-4f85-804b-f5e3ee807972	NR_117696.1	90.846	1147	53	44	1	1113	1138	10	0.0	1489
88239443-052b-4f85-804b-f5e3ee807972	NR_121688.1	90.306	1176	55	48	1	1136	1171	15	0.0	1485
8cd89356-6f87-4040-b60a-655760358e00	NR_024912.1	96.134	569	10	9	39	600	581	18	0.0	918
8cd89356-6f87-4040-b60a-655760358e00	NR_024912.1	95.122	41	0	2	1	40	634	595	1.28e-09	63.9
8cd89356-6f87-4040-b60a-655760358e00	NR_042147.1	96.134	569	10	9	39	600	568	5	0.0	918
8cd89356-6f87-4040-b60a-655760358e00	NR_042147.1	95.122	41	0	2	1	40	621	582	1.28e-09	63.9
8cd89356-6f87-4040-b60a-655760358e00	NR_156986.1	96.134	569	10	9	39	600	576	13	0.0	918
8cd89356-6f87-4040-b60a-655760358e00	NR_156986.1	95.122	41	0	2	1	40	629	590	1.28e-09	63.9
8cd89356-6f87-4040-b60a-655760358e00	NR_178976.1	96.134	569	10	9	39	600	567	4	0.0	918
8cd89356-6f87-4040-b60a-655760358e00	NR_178976.1	95.122	41	0	2	1	40	620	581	1.28e-09	63.9
8cd89356-6f87-4040-b60a-655760358e00	NR_037092.1	96.127	568	11	8	39	600	585	23	0.0	917
8cd89356-6f87-4040-b60a-655760358e00	NR_037092.1	100.000	33	0	0	8	40	631	599	4.62e-09	62.1
79428134-3dd0-4986-b9db-6656d238f4a4	NR_043314.1	96.303	568	7	8	1	561	921	1481	0.0	920
79428134-3dd0-4986-b9db-6656d238f4a4	NR_116899.1	96.303	568	7	8	1	561	890	1450	0.0	920
79428134-3dd0-4986-b9db-6656d238f4a4	NR_178854.1	96.303	568	7	8	1	561	902	1462	0.0	920
79428134-3dd0-4986-b9db-6656d238f4a4	NR_179889.1	96.303	568	7	8	1	561	930	1490	0.0	920
79428134-3dd0-4986-b9db-6656d238f4a4	NR_041799.1	96.127	568	8	8	1	561	903	1463	0.0	915
131bbb30-5c99-4dff-8ba9-7b5cd3532dcf	NR_024909.1	91.398	279	16	7	8	281	289	14	6.54e-104	375
131bbb30-5c99-4dff-8ba9-7b5cd3532dcf	NR_024912.1	91.398	279	16	7	8	281	289	14	6.54e-104	375
131bbb30-5c99-4dff-8ba9-7b5cd3532dcf	NR_025164.1	91.398	279	16	7	8	281	276	1	6.54e-104	375
131bbb30-5c99-4dff-8ba9-7b5cd3532dcf	NR_028706.1	91.398	279	16	7	8	281	297	22	6.54e-104	375
131bbb30-5c99-4dff-8ba9-7b5cd3532dcf	NR_037092.1	91.398	279	16	7	8	281	294	19	6.54e-104	375
257690fa-cf73-4704-8e91-85f0484bbca2	NR_156986.1	95.053	1314	38	23	1	1295	1311	6	0.0	2041
257690fa-cf73-4704-8e91-85f0484bbca2	NR_199513.1	94.848	1320	42	22	1	1301	1330	18	0.0	2037
257690fa-cf73-4704-8e91-85f0484bbca2	NR_156987.1	94.977	1314	39	23	1	1295	1311	6	0.0	2036
257690fa-cf73-4704-8e91-85f0484bbca2	NR_178976.1	95.038	1310	38	24	1	1291	1302	1	0.0	2036
257690fa-cf73-4704-8e91-85f0484bbca2	NR_024928.1	94.901	1314	40	23	1	1295	1316	11	0.0	2032
bbe4db02-6462-429b-b9c6-b77718a9193f	NR_044873.1	95.458	1189	31	16	4	1179	1185	7	0.0	1875
bbe4db02-6462-429b-b9c6-b77718a9193f	NR_074568.1	93.860	1189	49	18	4	1179	1195	18	0.0	1770
bbe4db02-6462-429b-b9c6-b77718a9193f	NR_044712.2	93.608	1189	52	18	4	1179	1204	27	0.0	1760
bbe4db02-6462-429b-b9c6-b77718a9193f	NR_109752.1	92.941	1190	59	18	4	1179	1206	28	0.0	1709
bbe4db02-6462-429b-b9c6-b77718a9193f	NR_025310.1	93.136	1180	55	19	4	1169	1175	8	0.0	1707
d42cba68-a8ff-45db-a5af-88c4bd63e09a	NR_199513.1	95.269	1374	43	20	3	1363	131	1495	0.0	2158
d42cba68-a8ff-45db-a5af-88c4bd63e09a	NR_179889.1	95.197	1374	44	20	3	1363	131	1495	0.0	2152
d42cba68-a8ff-45db-a5af-88c4bd63e09a	NR_024928.1	95.127	1375	43	22	3	1363	117	1481	0.0	2148
d42cba68-a8ff-45db-a5af-88c4bd63e09a	NR_113600.1	95.252	1369	41	22	3	1357	104	1462	0.0	2148
d42cba68-a8ff-45db-a5af-88c4bd63e09a	NR_041953.1	95.124	1374	45	20	3	1363	104	1468	0.0	2146
4b44d2ed-39cb-40e8-952b-e3fd26f27a2a	NR_117694.1	88.563	647	36	36	59	680	699	66	0.0	750
4b44d2ed-39cb-40e8-952b-e3fd26f27a2a	NR_121687.1	87.790	647	41	35	59	680	719	86	0.0	723
4b44d2ed-39cb-40e8-952b-e3fd26f27a2a	NR_025892.1	87.152	646	46	35	59	680	724	92	0.0	717
4b44d2ed-39cb-40e8-952b-e3fd26f27a2a	NR_104946.1	87.654	648	40	37	59	680	662	29	0.0	717
4b44d2ed-39cb-40e8-952b-e3fd26f27a2a	NR_041988.1	87.481	647	43	35	59	680	657	24	0.0	712
fdf92160-50a5-4a83-8845-2f3f3c8daf86	NR_199513.1	90.256	1016	48	39	1	980	1018	18	0.0	1280
fdf92160-50a5-4a83-8845-2f3f3c8daf86	NR_156986.1	90.148	1015	47	40	1	978	999	1	0.0	1271
fdf92160-50a5-4a83-8845-2f3f3c8daf86	NR_156987.1	90.049	1015	48	40	1	978	999	1	0.0	1266
fdf92160-50a5-4a83-8845-2f3f3c8daf86	NR_199514.1	90.049	1015	48	40	1	978	1011	13	0.0	1266
fdf92160-50a5-4a83-8845-2f3f3c8daf86	NR_024901.1	89.951	1015	49	40	1	978	1004	6	0.0	1260
11fb6937-a62e-4bab-8af2-ff26af23ff46	NR_156986.1	95.289	849	24	13	4	839	846	1	0.0	1332
11fb6937-a62e-4bab-8af2-ff26af23ff46	NR_024901.1	95.176	850	23	14	4	839	851	6	0.0	1327
11fb6937-a62e-4bab-8af2-ff26af23ff46	NR_024928.1	95.176	850	23	14	4	839	851	6	0.0	1327
11fb6937-a62e-4bab-8af2-ff26af23ff46	NR_156987.1	95.171	849	25	13	4	839	846	1	0.0	1327
11fb6937-a62e-4bab-8af2-ff26af23ff46	NR_199514.1	95.171	849	25	13	4	839	858	13	0.0	1327
ca0fbd0e-f269-463e-9ae6-60927865b989	NR_156986.1	92.369	1376	59	41	10	1357	1366	9	0.0	1917
ca0fbd0e-f269-463e-9ae6-60927865b989	NR_113600.1	92.297	1376	60	41	10	1357	1358	1	0.0	1914
ca0fbd0e-f269-463e-9ae6-60927865b989	NR_156987.1	92.297	1376	60	41	10	1357	1366	9	0.0	1912
ca0fbd0e-f269-463e-9ae6-60927865b989	NR_114225.1	92.224	1376	61	40	10	1357	1358	1	0.0	1908
ca0fbd0e-f269-463e-9ae6-60927865b989	NR_178976.1	92.330	1369	60	40	10	1351	1357	7	0.0	1906
e6c8d966-1e0f-4c01-b398-317cf9d15c3a	NR_116168.1	89.678	746	53	22	1	732	752	1487	0.0	929
e6c8d966-1e0f-4c01-b398-317cf9d15c3a	NR_043115.1	89.516	744	54	21	4	732	749	1483	0.0	920
e6c8d966-1e0f-4c01-b398-317cf9d15c3a	NR_113859.1	89.502	743	54	21	4	731	728	1461	0.0	918
e6c8d966-1e0f-4c01-b398-317cf9d15c3a	NR_116899.1	89.262	745	55	22	4	732	715	1450	0.0	909
e6c8d966-1e0f-4c01-b398-317cf9d15c3a	NR_169429.1	89.333	750	45	25	4	732	749	1484	0.0	909
9f887ef7-2e2c-49e2-a09d-ecea8d6a2362	NR_199547.1	92.742	1240	54	28	2	1220	153	1377	0.0	1759
9f887ef7-2e2c-49e2-a09d-ecea8d6a2362	NR_116206.1	92.581	1240	56	28	2	1220	98	1322	0.0	1751
9f887ef7-2e2c-49e2-a09d-ecea8d6a2362	NR_179540.1	92.782	1233	54	27	8	1220	200	1417	0.0	1751
9f887ef7-2e2c-49e2-a09d-ecea8d6a2362	NR_042928.1	92.581	1240	56	28	2	1220	173	1397	0.0	1748
9f887ef7-2e2c-49e2-a09d-ecea8d6a2362	NR_116213.1	92.701	1233	55	27	8	1220	105	1322	0.0	1746
3427ad86-269f-4094-93bc-bacf846823ec	NR_028664.1	94.882	762	22	14	2	754	886	133	0.0	1175
3427ad86-269f-4094-93bc-bacf846823ec	NR_115240.1	94.882	762	22	14	2	754	863	110	0.0	1175
3427ad86-269f-4094-93bc-bacf846823ec	NR_115732.1	94.882	762	22	14	2	754	865	112	0.0	1175
3427ad86-269f-4094-93bc-bacf846823ec	NR_199545.1	94.882	762	22	14	2	754	883	130	0.0	1175
3427ad86-269f-4094-93bc-bacf846823ec	NR_114172.1	94.751	762	23	15	2	754	863	110	0.0	1170
468f57e2-a0c2-4be8-8859-188df0562fc3	NR_156986.1	83.974	1067	90	62	3	1005	1050	1	0.0	948
468f57e2-a0c2-4be8-8859-188df0562fc3	NR_024901.1	83.865	1066	93	61	3	1005	1055	6	0.0	942
468f57e2-a0c2-4be8-8859-188df0562fc3	NR_156987.1	83.880	1067	91	62	3	1005	1050	1	0.0	942
468f57e2-a0c2-4be8-8859-188df0562fc3	NR_199514.1	83.880	1067	91	62	3	1005	1062	13	0.0	942
468f57e2-a0c2-4be8-8859-188df0562fc3	NR_024928.1	83.771	1066	94	61	3	1005	1055	6	0.0	937
60cf63d7-7a3d-423d-bd14-859fcac079cf	NR_156986.1	96.018	653	12	10	1	645	647	1	0.0	1050
60cf63d7-7a3d-423d-bd14-859fcac079cf	NR_024901.1	95.865	653	13	10	1	645	652	6	0.0	1044
60cf63d7-7a3d-423d-bd14-859fcac079cf	NR_024912.1	95.865	653	13	10	1	645	652	6	0.0	1044
60cf63d7-7a3d-423d-bd14-859fcac079cf	NR_024928.1	95.865	653	13	10	1	645	652	6	0.0	1044
60cf63d7-7a3d-423d-bd14-859fcac079cf	NR_156987.1	95.865	653	13	10	1	645	647	1	0.0	1044
d724e2c2-e4d9-40bc-88cd-6eb7497e097e	NR_116168.1	95.652	483	9	10	1	479	488	14	0.0	765
d724e2c2-e4d9-40bc-88cd-6eb7497e097e	NR_042878.1	94.737	475	13	10	1	471	467	1	0.0	737
d724e2c2-e4d9-40bc-88cd-6eb7497e097e	NR_118762.1	92.562	484	24	9	1	480	491	16	0.0	706
d724e2c2-e4d9-40bc-88cd-6eb7497e097e	NR_025423.1	92.708	480	21	12	1	474	472	1	0.0	680
d724e2c2-e4d9-40bc-88cd-6eb7497e097e	NR_118143.1	92.034	477	24	12	1	471	469	1	0.0	660
17879adc-eec6-46ca-9cc0-39497c0d4b51	NR_043332.1	87.816	1264	75	65	1	1209	1249	10	0.0	1413
17879adc-eec6-46ca-9cc0-39497c0d4b51	NR_074980.1	87.896	1264	74	65	1	1209	1276	37	0.0	1413
17879adc-eec6-46ca-9cc0-39497c0d4b51	NR_113031.1	87.896	1264	74	65	1	1209	1276	37	0.0	1413
17879adc-eec6-46ca-9cc0-39497c0d4b51	NR_115355.1	87.978	1256	74	63	7	1209	1241	10	0.0	1413
17879adc-eec6-46ca-9cc0-39497c0d4b51	NR_044153.1	87.987	1257	72	65	7	1209	1241	10	0.0	1413
9b94639b-b105-412d-9588-fdaf2965afb3	NR_024951.1	96.429	644	12	11	1	637	1107	468	0.0	1051
9b94639b-b105-412d-9588-fdaf2965afb3	NR_029042.2	96.429	644	12	11	1	637	1111	472	0.0	1051
9b94639b-b105-412d-9588-fdaf2965afb3	NR_197706.1	96.429	644	12	11	1	637	1118	479	0.0	1051
9b94639b-b105-412d-9588-fdaf2965afb3	NR_199515.1	96.429	644	12	11	1	637	1120	481	0.0	1051
9b94639b-b105-412d-9588-fdaf2965afb3	NR_024918.1	96.273	644	13	11	1	637	1104	465	0.0	1046
1ae1ba4d-5856-462f-b6ef-fc12c3cc32ea	NR_156986.1	96.383	940	18	15	1	930	939	6	0.0	1533
1ae1ba4d-5856-462f-b6ef-fc12c3cc32ea	NR_156987.1	96.277	940	19	15	1	930	939	6	0.0	1528
1ae1ba4d-5856-462f-b6ef-fc12c3cc32ea	NR_199514.1	96.277	940	19	15	1	930	951	18	0.0	1528
1ae1ba4d-5856-462f-b6ef-fc12c3cc32ea	NR_178976.1	96.368	936	18	15	1	926	930	1	0.0	1526
1ae1ba4d-5856-462f-b6ef-fc12c3cc32ea	NR_113600.1	96.265	937	19	15	1	927	931	1	0.0	1524
7fa346a0-9d81-4b50-89a0-f47771af264d	NR_178515.1	97.030	1246	24	11	1	1238	1241	1	0.0	2084
7fa346a0-9d81-4b50-89a0-f47771af264d	NR_165737.1	96.790	1246	27	11	1	1238	1241	1	0.0	2067
7fa346a0-9d81-4b50-89a0-f47771af264d	NR_036936.1	96.549	1246	30	11	1	1238	1241	1	0.0	2052
7fa346a0-9d81-4b50-89a0-f47771af264d	NR_024842.1	96.326	1252	31	13	4	1246	1253	8	0.0	2047
7fa346a0-9d81-4b50-89a0-f47771af264d	NR_109720.1	96.529	1239	31	10	1	1231	1235	1	0.0	2039
97f4490e-4dc4-4af1-88f3-4dd3a370579d	NR_179889.1	97.761	1295	20	7	3	1294	205	1493	0.0	2222
97f4490e-4dc4-4af1-88f3-4dd3a370579d	NR_041953.1	97.683	1295	21	7	3	1294	178	1466	0.0	2217
97f4490e-4dc4-4af1-88f3-4dd3a370579d	NR_042541.1	97.683	1295	21	7	3	1294	178	1466	0.0	2217
97f4490e-4dc4-4af1-88f3-4dd3a370579d	NR_178854.1	97.683	1295	20	8	3	1294	178	1465	0.0	2217
97f4490e-4dc4-4af1-88f3-4dd3a370579d	NR_181891.1	97.683	1295	21	7	3	1294	201	1489	0.0	2217
bbc974f5-210f-406b-a31f-d115bcd0eed4	NR_043314.1	97.106	311	2	6	5	311	1174	1481	1.13e-146	518
bbc974f5-210f-406b-a31f-d115bcd0eed4	NR_114749.1	97.106	311	2	6	5	311	1176	1483	1.13e-146	518
bbc974f5-210f-406b-a31f-d115bcd0eed4	NR_116899.1	97.106	311	2	6	5	311	1143	1450	1.13e-146	518
bbc974f5-210f-406b-a31f-d115bcd0eed4	NR_178854.1	97.106	311	2	6	5	311	1155	1462	1.13e-146	518
bbc974f5-210f-406b-a31f-d115bcd0eed4	NR_179889.1	97.106	311	2	6	5	311	1183	1490	1.13e-146	518
2302acdb-13fb-40db-909e-aa07741c9b46	NR_156986.1	90.566	1007	53	35	12	993	990	1	0.0	1295
2302acdb-13fb-40db-909e-aa07741c9b46	NR_199514.1	90.575	1008	51	37	12	993	1002	13	0.0	1295
2302acdb-13fb-40db-909e-aa07741c9b46	NR_156987.1	90.467	1007	54	35	12	993	990	1	0.0	1290
2302acdb-13fb-40db-909e-aa07741c9b46	NR_199513.1	90.256	1016	58	35	4	995	1016	18	0.0	1290
2302acdb-13fb-40db-909e-aa07741c9b46	NR_024901.1	90.367	1007	55	35	12	993	995	6	0.0	1284
21ea0402-5675-4d29-9192-fda1c1298724	NR_199545.1	94.813	1446	40	27	1	1421	1448	13	0.0	2222
21ea0402-5675-4d29-9192-fda1c1298724	NR_179385.1	94.744	1446	41	27	1	1421	1452	17	0.0	2217
21ea0402-5675-4d29-9192-fda1c1298724	NR_179383.1	94.598	1444	43	27	3	1421	1453	20	0.0	2202
21ea0402-5675-4d29-9192-fda1c1298724	NR_028664.1	94.529	1444	44	27	3	1421	1449	16	0.0	2196
21ea0402-5675-4d29-9192-fda1c1298724	NR_165744.1	94.471	1447	45	27	1	1422	1437	1	0.0	2196
d1127106-309f-4e0b-aeab-847fd6b7ad8e	NR_040859.1	95.337	193	4	4	2	192	267	456	7.25e-82	302
d1127106-309f-4e0b-aeab-847fd6b7ad8e	NR_024901.1	95.337	193	4	4	2	192	268	457	7.25e-82	302
d1127106-309f-4e0b-aeab-847fd6b7ad8e	NR_024912.1	95.337	193	4	4	2	192	268	457	7.25e-82	302
d1127106-309f-4e0b-aeab-847fd6b7ad8e	NR_024928.1	95.337	193	4	4	2	192	268	457	7.25e-82	302
d1127106-309f-4e0b-aeab-847fd6b7ad8e	NR_025228.1	95.337	193	4	4	2	192	251	440	7.25e-82	302
961513b6-b713-423a-9525-0e91474e20f6	NR_042928.1	92.737	179	10	2	1	176	39	217	5.26e-68	255
961513b6-b713-423a-9525-0e91474e20f6	NR_112026.1	92.737	179	10	2	1	176	22	200	5.26e-68	255
961513b6-b713-423a-9525-0e91474e20f6	NR_117719.1	92.737	179	10	2	1	176	59	237	5.26e-68	255
961513b6-b713-423a-9525-0e91474e20f6	NR_175455.1	92.179	179	11	2	1	176	47	225	2.45e-66	250
961513b6-b713-423a-9525-0e91474e20f6	NR_114537.1	91.713	181	10	4	1	176	26	206	3.16e-65	246
e7076bdd-af96-4b59-94f4-7a7ba56d0238	NR_117694.1	93.182	308	6	12	1	303	348	645	8.81e-123	438
e7076bdd-af96-4b59-94f4-7a7ba56d0238	NR_121687.1	92.532	308	8	12	1	303	368	665	1.91e-119	427
e7076bdd-af96-4b59-94f4-7a7ba56d0238	NR_041988.1	92.208	308	9	12	1	303	306	603	8.88e-118	422
e7076bdd-af96-4b59-94f4-7a7ba56d0238	NR_104946.1	92.208	308	9	12	1	303	311	608	8.88e-118	422
e7076bdd-af96-4b59-94f4-7a7ba56d0238	NR_026079.2	91.909	309	10	12	1	304	375	673	1.15e-116	418
774c561b-0e36-43ac-bfbd-010326b3ea05	NR_165737.1	96.309	569	12	7	15	576	567	1	0.0	926
774c561b-0e36-43ac-bfbd-010326b3ea05	NR_178515.1	96.309	569	12	7	15	576	567	1	0.0	926
774c561b-0e36-43ac-bfbd-010326b3ea05	NR_114413.1	94.627	577	22	7	15	584	590	16	0.0	885
774c561b-0e36-43ac-bfbd-010326b3ea05	NR_042927.1	94.552	569	22	7	15	576	567	1	0.0	870
774c561b-0e36-43ac-bfbd-010326b3ea05	NR_024842.1	93.945	578	24	9	15	584	582	8	0.0	867
94e9c86f-a112-4ef9-bbd7-aff22fd43844	NR_043332.1	98.578	211	2	1	7	217	1276	1485	6.32e-103	372
94e9c86f-a112-4ef9-bbd7-aff22fd43844	NR_074980.1	98.578	211	2	1	7	217	1303	1512	6.32e-103	372
94e9c86f-a112-4ef9-bbd7-aff22fd43844	NR_113031.1	98.578	211	2	1	7	217	1303	1512	6.32e-103	372
94e9c86f-a112-4ef9-bbd7-aff22fd43844	NR_115354.1	98.578	211	2	1	7	217	1276	1485	6.32e-103	372
94e9c86f-a112-4ef9-bbd7-aff22fd43844	NR_115355.1	98.578	211	2	1	7	217	1276	1485	6.32e-103	372
05787efe-00a9-4d6a-999e-b4043479c9e4	NR_044873.1	93.272	327	13	5	12	336	321	2	2.67e-133	473
05787efe-00a9-4d6a-999e-b4043479c9e4	NR_074568.1	92.073	328	15	7	12	336	332	13	1.25e-126	451
05787efe-00a9-4d6a-999e-b4043479c9e4	NR_044712.2	91.159	328	18	7	12	336	341	22	2.71e-123	440
05787efe-00a9-4d6a-999e-b4043479c9e4	NR_024785.1	91.946	298	13	7	12	307	289	1	2.75e-113	407
05787efe-00a9-4d6a-999e-b4043479c9e4	NR_179993.1	89.362	329	25	6	12	337	333	12	9.89e-113	405
d1beebc5-32ed-406e-97c1-b27298df488b	NR_024912.1	95.181	498	7	12	1	488	496	6	0.0	771
d1beebc5-32ed-406e-97c1-b27298df488b	NR_037092.1	95.171	497	8	11	1	488	500	11	0.0	771
d1beebc5-32ed-406e-97c1-b27298df488b	NR_156986.1	95.181	498	7	12	1	488	491	1	0.0	771
d1beebc5-32ed-406e-97c1-b27298df488b	NR_024901.1	94.980	498	8	12	1	488	496	6	0.0	765
d1beebc5-32ed-406e-97c1-b27298df488b	NR_024928.1	94.980	498	8	12	1	488	496	6	0.0	765
90747a44-fe06-4718-9614-af39cac8fc85	NR_181857.1	93.525	695	21	18	13	688	835	1524	0.0	1013
90747a44-fe06-4718-9614-af39cac8fc85	NR_041799.1	93.381	695	22	18	13	688	777	1466	0.0	1007
90747a44-fe06-4718-9614-af39cac8fc85	NR_117823.1	93.381	695	22	18	13	688	749	1438	0.0	1007
90747a44-fe06-4718-9614-af39cac8fc85	NR_181265.1	93.381	695	22	18	13	688	804	1493	0.0	1007
90747a44-fe06-4718-9614-af39cac8fc85	NR_181730.1	93.362	693	22	18	13	686	783	1470	0.0	1003
74043d31-7ed2-470f-8e0f-978b173d3aa5	NR_179385.1	95.226	1215	29	24	1	1195	1223	18	0.0	1895
74043d31-7ed2-470f-8e0f-978b173d3aa5	NR_199545.1	95.226	1215	29	24	1	1195	1219	14	0.0	1895
74043d31-7ed2-470f-8e0f-978b173d3aa5	NR_028664.1	95.062	1215	31	24	1	1195	1222	17	0.0	1884
74043d31-7ed2-470f-8e0f-978b173d3aa5	NR_165741.1	95.062	1215	31	24	1	1195	1208	3	0.0	1884
74043d31-7ed2-470f-8e0f-978b173d3aa5	NR_179383.1	95.062	1215	31	24	1	1195	1226	21	0.0	1884
97abec0b-afc3-4966-9ab3-28372a8fe5f3	NR_117694.1	96.796	593	9	8	1	587	589	1	0.0	981
97abec0b-afc3-4966-9ab3-28372a8fe5f3	NR_025892.1	95.151	598	19	8	4	595	612	19	0.0	952
97abec0b-afc3-4966-9ab3-28372a8fe5f3	NR_121687.1	95.199	604	13	14	1	595	609	13	0.0	941
97abec0b-afc3-4966-9ab3-28372a8fe5f3	NR_117692.1	94.932	592	22	7	1	587	589	1	0.0	920
97abec0b-afc3-4966-9ab3-28372a8fe5f3	NR_026079.2	93.543	604	23	14	1	595	616	20	0.0	885
ec6a187e-ae40-4ef4-9300-d771e348708a	NR_156986.1	89.224	1095	67	43	10	1080	1068	1	0.0	1321
ec6a187e-ae40-4ef4-9300-d771e348708a	NR_199513.1	89.152	1097	68	42	10	1082	1087	18	0.0	1319
ec6a187e-ae40-4ef4-9300-d771e348708a	NR_024901.1	89.132	1095	68	43	10	1080	1073	6	0.0	1315
ec6a187e-ae40-4ef4-9300-d771e348708a	NR_024928.1	89.132	1095	68	43	10	1080	1073	6	0.0	1315
ec6a187e-ae40-4ef4-9300-d771e348708a	NR_156987.1	89.132	1095	68	43	10	1080	1068	1	0.0	1315
a06d26a0-529f-4b22-a81a-6121783bbff2	NR_027230.1	89.955	667	37	20	1	649	1436	782	0.0	833
a06d26a0-529f-4b22-a81a-6121783bbff2	NR_114795.1	89.805	667	38	20	1	649	1329	675	0.0	833
a06d26a0-529f-4b22-a81a-6121783bbff2	NR_179451.1	90.259	657	35	19	11	649	1397	752	0.0	832
a06d26a0-529f-4b22-a81a-6121783bbff2	NR_115608.1	89.790	666	41	18	1	649	1416	761	0.0	830
a06d26a0-529f-4b22-a81a-6121783bbff2	NR_036998.1	89.790	666	40	19	1	649	1436	782	0.0	828
570011ca-b4f7-4835-8b95-2faf1785e0e0	NR_024912.1	92.417	422	12	17	1	406	431	14	1.47e-166	584
570011ca-b4f7-4835-8b95-2faf1785e0e0	NR_025164.1	92.417	422	12	17	1	406	418	1	1.47e-166	584
570011ca-b4f7-4835-8b95-2faf1785e0e0	NR_028706.1	92.417	422	12	17	1	406	439	22	1.47e-166	584
570011ca-b4f7-4835-8b95-2faf1785e0e0	NR_042147.1	92.417	422	12	17	1	406	418	1	1.47e-166	584
570011ca-b4f7-4835-8b95-2faf1785e0e0	NR_042939.1	92.417	422	12	17	1	406	437	20	1.47e-166	584
0a0fc0bb-65fc-4d61-9e0c-0e090f5ffee9	NR_115355.1	93.290	924	27	28	1	906	576	1482	0.0	1330
0a0fc0bb-65fc-4d61-9e0c-0e090f5ffee9	NR_163639.1	93.182	924	27	30	1	906	592	1497	0.0	1325
0a0fc0bb-65fc-4d61-9e0c-0e090f5ffee9	NR_179325.1	93.182	924	28	28	1	906	550	1456	0.0	1325
0a0fc0bb-65fc-4d61-9e0c-0e090f5ffee9	NR_113570.1	93.167	922	27	29	4	906	586	1490	0.0	1321
0a0fc0bb-65fc-4d61-9e0c-0e090f5ffee9	NR_119169.1	92.965	924	30	28	1	906	581	1487	0.0	1317
9a9243bf-0d07-490f-bd14-27052e4e6383	NR_074980.1	95.789	380	8	8	1	376	523	898	2.84e-173	606
9a9243bf-0d07-490f-bd14-27052e4e6383	NR_113031.1	95.789	380	8	8	1	376	523	898	2.84e-173	606
9a9243bf-0d07-490f-bd14-27052e4e6383	NR_113570.1	95.789	380	8	8	1	376	503	878	2.84e-173	606
9a9243bf-0d07-490f-bd14-27052e4e6383	NR_119168.1	95.789	380	8	8	1	376	501	876	2.84e-173	606
9a9243bf-0d07-490f-bd14-27052e4e6383	NR_044091.1	95.789	380	8	8	1	376	410	785	2.84e-173	606
cf40852d-8901-42e4-93f5-1d7bf6f2b879	NR_024901.1	93.496	738	25	19	1	720	739	7	0.0	1075
cf40852d-8901-42e4-93f5-1d7bf6f2b879	NR_024928.1	93.496	738	25	19	1	720	739	7	0.0	1075
cf40852d-8901-42e4-93f5-1d7bf6f2b879	NR_156986.1	93.496	738	25	20	1	720	734	2	0.0	1075
cf40852d-8901-42e4-93f5-1d7bf6f2b879	NR_113583.1	93.570	731	25	18	1	714	726	1	0.0	1070
cf40852d-8901-42e4-93f5-1d7bf6f2b879	NR_114225.1	93.570	731	25	18	1	714	726	1	0.0	1070
d8f84b8b-d64c-476f-b691-09e7aafef822	NR_040859.1	100.000	44	0	0	1	44	1452	1409	1.76e-16	82.4
d8f84b8b-d64c-476f-b691-09e7aafef822	NR_028806.1	100.000	44	0	0	1	44	1459	1416	1.76e-16	82.4
d8f84b8b-d64c-476f-b691-09e7aafef822	NR_040992.1	100.000	44	0	0	1	44	1460	1417	1.76e-16	82.4
d8f84b8b-d64c-476f-b691-09e7aafef822	NR_025881.1	100.000	44	0	0	1	44	1458	1415	1.76e-16	82.4
d8f84b8b-d64c-476f-b691-09e7aafef822	NR_026395.1	100.000	44	0	0	1	44	1460	1417	1.76e-16	82.4
dc4e3bed-2f1b-4786-a94c-dabd100e5d63	NR_024918.1	98.205	390	4	3	1	388	1088	1476	0.0	678
dc4e3bed-2f1b-4786-a94c-dabd100e5d63	NR_028986.1	98.205	390	4	3	1	388	1075	1463	0.0	678
dc4e3bed-2f1b-4786-a94c-dabd100e5d63	NR_043314.1	98.205	390	4	3	1	388	1093	1481	0.0	678
dc4e3bed-2f1b-4786-a94c-dabd100e5d63	NR_042199.1	98.205	390	4	3	1	388	1075	1463	0.0	678
dc4e3bed-2f1b-4786-a94c-dabd100e5d63	NR_114225.1	98.201	389	4	3	1	387	1075	1462	0.0	678
9911070f-adad-49b8-891e-383e46a71cb9	NR_116168.1	97.674	129	3	0	1	129	150	22	3.90e-58	222
9911070f-adad-49b8-891e-383e46a71cb9	NR_042878.1	96.124	129	5	0	1	129	129	1	6.52e-56	215
9911070f-adad-49b8-891e-383e46a71cb9	NR_118762.1	94.574	129	7	0	1	129	153	25	1.09e-53	207
9911070f-adad-49b8-891e-383e46a71cb9	NR_115214.1	93.798	129	8	0	1	129	129	1	2.36e-50	196
9911070f-adad-49b8-891e-383e46a71cb9	NR_137345.1	94.488	127	7	0	1	127	131	5	2.36e-50	196
89672f5f-2a8a-42e2-9b2c-415f2d11829a	NR_121687.1	88.766	632	36	23	1	603	1479	854	0.0	741
89672f5f-2a8a-42e2-9b2c-415f2d11829a	NR_117717.1	88.608	632	37	23	1	603	1479	854	0.0	736
89672f5f-2a8a-42e2-9b2c-415f2d11829a	NR_159079.1	88.608	632	37	23	1	603	1455	830	0.0	736
89672f5f-2a8a-42e2-9b2c-415f2d11829a	NR_117694.1	88.608	632	37	23	1	603	1459	834	0.0	736
89672f5f-2a8a-42e2-9b2c-415f2d11829a	NR_117696.1	88.608	632	37	23	1	603	1446	821	0.0	736
32294152-e392-4328-b8cc-d8a754a134b8	NR_117694.1	97.601	1084	15	11	1	1078	1079	1	0.0	1847
32294152-e392-4328-b8cc-d8a754a134b8	NR_121687.1	96.432	1093	26	13	1	1086	1099	13	0.0	1790
32294152-e392-4328-b8cc-d8a754a134b8	NR_025892.1	96.125	1084	31	11	8	1086	1096	19	0.0	1783
32294152-e392-4328-b8cc-d8a754a134b8	NR_117692.1	96.133	1086	27	14	1	1078	1079	1	0.0	1759
32294152-e392-4328-b8cc-d8a754a134b8	NR_041989.1	96.740	1043	21	13	1	1036	1037	1	0.0	1725
98f882c0-a975-4a5f-9d7a-e4238a0bb4e2	NR_117717.1	96.016	502	11	8	1	499	989	1484	0.0	808
98f882c0-a975-4a5f-9d7a-e4238a0bb4e2	NR_117696.1	96.016	502	11	8	1	499	956	1451	0.0	808
98f882c0-a975-4a5f-9d7a-e4238a0bb4e2	NR_159079.1	95.817	502	12	8	1	499	965	1460	0.0	802
98f882c0-a975-4a5f-9d7a-e4238a0bb4e2	NR_117694.1	95.817	502	12	8	1	499	969	1464	0.0	802
98f882c0-a975-4a5f-9d7a-e4238a0bb4e2	NR_159156.1	95.808	501	12	8	1	498	969	1463	0.0	800
3314d7c1-23a8-4aa1-b300-b7c14a582625	NR_043314.1	96.949	295	5	3	1	294	1190	1481	6.46e-139	492
3314d7c1-23a8-4aa1-b300-b7c14a582625	NR_114749.1	96.949	295	5	3	1	294	1192	1483	6.46e-139	492
3314d7c1-23a8-4aa1-b300-b7c14a582625	NR_116899.1	96.949	295	5	3	1	294	1159	1450	6.46e-139	492
3314d7c1-23a8-4aa1-b300-b7c14a582625	NR_178854.1	96.949	295	5	3	1	294	1171	1462	6.46e-139	492
3314d7c1-23a8-4aa1-b300-b7c14a582625	NR_179889.1	96.949	295	5	3	1	294	1199	1490	6.46e-139	492
38f81b1a-de49-4d3a-bb75-31d3368f27e9	NR_179889.1	96.198	1052	23	13	17	1054	442	1490	0.0	1705
38f81b1a-de49-4d3a-bb75-31d3368f27e9	NR_041953.1	96.103	1052	24	12	17	1054	415	1463	0.0	1700
38f81b1a-de49-4d3a-bb75-31d3368f27e9	NR_042541.1	96.103	1052	24	13	17	1054	415	1463	0.0	1700
38f81b1a-de49-4d3a-bb75-31d3368f27e9	NR_178854.1	96.103	1052	23	14	17	1054	415	1462	0.0	1700
38f81b1a-de49-4d3a-bb75-31d3368f27e9	NR_178447.1	96.008	1052	25	13	17	1054	349	1397	0.0	1694
dfe3d808-c3d9-4ee8-a06c-3ce25bca3a4e	NR_116899.1	94.295	929	27	19	1	910	490	1411	0.0	1399
dfe3d808-c3d9-4ee8-a06c-3ce25bca3a4e	NR_041953.1	94.289	928	27	19	1	909	503	1423	0.0	1397
dfe3d808-c3d9-4ee8-a06c-3ce25bca3a4e	NR_117826.1	94.289	928	27	19	1	909	475	1395	0.0	1397
dfe3d808-c3d9-4ee8-a06c-3ce25bca3a4e	NR_118155.1	94.289	928	27	19	1	909	526	1446	0.0	1397
dfe3d808-c3d9-4ee8-a06c-3ce25bca3a4e	NR_180743.1	94.289	928	27	19	1	909	504	1424	0.0	1397
c09478dd-c870-4975-b813-6c701be99912	NR_116899.1	97.199	964	15	4	1	953	491	1453	0.0	1620
c09478dd-c870-4975-b813-6c701be99912	NR_179889.1	97.199	964	15	4	1	953	531	1493	0.0	1620
c09478dd-c870-4975-b813-6c701be99912	NR_024918.1	97.095	964	16	4	1	953	517	1479	0.0	1615
c09478dd-c870-4975-b813-6c701be99912	NR_041799.1	97.098	965	14	6	1	953	504	1466	0.0	1615
c09478dd-c870-4975-b813-6c701be99912	NR_042541.1	97.095	964	16	4	1	953	504	1466	0.0	1615
54bbee40-d06a-47e8-848b-8c289e6fd651	NR_043314.1	95.591	567	15	10	29	589	1425	863	0.0	900
54bbee40-d06a-47e8-848b-8c289e6fd651	NR_116899.1	95.591	567	15	10	29	589	1394	832	0.0	900
54bbee40-d06a-47e8-848b-8c289e6fd651	NR_118125.1	95.591	567	15	10	29	589	1414	852	0.0	900
54bbee40-d06a-47e8-848b-8c289e6fd651	NR_149822.1	95.591	567	15	10	29	589	1390	828	0.0	900
54bbee40-d06a-47e8-848b-8c289e6fd651	NR_178854.1	95.591	567	15	10	29	589	1406	844	0.0	900
a24f6b0d-afde-44d7-9e37-177a3f7da216	NR_169411.1	97.587	373	4	4	3	373	739	1108	0.0	634
a24f6b0d-afde-44d7-9e37-177a3f7da216	NR_179168.1	97.587	373	4	4	3	373	742	1111	0.0	634
a24f6b0d-afde-44d7-9e37-177a3f7da216	NR_179327.1	97.587	373	4	4	3	373	692	1061	0.0	634
a24f6b0d-afde-44d7-9e37-177a3f7da216	NR_179480.1	97.587	373	4	4	3	373	670	1039	0.0	634
a24f6b0d-afde-44d7-9e37-177a3f7da216	NR_180737.1	97.587	373	4	4	3	373	720	1089	0.0	634
e428e2ca-7093-46fc-85d4-1fd1f2fa5b92	NR_179383.1	96.364	1320	28	13	8	1316	190	1500	0.0	2154
e428e2ca-7093-46fc-85d4-1fd1f2fa5b92	NR_117719.1	96.212	1320	30	13	8	1316	183	1493	0.0	2143
e428e2ca-7093-46fc-85d4-1fd1f2fa5b92	NR_175455.1	96.215	1321	29	14	8	1316	171	1482	0.0	2143
e428e2ca-7093-46fc-85d4-1fd1f2fa5b92	NR_042927.1	96.279	1317	27	15	8	1312	165	1471	0.0	2141
e428e2ca-7093-46fc-85d4-1fd1f2fa5b92	NR_115734.1	96.279	1317	27	15	8	1312	166	1472	0.0	2141
c29bb892-cd82-42af-89a3-49009df98ed1	NR_156986.1	94.039	671	18	16	3	661	661	1	0.0	998
c29bb892-cd82-42af-89a3-49009df98ed1	NR_024901.1	93.890	671	19	16	3	661	666	6	0.0	992
c29bb892-cd82-42af-89a3-49009df98ed1	NR_024912.1	93.890	671	19	16	3	661	666	6	0.0	992
c29bb892-cd82-42af-89a3-49009df98ed1	NR_024928.1	93.890	671	19	16	3	661	666	6	0.0	992
c29bb892-cd82-42af-89a3-49009df98ed1	NR_156987.1	93.890	671	19	16	3	661	661	1	0.0	992
4a58fa75-646b-4495-95ed-c1ef55aa1399	NR_114595.1	90.679	1266	73	33	1	1242	1257	13	0.0	1642
4a58fa75-646b-4495-95ed-c1ef55aa1399	NR_114481.1	90.608	1267	73	34	1	1242	1246	1	0.0	1639
4a58fa75-646b-4495-95ed-c1ef55aa1399	NR_028706.1	90.600	1266	74	32	1	1242	1258	14	0.0	1637
4a58fa75-646b-4495-95ed-c1ef55aa1399	NR_041799.1	90.620	1258	73	33	1	1234	1237	1	0.0	1628
4a58fa75-646b-4495-95ed-c1ef55aa1399	NR_114227.1	90.620	1258	73	33	1	1234	1237	1	0.0	1628
74eca618-1c4b-421b-98ef-2d38fcc7c586	NR_041799.1	94.569	847	26	14	10	849	635	1468	0.0	1291
74eca618-1c4b-421b-98ef-2d38fcc7c586	NR_116899.1	94.569	847	26	14	10	849	622	1455	0.0	1291
74eca618-1c4b-421b-98ef-2d38fcc7c586	NR_117823.1	94.569	847	26	14	10	849	607	1440	0.0	1291
74eca618-1c4b-421b-98ef-2d38fcc7c586	NR_179889.1	94.569	847	26	14	10	849	662	1495	0.0	1291
74eca618-1c4b-421b-98ef-2d38fcc7c586	NR_043314.1	94.458	848	26	15	10	849	652	1486	0.0	1286
c0fdeb58-5b50-428d-a24d-fa6991dc4a78	NR_043314.1	97.959	343	2	4	5	344	1141	1481	2.65e-168	590
c0fdeb58-5b50-428d-a24d-fa6991dc4a78	NR_114749.1	97.959	343	2	4	5	344	1143	1483	2.65e-168	590
c0fdeb58-5b50-428d-a24d-fa6991dc4a78	NR_116899.1	97.959	343	2	4	5	344	1110	1450	2.65e-168	590
c0fdeb58-5b50-428d-a24d-fa6991dc4a78	NR_178854.1	97.959	343	2	4	5	344	1122	1462	2.65e-168	590
c0fdeb58-5b50-428d-a24d-fa6991dc4a78	NR_179889.1	97.959	343	2	4	5	344	1150	1490	2.65e-168	590
1d497e1b-0191-47ad-83c3-811acba43b50	NR_025881.1	93.669	1311	54	20	35	1325	180	1481	0.0	1934
1d497e1b-0191-47ad-83c3-811acba43b50	NR_043424.1	93.521	1312	54	21	35	1325	180	1481	0.0	1923
1d497e1b-0191-47ad-83c3-811acba43b50	NR_115609.1	93.293	1312	59	20	35	1325	141	1444	0.0	1914
1d497e1b-0191-47ad-83c3-811acba43b50	NR_116905.1	93.405	1304	57	21	42	1325	190	1484	0.0	1905
1d497e1b-0191-47ad-83c3-811acba43b50	NR_041592.1	93.252	1304	59	19	42	1325	144	1438	0.0	1893
a34aa138-dd71-4042-92f0-1a972e80c361	NR_028682.1	91.660	1307	54	46	1	1277	1295	14	0.0	1759
a34aa138-dd71-4042-92f0-1a972e80c361	NR_025862.1	89.542	1310	75	55	1	1277	1294	14	0.0	1615
a34aa138-dd71-4042-92f0-1a972e80c361	NR_116890.1	87.452	1307	102	53	1	1269	1283	1	0.0	1450
a34aa138-dd71-4042-92f0-1a972e80c361	NR_025445.1	86.041	1311	117	56	1	1270	1286	1	0.0	1347
a34aa138-dd71-4042-92f0-1a972e80c361	NR_025946.1	85.812	1318	118	61	1	1277	1303	14	0.0	1341
d10d20e7-7feb-4902-80d5-dd97129a9412	NR_117694.1	93.469	980	27	32	1	961	962	1	0.0	1421
d10d20e7-7feb-4902-80d5-dd97129a9412	NR_025892.1	92.308	988	40	31	1	970	987	18	0.0	1393
d10d20e7-7feb-4902-80d5-dd97129a9412	NR_121687.1	92.626	990	34	34	1	970	982	12	0.0	1387
d10d20e7-7feb-4902-80d5-dd97129a9412	NR_117692.1	91.752	982	40	34	1	961	962	1	0.0	1327
d10d20e7-7feb-4902-80d5-dd97129a9412	NR_041989.1	92.644	938	31	34	1	920	920	3	0.0	1315
42f5ac09-e266-44a4-8f26-c178acd3719e	NR_199513.1	97.139	1398	28	10	13	1403	98	1490	0.0	2350
42f5ac09-e266-44a4-8f26-c178acd3719e	NR_113600.1	96.924	1398	29	12	13	1402	71	1462	0.0	2333
42f5ac09-e266-44a4-8f26-c178acd3719e	NR_179889.1	96.924	1398	31	10	13	1403	98	1490	0.0	2333
42f5ac09-e266-44a4-8f26-c178acd3719e	NR_181891.1	96.924	1398	31	10	13	1403	94	1486	0.0	2333
42f5ac09-e266-44a4-8f26-c178acd3719e	NR_024928.1	96.855	1399	30	12	13	1403	84	1476	0.0	2329
10bbdc3e-4a9c-4de9-b1eb-b0dc770512db	NR_156986.1	95.036	1390	32	22	1	1361	1382	1	0.0	2150
10bbdc3e-4a9c-4de9-b1eb-b0dc770512db	NR_199513.1	95.032	1389	34	20	1	1361	1401	20	0.0	2150
10bbdc3e-4a9c-4de9-b1eb-b0dc770512db	NR_024928.1	94.964	1390	33	22	1	1361	1387	6	0.0	2146
10bbdc3e-4a9c-4de9-b1eb-b0dc770512db	NR_156987.1	94.964	1390	33	22	1	1361	1382	1	0.0	2145
10bbdc3e-4a9c-4de9-b1eb-b0dc770512db	NR_178976.1	95.076	1381	31	22	1	1352	1373	1	0.0	2141
2d54bf06-7b74-4af4-8964-805d23cd1964	NR_179889.1	97.300	1148	17	11	1	1137	351	1495	0.0	1936
2d54bf06-7b74-4af4-8964-805d23cd1964	NR_181891.1	97.300	1148	17	11	1	1137	347	1491	0.0	1936
2d54bf06-7b74-4af4-8964-805d23cd1964	NR_041953.1	97.213	1148	18	11	1	1137	324	1468	0.0	1930
2d54bf06-7b74-4af4-8964-805d23cd1964	NR_042541.1	97.213	1148	18	11	1	1137	324	1468	0.0	1930
2d54bf06-7b74-4af4-8964-805d23cd1964	NR_199513.1	97.213	1148	18	11	1	1137	351	1495	0.0	1930
ca58caed-6651-411e-b052-9b550f4a350e	NR_156986.1	95.674	1364	29	24	1	1350	1348	1	0.0	2165
ca58caed-6651-411e-b052-9b550f4a350e	NR_156987.1	95.601	1364	30	24	1	1350	1348	1	0.0	2159
ca58caed-6651-411e-b052-9b550f4a350e	NR_199513.1	95.528	1364	35	21	1	1352	1367	18	0.0	2158
ca58caed-6651-411e-b052-9b550f4a350e	NR_024928.1	95.451	1363	34	23	1	1350	1353	6	0.0	2150
ca58caed-6651-411e-b052-9b550f4a350e	NR_178976.1	95.646	1355	29	24	1	1341	1339	1	0.0	2150
a378b503-32f1-4245-9edf-066343ce5a78	NR_115355.1	87.193	367	26	18	8	365	1128	1482	1.83e-110	398
a378b503-32f1-4245-9edf-066343ce5a78	NR_163639.1	87.193	367	26	18	8	365	1143	1497	1.83e-110	398
a378b503-32f1-4245-9edf-066343ce5a78	NR_179325.1	87.193	367	26	18	8	365	1102	1456	1.83e-110	398
a378b503-32f1-4245-9edf-066343ce5a78	NR_119169.1	86.921	367	27	18	8	365	1133	1487	8.51e-109	392
a378b503-32f1-4245-9edf-066343ce5a78	NR_115354.1	86.649	367	28	18	8	365	1128	1482	3.96e-107	387
7954e173-b49e-49a7-8bf9-f9e78823ac6a	NR_041989.1	95.455	374	10	7	1	372	791	423	2.84e-168	590
7954e173-b49e-49a7-8bf9-f9e78823ac6a	NR_117694.1	95.455	374	10	7	1	372	833	465	2.84e-168	590
7954e173-b49e-49a7-8bf9-f9e78823ac6a	NR_121687.1	96.369	358	8	5	17	372	839	485	1.32e-166	584
7954e173-b49e-49a7-8bf9-f9e78823ac6a	NR_116766.1	94.920	374	12	7	1	372	833	465	6.16e-165	579
7954e173-b49e-49a7-8bf9-f9e78823ac6a	NR_156926.1	94.920	374	12	7	1	372	801	433	6.16e-165	579
c7e04a8b-8e87-4a21-be3a-7af7bb992047	NR_041953.1	94.930	1223	35	16	1	1210	256	1464	0.0	1890
c7e04a8b-8e87-4a21-be3a-7af7bb992047	NR_042541.1	94.930	1223	35	16	1	1210	256	1464	0.0	1890
c7e04a8b-8e87-4a21-be3a-7af7bb992047	NR_179889.1	94.930	1223	35	16	1	1210	283	1491	0.0	1890
c7e04a8b-8e87-4a21-be3a-7af7bb992047	NR_178854.1	94.849	1223	35	17	1	1210	256	1463	0.0	1884
c7e04a8b-8e87-4a21-be3a-7af7bb992047	NR_178447.1	94.767	1223	37	16	1	1210	190	1398	0.0	1879
1867bc60-e04c-4d25-989b-ca7eddba2bcd	NR_199513.1	95.477	1415	41	20	2	1397	1428	18	0.0	2237
1867bc60-e04c-4d25-989b-ca7eddba2bcd	NR_178976.1	95.587	1405	39	21	2	1388	1400	1	0.0	2231
1867bc60-e04c-4d25-989b-ca7eddba2bcd	NR_156986.1	95.403	1414	40	22	2	1395	1409	1	0.0	2228
1867bc60-e04c-4d25-989b-ca7eddba2bcd	NR_199514.1	95.403	1414	40	22	2	1395	1421	13	0.0	2228
1867bc60-e04c-4d25-989b-ca7eddba2bcd	NR_024928.1	95.332	1414	41	22	2	1395	1414	6	0.0	2224
a048af03-6a81-4253-be13-d391c51677e6	NR_024909.1	94.359	390	11	9	1	387	395	14	1.09e-167	588
a048af03-6a81-4253-be13-d391c51677e6	NR_024912.1	94.359	390	11	9	1	387	395	14	1.09e-167	588
a048af03-6a81-4253-be13-d391c51677e6	NR_025164.1	94.359	390	11	9	1	387	382	1	1.09e-167	588
a048af03-6a81-4253-be13-d391c51677e6	NR_028706.1	94.359	390	11	9	1	387	403	22	1.09e-167	588
a048af03-6a81-4253-be13-d391c51677e6	NR_042147.1	94.359	390	11	9	1	387	382	1	1.09e-167	588
7c975d87-3a05-488b-abaf-5d24bdfa9cff	NR_042927.1	85.851	1152	112	39	1	1128	268	1392	0.0	1177
7c975d87-3a05-488b-abaf-5d24bdfa9cff	NR_114413.1	85.851	1152	112	39	1	1128	291	1415	0.0	1177
7c975d87-3a05-488b-abaf-5d24bdfa9cff	NR_115734.1	85.851	1152	112	39	1	1128	269	1393	0.0	1177
7c975d87-3a05-488b-abaf-5d24bdfa9cff	NR_116210.1	85.851	1152	112	39	1	1128	131	1255	0.0	1177
7c975d87-3a05-488b-abaf-5d24bdfa9cff	NR_165744.1	85.851	1152	112	39	1	1128	275	1399	0.0	1177
75aff243-840e-4db4-a0f2-37baa02345da	NR_024912.1	94.079	608	16	14	4	599	605	6	0.0	905
75aff243-840e-4db4-a0f2-37baa02345da	NR_156986.1	94.079	608	16	14	4	599	600	1	0.0	905
75aff243-840e-4db4-a0f2-37baa02345da	NR_037092.1	94.069	607	17	13	4	599	609	11	0.0	904
75aff243-840e-4db4-a0f2-37baa02345da	NR_024901.1	93.914	608	17	14	4	599	605	6	0.0	900
75aff243-840e-4db4-a0f2-37baa02345da	NR_024928.1	93.914	608	17	14	4	599	605	6	0.0	900
2401420c-0e3d-48f4-b9de-87af925f8266	NR_116899.1	96.467	1019	22	12	1	1010	442	1455	0.0	1670
2401420c-0e3d-48f4-b9de-87af925f8266	NR_024918.1	96.369	1019	23	12	1	1010	468	1481	0.0	1664
2401420c-0e3d-48f4-b9de-87af925f8266	NR_041799.1	96.373	1020	21	14	1	1010	455	1468	0.0	1664
2401420c-0e3d-48f4-b9de-87af925f8266	NR_041953.1	96.369	1019	23	12	1	1010	455	1468	0.0	1664
2401420c-0e3d-48f4-b9de-87af925f8266	NR_042541.1	96.369	1019	23	12	1	1010	455	1468	0.0	1664
65cffab0-c1b9-47c8-b8ba-ebc289360f32	NR_024918.1	95.425	918	28	12	14	927	1420	513	0.0	1450
65cffab0-c1b9-47c8-b8ba-ebc289360f32	NR_024951.1	95.425	918	28	12	14	927	1423	516	0.0	1450
65cffab0-c1b9-47c8-b8ba-ebc289360f32	NR_029042.2	95.425	918	28	12	14	927	1427	520	0.0	1450
65cffab0-c1b9-47c8-b8ba-ebc289360f32	NR_180743.1	95.425	918	28	12	14	927	1408	501	0.0	1450
65cffab0-c1b9-47c8-b8ba-ebc289360f32	NR_181890.1	95.425	918	28	12	14	927	1430	523	0.0	1450
4819b24b-f2f2-4db0-bdbf-aacaf996afbe	NR_178447.1	90.919	947	44	35	1	914	1229	292	0.0	1234
4819b24b-f2f2-4db0-bdbf-aacaf996afbe	NR_041953.1	90.813	947	45	35	1	914	1295	358	0.0	1229
4819b24b-f2f2-4db0-bdbf-aacaf996afbe	NR_179889.1	90.813	947	45	35	1	914	1322	385	0.0	1229
4819b24b-f2f2-4db0-bdbf-aacaf996afbe	NR_181891.1	90.813	947	45	35	1	914	1318	381	0.0	1229
4819b24b-f2f2-4db0-bdbf-aacaf996afbe	NR_042541.1	90.707	947	46	35	1	914	1295	358	0.0	1223
388b4719-cc9a-4ead-9255-ae83e5e27201	NR_044873.1	92.308	455	14	12	1	438	740	1190	2.58e-179	627
388b4719-cc9a-4ead-9255-ae83e5e27201	NR_074568.1	91.429	455	18	12	1	438	750	1200	1.21e-172	604
388b4719-cc9a-4ead-9255-ae83e5e27201	NR_044712.2	91.429	455	18	12	1	438	759	1209	1.21e-172	604
388b4719-cc9a-4ead-9255-ae83e5e27201	NR_025310.1	91.009	456	18	14	1	438	730	1180	2.62e-169	593
388b4719-cc9a-4ead-9255-ae83e5e27201	NR_109752.1	91.009	456	18	14	1	438	761	1211	2.62e-169	593
5c8401ee-c415-469e-87e4-2da283f2881e	NR_024901.1	94.414	734	21	15	1	727	28	748	0.0	1110
5c8401ee-c415-469e-87e4-2da283f2881e	NR_024928.1	94.422	735	19	17	1	727	28	748	0.0	1110
5c8401ee-c415-469e-87e4-2da283f2881e	NR_113583.1	94.414	734	21	15	1	727	15	735	0.0	1110
5c8401ee-c415-469e-87e4-2da283f2881e	NR_114225.1	94.414	734	21	15	1	727	15	735	0.0	1110
5c8401ee-c415-469e-87e4-2da283f2881e	NR_156986.1	94.414	734	21	15	1	727	23	743	0.0	1110
9206d4b5-5900-417b-a6ed-8a94e3bc2b9b	NR_028682.1	93.476	797	24	23	1	786	709	1488	0.0	1158
9206d4b5-5900-417b-a6ed-8a94e3bc2b9b	NR_116890.1	92.162	791	36	21	1	782	697	1470	0.0	1094
9206d4b5-5900-417b-a6ed-8a94e3bc2b9b	NR_113798.1	91.439	806	41	22	1	795	693	1481	0.0	1081
9206d4b5-5900-417b-a6ed-8a94e3bc2b9b	NR_119263.1	91.439	806	41	22	1	795	706	1494	0.0	1081
9206d4b5-5900-417b-a6ed-8a94e3bc2b9b	NR_025445.1	91.429	805	42	22	1	795	700	1487	0.0	1079
f8f901f9-7d4a-4855-b93f-c087008a79f1	NR_117694.1	96.978	728	10	10	1	721	733	11	0.0	1212
f8f901f9-7d4a-4855-b93f-c087008a79f1	NR_121687.1	94.913	747	19	13	1	734	753	13	0.0	1151
f8f901f9-7d4a-4855-b93f-c087008a79f1	NR_025892.1	94.370	746	24	12	1	734	758	19	0.0	1149
f8f901f9-7d4a-4855-b93f-c087008a79f1	NR_117692.1	94.918	728	25	10	1	721	733	11	0.0	1129
f8f901f9-7d4a-4855-b93f-c087008a79f1	NR_041989.1	95.696	697	16	12	1	689	691	1	0.0	1109
54e3dadf-5426-4c6d-a50b-485a69ddd91c	NR_041953.1	98.303	766	10	3	1	765	302	1065	0.0	1339
54e3dadf-5426-4c6d-a50b-485a69ddd91c	NR_178447.1	98.303	766	10	3	1	765	236	999	0.0	1339
54e3dadf-5426-4c6d-a50b-485a69ddd91c	NR_199513.1	98.303	766	10	3	1	765	329	1092	0.0	1339
54e3dadf-5426-4c6d-a50b-485a69ddd91c	NR_042541.1	98.172	766	11	3	1	765	302	1065	0.0	1334
54e3dadf-5426-4c6d-a50b-485a69ddd91c	NR_179889.1	98.172	766	11	3	1	765	329	1092	0.0	1334
153078a0-a898-49eb-87c4-20b464e54f7e	NR_044032.1	82.254	355	51	11	42	389	609	958	7.80e-80	296
153078a0-a898-49eb-87c4-20b464e54f7e	NR_178871.1	81.924	343	50	11	54	389	635	972	7.85e-75	279
153078a0-a898-49eb-87c4-20b464e54f7e	NR_181404.1	81.044	364	57	11	31	387	634	992	7.85e-75	279
153078a0-a898-49eb-87c4-20b464e54f7e	NR_025917.1	81.662	349	50	13	50	390	602	944	2.82e-74	278
153078a0-a898-49eb-87c4-20b464e54f7e	NR_026099.2	81.662	349	50	13	50	390	603	945	2.82e-74	278
8ebbfe6b-f5ac-461e-8923-aeff206eaa55	NR_116904.1	91.659	1091	50	32	1	1063	398	1475	0.0	1472
8ebbfe6b-f5ac-461e-8923-aeff206eaa55	NR_043115.1	91.667	1092	47	35	1	1063	407	1483	0.0	1472
8ebbfe6b-f5ac-461e-8923-aeff206eaa55	NR_113859.1	91.659	1091	47	35	1	1062	386	1461	0.0	1471
8ebbfe6b-f5ac-461e-8923-aeff206eaa55	NR_109583.1	91.575	1092	49	34	1	1063	408	1485	0.0	1467
8ebbfe6b-f5ac-461e-8923-aeff206eaa55	NR_114195.1	92.823	1031	37	29	57	1062	444	1462	0.0	1459
1606304c-4183-4781-8c20-e33cb0f229b1	NR_024928.1	96.568	1486	28	21	5	1478	6	1480	0.0	2442
1606304c-4183-4781-8c20-e33cb0f229b1	NR_024901.1	96.501	1486	29	21	5	1478	6	1480	0.0	2435
1606304c-4183-4781-8c20-e33cb0f229b1	NR_024912.1	96.501	1486	29	21	5	1478	6	1480	0.0	2435
1606304c-4183-4781-8c20-e33cb0f229b1	NR_113600.1	96.673	1473	26	21	13	1473	1	1462	0.0	2429
1606304c-4183-4781-8c20-e33cb0f229b1	NR_199514.1	96.433	1486	30	21	5	1478	13	1487	0.0	2429
ac5d8826-bbd1-4bda-8f39-1d957e205520	NR_136788.1	97.295	1331	21	10	1	1316	150	1480	0.0	2244
ac5d8826-bbd1-4bda-8f39-1d957e205520	NR_026230.1	93.919	1332	64	11	1	1316	128	1458	0.0	2004
ac5d8826-bbd1-4bda-8f39-1d957e205520	NR_113082.1	94.095	1304	59	12	1	1288	150	1451	0.0	1965
ac5d8826-bbd1-4bda-8f39-1d957e205520	NR_136443.1	88.956	1331	109	30	1	1304	110	1429	0.0	1609
ac5d8826-bbd1-4bda-8f39-1d957e205520	NR_152671.1	84.798	1263	154	32	75	1310	200	1451	0.0	1234
1af209d8-e5ed-4eab-ba3d-5b45bae6c51e	NR_029050.1	93.092	304	11	9	1	296	1341	1040	3.29e-122	436
1af209d8-e5ed-4eab-ba3d-5b45bae6c51e	NR_043314.1	93.092	304	11	9	1	296	1391	1090	3.29e-122	436
1af209d8-e5ed-4eab-ba3d-5b45bae6c51e	NR_116905.1	93.092	304	11	9	1	296	1394	1093	3.29e-122	436
1af209d8-e5ed-4eab-ba3d-5b45bae6c51e	NR_114749.1	93.092	304	11	9	1	296	1393	1092	3.29e-122	436
1af209d8-e5ed-4eab-ba3d-5b45bae6c51e	NR_116899.1	93.092	304	11	9	1	296	1360	1059	3.29e-122	436
a83b9d40-9ba5-4aee-a9ae-f7d7017277cc	NR_028664.1	95.190	499	14	8	1	491	1000	1496	0.0	780
a83b9d40-9ba5-4aee-a9ae-f7d7017277cc	NR_117719.1	95.190	499	14	8	1	491	997	1493	0.0	780
a83b9d40-9ba5-4aee-a9ae-f7d7017277cc	NR_179383.1	95.190	499	14	8	1	491	1004	1500	0.0	780
a83b9d40-9ba5-4aee-a9ae-f7d7017277cc	NR_036936.1	95.354	495	13	8	1	487	979	1471	0.0	778
a83b9d40-9ba5-4aee-a9ae-f7d7017277cc	NR_042927.1	95.354	495	13	8	1	487	979	1471	0.0	778
5875efcd-9994-462d-b8b3-39c57e3319e8	NR_156072.1	91.627	418	18	14	8	415	712	1122	7.16e-160	562
5875efcd-9994-462d-b8b3-39c57e3319e8	NR_178515.1	91.627	418	18	14	8	415	692	1102	7.16e-160	562
5875efcd-9994-462d-b8b3-39c57e3319e8	NR_024842.1	91.388	418	19	14	8	415	707	1117	3.33e-158	556
5875efcd-9994-462d-b8b3-39c57e3319e8	NR_042553.1	91.388	418	19	15	8	415	636	1046	3.33e-158	556
5875efcd-9994-462d-b8b3-39c57e3319e8	NR_109720.1	91.388	418	19	14	8	415	686	1096	3.33e-158	556
9b1f81cc-879c-48d5-9ecf-f98ed4b0f396	NR_117717.1	94.920	748	17	17	1	732	758	16	0.0	1151
9b1f81cc-879c-48d5-9ecf-f98ed4b0f396	NR_121688.1	94.652	748	19	17	1	732	757	15	0.0	1140
9b1f81cc-879c-48d5-9ecf-f98ed4b0f396	NR_117701.1	94.879	742	17	17	1	726	737	1	0.0	1140
9b1f81cc-879c-48d5-9ecf-f98ed4b0f396	NR_117696.1	94.787	729	17	17	1	713	724	1	0.0	1116
9b1f81cc-879c-48d5-9ecf-f98ed4b0f396	NR_104947.1	94.545	715	18	17	1	699	710	1	0.0	1085
471877cf-093b-440a-9398-f98a20e3d6b9	NR_117717.1	93.907	558	17	12	1	547	1481	930	0.0	826
471877cf-093b-440a-9398-f98a20e3d6b9	NR_117696.1	93.907	558	17	12	1	547	1448	897	0.0	826
471877cf-093b-440a-9398-f98a20e3d6b9	NR_159079.1	93.728	558	18	12	1	547	1457	906	0.0	821
471877cf-093b-440a-9398-f98a20e3d6b9	NR_117694.1	93.728	558	18	12	1	547	1461	910	0.0	821
471877cf-093b-440a-9398-f98a20e3d6b9	NR_159156.1	93.728	558	18	12	1	547	1461	910	0.0	821
a569f222-dcb0-449d-971a-093f2a0775a9	NR_042776.1	88.006	642	47	24	45	666	854	1485	0.0	732
a569f222-dcb0-449d-971a-093f2a0775a9	NR_042777.1	88.006	642	47	24	45	666	853	1484	0.0	732
a569f222-dcb0-449d-971a-093f2a0775a9	NR_042778.1	87.695	642	49	24	45	666	854	1485	0.0	721
a569f222-dcb0-449d-971a-093f2a0775a9	NR_197695.1	87.714	643	47	25	45	666	853	1484	0.0	721
a569f222-dcb0-449d-971a-093f2a0775a9	NR_042052.1	87.637	639	47	25	49	666	756	1383	0.0	713
c5979a4d-cd9d-4a97-809a-abef7fd558ed	NR_044873.1	97.028	471	6	7	2	467	998	1465	0.0	785
c5979a4d-cd9d-4a97-809a-abef7fd558ed	NR_074568.1	95.736	469	14	6	2	467	1008	1473	0.0	750
c5979a4d-cd9d-4a97-809a-abef7fd558ed	NR_178796.1	95.329	471	15	7	1	467	1005	1472	0.0	741
c5979a4d-cd9d-4a97-809a-abef7fd558ed	NR_178939.1	95.329	471	15	7	1	467	1006	1473	0.0	741
c5979a4d-cd9d-4a97-809a-abef7fd558ed	NR_044895.1	95.309	469	16	6	2	467	992	1457	0.0	739
b13fc4e9-c07b-479a-ba2d-2ceb478f0b67	NR_117694.1	95.009	541	9	14	1	529	232	766	0.0	833
b13fc4e9-c07b-479a-ba2d-2ceb478f0b67	NR_121687.1	94.640	541	11	14	1	529	252	786	0.0	822
b13fc4e9-c07b-479a-ba2d-2ceb478f0b67	NR_041988.1	94.270	541	13	14	1	529	190	724	0.0	811
b13fc4e9-c07b-479a-ba2d-2ceb478f0b67	NR_104946.1	94.085	541	14	14	1	529	195	729	0.0	806
b13fc4e9-c07b-479a-ba2d-2ceb478f0b67	NR_025902.1	93.554	543	13	17	1	529	210	744	0.0	789
f4e32891-e11e-4644-aceb-a5f9ad14ce32	NR_043332.1	95.619	1461	40	19	4	1452	38	1486	0.0	2327
f4e32891-e11e-4644-aceb-a5f9ad14ce32	NR_074980.1	95.688	1461	39	19	4	1452	65	1513	0.0	2327
f4e32891-e11e-4644-aceb-a5f9ad14ce32	NR_113031.1	95.688	1461	39	19	4	1452	65	1513	0.0	2327
f4e32891-e11e-4644-aceb-a5f9ad14ce32	NR_113570.1	95.679	1458	37	21	9	1452	49	1494	0.0	2320
f4e32891-e11e-4644-aceb-a5f9ad14ce32	NR_119168.1	95.072	1461	48	19	4	1452	43	1491	0.0	2300
a3054eb1-2522-42d8-b4f8-5d782fe3e806	NR_044873.1	93.651	378	18	6	11	383	378	2	2.30e-159	560
a3054eb1-2522-42d8-b4f8-5d782fe3e806	NR_074568.1	93.386	378	19	6	11	383	389	13	1.07e-157	555
a3054eb1-2522-42d8-b4f8-5d782fe3e806	NR_044712.2	92.593	378	22	6	11	383	398	22	2.32e-154	544
a3054eb1-2522-42d8-b4f8-5d782fe3e806	NR_179993.1	91.339	381	26	7	11	385	390	11	1.82e-145	514
a3054eb1-2522-42d8-b4f8-5d782fe3e806	NR_109752.1	91.293	379	26	7	11	383	400	23	2.35e-144	510
40da6ecc-74f9-4d05-a85a-f44c494f2bc2	NR_074980.1	90.265	565	31	22	5	553	953	1509	0.0	717
40da6ecc-74f9-4d05-a85a-f44c494f2bc2	NR_113031.1	90.265	565	31	22	5	553	953	1509	0.0	717
40da6ecc-74f9-4d05-a85a-f44c494f2bc2	NR_043332.1	90.088	565	32	22	5	553	926	1482	0.0	713
40da6ecc-74f9-4d05-a85a-f44c494f2bc2	NR_113570.1	89.929	566	32	23	5	553	933	1490	0.0	706
40da6ecc-74f9-4d05-a85a-f44c494f2bc2	NR_115354.1	89.912	565	33	21	5	553	926	1482	0.0	706
bd62503e-28b6-45b3-b7de-34da5146f264	NR_156986.1	91.475	915	39	28	2	890	902	1	0.0	1221
bd62503e-28b6-45b3-b7de-34da5146f264	NR_156987.1	91.366	915	40	28	2	890	902	1	0.0	1216
bd62503e-28b6-45b3-b7de-34da5146f264	NR_199514.1	91.366	915	40	28	2	890	914	13	0.0	1216
bd62503e-28b6-45b3-b7de-34da5146f264	NR_024901.1	91.257	915	41	28	2	890	907	6	0.0	1210
bd62503e-28b6-45b3-b7de-34da5146f264	NR_024928.1	91.257	915	41	28	2	890	907	6	0.0	1210
47620db3-e4c9-431f-a2e3-d111654ebd3b	NR_043314.1	91.704	446	19	15	3	439	1022	1458	4.37e-172	603
47620db3-e4c9-431f-a2e3-d111654ebd3b	NR_114749.1	91.704	446	19	15	3	439	1024	1460	4.37e-172	603
47620db3-e4c9-431f-a2e3-d111654ebd3b	NR_116899.1	91.704	446	19	15	3	439	991	1427	4.37e-172	603
47620db3-e4c9-431f-a2e3-d111654ebd3b	NR_178854.1	91.704	446	19	15	3	439	1003	1439	4.37e-172	603
47620db3-e4c9-431f-a2e3-d111654ebd3b	NR_179889.1	91.704	446	19	15	3	439	1031	1467	4.37e-172	603
b9f47748-594b-401b-868c-c8db68b8f89c	NR_117694.1	98.283	757	11	2	1	757	713	1467	0.0	1325
b9f47748-594b-401b-868c-c8db68b8f89c	NR_117692.1	98.018	757	13	2	1	757	713	1467	0.0	1314
b9f47748-594b-401b-868c-c8db68b8f89c	NR_025892.1	97.870	751	14	2	1	751	738	1486	0.0	1303
b9f47748-594b-401b-868c-c8db68b8f89c	NR_025902.1	97.754	757	15	2	1	757	691	1445	0.0	1303
b9f47748-594b-401b-868c-c8db68b8f89c	NR_121687.1	97.754	757	15	2	1	757	733	1487	0.0	1303
c55eb965-d093-4526-9d09-296605a1978d	NR_199513.1	97.410	695	13	5	1	691	994	301	0.0	1179
c55eb965-d093-4526-9d09-296605a1978d	NR_040859.1	97.399	692	13	5	4	691	976	286	0.0	1173
c55eb965-d093-4526-9d09-296605a1978d	NR_041953.1	97.266	695	14	5	1	691	967	274	0.0	1173
c55eb965-d093-4526-9d09-296605a1978d	NR_104278.1	97.399	692	13	5	4	691	976	286	0.0	1173
c55eb965-d093-4526-9d09-296605a1978d	NR_104280.1	97.399	692	13	5	4	691	976	286	0.0	1173
1ce2d095-fa0d-41d0-b0fe-1a672c268c62	NR_114764.1	95.528	738	18	13	1	725	736	1	0.0	1170
1ce2d095-fa0d-41d0-b0fe-1a672c268c62	NR_118142.1	94.830	735	23	13	1	722	733	1	0.0	1133
1ce2d095-fa0d-41d0-b0fe-1a672c268c62	NR_044753.1	92.318	742	41	14	1	729	757	19	0.0	1070
1ce2d095-fa0d-41d0-b0fe-1a672c268c62	NR_042869.1	92.935	736	35	15	1	722	733	1	0.0	1061
1ce2d095-fa0d-41d0-b0fe-1a672c268c62	NR_118847.1	92.954	738	35	15	1	724	735	1	0.0	1061
2958eb11-db44-46b8-81fc-95686a2eda9f	NR_024842.1	98.913	276	2	1	16	291	1197	1471	6.74e-139	492
2958eb11-db44-46b8-81fc-95686a2eda9f	NR_115735.1	98.913	276	2	1	16	291	1173	1447	6.74e-139	492
2958eb11-db44-46b8-81fc-95686a2eda9f	NR_115241.1	98.551	276	3	1	16	291	1182	1456	8.72e-138	488
2958eb11-db44-46b8-81fc-95686a2eda9f	NR_178262.1	98.551	276	4	0	16	291	1076	1351	8.72e-138	488
2958eb11-db44-46b8-81fc-95686a2eda9f	NR_179215.1	98.551	276	4	0	16	291	1198	1473	8.72e-138	488
6571f17a-dec4-4da3-8ffa-03034c05f360	NR_024901.1	94.830	793	17	18	4	776	802	14	0.0	1216
6571f17a-dec4-4da3-8ffa-03034c05f360	NR_024928.1	94.830	793	17	18	4	776	802	14	0.0	1216
6571f17a-dec4-4da3-8ffa-03034c05f360	NR_113583.1	94.830	793	17	18	4	776	789	1	0.0	1216
6571f17a-dec4-4da3-8ffa-03034c05f360	NR_114225.1	94.830	793	17	18	4	776	789	1	0.0	1216
6571f17a-dec4-4da3-8ffa-03034c05f360	NR_156986.1	94.830	793	17	18	4	776	797	9	0.0	1216
ce66f2d1-2026-4f36-88de-63cafa2624a7	NR_113570.1	96.377	690	19	5	1	689	798	1482	0.0	1131
ce66f2d1-2026-4f36-88de-63cafa2624a7	NR_043332.1	96.087	690	21	5	1	689	791	1475	0.0	1123
ce66f2d1-2026-4f36-88de-63cafa2624a7	NR_074980.1	96.087	690	21	5	1	689	818	1502	0.0	1120
ce66f2d1-2026-4f36-88de-63cafa2624a7	NR_113031.1	96.087	690	21	5	1	689	818	1502	0.0	1120
ce66f2d1-2026-4f36-88de-63cafa2624a7	NR_115355.1	95.797	690	23	5	1	689	791	1475	0.0	1109
acff931f-3660-4090-9fa4-db9f08946ed6	NR_156986.1	97.311	1004	18	8	1	1000	999	1	0.0	1696
acff931f-3660-4090-9fa4-db9f08946ed6	NR_156987.1	97.211	1004	19	8	1	1000	999	1	0.0	1690
acff931f-3660-4090-9fa4-db9f08946ed6	NR_199513.1	97.208	1003	21	6	1	1000	1018	20	0.0	1690
acff931f-3660-4090-9fa4-db9f08946ed6	NR_199514.1	97.211	1004	19	8	1	1000	1011	13	0.0	1690
acff931f-3660-4090-9fa4-db9f08946ed6	NR_024901.1	97.112	1004	20	8	1	1000	1004	6	0.0	1685
2e022bea-7eef-40f7-91c8-6c1cbfa3025b	NR_037092.1	95.720	514	7	12	6	512	516	11	0.0	813
2e022bea-7eef-40f7-91c8-6c1cbfa3025b	NR_024912.1	95.534	515	7	13	6	512	512	6	0.0	809
2e022bea-7eef-40f7-91c8-6c1cbfa3025b	NR_156986.1	95.534	515	7	13	6	512	507	1	0.0	809
2e022bea-7eef-40f7-91c8-6c1cbfa3025b	NR_024901.1	95.340	515	8	13	6	512	512	6	0.0	804
2e022bea-7eef-40f7-91c8-6c1cbfa3025b	NR_024928.1	95.340	515	8	13	6	512	512	6	0.0	804
76b99ba3-34e4-49b9-a994-c8ad2fa18221	NR_074980.1	85.048	1244	107	66	1	1187	1234	13	0.0	1194
76b99ba3-34e4-49b9-a994-c8ad2fa18221	NR_113031.1	85.048	1244	107	66	1	1187	1234	13	0.0	1194
76b99ba3-34e4-49b9-a994-c8ad2fa18221	NR_117759.1	84.903	1232	108	65	1	1176	1210	1	0.0	1175
76b99ba3-34e4-49b9-a994-c8ad2fa18221	NR_043332.1	84.784	1229	109	65	1	1173	1207	1	0.0	1166
76b99ba3-34e4-49b9-a994-c8ad2fa18221	NR_044153.1	84.797	1230	107	66	1	1173	1207	1	0.0	1166
9f382fd4-0b80-4ee7-8c38-a68bba3a038b	NR_024912.1	96.468	453	4	8	1	446	453	6	0.0	737
9f382fd4-0b80-4ee7-8c38-a68bba3a038b	NR_156986.1	96.468	453	4	8	1	446	448	1	0.0	737
9f382fd4-0b80-4ee7-8c38-a68bba3a038b	NR_199514.1	96.468	453	4	8	1	446	460	13	0.0	737
9f382fd4-0b80-4ee7-8c38-a68bba3a038b	NR_024901.1	96.247	453	5	8	1	446	453	6	0.0	732
9f382fd4-0b80-4ee7-8c38-a68bba3a038b	NR_024928.1	96.247	453	5	8	1	446	453	6	0.0	732
9a301a1c-cfc2-4933-a807-698fac341d05	NR_043314.1	94.840	407	16	3	3	408	1066	1468	1.92e-180	630
9a301a1c-cfc2-4933-a807-698fac341d05	NR_114749.1	94.840	407	16	3	3	408	1068	1470	1.92e-180	630
9a301a1c-cfc2-4933-a807-698fac341d05	NR_116899.1	94.840	407	16	3	3	408	1035	1437	1.92e-180	630
9a301a1c-cfc2-4933-a807-698fac341d05	NR_178854.1	94.840	407	16	3	3	408	1047	1449	1.92e-180	630
9a301a1c-cfc2-4933-a807-698fac341d05	NR_179889.1	94.840	407	16	3	3	408	1075	1477	1.92e-180	630
665fb616-47a2-4e4a-9ae5-9ee4bb8590bd	NR_116899.1	93.488	906	31	20	1	885	552	1450	0.0	1321
665fb616-47a2-4e4a-9ae5-9ee4bb8590bd	NR_024918.1	93.377	906	32	20	1	885	578	1476	0.0	1315
665fb616-47a2-4e4a-9ae5-9ee4bb8590bd	NR_041799.1	93.385	907	30	22	1	885	565	1463	0.0	1315
665fb616-47a2-4e4a-9ae5-9ee4bb8590bd	NR_041953.1	93.377	906	32	20	1	885	565	1463	0.0	1315
665fb616-47a2-4e4a-9ae5-9ee4bb8590bd	NR_042541.1	93.377	906	32	20	1	885	565	1463	0.0	1315
7d7ea6e5-eeb3-4848-9590-59a93b6b6647	NR_024912.1	96.875	544	9	8	1	541	544	6	0.0	904
7d7ea6e5-eeb3-4848-9590-59a93b6b6647	NR_156986.1	96.875	544	9	8	1	541	539	1	0.0	904
7d7ea6e5-eeb3-4848-9590-59a93b6b6647	NR_037092.1	96.869	543	10	7	1	541	548	11	0.0	902
7d7ea6e5-eeb3-4848-9590-59a93b6b6647	NR_024901.1	96.691	544	10	8	1	541	544	6	0.0	898
7d7ea6e5-eeb3-4848-9590-59a93b6b6647	NR_024928.1	96.691	544	10	8	1	541	544	6	0.0	898
356863f9-74b9-42fb-bea5-e4876df95f3c	NR_024918.1	91.004	478	29	10	1	465	1000	1476	0.0	632
356863f9-74b9-42fb-bea5-e4876df95f3c	NR_028986.1	91.004	478	29	10	1	465	987	1463	0.0	632
356863f9-74b9-42fb-bea5-e4876df95f3c	NR_043314.1	91.004	478	29	10	1	465	1005	1481	0.0	632
356863f9-74b9-42fb-bea5-e4876df95f3c	NR_042147.1	91.004	478	29	10	1	465	987	1463	0.0	632
356863f9-74b9-42fb-bea5-e4876df95f3c	NR_042199.1	91.004	478	29	10	1	465	987	1463	0.0	632
6c7dee5f-d0b7-416a-889e-495e3ec5a3ee	NR_113570.1	96.364	220	6	2	9	227	632	414	1.46e-99	361
6c7dee5f-d0b7-416a-889e-495e3ec5a3ee	NR_044091.1	96.364	220	6	2	9	227	539	321	1.46e-99	361
6c7dee5f-d0b7-416a-889e-495e3ec5a3ee	NR_074980.1	95.909	220	7	2	9	227	652	434	6.78e-98	355
6c7dee5f-d0b7-416a-889e-495e3ec5a3ee	NR_113031.1	95.909	220	7	2	9	227	652	434	6.78e-98	355
6c7dee5f-d0b7-416a-889e-495e3ec5a3ee	NR_119168.1	95.909	220	7	2	9	227	630	412	6.78e-98	355
397cf280-2f3a-4e22-89ed-9bdff67b9db5	NR_041953.1	92.958	1278	55	29	1	1250	190	1460	0.0	1829
397cf280-2f3a-4e22-89ed-9bdff67b9db5	NR_199513.1	92.801	1278	57	29	1	1250	217	1487	0.0	1818
397cf280-2f3a-4e22-89ed-9bdff67b9db5	NR_040859.1	92.488	1278	61	29	1	1250	202	1472	0.0	1796
397cf280-2f3a-4e22-89ed-9bdff67b9db5	NR_199512.1	92.488	1278	61	29	1	1250	217	1487	0.0	1796
397cf280-2f3a-4e22-89ed-9bdff67b9db5	NR_181354.1	91.856	1277	67	32	1	1250	217	1483	0.0	1748
e100a8e0-73cf-4c66-9bd4-8fe27670169d	NR_199513.1	96.074	1401	30	18	1	1386	104	1494	0.0	2259
e100a8e0-73cf-4c66-9bd4-8fe27670169d	NR_024928.1	95.934	1402	30	20	1	1386	90	1480	0.0	2250
e100a8e0-73cf-4c66-9bd4-8fe27670169d	NR_024901.1	95.863	1402	31	20	1	1386	90	1480	0.0	2242
e100a8e0-73cf-4c66-9bd4-8fe27670169d	NR_179889.1	95.860	1401	33	18	1	1386	104	1494	0.0	2242
e100a8e0-73cf-4c66-9bd4-8fe27670169d	NR_181891.1	95.860	1401	33	18	1	1386	100	1490	0.0	2242
d42607b3-8ea5-4c16-8347-37207d52023e	NR_041989.1	95.935	738	16	12	1	730	740	9	0.0	1184
d42607b3-8ea5-4c16-8347-37207d52023e	NR_117694.1	94.723	739	23	14	1	730	782	51	0.0	1134
d42607b3-8ea5-4c16-8347-37207d52023e	NR_117717.1	93.902	738	31	12	1	730	803	72	0.0	1101
d42607b3-8ea5-4c16-8347-37207d52023e	NR_117696.1	93.902	738	31	12	1	730	769	38	0.0	1101
d42607b3-8ea5-4c16-8347-37207d52023e	NR_117701.1	93.902	738	31	12	1	730	782	51	0.0	1101
c72f4c8e-b276-4e45-8745-ef8d6e66e614	NR_024912.1	93.737	479	16	13	26	494	488	14	0.0	706
c72f4c8e-b276-4e45-8745-ef8d6e66e614	NR_042147.1	93.737	479	16	13	26	494	475	1	0.0	706
c72f4c8e-b276-4e45-8745-ef8d6e66e614	NR_156986.1	93.737	479	16	13	26	494	483	9	0.0	706
c72f4c8e-b276-4e45-8745-ef8d6e66e614	NR_037092.1	93.724	478	17	12	26	494	492	19	0.0	704
c72f4c8e-b276-4e45-8745-ef8d6e66e614	NR_178976.1	93.724	478	16	13	26	493	474	1	0.0	704
48d37f22-dc11-4de1-9d31-668bc984d2b0	NR_024912.1	94.231	468	9	15	16	469	469	6	0.0	699
48d37f22-dc11-4de1-9d31-668bc984d2b0	NR_156986.1	94.231	468	9	15	16	469	464	1	0.0	699
48d37f22-dc11-4de1-9d31-668bc984d2b0	NR_024901.1	94.017	468	10	15	16	469	469	6	0.0	693
48d37f22-dc11-4de1-9d31-668bc984d2b0	NR_024928.1	94.017	468	10	15	16	469	469	6	0.0	693
48d37f22-dc11-4de1-9d31-668bc984d2b0	NR_043425.1	94.017	468	10	15	16	469	474	11	0.0	693
c9337c69-c6da-4ae5-8d90-11b007829e99	NR_117717.1	95.842	505	11	10	1	502	990	1487	0.0	808
c9337c69-c6da-4ae5-8d90-11b007829e99	NR_117696.1	95.842	505	11	10	1	502	957	1454	0.0	808
c9337c69-c6da-4ae5-8d90-11b007829e99	NR_159079.1	95.644	505	12	10	1	502	966	1463	0.0	802
c9337c69-c6da-4ae5-8d90-11b007829e99	NR_117694.1	95.644	505	12	10	1	502	970	1467	0.0	802
c9337c69-c6da-4ae5-8d90-11b007829e99	NR_025902.1	95.446	505	13	10	1	502	948	1445	0.0	797
772d8043-6feb-4003-a47e-d2d54b757616	NR_199513.1	97.115	728	15	5	1	725	742	18	0.0	1223
772d8043-6feb-4003-a47e-d2d54b757616	NR_024901.1	97.111	727	13	7	1	723	728	6	0.0	1219
772d8043-6feb-4003-a47e-d2d54b757616	NR_024928.1	97.111	727	13	7	1	723	728	6	0.0	1219
772d8043-6feb-4003-a47e-d2d54b757616	NR_156986.1	97.238	724	12	7	4	723	720	1	0.0	1219
772d8043-6feb-4003-a47e-d2d54b757616	NR_156987.1	97.099	724	13	7	4	723	720	1	0.0	1214
3198e77e-5e7d-436b-9777-f39040d99f9f	NR_181586.1	93.517	617	19	19	9	611	876	1485	0.0	898
3198e77e-5e7d-436b-9777-f39040d99f9f	NR_026248.1	92.382	617	26	18	9	611	849	1458	0.0	863
3198e77e-5e7d-436b-9777-f39040d99f9f	NR_113199.1	85.048	622	62	26	9	611	887	1496	1.71e-172	604
3198e77e-5e7d-436b-9777-f39040d99f9f	NR_044049.1	84.740	616	66	26	9	607	836	1440	3.70e-169	593
3198e77e-5e7d-436b-9777-f39040d99f9f	NR_119085.1	84.516	620	69	23	9	611	865	1474	1.33e-168	592
26d798d2-92ee-44b1-8edc-3509fef9b46f	NR_025862.1	96.346	602	11	11	1	595	1205	608	0.0	981
26d798d2-92ee-44b1-8edc-3509fef9b46f	NR_026454.1	96.179	602	12	11	1	595	1182	585	0.0	974
26d798d2-92ee-44b1-8edc-3509fef9b46f	NR_028682.1	95.847	602	14	11	1	595	1206	609	0.0	963
26d798d2-92ee-44b1-8edc-3509fef9b46f	NR_113798.1	95.357	603	16	11	1	595	1191	593	0.0	948
26d798d2-92ee-44b1-8edc-3509fef9b46f	NR_116890.1	95.349	602	17	11	1	595	1194	597	0.0	946
9ffcb061-2f92-4e4a-86e2-727c65014179	NR_180078.1	94.515	474	14	10	1	465	1234	764	0.0	721
9ffcb061-2f92-4e4a-86e2-727c65014179	NR_118155.1	94.304	474	15	10	1	465	1237	767	0.0	715
9ffcb061-2f92-4e4a-86e2-727c65014179	NR_169411.1	94.304	474	15	10	1	465	1234	764	0.0	715
9ffcb061-2f92-4e4a-86e2-727c65014179	NR_179168.1	94.304	474	15	10	1	465	1237	767	0.0	715
9ffcb061-2f92-4e4a-86e2-727c65014179	NR_180737.1	94.304	474	15	10	1	465	1215	745	0.0	715
