6f944d5f-4bb2-4204-a18d-7368dd3f26c7	NR_024901.1	93.240	784	17	26	1	759	790	18	0.0	1122
6f944d5f-4bb2-4204-a18d-7368dd3f26c7	NR_024928.1	93.240	784	17	26	1	759	790	18	0.0	1122
6f944d5f-4bb2-4204-a18d-7368dd3f26c7	NR_113583.1	93.240	784	17	26	1	759	777	5	0.0	1122
6f944d5f-4bb2-4204-a18d-7368dd3f26c7	NR_114225.1	93.240	784	17	26	1	759	777	5	0.0	1122
6f944d5f-4bb2-4204-a18d-7368dd3f26c7	NR_156986.1	93.240	784	17	26	1	759	785	13	0.0	1122
53f4ed9e-189b-49a2-9dd5-2031df6386d8	NR_028664.1	95.205	584	14	7	1	577	289	865	0.0	911
53f4ed9e-189b-49a2-9dd5-2031df6386d8	NR_042927.1	95.205	584	14	7	1	577	268	844	0.0	911
53f4ed9e-189b-49a2-9dd5-2031df6386d8	NR_114413.1	95.205	584	14	7	1	577	291	867	0.0	911
53f4ed9e-189b-49a2-9dd5-2031df6386d8	NR_115240.1	95.205	584	14	7	1	577	266	842	0.0	911
53f4ed9e-189b-49a2-9dd5-2031df6386d8	NR_115732.1	95.205	584	14	7	1	577	268	844	0.0	911
