d5f74648-3584-4b58-936c-50cdfd2557f0	NR_043314.1	97.576	330	5	2	1	329	1157	1484	5.42e-160	562
d5f74648-3584-4b58-936c-50cdfd2557f0	NR_114749.1	97.576	330	5	2	1	329	1159	1486	5.42e-160	562
d5f74648-3584-4b58-936c-50cdfd2557f0	NR_116899.1	97.576	330	5	2	1	329	1126	1453	5.42e-160	562
d5f74648-3584-4b58-936c-50cdfd2557f0	NR_178854.1	97.576	330	5	2	1	329	1138	1465	5.42e-160	562
d5f74648-3584-4b58-936c-50cdfd2557f0	NR_179889.1	97.576	330	5	2	1	329	1166	1493	5.42e-160	562
4f34e9ab-83f8-4e2d-a0a3-5dcaf5b1038f	NR_074980.1	92.456	1034	37	31	11	1030	1019	13	0.0	1439
4f34e9ab-83f8-4e2d-a0a3-5dcaf5b1038f	NR_113031.1	92.456	1034	37	31	11	1030	1019	13	0.0	1439
4f34e9ab-83f8-4e2d-a0a3-5dcaf5b1038f	NR_119168.1	92.669	1023	35	30	11	1020	997	2	0.0	1437
4f34e9ab-83f8-4e2d-a0a3-5dcaf5b1038f	NR_117759.1	92.466	1022	37	30	11	1019	995	1	0.0	1426
4f34e9ab-83f8-4e2d-a0a3-5dcaf5b1038f	NR_043332.1	92.444	1019	37	30	11	1016	992	1	0.0	1421
2643b9d5-af11-41e9-8f46-591bca3f071f	NR_043314.1	95.228	482	10	8	3	476	1008	1484	0.0	750
2643b9d5-af11-41e9-8f46-591bca3f071f	NR_114749.1	95.228	482	10	8	3	476	1010	1486	0.0	750
2643b9d5-af11-41e9-8f46-591bca3f071f	NR_116899.1	95.228	482	10	8	3	476	977	1453	0.0	750
2643b9d5-af11-41e9-8f46-591bca3f071f	NR_178854.1	95.228	482	10	8	3	476	989	1465	0.0	750
2643b9d5-af11-41e9-8f46-591bca3f071f	NR_179889.1	95.228	482	10	8	3	476	1017	1493	0.0	750
ca93bec2-7340-4937-a223-6a2256b80459	NR_024912.1	95.464	507	11	8	18	516	509	7	0.0	798
ca93bec2-7340-4937-a223-6a2256b80459	NR_156986.1	95.464	507	11	8	18	516	504	2	0.0	798
ca93bec2-7340-4937-a223-6a2256b80459	NR_024901.1	95.266	507	12	8	18	516	509	7	0.0	793
ca93bec2-7340-4937-a223-6a2256b80459	NR_024928.1	95.266	507	12	8	18	516	509	7	0.0	793
ca93bec2-7340-4937-a223-6a2256b80459	NR_156987.1	95.266	507	12	8	18	516	504	2	0.0	793
47188197-03d9-4fb6-8014-33ac0c8494eb	NR_156986.1	89.716	1371	75	59	1	1322	1362	9	0.0	1690
47188197-03d9-4fb6-8014-33ac0c8494eb	NR_178976.1	89.708	1370	75	59	1	1321	1353	1	0.0	1690
47188197-03d9-4fb6-8014-33ac0c8494eb	NR_024928.1	89.643	1371	76	59	1	1322	1367	14	0.0	1687
47188197-03d9-4fb6-8014-33ac0c8494eb	NR_113600.1	89.643	1371	76	59	1	1322	1354	1	0.0	1687
47188197-03d9-4fb6-8014-33ac0c8494eb	NR_156987.1	89.643	1371	76	59	1	1322	1362	9	0.0	1685
1b46cf8d-9a26-45cd-aace-e98b908e3adb	NR_024912.1	91.486	599	26	24	3	583	596	5	0.0	800
1b46cf8d-9a26-45cd-aace-e98b908e3adb	NR_156986.1	91.472	598	26	24	3	582	591	1	0.0	798
1b46cf8d-9a26-45cd-aace-e98b908e3adb	NR_024901.1	91.319	599	27	24	3	583	596	5	0.0	795
1b46cf8d-9a26-45cd-aace-e98b908e3adb	NR_024928.1	91.319	599	27	24	3	583	596	5	0.0	795
1b46cf8d-9a26-45cd-aace-e98b908e3adb	NR_042147.1	91.681	589	26	22	3	574	583	1	0.0	795
5dd64dbe-7373-4858-bfde-2c592ad6af36	NR_024912.1	94.172	326	11	7	5	328	474	155	2.59e-138	490
5dd64dbe-7373-4858-bfde-2c592ad6af36	NR_025228.1	94.172	326	11	7	5	328	457	138	2.59e-138	490
5dd64dbe-7373-4858-bfde-2c592ad6af36	NR_041953.1	94.172	326	11	7	5	328	461	142	2.59e-138	490
5dd64dbe-7373-4858-bfde-2c592ad6af36	NR_042147.1	94.172	326	11	7	5	328	461	142	2.59e-138	490
5dd64dbe-7373-4858-bfde-2c592ad6af36	NR_042541.1	94.172	326	11	7	5	328	461	142	2.59e-138	490
b2b0c0d4-d5d0-4d40-bcb3-369245ca8719	NR_117694.1	84.597	409	31	24	1	383	686	284	2.49e-104	377
b2b0c0d4-d5d0-4d40-bcb3-369245ca8719	NR_121687.1	84.108	409	33	24	1	383	706	304	5.40e-101	366
b2b0c0d4-d5d0-4d40-bcb3-369245ca8719	NR_041988.1	83.863	409	34	24	1	383	644	242	2.51e-99	361
b2b0c0d4-d5d0-4d40-bcb3-369245ca8719	NR_104946.1	83.863	409	34	24	1	383	649	247	2.51e-99	361
b2b0c0d4-d5d0-4d40-bcb3-369245ca8719	NR_025892.1	84.533	375	33	21	1	356	711	343	3.25e-98	357
ea373a2a-2c88-457b-b974-3f76fd7ee1ec	NR_119168.1	96.453	874	19	11	3	865	874	2	0.0	1432
ea373a2a-2c88-457b-b974-3f76fd7ee1ec	NR_074980.1	96.045	885	23	11	3	876	896	13	0.0	1430
ea373a2a-2c88-457b-b974-3f76fd7ee1ec	NR_113031.1	96.045	885	23	11	3	876	896	13	0.0	1430
ea373a2a-2c88-457b-b974-3f76fd7ee1ec	NR_117759.1	96.220	873	21	11	3	864	872	1	0.0	1421
ea373a2a-2c88-457b-b974-3f76fd7ee1ec	NR_043332.1	96.207	870	21	11	3	861	869	1	0.0	1415
6e661329-bc7f-42d3-b3db-f6a4ad4f286b	NR_117694.1	93.440	686	27	13	1	673	213	893	0.0	1002
6e661329-bc7f-42d3-b3db-f6a4ad4f286b	NR_117696.1	93.159	687	27	14	1	673	200	880	0.0	990
6e661329-bc7f-42d3-b3db-f6a4ad4f286b	NR_117701.1	93.159	687	27	14	1	673	213	893	0.0	990
6e661329-bc7f-42d3-b3db-f6a4ad4f286b	NR_041988.1	93.003	686	30	12	1	673	171	851	0.0	985
6e661329-bc7f-42d3-b3db-f6a4ad4f286b	NR_104947.1	93.013	687	28	14	1	673	186	866	0.0	985
af194f33-c142-453d-9db0-19aaa469a003	NR_043314.1	91.089	505	27	15	1	492	982	1481	0.0	667
af194f33-c142-453d-9db0-19aaa469a003	NR_116899.1	91.089	505	27	15	1	492	951	1450	0.0	667
af194f33-c142-453d-9db0-19aaa469a003	NR_178854.1	91.089	505	27	15	1	492	963	1462	0.0	667
af194f33-c142-453d-9db0-19aaa469a003	NR_179889.1	91.089	505	27	15	1	492	991	1490	0.0	667
af194f33-c142-453d-9db0-19aaa469a003	NR_041799.1	90.891	505	28	15	1	492	964	1463	0.0	662
5be446b2-0d07-44d8-8f85-a606afcbb4e8	NR_041799.1	98.862	703	5	2	1	700	764	1466	0.0	1251
5be446b2-0d07-44d8-8f85-a606afcbb4e8	NR_117823.1	98.862	703	5	2	1	700	736	1438	0.0	1251
5be446b2-0d07-44d8-8f85-a606afcbb4e8	NR_181265.1	98.862	703	5	2	1	700	791	1493	0.0	1251
5be446b2-0d07-44d8-8f85-a606afcbb4e8	NR_181730.1	98.859	701	5	2	1	698	770	1470	0.0	1247
5be446b2-0d07-44d8-8f85-a606afcbb4e8	NR_116899.1	98.720	703	6	2	1	700	751	1453	0.0	1245
437f33c3-43e4-421f-9f45-03194b9ccffa	NR_040859.1	92.401	579	20	18	1	558	852	277	0.0	804
437f33c3-43e4-421f-9f45-03194b9ccffa	NR_104278.1	92.401	579	20	18	1	558	852	277	0.0	804
437f33c3-43e4-421f-9f45-03194b9ccffa	NR_104280.1	92.401	579	20	18	1	558	852	277	0.0	804
437f33c3-43e4-421f-9f45-03194b9ccffa	NR_113855.1	92.401	579	20	18	1	558	840	265	0.0	804
437f33c3-43e4-421f-9f45-03194b9ccffa	NR_113856.1	92.401	579	20	18	1	558	840	265	0.0	804
4f152f2d-4b97-4f38-af89-db5b366a7516	NR_156986.1	95.968	1116	23	15	1	1102	1108	1	0.0	1792
4f152f2d-4b97-4f38-af89-db5b366a7516	NR_156987.1	95.878	1116	24	15	1	1102	1108	1	0.0	1786
4f152f2d-4b97-4f38-af89-db5b366a7516	NR_199514.1	95.878	1116	24	15	1	1102	1120	13	0.0	1786
4f152f2d-4b97-4f38-af89-db5b366a7516	NR_199513.1	95.792	1117	27	13	1	1104	1127	18	0.0	1784
4f152f2d-4b97-4f38-af89-db5b366a7516	NR_024901.1	95.789	1116	25	15	1	1102	1113	6	0.0	1781
1e342ada-bc34-483b-a8bc-80190e955ae9	NR_043332.1	94.845	291	10	5	1	289	1194	1481	3.88e-126	449
1e342ada-bc34-483b-a8bc-80190e955ae9	NR_074980.1	94.845	291	10	5	1	289	1221	1508	3.88e-126	449
1e342ada-bc34-483b-a8bc-80190e955ae9	NR_113031.1	94.845	291	10	5	1	289	1221	1508	3.88e-126	449
1e342ada-bc34-483b-a8bc-80190e955ae9	NR_113570.1	94.521	292	10	6	1	289	1201	1489	5.03e-125	446
1e342ada-bc34-483b-a8bc-80190e955ae9	NR_119168.1	93.814	291	13	5	1	289	1199	1486	8.41e-123	438
01d01663-e69f-4979-a289-6f9d13ec3484	NR_181014.1	94.068	944	32	19	1	925	1154	216	0.0	1411
01d01663-e69f-4979-a289-6f9d13ec3484	NR_041953.1	93.962	944	33	19	1	925	1154	216	0.0	1406
01d01663-e69f-4979-a289-6f9d13ec3484	NR_178447.1	93.962	944	33	19	1	925	1088	150	0.0	1406
01d01663-e69f-4979-a289-6f9d13ec3484	NR_042541.1	93.856	944	34	19	1	925	1154	216	0.0	1400
01d01663-e69f-4979-a289-6f9d13ec3484	NR_179889.1	93.856	944	34	19	1	925	1181	243	0.0	1400
6b2d585d-4828-4fd0-ad68-0e9123813cf1	NR_156986.1	94.731	911	24	19	1	896	902	1	0.0	1395
6b2d585d-4828-4fd0-ad68-0e9123813cf1	NR_156987.1	94.621	911	25	19	1	896	902	1	0.0	1389
6b2d585d-4828-4fd0-ad68-0e9123813cf1	NR_199514.1	94.621	911	25	19	1	896	914	13	0.0	1389
6b2d585d-4828-4fd0-ad68-0e9123813cf1	NR_024901.1	94.512	911	26	19	1	896	907	6	0.0	1384
6b2d585d-4828-4fd0-ad68-0e9123813cf1	NR_024928.1	94.512	911	26	19	1	896	907	6	0.0	1384
af8a2e7c-8ac0-4cbf-9fc1-c739d3323890	NR_041953.1	89.460	1129	66	44	1	1096	1382	274	0.0	1376
af8a2e7c-8ac0-4cbf-9fc1-c739d3323890	NR_179889.1	89.450	1128	68	43	1	1096	1409	301	0.0	1376
af8a2e7c-8ac0-4cbf-9fc1-c739d3323890	NR_025228.1	89.371	1129	67	44	1	1096	1378	270	0.0	1371
af8a2e7c-8ac0-4cbf-9fc1-c739d3323890	NR_042541.1	89.371	1129	67	44	1	1096	1382	274	0.0	1371
af8a2e7c-8ac0-4cbf-9fc1-c739d3323890	NR_178854.1	89.362	1128	68	45	1	1096	1381	274	0.0	1371
638cb5e9-2c2f-42e1-95fb-9adfbaec9681	NR_181373.1	96.997	666	12	7	1	661	679	17	0.0	1112
638cb5e9-2c2f-42e1-95fb-9adfbaec9681	NR_043601.1	96.937	653	14	6	1	648	655	4	0.0	1090
638cb5e9-2c2f-42e1-95fb-9adfbaec9681	NR_118526.1	96.937	653	14	6	1	648	655	4	0.0	1090
638cb5e9-2c2f-42e1-95fb-9adfbaec9681	NR_118151.1	97.276	624	13	4	1	621	623	1	0.0	1055
638cb5e9-2c2f-42e1-95fb-9adfbaec9681	NR_113247.1	93.853	667	31	9	1	661	675	13	0.0	996
9bb0b66f-1524-4861-b0ed-2baf92e5e23a	NR_041953.1	92.340	1410	70	33	7	1394	1395	2	0.0	1971
9bb0b66f-1524-4861-b0ed-2baf92e5e23a	NR_181891.1	92.270	1410	71	32	7	1394	1418	25	0.0	1965
9bb0b66f-1524-4861-b0ed-2baf92e5e23a	NR_042541.1	92.199	1410	72	33	7	1394	1395	2	0.0	1962
9bb0b66f-1524-4861-b0ed-2baf92e5e23a	NR_179889.1	92.199	1410	72	33	7	1394	1422	29	0.0	1960
9bb0b66f-1524-4861-b0ed-2baf92e5e23a	NR_178854.1	92.199	1410	71	34	7	1394	1394	2	0.0	1958
6d66cfbb-4686-4139-87a6-3781fc3ff5e8	NR_043314.1	97.541	366	6	3	6	368	1392	1027	2.76e-178	623
6d66cfbb-4686-4139-87a6-3781fc3ff5e8	NR_116905.1	97.541	366	6	3	6	368	1395	1030	2.76e-178	623
6d66cfbb-4686-4139-87a6-3781fc3ff5e8	NR_114749.1	97.541	366	6	3	6	368	1394	1029	2.76e-178	623
6d66cfbb-4686-4139-87a6-3781fc3ff5e8	NR_116899.1	97.541	366	6	3	6	368	1361	996	2.76e-178	623
6d66cfbb-4686-4139-87a6-3781fc3ff5e8	NR_118125.1	97.541	366	6	3	6	368	1381	1016	2.76e-178	623
6adece7e-5a0f-440f-8c8e-76d536295319	NR_102895.1	95.877	1334	25	21	18	1335	1341	22	0.0	2132
6adece7e-5a0f-440f-8c8e-76d536295319	NR_113113.1	95.802	1334	26	21	18	1335	1321	2	0.0	2126
6adece7e-5a0f-440f-8c8e-76d536295319	NR_042843.1	95.852	1326	26	20	18	1327	1313	1	0.0	2119
6adece7e-5a0f-440f-8c8e-76d536295319	NR_109628.1	94.570	1326	45	20	18	1328	1314	1	0.0	2025
6adece7e-5a0f-440f-8c8e-76d536295319	NR_114305.1	94.303	1334	46	23	18	1335	1333	14	0.0	2015
ce998f24-ca96-4b14-9a0a-efcad243280e	NR_028682.1	94.561	1048	27	27	8	1036	461	1497	0.0	1592
ce998f24-ca96-4b14-9a0a-efcad243280e	NR_036922.1	93.702	1048	41	19	9	1041	463	1500	0.0	1546
ce998f24-ca96-4b14-9a0a-efcad243280e	NR_181559.1	93.466	1056	44	19	1	1041	451	1496	0.0	1544
ce998f24-ca96-4b14-9a0a-efcad243280e	NR_024906.1	93.613	1049	41	20	9	1041	451	1489	0.0	1543
ce998f24-ca96-4b14-9a0a-efcad243280e	NR_036921.1	93.607	1048	42	19	9	1041	452	1489	0.0	1541
e2b2b839-355a-42df-8b4a-3aa4caa343e5	NR_024842.1	95.019	261	7	5	1	260	1237	1492	7.52e-113	405
e2b2b839-355a-42df-8b4a-3aa4caa343e5	NR_042776.1	94.981	259	5	6	4	260	1250	1502	3.50e-111	399
e2b2b839-355a-42df-8b4a-3aa4caa343e5	NR_042777.1	94.981	259	5	6	4	260	1249	1501	3.50e-111	399
e2b2b839-355a-42df-8b4a-3aa4caa343e5	NR_178262.1	94.636	261	9	5	1	260	1116	1372	3.50e-111	399
e2b2b839-355a-42df-8b4a-3aa4caa343e5	NR_179215.1	94.636	261	9	5	1	260	1238	1494	3.50e-111	399
f2509cce-1992-44dd-9735-774048642c2f	NR_156986.1	90.591	999	43	36	1301	2267	985	6	0.0	1277
f2509cce-1992-44dd-9735-774048642c2f	NR_156987.1	90.490	999	44	36	1301	2267	985	6	0.0	1271
f2509cce-1992-44dd-9735-774048642c2f	NR_199513.1	90.410	1001	47	35	1298	2267	1007	25	0.0	1271
f2509cce-1992-44dd-9735-774048642c2f	NR_199514.1	90.490	999	44	36	1301	2267	997	18	0.0	1271
f2509cce-1992-44dd-9735-774048642c2f	NR_178976.1	90.553	995	43	37	1301	2263	976	1	0.0	1269
033f10a5-0828-420f-b2ba-0fc9604062bc	NR_041953.1	88.809	974	47	35	1	962	195	1118	0.0	1138
033f10a5-0828-420f-b2ba-0fc9604062bc	NR_181891.1	88.798	973	49	35	1	962	218	1141	0.0	1138
033f10a5-0828-420f-b2ba-0fc9604062bc	NR_199513.1	88.809	974	47	37	1	962	222	1145	0.0	1138
033f10a5-0828-420f-b2ba-0fc9604062bc	NR_178447.1	88.695	973	50	35	1	962	129	1052	0.0	1133
033f10a5-0828-420f-b2ba-0fc9604062bc	NR_179889.1	88.592	973	51	32	1	962	222	1145	0.0	1127
f53eda3d-c8e2-4bb4-983a-1d34c6adfae0	NR_181730.1	96.754	801	15	6	1	795	674	1469	0.0	1325
f53eda3d-c8e2-4bb4-983a-1d34c6adfae0	NR_041799.1	96.629	801	16	7	1	795	668	1463	0.0	1319
f53eda3d-c8e2-4bb4-983a-1d34c6adfae0	NR_116899.1	96.629	801	16	6	1	795	655	1450	0.0	1319
f53eda3d-c8e2-4bb4-983a-1d34c6adfae0	NR_117823.1	96.629	801	16	7	1	795	640	1435	0.0	1319
f53eda3d-c8e2-4bb4-983a-1d34c6adfae0	NR_179889.1	96.629	801	16	6	1	795	695	1490	0.0	1319
705dfc5f-74c7-4932-bcc0-268b9ad86d79	NR_025453.1	97.403	462	7	5	1	459	1017	1476	0.0	782
705dfc5f-74c7-4932-bcc0-268b9ad86d79	NR_152678.1	97.397	461	8	4	1	459	1037	1495	0.0	782
705dfc5f-74c7-4932-bcc0-268b9ad86d79	NR_199974.1	97.397	461	8	4	1	459	1044	1502	0.0	782
705dfc5f-74c7-4932-bcc0-268b9ad86d79	NR_028664.1	97.180	461	9	4	1	459	1038	1496	0.0	776
705dfc5f-74c7-4932-bcc0-268b9ad86d79	NR_036918.1	97.380	458	8	4	4	459	1037	1492	0.0	776
4ff03779-40a6-444e-a1fd-85aa784b5563	NR_156986.1	94.650	972	27	18	6	961	975	13	0.0	1483
4ff03779-40a6-444e-a1fd-85aa784b5563	NR_178976.1	94.650	972	27	18	6	961	966	4	0.0	1483
4ff03779-40a6-444e-a1fd-85aa784b5563	NR_113600.1	94.547	972	28	18	6	961	967	5	0.0	1480
4ff03779-40a6-444e-a1fd-85aa784b5563	NR_024901.1	94.547	972	28	18	6	961	980	18	0.0	1478
4ff03779-40a6-444e-a1fd-85aa784b5563	NR_024928.1	94.547	972	28	18	6	961	980	18	0.0	1478
7350afce-2fd9-4713-909d-eada78898aab	NR_113114.1	94.834	1084	34	14	1	1079	150	1216	0.0	1672
7350afce-2fd9-4713-909d-eada78898aab	NR_043292.1	94.742	1084	35	14	1	1079	101	1167	0.0	1666
7350afce-2fd9-4713-909d-eada78898aab	NR_113096.1	86.924	1086	107	26	6	1079	155	1217	0.0	1186
7350afce-2fd9-4713-909d-eada78898aab	NR_029147.1	87.536	1035	99	21	55	1079	209	1223	0.0	1170
7350afce-2fd9-4713-909d-eada78898aab	NR_044629.1	86.347	1084	117	23	6	1079	162	1224	0.0	1170
6cf4196f-9a51-41db-900b-018f4daec4e3	NR_156986.1	92.463	942	29	34	1	917	925	1	0.0	1308
6cf4196f-9a51-41db-900b-018f4daec4e3	NR_199514.1	92.463	942	29	35	1	917	937	13	0.0	1308
6cf4196f-9a51-41db-900b-018f4daec4e3	NR_156987.1	92.357	942	30	34	1	917	925	1	0.0	1303
6cf4196f-9a51-41db-900b-018f4daec4e3	NR_024901.1	92.251	942	31	34	1	917	930	6	0.0	1297
6cf4196f-9a51-41db-900b-018f4daec4e3	NR_024928.1	92.251	942	31	34	1	917	930	6	0.0	1297
9faa5edc-1aa2-440c-b879-d0305125227f	NR_199512.1	90.561	731	47	18	1	715	129	853	0.0	948
9faa5edc-1aa2-440c-b879-d0305125227f	NR_040859.1	90.424	731	48	18	1	715	114	838	0.0	942
9faa5edc-1aa2-440c-b879-d0305125227f	NR_104278.1	90.424	731	48	18	1	715	114	838	0.0	942
9faa5edc-1aa2-440c-b879-d0305125227f	NR_104280.1	90.424	731	48	18	1	715	114	838	0.0	942
9faa5edc-1aa2-440c-b879-d0305125227f	NR_113855.1	90.424	731	48	18	1	715	102	826	0.0	942
c59b960f-fbac-47a2-89f8-fe5c8eaff9a4	NR_119340.1	88.465	1101	72	48	15	1075	1117	32	0.0	1279
c59b960f-fbac-47a2-89f8-fe5c8eaff9a4	NR_156986.1	88.486	1103	68	50	15	1075	1125	40	0.0	1279
c59b960f-fbac-47a2-89f8-fe5c8eaff9a4	NR_113600.1	88.395	1103	69	50	15	1075	1117	32	0.0	1275
c59b960f-fbac-47a2-89f8-fe5c8eaff9a4	NR_156987.1	88.395	1103	69	50	15	1075	1125	40	0.0	1273
c59b960f-fbac-47a2-89f8-fe5c8eaff9a4	NR_178976.1	88.395	1103	69	50	15	1075	1116	31	0.0	1273
c7b0e150-a7d2-4d6c-9435-f8ce4dff4310	NR_156986.1	95.976	671	18	8	1	666	667	1	0.0	1081
c7b0e150-a7d2-4d6c-9435-f8ce4dff4310	NR_024901.1	95.833	672	19	8	1	667	672	5	0.0	1077
c7b0e150-a7d2-4d6c-9435-f8ce4dff4310	NR_024912.1	95.833	672	19	8	1	667	672	5	0.0	1077
c7b0e150-a7d2-4d6c-9435-f8ce4dff4310	NR_024928.1	95.833	672	19	8	1	667	672	5	0.0	1077
c7b0e150-a7d2-4d6c-9435-f8ce4dff4310	NR_199514.1	95.833	672	19	8	1	667	679	12	0.0	1077
46b0b0fd-ad10-406b-82d6-8d12e26a921c	NR_117694.1	92.871	1010	37	28	1	986	1282	284	0.0	1434
46b0b0fd-ad10-406b-82d6-8d12e26a921c	NR_121687.1	92.772	1010	38	28	1	986	1302	304	0.0	1428
46b0b0fd-ad10-406b-82d6-8d12e26a921c	NR_041989.1	92.285	1011	41	30	1	986	1240	242	0.0	1400
46b0b0fd-ad10-406b-82d6-8d12e26a921c	NR_041988.1	92.178	1010	44	28	1	986	1240	242	0.0	1395
46b0b0fd-ad10-406b-82d6-8d12e26a921c	NR_117692.1	91.980	1010	46	28	1	986	1282	284	0.0	1384
55edff42-7d1d-4967-8e8a-90e8ce4eab08	NR_104947.1	92.667	450	17	12	14	460	959	1395	0.0	634
55edff42-7d1d-4967-8e8a-90e8ce4eab08	NR_117717.1	92.667	450	17	12	14	460	1006	1442	0.0	634
55edff42-7d1d-4967-8e8a-90e8ce4eab08	NR_117694.1	92.667	450	17	11	14	460	986	1422	0.0	634
55edff42-7d1d-4967-8e8a-90e8ce4eab08	NR_117696.1	92.667	450	17	12	14	460	973	1409	0.0	634
55edff42-7d1d-4967-8e8a-90e8ce4eab08	NR_040933.1	94.286	420	13	9	44	460	1033	1444	0.0	632
54d65c78-443d-4485-974f-687b0a498947	NR_041989.1	98.551	414	2	3	1	411	1100	688	0.0	728
54d65c78-443d-4485-974f-687b0a498947	NR_028900.1	98.309	414	3	3	1	411	1100	688	0.0	723
54d65c78-443d-4485-974f-687b0a498947	NR_117692.1	98.309	414	3	3	1	411	1142	730	0.0	723
54d65c78-443d-4485-974f-687b0a498947	NR_117694.1	98.309	414	3	3	1	411	1142	730	0.0	723
54d65c78-443d-4485-974f-687b0a498947	NR_178369.1	98.309	414	3	3	1	411	1113	701	0.0	723
8e8ffd74-733d-4d5e-83ea-9629b92d090c	NR_043314.1	98.018	454	6	3	1	453	1029	1480	0.0	785
8e8ffd74-733d-4d5e-83ea-9629b92d090c	NR_114749.1	98.018	454	6	3	1	453	1031	1482	0.0	785
8e8ffd74-733d-4d5e-83ea-9629b92d090c	NR_116899.1	98.018	454	6	3	1	453	998	1449	0.0	785
8e8ffd74-733d-4d5e-83ea-9629b92d090c	NR_178854.1	98.018	454	6	3	1	453	1010	1461	0.0	785
8e8ffd74-733d-4d5e-83ea-9629b92d090c	NR_179889.1	98.018	454	6	3	1	453	1038	1489	0.0	785
2be749da-c8a3-43d9-b35b-b410772ec243	NR_179337.1	95.803	1382	27	23	1	1367	1389	24	0.0	2202
2be749da-c8a3-43d9-b35b-b410772ec243	NR_028986.1	95.658	1382	29	23	1	1367	1385	20	0.0	2191
2be749da-c8a3-43d9-b35b-b410772ec243	NR_028987.1	95.586	1382	30	23	1	1367	1385	20	0.0	2185
2be749da-c8a3-43d9-b35b-b410772ec243	NR_025164.1	95.441	1382	32	23	1	1367	1385	20	0.0	2174
2be749da-c8a3-43d9-b35b-b410772ec243	NR_042199.1	95.441	1382	32	23	1	1367	1385	20	0.0	2174
da43ec90-857b-42af-ac4a-924260cd0ca1	NR_117694.1	97.491	837	8	8	22	849	638	1470	0.0	1417
da43ec90-857b-42af-ac4a-924260cd0ca1	NR_121687.1	97.013	837	12	8	22	849	658	1490	0.0	1395
da43ec90-857b-42af-ac4a-924260cd0ca1	NR_117692.1	97.013	837	12	8	22	849	638	1470	0.0	1395
da43ec90-857b-42af-ac4a-924260cd0ca1	NR_025892.1	97.101	828	11	8	22	840	663	1486	0.0	1389
da43ec90-857b-42af-ac4a-924260cd0ca1	NR_025902.1	96.774	837	14	8	22	849	616	1448	0.0	1384
d6244a18-09f4-4eac-98e3-c5b1b4dd440f	NR_040933.1	98.418	632	6	4	1	630	860	1489	0.0	1109
d6244a18-09f4-4eac-98e3-c5b1b4dd440f	NR_117717.1	98.415	631	8	2	1	630	858	1487	0.0	1109
d6244a18-09f4-4eac-98e3-c5b1b4dd440f	NR_159079.1	98.415	631	8	2	1	630	834	1463	0.0	1109
d6244a18-09f4-4eac-98e3-c5b1b4dd440f	NR_117694.1	98.415	631	8	2	1	630	838	1467	0.0	1109
d6244a18-09f4-4eac-98e3-c5b1b4dd440f	NR_117696.1	98.415	631	8	2	1	630	825	1454	0.0	1109
9ff30ef5-3277-4642-802e-4a496e987257	NR_156986.1	93.410	698	21	18	1	682	697	9	0.0	1011
9ff30ef5-3277-4642-802e-4a496e987257	NR_178976.1	93.400	697	21	18	1	681	688	1	0.0	1009
9ff30ef5-3277-4642-802e-4a496e987257	NR_113600.1	93.266	698	22	18	1	682	689	1	0.0	1007
9ff30ef5-3277-4642-802e-4a496e987257	NR_024901.1	93.266	698	22	18	1	682	702	14	0.0	1005
9ff30ef5-3277-4642-802e-4a496e987257	NR_024912.1	93.266	698	22	18	1	682	702	14	0.0	1005
7c5f0cfd-cc51-420c-9e7e-b330ffa3b568	NR_024912.1	91.778	450	18	14	4	441	125	567	9.65e-174	608
7c5f0cfd-cc51-420c-9e7e-b330ffa3b568	NR_042147.1	91.778	450	18	14	4	441	112	554	9.65e-174	608
7c5f0cfd-cc51-420c-9e7e-b330ffa3b568	NR_156986.1	91.778	450	18	14	4	441	120	562	9.65e-174	608
7c5f0cfd-cc51-420c-9e7e-b330ffa3b568	NR_178976.1	91.778	450	18	14	4	441	111	553	9.65e-174	608
7c5f0cfd-cc51-420c-9e7e-b330ffa3b568	NR_179365.1	91.778	450	18	14	4	441	91	533	9.65e-174	608
364ccd15-8dee-4699-8ca5-c1db3aa90290	NR_074980.1	91.343	797	33	25	1	772	798	13	0.0	1057
364ccd15-8dee-4699-8ca5-c1db3aa90290	NR_113031.1	91.343	797	33	25	1	772	798	13	0.0	1057
364ccd15-8dee-4699-8ca5-c1db3aa90290	NR_119168.1	91.603	786	30	25	1	761	776	2	0.0	1053
364ccd15-8dee-4699-8ca5-c1db3aa90290	NR_044153.1	91.560	782	30	24	1	757	771	1	0.0	1048
364ccd15-8dee-4699-8ca5-c1db3aa90290	NR_043332.1	91.432	782	31	25	1	757	771	1	0.0	1042
93b60ada-34e3-4c31-9d51-81ae499c277c	NR_164626.1	95.890	292	4	7	1	288	288	1	3.77e-131	466
93b60ada-34e3-4c31-9d51-81ae499c277c	NR_024912.1	96.181	288	4	6	1	285	291	8	1.36e-130	464
93b60ada-34e3-4c31-9d51-81ae499c277c	NR_028706.1	96.181	288	4	6	1	285	299	16	1.36e-130	464
93b60ada-34e3-4c31-9d51-81ae499c277c	NR_037092.1	96.181	288	4	6	1	285	296	13	1.36e-130	464
93b60ada-34e3-4c31-9d51-81ae499c277c	NR_042939.1	96.181	288	4	6	1	285	297	14	1.36e-130	464
6b8e4d15-a33f-4103-899f-e34d6b54b418	NR_024918.1	98.148	216	2	2	1	216	1263	1476	5.01e-104	375
6b8e4d15-a33f-4103-899f-e34d6b54b418	NR_025164.1	98.148	216	2	2	1	216	1250	1463	5.01e-104	375
6b8e4d15-a33f-4103-899f-e34d6b54b418	NR_028986.1	98.148	216	2	2	1	216	1250	1463	5.01e-104	375
6b8e4d15-a33f-4103-899f-e34d6b54b418	NR_036998.1	98.148	216	2	2	1	216	1249	1462	5.01e-104	375
6b8e4d15-a33f-4103-899f-e34d6b54b418	NR_041799.1	98.148	216	2	2	1	216	1250	1463	5.01e-104	375
2e92904f-3f7f-4f6a-8a75-0a7cafc4d839	NR_199513.1	96.837	664	15	5	1	658	994	331	0.0	1105
2e92904f-3f7f-4f6a-8a75-0a7cafc4d839	NR_040859.1	96.823	661	15	5	4	658	976	316	0.0	1099
2e92904f-3f7f-4f6a-8a75-0a7cafc4d839	NR_041953.1	96.687	664	16	5	1	658	967	304	0.0	1099
2e92904f-3f7f-4f6a-8a75-0a7cafc4d839	NR_104278.1	96.823	661	15	5	4	658	976	316	0.0	1099
2e92904f-3f7f-4f6a-8a75-0a7cafc4d839	NR_104280.1	96.823	661	15	5	4	658	976	316	0.0	1099
e01938c7-02bd-4591-939b-9dcbe51c063d	NR_028826.1	85.641	195	17	9	1	187	108	299	1.36e-49	195
e01938c7-02bd-4591-939b-9dcbe51c063d	NR_024707.1	85.641	195	17	9	1	187	108	299	1.36e-49	195
e01938c7-02bd-4591-939b-9dcbe51c063d	NR_024902.1	85.641	195	17	9	1	187	121	312	1.36e-49	195
e01938c7-02bd-4591-939b-9dcbe51c063d	NR_024927.1	85.641	195	17	9	1	187	119	310	1.36e-49	195
e01938c7-02bd-4591-939b-9dcbe51c063d	NR_024909.1	85.128	195	18	9	1	187	119	310	6.34e-48	189
93b74994-11e1-4daf-8137-bdf8230697f7	NR_024912.1	96.959	592	9	5	1	584	596	6	0.0	985
93b74994-11e1-4daf-8137-bdf8230697f7	NR_156986.1	96.959	592	9	5	1	584	591	1	0.0	985
93b74994-11e1-4daf-8137-bdf8230697f7	NR_024901.1	96.791	592	10	5	1	584	596	6	0.0	979
93b74994-11e1-4daf-8137-bdf8230697f7	NR_024928.1	96.791	592	10	5	1	584	596	6	0.0	979
93b74994-11e1-4daf-8137-bdf8230697f7	NR_156987.1	96.791	592	10	5	1	584	591	1	0.0	979
a3a5c623-d3b0-4f14-be08-9627f3f00b83	NR_181857.1	93.750	704	27	14	2	692	822	1521	0.0	1040
a3a5c623-d3b0-4f14-be08-9627f3f00b83	NR_041799.1	93.608	704	28	14	2	692	764	1463	0.0	1035
a3a5c623-d3b0-4f14-be08-9627f3f00b83	NR_117823.1	93.608	704	28	14	2	692	736	1435	0.0	1035
a3a5c623-d3b0-4f14-be08-9627f3f00b83	NR_181265.1	93.608	704	28	14	2	692	791	1490	0.0	1035
a3a5c623-d3b0-4f14-be08-9627f3f00b83	NR_181730.1	93.608	704	28	14	2	692	770	1469	0.0	1035
4734ecbf-9009-4844-9462-f6fc4e150bcc	NR_113114.1	97.765	1029	13	10	1	1024	1036	13	0.0	1764
4734ecbf-9009-4844-9462-f6fc4e150bcc	NR_043292.1	97.885	993	10	11	1	988	987	1	0.0	1707
4734ecbf-9009-4844-9462-f6fc4e150bcc	NR_113096.1	87.729	1035	106	20	1	1024	1037	13	0.0	1188
4734ecbf-9009-4844-9462-f6fc4e150bcc	NR_044629.1	87.222	1033	115	17	1	1024	1044	20	0.0	1173
4734ecbf-9009-4844-9462-f6fc4e150bcc	NR_113093.1	87.355	1036	109	22	1	1024	1038	13	0.0	1168
04527c61-6413-46d7-a0f2-1b38ef2842bf	NR_156986.1	95.005	1001	29	19	1	982	999	1	0.0	1552
04527c61-6413-46d7-a0f2-1b38ef2842bf	NR_024927.1	94.900	1000	32	17	1	982	1004	6	0.0	1546
04527c61-6413-46d7-a0f2-1b38ef2842bf	NR_156987.1	94.905	1001	30	19	1	982	999	1	0.0	1546
04527c61-6413-46d7-a0f2-1b38ef2842bf	NR_199514.1	94.905	1001	30	19	1	982	1011	13	0.0	1546
04527c61-6413-46d7-a0f2-1b38ef2842bf	NR_199513.1	94.805	1001	33	17	1	983	1018	19	0.0	1543
a40b290d-39ff-460d-bb28-8e16341884c0	NR_024918.1	89.440	947	59	34	1	927	548	1473	0.0	1157
a40b290d-39ff-460d-bb28-8e16341884c0	NR_044974.1	89.440	947	59	34	1	927	535	1460	0.0	1157
a40b290d-39ff-460d-bb28-8e16341884c0	NR_113581.1	89.440	947	59	34	1	927	535	1460	0.0	1157
a40b290d-39ff-460d-bb28-8e16341884c0	NR_179889.1	89.440	947	59	34	1	927	562	1487	0.0	1157
a40b290d-39ff-460d-bb28-8e16341884c0	NR_180948.1	89.440	947	59	34	1	927	555	1480	0.0	1157
aa11bc58-138b-4351-8bc8-92637745a6d4	NR_178976.1	92.869	1234	46	41	6	1213	1218	1	0.0	1753
aa11bc58-138b-4351-8bc8-92637745a6d4	NR_156986.1	92.794	1235	47	41	6	1214	1227	9	0.0	1749
aa11bc58-138b-4351-8bc8-92637745a6d4	NR_113600.1	92.713	1235	48	41	6	1214	1219	1	0.0	1746
aa11bc58-138b-4351-8bc8-92637745a6d4	NR_156987.1	92.713	1235	48	41	6	1214	1227	9	0.0	1744
aa11bc58-138b-4351-8bc8-92637745a6d4	NR_199514.1	92.713	1235	48	41	6	1214	1239	21	0.0	1744
81bc3bc8-f90a-4dff-89bf-51bc2d38ebf4	NR_024951.1	95.775	568	12	9	1	558	1105	540	0.0	905
81bc3bc8-f90a-4dff-89bf-51bc2d38ebf4	NR_029042.2	95.775	568	12	9	1	558	1109	544	0.0	905
81bc3bc8-f90a-4dff-89bf-51bc2d38ebf4	NR_197706.1	95.775	568	12	9	1	558	1116	551	0.0	905
81bc3bc8-f90a-4dff-89bf-51bc2d38ebf4	NR_199515.1	95.775	568	12	9	1	558	1118	553	0.0	905
81bc3bc8-f90a-4dff-89bf-51bc2d38ebf4	NR_024918.1	95.599	568	13	9	1	558	1102	537	0.0	900
5c2def71-b582-4e4e-a6d3-437c9669ceba	NR_180078.1	86.982	1183	66	62	1	1131	1196	50	0.0	1251
5c2def71-b582-4e4e-a6d3-437c9669ceba	NR_180737.1	86.824	1184	66	64	1	1131	1177	31	0.0	1240
5c2def71-b582-4e4e-a6d3-437c9669ceba	NR_118155.1	86.729	1183	69	61	1	1131	1199	53	0.0	1234
5c2def71-b582-4e4e-a6d3-437c9669ceba	NR_169411.1	86.729	1183	69	60	1	1131	1196	50	0.0	1234
5c2def71-b582-4e4e-a6d3-437c9669ceba	NR_179168.1	86.729	1183	69	60	1	1131	1199	53	0.0	1234
f4b1ad5c-2a76-40d7-b8b6-bb3f28dad9e7	NR_043314.1	90.862	383	8	11	1	361	1248	871	1.03e-137	488
f4b1ad5c-2a76-40d7-b8b6-bb3f28dad9e7	NR_137215.1	90.862	383	8	11	1	361	1237	860	1.03e-137	488
f4b1ad5c-2a76-40d7-b8b6-bb3f28dad9e7	NR_024927.1	90.601	383	9	11	1	361	1243	866	4.81e-136	483
f4b1ad5c-2a76-40d7-b8b6-bb3f28dad9e7	NR_025550.1	90.601	383	9	11	1	361	1232	855	4.81e-136	483
f4b1ad5c-2a76-40d7-b8b6-bb3f28dad9e7	NR_037135.1	90.601	383	9	11	1	361	1210	833	4.81e-136	483
b735be95-88e4-41c1-a0ef-b29c82004109	NR_117694.1	88.345	858	48	40	8	836	638	1472	0.0	983
b735be95-88e4-41c1-a0ef-b29c82004109	NR_026079.2	88.228	858	49	40	8	836	665	1499	0.0	977
b735be95-88e4-41c1-a0ef-b29c82004109	NR_121687.1	87.995	858	51	40	8	836	658	1492	0.0	966
b735be95-88e4-41c1-a0ef-b29c82004109	NR_117692.1	87.995	858	51	40	8	836	638	1472	0.0	966
b735be95-88e4-41c1-a0ef-b29c82004109	NR_025892.1	87.957	847	50	40	8	825	663	1486	0.0	957
50168615-8aef-4912-81b0-d23e2c0e34fc	NR_117717.1	98.422	507	6	2	1	506	982	1487	0.0	891
50168615-8aef-4912-81b0-d23e2c0e34fc	NR_117696.1	98.422	507	6	2	1	506	949	1454	0.0	891
50168615-8aef-4912-81b0-d23e2c0e34fc	NR_159079.1	98.225	507	7	2	1	506	958	1463	0.0	885
50168615-8aef-4912-81b0-d23e2c0e34fc	NR_117694.1	98.225	507	7	2	1	506	962	1467	0.0	885
50168615-8aef-4912-81b0-d23e2c0e34fc	NR_025902.1	98.028	507	8	2	1	506	940	1445	0.0	880
cab59749-5de6-4aa8-a24a-c51eb0b768e1	NR_125571.1	92.560	457	15	12	1	445	987	1436	0.0	638
cab59749-5de6-4aa8-a24a-c51eb0b768e1	NR_125570.1	91.921	458	17	15	1	445	945	1395	3.42e-178	623
cab59749-5de6-4aa8-a24a-c51eb0b768e1	NR_029097.1	93.494	415	12	11	1	407	963	1370	4.46e-172	603
cab59749-5de6-4aa8-a24a-c51eb0b768e1	NR_025127.1	90.274	401	27	8	1	395	1019	1413	2.15e-145	514
cab59749-5de6-4aa8-a24a-c51eb0b768e1	NR_180825.1	89.234	418	22	16	3	407	1022	1429	1.67e-141	501
8fb5c410-ba10-4352-9a6a-8c44198235b7	NR_041953.1	96.121	1160	26	17	6	1153	1374	222	0.0	1875
8fb5c410-ba10-4352-9a6a-8c44198235b7	NR_179889.1	96.121	1160	26	17	6	1153	1401	249	0.0	1875
8fb5c410-ba10-4352-9a6a-8c44198235b7	NR_042541.1	96.034	1160	27	17	6	1153	1374	222	0.0	1869
8fb5c410-ba10-4352-9a6a-8c44198235b7	NR_178447.1	96.034	1160	27	17	6	1153	1308	156	0.0	1869
8fb5c410-ba10-4352-9a6a-8c44198235b7	NR_178854.1	96.031	1159	28	16	6	1153	1373	222	0.0	1869
476c3105-4b94-43a7-97df-c7639ae07401	NR_041989.1	92.297	688	25	20	1	668	1347	668	0.0	952
476c3105-4b94-43a7-97df-c7639ae07401	NR_117694.1	92.151	688	26	20	1	668	1389	710	0.0	946
476c3105-4b94-43a7-97df-c7639ae07401	NR_178369.1	92.140	687	26	20	1	667	1360	682	0.0	944
476c3105-4b94-43a7-97df-c7639ae07401	NR_025892.1	91.715	688	29	20	1	668	1414	735	0.0	935
476c3105-4b94-43a7-97df-c7639ae07401	NR_121687.1	91.860	688	28	20	1	668	1409	730	0.0	935
2da3c5e5-431d-4964-97ec-c8e76ead4b7e	NR_041989.1	93.333	300	11	9	1	296	619	913	1.10e-121	435
2da3c5e5-431d-4964-97ec-c8e76ead4b7e	NR_117694.1	93.333	300	11	9	1	296	661	955	1.10e-121	435
2da3c5e5-431d-4964-97ec-c8e76ead4b7e	NR_025892.1	93.000	300	12	9	1	296	686	980	1.43e-120	431
2da3c5e5-431d-4964-97ec-c8e76ead4b7e	NR_042976.1	93.000	300	12	9	1	296	669	963	5.14e-120	429
2da3c5e5-431d-4964-97ec-c8e76ead4b7e	NR_118697.1	93.000	300	12	9	1	296	684	978	5.14e-120	429
a7c18aaa-ef6d-4b59-8630-0f83c795c952	NR_114225.1	91.974	461	17	13	1	453	1012	1460	2.08e-180	630
a7c18aaa-ef6d-4b59-8630-0f83c795c952	NR_024704.1	91.757	461	18	13	1	453	1020	1468	3.48e-178	623
a7c18aaa-ef6d-4b59-8630-0f83c795c952	NR_113578.1	91.757	461	18	13	1	453	1012	1460	3.48e-178	623
a7c18aaa-ef6d-4b59-8630-0f83c795c952	NR_024946.1	92.018	451	16	13	1	443	1020	1458	5.82e-176	616
a7c18aaa-ef6d-4b59-8630-0f83c795c952	NR_036909.1	91.323	461	20	13	1	453	1030	1478	7.53e-175	612
f491f16b-9bee-4ebb-be2e-6eec240276f1	NR_179540.1	96.637	1338	29	16	1	1328	164	1495	0.0	2207
f491f16b-9bee-4ebb-be2e-6eec240276f1	NR_117719.1	95.967	1339	37	17	1	1328	164	1496	0.0	2158
f491f16b-9bee-4ebb-be2e-6eec240276f1	NR_179383.1	95.967	1339	37	17	1	1328	171	1503	0.0	2158
f491f16b-9bee-4ebb-be2e-6eec240276f1	NR_028664.1	95.818	1339	39	17	1	1328	167	1499	0.0	2146
f491f16b-9bee-4ebb-be2e-6eec240276f1	NR_042927.1	95.946	1332	37	17	1	1321	146	1471	0.0	2145
0dd03cf8-68bd-4bd9-8d02-8843cf39fa59	NR_199513.1	91.631	1386	65	45	1	1347	1392	19	0.0	1869
0dd03cf8-68bd-4bd9-8d02-8843cf39fa59	NR_156986.1	91.552	1385	66	45	1	1346	1373	1	0.0	1862
0dd03cf8-68bd-4bd9-8d02-8843cf39fa59	NR_024928.1	91.480	1385	67	45	1	1346	1378	6	0.0	1858
0dd03cf8-68bd-4bd9-8d02-8843cf39fa59	NR_156987.1	91.480	1385	67	45	1	1346	1373	1	0.0	1857
0dd03cf8-68bd-4bd9-8d02-8843cf39fa59	NR_178976.1	91.570	1376	65	45	1	1337	1364	1	0.0	1853
9da6a2cd-dac4-4967-9798-f14ef2343b56	NR_074980.1	93.264	386	12	11	1	378	392	13	2.93e-158	556
9da6a2cd-dac4-4967-9798-f14ef2343b56	NR_113031.1	93.264	386	12	11	1	378	392	13	2.93e-158	556
9da6a2cd-dac4-4967-9798-f14ef2343b56	NR_163639.1	93.264	386	13	10	1	379	383	4	2.93e-158	556
9da6a2cd-dac4-4967-9798-f14ef2343b56	NR_119168.1	93.351	376	11	11	1	368	370	1	2.28e-154	544
9da6a2cd-dac4-4967-9798-f14ef2343b56	NR_119169.1	93.085	376	12	11	1	368	370	1	2.95e-153	540
89ab6f65-0e0b-4c50-aa97-1b92b0a9cb07	NR_109628.1	92.611	1218	40	41	1	1181	257	1461	0.0	1705
89ab6f65-0e0b-4c50-aa97-1b92b0a9cb07	NR_175509.1	92.529	1218	41	37	1	1181	276	1480	0.0	1700
89ab6f65-0e0b-4c50-aa97-1b92b0a9cb07	NR_113105.1	92.447	1218	42	37	1	1181	264	1468	0.0	1694
89ab6f65-0e0b-4c50-aa97-1b92b0a9cb07	NR_044407.1	92.403	1211	42	37	1	1174	256	1453	0.0	1681
89ab6f65-0e0b-4c50-aa97-1b92b0a9cb07	NR_042843.1	92.200	1218	45	41	1	1181	256	1460	0.0	1677
5ed0100d-3eee-43d2-934a-eda9605ea4df	NR_024911.1	98.054	411	5	3	1	411	1069	1476	0.0	712
5ed0100d-3eee-43d2-934a-eda9605ea4df	NR_025174.1	98.054	411	5	3	1	411	1062	1469	0.0	712
5ed0100d-3eee-43d2-934a-eda9605ea4df	NR_024902.1	97.810	411	6	3	1	411	1071	1478	0.0	706
5ed0100d-3eee-43d2-934a-eda9605ea4df	NR_024918.1	97.810	411	6	3	1	411	1069	1476	0.0	706
5ed0100d-3eee-43d2-934a-eda9605ea4df	NR_028706.1	97.810	411	6	3	1	411	1077	1484	0.0	706
fd490f81-3538-4bc6-b1ce-6300b8f27b33	NR_025903.1	96.408	1225	20	20	1	1213	284	1496	0.0	1997
fd490f81-3538-4bc6-b1ce-6300b8f27b33	NR_133753.1	96.417	1200	20	19	1	1188	238	1426	0.0	1956
fd490f81-3538-4bc6-b1ce-6300b8f27b33	NR_026419.1	95.755	1225	29	19	1	1213	272	1485	0.0	1953
fd490f81-3538-4bc6-b1ce-6300b8f27b33	NR_025904.1	95.677	1226	27	22	1	1213	283	1495	0.0	1947
fd490f81-3538-4bc6-b1ce-6300b8f27b33	NR_133752.1	96.250	1200	22	19	1	1188	209	1397	0.0	1945
7a662982-e53d-432c-9243-8ed3f99cef08	NR_164626.1	91.667	300	8	13	2	287	297	1	3.87e-111	399
7a662982-e53d-432c-9243-8ed3f99cef08	NR_024909.1	91.611	298	8	13	2	285	300	6	5.00e-110	396
7a662982-e53d-432c-9243-8ed3f99cef08	NR_024912.1	91.611	298	8	13	2	285	300	6	5.00e-110	396
7a662982-e53d-432c-9243-8ed3f99cef08	NR_028706.1	91.611	298	8	13	2	285	308	14	5.00e-110	396
7a662982-e53d-432c-9243-8ed3f99cef08	NR_037092.1	91.611	298	8	13	2	285	305	11	5.00e-110	396
15645444-230e-4e8e-aaca-c4cf9c802b6e	NR_024912.1	93.509	493	23	9	18	507	497	11	0.0	725
15645444-230e-4e8e-aaca-c4cf9c802b6e	NR_042147.1	93.673	490	22	9	18	504	484	1	0.0	725
15645444-230e-4e8e-aaca-c4cf9c802b6e	NR_156986.1	93.509	493	23	9	18	507	492	6	0.0	725
15645444-230e-4e8e-aaca-c4cf9c802b6e	NR_178976.1	93.661	489	22	9	18	503	483	1	0.0	723
15645444-230e-4e8e-aaca-c4cf9c802b6e	NR_113600.1	93.469	490	23	9	18	504	484	1	0.0	721
fbe1ae00-11e8-4934-9a6a-51d5c8c91e7f	NR_024912.1	90.558	466	20	20	1	455	114	566	7.84e-170	595
fbe1ae00-11e8-4934-9a6a-51d5c8c91e7f	NR_042147.1	90.558	466	20	20	1	455	101	553	7.84e-170	595
fbe1ae00-11e8-4934-9a6a-51d5c8c91e7f	NR_156986.1	90.558	466	20	20	1	455	109	561	7.84e-170	595
fbe1ae00-11e8-4934-9a6a-51d5c8c91e7f	NR_178976.1	90.558	466	20	20	1	455	100	552	7.84e-170	595
fbe1ae00-11e8-4934-9a6a-51d5c8c91e7f	NR_179365.1	90.558	466	20	20	1	455	80	532	7.84e-170	595
5f49ff1c-5144-4079-b5f3-018285e3f63c	NR_178976.1	93.348	1353	42	39	4	1326	1335	1	0.0	1958
5f49ff1c-5144-4079-b5f3-018285e3f63c	NR_156986.1	93.348	1353	42	39	4	1326	1344	10	0.0	1956
5f49ff1c-5144-4079-b5f3-018285e3f63c	NR_024928.1	93.274	1353	43	39	4	1326	1349	15	0.0	1953
5f49ff1c-5144-4079-b5f3-018285e3f63c	NR_113600.1	93.274	1353	43	39	4	1326	1336	2	0.0	1953
5f49ff1c-5144-4079-b5f3-018285e3f63c	NR_114225.1	93.274	1353	43	39	4	1326	1336	2	0.0	1953
a382b5b6-c4a4-46aa-933d-3a1f4c6236e8	NR_199513.1	96.369	1377	28	16	1	1357	116	1490	0.0	2246
a382b5b6-c4a4-46aa-933d-3a1f4c6236e8	NR_113600.1	96.296	1377	27	19	1	1356	89	1462	0.0	2241
a382b5b6-c4a4-46aa-933d-3a1f4c6236e8	NR_179889.1	96.296	1377	29	17	1	1357	116	1490	0.0	2241
a382b5b6-c4a4-46aa-933d-3a1f4c6236e8	NR_024928.1	96.226	1378	28	19	1	1357	102	1476	0.0	2237
a382b5b6-c4a4-46aa-933d-3a1f4c6236e8	NR_041953.1	96.224	1377	30	17	1	1357	89	1463	0.0	2235
edbe9723-c5ba-4855-9f31-f3ba5f665614	NR_116899.1	95.661	945	25	11	1	940	517	1450	0.0	1504
edbe9723-c5ba-4855-9f31-f3ba5f665614	NR_179889.1	95.661	945	25	11	1	940	557	1490	0.0	1504
edbe9723-c5ba-4855-9f31-f3ba5f665614	NR_181891.1	95.661	945	25	11	1	940	553	1486	0.0	1504
edbe9723-c5ba-4855-9f31-f3ba5f665614	NR_199515.1	95.661	945	25	11	1	940	559	1492	0.0	1504
edbe9723-c5ba-4855-9f31-f3ba5f665614	NR_024918.1	95.556	945	26	11	1	940	543	1476	0.0	1498
553f3505-9c7d-4a97-9f76-ced25d946c9b	NR_024918.1	93.395	651	23	13	1	637	837	1481	0.0	946
553f3505-9c7d-4a97-9f76-ced25d946c9b	NR_043314.1	93.395	651	23	13	1	637	842	1486	0.0	946
553f3505-9c7d-4a97-9f76-ced25d946c9b	NR_042147.1	93.395	651	23	13	1	637	824	1468	0.0	946
553f3505-9c7d-4a97-9f76-ced25d946c9b	NR_116899.1	93.395	651	23	13	1	637	811	1455	0.0	946
553f3505-9c7d-4a97-9f76-ced25d946c9b	NR_164626.1	93.395	651	23	13	1	637	834	1478	0.0	946
7c765c55-8fa7-40cf-b4b0-8e484fdd0a58	NR_042776.1	95.046	646	23	6	1	643	814	1453	0.0	1007
7c765c55-8fa7-40cf-b4b0-8e484fdd0a58	NR_042777.1	95.046	646	23	6	1	643	813	1452	0.0	1007
7c765c55-8fa7-40cf-b4b0-8e484fdd0a58	NR_042778.1	94.892	646	24	6	1	643	814	1453	0.0	1002
7c765c55-8fa7-40cf-b4b0-8e484fdd0a58	NR_197695.1	94.207	656	29	6	1	653	813	1462	0.0	992
7c765c55-8fa7-40cf-b4b0-8e484fdd0a58	NR_118998.1	94.118	646	28	7	1	643	809	1447	0.0	974
51c5ac3c-13b7-4453-9734-73a3d8dcf836	NR_117694.1	92.453	742	29	18	33	754	733	1467	0.0	1035
51c5ac3c-13b7-4453-9734-73a3d8dcf836	NR_117692.1	92.318	742	30	18	33	754	733	1467	0.0	1029
51c5ac3c-13b7-4453-9734-73a3d8dcf836	NR_116766.1	92.412	738	29	18	33	750	733	1463	0.0	1027
51c5ac3c-13b7-4453-9734-73a3d8dcf836	NR_117696.1	92.287	739	31	18	35	754	723	1454	0.0	1026
51c5ac3c-13b7-4453-9734-73a3d8dcf836	NR_121687.1	92.183	742	31	18	33	754	753	1487	0.0	1024
029bdb1d-7348-4879-b227-cc82163ebe19	NR_041989.1	94.714	454	8	8	1	439	453	1	0.0	691
029bdb1d-7348-4879-b227-cc82163ebe19	NR_117694.1	93.249	474	14	10	1	458	495	24	0.0	682
029bdb1d-7348-4879-b227-cc82163ebe19	NR_117717.1	92.812	473	18	8	1	458	516	45	0.0	671
029bdb1d-7348-4879-b227-cc82163ebe19	NR_121688.1	92.812	473	18	8	1	458	515	44	0.0	671
029bdb1d-7348-4879-b227-cc82163ebe19	NR_117696.1	92.812	473	18	8	1	458	482	11	0.0	671
26f0b6fc-5f3c-41c1-ad55-5b7dd0b57f4e	NR_043314.1	97.708	480	7	4	1	479	1005	1481	0.0	822
26f0b6fc-5f3c-41c1-ad55-5b7dd0b57f4e	NR_114749.1	97.708	480	7	4	1	479	1007	1483	0.0	822
26f0b6fc-5f3c-41c1-ad55-5b7dd0b57f4e	NR_116899.1	97.708	480	7	4	1	479	974	1450	0.0	822
26f0b6fc-5f3c-41c1-ad55-5b7dd0b57f4e	NR_178854.1	97.708	480	7	4	1	479	986	1462	0.0	822
26f0b6fc-5f3c-41c1-ad55-5b7dd0b57f4e	NR_179889.1	97.708	480	7	4	1	479	1014	1490	0.0	822
e5f482ff-a181-44d6-a6c4-83a706fec4eb	NR_156986.1	92.446	781	29	26	9	772	780	13	0.0	1088
e5f482ff-a181-44d6-a6c4-83a706fec4eb	NR_178976.1	92.446	781	29	26	9	772	771	4	0.0	1088
e5f482ff-a181-44d6-a6c4-83a706fec4eb	NR_113600.1	92.318	781	30	26	9	772	772	5	0.0	1085
e5f482ff-a181-44d6-a6c4-83a706fec4eb	NR_024901.1	92.318	781	30	26	9	772	785	18	0.0	1083
e5f482ff-a181-44d6-a6c4-83a706fec4eb	NR_024928.1	92.318	781	30	26	9	772	785	18	0.0	1083
