9344477f-4094-42ab-a23a-03c6d3bb2102	NR_074980.1	94.298	1175	38	23	9	1165	1176	13	0.0	1772
9344477f-4094-42ab-a23a-03c6d3bb2102	NR_113031.1	94.298	1175	38	23	9	1165	1176	13	0.0	1772
9344477f-4094-42ab-a23a-03c6d3bb2102	NR_117759.1	94.239	1163	39	22	9	1154	1152	1	0.0	1755
9344477f-4094-42ab-a23a-03c6d3bb2102	NR_119168.1	94.138	1160	40	22	13	1155	1150	2	0.0	1748
9344477f-4094-42ab-a23a-03c6d3bb2102	NR_043332.1	94.138	1160	40	22	9	1151	1149	1	0.0	1746
9faa0286-b486-4cce-bfca-37c42b5ac15f	NR_199513.1	97.181	816	13	9	1	809	830	18	0.0	1371
9faa0286-b486-4cce-bfca-37c42b5ac15f	NR_024901.1	97.055	815	12	11	1	807	816	6	0.0	1362
9faa0286-b486-4cce-bfca-37c42b5ac15f	NR_024928.1	97.055	815	12	11	1	807	816	6	0.0	1362
9faa0286-b486-4cce-bfca-37c42b5ac15f	NR_156986.1	97.055	815	12	11	1	807	811	1	0.0	1362
9faa0286-b486-4cce-bfca-37c42b5ac15f	NR_156987.1	96.933	815	13	11	1	807	811	1	0.0	1356
e3beafd4-6e4c-4fad-8e38-c553b776a9f4	NR_028664.1	92.870	547	20	15	1	537	830	293	0.0	776
e3beafd4-6e4c-4fad-8e38-c553b776a9f4	NR_042927.1	92.870	547	20	15	1	537	809	272	0.0	776
e3beafd4-6e4c-4fad-8e38-c553b776a9f4	NR_042928.1	92.870	547	20	15	1	537	807	270	0.0	776
e3beafd4-6e4c-4fad-8e38-c553b776a9f4	NR_114172.1	92.883	548	18	16	1	537	807	270	0.0	776
e3beafd4-6e4c-4fad-8e38-c553b776a9f4	NR_114413.1	92.870	547	20	15	1	537	832	295	0.0	776
2e4e1a2b-199e-4cda-a34f-661c430b0276	NR_117719.1	93.373	332	16	5	10	338	82	410	3.45e-137	486
2e4e1a2b-199e-4cda-a34f-661c430b0276	NR_114537.1	92.878	337	17	6	6	338	46	379	4.47e-136	483
2e4e1a2b-199e-4cda-a34f-661c430b0276	NR_175455.1	93.072	332	17	5	10	338	70	398	1.61e-135	481
2e4e1a2b-199e-4cda-a34f-661c430b0276	NR_036936.1	92.582	337	18	6	6	338	59	392	5.78e-135	479
2e4e1a2b-199e-4cda-a34f-661c430b0276	NR_042928.1	92.262	336	20	5	6	338	58	390	9.67e-133	472
2e2f6988-2b72-4e60-a437-1b4bdf734dc2	NR_041989.1	95.943	493	9	8	1	487	1098	611	0.0	789
2e2f6988-2b72-4e60-a437-1b4bdf734dc2	NR_117694.1	95.740	493	10	8	1	487	1140	653	0.0	784
2e2f6988-2b72-4e60-a437-1b4bdf734dc2	NR_178369.1	95.538	493	11	8	1	487	1111	624	0.0	778
2e2f6988-2b72-4e60-a437-1b4bdf734dc2	NR_025892.1	95.132	493	13	8	1	487	1165	678	0.0	773
2e2f6988-2b72-4e60-a437-1b4bdf734dc2	NR_025902.1	95.335	493	12	8	1	487	1118	631	0.0	773
090ca9d6-00d3-47ea-a1fe-5d8d205728fc	NR_156986.1	95.852	1133	22	21	4	1116	1129	2	0.0	1808
090ca9d6-00d3-47ea-a1fe-5d8d205728fc	NR_156987.1	95.763	1133	23	21	4	1116	1129	2	0.0	1803
090ca9d6-00d3-47ea-a1fe-5d8d205728fc	NR_199514.1	95.675	1133	24	21	4	1116	1141	14	0.0	1797
090ca9d6-00d3-47ea-a1fe-5d8d205728fc	NR_024901.1	95.587	1133	25	21	4	1116	1134	7	0.0	1792
090ca9d6-00d3-47ea-a1fe-5d8d205728fc	NR_024912.1	95.587	1133	25	21	4	1116	1134	7	0.0	1792
612af9e1-90e8-4fec-99a8-a4430aaeded2	NR_178976.1	96.369	1377	30	18	1	1365	1369	1	0.0	2250
612af9e1-90e8-4fec-99a8-a4430aaeded2	NR_156986.1	96.369	1377	30	18	1	1365	1378	10	0.0	2248
612af9e1-90e8-4fec-99a8-a4430aaeded2	NR_113600.1	96.296	1377	31	18	1	1365	1370	2	0.0	2244
612af9e1-90e8-4fec-99a8-a4430aaeded2	NR_156987.1	96.296	1377	31	18	1	1365	1378	10	0.0	2242
612af9e1-90e8-4fec-99a8-a4430aaeded2	NR_199513.1	96.294	1376	33	16	1	1365	1397	29	0.0	2242
9f228ab9-3ce3-4d10-bf6d-c2081cbb8c99	NR_156072.1	91.561	628	32	20	1	615	875	1494	0.0	846
9f228ab9-3ce3-4d10-bf6d-c2081cbb8c99	NR_028665.1	91.401	628	33	20	1	615	870	1489	0.0	841
9f228ab9-3ce3-4d10-bf6d-c2081cbb8c99	NR_179385.1	91.401	628	33	20	1	615	877	1496	0.0	841
9f228ab9-3ce3-4d10-bf6d-c2081cbb8c99	NR_199545.1	91.401	628	33	20	1	615	873	1492	0.0	841
9f228ab9-3ce3-4d10-bf6d-c2081cbb8c99	NR_114172.1	91.228	627	34	20	1	614	853	1471	0.0	833
42b911f2-8f6c-4918-8154-6f410a24189b	NR_113600.1	96.241	1463	32	20	1	1448	1455	1	0.0	2377
42b911f2-8f6c-4918-8154-6f410a24189b	NR_024928.1	96.054	1470	34	21	1	1455	1468	8	0.0	2374
42b911f2-8f6c-4918-8154-6f410a24189b	NR_114225.1	96.172	1463	33	20	1	1448	1455	1	0.0	2372
42b911f2-8f6c-4918-8154-6f410a24189b	NR_024901.1	95.986	1470	35	21	1	1455	1468	8	0.0	2366
42b911f2-8f6c-4918-8154-6f410a24189b	NR_199514.1	95.986	1470	35	21	1	1455	1475	15	0.0	2366
3513f5b9-d128-46e8-a780-2534b987cb6d	NR_169411.1	98.068	207	1	3	1	206	1030	826	1.77e-98	357
3513f5b9-d128-46e8-a780-2534b987cb6d	NR_178340.1	98.068	207	1	3	1	206	678	474	1.77e-98	357
3513f5b9-d128-46e8-a780-2534b987cb6d	NR_179168.1	98.068	207	1	3	1	206	1033	829	1.77e-98	357
3513f5b9-d128-46e8-a780-2534b987cb6d	NR_179327.1	98.068	207	1	3	1	206	983	779	1.77e-98	357
3513f5b9-d128-46e8-a780-2534b987cb6d	NR_179480.1	98.068	207	1	3	1	206	961	757	1.77e-98	357
b5f76f6f-3790-4826-9405-330f6d4cf30d	NR_156986.1	95.785	1115	27	17	13	1116	1108	3	0.0	1781
b5f76f6f-3790-4826-9405-330f6d4cf30d	NR_156987.1	95.695	1115	28	17	13	1116	1108	3	0.0	1775
b5f76f6f-3790-4826-9405-330f6d4cf30d	NR_199514.1	95.695	1115	28	17	13	1116	1120	15	0.0	1775
b5f76f6f-3790-4826-9405-330f6d4cf30d	NR_024901.1	95.605	1115	29	17	13	1116	1113	8	0.0	1770
b5f76f6f-3790-4826-9405-330f6d4cf30d	NR_024928.1	95.605	1115	29	17	13	1116	1113	8	0.0	1770
34cb378f-a8f0-4f44-ae2a-22db39a323f2	NR_117694.1	96.649	1164	19	16	1	1153	316	1470	0.0	1916
34cb378f-a8f0-4f44-ae2a-22db39a323f2	NR_117696.1	96.561	1163	22	14	1	1153	303	1457	0.0	1910
34cb378f-a8f0-4f44-ae2a-22db39a323f2	NR_117692.1	96.475	1163	23	14	1	1153	316	1470	0.0	1905
34cb378f-a8f0-4f44-ae2a-22db39a323f2	NR_117717.1	96.475	1163	22	15	1	1153	337	1490	0.0	1903
34cb378f-a8f0-4f44-ae2a-22db39a323f2	NR_117701.1	96.389	1163	24	14	1	1153	316	1470	0.0	1899
e928370d-dfe9-430e-acc1-6b6e8fa6e799	NR_043314.1	98.919	185	1	1	28	211	1103	1287	5.69e-90	329
e928370d-dfe9-430e-acc1-6b6e8fa6e799	NR_116905.1	98.919	185	1	1	28	211	1106	1290	5.69e-90	329
e928370d-dfe9-430e-acc1-6b6e8fa6e799	NR_114749.1	98.919	185	1	1	28	211	1105	1289	5.69e-90	329
e928370d-dfe9-430e-acc1-6b6e8fa6e799	NR_116899.1	98.919	185	1	1	28	211	1072	1256	5.69e-90	329
e928370d-dfe9-430e-acc1-6b6e8fa6e799	NR_118125.1	98.919	185	1	1	28	211	1092	1276	5.69e-90	329
619528e2-b0b6-4ed6-82b3-d19af83f17ae	NR_024918.1	95.329	471	14	8	10	478	1012	1476	0.0	741
619528e2-b0b6-4ed6-82b3-d19af83f17ae	NR_028986.1	95.329	471	14	8	10	478	999	1463	0.0	741
619528e2-b0b6-4ed6-82b3-d19af83f17ae	NR_043314.1	95.329	471	14	8	10	478	1017	1481	0.0	741
619528e2-b0b6-4ed6-82b3-d19af83f17ae	NR_042199.1	95.329	471	14	8	10	478	999	1463	0.0	741
619528e2-b0b6-4ed6-82b3-d19af83f17ae	NR_114225.1	95.319	470	14	8	10	477	999	1462	0.0	741
c190eb86-c7e5-4711-9df7-b8498b827442	NR_136788.1	90.452	775	48	22	12	768	713	1479	0.0	998
c190eb86-c7e5-4711-9df7-b8498b827442	NR_026230.1	90.168	773	50	22	14	768	693	1457	0.0	989
c190eb86-c7e5-4711-9df7-b8498b827442	NR_113082.1	90.067	745	48	22	14	740	715	1451	0.0	942
c190eb86-c7e5-4711-9df7-b8498b827442	NR_074140.1	85.237	779	81	30	12	768	678	1444	0.0	771
c190eb86-c7e5-4711-9df7-b8498b827442	NR_113125.1	85.237	779	81	30	12	768	708	1474	0.0	771
48d2943b-23b6-45a1-9a0a-ccba3519d428	NR_024924.1	94.073	523	23	8	1	520	1002	485	0.0	787
48d2943b-23b6-45a1-9a0a-ccba3519d428	NR_024951.1	94.073	523	23	8	1	520	1007	490	0.0	787
48d2943b-23b6-45a1-9a0a-ccba3519d428	NR_102854.1	94.073	523	23	8	1	520	1011	494	0.0	787
48d2943b-23b6-45a1-9a0a-ccba3519d428	NR_029042.2	94.073	523	23	8	1	520	1011	494	0.0	787
48d2943b-23b6-45a1-9a0a-ccba3519d428	NR_115336.1	94.073	523	23	8	1	520	997	480	0.0	787
5029a7b7-833f-4d84-8671-28e613891f69	NR_156986.1	93.665	1105	43	24	1	1086	1097	1	0.0	1628
5029a7b7-833f-4d84-8671-28e613891f69	NR_199513.1	93.580	1106	46	22	1	1088	1116	18	0.0	1626
5029a7b7-833f-4d84-8671-28e613891f69	NR_024901.1	93.575	1105	44	24	1	1086	1102	6	0.0	1622
5029a7b7-833f-4d84-8671-28e613891f69	NR_024928.1	93.575	1105	44	24	1	1086	1102	6	0.0	1622
5029a7b7-833f-4d84-8671-28e613891f69	NR_156987.1	93.575	1105	44	24	1	1086	1097	1	0.0	1622
65458c46-5df1-4d19-b561-1a6b37c30f95	NR_024918.1	96.107	488	11	6	1	487	1000	1480	0.0	789
65458c46-5df1-4d19-b561-1a6b37c30f95	NR_028986.1	96.107	488	11	6	1	487	987	1467	0.0	789
65458c46-5df1-4d19-b561-1a6b37c30f95	NR_043314.1	96.107	488	11	6	1	487	1005	1485	0.0	789
65458c46-5df1-4d19-b561-1a6b37c30f95	NR_042147.1	96.107	488	11	6	1	487	987	1467	0.0	789
65458c46-5df1-4d19-b561-1a6b37c30f95	NR_042199.1	96.107	488	11	6	1	487	987	1467	0.0	789
203a93a5-35c4-41c6-acdb-aadd6bc6400b	NR_179325.1	89.091	495	27	22	1	475	969	1456	3.68e-168	590
203a93a5-35c4-41c6-acdb-aadd6bc6400b	NR_044153.1	88.889	495	28	23	1	475	995	1482	1.71e-166	584
203a93a5-35c4-41c6-acdb-aadd6bc6400b	NR_163639.1	88.889	495	28	22	1	475	1010	1497	1.71e-166	584
203a93a5-35c4-41c6-acdb-aadd6bc6400b	NR_115354.1	88.687	495	29	23	1	475	995	1482	2.22e-165	580
203a93a5-35c4-41c6-acdb-aadd6bc6400b	NR_115355.1	88.687	495	29	22	1	475	995	1482	7.97e-165	579
6cc36d3a-dba2-4df1-b0f4-9248bd0e0012	NR_114225.1	93.466	352	13	9	1	347	1443	1097	4.52e-146	516
6cc36d3a-dba2-4df1-b0f4-9248bd0e0012	NR_024918.1	93.466	352	13	9	1	347	1456	1110	1.62e-145	514
6cc36d3a-dba2-4df1-b0f4-9248bd0e0012	NR_025227.1	93.466	352	13	9	1	347	1439	1093	1.62e-145	514
6cc36d3a-dba2-4df1-b0f4-9248bd0e0012	NR_028986.1	93.466	352	13	9	1	347	1443	1097	1.62e-145	514
6cc36d3a-dba2-4df1-b0f4-9248bd0e0012	NR_043314.1	93.466	352	13	9	1	347	1461	1115	1.62e-145	514
8f0eb19c-a3f8-4464-b119-2313d8dfb33f	NR_199545.1	95.188	1434	27	38	1	1409	1450	34	0.0	2228
8f0eb19c-a3f8-4464-b119-2313d8dfb33f	NR_179385.1	95.119	1434	28	38	1	1409	1454	38	0.0	2222
8f0eb19c-a3f8-4464-b119-2313d8dfb33f	NR_028664.1	95.035	1430	29	38	5	1409	1449	37	0.0	2209
8f0eb19c-a3f8-4464-b119-2313d8dfb33f	NR_115240.1	95.035	1430	29	38	5	1409	1426	14	0.0	2209
8f0eb19c-a3f8-4464-b119-2313d8dfb33f	NR_179383.1	95.035	1430	29	38	5	1409	1453	41	0.0	2209
e3aa0ed3-e697-4463-bf15-d44f9dad5026	NR_156986.1	95.742	681	15	13	1	673	675	1	0.0	1085
e3aa0ed3-e697-4463-bf15-d44f9dad5026	NR_024901.1	95.595	681	16	13	1	673	680	6	0.0	1079
e3aa0ed3-e697-4463-bf15-d44f9dad5026	NR_024912.1	95.595	681	16	13	1	673	680	6	0.0	1079
e3aa0ed3-e697-4463-bf15-d44f9dad5026	NR_024928.1	95.595	681	16	13	1	673	680	6	0.0	1079
e3aa0ed3-e697-4463-bf15-d44f9dad5026	NR_156987.1	95.595	681	16	13	1	673	675	1	0.0	1079
d55f3af0-58d8-4b8f-9330-8d92e30395cc	NR_040859.1	92.112	1141	58	23	1	1115	344	1478	0.0	1580
d55f3af0-58d8-4b8f-9330-8d92e30395cc	NR_104278.1	92.112	1141	58	23	1	1115	344	1478	0.0	1580
d55f3af0-58d8-4b8f-9330-8d92e30395cc	NR_104280.1	92.112	1141	58	23	1	1115	344	1478	0.0	1580
d55f3af0-58d8-4b8f-9330-8d92e30395cc	NR_113856.1	92.084	1137	58	23	1	1111	332	1462	0.0	1572
d55f3af0-58d8-4b8f-9330-8d92e30395cc	NR_113855.1	91.996	1137	59	23	1	1111	332	1462	0.0	1568
4d175f0d-bfa0-4b4d-8476-897130a76474	NR_028706.1	82.821	716	79	31	32	714	719	15	2.59e-171	601
4d175f0d-bfa0-4b4d-8476-897130a76474	NR_114481.1	82.821	716	80	32	32	714	707	2	2.59e-171	601
4d175f0d-bfa0-4b4d-8476-897130a76474	NR_164626.1	82.845	717	77	33	32	714	708	4	2.59e-171	601
4d175f0d-bfa0-4b4d-8476-897130a76474	NR_114473.1	82.682	716	80	31	32	714	706	2	3.35e-170	597
4d175f0d-bfa0-4b4d-8476-897130a76474	NR_042939.1	82.706	717	79	32	32	714	718	13	1.21e-169	595
1766aa01-ef5c-43e5-b2d3-f38ffdbd9e21	NR_199513.1	93.717	939	29	24	1	923	1018	94	0.0	1380
1766aa01-ef5c-43e5-b2d3-f38ffdbd9e21	NR_041953.1	93.411	941	32	24	1	925	991	65	0.0	1367
1766aa01-ef5c-43e5-b2d3-f38ffdbd9e21	NR_178447.1	93.497	938	31	24	1	922	925	2	0.0	1367
1766aa01-ef5c-43e5-b2d3-f38ffdbd9e21	NR_181891.1	93.411	941	32	24	1	925	1014	88	0.0	1367
1766aa01-ef5c-43e5-b2d3-f38ffdbd9e21	NR_199518.1	93.418	942	30	26	1	925	935	9	0.0	1367
a0432bc0-a968-4953-90fb-6e1a70792954	NR_044091.1	95.856	555	9	10	1	544	1256	705	0.0	885
a0432bc0-a968-4953-90fb-6e1a70792954	NR_113570.1	95.135	555	12	11	1	544	1348	798	0.0	861
a0432bc0-a968-4953-90fb-6e1a70792954	NR_043332.1	94.775	555	14	11	1	544	1341	791	0.0	854
a0432bc0-a968-4953-90fb-6e1a70792954	NR_117759.1	94.775	555	14	11	1	544	1344	794	0.0	852
a0432bc0-a968-4953-90fb-6e1a70792954	NR_074980.1	94.775	555	14	11	1	544	1368	818	0.0	850
df54c8f2-48a7-4202-ac58-8eabad2e482c	NR_113570.1	97.586	497	5	6	1	493	618	1111	0.0	845
df54c8f2-48a7-4202-ac58-8eabad2e482c	NR_044091.1	97.586	497	5	6	1	493	525	1018	0.0	845
df54c8f2-48a7-4202-ac58-8eabad2e482c	NR_025762.1	97.384	497	6	6	1	493	589	1082	0.0	839
df54c8f2-48a7-4202-ac58-8eabad2e482c	NR_043332.1	97.183	497	7	6	1	493	611	1104	0.0	837
df54c8f2-48a7-4202-ac58-8eabad2e482c	NR_115354.1	97.183	497	7	6	1	493	611	1104	0.0	835
c8be7c0b-ac0b-4013-b59b-0ac55f7dc79a	NR_041799.1	92.547	805	38	20	1	796	655	1446	0.0	1134
c8be7c0b-ac0b-4013-b59b-0ac55f7dc79a	NR_114227.1	92.547	805	38	20	1	796	655	1446	0.0	1134
c8be7c0b-ac0b-4013-b59b-0ac55f7dc79a	NR_114481.1	92.547	805	38	20	1	796	664	1455	0.0	1134
c8be7c0b-ac0b-4013-b59b-0ac55f7dc79a	NR_117823.1	92.547	805	38	20	1	796	627	1418	0.0	1134
c8be7c0b-ac0b-4013-b59b-0ac55f7dc79a	NR_181730.1	92.547	805	38	20	1	796	661	1452	0.0	1134
a9b4cb46-9eee-4377-acc4-fbfd0f553216	NR_113600.1	94.428	1005	27	22	4	996	988	1	0.0	1520
a9b4cb46-9eee-4377-acc4-fbfd0f553216	NR_156986.1	94.433	1006	27	22	4	997	996	8	0.0	1520
a9b4cb46-9eee-4377-acc4-fbfd0f553216	NR_156987.1	94.433	1006	27	22	4	997	996	8	0.0	1520
a9b4cb46-9eee-4377-acc4-fbfd0f553216	NR_178976.1	94.422	1004	27	22	4	995	987	1	0.0	1517
a9b4cb46-9eee-4377-acc4-fbfd0f553216	NR_024901.1	94.334	1006	28	22	4	997	1001	13	0.0	1515
c5543141-b90a-4d27-ab36-191c9465d090	NR_156986.1	95.643	941	25	14	16	945	46	981	0.0	1496
c5543141-b90a-4d27-ab36-191c9465d090	NR_178976.1	95.643	941	25	14	16	945	37	972	0.0	1496
c5543141-b90a-4d27-ab36-191c9465d090	NR_113600.1	95.537	941	26	14	16	945	38	973	0.0	1493
c5543141-b90a-4d27-ab36-191c9465d090	NR_199513.1	96.187	918	25	9	34	945	87	1000	0.0	1493
c5543141-b90a-4d27-ab36-191c9465d090	NR_156987.1	95.537	941	26	14	16	945	46	981	0.0	1491
f5e76ceb-6023-428d-a1fc-487dcaeb7216	NR_024918.1	96.543	405	5	6	1	397	1076	1479	0.0	662
f5e76ceb-6023-428d-a1fc-487dcaeb7216	NR_028986.1	96.543	405	5	6	1	397	1063	1466	0.0	662
f5e76ceb-6023-428d-a1fc-487dcaeb7216	NR_043314.1	96.543	405	5	6	1	397	1081	1484	0.0	662
f5e76ceb-6023-428d-a1fc-487dcaeb7216	NR_042199.1	96.543	405	5	6	1	397	1063	1466	0.0	662
f5e76ceb-6023-428d-a1fc-487dcaeb7216	NR_117821.1	96.543	405	5	6	1	397	1035	1438	0.0	662
ef4e88f4-60c7-488b-8028-d7c00bc4a608	NR_024918.1	96.154	286	6	5	4	286	1198	1481	4.88e-130	462
ef4e88f4-60c7-488b-8028-d7c00bc4a608	NR_028986.1	96.154	286	6	5	4	286	1185	1468	4.88e-130	462
ef4e88f4-60c7-488b-8028-d7c00bc4a608	NR_041799.1	96.154	286	6	5	4	286	1185	1468	4.88e-130	462
ef4e88f4-60c7-488b-8028-d7c00bc4a608	NR_042199.1	96.154	286	6	5	4	286	1185	1468	4.88e-130	462
ef4e88f4-60c7-488b-8028-d7c00bc4a608	NR_042541.1	96.154	286	6	5	4	286	1185	1468	4.88e-130	462
a8ebfa34-feb0-432d-8c38-baecf83c85a2	NR_040859.1	95.122	246	5	6	1	243	239	480	1.20e-105	381
a8ebfa34-feb0-432d-8c38-baecf83c85a2	NR_024901.1	95.122	246	5	6	1	243	240	481	1.20e-105	381
a8ebfa34-feb0-432d-8c38-baecf83c85a2	NR_024912.1	95.122	246	5	6	1	243	240	481	1.20e-105	381
a8ebfa34-feb0-432d-8c38-baecf83c85a2	NR_024928.1	95.122	246	5	6	1	243	240	481	1.20e-105	381
a8ebfa34-feb0-432d-8c38-baecf83c85a2	NR_025228.1	95.122	246	5	6	1	243	223	464	1.20e-105	381
82957d76-2ec2-4b99-8c45-7d48d51b42d8	NR_044741.1	95.302	149	4	3	1	148	1309	1455	1.97e-61	233
82957d76-2ec2-4b99-8c45-7d48d51b42d8	NR_024897.1	94.631	149	5	3	1	148	1344	1490	9.18e-60	228
82957d76-2ec2-4b99-8c45-7d48d51b42d8	NR_116168.1	94.631	149	5	3	1	148	1345	1491	9.18e-60	228
82957d76-2ec2-4b99-8c45-7d48d51b42d8	NR_181418.1	94.631	149	5	3	1	148	1344	1490	9.18e-60	228
82957d76-2ec2-4b99-8c45-7d48d51b42d8	NR_042932.1	95.745	141	3	3	1	140	1325	1463	1.19e-58	224
aabfd0df-7c97-447d-801f-ca9403e5e4e2	NR_024901.1	93.805	226	6	7	4	224	229	7	3.09e-91	333
aabfd0df-7c97-447d-801f-ca9403e5e4e2	NR_024912.1	93.805	226	6	7	4	224	229	7	3.09e-91	333
aabfd0df-7c97-447d-801f-ca9403e5e4e2	NR_024928.1	93.805	226	6	7	4	224	229	7	3.09e-91	333
aabfd0df-7c97-447d-801f-ca9403e5e4e2	NR_025586.1	93.805	226	6	7	4	224	224	2	3.09e-91	333
aabfd0df-7c97-447d-801f-ca9403e5e4e2	NR_025587.1	93.805	226	6	7	4	224	224	2	3.09e-91	333
566983a9-2069-4cc7-8843-304d449df80e	NR_037101.1	95.973	149	4	1	5	151	1327	1475	1.25e-63	241
566983a9-2069-4cc7-8843-304d449df80e	NR_040821.1	95.973	149	4	1	5	151	1327	1475	1.25e-63	241
566983a9-2069-4cc7-8843-304d449df80e	NR_025148.1	95.973	149	4	1	5	151	1347	1495	1.25e-63	241
566983a9-2069-4cc7-8843-304d449df80e	NR_028664.1	95.973	149	4	1	5	151	1348	1496	1.25e-63	241
566983a9-2069-4cc7-8843-304d449df80e	NR_028666.1	95.973	149	4	1	5	151	1351	1499	1.25e-63	241
c95f475d-1354-4e43-8182-c4cd99ae3e7e	NR_043314.1	96.416	279	4	4	1	273	1203	1481	7.76e-128	455
c95f475d-1354-4e43-8182-c4cd99ae3e7e	NR_114749.1	96.416	279	4	4	1	273	1205	1483	7.76e-128	455
c95f475d-1354-4e43-8182-c4cd99ae3e7e	NR_116899.1	96.416	279	4	4	1	273	1172	1450	7.76e-128	455
c95f475d-1354-4e43-8182-c4cd99ae3e7e	NR_178854.1	96.416	279	4	4	1	273	1184	1462	7.76e-128	455
c95f475d-1354-4e43-8182-c4cd99ae3e7e	NR_179889.1	96.416	279	4	4	1	273	1212	1490	7.76e-128	455
a413dfa2-f47a-42a7-be6b-8086b3517fc8	NR_164626.1	93.082	159	7	4	6	162	158	2	2.84e-60	230
a413dfa2-f47a-42a7-be6b-8086b3517fc8	NR_024901.1	93.038	158	7	4	6	161	161	6	1.02e-59	228
a413dfa2-f47a-42a7-be6b-8086b3517fc8	NR_024912.1	93.038	158	7	4	6	161	161	6	1.02e-59	228
a413dfa2-f47a-42a7-be6b-8086b3517fc8	NR_024928.1	93.038	158	7	4	6	161	161	6	1.02e-59	228
a413dfa2-f47a-42a7-be6b-8086b3517fc8	NR_025586.1	93.038	158	7	4	6	161	156	1	1.02e-59	228
104fe613-811f-48f5-8b9b-f196c7f664fe	NR_025892.1	92.920	113	6	2	1	113	677	787	2.10e-40	163
104fe613-811f-48f5-8b9b-f196c7f664fe	NR_025894.1	92.920	113	6	2	1	113	678	788	2.10e-40	163
104fe613-811f-48f5-8b9b-f196c7f664fe	NR_121687.1	92.920	113	6	2	1	113	672	782	2.10e-40	163
104fe613-811f-48f5-8b9b-f196c7f664fe	NR_122055.2	92.920	113	6	2	1	113	677	787	2.10e-40	163
104fe613-811f-48f5-8b9b-f196c7f664fe	NR_121735.2	92.920	113	6	2	1	113	678	788	2.10e-40	163
990303fc-c1ed-4bab-8ab6-8999518eef68	NR_164626.1	98.653	297	2	2	1	296	296	1	6.32e-149	525
990303fc-c1ed-4bab-8ab6-8999518eef68	NR_024912.1	98.644	295	2	2	1	294	299	6	8.18e-148	521
990303fc-c1ed-4bab-8ab6-8999518eef68	NR_028706.1	98.644	295	2	2	1	294	307	14	8.18e-148	521
990303fc-c1ed-4bab-8ab6-8999518eef68	NR_037092.1	98.644	295	2	2	1	294	304	11	8.18e-148	521
990303fc-c1ed-4bab-8ab6-8999518eef68	NR_042939.1	98.644	295	2	2	1	294	305	12	8.18e-148	521
e79782c4-7e10-4b5d-b7c6-793ddf7abb2c	NR_036860.1	97.037	135	3	1	1	134	1357	1491	2.98e-59	226
e79782c4-7e10-4b5d-b7c6-793ddf7abb2c	NR_025946.1	96.350	137	2	3	1	134	1375	1511	3.86e-58	222
e79782c4-7e10-4b5d-b7c6-793ddf7abb2c	NR_040926.1	96.350	137	2	3	1	134	1345	1481	3.86e-58	222
e79782c4-7e10-4b5d-b7c6-793ddf7abb2c	NR_108864.1	96.350	137	2	3	1	134	1368	1504	3.86e-58	222
e79782c4-7e10-4b5d-b7c6-793ddf7abb2c	NR_024842.1	96.296	135	4	1	1	134	1360	1494	1.39e-57	220
1abb6335-ec6c-4f41-8834-7a005d0f865a	NR_179385.1	93.491	169	7	4	1	167	182	16	8.23e-66	248
1abb6335-ec6c-4f41-8834-7a005d0f865a	NR_199545.1	93.491	169	7	4	1	167	178	12	8.23e-66	248
1abb6335-ec6c-4f41-8834-7a005d0f865a	NR_165741.1	92.899	169	8	4	1	167	167	1	3.83e-64	243
1abb6335-ec6c-4f41-8834-7a005d0f865a	NR_042771.1	93.827	162	7	3	8	167	172	12	1.38e-63	241
1abb6335-ec6c-4f41-8834-7a005d0f865a	NR_024841.1	93.333	165	6	5	7	167	169	6	4.95e-63	239
3d64d3b3-8a61-4b2a-a198-3174e14d5ffa	NR_125570.1	97.419	155	1	2	3	156	1243	1395	1.01e-69	261
3d64d3b3-8a61-4b2a-a198-3174e14d5ffa	NR_125571.1	96.104	154	4	1	3	156	1285	1436	2.18e-66	250
3d64d3b3-8a61-4b2a-a198-3174e14d5ffa	NR_028827.1	92.357	157	5	3	3	154	1302	1456	2.21e-56	217
3d64d3b3-8a61-4b2a-a198-3174e14d5ffa	NR_042008.1	90.683	161	8	3	3	158	1312	1470	1.33e-53	207
3d64d3b3-8a61-4b2a-a198-3174e14d5ffa	NR_074809.1	90.683	161	8	3	3	158	1322	1480	1.33e-53	207
c418fbf4-75cf-4256-89c7-68641cca746d	NR_024912.1	91.912	272	14	7	2	269	273	6	2.22e-103	374
c418fbf4-75cf-4256-89c7-68641cca746d	NR_025174.1	91.912	272	14	7	2	269	268	1	2.22e-103	374
c418fbf4-75cf-4256-89c7-68641cca746d	NR_028706.1	91.912	272	14	7	2	269	281	14	2.22e-103	374
c418fbf4-75cf-4256-89c7-68641cca746d	NR_037092.1	91.912	272	14	7	2	269	278	11	2.22e-103	374
c418fbf4-75cf-4256-89c7-68641cca746d	NR_042939.1	91.912	272	14	7	2	269	279	12	2.22e-103	374
74b5c57a-7f7a-4a5b-aec6-4ff608f2112d	NR_164626.1	99.138	116	0	1	1	115	117	2	9.00e-54	207
74b5c57a-7f7a-4a5b-aec6-4ff608f2112d	NR_181570.1	99.138	116	0	1	1	115	134	19	9.00e-54	207
74b5c57a-7f7a-4a5b-aec6-4ff608f2112d	NR_024901.1	99.130	115	0	1	1	114	120	6	3.24e-53	206
74b5c57a-7f7a-4a5b-aec6-4ff608f2112d	NR_024911.1	99.130	115	0	1	1	114	120	6	3.24e-53	206
74b5c57a-7f7a-4a5b-aec6-4ff608f2112d	NR_024912.1	99.130	115	0	1	1	114	120	6	3.24e-53	206
eb88aa68-d66b-42c7-b214-c57d1d74ae98	NR_025036.1	98.485	132	0	2	1	131	1363	1493	6.30e-61	231
eb88aa68-d66b-42c7-b214-c57d1d74ae98	NR_044912.1	98.485	132	0	2	1	131	1299	1429	6.30e-61	231
eb88aa68-d66b-42c7-b214-c57d1d74ae98	NR_134817.1	98.485	132	0	2	1	131	1357	1487	6.30e-61	231
eb88aa68-d66b-42c7-b214-c57d1d74ae98	NR_179540.1	98.485	132	0	2	1	131	1362	1492	6.30e-61	231
eb88aa68-d66b-42c7-b214-c57d1d74ae98	NR_024842.1	97.727	132	1	2	1	131	1359	1489	2.93e-59	226
d0262153-abde-4a30-9ffe-0cbdf3304f08	NR_074568.1	92.377	223	14	3	3	224	1258	1478	1.11e-85	315
d0262153-abde-4a30-9ffe-0cbdf3304f08	NR_025361.1	92.694	219	12	4	7	224	1258	1473	3.98e-85	313
d0262153-abde-4a30-9ffe-0cbdf3304f08	NR_042334.1	92.727	220	11	5	7	224	1258	1474	3.98e-85	313
d0262153-abde-4a30-9ffe-0cbdf3304f08	NR_044895.1	92.694	219	13	3	7	224	1246	1462	3.98e-85	313
d0262153-abde-4a30-9ffe-0cbdf3304f08	NR_074518.1	92.694	219	13	3	7	224	1257	1473	3.98e-85	313
cf66a041-1880-4fc0-a25c-3f0151a37b51	NR_181354.1	92.884	267	13	5	1	264	1382	1119	3.58e-106	383
cf66a041-1880-4fc0-a25c-3f0151a37b51	NR_041799.1	92.565	269	12	6	1	264	1359	1094	4.64e-105	379
cf66a041-1880-4fc0-a25c-3f0151a37b51	NR_043314.1	92.565	269	12	6	1	264	1377	1112	4.64e-105	379
cf66a041-1880-4fc0-a25c-3f0151a37b51	NR_041953.1	92.565	269	12	6	1	264	1359	1094	4.64e-105	379
cf66a041-1880-4fc0-a25c-3f0151a37b51	NR_042541.1	92.565	269	12	6	1	264	1359	1094	4.64e-105	379
4cd55b8b-d697-4172-b90b-36349dc99e21	NR_041722.2	96.970	165	2	3	3	165	1346	1509	1.36e-73	274
4cd55b8b-d697-4172-b90b-36349dc99e21	NR_028665.1	96.970	165	2	3	3	165	1326	1489	1.36e-73	274
4cd55b8b-d697-4172-b90b-36349dc99e21	NR_028736.1	96.970	165	2	3	3	165	1335	1498	1.36e-73	274
4cd55b8b-d697-4172-b90b-36349dc99e21	NR_041721.1	96.970	165	2	3	3	165	1334	1497	1.36e-73	274
4cd55b8b-d697-4172-b90b-36349dc99e21	NR_112704.1	96.970	165	2	3	3	165	1230	1393	1.36e-73	274
492c5a74-2c99-4092-98de-6040619c4969	NR_026532.1	91.336	277	21	3	1	276	92	366	6.24e-104	375
492c5a74-2c99-4092-98de-6040619c4969	NR_024909.1	91.336	277	21	3	1	276	103	377	6.24e-104	375
492c5a74-2c99-4092-98de-6040619c4969	NR_024912.1	91.336	277	21	3	1	276	103	377	6.24e-104	375
492c5a74-2c99-4092-98de-6040619c4969	NR_025102.1	91.336	277	21	3	1	276	82	356	6.24e-104	375
492c5a74-2c99-4092-98de-6040619c4969	NR_025164.1	91.336	277	21	3	1	276	90	364	6.24e-104	375
c16a2520-8f4c-41a7-b88e-c8bf8a2894bd	NR_042776.1	97.260	219	6	0	12	230	238	20	6.73e-103	372
c16a2520-8f4c-41a7-b88e-c8bf8a2894bd	NR_042778.1	97.260	219	6	0	12	230	238	20	6.73e-103	372
c16a2520-8f4c-41a7-b88e-c8bf8a2894bd	NR_118998.1	96.347	219	8	0	12	230	233	15	4.05e-100	363
c16a2520-8f4c-41a7-b88e-c8bf8a2894bd	NR_042777.1	96.347	219	8	0	12	230	238	20	1.46e-99	361
c16a2520-8f4c-41a7-b88e-c8bf8a2894bd	NR_197695.1	94.977	219	11	0	12	230	237	19	1.47e-94	344
1f31faef-cf14-475d-9e6b-a7b0484b50f6	NR_041722.2	96.970	99	2	1	1	98	1415	1513	4.44e-41	165
1f31faef-cf14-475d-9e6b-a7b0484b50f6	NR_028665.1	96.970	99	2	1	1	98	1395	1493	4.44e-41	165
1f31faef-cf14-475d-9e6b-a7b0484b50f6	NR_028736.1	96.970	99	2	1	1	98	1404	1502	4.44e-41	165
1f31faef-cf14-475d-9e6b-a7b0484b50f6	NR_041721.1	96.970	99	2	1	1	98	1403	1501	4.44e-41	165
1f31faef-cf14-475d-9e6b-a7b0484b50f6	NR_112704.1	96.970	99	2	1	1	98	1299	1397	4.44e-41	165
ce1defa3-939f-4e58-bb0a-2d28db489b4a	NR_024912.1	98.513	269	2	2	12	280	284	18	2.29e-133	473
ce1defa3-939f-4e58-bb0a-2d28db489b4a	NR_025164.1	98.513	269	2	2	12	280	271	5	2.29e-133	473
ce1defa3-939f-4e58-bb0a-2d28db489b4a	NR_028706.1	98.513	269	2	2	12	280	292	26	2.29e-133	473
ce1defa3-939f-4e58-bb0a-2d28db489b4a	NR_037092.1	98.513	269	2	2	12	280	289	23	2.29e-133	473
ce1defa3-939f-4e58-bb0a-2d28db489b4a	NR_042147.1	98.513	269	2	2	12	280	271	5	2.29e-133	473
87b056c0-8559-47e9-9e54-afb4ec97e366	NR_041880.1	100.000	44	0	0	1	44	1160	1203	1.64e-16	82.4
87b056c0-8559-47e9-9e54-afb4ec97e366	NR_025762.1	100.000	44	0	0	1	44	1182	1225	1.64e-16	82.4
87b056c0-8559-47e9-9e54-afb4ec97e366	NR_043332.1	100.000	44	0	0	1	44	1204	1247	1.64e-16	82.4
87b056c0-8559-47e9-9e54-afb4ec97e366	NR_074980.1	100.000	44	0	0	1	44	1231	1274	1.64e-16	82.4
87b056c0-8559-47e9-9e54-afb4ec97e366	NR_113031.1	100.000	44	0	0	1	44	1231	1274	1.64e-16	82.4
3d458365-7fe7-418c-8525-feff05310105	NR_041880.1	90.943	265	14	9	1	255	549	813	1.29e-95	348
3d458365-7fe7-418c-8525-feff05310105	NR_025762.1	90.943	265	14	9	1	255	571	835	1.29e-95	348
3d458365-7fe7-418c-8525-feff05310105	NR_041879.1	90.943	265	14	9	1	255	550	814	1.29e-95	348
3d458365-7fe7-418c-8525-feff05310105	NR_043332.1	90.943	265	14	9	1	255	593	857	1.29e-95	348
3d458365-7fe7-418c-8525-feff05310105	NR_074980.1	90.943	265	14	9	1	255	620	884	1.29e-95	348
3c796fe0-61b3-4af3-8dbd-4512eb5d3a94	NR_037092.1	96.447	197	5	2	1	196	472	667	1.58e-88	324
3c796fe0-61b3-4af3-8dbd-4512eb5d3a94	NR_024918.1	95.522	201	3	3	1	196	468	667	2.64e-86	316
3c796fe0-61b3-4af3-8dbd-4512eb5d3a94	NR_024951.1	95.522	201	3	3	1	196	471	670	2.64e-86	316
3c796fe0-61b3-4af3-8dbd-4512eb5d3a94	NR_037135.1	95.522	201	3	3	1	196	435	634	2.64e-86	316
3c796fe0-61b3-4af3-8dbd-4512eb5d3a94	NR_041953.1	95.522	201	3	3	1	196	455	654	2.64e-86	316
6fcfc123-50f2-4ba2-a867-0e4bffd72ddf	NR_115737.1	90.086	232	16	6	1	228	1248	1476	1.49e-79	294
6fcfc123-50f2-4ba2-a867-0e4bffd72ddf	NR_024842.1	90.000	230	17	5	1	227	1260	1486	5.37e-79	292
6fcfc123-50f2-4ba2-a867-0e4bffd72ddf	NR_028664.1	90.043	231	16	6	1	227	1266	1493	5.37e-79	292
6fcfc123-50f2-4ba2-a867-0e4bffd72ddf	NR_028666.1	90.043	231	16	6	1	227	1269	1496	5.37e-79	292
6fcfc123-50f2-4ba2-a867-0e4bffd72ddf	NR_028833.1	90.043	231	16	6	1	227	1272	1499	5.37e-79	292
f707c1a0-46f0-445e-afb6-085971683bba	NR_025863.1	99.200	125	1	0	1	125	136	12	2.75e-59	226
f707c1a0-46f0-445e-afb6-085971683bba	NR_074997.2	91.870	123	7	3	2	124	139	20	4.70e-42	169
f707c1a0-46f0-445e-afb6-085971683bba	NR_133769.1	91.870	123	7	3	2	124	132	13	4.70e-42	169
f707c1a0-46f0-445e-afb6-085971683bba	NR_025862.1	90.400	125	7	5	1	125	131	12	7.86e-40	161
f707c1a0-46f0-445e-afb6-085971683bba	NR_074957.1	90.244	123	9	3	2	124	135	16	1.02e-38	158
5bf49fed-37cc-4819-ae51-7b4fc71f9388	NR_114479.1	93.701	127	4	3	1	123	1352	1478	1.28e-47	187
5bf49fed-37cc-4819-ae51-7b4fc71f9388	NR_044406.1	93.701	127	3	4	2	123	1359	1485	4.62e-47	185
5bf49fed-37cc-4819-ae51-7b4fc71f9388	NR_040859.1	92.969	128	4	4	1	123	1348	1475	5.98e-46	182
5bf49fed-37cc-4819-ae51-7b4fc71f9388	NR_028806.1	92.969	128	4	4	1	123	1355	1482	5.98e-46	182
5bf49fed-37cc-4819-ae51-7b4fc71f9388	NR_040992.1	92.969	128	4	4	1	123	1356	1483	5.98e-46	182
625c2562-d8b7-49ec-80c1-6524a7ee18b6	NR_114550.1	98.824	170	1	1	3	171	1316	1485	6.44e-82	302
625c2562-d8b7-49ec-80c1-6524a7ee18b6	NR_044741.1	98.256	172	2	1	1	171	1281	1452	2.32e-81	300
625c2562-d8b7-49ec-80c1-6524a7ee18b6	NR_036870.1	97.674	172	3	1	1	171	1294	1465	1.08e-79	294
625c2562-d8b7-49ec-80c1-6524a7ee18b6	NR_024897.1	97.674	172	3	1	1	171	1316	1487	1.08e-79	294
625c2562-d8b7-49ec-80c1-6524a7ee18b6	NR_116168.1	97.674	172	3	1	1	171	1317	1488	1.08e-79	294
dfd677e2-f92c-42ab-9d66-08b0467c616c	NR_114040.1	96.356	247	5	4	1	246	1460	1217	2.55e-112	403
dfd677e2-f92c-42ab-9d66-08b0467c616c	NR_025902.1	95.951	247	7	3	1	246	1438	1194	1.18e-110	398
dfd677e2-f92c-42ab-9d66-08b0467c616c	NR_040933.1	95.951	247	7	3	1	246	1482	1238	1.18e-110	398
dfd677e2-f92c-42ab-9d66-08b0467c616c	NR_104830.1	95.951	247	6	4	1	246	1474	1231	1.18e-110	398
dfd677e2-f92c-42ab-9d66-08b0467c616c	NR_117717.1	95.951	247	7	3	1	246	1480	1236	1.18e-110	398
f19e08b6-95ce-4691-b515-95a54933d37f	NR_043314.1	89.062	192	11	8	2	185	1392	1203	3.31e-60	230
f19e08b6-95ce-4691-b515-95a54933d37f	NR_114225.1	89.062	192	11	8	2	185	1374	1185	3.31e-60	230
f19e08b6-95ce-4691-b515-95a54933d37f	NR_116905.1	89.062	192	11	8	2	185	1395	1206	3.31e-60	230
f19e08b6-95ce-4691-b515-95a54933d37f	NR_114749.1	89.062	192	11	8	2	185	1394	1205	3.31e-60	230
f19e08b6-95ce-4691-b515-95a54933d37f	NR_116899.1	89.062	192	11	8	2	185	1361	1172	3.31e-60	230
1c6d0f20-59a8-4093-b65b-9c6e2e043331	NR_036998.1	97.818	275	3	3	1	273	1189	1462	7.74e-133	472
1c6d0f20-59a8-4093-b65b-9c6e2e043331	NR_043314.1	97.818	275	3	3	1	273	1208	1481	7.74e-133	472
1c6d0f20-59a8-4093-b65b-9c6e2e043331	NR_114793.1	97.818	275	3	3	1	273	1082	1355	7.74e-133	472
1c6d0f20-59a8-4093-b65b-9c6e2e043331	NR_114749.1	97.818	275	3	3	1	273	1210	1483	7.74e-133	472
1c6d0f20-59a8-4093-b65b-9c6e2e043331	NR_116899.1	97.818	275	3	3	1	273	1177	1450	7.74e-133	472
057eabfc-c7ca-41cb-ac35-0af8d8c83568	NR_164626.1	98.519	135	2	0	1	135	135	1	3.83e-63	239
057eabfc-c7ca-41cb-ac35-0af8d8c83568	NR_024901.1	98.496	133	2	0	1	133	138	6	4.96e-62	235
057eabfc-c7ca-41cb-ac35-0af8d8c83568	NR_024911.1	98.496	133	2	0	1	133	138	6	4.96e-62	235
057eabfc-c7ca-41cb-ac35-0af8d8c83568	NR_024912.1	98.496	133	2	0	1	133	138	6	4.96e-62	235
057eabfc-c7ca-41cb-ac35-0af8d8c83568	NR_024928.1	98.496	133	2	0	1	133	138	6	4.96e-62	235
0d35e88e-c5cd-4ca6-9fad-b33d8f6b245d	NR_170438.1	93.249	237	7	6	4	233	249	15	1.90e-93	340
0d35e88e-c5cd-4ca6-9fad-b33d8f6b245d	NR_024912.1	93.860	228	7	4	4	226	253	28	2.46e-92	337
0d35e88e-c5cd-4ca6-9fad-b33d8f6b245d	NR_025102.1	93.860	228	7	4	4	226	232	7	2.46e-92	337
0d35e88e-c5cd-4ca6-9fad-b33d8f6b245d	NR_025164.1	93.860	228	7	4	4	226	240	15	2.46e-92	337
0d35e88e-c5cd-4ca6-9fad-b33d8f6b245d	NR_025586.1	93.860	228	7	4	4	226	248	23	2.46e-92	337
8145e97c-0e4b-46ea-9241-8dfba999d419	NR_164626.1	94.853	136	2	5	1	132	136	2	1.05e-53	207
8145e97c-0e4b-46ea-9241-8dfba999d419	NR_024901.1	94.815	135	2	5	1	131	139	6	3.79e-53	206
8145e97c-0e4b-46ea-9241-8dfba999d419	NR_024909.1	94.815	135	2	5	1	131	139	6	3.79e-53	206
8145e97c-0e4b-46ea-9241-8dfba999d419	NR_024911.1	94.815	135	2	5	1	131	139	6	3.79e-53	206
8145e97c-0e4b-46ea-9241-8dfba999d419	NR_024912.1	94.815	135	2	5	1	131	139	6	3.79e-53	206
78ae8ae1-f4f4-44e1-ab54-42d06b93be27	NR_036936.1	99.225	129	1	0	12	140	1325	1197	1.89e-61	233
78ae8ae1-f4f4-44e1-ab54-42d06b93be27	NR_025453.1	99.225	129	1	0	12	140	1325	1197	1.89e-61	233
78ae8ae1-f4f4-44e1-ab54-42d06b93be27	NR_028666.1	99.225	129	1	0	12	140	1349	1221	1.89e-61	233
78ae8ae1-f4f4-44e1-ab54-42d06b93be27	NR_028833.1	99.225	129	1	0	12	140	1352	1224	1.89e-61	233
78ae8ae1-f4f4-44e1-ab54-42d06b93be27	NR_029052.1	99.225	129	1	0	12	140	1313	1185	1.89e-61	233
b7382896-5e05-4ea0-a62f-81eeb0391238	NR_043314.1	92.697	534	24	13	1	525	894	1421	0.0	756
b7382896-5e05-4ea0-a62f-81eeb0391238	NR_116905.1	92.697	534	24	13	1	525	897	1424	0.0	756
b7382896-5e05-4ea0-a62f-81eeb0391238	NR_116899.1	92.697	534	24	13	1	525	863	1390	0.0	756
b7382896-5e05-4ea0-a62f-81eeb0391238	NR_118125.1	92.697	534	24	13	1	525	883	1410	0.0	756
b7382896-5e05-4ea0-a62f-81eeb0391238	NR_149822.1	92.697	534	24	13	1	525	859	1386	0.0	756
702d00f1-b272-48b1-adcd-d25cdd81557f	NR_156986.1	91.808	769	32	28	8	758	858	103	0.0	1042
702d00f1-b272-48b1-adcd-d25cdd81557f	NR_178976.1	91.808	769	32	28	8	758	849	94	0.0	1042
702d00f1-b272-48b1-adcd-d25cdd81557f	NR_199513.1	91.797	768	34	26	8	758	877	122	0.0	1042
702d00f1-b272-48b1-adcd-d25cdd81557f	NR_113600.1	91.678	769	33	28	8	758	850	95	0.0	1038
702d00f1-b272-48b1-adcd-d25cdd81557f	NR_156987.1	91.678	769	33	28	8	758	858	103	0.0	1037
e99566a1-3695-441d-8494-153c832ccf8e	NR_117694.1	95.358	517	12	10	1	510	513	2	0.0	811
e99566a1-3695-441d-8494-153c832ccf8e	NR_025892.1	93.617	517	21	10	1	510	539	28	0.0	776
e99566a1-3695-441d-8494-153c832ccf8e	NR_121687.1	93.424	517	22	11	1	510	533	22	0.0	756
e99566a1-3695-441d-8494-153c832ccf8e	NR_117717.1	92.857	518	23	12	1	510	534	23	0.0	739
e99566a1-3695-441d-8494-153c832ccf8e	NR_121688.1	92.857	518	23	12	1	510	533	22	0.0	739
42f9313a-e642-45d9-afd9-0d05258b32af	NR_117694.1	96.268	911	19	11	1	905	902	1	0.0	1480
42f9313a-e642-45d9-afd9-0d05258b32af	NR_025892.1	94.766	917	34	11	1	912	927	20	0.0	1435
42f9313a-e642-45d9-afd9-0d05258b32af	NR_121687.1	95.103	919	28	13	1	912	922	14	0.0	1432
42f9313a-e642-45d9-afd9-0d05258b32af	NR_117692.1	94.414	913	32	14	1	905	902	1	0.0	1386
42f9313a-e642-45d9-afd9-0d05258b32af	NR_026079.2	93.791	918	42	11	1	912	929	21	0.0	1365
cf75377c-1338-4ff9-b147-ed3cef378ad7	NR_156986.1	90.274	730	27	36	11	713	714	2	0.0	915
cf75377c-1338-4ff9-b147-ed3cef378ad7	NR_178976.1	90.656	717	25	34	11	700	705	4	0.0	915
cf75377c-1338-4ff9-b147-ed3cef378ad7	NR_199514.1	90.274	730	27	37	11	713	726	14	0.0	915
cf75377c-1338-4ff9-b147-ed3cef378ad7	NR_113600.1	90.516	717	26	34	11	700	706	5	0.0	911
cf75377c-1338-4ff9-b147-ed3cef378ad7	NR_024901.1	90.137	730	28	36	11	713	719	7	0.0	909
276cb218-e2f3-4ec5-8771-a8a370475181	NR_178447.1	94.548	807	24	15	1	800	439	1232	0.0	1229
276cb218-e2f3-4ec5-8771-a8a370475181	NR_180743.1	94.548	807	24	15	1	800	506	1299	0.0	1229
276cb218-e2f3-4ec5-8771-a8a370475181	NR_041953.1	94.424	807	25	15	1	800	505	1298	0.0	1223
276cb218-e2f3-4ec5-8771-a8a370475181	NR_116899.1	94.424	807	25	15	1	800	492	1285	0.0	1223
276cb218-e2f3-4ec5-8771-a8a370475181	NR_117826.1	94.424	807	25	15	1	800	477	1270	0.0	1223
4909370b-0eff-4bba-afe7-a83cdae2dbf1	NR_178482.1	96.888	996	22	9	1	990	463	1455	0.0	1659
4909370b-0eff-4bba-afe7-a83cdae2dbf1	NR_114749.1	96.794	998	23	9	1	992	493	1487	0.0	1657
4909370b-0eff-4bba-afe7-a83cdae2dbf1	NR_116899.1	96.794	998	23	9	1	992	460	1454	0.0	1657
4909370b-0eff-4bba-afe7-a83cdae2dbf1	NR_179889.1	96.794	998	23	9	1	992	500	1494	0.0	1657
4909370b-0eff-4bba-afe7-a83cdae2dbf1	NR_199515.1	96.794	998	23	9	1	992	502	1496	0.0	1657
c2f951ff-ff85-4000-8523-23eaa77d4f89	NR_181891.1	86.416	1038	87	45	1	1007	1032	18	0.0	1086
c2f951ff-ff85-4000-8523-23eaa77d4f89	NR_199513.1	90.247	851	48	30	1	831	1036	201	0.0	1079
c2f951ff-ff85-4000-8523-23eaa77d4f89	NR_041953.1	86.337	1032	87	45	1	1001	1009	1	0.0	1075
c2f951ff-ff85-4000-8523-23eaa77d4f89	NR_179889.1	86.127	1038	90	45	1	1007	1036	22	0.0	1070
c2f951ff-ff85-4000-8523-23eaa77d4f89	NR_181014.1	86.240	1032	88	45	1	1001	1009	1	0.0	1070
a7fc163a-6ccd-47d4-a520-f2b6d0cedbfe	NR_117694.1	93.384	393	13	7	1	388	602	218	3.85e-162	569
a7fc163a-6ccd-47d4-a520-f2b6d0cedbfe	NR_121687.1	92.875	393	15	7	1	388	622	238	8.34e-159	558
a7fc163a-6ccd-47d4-a520-f2b6d0cedbfe	NR_025902.1	92.621	393	16	7	1	388	580	196	3.88e-157	553
a7fc163a-6ccd-47d4-a520-f2b6d0cedbfe	NR_117692.1	92.621	393	16	7	1	388	602	218	3.88e-157	553
a7fc163a-6ccd-47d4-a520-f2b6d0cedbfe	NR_041988.1	92.366	393	17	7	1	388	560	176	1.81e-155	547
8109f3da-894f-4fb9-bc5e-e957eb2e3f04	NR_043314.1	93.900	459	20	6	2	454	1030	1486	0.0	686
8109f3da-894f-4fb9-bc5e-e957eb2e3f04	NR_114749.1	93.900	459	20	6	2	454	1032	1488	0.0	686
8109f3da-894f-4fb9-bc5e-e957eb2e3f04	NR_116899.1	93.900	459	20	6	2	454	999	1455	0.0	686
8109f3da-894f-4fb9-bc5e-e957eb2e3f04	NR_178854.1	93.900	459	20	6	2	454	1011	1467	0.0	686
8109f3da-894f-4fb9-bc5e-e957eb2e3f04	NR_179889.1	93.900	459	20	6	2	454	1039	1495	0.0	686
680cf49b-0241-4c14-ada3-6192f6df93e7	NR_043314.1	93.421	228	10	4	1	224	1400	1174	3.07e-91	333
680cf49b-0241-4c14-ada3-6192f6df93e7	NR_114225.1	93.421	228	10	4	1	224	1382	1156	3.07e-91	333
680cf49b-0241-4c14-ada3-6192f6df93e7	NR_116905.1	93.421	228	10	4	1	224	1403	1177	3.07e-91	333
680cf49b-0241-4c14-ada3-6192f6df93e7	NR_114749.1	93.421	228	10	4	1	224	1402	1176	3.07e-91	333
680cf49b-0241-4c14-ada3-6192f6df93e7	NR_116899.1	93.421	228	10	4	1	224	1369	1143	3.07e-91	333
9472d86f-1c8e-43de-bc6f-ec9a1057c0ba	NR_074980.1	92.581	984	36	24	19	988	552	1512	0.0	1378
9472d86f-1c8e-43de-bc6f-ec9a1057c0ba	NR_113031.1	92.581	984	36	24	19	988	552	1512	0.0	1378
9472d86f-1c8e-43de-bc6f-ec9a1057c0ba	NR_113570.1	92.487	985	36	25	19	988	532	1493	0.0	1375
9472d86f-1c8e-43de-bc6f-ec9a1057c0ba	NR_043332.1	92.378	984	38	24	19	988	525	1485	0.0	1373
9472d86f-1c8e-43de-bc6f-ec9a1057c0ba	NR_115354.1	92.073	984	41	24	19	988	525	1485	0.0	1354
22494d1a-7257-4696-95c1-28dc64222a4c	NR_028664.1	91.436	397	18	11	7	396	1017	1404	2.36e-150	531
22494d1a-7257-4696-95c1-28dc64222a4c	NR_028665.1	91.436	397	18	11	7	396	1011	1398	2.36e-150	531
22494d1a-7257-4696-95c1-28dc64222a4c	NR_042927.1	91.436	397	18	11	7	396	996	1383	2.36e-150	531
22494d1a-7257-4696-95c1-28dc64222a4c	NR_114172.1	91.436	397	18	11	7	396	994	1381	2.36e-150	531
22494d1a-7257-4696-95c1-28dc64222a4c	NR_114413.1	91.436	397	18	11	7	396	1019	1406	2.36e-150	531
2eac70d7-fddf-4380-9df4-427dabc6a944	NR_043314.1	96.552	377	3	8	5	373	1460	1086	4.73e-176	616
2eac70d7-fddf-4380-9df4-427dabc6a944	NR_114749.1	96.552	377	3	8	5	373	1462	1088	4.73e-176	616
2eac70d7-fddf-4380-9df4-427dabc6a944	NR_116899.1	96.552	377	3	8	5	373	1429	1055	4.73e-176	616
2eac70d7-fddf-4380-9df4-427dabc6a944	NR_178854.1	96.552	377	3	8	5	373	1441	1067	4.73e-176	616
2eac70d7-fddf-4380-9df4-427dabc6a944	NR_179889.1	96.552	377	3	8	5	373	1469	1095	4.73e-176	616
94f1b106-2a9d-4a15-8841-0dc69d6eee39	NR_043314.1	89.402	368	22	12	8	363	1119	1481	1.78e-125	448
94f1b106-2a9d-4a15-8841-0dc69d6eee39	NR_114749.1	89.402	368	22	12	8	363	1121	1483	1.78e-125	448
94f1b106-2a9d-4a15-8841-0dc69d6eee39	NR_116899.1	89.402	368	22	12	8	363	1088	1450	1.78e-125	448
94f1b106-2a9d-4a15-8841-0dc69d6eee39	NR_178854.1	89.402	368	22	12	8	363	1100	1462	1.78e-125	448
94f1b106-2a9d-4a15-8841-0dc69d6eee39	NR_179889.1	89.402	368	22	12	8	363	1128	1490	1.78e-125	448
63b2f85e-5712-4083-bcba-b6e4dda0004a	NR_116168.1	94.498	1036	26	22	1	1014	465	1491	0.0	1568
63b2f85e-5712-4083-bcba-b6e4dda0004a	NR_118762.1	93.561	1025	36	22	1	1004	468	1483	0.0	1519
63b2f85e-5712-4083-bcba-b6e4dda0004a	NR_042878.1	94.822	927	20	20	1	907	444	1362	0.0	1423
63b2f85e-5712-4083-bcba-b6e4dda0004a	NR_025423.1	91.942	1030	50	27	1	1007	449	1468	0.0	1411
63b2f85e-5712-4083-bcba-b6e4dda0004a	NR_024897.1	91.562	1031	56	25	6	1014	469	1490	0.0	1393
f4a3a3d4-12e1-4889-a25f-07aaa3b6c450	NR_199513.1	94.253	1392	38	28	1	1367	116	1490	0.0	2089
f4a3a3d4-12e1-4889-a25f-07aaa3b6c450	NR_113600.1	94.181	1392	37	30	1	1366	89	1462	0.0	2084
f4a3a3d4-12e1-4889-a25f-07aaa3b6c450	NR_024928.1	94.113	1393	38	30	1	1367	102	1476	0.0	2080
f4a3a3d4-12e1-4889-a25f-07aaa3b6c450	NR_041953.1	94.109	1392	40	28	1	1367	89	1463	0.0	2078
f4a3a3d4-12e1-4889-a25f-07aaa3b6c450	NR_024901.1	94.042	1393	39	30	1	1367	102	1476	0.0	2073
95fc06f6-54f9-4be8-a884-fc1dbc3500d7	NR_025902.1	90.741	270	12	10	11	277	1189	1448	1.37e-95	348
95fc06f6-54f9-4be8-a884-fc1dbc3500d7	NR_040933.1	90.741	270	12	10	11	277	1233	1492	1.37e-95	348
95fc06f6-54f9-4be8-a884-fc1dbc3500d7	NR_117717.1	90.741	270	12	10	11	277	1231	1490	1.37e-95	348
95fc06f6-54f9-4be8-a884-fc1dbc3500d7	NR_121688.1	90.741	270	12	10	11	277	1231	1490	1.37e-95	348
95fc06f6-54f9-4be8-a884-fc1dbc3500d7	NR_117692.1	90.741	270	12	10	11	277	1211	1470	1.37e-95	348
eec7398e-ed54-44ab-a05a-7ce3393acd28	NR_043589.1	93.920	1283	44	29	4	1264	195	1465	0.0	1908
eec7398e-ed54-44ab-a05a-7ce3393acd28	NR_042847.1	93.178	1290	54	28	4	1271	170	1447	0.0	1864
eec7398e-ed54-44ab-a05a-7ce3393acd28	NR_180817.1	92.940	1289	59	27	4	1271	192	1469	0.0	1847
eec7398e-ed54-44ab-a05a-7ce3393acd28	NR_118652.1	92.812	1280	58	29	4	1262	196	1462	0.0	1834
eec7398e-ed54-44ab-a05a-7ce3393acd28	NR_117641.1	92.492	1252	60	28	4	1233	197	1436	0.0	1760
294e2818-0c9b-4e42-af0e-d13350a848c3	NR_156986.1	97.173	672	9	9	1	664	670	1	0.0	1127
294e2818-0c9b-4e42-af0e-d13350a848c3	NR_199513.1	97.024	672	12	8	1	665	689	19	0.0	1123
294e2818-0c9b-4e42-af0e-d13350a848c3	NR_024901.1	97.024	672	10	9	1	664	675	6	0.0	1122
294e2818-0c9b-4e42-af0e-d13350a848c3	NR_024912.1	97.024	672	10	9	1	664	675	6	0.0	1122
294e2818-0c9b-4e42-af0e-d13350a848c3	NR_024928.1	97.024	672	10	9	1	664	675	6	0.0	1122
f6658d6b-a4de-4d48-a85c-9bfb1d102f3a	NR_044777.1	95.984	772	15	14	1	761	1351	585	0.0	1240
f6658d6b-a4de-4d48-a85c-9bfb1d102f3a	NR_119228.1	95.725	772	17	14	1	761	1336	570	0.0	1229
f6658d6b-a4de-4d48-a85c-9bfb1d102f3a	NR_026094.1	94.301	772	28	14	1	761	1373	607	0.0	1168
f6658d6b-a4de-4d48-a85c-9bfb1d102f3a	NR_113368.1	94.301	772	28	14	1	761	1373	607	0.0	1168
f6658d6b-a4de-4d48-a85c-9bfb1d102f3a	NR_043768.1	89.453	768	60	19	1	754	1356	596	0.0	950
e39d38e5-8352-4c3b-a500-ba673332810b	NR_025453.1	94.208	259	10	5	1	257	1221	1476	2.11e-108	390
e39d38e5-8352-4c3b-a500-ba673332810b	NR_028666.1	94.208	259	9	5	1	257	1245	1499	2.11e-108	390
e39d38e5-8352-4c3b-a500-ba673332810b	NR_028833.1	94.208	259	9	5	1	257	1248	1502	2.11e-108	390
e39d38e5-8352-4c3b-a500-ba673332810b	NR_029052.1	94.208	259	9	5	1	257	1209	1463	2.11e-108	390
e39d38e5-8352-4c3b-a500-ba673332810b	NR_036918.1	94.208	259	9	5	1	257	1238	1492	2.11e-108	390
9057994f-1137-43de-88f1-c4683d8170c0	NR_024912.1	96.886	546	13	4	1	542	551	6	0.0	911
9057994f-1137-43de-88f1-c4683d8170c0	NR_156986.1	96.886	546	13	4	1	542	546	1	0.0	911
9057994f-1137-43de-88f1-c4683d8170c0	NR_037092.1	96.881	545	14	3	1	542	555	11	0.0	909
9057994f-1137-43de-88f1-c4683d8170c0	NR_024901.1	96.703	546	14	4	1	542	551	6	0.0	905
9057994f-1137-43de-88f1-c4683d8170c0	NR_024928.1	96.703	546	14	4	1	542	551	6	0.0	905
91a801a8-ae13-4481-a6b0-bf63e41c263e	NR_024902.1	95.270	592	15	11	9	595	1203	620	0.0	926
91a801a8-ae13-4481-a6b0-bf63e41c263e	NR_024918.1	95.270	592	15	11	9	595	1201	618	0.0	926
91a801a8-ae13-4481-a6b0-bf63e41c263e	NR_024951.1	95.270	592	15	11	9	595	1204	621	0.0	926
91a801a8-ae13-4481-a6b0-bf63e41c263e	NR_025227.1	95.270	592	15	11	9	595	1184	601	0.0	926
91a801a8-ae13-4481-a6b0-bf63e41c263e	NR_025550.1	95.270	592	15	11	9	595	1190	607	0.0	926
0586d219-d672-4ff6-96c7-5c7fa874c929	NR_041989.1	95.947	913	20	11	5	910	1353	451	0.0	1465
0586d219-d672-4ff6-96c7-5c7fa874c929	NR_117694.1	95.838	913	21	11	5	910	1395	493	0.0	1459
0586d219-d672-4ff6-96c7-5c7fa874c929	NR_121687.1	95.619	913	23	11	5	910	1415	513	0.0	1448
0586d219-d672-4ff6-96c7-5c7fa874c929	NR_028900.1	95.290	913	26	11	5	910	1353	451	0.0	1432
0586d219-d672-4ff6-96c7-5c7fa874c929	NR_041988.1	95.181	913	27	11	5	910	1353	451	0.0	1426
802f7da0-2d1d-422e-9121-593f760cc559	NR_041953.1	92.906	1015	37	23	7	1005	1354	359	0.0	1443
802f7da0-2d1d-422e-9121-593f760cc559	NR_179889.1	92.906	1015	37	23	7	1005	1381	386	0.0	1443
802f7da0-2d1d-422e-9121-593f760cc559	NR_042541.1	92.808	1015	38	23	7	1005	1354	359	0.0	1437
802f7da0-2d1d-422e-9121-593f760cc559	NR_178447.1	92.808	1015	38	23	7	1005	1288	293	0.0	1437
802f7da0-2d1d-422e-9121-593f760cc559	NR_178854.1	92.808	1015	37	24	7	1005	1353	359	0.0	1437
80a4e9b7-28a4-4765-b9a6-04812ae6bb37	NR_074980.1	96.947	393	8	4	1	392	402	13	0.0	656
80a4e9b7-28a4-4765-b9a6-04812ae6bb37	NR_113031.1	96.947	393	8	4	1	392	402	13	0.0	656
80a4e9b7-28a4-4765-b9a6-04812ae6bb37	NR_163639.1	96.701	394	7	6	1	393	392	4	0.0	651
80a4e9b7-28a4-4765-b9a6-04812ae6bb37	NR_119168.1	97.632	380	6	3	1	379	380	3	0.0	649
80a4e9b7-28a4-4765-b9a6-04812ae6bb37	NR_119169.1	97.368	380	7	3	1	379	380	3	0.0	645
dbb4af5a-2392-42b8-b86b-9635eb480506	NR_026419.1	93.737	990	27	27	1	976	519	1487	0.0	1452
dbb4af5a-2392-42b8-b86b-9635eb480506	NR_025904.1	92.929	990	34	28	1	976	530	1497	0.0	1408
dbb4af5a-2392-42b8-b86b-9635eb480506	NR_025903.1	92.929	990	34	28	1	976	531	1498	0.0	1408
dbb4af5a-2392-42b8-b86b-9635eb480506	NR_133752.1	93.396	954	32	25	1	940	456	1392	0.0	1384
dbb4af5a-2392-42b8-b86b-9635eb480506	NR_133753.1	93.396	954	32	25	1	940	485	1421	0.0	1384
46339023-467e-4616-8fdb-b9e5c39d027a	NR_044091.1	91.692	662	23	26	3	646	697	1344	0.0	889
46339023-467e-4616-8fdb-b9e5c39d027a	NR_028839.1	89.528	678	39	26	3	662	746	1409	0.0	830
46339023-467e-4616-8fdb-b9e5c39d027a	NR_042940.1	90.287	628	28	27	3	612	695	1307	0.0	791
46339023-467e-4616-8fdb-b9e5c39d027a	NR_199909.1	85.655	718	67	28	3	699	806	1508	0.0	723
46339023-467e-4616-8fdb-b9e5c39d027a	NR_199911.1	85.655	718	67	28	3	699	846	1548	0.0	723
17608d4f-78b0-41ff-be2c-4193fbdf3c20	NR_115241.1	86.915	833	64	38	15	810	825	1	0.0	893
17608d4f-78b0-41ff-be2c-4193fbdf3c20	NR_024842.1	86.564	841	68	38	15	818	840	8	0.0	889
17608d4f-78b0-41ff-be2c-4193fbdf3c20	NR_115735.1	86.999	823	63	37	15	801	816	2	0.0	887
17608d4f-78b0-41ff-be2c-4193fbdf3c20	NR_178515.1	86.331	834	67	40	15	810	825	1	0.0	865
17608d4f-78b0-41ff-be2c-4193fbdf3c20	NR_117425.1	85.629	835	75	37	15	812	828	2	0.0	835
d29734e4-f832-4732-8f53-b5a8e890f687	NR_121753.2	96.008	501	11	9	1	496	979	1475	0.0	808
d29734e4-f832-4732-8f53-b5a8e890f687	NR_104898.1	95.808	501	12	9	1	496	952	1448	0.0	802
d29734e4-f832-4732-8f53-b5a8e890f687	NR_117209.1	94.937	474	14	10	24	491	971	1440	0.0	734
d29734e4-f832-4732-8f53-b5a8e890f687	NR_179644.1	93.426	502	20	12	2	496	977	1472	0.0	732
d29734e4-f832-4732-8f53-b5a8e890f687	NR_180795.1	93.426	502	20	12	2	496	980	1475	0.0	732
ee5b8b9f-6648-4808-b03c-9de8ca5ed977	NR_043314.1	96.114	386	9	5	1	382	1098	1481	8.06e-179	625
ee5b8b9f-6648-4808-b03c-9de8ca5ed977	NR_114749.1	96.114	386	9	5	1	382	1100	1483	8.06e-179	625
ee5b8b9f-6648-4808-b03c-9de8ca5ed977	NR_116899.1	96.114	386	9	5	1	382	1067	1450	8.06e-179	625
ee5b8b9f-6648-4808-b03c-9de8ca5ed977	NR_178854.1	96.114	386	9	5	1	382	1079	1462	8.06e-179	625
ee5b8b9f-6648-4808-b03c-9de8ca5ed977	NR_179889.1	96.114	386	9	5	1	382	1107	1490	8.06e-179	625
9596d762-b57a-4d11-8adc-d2516dc11b09	NR_113570.1	92.603	703	31	16	1	694	798	1488	0.0	990
9596d762-b57a-4d11-8adc-d2516dc11b09	NR_043332.1	92.450	702	33	15	1	694	791	1480	0.0	989
9596d762-b57a-4d11-8adc-d2516dc11b09	NR_074980.1	92.450	702	33	15	1	694	818	1507	0.0	985
9596d762-b57a-4d11-8adc-d2516dc11b09	NR_113031.1	92.450	702	33	15	1	694	818	1507	0.0	985
9596d762-b57a-4d11-8adc-d2516dc11b09	NR_115355.1	92.165	702	35	15	1	694	791	1480	0.0	974
0fdc9571-5bb2-409e-bd3d-798b43c3f4b8	NR_125571.1	94.048	168	8	2	1	166	168	1	1.53e-68	257
0fdc9571-5bb2-409e-bd3d-798b43c3f4b8	NR_029097.1	95.139	144	7	0	1	144	144	1	1.20e-59	228
0fdc9571-5bb2-409e-bd3d-798b43c3f4b8	NR_125570.1	96.032	126	5	0	1	126	126	1	5.61e-53	206
0fdc9571-5bb2-409e-bd3d-798b43c3f4b8	NR_156907.1	85.326	184	19	7	9	186	193	12	2.63e-46	183
0fdc9571-5bb2-409e-bd3d-798b43c3f4b8	NR_028726.1	83.957	187	22	6	6	186	196	12	5.69e-43	172
e6a8ed17-10d1-4b38-afe9-46a6a9fd9a58	NR_024912.1	94.655	580	16	11	4	571	584	8	0.0	885
e6a8ed17-10d1-4b38-afe9-46a6a9fd9a58	NR_037092.1	94.646	579	17	10	4	571	588	13	0.0	885
e6a8ed17-10d1-4b38-afe9-46a6a9fd9a58	NR_156986.1	94.655	580	16	11	4	571	579	3	0.0	885
e6a8ed17-10d1-4b38-afe9-46a6a9fd9a58	NR_199513.1	94.511	583	17	11	4	574	598	19	0.0	885
e6a8ed17-10d1-4b38-afe9-46a6a9fd9a58	NR_024901.1	94.483	580	17	11	4	571	584	8	0.0	880
c8c3a306-feaf-4cee-b504-365419a374dc	NR_117694.1	94.895	333	10	7	1	329	429	758	1.54e-145	514
c8c3a306-feaf-4cee-b504-365419a374dc	NR_121687.1	94.294	333	12	7	1	329	449	778	3.34e-142	503
c8c3a306-feaf-4cee-b504-365419a374dc	NR_025892.1	93.093	333	15	8	1	329	455	783	7.24e-139	492
c8c3a306-feaf-4cee-b504-365419a374dc	NR_041988.1	93.393	333	15	7	1	329	387	716	3.37e-137	486
c8c3a306-feaf-4cee-b504-365419a374dc	NR_041989.1	94.888	313	9	7	21	329	407	716	4.36e-136	483
013a1337-d1a5-4ae0-8d27-10689af73e8b	NR_024912.1	92.654	422	11	13	1	413	420	10	3.18e-168	590
013a1337-d1a5-4ae0-8d27-10689af73e8b	NR_025174.1	92.654	422	11	13	1	413	415	5	3.18e-168	590
013a1337-d1a5-4ae0-8d27-10689af73e8b	NR_028706.1	92.654	422	11	13	1	413	428	18	3.18e-168	590
013a1337-d1a5-4ae0-8d27-10689af73e8b	NR_042939.1	92.654	422	11	13	1	413	426	16	3.18e-168	590
013a1337-d1a5-4ae0-8d27-10689af73e8b	NR_114473.1	92.654	422	11	13	1	413	415	5	3.18e-168	590
38f9a782-dc77-4bb5-a422-e21789c6c410	NR_116168.1	93.789	805	29	16	1	792	694	1490	0.0	1190
38f9a782-dc77-4bb5-a422-e21789c6c410	NR_118762.1	92.956	795	36	16	1	783	697	1483	0.0	1157
38f9a782-dc77-4bb5-a422-e21789c6c410	NR_025423.1	91.500	800	45	18	1	786	678	1468	0.0	1079
38f9a782-dc77-4bb5-a422-e21789c6c410	NR_024897.1	90.954	807	48	20	1	792	693	1489	0.0	1062
38f9a782-dc77-4bb5-a422-e21789c6c410	NR_181418.1	90.853	809	45	22	1	792	693	1489	0.0	1057
afdec691-8fe9-499f-9d29-d6ce669db3c0	NR_043314.1	94.947	376	9	8	7	375	1109	1481	1.74e-165	580
afdec691-8fe9-499f-9d29-d6ce669db3c0	NR_114749.1	94.947	376	9	8	7	375	1111	1483	1.74e-165	580
afdec691-8fe9-499f-9d29-d6ce669db3c0	NR_116899.1	94.947	376	9	8	7	375	1078	1450	1.74e-165	580
afdec691-8fe9-499f-9d29-d6ce669db3c0	NR_178854.1	94.947	376	9	8	7	375	1090	1462	1.74e-165	580
afdec691-8fe9-499f-9d29-d6ce669db3c0	NR_179889.1	94.947	376	9	8	7	375	1118	1490	1.74e-165	580
ae735cba-4bad-4cad-b788-d589b9c1b337	NR_043314.1	96.748	369	5	5	1	363	1115	1482	8.21e-174	608
ae735cba-4bad-4cad-b788-d589b9c1b337	NR_114749.1	96.748	369	5	5	1	363	1117	1484	8.21e-174	608
ae735cba-4bad-4cad-b788-d589b9c1b337	NR_116899.1	96.748	369	5	5	1	363	1084	1451	8.21e-174	608
ae735cba-4bad-4cad-b788-d589b9c1b337	NR_178854.1	96.748	369	5	5	1	363	1096	1463	8.21e-174	608
ae735cba-4bad-4cad-b788-d589b9c1b337	NR_179889.1	96.748	369	5	5	1	363	1124	1491	8.21e-174	608
fa86b16a-e862-4453-abc6-2671c822b5a4	NR_180743.1	95.598	886	24	11	1	877	1401	522	0.0	1406
fa86b16a-e862-4453-abc6-2671c822b5a4	NR_181354.1	95.588	884	24	12	1	877	1423	548	0.0	1402
fa86b16a-e862-4453-abc6-2671c822b5a4	NR_029050.1	95.490	887	23	13	1	877	1368	489	0.0	1400
fa86b16a-e862-4453-abc6-2671c822b5a4	NR_041953.1	95.485	886	25	11	1	877	1400	521	0.0	1400
fa86b16a-e862-4453-abc6-2671c822b5a4	NR_116899.1	95.485	886	25	11	1	877	1387	508	0.0	1400
f3ab040d-9026-4846-a0fb-5eb1c93c24be	NR_156072.1	98.006	351	6	1	1	351	1148	1497	7.36e-174	608
f3ab040d-9026-4846-a0fb-5eb1c93c24be	NR_158064.1	97.727	352	6	2	1	351	1150	1500	9.52e-173	604
f3ab040d-9026-4846-a0fb-5eb1c93c24be	NR_028665.1	97.721	351	7	1	1	351	1143	1492	3.42e-172	603
f3ab040d-9026-4846-a0fb-5eb1c93c24be	NR_104972.1	97.721	351	7	1	1	351	1128	1477	3.42e-172	603
f3ab040d-9026-4846-a0fb-5eb1c93c24be	NR_179385.1	97.721	351	7	1	1	351	1150	1499	3.42e-172	603
d99df12d-4aef-4194-98fd-ee9bcf0f78c0	NR_156986.1	93.267	1010	29	36	1	983	999	2	0.0	1452
d99df12d-4aef-4194-98fd-ee9bcf0f78c0	NR_156987.1	93.168	1010	30	36	1	983	999	2	0.0	1447
d99df12d-4aef-4194-98fd-ee9bcf0f78c0	NR_199513.1	93.162	1009	32	34	1	983	1018	21	0.0	1447
d99df12d-4aef-4194-98fd-ee9bcf0f78c0	NR_199514.1	93.168	1010	30	36	1	983	1011	14	0.0	1447
d99df12d-4aef-4194-98fd-ee9bcf0f78c0	NR_024901.1	93.069	1010	31	36	1	983	1004	7	0.0	1441
ee175699-a7ab-4341-82a4-4d8c4db056a9	NR_024901.1	93.396	106	4	3	10	114	149	46	1.16e-37	154
ee175699-a7ab-4341-82a4-4d8c4db056a9	NR_024912.1	93.396	106	4	3	10	114	149	46	1.16e-37	154
ee175699-a7ab-4341-82a4-4d8c4db056a9	NR_024928.1	93.396	106	4	3	10	114	149	46	1.16e-37	154
ee175699-a7ab-4341-82a4-4d8c4db056a9	NR_025102.1	93.396	106	4	3	10	114	128	25	1.16e-37	154
ee175699-a7ab-4341-82a4-4d8c4db056a9	NR_025103.1	93.396	106	4	3	10	114	128	25	1.16e-37	154
