566b0f80-12a8-4b51-b38d-9a294abbe623	NR_024901.1	98.000	750	11	4	12	758	754	6	0.0	1299
566b0f80-12a8-4b51-b38d-9a294abbe623	NR_024928.1	98.000	750	11	4	12	758	754	6	0.0	1299
566b0f80-12a8-4b51-b38d-9a294abbe623	NR_156986.1	98.000	750	11	4	12	758	749	1	0.0	1299
566b0f80-12a8-4b51-b38d-9a294abbe623	NR_199513.1	97.867	750	14	2	12	759	768	19	0.0	1295
566b0f80-12a8-4b51-b38d-9a294abbe623	NR_156987.1	97.867	750	12	4	12	758	749	1	0.0	1293
cebbd451-9eb9-4405-9ea9-1095881473c4	NR_179337.1	93.370	1448	46	37	1	1409	1445	9	0.0	2097
cebbd451-9eb9-4405-9ea9-1095881473c4	NR_028986.1	93.232	1448	48	37	1	1409	1441	5	0.0	2085
cebbd451-9eb9-4405-9ea9-1095881473c4	NR_028987.1	93.163	1448	49	37	1	1409	1441	5	0.0	2080
cebbd451-9eb9-4405-9ea9-1095881473c4	NR_025164.1	93.025	1448	51	37	1	1409	1441	5	0.0	2069
cebbd451-9eb9-4405-9ea9-1095881473c4	NR_042199.1	93.025	1448	51	37	1	1409	1441	5	0.0	2069
afc70a01-7d59-4015-b559-80d7e236a06b	NR_179652.1	92.723	426	15	11	1	415	1469	1049	1.55e-171	601
afc70a01-7d59-4015-b559-80d7e236a06b	NR_025437.1	91.784	426	19	11	1	415	1434	1014	7.28e-165	579
afc70a01-7d59-4015-b559-80d7e236a06b	NR_104716.1	91.569	427	19	12	1	415	1446	1025	3.39e-163	573
afc70a01-7d59-4015-b559-80d7e236a06b	NR_181160.1	91.549	426	19	13	1	415	1451	1032	1.22e-162	571
afc70a01-7d59-4015-b559-80d7e236a06b	NR_179378.1	91.355	428	20	13	1	415	1469	1046	4.38e-162	569
ddd6f58d-7c67-410b-acfa-070210c8a9a7	NR_024912.1	94.423	520	14	14	2	511	518	4	0.0	785
ddd6f58d-7c67-410b-acfa-070210c8a9a7	NR_037092.1	94.412	519	15	13	2	511	522	9	0.0	785
ddd6f58d-7c67-410b-acfa-070210c8a9a7	NR_156986.1	94.402	518	14	14	2	509	513	1	0.0	782
ddd6f58d-7c67-410b-acfa-070210c8a9a7	NR_024901.1	94.231	520	15	14	2	511	518	4	0.0	780
ddd6f58d-7c67-410b-acfa-070210c8a9a7	NR_024928.1	94.231	520	15	14	2	511	518	4	0.0	780
5309edf6-fbca-4278-ad36-ebbf113607ac	NR_044153.1	92.802	389	13	12	1	376	68	454	1.35e-156	551
5309edf6-fbca-4278-ad36-ebbf113607ac	NR_179325.1	92.821	390	12	13	1	376	41	428	1.35e-156	551
5309edf6-fbca-4278-ad36-ebbf113607ac	NR_041879.1	92.802	389	13	12	1	376	25	411	4.87e-156	549
5309edf6-fbca-4278-ad36-ebbf113607ac	NR_043332.1	92.765	387	13	12	1	374	68	452	6.30e-155	545
5309edf6-fbca-4278-ad36-ebbf113607ac	NR_074980.1	92.765	387	13	12	1	374	95	479	6.30e-155	545
42e1976e-0d6b-430e-a3fd-eefc8a22bf56	NR_043314.1	99.074	324	2	1	1	323	1158	1481	1.49e-165	580
42e1976e-0d6b-430e-a3fd-eefc8a22bf56	NR_114749.1	99.074	324	2	1	1	323	1160	1483	1.49e-165	580
42e1976e-0d6b-430e-a3fd-eefc8a22bf56	NR_116899.1	99.074	324	2	1	1	323	1127	1450	1.49e-165	580
42e1976e-0d6b-430e-a3fd-eefc8a22bf56	NR_178854.1	99.074	324	2	1	1	323	1139	1462	1.49e-165	580
42e1976e-0d6b-430e-a3fd-eefc8a22bf56	NR_179889.1	99.074	324	2	1	1	323	1167	1490	1.49e-165	580
84d43174-2933-4bc2-a4bc-de90a41d5fb8	NR_026419.1	92.647	680	17	22	1	655	1349	678	0.0	948
84d43174-2933-4bc2-a4bc-de90a41d5fb8	NR_133752.1	92.070	681	19	23	1	655	1286	615	0.0	926
84d43174-2933-4bc2-a4bc-de90a41d5fb8	NR_133753.1	92.070	681	19	23	1	655	1315	644	0.0	926
84d43174-2933-4bc2-a4bc-de90a41d5fb8	NR_025904.1	92.070	681	19	22	1	655	1360	689	0.0	926
84d43174-2933-4bc2-a4bc-de90a41d5fb8	NR_025903.1	92.070	681	19	23	1	655	1361	690	0.0	926
76d679d5-8794-4939-81c4-7865d2ffc3bb	NR_118155.1	93.817	372	7	12	9	368	681	1048	6.14e-155	545
76d679d5-8794-4939-81c4-7865d2ffc3bb	NR_169411.1	93.548	372	8	12	9	368	678	1045	2.86e-153	540
76d679d5-8794-4939-81c4-7865d2ffc3bb	NR_178340.1	93.548	372	8	12	9	368	326	693	2.86e-153	540
76d679d5-8794-4939-81c4-7865d2ffc3bb	NR_179168.1	93.548	372	8	12	9	368	681	1048	2.86e-153	540
76d679d5-8794-4939-81c4-7865d2ffc3bb	NR_179327.1	93.548	372	8	12	9	368	631	998	2.86e-153	540
9f5ef1bd-a8e5-42a4-8759-e62026250626	NR_043314.1	95.070	284	11	3	1	283	1204	1485	1.73e-124	444
9f5ef1bd-a8e5-42a4-8759-e62026250626	NR_114749.1	95.070	284	11	3	1	283	1206	1487	1.73e-124	444
9f5ef1bd-a8e5-42a4-8759-e62026250626	NR_116899.1	95.070	284	11	3	1	283	1173	1454	1.73e-124	444
9f5ef1bd-a8e5-42a4-8759-e62026250626	NR_178854.1	95.070	284	11	3	1	283	1185	1466	1.73e-124	444
9f5ef1bd-a8e5-42a4-8759-e62026250626	NR_179889.1	95.070	284	11	3	1	283	1213	1494	1.73e-124	444
57007f76-15ef-46ce-8d04-a630636697ec	NR_179889.1	96.850	1270	24	14	1	1261	228	1490	0.0	2109
57007f76-15ef-46ce-8d04-a630636697ec	NR_181891.1	96.850	1270	24	14	1	1261	224	1486	0.0	2109
57007f76-15ef-46ce-8d04-a630636697ec	NR_041953.1	96.772	1270	25	13	1	1261	201	1463	0.0	2104
57007f76-15ef-46ce-8d04-a630636697ec	NR_042541.1	96.772	1270	25	13	1	1261	201	1463	0.0	2104
57007f76-15ef-46ce-8d04-a630636697ec	NR_199513.1	96.772	1270	25	13	1	1261	228	1490	0.0	2104
3cd55416-4da3-41ee-a3fd-f767f3a19c52	NR_156986.1	96.442	1096	16	17	9	1087	1098	9	0.0	1786
3cd55416-4da3-41ee-a3fd-f767f3a19c52	NR_178976.1	96.438	1095	16	17	9	1086	1089	1	0.0	1784
3cd55416-4da3-41ee-a3fd-f767f3a19c52	NR_113600.1	96.350	1096	17	17	9	1087	1090	1	0.0	1783
3cd55416-4da3-41ee-a3fd-f767f3a19c52	NR_156987.1	96.350	1096	17	17	9	1087	1098	9	0.0	1781
3cd55416-4da3-41ee-a3fd-f767f3a19c52	NR_199514.1	96.350	1096	17	17	9	1087	1110	21	0.0	1781
4f9ca0a8-334c-4fd8-b81c-2358e56495b8	NR_024842.1	97.801	955	11	7	19	964	539	1492	0.0	1640
4f9ca0a8-334c-4fd8-b81c-2358e56495b8	NR_115735.1	97.897	951	10	7	19	960	515	1464	0.0	1637
4f9ca0a8-334c-4fd8-b81c-2358e56495b8	NR_165737.1	97.996	948	10	6	19	957	524	1471	0.0	1637
4f9ca0a8-334c-4fd8-b81c-2358e56495b8	NR_036936.1	97.785	948	12	6	19	957	524	1471	0.0	1626
4f9ca0a8-334c-4fd8-b81c-2358e56495b8	NR_109720.1	97.979	940	10	6	19	949	518	1457	0.0	1622
b4746178-096b-4ba0-a897-b945d9f41f0b	NR_024918.1	96.685	724	11	10	1	715	762	1481	0.0	1192
b4746178-096b-4ba0-a897-b945d9f41f0b	NR_041799.1	96.685	724	11	10	1	715	749	1468	0.0	1192
b4746178-096b-4ba0-a897-b945d9f41f0b	NR_042147.1	96.685	724	11	10	1	715	749	1468	0.0	1192
b4746178-096b-4ba0-a897-b945d9f41f0b	NR_116899.1	96.685	724	11	10	1	715	736	1455	0.0	1192
b4746178-096b-4ba0-a897-b945d9f41f0b	NR_117823.1	96.685	724	11	10	1	715	721	1440	0.0	1192
d8319fe8-85d9-4685-b1b3-273ec163830f	NR_118155.1	91.131	451	22	14	1	438	1141	696	7.23e-170	595
d8319fe8-85d9-4685-b1b3-273ec163830f	NR_169411.1	91.131	451	22	14	1	438	1138	693	7.23e-170	595
d8319fe8-85d9-4685-b1b3-273ec163830f	NR_179168.1	91.131	451	22	14	1	438	1141	696	7.23e-170	595
d8319fe8-85d9-4685-b1b3-273ec163830f	NR_180737.1	91.131	451	22	14	1	438	1119	674	7.23e-170	595
d8319fe8-85d9-4685-b1b3-273ec163830f	NR_181265.1	91.131	451	22	14	1	438	1145	700	7.23e-170	595
1ae22661-f7cd-4139-ac78-b21b81804f29	NR_044873.1	97.692	780	13	5	1	779	777	2	0.0	1336
1ae22661-f7cd-4139-ac78-b21b81804f29	NR_074568.1	95.641	780	28	6	1	779	787	13	0.0	1247
1ae22661-f7cd-4139-ac78-b21b81804f29	NR_044712.2	95.256	780	31	6	1	779	796	22	0.0	1236
1ae22661-f7cd-4139-ac78-b21b81804f29	NR_179993.1	94.501	782	36	7	1	780	788	12	0.0	1199
1ae22661-f7cd-4139-ac78-b21b81804f29	NR_109752.1	94.494	781	36	7	1	779	798	23	0.0	1197
94ef5248-da4d-4749-8c2f-39002d4449b2	NR_109720.1	96.366	688	17	8	3	685	810	126	0.0	1125
94ef5248-da4d-4749-8c2f-39002d4449b2	NR_199544.1	96.496	685	16	8	6	685	789	108	0.0	1125
94ef5248-da4d-4749-8c2f-39002d4449b2	NR_199545.1	96.496	685	16	8	6	685	831	150	0.0	1125
94ef5248-da4d-4749-8c2f-39002d4449b2	NR_028664.1	96.350	685	17	8	6	685	834	153	0.0	1120
94ef5248-da4d-4749-8c2f-39002d4449b2	NR_115240.1	96.350	685	17	8	6	685	811	130	0.0	1120
cd457beb-9017-413b-a88c-72afa028d914	NR_156986.1	97.077	992	13	11	4	986	985	1	0.0	1657
cd457beb-9017-413b-a88c-72afa028d914	NR_156987.1	96.976	992	14	11	4	986	985	1	0.0	1652
cd457beb-9017-413b-a88c-72afa028d914	NR_199514.1	96.976	992	14	11	4	986	997	13	0.0	1652
cd457beb-9017-413b-a88c-72afa028d914	NR_199513.1	96.787	996	18	9	1	988	1007	18	0.0	1650
cd457beb-9017-413b-a88c-72afa028d914	NR_024901.1	96.875	992	15	11	4	986	990	6	0.0	1646
a38970b6-69d0-4ad3-b1bb-4010cb2a1ae0	NR_199513.1	96.763	1205	21	12	12	1204	1217	19	0.0	1993
a38970b6-69d0-4ad3-b1bb-4010cb2a1ae0	NR_156986.1	96.763	1205	19	15	12	1203	1198	1	0.0	1991
a38970b6-69d0-4ad3-b1bb-4010cb2a1ae0	NR_024928.1	96.680	1205	20	14	12	1203	1203	6	0.0	1986
a38970b6-69d0-4ad3-b1bb-4010cb2a1ae0	NR_156987.1	96.680	1205	20	14	12	1203	1198	1	0.0	1986
a38970b6-69d0-4ad3-b1bb-4010cb2a1ae0	NR_199514.1	96.680	1205	20	14	12	1203	1210	13	0.0	1986
562c1f9e-90fe-4b05-981e-bb614f24f3e0	NR_179889.1	96.387	1190	30	10	1	1186	315	1495	0.0	1947
562c1f9e-90fe-4b05-981e-bb614f24f3e0	NR_181891.1	96.387	1190	30	10	1	1186	311	1491	0.0	1947
562c1f9e-90fe-4b05-981e-bb614f24f3e0	NR_041953.1	96.303	1190	31	10	1	1186	288	1468	0.0	1941
562c1f9e-90fe-4b05-981e-bb614f24f3e0	NR_042541.1	96.303	1190	31	10	1	1186	288	1468	0.0	1941
562c1f9e-90fe-4b05-981e-bb614f24f3e0	NR_178854.1	96.303	1190	30	11	1	1186	288	1467	0.0	1941
64647b6e-3106-4422-a288-86fefcf3ea04	NR_156072.1	95.979	771	24	5	3	766	724	1494	0.0	1245
64647b6e-3106-4422-a288-86fefcf3ea04	NR_024842.1	95.850	771	25	4	3	766	719	1489	0.0	1240
64647b6e-3106-4422-a288-86fefcf3ea04	NR_165737.1	95.964	768	23	5	3	762	704	1471	0.0	1240
64647b6e-3106-4422-a288-86fefcf3ea04	NR_115735.1	95.844	770	25	4	3	765	695	1464	0.0	1238
64647b6e-3106-4422-a288-86fefcf3ea04	NR_036936.1	95.703	768	25	5	3	762	704	1471	0.0	1229
88482371-04bd-4b6d-a0b9-f650b84c9b73	NR_199513.1	96.569	1370	34	11	13	1373	129	1494	0.0	2257
88482371-04bd-4b6d-a0b9-f650b84c9b73	NR_113600.1	96.633	1366	31	13	13	1368	102	1462	0.0	2255
88482371-04bd-4b6d-a0b9-f650b84c9b73	NR_042147.1	96.499	1371	33	13	13	1373	102	1467	0.0	2252
88482371-04bd-4b6d-a0b9-f650b84c9b73	NR_179889.1	96.496	1370	35	11	13	1373	129	1494	0.0	2252
88482371-04bd-4b6d-a0b9-f650b84c9b73	NR_114225.1	96.559	1366	32	13	13	1368	102	1462	0.0	2250
6040141b-7c58-4ae7-ae0d-615fd1ceae66	NR_024918.1	98.326	478	3	5	1	474	1000	1476	0.0	833
6040141b-7c58-4ae7-ae0d-615fd1ceae66	NR_028986.1	98.326	478	3	5	1	474	987	1463	0.0	833
6040141b-7c58-4ae7-ae0d-615fd1ceae66	NR_043314.1	98.326	478	3	5	1	474	1005	1481	0.0	833
6040141b-7c58-4ae7-ae0d-615fd1ceae66	NR_042147.1	98.326	478	3	5	1	474	987	1463	0.0	833
6040141b-7c58-4ae7-ae0d-615fd1ceae66	NR_042199.1	98.326	478	3	5	1	474	987	1463	0.0	833
cccb2a0e-8f0d-454e-92f6-a4461e947631	NR_118155.1	92.886	492	19	14	1	485	1121	639	0.0	701
cccb2a0e-8f0d-454e-92f6-a4461e947631	NR_029050.1	92.430	502	19	17	1	493	1066	575	0.0	699
cccb2a0e-8f0d-454e-92f6-a4461e947631	NR_029042.2	92.415	501	21	15	1	493	1118	627	0.0	699
cccb2a0e-8f0d-454e-92f6-a4461e947631	NR_178854.1	92.400	500	22	14	1	493	1097	607	0.0	699
cccb2a0e-8f0d-454e-92f6-a4461e947631	NR_197749.1	92.415	501	21	15	1	493	1120	629	0.0	699
3e43d8e4-74fd-4802-a176-d8ba39acfab6	NR_043314.1	98.214	336	2	4	11	343	1145	1479	1.33e-166	584
3e43d8e4-74fd-4802-a176-d8ba39acfab6	NR_114749.1	98.214	336	2	4	11	343	1147	1481	1.33e-166	584
3e43d8e4-74fd-4802-a176-d8ba39acfab6	NR_116899.1	98.214	336	2	4	11	343	1114	1448	1.33e-166	584
3e43d8e4-74fd-4802-a176-d8ba39acfab6	NR_178854.1	98.214	336	2	4	11	343	1126	1460	1.33e-166	584
3e43d8e4-74fd-4802-a176-d8ba39acfab6	NR_179889.1	98.214	336	2	4	11	343	1154	1488	1.33e-166	584
a31c3236-de4a-494b-9da6-a2a4fddbf958	NR_156986.1	95.015	662	14	16	24	670	658	1	0.0	1022
a31c3236-de4a-494b-9da6-a2a4fddbf958	NR_024901.1	94.864	662	15	16	24	670	663	6	0.0	1016
a31c3236-de4a-494b-9da6-a2a4fddbf958	NR_024912.1	94.864	662	15	16	24	670	663	6	0.0	1016
a31c3236-de4a-494b-9da6-a2a4fddbf958	NR_024928.1	94.864	662	15	16	24	670	663	6	0.0	1016
a31c3236-de4a-494b-9da6-a2a4fddbf958	NR_156987.1	94.864	662	15	16	24	670	658	1	0.0	1016
40ff0086-7b11-4b03-8c48-414128cb787f	NR_117694.1	97.010	903	12	9	1	894	571	1467	0.0	1504
40ff0086-7b11-4b03-8c48-414128cb787f	NR_121687.1	96.567	903	16	9	1	894	591	1487	0.0	1482
40ff0086-7b11-4b03-8c48-414128cb787f	NR_117692.1	96.567	903	16	9	1	894	571	1467	0.0	1482
40ff0086-7b11-4b03-8c48-414128cb787f	NR_025892.1	96.429	896	18	9	1	888	597	1486	0.0	1474
40ff0086-7b11-4b03-8c48-414128cb787f	NR_025902.1	96.346	903	18	9	1	894	549	1445	0.0	1471
e44fc849-b78e-4d8f-a50c-6f27a4fa241e	NR_041799.1	96.699	818	16	9	1	812	655	1467	0.0	1351
e44fc849-b78e-4d8f-a50c-6f27a4fa241e	NR_116899.1	96.699	818	16	9	1	812	642	1454	0.0	1351
e44fc849-b78e-4d8f-a50c-6f27a4fa241e	NR_117823.1	96.699	818	16	9	1	812	627	1439	0.0	1351
e44fc849-b78e-4d8f-a50c-6f27a4fa241e	NR_179889.1	96.699	818	16	9	1	812	682	1494	0.0	1351
e44fc849-b78e-4d8f-a50c-6f27a4fa241e	NR_043314.1	96.581	819	16	10	1	812	672	1485	0.0	1347
7799f5a6-e92d-4c8d-86ce-f8a7929a0461	NR_136788.1	96.753	308	6	3	6	309	644	951	1.90e-144	510
7799f5a6-e92d-4c8d-86ce-f8a7929a0461	NR_113082.1	96.429	308	7	3	6	309	644	951	8.84e-143	505
7799f5a6-e92d-4c8d-86ce-f8a7929a0461	NR_026230.1	96.104	308	8	3	6	309	622	929	1.14e-141	501
7799f5a6-e92d-4c8d-86ce-f8a7929a0461	NR_025908.1	95.455	308	10	3	6	309	649	956	8.90e-138	488
7799f5a6-e92d-4c8d-86ce-f8a7929a0461	NR_136443.1	93.248	311	17	3	3	309	603	913	9.03e-128	455
5ff969a0-8745-4838-a022-4d47ecf2456c	NR_179889.1	95.687	1113	28	15	1	1098	383	1490	0.0	1772
5ff969a0-8745-4838-a022-4d47ecf2456c	NR_181891.1	95.687	1113	28	15	1	1098	379	1486	0.0	1772
5ff969a0-8745-4838-a022-4d47ecf2456c	NR_041953.1	95.597	1113	29	15	1	1098	356	1463	0.0	1766
5ff969a0-8745-4838-a022-4d47ecf2456c	NR_042541.1	95.597	1113	29	15	1	1098	356	1463	0.0	1766
5ff969a0-8745-4838-a022-4d47ecf2456c	NR_199513.1	95.597	1113	29	15	1	1098	383	1490	0.0	1766
6f12c268-68bf-444b-8710-8bab7942a921	NR_156986.1	95.265	1225	34	19	1	1212	1214	1	0.0	1919
6f12c268-68bf-444b-8710-8bab7942a921	NR_156987.1	95.184	1225	35	19	1	1212	1214	1	0.0	1914
6f12c268-68bf-444b-8710-8bab7942a921	NR_178976.1	95.395	1216	32	19	1	1203	1205	1	0.0	1914
6f12c268-68bf-444b-8710-8bab7942a921	NR_199514.1	95.184	1225	35	19	1	1212	1226	13	0.0	1914
6f12c268-68bf-444b-8710-8bab7942a921	NR_199513.1	95.106	1226	38	17	1	1214	1233	18	0.0	1912
c885268b-4178-416b-81f9-b92989ef9902	NR_026419.1	96.851	1048	19	11	1	1042	436	1475	0.0	1740
c885268b-4178-416b-81f9-b92989ef9902	NR_025903.1	95.897	1048	28	13	1	1042	448	1486	0.0	1683
c885268b-4178-416b-81f9-b92989ef9902	NR_133753.1	95.934	1033	28	12	1	1027	402	1426	0.0	1663
c885268b-4178-416b-81f9-b92989ef9902	NR_133752.1	95.741	1033	30	12	1	1027	373	1397	0.0	1652
c885268b-4178-416b-81f9-b92989ef9902	NR_025904.1	95.585	1042	27	15	9	1042	455	1485	0.0	1652
fca67477-08a1-4f87-85da-b8466c12ec04	NR_024918.1	96.136	880	21	10	1	871	604	1479	0.0	1424
fca67477-08a1-4f87-85da-b8466c12ec04	NR_116899.1	96.136	880	21	10	1	871	578	1453	0.0	1424
fca67477-08a1-4f87-85da-b8466c12ec04	NR_041799.1	96.027	881	20	12	1	871	591	1466	0.0	1419
fca67477-08a1-4f87-85da-b8466c12ec04	NR_042541.1	96.023	880	22	10	1	871	591	1466	0.0	1419
fca67477-08a1-4f87-85da-b8466c12ec04	NR_029042.2	96.023	880	22	10	1	871	611	1486	0.0	1419
188035b7-9408-4aa3-8d78-e5032ac34044	NR_024816.1	96.706	425	9	5	1	422	648	226	0.0	702
188035b7-9408-4aa3-8d78-e5032ac34044	NR_113110.1	93.882	425	21	5	1	422	561	139	0.0	636
188035b7-9408-4aa3-8d78-e5032ac34044	NR_044270.1	93.882	425	21	5	1	422	629	207	0.0	636
188035b7-9408-4aa3-8d78-e5032ac34044	NR_116050.1	93.882	425	21	5	1	422	629	207	0.0	636
188035b7-9408-4aa3-8d78-e5032ac34044	NR_029147.1	93.176	425	24	5	1	422	653	231	4.25e-177	619
8d4fffc0-12a0-4c38-b98c-5015b39774f9	NR_125571.1	96.491	1083	14	17	1	1073	368	1436	0.0	1768
8d4fffc0-12a0-4c38-b98c-5015b39774f9	NR_125570.1	96.033	1084	18	18	1	1073	326	1395	0.0	1740
8d4fffc0-12a0-4c38-b98c-5015b39774f9	NR_029097.1	95.307	1044	25	18	1	1034	344	1373	0.0	1635
8d4fffc0-12a0-4c38-b98c-5015b39774f9	NR_026409.1	89.426	1097	81	25	1	1078	394	1474	0.0	1351
8d4fffc0-12a0-4c38-b98c-5015b39774f9	NR_115211.1	89.406	1095	84	22	1	1078	386	1465	0.0	1351
49e6dfda-875e-4a3c-9224-62b9b5c9b48a	NR_118155.1	92.903	310	8	11	4	302	1016	710	8.66e-123	438
49e6dfda-875e-4a3c-9224-62b9b5c9b48a	NR_029050.1	92.258	310	10	11	4	302	961	655	1.87e-119	427
49e6dfda-875e-4a3c-9224-62b9b5c9b48a	NR_041799.1	92.258	310	10	11	4	302	993	687	1.87e-119	427
49e6dfda-875e-4a3c-9224-62b9b5c9b48a	NR_114227.1	92.258	310	10	11	4	302	993	687	1.87e-119	427
49e6dfda-875e-4a3c-9224-62b9b5c9b48a	NR_114481.1	92.258	310	10	11	4	302	1002	696	1.87e-119	427
8672fcb3-5265-41ec-a0ff-fd05774f3d53	NR_036998.1	98.577	281	4	0	3	283	1182	1462	1.33e-140	497
8672fcb3-5265-41ec-a0ff-fd05774f3d53	NR_043314.1	98.577	281	4	0	3	283	1201	1481	1.33e-140	497
8672fcb3-5265-41ec-a0ff-fd05774f3d53	NR_114793.1	98.577	281	4	0	3	283	1075	1355	1.33e-140	497
8672fcb3-5265-41ec-a0ff-fd05774f3d53	NR_114749.1	98.577	281	4	0	3	283	1203	1483	1.33e-140	497
8672fcb3-5265-41ec-a0ff-fd05774f3d53	NR_116899.1	98.577	281	4	0	3	283	1170	1450	1.33e-140	497
051ea255-bf2d-4a61-8707-f97bf1a8b0f0	NR_113570.1	94.826	1353	35	28	1	1330	150	1490	0.0	2078
051ea255-bf2d-4a61-8707-f97bf1a8b0f0	NR_043332.1	94.675	1352	38	27	1	1330	143	1482	0.0	2071
051ea255-bf2d-4a61-8707-f97bf1a8b0f0	NR_074980.1	94.675	1352	38	27	1	1330	170	1509	0.0	2067
051ea255-bf2d-4a61-8707-f97bf1a8b0f0	NR_113031.1	94.675	1352	38	27	1	1330	170	1509	0.0	2067
051ea255-bf2d-4a61-8707-f97bf1a8b0f0	NR_115355.1	94.605	1353	37	28	1	1330	143	1482	0.0	2065
60d67d2e-e6b5-475d-a649-6dd547ae2204	NR_179889.1	92.797	1069	51	24	1	1055	437	1493	0.0	1524
60d67d2e-e6b5-475d-a649-6dd547ae2204	NR_041953.1	92.703	1069	52	24	1	1055	410	1466	0.0	1519
60d67d2e-e6b5-475d-a649-6dd547ae2204	NR_042541.1	92.703	1069	52	24	1	1055	410	1466	0.0	1519
60d67d2e-e6b5-475d-a649-6dd547ae2204	NR_178854.1	92.703	1069	51	25	1	1055	410	1465	0.0	1517
60d67d2e-e6b5-475d-a649-6dd547ae2204	NR_178447.1	92.610	1069	53	24	1	1055	344	1400	0.0	1513
39f1318a-aad8-45ea-947b-f81ed2d0ff87	NR_028682.1	93.943	776	13	25	1	759	739	1497	0.0	1142
39f1318a-aad8-45ea-947b-f81ed2d0ff87	NR_025396.1	92.129	775	30	20	1	761	710	1467	0.0	1064
39f1318a-aad8-45ea-947b-f81ed2d0ff87	NR_113798.1	91.881	776	30	22	1	760	723	1481	0.0	1053
39f1318a-aad8-45ea-947b-f81ed2d0ff87	NR_025435.1	91.506	777	32	23	1	761	736	1494	0.0	1038
39f1318a-aad8-45ea-947b-f81ed2d0ff87	NR_114556.1	88.220	781	57	30	1	761	738	1503	0.0	904
48baa811-44c7-4584-802d-97260b5ed2a2	NR_115355.1	96.283	861	18	10	1	855	630	1482	0.0	1400
48baa811-44c7-4584-802d-97260b5ed2a2	NR_179325.1	96.167	861	19	10	1	855	604	1456	0.0	1395
48baa811-44c7-4584-802d-97260b5ed2a2	NR_119169.1	95.935	861	21	10	1	855	635	1487	0.0	1387
48baa811-44c7-4584-802d-97260b5ed2a2	NR_163639.1	95.940	862	18	13	1	855	646	1497	0.0	1382
48baa811-44c7-4584-802d-97260b5ed2a2	NR_115354.1	95.804	858	20	12	5	855	634	1482	0.0	1373
fefa36ca-ef2e-4ad6-ade8-01af4b32a2b8	NR_024918.1	96.733	551	9	7	1	544	928	1476	0.0	909
fefa36ca-ef2e-4ad6-ade8-01af4b32a2b8	NR_042147.1	96.733	551	9	7	1	544	915	1463	0.0	909
fefa36ca-ef2e-4ad6-ade8-01af4b32a2b8	NR_164626.1	96.733	551	9	7	1	544	925	1473	0.0	909
fefa36ca-ef2e-4ad6-ade8-01af4b32a2b8	NR_024704.1	96.552	551	10	7	1	544	923	1471	0.0	904
fefa36ca-ef2e-4ad6-ade8-01af4b32a2b8	NR_024912.1	96.552	551	10	7	1	544	928	1476	0.0	904
5aebe856-7775-4252-a1dc-1b5d029dca08	NR_040859.1	92.857	546	21	15	3	532	847	304	0.0	776
5aebe856-7775-4252-a1dc-1b5d029dca08	NR_104278.1	92.857	546	21	15	3	532	847	304	0.0	776
5aebe856-7775-4252-a1dc-1b5d029dca08	NR_104280.1	92.857	546	21	15	3	532	847	304	0.0	776
5aebe856-7775-4252-a1dc-1b5d029dca08	NR_113855.1	92.857	546	21	15	3	532	835	292	0.0	776
5aebe856-7775-4252-a1dc-1b5d029dca08	NR_113856.1	92.857	546	21	15	3	532	835	292	0.0	776
2229202e-d9db-4948-bf8b-d2f0f5c0bb5c	NR_028666.1	96.835	316	5	2	2	312	1184	1499	2.42e-148	523
2229202e-d9db-4948-bf8b-d2f0f5c0bb5c	NR_028833.1	96.835	316	5	2	2	312	1187	1502	2.42e-148	523
2229202e-d9db-4948-bf8b-d2f0f5c0bb5c	NR_029052.1	96.835	316	5	2	2	312	1148	1463	2.42e-148	523
2229202e-d9db-4948-bf8b-d2f0f5c0bb5c	NR_036918.1	96.835	316	5	2	2	312	1177	1492	2.42e-148	523
2229202e-d9db-4948-bf8b-d2f0f5c0bb5c	NR_042771.1	96.835	316	5	2	2	312	1178	1493	2.42e-148	523
0ff07ae1-5cf6-422a-b552-f965ef701ff3	NR_024912.1	96.121	593	12	9	2	587	594	6	0.0	957
0ff07ae1-5cf6-422a-b552-f965ef701ff3	NR_037092.1	96.115	592	13	8	2	587	598	11	0.0	957
0ff07ae1-5cf6-422a-b552-f965ef701ff3	NR_156986.1	96.121	593	12	9	2	587	589	1	0.0	957
0ff07ae1-5cf6-422a-b552-f965ef701ff3	NR_024901.1	95.953	593	13	9	2	587	594	6	0.0	952
0ff07ae1-5cf6-422a-b552-f965ef701ff3	NR_024928.1	95.953	593	13	9	2	587	594	6	0.0	952
b6518d20-4f4d-4b3a-9ad6-b8d0a6e270b7	NR_024901.1	90.741	108	4	5	1	105	118	14	3.40e-33	139
b6518d20-4f4d-4b3a-9ad6-b8d0a6e270b7	NR_024911.1	90.741	108	4	5	1	105	118	14	3.40e-33	139
b6518d20-4f4d-4b3a-9ad6-b8d0a6e270b7	NR_024912.1	90.741	108	4	5	1	105	118	14	3.40e-33	139
b6518d20-4f4d-4b3a-9ad6-b8d0a6e270b7	NR_024927.1	90.741	108	4	5	1	105	118	14	3.40e-33	139
b6518d20-4f4d-4b3a-9ad6-b8d0a6e270b7	NR_024928.1	90.741	108	4	5	1	105	118	14	3.40e-33	139
d40451d5-f355-4fa9-8ce0-aeef65fe3d99	NR_121687.1	93.488	215	6	7	1	208	482	695	3.67e-85	313
d40451d5-f355-4fa9-8ce0-aeef65fe3d99	NR_041989.1	93.488	215	6	7	1	208	420	633	3.67e-85	313
d40451d5-f355-4fa9-8ce0-aeef65fe3d99	NR_117694.1	93.488	215	6	7	1	208	462	675	3.67e-85	313
d40451d5-f355-4fa9-8ce0-aeef65fe3d99	NR_104947.1	93.023	215	7	7	1	208	435	648	1.71e-83	307
d40451d5-f355-4fa9-8ce0-aeef65fe3d99	NR_117717.1	93.023	215	7	7	1	208	483	696	1.71e-83	307
8d53f894-0345-4b16-b3d8-65f113e828ab	NR_165737.1	98.889	180	2	0	1	180	180	1	5.47e-88	322
8d53f894-0345-4b16-b3d8-65f113e828ab	NR_178515.1	98.889	180	2	0	1	180	180	1	5.47e-88	322
8d53f894-0345-4b16-b3d8-65f113e828ab	NR_114413.1	97.207	179	5	0	10	188	194	16	1.98e-82	303
8d53f894-0345-4b16-b3d8-65f113e828ab	NR_199974.1	98.780	164	2	0	25	188	183	20	4.29e-79	292
8d53f894-0345-4b16-b3d8-65f113e828ab	NR_199956.1	98.193	166	3	0	23	188	178	13	1.54e-78	291
1bfa89da-b223-46df-a641-a0d6f4be8ff5	NR_025902.1	93.056	216	9	3	1	210	1230	1445	1.35e-84	311
1bfa89da-b223-46df-a641-a0d6f4be8ff5	NR_040933.1	93.056	216	9	3	1	210	1274	1489	1.35e-84	311
1bfa89da-b223-46df-a641-a0d6f4be8ff5	NR_117717.1	93.056	216	9	3	1	210	1272	1487	1.35e-84	311
1bfa89da-b223-46df-a641-a0d6f4be8ff5	NR_121688.1	93.056	216	9	3	1	210	1272	1487	1.35e-84	311
1bfa89da-b223-46df-a641-a0d6f4be8ff5	NR_117692.1	93.056	216	9	3	1	210	1252	1467	1.35e-84	311
50e17fa6-83d6-4eea-91cb-cfacf880ab0f	NR_044873.1	97.084	583	14	3	1	583	581	2	0.0	979
50e17fa6-83d6-4eea-91cb-cfacf880ab0f	NR_074568.1	94.854	583	27	3	1	583	592	13	0.0	907
50e17fa6-83d6-4eea-91cb-cfacf880ab0f	NR_044712.2	94.340	583	30	3	1	583	601	22	0.0	896
50e17fa6-83d6-4eea-91cb-cfacf880ab0f	NR_179993.1	93.515	586	34	4	1	585	593	11	0.0	869
50e17fa6-83d6-4eea-91cb-cfacf880ab0f	NR_025310.1	93.902	574	33	2	1	574	572	1	0.0	865
891c4443-5354-420d-9717-9d81251e647f	NR_074980.1	92.466	146	2	6	1	137	163	18	1.86e-51	200
891c4443-5354-420d-9717-9d81251e647f	NR_113031.1	92.466	146	2	6	1	137	163	18	1.86e-51	200
891c4443-5354-420d-9717-9d81251e647f	NR_163639.1	92.466	146	2	6	1	137	155	10	1.86e-51	200
891c4443-5354-420d-9717-9d81251e647f	NR_119168.1	92.199	141	2	6	1	132	141	1	1.12e-48	191
891c4443-5354-420d-9717-9d81251e647f	NR_119169.1	92.199	141	2	6	1	132	141	1	1.12e-48	191
dfe5f2b6-9745-408b-8eb3-7b47410ea1df	NR_181017.1	96.296	54	0	1	3	56	445	496	4.95e-18	87.9
dfe5f2b6-9745-408b-8eb3-7b47410ea1df	NR_040859.1	94.643	56	1	1	3	58	383	436	1.78e-17	86.1
dfe5f2b6-9745-408b-8eb3-7b47410ea1df	NR_024901.1	94.643	56	1	1	3	58	384	437	1.78e-17	86.1
dfe5f2b6-9745-408b-8eb3-7b47410ea1df	NR_024912.1	94.643	56	1	1	3	58	384	437	1.78e-17	86.1
dfe5f2b6-9745-408b-8eb3-7b47410ea1df	NR_024928.1	94.643	56	1	1	3	58	384	437	1.78e-17	86.1
bd204edc-cf3f-4b1b-a159-3b1ba20eec9d	NR_024918.1	92.727	220	11	5	5	219	1257	1476	3.90e-85	313
bd204edc-cf3f-4b1b-a159-3b1ba20eec9d	NR_025164.1	92.727	220	11	5	5	219	1244	1463	3.90e-85	313
bd204edc-cf3f-4b1b-a159-3b1ba20eec9d	NR_028986.1	92.727	220	11	5	5	219	1244	1463	3.90e-85	313
bd204edc-cf3f-4b1b-a159-3b1ba20eec9d	NR_036998.1	92.727	220	11	5	5	219	1243	1462	3.90e-85	313
bd204edc-cf3f-4b1b-a159-3b1ba20eec9d	NR_041799.1	92.727	220	11	5	5	219	1244	1463	3.90e-85	313
99299f45-83d8-478e-add1-78a19ea262ae	NR_175455.1	93.103	319	14	5	2	314	322	6	1.99e-129	460
99299f45-83d8-478e-add1-78a19ea262ae	NR_117719.1	92.355	327	16	6	2	321	334	10	2.57e-128	457
99299f45-83d8-478e-add1-78a19ea262ae	NR_199545.1	92.049	327	17	6	2	321	334	10	1.20e-126	451
99299f45-83d8-478e-add1-78a19ea262ae	NR_179385.1	91.743	327	18	6	2	321	338	14	5.57e-125	446
99299f45-83d8-478e-add1-78a19ea262ae	NR_165741.1	91.641	323	18	6	2	317	323	3	9.31e-123	438
5a847bc4-3924-4592-a406-8ad5a4d23599	NR_024901.1	95.902	122	4	1	1	121	128	7	2.11e-50	196
5a847bc4-3924-4592-a406-8ad5a4d23599	NR_024911.1	95.902	122	4	1	1	121	128	7	2.11e-50	196
5a847bc4-3924-4592-a406-8ad5a4d23599	NR_024912.1	95.902	122	4	1	1	121	128	7	2.11e-50	196
5a847bc4-3924-4592-a406-8ad5a4d23599	NR_024927.1	95.902	122	4	1	1	121	128	7	2.11e-50	196
5a847bc4-3924-4592-a406-8ad5a4d23599	NR_024928.1	95.902	122	4	1	1	121	128	7	2.11e-50	196
fb8803d9-2247-4f7b-9275-afa025d300e0	NR_156986.1	97.248	981	18	9	21	995	978	1	0.0	1653
fb8803d9-2247-4f7b-9275-afa025d300e0	NR_156987.1	97.146	981	19	9	21	995	978	1	0.0	1648
fb8803d9-2247-4f7b-9275-afa025d300e0	NR_199514.1	97.146	981	19	9	21	995	990	13	0.0	1648
fb8803d9-2247-4f7b-9275-afa025d300e0	NR_199513.1	96.500	1000	25	9	5	996	1016	19	0.0	1644
fb8803d9-2247-4f7b-9275-afa025d300e0	NR_024901.1	97.044	981	20	9	21	995	983	6	0.0	1642
e88c8901-edb5-4cf9-a6d5-902d817c17f7	NR_024909.1	99.070	215	0	2	3	215	327	113	7.99e-107	385
e88c8901-edb5-4cf9-a6d5-902d817c17f7	NR_024912.1	99.070	215	0	2	3	215	327	113	7.99e-107	385
e88c8901-edb5-4cf9-a6d5-902d817c17f7	NR_025102.1	99.070	215	0	2	3	215	306	92	7.99e-107	385
e88c8901-edb5-4cf9-a6d5-902d817c17f7	NR_025164.1	99.070	215	0	2	3	215	314	100	7.99e-107	385
e88c8901-edb5-4cf9-a6d5-902d817c17f7	NR_028706.1	99.070	215	0	2	3	215	335	121	7.99e-107	385
e7a2d400-c858-4650-8574-579c42ed89e2	NR_043314.1	97.068	307	4	4	1	303	1181	1486	5.08e-145	512
e7a2d400-c858-4650-8574-579c42ed89e2	NR_114749.1	97.068	307	4	4	1	303	1183	1488	5.08e-145	512
e7a2d400-c858-4650-8574-579c42ed89e2	NR_116899.1	97.068	307	4	4	1	303	1150	1455	5.08e-145	512
e7a2d400-c858-4650-8574-579c42ed89e2	NR_178854.1	97.068	307	4	4	1	303	1162	1467	5.08e-145	512
e7a2d400-c858-4650-8574-579c42ed89e2	NR_179889.1	97.068	307	4	4	1	303	1190	1495	5.08e-145	512
8dd2e17d-7fcc-49a4-825c-73d83f80b634	NR_117694.1	95.251	737	13	15	1	727	725	1	0.0	1147
8dd2e17d-7fcc-49a4-825c-73d83f80b634	NR_121687.1	93.834	746	22	18	1	735	745	13	0.0	1101
8dd2e17d-7fcc-49a4-825c-73d83f80b634	NR_025892.1	93.154	745	28	17	1	735	750	19	0.0	1092
8dd2e17d-7fcc-49a4-825c-73d83f80b634	NR_117692.1	93.775	739	20	18	1	727	725	1	0.0	1086
8dd2e17d-7fcc-49a4-825c-73d83f80b634	NR_025902.1	93.724	717	18	19	1	704	703	1	0.0	1050
59f069ed-28ee-4dc8-bca3-975d2d36c54b	NR_115560.1	95.714	210	6	2	1	209	218	11	7.82e-92	335
59f069ed-28ee-4dc8-bca3-975d2d36c54b	NR_027214.1	97.938	194	3	1	1	193	198	5	7.82e-92	335
59f069ed-28ee-4dc8-bca3-975d2d36c54b	NR_028664.1	95.673	208	6	2	1	207	221	16	1.01e-90	331
59f069ed-28ee-4dc8-bca3-975d2d36c54b	NR_028665.1	95.192	208	7	2	1	207	215	10	4.71e-89	326
59f069ed-28ee-4dc8-bca3-975d2d36c54b	NR_179383.1	95.192	208	7	2	1	207	225	20	4.71e-89	326
03e27df1-6b73-46c0-8b90-d98ec63dd578	NR_025496.1	85.321	109	6	7	1	99	1086	978	1.02e-22	104
03e27df1-6b73-46c0-8b90-d98ec63dd578	NR_104898.1	85.321	109	6	7	1	99	1081	973	1.02e-22	104
03e27df1-6b73-46c0-8b90-d98ec63dd578	NR_119167.1	85.321	109	6	7	1	99	1080	972	1.02e-22	104
03e27df1-6b73-46c0-8b90-d98ec63dd578	NR_121753.2	85.321	109	6	7	1	99	1108	1000	1.02e-22	104
03e27df1-6b73-46c0-8b90-d98ec63dd578	NR_104974.1	85.047	107	6	7	1	97	1078	972	1.32e-21	100
4d799a1a-5bbc-4290-bcca-752b73022670	NR_117694.1	93.886	229	9	4	1	228	225	1	1.93e-93	340
4d799a1a-5bbc-4290-bcca-752b73022670	NR_025892.1	92.766	235	12	4	1	234	251	21	2.49e-92	337
4d799a1a-5bbc-4290-bcca-752b73022670	NR_121687.1	91.102	236	14	6	1	234	245	15	4.20e-85	313
4d799a1a-5bbc-4290-bcca-752b73022670	NR_104830.1	89.744	234	16	7	4	234	237	9	5.47e-79	292
4d799a1a-5bbc-4290-bcca-752b73022670	NR_117692.1	90.000	230	16	6	1	228	225	1	1.97e-78	291
8f8cca53-0204-4fdd-a879-051ca80a8a12	NR_025892.1	90.000	110	6	4	1	108	125	19	1.13e-32	137
8f8cca53-0204-4fdd-a879-051ca80a8a12	NR_117717.1	90.000	110	6	4	1	108	120	14	1.13e-32	137
8f8cca53-0204-4fdd-a879-051ca80a8a12	NR_121687.1	90.000	110	6	4	1	108	119	13	1.13e-32	137
8f8cca53-0204-4fdd-a879-051ca80a8a12	NR_121688.1	90.000	110	6	4	1	108	119	13	1.13e-32	137
8f8cca53-0204-4fdd-a879-051ca80a8a12	NR_026079.2	90.000	110	6	4	1	108	126	20	1.13e-32	137
c169f93d-62fc-43b3-9d34-e8ce0c08a98c	NR_117717.1	100.000	89	0	0	10	98	110	22	5.08e-41	165
c169f93d-62fc-43b3-9d34-e8ce0c08a98c	NR_121687.1	100.000	89	0	0	10	98	109	21	5.08e-41	165
c169f93d-62fc-43b3-9d34-e8ce0c08a98c	NR_121688.1	100.000	89	0	0	10	98	109	21	5.08e-41	165
c169f93d-62fc-43b3-9d34-e8ce0c08a98c	NR_116767.1	100.000	89	0	0	10	98	89	1	5.08e-41	165
c169f93d-62fc-43b3-9d34-e8ce0c08a98c	NR_117692.1	100.000	89	0	0	10	98	89	1	5.08e-41	165
7d8a9650-d745-46e9-9137-f5bba1a8a668	NR_199513.1	95.480	354	6	10	1	348	677	328	2.75e-158	556
7d8a9650-d745-46e9-9137-f5bba1a8a668	NR_041953.1	95.198	354	7	10	1	348	650	301	1.28e-156	551
7d8a9650-d745-46e9-9137-f5bba1a8a668	NR_152710.1	95.198	354	7	10	1	348	631	282	1.28e-156	551
7d8a9650-d745-46e9-9137-f5bba1a8a668	NR_178447.1	95.198	354	7	10	1	348	584	235	1.28e-156	551
7d8a9650-d745-46e9-9137-f5bba1a8a668	NR_181891.1	95.198	354	7	10	1	348	673	324	1.28e-156	551
3ba5a169-8f4f-493c-8e29-56cf63a2b6f9	NR_199513.1	94.581	203	2	9	1	196	634	434	5.74e-83	305
3ba5a169-8f4f-493c-8e29-56cf63a2b6f9	NR_041953.1	94.089	203	3	9	1	196	607	407	2.67e-81	300
3ba5a169-8f4f-493c-8e29-56cf63a2b6f9	NR_152710.1	94.089	203	3	9	1	196	588	388	2.67e-81	300
3ba5a169-8f4f-493c-8e29-56cf63a2b6f9	NR_178447.1	94.089	203	3	9	1	196	541	341	2.67e-81	300
3ba5a169-8f4f-493c-8e29-56cf63a2b6f9	NR_181891.1	94.089	203	3	9	1	196	630	430	2.67e-81	300
1e968c98-5c3b-4e6d-a055-1b36bc19472f	NR_178447.1	95.072	345	7	8	4	341	1313	972	1.22e-151	534
1e968c98-5c3b-4e6d-a055-1b36bc19472f	NR_179392.1	95.072	345	7	8	4	341	1399	1058	1.22e-151	534
1e968c98-5c3b-4e6d-a055-1b36bc19472f	NR_181536.1	95.072	345	7	8	4	341	1402	1061	1.22e-151	534
1e968c98-5c3b-4e6d-a055-1b36bc19472f	NR_181891.1	95.072	345	7	8	4	341	1402	1061	1.22e-151	534
1e968c98-5c3b-4e6d-a055-1b36bc19472f	NR_041715.1	94.783	345	8	8	4	341	1387	1046	5.70e-150	529
57992e13-4e5c-407f-8ee1-e06be10cf9b4	NR_024912.1	92.702	507	21	13	13	510	505	6	0.0	717
57992e13-4e5c-407f-8ee1-e06be10cf9b4	NR_156986.1	92.702	507	21	13	13	510	500	1	0.0	717
57992e13-4e5c-407f-8ee1-e06be10cf9b4	NR_037092.1	92.688	506	22	12	13	510	509	11	0.0	715
57992e13-4e5c-407f-8ee1-e06be10cf9b4	NR_024901.1	92.505	507	22	13	13	510	505	6	0.0	712
57992e13-4e5c-407f-8ee1-e06be10cf9b4	NR_024928.1	92.505	507	22	13	13	510	505	6	0.0	712
02e7974b-1eeb-4165-9037-adf45561bc64	NR_041989.1	96.911	259	4	4	1	258	51	306	1.30e-120	431
02e7974b-1eeb-4165-9037-adf45561bc64	NR_117694.1	96.911	259	4	4	1	258	93	348	1.30e-120	431
02e7974b-1eeb-4165-9037-adf45561bc64	NR_025892.1	94.981	259	9	4	1	258	119	374	1.70e-114	411
02e7974b-1eeb-4165-9037-adf45561bc64	NR_025893.1	94.595	259	10	4	1	258	117	372	1.32e-110	398
02e7974b-1eeb-4165-9037-adf45561bc64	NR_104944.1	94.595	259	10	4	1	258	54	309	1.32e-110	398
28aa1cb1-5d98-43ab-ba39-c74978f858d0	NR_028664.1	95.161	186	3	4	1	185	445	625	5.38e-78	289
28aa1cb1-5d98-43ab-ba39-c74978f858d0	NR_028665.1	95.161	186	3	4	1	185	439	619	5.38e-78	289
28aa1cb1-5d98-43ab-ba39-c74978f858d0	NR_042771.1	95.161	186	3	4	1	185	442	622	5.38e-78	289
28aa1cb1-5d98-43ab-ba39-c74978f858d0	NR_042927.1	95.161	186	3	4	1	185	424	604	5.38e-78	289
28aa1cb1-5d98-43ab-ba39-c74978f858d0	NR_042928.1	95.161	186	3	4	1	185	422	602	5.38e-78	289
aff24446-5bd9-4f5e-882a-4b1d566fa905	NR_040859.1	98.864	176	1	1	1	176	1306	1480	3.06e-85	313
aff24446-5bd9-4f5e-882a-4b1d566fa905	NR_040992.1	98.864	176	1	1	1	176	1314	1488	3.06e-85	313
aff24446-5bd9-4f5e-882a-4b1d566fa905	NR_025881.1	98.864	176	1	1	1	176	1312	1486	3.06e-85	313
aff24446-5bd9-4f5e-882a-4b1d566fa905	NR_026395.1	98.864	176	1	1	1	176	1314	1488	3.06e-85	313
aff24446-5bd9-4f5e-882a-4b1d566fa905	NR_024662.1	98.864	176	1	1	1	176	1314	1488	3.06e-85	313
e395fc30-42b9-48c5-ad9f-04a58ca9783b	NR_024912.1	96.000	250	3	5	20	265	261	15	3.66e-111	399
e395fc30-42b9-48c5-ad9f-04a58ca9783b	NR_025164.1	96.000	250	3	5	20	265	248	2	3.66e-111	399
e395fc30-42b9-48c5-ad9f-04a58ca9783b	NR_028706.1	96.000	250	3	5	20	265	269	23	3.66e-111	399
e395fc30-42b9-48c5-ad9f-04a58ca9783b	NR_037092.1	96.000	250	3	5	20	265	266	20	3.66e-111	399
e395fc30-42b9-48c5-ad9f-04a58ca9783b	NR_042147.1	96.000	250	3	5	20	265	248	2	3.66e-111	399
1422768b-4933-4ddf-8fc5-508dd4b1f4ac	NR_156986.1	96.285	673	12	10	1	666	667	1	0.0	1092
1422768b-4933-4ddf-8fc5-508dd4b1f4ac	NR_199513.1	96.142	674	15	9	1	668	686	18	0.0	1090
1422768b-4933-4ddf-8fc5-508dd4b1f4ac	NR_024901.1	96.137	673	13	10	1	666	672	6	0.0	1086
1422768b-4933-4ddf-8fc5-508dd4b1f4ac	NR_024912.1	96.137	673	13	10	1	666	672	6	0.0	1086
1422768b-4933-4ddf-8fc5-508dd4b1f4ac	NR_024928.1	96.137	673	13	10	1	666	672	6	0.0	1086
cd47ed2b-94bb-4010-b6f8-d375a0882cf2	NR_024924.1	96.134	569	10	8	1	561	1078	514	0.0	918
cd47ed2b-94bb-4010-b6f8-d375a0882cf2	NR_024951.1	96.134	569	10	7	1	561	1083	519	0.0	918
cd47ed2b-94bb-4010-b6f8-d375a0882cf2	NR_102854.1	96.134	569	10	8	1	561	1087	523	0.0	918
cd47ed2b-94bb-4010-b6f8-d375a0882cf2	NR_029042.2	96.134	569	10	7	1	561	1087	523	0.0	918
cd47ed2b-94bb-4010-b6f8-d375a0882cf2	NR_115336.1	96.134	569	10	8	1	561	1073	509	0.0	918
630c89e0-7e03-49db-ad5d-7a5704ecf5e5	NR_028899.1	84.507	142	14	7	1	135	242	102	1.86e-31	134
630c89e0-7e03-49db-ad5d-7a5704ecf5e5	NR_042240.1	84.397	141	16	6	1	135	300	160	1.86e-31	134
630c89e0-7e03-49db-ad5d-7a5704ecf5e5	NR_170432.1	83.688	141	17	6	1	135	282	142	8.66e-30	128
630c89e0-7e03-49db-ad5d-7a5704ecf5e5	NR_024663.1	85.156	128	12	7	1	123	281	156	3.11e-29	126
630c89e0-7e03-49db-ad5d-7a5704ecf5e5	NR_104685.1	88.776	98	7	4	1	94	305	208	1.87e-26	117
d86ec2cf-514c-419a-b59a-e3a876dad06c	NR_116168.1	95.627	1372	43	15	1	1361	126	1491	0.0	2185
d86ec2cf-514c-419a-b59a-e3a876dad06c	NR_118143.1	97.310	1264	17	15	1	1253	107	1364	0.0	2132
d86ec2cf-514c-419a-b59a-e3a876dad06c	NR_118762.1	94.113	1359	62	16	4	1351	132	1483	0.0	2085
d86ec2cf-514c-419a-b59a-e3a876dad06c	NR_114558.1	94.143	1366	58	19	1	1353	105	1461	0.0	2061
d86ec2cf-514c-419a-b59a-e3a876dad06c	NR_114764.1	94.001	1367	61	18	1	1354	108	1466	0.0	2054
614567a8-92a4-4185-9eb9-737315ab6553	NR_148763.1	97.333	75	0	1	1	73	86	12	1.43e-29	126
614567a8-92a4-4185-9eb9-737315ab6553	NR_159348.1	97.333	75	0	1	1	73	93	19	1.43e-29	126
614567a8-92a4-4185-9eb9-737315ab6553	NR_164626.1	97.333	75	0	1	1	73	76	2	1.43e-29	126
614567a8-92a4-4185-9eb9-737315ab6553	NR_180260.1	97.333	75	0	1	1	73	86	12	1.43e-29	126
614567a8-92a4-4185-9eb9-737315ab6553	NR_180878.1	97.333	75	0	1	1	73	86	12	1.43e-29	126
f1227939-ca00-42f2-abe0-16b440c9fa84	NR_028664.1	90.909	231	9	8	25	245	250	22	3.47e-81	300
f1227939-ca00-42f2-abe0-16b440c9fa84	NR_115560.1	90.909	231	9	8	25	245	247	19	3.47e-81	300
f1227939-ca00-42f2-abe0-16b440c9fa84	NR_179385.1	90.909	231	9	8	25	245	251	23	3.47e-81	300
f1227939-ca00-42f2-abe0-16b440c9fa84	NR_199545.1	90.909	231	9	8	25	245	247	19	3.47e-81	300
f1227939-ca00-42f2-abe0-16b440c9fa84	NR_115240.1	90.830	229	9	8	25	243	227	1	4.49e-80	296
c87e62eb-506b-4d4d-b342-a2b17197cd19	NR_116168.1	91.496	341	17	11	1	333	355	19	7.44e-129	459
c87e62eb-506b-4d4d-b342-a2b17197cd19	NR_042878.1	90.533	338	20	11	1	330	334	1	5.79e-125	446
c87e62eb-506b-4d4d-b342-a2b17197cd19	NR_118762.1	88.270	341	28	11	1	333	358	22	1.63e-115	414
c87e62eb-506b-4d4d-b342-a2b17197cd19	NR_027217.1	88.824	340	24	13	1	330	336	1	9.82e-113	405
c87e62eb-506b-4d4d-b342-a2b17197cd19	NR_025423.1	88.338	343	26	13	1	333	339	1	4.57e-111	399
24893a79-3309-436a-b425-4a298db48b17	NR_041799.1	93.325	809	31	19	1	791	665	1468	0.0	1173
24893a79-3309-436a-b425-4a298db48b17	NR_116899.1	93.325	809	31	19	1	791	652	1455	0.0	1173
24893a79-3309-436a-b425-4a298db48b17	NR_117823.1	93.325	809	31	19	1	791	637	1440	0.0	1173
24893a79-3309-436a-b425-4a298db48b17	NR_179889.1	93.325	809	31	19	1	791	692	1495	0.0	1173
24893a79-3309-436a-b425-4a298db48b17	NR_043314.1	93.210	810	31	20	1	791	682	1486	0.0	1170
843759e5-7a55-47f2-a3b0-0ae1cb960e5a	NR_028682.1	97.624	463	11	0	1	463	1462	1000	0.0	795
843759e5-7a55-47f2-a3b0-0ae1cb960e5a	NR_025396.1	96.112	463	18	0	1	463	1433	971	0.0	756
843759e5-7a55-47f2-a3b0-0ae1cb960e5a	NR_113798.1	95.474	464	20	1	1	463	1448	985	0.0	739
843759e5-7a55-47f2-a3b0-0ae1cb960e5a	NR_044929.2	95.032	463	23	0	1	463	1403	941	0.0	736
843759e5-7a55-47f2-a3b0-0ae1cb960e5a	NR_116890.1	95.248	463	22	0	1	463	1450	988	0.0	734
7811d674-f24e-4c84-bc69-ecc2a4d49364	NR_040933.1	96.107	411	7	6	17	422	1083	1489	0.0	662
7811d674-f24e-4c84-bc69-ecc2a4d49364	NR_117717.1	96.107	411	7	6	17	422	1081	1487	0.0	662
7811d674-f24e-4c84-bc69-ecc2a4d49364	NR_121688.1	96.107	411	7	6	17	422	1081	1487	0.0	662
7811d674-f24e-4c84-bc69-ecc2a4d49364	NR_159079.1	96.107	411	7	6	17	422	1057	1463	0.0	662
7811d674-f24e-4c84-bc69-ecc2a4d49364	NR_117694.1	96.107	411	7	6	17	422	1061	1467	0.0	662
88d3a9a5-e7f2-4bbe-a766-d25111121836	NR_156986.1	96.617	1005	20	13	3	999	999	1	0.0	1655
88d3a9a5-e7f2-4bbe-a766-d25111121836	NR_199513.1	96.517	1005	24	10	1	999	1019	20	0.0	1652
88d3a9a5-e7f2-4bbe-a766-d25111121836	NR_156987.1	96.517	1005	21	13	3	999	999	1	0.0	1650
88d3a9a5-e7f2-4bbe-a766-d25111121836	NR_199514.1	96.517	1005	21	13	3	999	1011	13	0.0	1650
88d3a9a5-e7f2-4bbe-a766-d25111121836	NR_024901.1	96.418	1005	22	13	3	999	1004	6	0.0	1644
6a95c946-5bdc-4963-a6f6-e490113321c4	NR_104897.1	96.231	451	9	7	33	479	1015	1461	0.0	732
6a95c946-5bdc-4963-a6f6-e490113321c4	NR_165738.1	95.260	443	13	7	33	471	1016	1454	0.0	695
6a95c946-5bdc-4963-a6f6-e490113321c4	NR_156991.1	93.289	447	22	7	33	475	986	1428	0.0	652
6a95c946-5bdc-4963-a6f6-e490113321c4	NR_159181.1	93.439	442	23	5	33	471	1015	1453	0.0	651
6a95c946-5bdc-4963-a6f6-e490113321c4	NR_149814.1	93.111	450	19	10	33	476	1021	1464	0.0	649
1406cdc7-d156-4ef1-9df3-01f190abff24	NR_179227.1	95.796	333	5	8	1	327	350	21	5.62e-150	529
1406cdc7-d156-4ef1-9df3-01f190abff24	NR_024912.1	95.495	333	6	8	1	327	343	14	2.62e-148	523
1406cdc7-d156-4ef1-9df3-01f190abff24	NR_025164.1	95.495	333	6	8	1	327	330	1	2.62e-148	523
1406cdc7-d156-4ef1-9df3-01f190abff24	NR_028706.1	95.495	333	6	8	1	327	351	22	2.62e-148	523
1406cdc7-d156-4ef1-9df3-01f190abff24	NR_037092.1	95.495	333	6	8	1	327	348	19	2.62e-148	523
1f39bb47-5f96-4c40-8e26-aa803f8edf74	NR_037092.1	91.686	433	14	19	39	453	440	12	2.11e-165	580
1f39bb47-5f96-4c40-8e26-aa803f8edf74	NR_024912.1	91.455	433	16	18	39	453	436	7	9.81e-164	575
1f39bb47-5f96-4c40-8e26-aa803f8edf74	NR_042939.1	91.455	433	16	18	39	453	442	13	9.81e-164	575
1f39bb47-5f96-4c40-8e26-aa803f8edf74	NR_114473.1	91.455	433	16	18	39	453	431	2	9.81e-164	575
1f39bb47-5f96-4c40-8e26-aa803f8edf74	NR_156986.1	91.455	433	16	18	39	453	431	2	9.81e-164	575
ff892a8e-239b-4380-96d1-1ed78008aa03	NR_179889.1	98.101	1211	16	5	1	1209	285	1490	0.0	2102
ff892a8e-239b-4380-96d1-1ed78008aa03	NR_041953.1	98.018	1211	17	5	1	1209	258	1463	0.0	2097
ff892a8e-239b-4380-96d1-1ed78008aa03	NR_042541.1	98.018	1211	17	5	1	1209	258	1463	0.0	2097
ff892a8e-239b-4380-96d1-1ed78008aa03	NR_178854.1	98.018	1211	16	6	1	1209	258	1462	0.0	2097
ff892a8e-239b-4380-96d1-1ed78008aa03	NR_178447.1	97.936	1211	18	5	1	1209	192	1397	0.0	2091
d5aa7068-d6ca-4333-b7f8-3846b453b649	NR_025902.1	100.000	139	0	0	1	139	1307	1445	1.12e-68	257
d5aa7068-d6ca-4333-b7f8-3846b453b649	NR_028844.1	100.000	139	0	0	1	139	1338	1476	1.12e-68	257
d5aa7068-d6ca-4333-b7f8-3846b453b649	NR_040933.1	100.000	139	0	0	1	139	1351	1489	1.12e-68	257
d5aa7068-d6ca-4333-b7f8-3846b453b649	NR_117717.1	100.000	139	0	0	1	139	1349	1487	1.12e-68	257
d5aa7068-d6ca-4333-b7f8-3846b453b649	NR_121688.1	100.000	139	0	0	1	139	1349	1487	1.12e-68	257
12bb3119-9dd0-4803-8ab8-673cdd13596a	NR_043314.1	96.829	473	8	5	11	477	1015	1486	0.0	784
12bb3119-9dd0-4803-8ab8-673cdd13596a	NR_114749.1	96.829	473	8	5	11	477	1017	1488	0.0	784
12bb3119-9dd0-4803-8ab8-673cdd13596a	NR_116899.1	96.829	473	8	5	11	477	984	1455	0.0	784
12bb3119-9dd0-4803-8ab8-673cdd13596a	NR_178854.1	96.829	473	8	5	11	477	996	1467	0.0	784
12bb3119-9dd0-4803-8ab8-673cdd13596a	NR_179889.1	96.829	473	8	5	11	477	1024	1495	0.0	784
8e4ee287-802d-4206-8ab8-d1ded9605608	NR_024924.1	91.367	417	17	12	10	412	904	493	4.21e-157	553
8e4ee287-802d-4206-8ab8-d1ded9605608	NR_102854.1	91.367	417	17	12	10	412	913	502	4.21e-157	553
8e4ee287-802d-4206-8ab8-d1ded9605608	NR_115336.1	91.367	417	17	12	10	412	899	488	4.21e-157	553
8e4ee287-802d-4206-8ab8-d1ded9605608	NR_134794.1	91.367	417	17	12	10	412	856	445	4.21e-157	553
8e4ee287-802d-4206-8ab8-d1ded9605608	NR_135703.1	91.367	417	17	12	10	412	925	514	4.21e-157	553
ef3734d6-5370-4484-bb0e-29e359101bf0	NR_024912.1	92.511	227	10	7	5	227	246	23	9.24e-87	318
ef3734d6-5370-4484-bb0e-29e359101bf0	NR_025102.1	92.511	227	10	7	5	227	225	2	9.24e-87	318
ef3734d6-5370-4484-bb0e-29e359101bf0	NR_025164.1	92.511	227	10	7	5	227	233	10	9.24e-87	318
ef3734d6-5370-4484-bb0e-29e359101bf0	NR_025586.1	92.511	227	10	7	5	227	241	18	9.24e-87	318
ef3734d6-5370-4484-bb0e-29e359101bf0	NR_025587.1	92.511	227	10	7	5	227	241	18	9.24e-87	318
4b5f088a-b271-470e-a38c-235fa3fbf162	NR_042878.1	98.485	198	2	1	1	197	614	417	9.67e-96	348
4b5f088a-b271-470e-a38c-235fa3fbf162	NR_116168.1	98.485	198	2	1	1	197	635	438	9.67e-96	348
4b5f088a-b271-470e-a38c-235fa3fbf162	NR_118762.1	98.477	197	2	1	1	196	638	442	3.48e-95	346
4b5f088a-b271-470e-a38c-235fa3fbf162	NR_118143.1	96.970	198	5	1	1	197	616	419	2.71e-91	333
4b5f088a-b271-470e-a38c-235fa3fbf162	NR_025423.1	95.939	197	7	1	2	197	618	422	7.58e-87	318
4abad2a7-ab4a-48e7-971d-6542cdd9b7e0	NR_025902.1	93.238	281	10	8	1	275	1168	1445	8.09e-113	405
4abad2a7-ab4a-48e7-971d-6542cdd9b7e0	NR_040933.1	93.238	281	10	8	1	275	1212	1489	8.09e-113	405
4abad2a7-ab4a-48e7-971d-6542cdd9b7e0	NR_117717.1	93.238	281	10	8	1	275	1210	1487	8.09e-113	405
4abad2a7-ab4a-48e7-971d-6542cdd9b7e0	NR_121688.1	93.238	281	10	8	1	275	1210	1487	8.09e-113	405
4abad2a7-ab4a-48e7-971d-6542cdd9b7e0	NR_117692.1	93.238	281	10	8	1	275	1190	1467	8.09e-113	405
52356196-828c-4592-a41a-3023f604fe35	NR_024901.1	95.210	167	3	4	1	164	182	18	4.14e-69	259
52356196-828c-4592-a41a-3023f604fe35	NR_024912.1	95.210	167	3	4	1	164	182	18	4.14e-69	259
52356196-828c-4592-a41a-3023f604fe35	NR_024928.1	95.210	167	3	4	1	164	182	18	4.14e-69	259
52356196-828c-4592-a41a-3023f604fe35	NR_025164.1	95.210	167	3	4	1	164	169	5	4.14e-69	259
52356196-828c-4592-a41a-3023f604fe35	NR_025586.1	95.210	167	3	4	1	164	177	13	4.14e-69	259
61467759-82f6-484e-b8aa-0d5ea2416179	NR_040859.1	98.540	137	1	1	1	136	1339	1475	1.11e-63	241
61467759-82f6-484e-b8aa-0d5ea2416179	NR_040992.1	98.540	137	1	1	1	136	1347	1483	1.11e-63	241
61467759-82f6-484e-b8aa-0d5ea2416179	NR_025881.1	98.540	137	1	1	1	136	1345	1481	1.11e-63	241
61467759-82f6-484e-b8aa-0d5ea2416179	NR_026395.1	98.540	137	1	1	1	136	1347	1483	1.11e-63	241
61467759-82f6-484e-b8aa-0d5ea2416179	NR_024662.1	98.540	137	1	1	1	136	1347	1483	1.11e-63	241
ef957f91-4938-4f3b-831d-63d7beef3592	NR_148763.1	96.739	92	2	1	11	102	101	11	3.64e-37	152
ef957f91-4938-4f3b-831d-63d7beef3592	NR_159348.1	96.739	92	2	1	11	102	108	18	3.64e-37	152
ef957f91-4938-4f3b-831d-63d7beef3592	NR_164626.1	96.739	92	2	1	11	102	91	1	3.64e-37	152
ef957f91-4938-4f3b-831d-63d7beef3592	NR_180260.1	96.739	92	2	1	11	102	101	11	3.64e-37	152
ef957f91-4938-4f3b-831d-63d7beef3592	NR_180878.1	96.739	92	2	1	11	102	101	11	3.64e-37	152
5a768a50-f642-4199-9ebf-6af10209b66b	NR_037076.1	99.237	131	1	0	1	131	930	800	1.32e-62	237
5a768a50-f642-4199-9ebf-6af10209b66b	NR_041511.1	99.237	131	1	0	1	131	951	821	1.32e-62	237
5a768a50-f642-4199-9ebf-6af10209b66b	NR_026226.1	99.237	131	1	0	1	131	930	800	1.32e-62	237
5a768a50-f642-4199-9ebf-6af10209b66b	NR_024783.1	99.237	131	1	0	1	131	951	821	1.32e-62	237
5a768a50-f642-4199-9ebf-6af10209b66b	NR_024913.1	99.237	131	1	0	1	131	964	834	1.32e-62	237
059b6fc5-f938-4c25-b9c8-3b1eecb015f5	NR_040859.1	95.946	148	4	2	1	146	1333	1480	4.21e-63	239
059b6fc5-f938-4c25-b9c8-3b1eecb015f5	NR_040992.1	95.946	148	4	2	1	146	1341	1488	4.21e-63	239
059b6fc5-f938-4c25-b9c8-3b1eecb015f5	NR_025881.1	95.946	148	4	2	1	146	1339	1486	4.21e-63	239
059b6fc5-f938-4c25-b9c8-3b1eecb015f5	NR_026395.1	95.946	148	4	2	1	146	1341	1488	4.21e-63	239
059b6fc5-f938-4c25-b9c8-3b1eecb015f5	NR_024662.1	95.946	148	4	2	1	146	1341	1488	4.21e-63	239
2ca5e936-7598-4ca3-886a-8800c69cd496	NR_117694.1	96.204	1080	17	20	1	1063	1073	1	0.0	1746
2ca5e936-7598-4ca3-886a-8800c69cd496	NR_121687.1	95.312	1088	27	19	1	1071	1093	13	0.0	1705
2ca5e936-7598-4ca3-886a-8800c69cd496	NR_025892.1	94.669	1088	33	21	1	1071	1098	19	0.0	1688
2ca5e936-7598-4ca3-886a-8800c69cd496	NR_117692.1	94.640	1082	30	23	1	1063	1073	1	0.0	1652
2ca5e936-7598-4ca3-886a-8800c69cd496	NR_041989.1	95.284	1039	23	22	1	1021	1031	1	0.0	1624
f3aad5f2-0bae-417d-bbbd-dc38a016c428	NR_040859.1	92.398	171	0	8	6	166	854	687	8.18e-61	231
f3aad5f2-0bae-417d-bbbd-dc38a016c428	NR_025947.1	92.398	171	0	8	6	166	862	695	8.18e-61	231
f3aad5f2-0bae-417d-bbbd-dc38a016c428	NR_024662.1	92.398	171	0	8	6	166	862	695	8.18e-61	231
f3aad5f2-0bae-417d-bbbd-dc38a016c428	NR_024910.1	92.398	171	0	8	6	166	853	686	8.18e-61	231
f3aad5f2-0bae-417d-bbbd-dc38a016c428	NR_024924.1	92.398	171	0	8	6	166	853	686	8.18e-61	231
462b6f25-1768-4214-89f2-15e61f4cf7cb	NR_156986.1	94.807	982	27	18	1	965	975	1	0.0	1509
462b6f25-1768-4214-89f2-15e61f4cf7cb	NR_156987.1	94.705	982	28	18	1	965	975	1	0.0	1504
462b6f25-1768-4214-89f2-15e61f4cf7cb	NR_199514.1	94.705	982	28	18	1	965	987	13	0.0	1504
462b6f25-1768-4214-89f2-15e61f4cf7cb	NR_024901.1	94.603	982	29	18	1	965	980	6	0.0	1498
462b6f25-1768-4214-89f2-15e61f4cf7cb	NR_024928.1	94.603	982	29	18	1	965	980	6	0.0	1498
242586f3-a4f2-4989-b6a9-a9ed19104d34	NR_026419.1	95.858	169	2	4	1	164	178	10	6.88e-72	268
242586f3-a4f2-4989-b6a9-a9ed19104d34	NR_025904.1	91.209	182	9	6	6	181	185	5	1.50e-63	241
242586f3-a4f2-4989-b6a9-a9ed19104d34	NR_025903.1	90.608	181	10	6	7	181	185	6	2.51e-61	233
242586f3-a4f2-4989-b6a9-a9ed19104d34	NR_036920.1	87.778	180	15	6	7	181	179	2	1.97e-52	204
242586f3-a4f2-4989-b6a9-a9ed19104d34	NR_133753.1	93.525	139	4	4	7	140	139	1	7.08e-52	202
9f46258c-dbc0-4d07-bb86-199fe5ed6718	NR_116168.1	94.351	1009	27	17	5	985	468	1474	0.0	1520
9f46258c-dbc0-4d07-bb86-199fe5ed6718	NR_118762.1	93.366	1010	34	19	5	985	471	1476	0.0	1483
9f46258c-dbc0-4d07-bb86-199fe5ed6718	NR_025423.1	92.751	1007	43	19	7	985	454	1458	0.0	1428
9f46258c-dbc0-4d07-bb86-199fe5ed6718	NR_115546.2	92.864	981	34	26	5	956	477	1450	0.0	1391
9f46258c-dbc0-4d07-bb86-199fe5ed6718	NR_024899.1	92.909	973	37	21	11	956	473	1440	0.0	1386
9cfa18ac-3982-44b2-a7e8-a539ea5f3055	NR_199513.1	94.467	1247	37	26	1	1223	1257	19	0.0	1892
9cfa18ac-3982-44b2-a7e8-a539ea5f3055	NR_156986.1	94.462	1246	37	27	1	1222	1238	1	0.0	1890
9cfa18ac-3982-44b2-a7e8-a539ea5f3055	NR_024928.1	94.382	1246	38	27	1	1222	1243	6	0.0	1884
9cfa18ac-3982-44b2-a7e8-a539ea5f3055	NR_037092.1	94.444	1242	40	24	1	1222	1243	11	0.0	1884
9cfa18ac-3982-44b2-a7e8-a539ea5f3055	NR_156987.1	94.382	1246	38	27	1	1222	1238	1	0.0	1884
5a189fd3-283f-4327-a9ae-6f37dd33b4be	NR_116899.1	91.209	819	48	18	4	802	636	1450	0.0	1092
5a189fd3-283f-4327-a9ae-6f37dd33b4be	NR_179889.1	91.209	819	48	18	4	802	676	1490	0.0	1092
5a189fd3-283f-4327-a9ae-6f37dd33b4be	NR_043314.1	91.098	820	48	19	4	802	666	1481	0.0	1086
5a189fd3-283f-4327-a9ae-6f37dd33b4be	NR_042541.1	91.087	819	49	18	4	802	649	1463	0.0	1086
5a189fd3-283f-4327-a9ae-6f37dd33b4be	NR_043935.1	91.087	819	49	18	4	802	670	1484	0.0	1086
9d90e5c9-0b14-424b-8c8d-67fee81de026	NR_036998.1	99.628	269	1	0	1	269	1194	1462	5.94e-139	492
9d90e5c9-0b14-424b-8c8d-67fee81de026	NR_043314.1	99.628	269	1	0	1	269	1213	1481	5.94e-139	492
9d90e5c9-0b14-424b-8c8d-67fee81de026	NR_114793.1	99.628	269	1	0	1	269	1087	1355	5.94e-139	492
9d90e5c9-0b14-424b-8c8d-67fee81de026	NR_114749.1	99.628	269	1	0	1	269	1215	1483	5.94e-139	492
9d90e5c9-0b14-424b-8c8d-67fee81de026	NR_116899.1	99.628	269	1	0	1	269	1182	1450	5.94e-139	492
46fb199d-20d4-437d-bb81-1964d0f331be	NR_042541.1	96.023	880	23	10	1	871	1456	580	0.0	1421
46fb199d-20d4-437d-bb81-1964d0f331be	NR_116899.1	96.023	880	23	10	1	871	1443	567	0.0	1421
46fb199d-20d4-437d-bb81-1964d0f331be	NR_024918.1	95.909	880	24	10	1	871	1469	593	0.0	1415
46fb199d-20d4-437d-bb81-1964d0f331be	NR_024927.1	95.909	880	24	10	1	871	1469	593	0.0	1415
46fb199d-20d4-437d-bb81-1964d0f331be	NR_025227.1	95.909	880	24	10	1	871	1452	576	0.0	1415
c5a4f43f-1d8e-401f-8a3e-10c03c8863da	NR_028986.1	91.700	747	32	24	1	727	727	1463	0.0	1009
c5a4f43f-1d8e-401f-8a3e-10c03c8863da	NR_042199.1	91.700	747	32	24	1	727	727	1463	0.0	1009
c5a4f43f-1d8e-401f-8a3e-10c03c8863da	NR_179337.1	91.700	747	32	24	1	727	731	1467	0.0	1009
c5a4f43f-1d8e-401f-8a3e-10c03c8863da	NR_113600.1	91.689	746	32	24	1	726	727	1462	0.0	1007
c5a4f43f-1d8e-401f-8a3e-10c03c8863da	NR_025164.1	91.566	747	33	24	1	727	727	1463	0.0	1003
131f085a-6ac1-4788-821f-69a94e0c8656	NR_156986.1	95.833	696	13	13	1	687	689	1	0.0	1110
131f085a-6ac1-4788-821f-69a94e0c8656	NR_024901.1	95.690	696	14	13	1	687	694	6	0.0	1105
131f085a-6ac1-4788-821f-69a94e0c8656	NR_024912.1	95.690	696	14	13	1	687	694	6	0.0	1105
131f085a-6ac1-4788-821f-69a94e0c8656	NR_024928.1	95.690	696	14	13	1	687	694	6	0.0	1105
131f085a-6ac1-4788-821f-69a94e0c8656	NR_156987.1	95.690	696	14	13	1	687	689	1	0.0	1105
afc319a1-e91a-475b-a363-631be304fe4a	NR_026419.1	95.021	241	6	6	1	235	241	1	1.96e-103	374
afc319a1-e91a-475b-a363-631be304fe4a	NR_025904.1	90.763	249	16	7	1	243	252	5	5.57e-89	326
afc319a1-e91a-475b-a363-631be304fe4a	NR_025903.1	90.763	249	16	7	1	243	253	6	5.57e-89	326
afc319a1-e91a-475b-a363-631be304fe4a	NR_133753.1	91.827	208	11	6	1	203	207	1	9.45e-77	285
afc319a1-e91a-475b-a363-631be304fe4a	NR_036920.1	86.640	247	24	9	3	243	245	2	1.23e-70	265
440d764d-db5c-4fc5-9e40-56284ec69f19	NR_041722.2	95.402	174	3	4	8	178	1338	1509	5.29e-73	272
440d764d-db5c-4fc5-9e40-56284ec69f19	NR_028665.1	95.402	174	3	4	8	178	1318	1489	5.29e-73	272
440d764d-db5c-4fc5-9e40-56284ec69f19	NR_028736.1	95.402	174	3	4	8	178	1327	1498	5.29e-73	272
440d764d-db5c-4fc5-9e40-56284ec69f19	NR_041721.1	95.402	174	3	4	8	178	1326	1497	5.29e-73	272
440d764d-db5c-4fc5-9e40-56284ec69f19	NR_112704.1	95.402	174	3	4	8	178	1222	1393	5.29e-73	272
91913818-d69d-4f5a-97ec-bcc6807de4e0	NR_040859.1	96.296	135	3	2	1	134	1345	1478	1.36e-57	220
91913818-d69d-4f5a-97ec-bcc6807de4e0	NR_040992.1	96.296	135	3	2	1	134	1353	1486	1.36e-57	220
91913818-d69d-4f5a-97ec-bcc6807de4e0	NR_025881.1	96.296	135	3	2	1	134	1351	1484	1.36e-57	220
91913818-d69d-4f5a-97ec-bcc6807de4e0	NR_026395.1	96.296	135	3	2	1	134	1353	1486	1.36e-57	220
91913818-d69d-4f5a-97ec-bcc6807de4e0	NR_024662.1	96.296	135	3	2	1	134	1353	1486	1.36e-57	220
75afe0b9-eb4b-49b3-9d17-dded347d12c6	NR_116318.1	86.620	142	10	7	1	133	1096	955	6.47e-36	148
75afe0b9-eb4b-49b3-9d17-dded347d12c6	NR_157793.1	86.620	142	10	7	1	133	1112	971	6.47e-36	148
75afe0b9-eb4b-49b3-9d17-dded347d12c6	NR_181550.1	86.620	142	10	7	1	133	1122	981	6.47e-36	148
75afe0b9-eb4b-49b3-9d17-dded347d12c6	NR_125553.1	85.915	142	11	7	1	133	1172	1031	3.01e-34	143
75afe0b9-eb4b-49b3-9d17-dded347d12c6	NR_135708.1	85.915	142	11	6	1	133	1116	975	3.01e-34	143
5d6d368a-efff-400b-b893-47325d3538d3	NR_024901.1	95.690	116	2	3	10	122	216	101	1.61e-46	183
5d6d368a-efff-400b-b893-47325d3538d3	NR_024912.1	95.690	116	2	3	10	122	216	101	1.61e-46	183
5d6d368a-efff-400b-b893-47325d3538d3	NR_024928.1	95.690	116	2	3	10	122	216	101	1.61e-46	183
5d6d368a-efff-400b-b893-47325d3538d3	NR_025102.1	95.690	116	2	3	10	122	195	80	1.61e-46	183
5d6d368a-efff-400b-b893-47325d3538d3	NR_025103.1	95.690	116	2	3	10	122	195	80	1.61e-46	183
89781645-5deb-43e6-8586-65a15aa27514	NR_024901.1	94.643	56	2	1	1	55	78	23	2.25e-17	86.1
89781645-5deb-43e6-8586-65a15aa27514	NR_024909.1	94.643	56	2	1	1	55	78	23	2.25e-17	86.1
89781645-5deb-43e6-8586-65a15aa27514	NR_024911.1	94.643	56	2	1	1	55	78	23	2.25e-17	86.1
89781645-5deb-43e6-8586-65a15aa27514	NR_024912.1	94.643	56	2	1	1	55	78	23	2.25e-17	86.1
89781645-5deb-43e6-8586-65a15aa27514	NR_024927.1	94.643	56	2	1	1	55	78	23	2.25e-17	86.1
392ea3bf-892d-43c6-8a08-193bc761d72d	NR_179385.1	93.600	125	4	4	37	157	141	17	2.21e-46	183
392ea3bf-892d-43c6-8a08-193bc761d72d	NR_199545.1	93.600	125	4	4	37	157	137	13	2.21e-46	183
392ea3bf-892d-43c6-8a08-193bc761d72d	NR_112025.1	92.126	127	6	4	37	159	137	11	2.86e-45	180
392ea3bf-892d-43c6-8a08-193bc761d72d	NR_042771.1	92.800	125	5	4	37	157	137	13	1.03e-44	178
392ea3bf-892d-43c6-8a08-193bc761d72d	NR_118234.1	92.248	129	4	6	37	159	136	8	1.03e-44	178
f74a94f5-b69f-4b78-993f-1daaebe1d8e8	NR_040859.1	93.467	199	8	5	4	197	1276	1474	1.68e-78	291
f74a94f5-b69f-4b78-993f-1daaebe1d8e8	NR_040992.1	93.467	199	8	5	4	197	1284	1482	1.68e-78	291
f74a94f5-b69f-4b78-993f-1daaebe1d8e8	NR_025881.1	93.467	199	8	5	4	197	1282	1480	1.68e-78	291
f74a94f5-b69f-4b78-993f-1daaebe1d8e8	NR_026395.1	93.467	199	8	5	4	197	1284	1482	1.68e-78	291
f74a94f5-b69f-4b78-993f-1daaebe1d8e8	NR_024662.1	93.467	199	8	5	4	197	1284	1482	1.68e-78	291
508d8526-b40e-4784-ac5a-86202e7f05f5	NR_025892.1	93.363	226	11	2	6	227	244	19	3.10e-91	333
508d8526-b40e-4784-ac5a-86202e7f05f5	NR_117694.1	93.119	218	11	2	6	219	218	1	3.12e-86	316
508d8526-b40e-4784-ac5a-86202e7f05f5	NR_121687.1	91.150	226	16	3	6	227	238	13	2.43e-82	303
508d8526-b40e-4784-ac5a-86202e7f05f5	NR_117717.1	90.708	226	17	2	6	227	239	14	1.13e-80	298
508d8526-b40e-4784-ac5a-86202e7f05f5	NR_121688.1	90.708	226	17	2	6	227	238	13	1.13e-80	298
f0531680-f1a7-4709-b7c6-8582ced42897	NR_027207.1	94.301	193	5	5	1	188	942	751	1.53e-78	291
f0531680-f1a7-4709-b7c6-8582ced42897	NR_042885.1	94.301	193	5	4	1	188	938	747	1.53e-78	291
f0531680-f1a7-4709-b7c6-8582ced42897	NR_042878.1	93.782	193	6	4	1	188	938	747	1.98e-77	287
f0531680-f1a7-4709-b7c6-8582ced42897	NR_116168.1	93.782	193	6	4	1	188	959	768	7.13e-77	285
f0531680-f1a7-4709-b7c6-8582ced42897	NR_118143.1	93.782	193	6	4	1	188	940	749	7.13e-77	285
fb668ab1-5369-4539-875d-ad9d69ba8047	NR_116899.1	98.552	967	12	2	1	967	490	1454	0.0	1707
fb668ab1-5369-4539-875d-ad9d69ba8047	NR_179889.1	98.552	967	12	2	1	967	530	1494	0.0	1707
fb668ab1-5369-4539-875d-ad9d69ba8047	NR_181891.1	98.552	967	12	2	1	967	526	1490	0.0	1707
fb668ab1-5369-4539-875d-ad9d69ba8047	NR_199515.1	98.552	967	12	2	1	967	532	1496	0.0	1707
fb668ab1-5369-4539-875d-ad9d69ba8047	NR_024918.1	98.449	967	13	2	1	967	516	1480	0.0	1701
59a55445-18be-4bd6-bb37-5309e1069657	NR_199513.1	95.310	1386	37	19	12	1374	110	1490	0.0	2174
59a55445-18be-4bd6-bb37-5309e1069657	NR_041953.1	95.166	1386	39	19	12	1374	83	1463	0.0	2163
59a55445-18be-4bd6-bb37-5309e1069657	NR_042541.1	95.094	1386	40	19	12	1374	83	1463	0.0	2159
59a55445-18be-4bd6-bb37-5309e1069657	NR_179889.1	95.094	1386	40	19	12	1374	110	1490	0.0	2158
59a55445-18be-4bd6-bb37-5309e1069657	NR_181891.1	95.094	1386	40	19	12	1374	106	1486	0.0	2158
7c06539a-3fd1-4fe2-ba55-9d8036407372	NR_116899.1	97.360	909	16	6	1	906	547	1450	0.0	1539
7c06539a-3fd1-4fe2-ba55-9d8036407372	NR_024918.1	97.250	909	17	6	1	906	573	1476	0.0	1533
7c06539a-3fd1-4fe2-ba55-9d8036407372	NR_041799.1	97.253	910	15	8	1	906	560	1463	0.0	1533
7c06539a-3fd1-4fe2-ba55-9d8036407372	NR_041953.1	97.250	909	17	6	1	906	560	1463	0.0	1533
7c06539a-3fd1-4fe2-ba55-9d8036407372	NR_042541.1	97.250	909	17	6	1	906	560	1463	0.0	1533
c370f37a-91ef-4ded-b309-0e04d9e2d6ca	NR_179337.1	89.920	1498	65	61	1	1445	1465	1	0.0	1851
c370f37a-91ef-4ded-b309-0e04d9e2d6ca	NR_179384.1	89.814	1502	67	61	1	1449	1474	6	0.0	1847
c370f37a-91ef-4ded-b309-0e04d9e2d6ca	NR_114911.1	89.747	1502	68	61	1	1449	1484	16	0.0	1842
c370f37a-91ef-4ded-b309-0e04d9e2d6ca	NR_025174.1	89.740	1501	68	61	1	1449	1467	1	0.0	1840
c370f37a-91ef-4ded-b309-0e04d9e2d6ca	NR_170438.1	89.621	1503	70	61	1	1450	1470	1	0.0	1832
f59bed0a-4958-4ee0-8b06-6e943959f989	NR_199513.1	95.163	1013	21	21	4	1002	1016	18	0.0	1574
f59bed0a-4958-4ee0-8b06-6e943959f989	NR_024901.1	95.319	1004	17	23	12	1000	994	6	0.0	1567
f59bed0a-4958-4ee0-8b06-6e943959f989	NR_024928.1	95.319	1004	17	23	12	1000	994	6	0.0	1567
f59bed0a-4958-4ee0-8b06-6e943959f989	NR_156986.1	95.319	1004	17	23	12	1000	989	1	0.0	1567
f59bed0a-4958-4ee0-8b06-6e943959f989	NR_156987.1	95.219	1004	18	23	12	1000	989	1	0.0	1561
8ef640d2-9040-48ea-86d3-dfe3125423c4	NR_164626.1	98.020	202	0	3	1	200	200	1	9.62e-96	348
8ef640d2-9040-48ea-86d3-dfe3125423c4	NR_024901.1	98.000	200	0	3	1	198	203	6	1.24e-94	344
8ef640d2-9040-48ea-86d3-dfe3125423c4	NR_024912.1	98.000	200	0	3	1	198	203	6	1.24e-94	344
8ef640d2-9040-48ea-86d3-dfe3125423c4	NR_024928.1	98.000	200	0	3	1	198	203	6	1.24e-94	344
8ef640d2-9040-48ea-86d3-dfe3125423c4	NR_025586.1	98.000	200	0	3	1	198	198	1	1.24e-94	344
5a981932-2f10-43da-a2c0-8bb78182854d	NR_024912.1	90.060	503	19	21	1	480	508	14	3.72e-178	623
5a981932-2f10-43da-a2c0-8bb78182854d	NR_037092.1	90.040	502	20	20	1	480	512	19	3.72e-178	623
5a981932-2f10-43da-a2c0-8bb78182854d	NR_042147.1	90.060	503	19	21	1	480	495	1	3.72e-178	623
5a981932-2f10-43da-a2c0-8bb78182854d	NR_156986.1	90.060	503	19	21	1	480	503	9	3.72e-178	623
5a981932-2f10-43da-a2c0-8bb78182854d	NR_199514.1	90.060	503	19	22	1	480	515	21	3.72e-178	623
0f44f5ba-cc51-4237-9b06-09bebaecc5f1	NR_074980.1	95.923	466	12	7	6	466	476	13	0.0	749
0f44f5ba-cc51-4237-9b06-09bebaecc5f1	NR_113031.1	95.923	466	12	7	6	466	476	13	0.0	749
0f44f5ba-cc51-4237-9b06-09bebaecc5f1	NR_163639.1	95.503	467	11	10	6	467	465	4	0.0	737
0f44f5ba-cc51-4237-9b06-09bebaecc5f1	NR_119168.1	96.053	456	11	7	6	456	454	1	0.0	736
0f44f5ba-cc51-4237-9b06-09bebaecc5f1	NR_119169.1	95.614	456	13	7	6	456	454	1	0.0	728
781a1e98-e765-445d-b28f-fefe83bd05ae	NR_036936.1	98.851	174	2	0	18	191	174	1	1.27e-84	311
781a1e98-e765-445d-b28f-fefe83bd05ae	NR_109720.1	98.817	169	2	0	17	185	169	1	7.64e-82	302
781a1e98-e765-445d-b28f-fefe83bd05ae	NR_028664.1	96.133	181	5	2	21	201	192	14	1.28e-79	294
781a1e98-e765-445d-b28f-fefe83bd05ae	NR_115560.1	96.629	178	4	2	21	198	189	14	1.28e-79	294
781a1e98-e765-445d-b28f-fefe83bd05ae	NR_117425.1	97.126	174	5	0	21	194	174	1	1.28e-79	294
797a54ea-e929-42fd-9121-7f12d4902a13	NR_041989.1	94.491	1071	26	24	14	1061	1061	1	0.0	1620
797a54ea-e929-42fd-9121-7f12d4902a13	NR_121687.1	93.048	1122	43	26	14	1111	1123	13	0.0	1607
797a54ea-e929-42fd-9121-7f12d4902a13	NR_025892.1	92.596	1121	49	24	14	1111	1128	19	0.0	1604
797a54ea-e929-42fd-9121-7f12d4902a13	NR_117692.1	93.172	1113	43	25	14	1103	1103	1	0.0	1604
797a54ea-e929-42fd-9121-7f12d4902a13	NR_117717.1	92.692	1122	46	27	14	1111	1123	14	0.0	1585
b07eed2d-94e7-47a0-b337-ee33915b3144	NR_024918.1	92.058	894	48	21	1	879	591	1476	0.0	1236
b07eed2d-94e7-47a0-b337-ee33915b3144	NR_116899.1	92.058	894	48	21	1	879	565	1450	0.0	1236
b07eed2d-94e7-47a0-b337-ee33915b3144	NR_041799.1	91.955	895	47	23	1	879	578	1463	0.0	1230
b07eed2d-94e7-47a0-b337-ee33915b3144	NR_164626.1	91.946	894	49	21	1	879	588	1473	0.0	1230
b07eed2d-94e7-47a0-b337-ee33915b3144	NR_179889.1	91.946	894	49	21	1	879	605	1490	0.0	1230
ed4f93d3-cee8-4ccb-804e-2560a5ba0ee9	NR_042776.1	97.358	265	1	5	6	265	781	518	4.67e-125	446
ed4f93d3-cee8-4ccb-804e-2560a5ba0ee9	NR_042777.1	97.358	265	1	5	6	265	780	517	4.67e-125	446
ed4f93d3-cee8-4ccb-804e-2560a5ba0ee9	NR_042778.1	97.358	265	1	5	6	265	781	518	4.67e-125	446
ed4f93d3-cee8-4ccb-804e-2560a5ba0ee9	NR_118998.1	97.358	265	1	5	6	265	776	513	4.67e-125	446
ed4f93d3-cee8-4ccb-804e-2560a5ba0ee9	NR_197695.1	97.358	265	1	5	6	265	780	517	4.67e-125	446
ec84ae4c-3a71-4ce8-b138-defd71049a9d	NR_156986.1	94.756	1392	42	25	1	1371	1382	1	0.0	2137
ec84ae4c-3a71-4ce8-b138-defd71049a9d	NR_199513.1	94.688	1393	45	23	1	1373	1401	18	0.0	2135
ec84ae4c-3a71-4ce8-b138-defd71049a9d	NR_156987.1	94.684	1392	43	25	1	1371	1382	1	0.0	2132
ec84ae4c-3a71-4ce8-b138-defd71049a9d	NR_024928.1	94.612	1392	44	25	1	1371	1387	6	0.0	2128
ec84ae4c-3a71-4ce8-b138-defd71049a9d	NR_178976.1	94.722	1383	42	25	1	1362	1373	1	0.0	2122
31c585db-da02-49d9-8271-88579015b561	NR_179889.1	94.323	1374	44	30	1	1356	133	1490	0.0	2074
31c585db-da02-49d9-8271-88579015b561	NR_199513.1	94.323	1374	44	31	1	1356	133	1490	0.0	2074
31c585db-da02-49d9-8271-88579015b561	NR_041953.1	94.250	1374	45	31	1	1356	106	1463	0.0	2069
31c585db-da02-49d9-8271-88579015b561	NR_042541.1	94.246	1373	45	31	2	1356	107	1463	0.0	2067
31c585db-da02-49d9-8271-88579015b561	NR_178854.1	94.250	1374	44	31	1	1356	106	1462	0.0	2067
7208315d-ba0e-465a-80ad-278b05a378d4	NR_116168.1	94.508	528	19	7	6	533	533	16	0.0	806
7208315d-ba0e-465a-80ad-278b05a378d4	NR_042878.1	93.870	522	22	7	6	527	512	1	0.0	787
7208315d-ba0e-465a-80ad-278b05a378d4	NR_025423.1	92.979	527	25	9	6	530	517	1	0.0	758
7208315d-ba0e-465a-80ad-278b05a378d4	NR_118762.1	91.902	531	33	7	6	536	536	16	0.0	756
7208315d-ba0e-465a-80ad-278b05a378d4	NR_118143.1	92.161	523	29	9	7	527	513	1	0.0	730
c4fb62c6-8959-416c-a48f-f2b818c38269	NR_117694.1	97.816	1328	14	14	1	1320	147	1467	0.0	2278
c4fb62c6-8959-416c-a48f-f2b818c38269	NR_121687.1	96.915	1329	24	16	1	1320	167	1487	0.0	2211
c4fb62c6-8959-416c-a48f-f2b818c38269	NR_117692.1	96.842	1330	23	17	1	1320	147	1467	0.0	2206
c4fb62c6-8959-416c-a48f-f2b818c38269	NR_025892.1	96.596	1322	29	15	1	1314	173	1486	0.0	2202
c4fb62c6-8959-416c-a48f-f2b818c38269	NR_025902.1	96.692	1330	25	17	1	1320	125	1445	0.0	2194
43641213-bde6-4b65-b787-394528f53fe3	NR_165737.1	96.445	872	12	15	1	859	1468	603	0.0	1421
43641213-bde6-4b65-b787-394528f53fe3	NR_024842.1	96.216	872	13	16	1	859	1482	618	0.0	1410
43641213-bde6-4b65-b787-394528f53fe3	NR_036936.1	96.216	872	14	15	1	859	1468	603	0.0	1410
43641213-bde6-4b65-b787-394528f53fe3	NR_115735.1	96.216	872	13	16	1	859	1458	594	0.0	1410
43641213-bde6-4b65-b787-394528f53fe3	NR_109720.1	96.309	867	13	15	6	859	1457	597	0.0	1406
80b67f70-6201-47bb-beb3-520f4b29d448	NR_156986.1	91.658	1007	47	28	4	985	996	2	0.0	1360
80b67f70-6201-47bb-beb3-520f4b29d448	NR_037092.1	91.625	1003	50	27	4	985	1001	12	0.0	1356
80b67f70-6201-47bb-beb3-520f4b29d448	NR_156987.1	91.559	1007	48	28	4	985	996	2	0.0	1354
80b67f70-6201-47bb-beb3-520f4b29d448	NR_199514.1	91.559	1007	48	28	4	985	1008	14	0.0	1354
80b67f70-6201-47bb-beb3-520f4b29d448	NR_024901.1	91.460	1007	49	28	4	985	1001	7	0.0	1349
1a03eabe-9913-4bc0-84b6-1a63e215116e	NR_199513.1	95.292	616	21	7	1	611	438	1050	0.0	970
1a03eabe-9913-4bc0-84b6-1a63e215116e	NR_181891.1	95.130	616	22	7	1	611	434	1046	0.0	965
1a03eabe-9913-4bc0-84b6-1a63e215116e	NR_041953.1	94.968	616	23	7	1	611	411	1023	0.0	959
1a03eabe-9913-4bc0-84b6-1a63e215116e	NR_178447.1	94.968	616	23	7	1	611	345	957	0.0	959
1a03eabe-9913-4bc0-84b6-1a63e215116e	NR_042541.1	94.805	616	24	7	1	611	411	1023	0.0	953
