12422f9a-97b8-4217-948c-976614a4bfd8	NR_181981.1	87.629	97	5	3	1	96	1493	1403	2.66e-23	106
12422f9a-97b8-4217-948c-976614a4bfd8	NR_037101.1	86.598	97	6	4	1	96	1478	1388	1.24e-21	100
12422f9a-97b8-4217-948c-976614a4bfd8	NR_040821.1	86.598	97	6	4	1	96	1478	1388	1.24e-21	100
12422f9a-97b8-4217-948c-976614a4bfd8	NR_025630.1	86.598	97	6	3	1	96	1477	1387	1.24e-21	100
12422f9a-97b8-4217-948c-976614a4bfd8	NR_024696.1	86.598	97	6	3	1	96	1494	1404	1.24e-21	100
3efe2da4-2a54-4bd1-afff-779e9ecb3ee8	NR_164626.1	96.364	110	1	3	10	118	108	1	7.21e-45	178
3efe2da4-2a54-4bd1-afff-779e9ecb3ee8	NR_180260.1	96.364	110	1	3	10	118	118	11	7.21e-45	178
3efe2da4-2a54-4bd1-afff-779e9ecb3ee8	NR_180878.1	96.364	110	1	3	10	118	118	11	7.21e-45	178
3efe2da4-2a54-4bd1-afff-779e9ecb3ee8	NR_181570.1	96.364	110	1	3	10	118	125	18	7.21e-45	178
3efe2da4-2a54-4bd1-afff-779e9ecb3ee8	NR_024901.1	96.296	108	1	3	10	116	111	6	9.32e-44	174
