fbb1b4ff-21fe-4b5e-b8eb-a353a553b4a6	NR_117694.1	95.763	1416	23	28	1	1394	67	1467	0.0	2248
fbb1b4ff-21fe-4b5e-b8eb-a353a553b4a6	NR_121687.1	94.848	1417	34	30	1	1394	87	1487	0.0	2176
fbb1b4ff-21fe-4b5e-b8eb-a353a553b4a6	NR_025892.1	94.539	1410	39	29	1	1388	93	1486	0.0	2169
fbb1b4ff-21fe-4b5e-b8eb-a353a553b4a6	NR_117692.1	94.570	1418	36	30	1	1394	67	1467	0.0	2154
fbb1b4ff-21fe-4b5e-b8eb-a353a553b4a6	NR_104946.1	94.718	1401	35	30	1	1378	30	1414	0.0	2141
365a2ccb-aeef-4a89-bd9a-5b5c6ebb0ed2	NR_113600.1	97.495	1397	25	9	4	1396	72	1462	0.0	2379
365a2ccb-aeef-4a89-bd9a-5b5c6ebb0ed2	NR_024928.1	97.361	1402	27	9	4	1401	85	1480	0.0	2377
365a2ccb-aeef-4a89-bd9a-5b5c6ebb0ed2	NR_041953.1	97.359	1401	29	7	4	1401	72	1467	0.0	2375
365a2ccb-aeef-4a89-bd9a-5b5c6ebb0ed2	NR_199513.1	97.359	1401	29	7	4	1401	99	1494	0.0	2375
365a2ccb-aeef-4a89-bd9a-5b5c6ebb0ed2	NR_199514.1	97.361	1402	27	9	4	1401	92	1487	0.0	2375
7006489f-e355-44d6-9d20-0fdc5ff7a515	NR_025902.1	98.406	251	2	2	25	275	1197	1445	2.22e-123	440
7006489f-e355-44d6-9d20-0fdc5ff7a515	NR_040933.1	98.406	251	2	2	25	275	1241	1489	2.22e-123	440
7006489f-e355-44d6-9d20-0fdc5ff7a515	NR_117717.1	98.406	251	2	2	25	275	1239	1487	2.22e-123	440
7006489f-e355-44d6-9d20-0fdc5ff7a515	NR_121688.1	98.406	251	2	2	25	275	1239	1487	2.22e-123	440
7006489f-e355-44d6-9d20-0fdc5ff7a515	NR_117692.1	98.406	251	2	2	25	275	1219	1467	2.22e-123	440
714cc525-b5e7-427c-a01f-8466f2197a61	NR_156986.1	96.188	1023	17	13	112	1115	1034	15	0.0	1653
714cc525-b5e7-427c-a01f-8466f2197a61	NR_178976.1	96.188	1023	17	13	112	1115	1025	6	0.0	1653
714cc525-b5e7-427c-a01f-8466f2197a61	NR_113600.1	96.090	1023	18	13	112	1115	1026	7	0.0	1650
714cc525-b5e7-427c-a01f-8466f2197a61	NR_156987.1	96.090	1023	18	13	112	1115	1034	15	0.0	1648
714cc525-b5e7-427c-a01f-8466f2197a61	NR_199514.1	96.090	1023	18	13	112	1115	1046	27	0.0	1648
6f348659-41a9-497f-ad6d-824a6569068c	NR_118155.1	91.420	641	25	21	1	616	697	1332	0.0	852
6f348659-41a9-497f-ad6d-824a6569068c	NR_180078.1	91.420	641	25	22	1	616	694	1329	0.0	852
6f348659-41a9-497f-ad6d-824a6569068c	NR_179168.1	91.264	641	26	22	1	616	697	1332	0.0	846
6f348659-41a9-497f-ad6d-824a6569068c	NR_180737.1	91.264	641	26	22	1	616	675	1310	0.0	846
6f348659-41a9-497f-ad6d-824a6569068c	NR_181265.1	91.264	641	26	22	1	616	701	1336	0.0	846
67275935-64c9-4c6e-b272-afa8d67a47b8	NR_026419.1	96.939	392	6	6	1	390	695	308	0.0	652
67275935-64c9-4c6e-b272-afa8d67a47b8	NR_133753.1	96.429	392	8	6	1	390	661	274	0.0	641
67275935-64c9-4c6e-b272-afa8d67a47b8	NR_025903.1	96.429	392	8	6	1	390	707	320	0.0	641
67275935-64c9-4c6e-b272-afa8d67a47b8	NR_133752.1	96.173	392	9	6	1	390	632	245	0.0	636
67275935-64c9-4c6e-b272-afa8d67a47b8	NR_026469.1	95.663	392	11	6	1	390	697	310	8.24e-179	625
14d02695-cba3-441a-ac14-9d472be5b2af	NR_043314.1	95.417	480	15	7	1	477	1006	1481	0.0	758
14d02695-cba3-441a-ac14-9d472be5b2af	NR_114749.1	95.417	480	15	7	1	477	1008	1483	0.0	758
14d02695-cba3-441a-ac14-9d472be5b2af	NR_116899.1	95.417	480	15	7	1	477	975	1450	0.0	758
14d02695-cba3-441a-ac14-9d472be5b2af	NR_178854.1	95.417	480	15	7	1	477	987	1462	0.0	758
14d02695-cba3-441a-ac14-9d472be5b2af	NR_179889.1	95.417	480	15	7	1	477	1015	1490	0.0	758
aad950c0-fe06-40eb-9ae9-248cf7a588b5	NR_199513.1	90.263	760	35	28	35	773	760	19	0.0	957
aad950c0-fe06-40eb-9ae9-248cf7a588b5	NR_179889.1	89.328	759	44	28	35	773	760	19	0.0	918
aad950c0-fe06-40eb-9ae9-248cf7a588b5	NR_181891.1	89.328	759	44	28	35	773	756	15	0.0	918
aad950c0-fe06-40eb-9ae9-248cf7a588b5	NR_178854.1	89.467	750	41	29	35	764	732	1	0.0	913
aad950c0-fe06-40eb-9ae9-248cf7a588b5	NR_041953.1	89.333	750	43	28	35	764	733	1	0.0	907
e65dbed9-0b63-4c59-bfaf-e7e10766bf9a	NR_104947.1	94.150	718	19	19	1	703	1408	699	0.0	1072
e65dbed9-0b63-4c59-bfaf-e7e10766bf9a	NR_117696.1	94.150	718	19	19	1	703	1422	713	0.0	1072
e65dbed9-0b63-4c59-bfaf-e7e10766bf9a	NR_117717.1	94.011	718	19	20	1	703	1455	747	0.0	1066
e65dbed9-0b63-4c59-bfaf-e7e10766bf9a	NR_121688.1	93.872	718	21	19	1	703	1455	746	0.0	1061
e65dbed9-0b63-4c59-bfaf-e7e10766bf9a	NR_117701.1	93.872	718	21	19	1	703	1435	726	0.0	1061
9efb16c7-5220-455f-8077-b6559c701f04	NR_156986.1	95.734	1008	23	19	1	996	1000	1	0.0	1605
9efb16c7-5220-455f-8077-b6559c701f04	NR_199513.1	95.635	1008	26	17	1	997	1019	19	0.0	1602
9efb16c7-5220-455f-8077-b6559c701f04	NR_156987.1	95.635	1008	24	19	1	996	1000	1	0.0	1600
9efb16c7-5220-455f-8077-b6559c701f04	NR_199514.1	95.635	1008	24	19	1	996	1012	13	0.0	1600
9efb16c7-5220-455f-8077-b6559c701f04	NR_024901.1	95.536	1008	25	19	1	996	1005	6	0.0	1594
91ffeb76-6459-4d7e-aa39-1aa6ec587d1a	NR_181891.1	97.246	1053	15	12	1	1041	1296	246	0.0	1772
91ffeb76-6459-4d7e-aa39-1aa6ec587d1a	NR_178447.1	97.151	1053	16	12	1	1041	1207	157	0.0	1766
91ffeb76-6459-4d7e-aa39-1aa6ec587d1a	NR_041953.1	97.056	1053	17	12	1	1041	1273	223	0.0	1760
91ffeb76-6459-4d7e-aa39-1aa6ec587d1a	NR_179889.1	97.056	1053	17	12	1	1041	1300	250	0.0	1760
91ffeb76-6459-4d7e-aa39-1aa6ec587d1a	NR_199513.1	97.056	1053	17	12	1	1041	1300	250	0.0	1760
8736846d-1689-46b8-91e9-bd122e39f9ea	NR_113570.1	97.217	503	9	5	1	500	990	1490	0.0	846
8736846d-1689-46b8-91e9-bd122e39f9ea	NR_043332.1	97.012	502	11	4	1	500	983	1482	0.0	845
8736846d-1689-46b8-91e9-bd122e39f9ea	NR_074980.1	97.012	502	11	4	1	500	1010	1509	0.0	841
8736846d-1689-46b8-91e9-bd122e39f9ea	NR_113031.1	97.012	502	11	4	1	500	1010	1509	0.0	841
8736846d-1689-46b8-91e9-bd122e39f9ea	NR_115355.1	96.614	502	13	4	1	500	983	1482	0.0	830
bbf9b1bf-2a1f-45e1-a0c7-4ae2826bb50c	NR_156986.1	97.377	953	13	10	1	943	989	39	0.0	1611
bbf9b1bf-2a1f-45e1-a0c7-4ae2826bb50c	NR_178976.1	97.377	953	13	10	1	943	980	30	0.0	1611
bbf9b1bf-2a1f-45e1-a0c7-4ae2826bb50c	NR_113600.1	97.272	953	14	10	1	943	981	31	0.0	1607
bbf9b1bf-2a1f-45e1-a0c7-4ae2826bb50c	NR_156987.1	97.272	953	14	10	1	943	989	39	0.0	1605
bbf9b1bf-2a1f-45e1-a0c7-4ae2826bb50c	NR_199514.1	97.272	953	14	10	1	943	1001	51	0.0	1605
f98ab51a-d814-4965-badc-a0ffb9090f5f	NR_199513.1	97.121	1042	16	12	17	1047	1056	18	0.0	1746
f98ab51a-d814-4965-badc-a0ffb9090f5f	NR_156986.1	97.118	1041	14	14	17	1045	1037	1	0.0	1742
f98ab51a-d814-4965-badc-a0ffb9090f5f	NR_156987.1	97.022	1041	15	14	17	1045	1037	1	0.0	1736
f98ab51a-d814-4965-badc-a0ffb9090f5f	NR_199514.1	97.022	1041	15	14	17	1045	1049	13	0.0	1736
f98ab51a-d814-4965-badc-a0ffb9090f5f	NR_024901.1	96.926	1041	16	14	17	1045	1042	6	0.0	1731
805ec163-6d11-426a-917f-6db54d7c2aef	NR_156986.1	96.620	858	16	10	1	855	848	1	0.0	1411
805ec163-6d11-426a-917f-6db54d7c2aef	NR_156987.1	96.503	858	17	10	1	855	848	1	0.0	1406
805ec163-6d11-426a-917f-6db54d7c2aef	NR_199514.1	96.503	858	17	10	1	855	860	13	0.0	1406
805ec163-6d11-426a-917f-6db54d7c2aef	NR_024901.1	96.387	858	18	10	1	855	853	6	0.0	1400
805ec163-6d11-426a-917f-6db54d7c2aef	NR_024928.1	96.387	858	18	10	1	855	853	6	0.0	1400
efa2901c-4ca5-4ebe-b8fd-fea4cdc998fa	NR_117694.1	84.990	513	36	37	1	486	969	1467	6.60e-136	483
efa2901c-4ca5-4ebe-b8fd-fea4cdc998fa	NR_117717.1	84.795	513	37	37	1	486	989	1487	3.07e-134	477
efa2901c-4ca5-4ebe-b8fd-fea4cdc998fa	NR_121687.1	84.795	513	37	38	1	486	989	1487	3.07e-134	477
efa2901c-4ca5-4ebe-b8fd-fea4cdc998fa	NR_117696.1	84.795	513	37	37	1	486	956	1454	3.07e-134	477
efa2901c-4ca5-4ebe-b8fd-fea4cdc998fa	NR_159079.1	84.600	513	38	37	1	486	965	1463	1.43e-132	472
92ebcd93-0c97-4b2d-aaa0-1f0133a81b5c	NR_199513.1	97.545	448	3	6	5	446	222	667	0.0	760
92ebcd93-0c97-4b2d-aaa0-1f0133a81b5c	NR_041953.1	97.321	448	4	6	5	446	195	640	0.0	754
92ebcd93-0c97-4b2d-aaa0-1f0133a81b5c	NR_152710.1	97.321	448	4	6	5	446	176	621	0.0	754
92ebcd93-0c97-4b2d-aaa0-1f0133a81b5c	NR_178447.1	97.321	448	4	6	5	446	129	574	0.0	754
92ebcd93-0c97-4b2d-aaa0-1f0133a81b5c	NR_181891.1	97.321	448	4	6	5	446	218	663	0.0	754
e8e844e8-a48f-4537-9a40-4cd99fbd61c1	NR_116168.1	95.161	558	15	10	1	548	569	14	0.0	870
e8e844e8-a48f-4537-9a40-4cd99fbd61c1	NR_042878.1	94.364	550	19	10	1	540	548	1	0.0	843
e8e844e8-a48f-4537-9a40-4cd99fbd61c1	NR_118762.1	92.857	560	28	10	1	550	572	15	0.0	824
e8e844e8-a48f-4537-9a40-4cd99fbd61c1	NR_025423.1	92.806	556	24	13	1	543	553	1	0.0	791
e8e844e8-a48f-4537-9a40-4cd99fbd61c1	NR_118143.1	91.863	553	29	13	1	540	550	1	0.0	760
240fa561-5cb3-4492-a6ec-d2d81fa4c16c	NR_044091.1	96.069	636	13	11	2	633	1256	629	0.0	1026
240fa561-5cb3-4492-a6ec-d2d81fa4c16c	NR_113570.1	95.440	636	16	12	2	633	1348	722	0.0	1002
240fa561-5cb3-4492-a6ec-d2d81fa4c16c	NR_043332.1	95.126	636	18	12	2	633	1341	715	0.0	994
240fa561-5cb3-4492-a6ec-d2d81fa4c16c	NR_117759.1	95.126	636	18	12	2	633	1344	718	0.0	992
240fa561-5cb3-4492-a6ec-d2d81fa4c16c	NR_074980.1	95.126	636	18	12	2	633	1368	742	0.0	990
430cebb3-6772-4883-9b02-406572ed23d3	NR_156986.1	95.918	1127	27	17	18	1132	1123	4	0.0	1808
430cebb3-6772-4883-9b02-406572ed23d3	NR_024928.1	95.830	1127	28	17	18	1132	1128	9	0.0	1803
430cebb3-6772-4883-9b02-406572ed23d3	NR_156987.1	95.830	1127	28	17	18	1132	1123	4	0.0	1803
430cebb3-6772-4883-9b02-406572ed23d3	NR_178976.1	95.986	1121	26	17	18	1126	1114	1	0.0	1803
430cebb3-6772-4883-9b02-406572ed23d3	NR_199514.1	95.830	1127	28	17	18	1132	1135	16	0.0	1803
f118a58c-dbe4-409e-a4b8-6a7927a82a7b	NR_199545.1	96.504	1087	23	10	18	1092	1096	13	0.0	1783
f118a58c-dbe4-409e-a4b8-6a7927a82a7b	NR_179385.1	96.412	1087	24	10	18	1092	1100	17	0.0	1777
f118a58c-dbe4-409e-a4b8-6a7927a82a7b	NR_028664.1	96.228	1087	26	10	18	1092	1099	16	0.0	1766
f118a58c-dbe4-409e-a4b8-6a7927a82a7b	NR_179383.1	96.228	1087	26	13	18	1092	1103	20	0.0	1766
f118a58c-dbe4-409e-a4b8-6a7927a82a7b	NR_115240.1	96.289	1078	26	9	18	1083	1076	1	0.0	1757
deebfa2f-f4f0-4ec8-931e-694c5fe71611	NR_024918.1	95.258	485	12	10	1	477	1000	1481	0.0	758
deebfa2f-f4f0-4ec8-931e-694c5fe71611	NR_028986.1	95.258	485	12	10	1	477	987	1468	0.0	758
deebfa2f-f4f0-4ec8-931e-694c5fe71611	NR_043314.1	95.258	485	12	10	1	477	1005	1486	0.0	758
deebfa2f-f4f0-4ec8-931e-694c5fe71611	NR_042147.1	95.258	485	12	10	1	477	987	1468	0.0	758
deebfa2f-f4f0-4ec8-931e-694c5fe71611	NR_042199.1	95.258	485	12	10	1	477	987	1468	0.0	758
56f2b235-0eec-42e8-8987-23b4b7d58c2f	NR_028900.1	86.755	302	26	10	15	309	643	937	2.60e-88	324
56f2b235-0eec-42e8-8987-23b4b7d58c2f	NR_117692.1	86.755	302	26	10	15	309	685	979	2.60e-88	324
56f2b235-0eec-42e8-8987-23b4b7d58c2f	NR_043459.1	86.424	302	27	10	15	309	709	1003	1.21e-86	318
56f2b235-0eec-42e8-8987-23b4b7d58c2f	NR_041989.1	86.424	302	27	10	15	309	643	937	1.21e-86	318
56f2b235-0eec-42e8-8987-23b4b7d58c2f	NR_117694.1	86.424	302	27	10	15	309	685	979	1.21e-86	318
2503322b-63aa-406f-a16e-fed1daaabf59	NR_156986.1	96.755	1356	25	14	1	1345	1348	1	0.0	2242
2503322b-63aa-406f-a16e-fed1daaabf59	NR_156987.1	96.681	1356	26	14	1	1345	1348	1	0.0	2237
2503322b-63aa-406f-a16e-fed1daaabf59	NR_024928.1	96.608	1356	27	14	1	1345	1353	6	0.0	2233
2503322b-63aa-406f-a16e-fed1daaabf59	NR_178976.1	96.733	1347	25	14	1	1336	1339	1	0.0	2228
2503322b-63aa-406f-a16e-fed1daaabf59	NR_024901.1	96.534	1356	28	14	1	1345	1353	6	0.0	2226
478b7b66-a9ef-4419-a0c6-b2b8a605ef4f	NR_117694.1	95.519	424	7	12	1	418	418	1	0.0	667
478b7b66-a9ef-4419-a0c6-b2b8a605ef4f	NR_025892.1	94.104	424	13	12	1	418	444	27	0.0	641
478b7b66-a9ef-4419-a0c6-b2b8a605ef4f	NR_117692.1	93.868	424	14	11	1	418	418	1	6.92e-180	628
478b7b66-a9ef-4419-a0c6-b2b8a605ef4f	NR_121687.1	93.632	424	15	12	1	418	438	21	3.22e-178	623
478b7b66-a9ef-4419-a0c6-b2b8a605ef4f	NR_117717.1	93.160	424	17	11	1	418	439	22	6.97e-175	612
eba6af77-b171-4286-891e-238bdafd63c5	NR_043314.1	97.194	392	7	3	1	392	1099	1486	0.0	660
eba6af77-b171-4286-891e-238bdafd63c5	NR_114749.1	97.194	392	7	3	1	392	1101	1488	0.0	660
eba6af77-b171-4286-891e-238bdafd63c5	NR_116899.1	97.194	392	7	3	1	392	1068	1455	0.0	660
eba6af77-b171-4286-891e-238bdafd63c5	NR_178854.1	97.194	392	7	3	1	392	1080	1467	0.0	660
eba6af77-b171-4286-891e-238bdafd63c5	NR_179889.1	97.194	392	7	3	1	392	1108	1495	0.0	660
ca7a2f3e-f864-4712-bb32-de412f216499	NR_025164.1	88.599	614	40	27	17	613	601	1	0.0	719
ca7a2f3e-f864-4712-bb32-de412f216499	NR_041799.1	88.436	614	41	27	17	613	601	1	0.0	713
ca7a2f3e-f864-4712-bb32-de412f216499	NR_042199.1	88.436	614	41	27	17	613	601	1	0.0	713
ca7a2f3e-f864-4712-bb32-de412f216499	NR_114227.1	88.436	614	41	27	17	613	601	1	0.0	713
ca7a2f3e-f864-4712-bb32-de412f216499	NR_114481.1	88.455	615	40	28	17	613	610	9	0.0	713
3e8c898f-4bf7-4e5a-ace9-5f196f1e939e	NR_024918.1	98.750	400	2	3	4	403	1080	1476	0.0	708
3e8c898f-4bf7-4e5a-ace9-5f196f1e939e	NR_028986.1	98.750	400	2	3	4	403	1067	1463	0.0	708
3e8c898f-4bf7-4e5a-ace9-5f196f1e939e	NR_043314.1	98.750	400	2	3	4	403	1085	1481	0.0	708
3e8c898f-4bf7-4e5a-ace9-5f196f1e939e	NR_042199.1	98.750	400	2	3	4	403	1067	1463	0.0	708
3e8c898f-4bf7-4e5a-ace9-5f196f1e939e	NR_114225.1	98.747	399	2	3	4	402	1067	1462	0.0	708
d1df8e78-1bfc-436e-bdbd-036771f89b32	NR_024912.1	98.077	520	4	4	1	518	521	6	0.0	900
d1df8e78-1bfc-436e-bdbd-036771f89b32	NR_156986.1	98.077	520	4	4	1	518	516	1	0.0	900
d1df8e78-1bfc-436e-bdbd-036771f89b32	NR_024901.1	97.885	520	5	4	1	518	521	6	0.0	894
d1df8e78-1bfc-436e-bdbd-036771f89b32	NR_024928.1	97.885	520	5	4	1	518	521	6	0.0	894
d1df8e78-1bfc-436e-bdbd-036771f89b32	NR_156987.1	97.885	520	5	4	1	518	516	1	0.0	894
99a2bf39-8e02-4cbb-b78e-f402f375d876	NR_116168.1	95.685	788	13	18	19	792	806	26	0.0	1247
99a2bf39-8e02-4cbb-b78e-f402f375d876	NR_042878.1	95.178	788	17	18	19	792	785	5	0.0	1234
99a2bf39-8e02-4cbb-b78e-f402f375d876	NR_118762.1	93.511	786	30	18	19	790	809	31	0.0	1175
99a2bf39-8e02-4cbb-b78e-f402f375d876	NR_118143.1	93.165	790	31	20	19	792	787	5	0.0	1140
99a2bf39-8e02-4cbb-b78e-f402f375d876	NR_025423.1	92.911	790	33	20	19	792	790	8	0.0	1127
976f817c-3ddb-4882-ba72-e50a69d733a5	NR_043314.1	95.714	420	9	9	5	419	1066	1481	0.0	667
976f817c-3ddb-4882-ba72-e50a69d733a5	NR_114749.1	95.714	420	9	9	5	419	1068	1483	0.0	667
976f817c-3ddb-4882-ba72-e50a69d733a5	NR_116899.1	95.714	420	9	9	5	419	1035	1450	0.0	667
976f817c-3ddb-4882-ba72-e50a69d733a5	NR_178854.1	95.714	420	9	9	5	419	1047	1462	0.0	667
976f817c-3ddb-4882-ba72-e50a69d733a5	NR_179889.1	95.714	420	9	9	5	419	1075	1490	0.0	667
27c52db5-757b-4d9f-802b-d1750119d7f5	NR_164626.1	99.533	214	1	0	1	214	214	1	1.69e-108	390
27c52db5-757b-4d9f-802b-d1750119d7f5	NR_024901.1	99.528	212	1	0	1	212	217	6	2.19e-107	387
27c52db5-757b-4d9f-802b-d1750119d7f5	NR_024909.1	99.528	212	1	0	1	212	217	6	2.19e-107	387
27c52db5-757b-4d9f-802b-d1750119d7f5	NR_024912.1	99.528	212	1	0	1	212	217	6	2.19e-107	387
27c52db5-757b-4d9f-802b-d1750119d7f5	NR_024928.1	99.528	212	1	0	1	212	217	6	2.19e-107	387
cb59f202-e20c-430c-8eb5-38071b2b0209	NR_165737.1	91.361	845	32	32	1	830	827	9	0.0	1118
cb59f202-e20c-430c-8eb5-38071b2b0209	NR_178515.1	91.135	846	32	34	1	830	827	9	0.0	1107
cb59f202-e20c-430c-8eb5-38071b2b0209	NR_109720.1	89.835	846	43	34	1	830	821	3	0.0	1046
cb59f202-e20c-430c-8eb5-38071b2b0209	NR_115241.1	89.610	847	43	36	1	830	827	9	0.0	1035
cb59f202-e20c-430c-8eb5-38071b2b0209	NR_024842.1	89.374	847	45	36	1	830	842	24	0.0	1027
a0c35bb4-1c1c-4e5b-9cdc-9bd921934b97	NR_117694.1	95.885	729	20	8	3	725	733	9	0.0	1171
a0c35bb4-1c1c-4e5b-9cdc-9bd921934b97	NR_025892.1	93.819	728	36	7	3	725	758	35	0.0	1107
a0c35bb4-1c1c-4e5b-9cdc-9bd921934b97	NR_121687.1	94.247	730	30	10	3	725	753	29	0.0	1105
a0c35bb4-1c1c-4e5b-9cdc-9bd921934b97	NR_041989.1	94.397	696	27	10	3	691	691	1	0.0	1059
a0c35bb4-1c1c-4e5b-9cdc-9bd921934b97	NR_117717.1	93.014	730	39	10	3	725	754	30	0.0	1055
11943028-6ecb-4d5b-af79-444c1296635e	NR_024912.1	93.873	457	16	6	1	450	457	6	0.0	678
11943028-6ecb-4d5b-af79-444c1296635e	NR_156986.1	93.873	457	16	6	1	450	452	1	0.0	678
11943028-6ecb-4d5b-af79-444c1296635e	NR_024901.1	93.654	457	17	6	1	450	457	6	0.0	673
11943028-6ecb-4d5b-af79-444c1296635e	NR_024928.1	93.654	457	17	6	1	450	457	6	0.0	673
11943028-6ecb-4d5b-af79-444c1296635e	NR_043425.1	93.654	457	17	6	1	450	462	11	0.0	673
f7ed3232-25ae-4c40-8c31-85eb3c4b9ad9	NR_043314.1	92.946	482	24	10	1	472	1005	1486	0.0	693
f7ed3232-25ae-4c40-8c31-85eb3c4b9ad9	NR_114749.1	92.946	482	24	10	1	472	1007	1488	0.0	693
f7ed3232-25ae-4c40-8c31-85eb3c4b9ad9	NR_116899.1	92.946	482	24	10	1	472	974	1455	0.0	693
f7ed3232-25ae-4c40-8c31-85eb3c4b9ad9	NR_178854.1	92.946	482	24	10	1	472	986	1467	0.0	693
f7ed3232-25ae-4c40-8c31-85eb3c4b9ad9	NR_179889.1	92.946	482	24	10	1	472	1014	1495	0.0	693
88249b0e-8181-47e4-a158-f5638fb1e427	NR_199513.1	93.984	1014	25	27	1	992	1018	19	0.0	1502
88249b0e-8181-47e4-a158-f5638fb1e427	NR_156986.1	93.787	1014	25	32	1	991	999	1	0.0	1489
88249b0e-8181-47e4-a158-f5638fb1e427	NR_156987.1	93.688	1014	26	32	1	991	999	1	0.0	1483
88249b0e-8181-47e4-a158-f5638fb1e427	NR_199514.1	93.688	1014	26	32	1	991	1011	13	0.0	1483
88249b0e-8181-47e4-a158-f5638fb1e427	NR_024901.1	93.590	1014	27	32	1	991	1004	6	0.0	1478
587f58b2-dd08-4d15-9cf4-4ac132631f77	NR_179540.1	91.394	1255	46	54	4	1214	259	1495	0.0	1663
587f58b2-dd08-4d15-9cf4-4ac132631f77	NR_117719.1	91.315	1255	48	53	4	1214	259	1496	0.0	1657
587f58b2-dd08-4d15-9cf4-4ac132631f77	NR_028664.1	91.235	1255	49	53	4	1214	262	1499	0.0	1652
587f58b2-dd08-4d15-9cf4-4ac132631f77	NR_179383.1	91.235	1255	49	53	4	1214	266	1503	0.0	1652
587f58b2-dd08-4d15-9cf4-4ac132631f77	NR_042927.1	91.346	1248	47	53	4	1207	241	1471	0.0	1650
1eb3794c-9c5e-40c2-af06-29b9f58fc204	NR_199544.1	97.023	1075	13	14	1	1062	1264	196	0.0	1790
1eb3794c-9c5e-40c2-af06-29b9f58fc204	NR_199545.1	97.023	1075	13	14	1	1062	1306	238	0.0	1790
1eb3794c-9c5e-40c2-af06-29b9f58fc204	NR_028664.1	96.930	1075	14	14	1	1062	1309	241	0.0	1784
1eb3794c-9c5e-40c2-af06-29b9f58fc204	NR_042927.1	96.930	1075	14	14	1	1062	1288	220	0.0	1784
1eb3794c-9c5e-40c2-af06-29b9f58fc204	NR_114413.1	96.930	1075	14	14	1	1062	1311	243	0.0	1784
439a951c-64c9-47ad-ae23-c510273394e3	NR_026095.1	93.151	146	1	5	1	137	203	348	4.20e-53	206
439a951c-64c9-47ad-ae23-c510273394e3	NR_113564.1	93.151	146	1	5	1	137	203	348	4.20e-53	206
439a951c-64c9-47ad-ae23-c510273394e3	NR_181682.1	92.466	146	2	5	1	137	201	346	1.95e-51	200
439a951c-64c9-47ad-ae23-c510273394e3	NR_027581.1	92.361	144	2	5	3	137	204	347	2.53e-50	196
439a951c-64c9-47ad-ae23-c510273394e3	NR_074505.1	92.361	144	2	5	3	137	205	348	2.53e-50	196
c9325f65-ac2b-4188-a75f-77f1e5c67085	NR_028682.1	95.745	282	4	8	1	275	1217	1497	1.31e-125	448
c9325f65-ac2b-4188-a75f-77f1e5c67085	NR_025435.1	94.306	281	8	8	1	275	1214	1492	2.22e-118	424
c9325f65-ac2b-4188-a75f-77f1e5c67085	NR_024817.1	94.265	279	11	5	1	275	1200	1477	2.22e-118	424
c9325f65-ac2b-4188-a75f-77f1e5c67085	NR_025396.1	94.245	278	13	3	1	275	1188	1465	7.97e-118	422
c9325f65-ac2b-4188-a75f-77f1e5c67085	NR_036793.2	93.594	281	10	8	1	275	1225	1503	4.79e-115	412
0f8969e4-1275-411f-81f8-ff36116b3f58	NR_118155.1	93.349	421	13	11	1	409	1134	717	8.64e-174	608
0f8969e4-1275-411f-81f8-ff36116b3f58	NR_169411.1	93.349	421	13	11	1	409	1131	714	8.64e-174	608
0f8969e4-1275-411f-81f8-ff36116b3f58	NR_179168.1	93.349	421	13	11	1	409	1134	717	8.64e-174	608
0f8969e4-1275-411f-81f8-ff36116b3f58	NR_180737.1	93.349	421	13	11	1	409	1112	695	8.64e-174	608
0f8969e4-1275-411f-81f8-ff36116b3f58	NR_181265.1	93.349	421	13	11	1	409	1138	721	8.64e-174	608
416eeb0a-7909-41d7-a33b-821bc10f122b	NR_044873.1	98.228	508	3	4	1	506	962	1465	0.0	883
416eeb0a-7909-41d7-a33b-821bc10f122b	NR_074568.1	96.647	507	11	4	1	506	972	1473	0.0	837
416eeb0a-7909-41d7-a33b-821bc10f122b	NR_025310.1	95.874	509	13	6	1	506	952	1455	0.0	817
416eeb0a-7909-41d7-a33b-821bc10f122b	NR_109752.1	95.866	508	15	4	1	506	983	1486	0.0	817
416eeb0a-7909-41d7-a33b-821bc10f122b	NR_044712.2	96.000	500	14	4	1	499	981	1475	0.0	813
fe4620fe-db79-4a4d-9c43-5ed33bb23753	NR_199513.1	92.734	1156	47	28	4	1139	1157	19	0.0	1635
fe4620fe-db79-4a4d-9c43-5ed33bb23753	NR_024928.1	92.734	1156	45	30	4	1138	1143	6	0.0	1633
fe4620fe-db79-4a4d-9c43-5ed33bb23753	NR_156987.1	92.734	1156	45	30	4	1138	1138	1	0.0	1633
fe4620fe-db79-4a4d-9c43-5ed33bb23753	NR_024901.1	92.647	1156	46	30	4	1138	1143	6	0.0	1628
fe4620fe-db79-4a4d-9c43-5ed33bb23753	NR_156986.1	92.647	1156	46	30	4	1138	1138	1	0.0	1628
95961299-3fc4-4a7d-9a00-9c8d1bd08a52	NR_117694.1	88.686	548	28	27	1	525	542	6	0.0	638
95961299-3fc4-4a7d-9a00-9c8d1bd08a52	NR_025892.1	86.861	548	38	28	1	525	568	32	6.91e-171	599
95961299-3fc4-4a7d-9a00-9c8d1bd08a52	NR_117692.1	87.226	548	36	27	1	525	542	6	3.22e-169	593
95961299-3fc4-4a7d-9a00-9c8d1bd08a52	NR_121687.1	86.885	549	36	30	1	525	562	26	6.96e-166	582
95961299-3fc4-4a7d-9a00-9c8d1bd08a52	NR_025902.1	86.817	531	36	27	1	508	520	1	9.07e-160	562
d8fb451f-e94d-4117-b9ae-81e78ece4418	NR_041953.1	96.337	819	17	9	1	810	345	1159	0.0	1334
d8fb451f-e94d-4117-b9ae-81e78ece4418	NR_041953.1	76.934	698	129	31	835	1510	1134	447	6.49e-101	368
d8fb451f-e94d-4117-b9ae-81e78ece4418	NR_178447.1	96.337	819	17	9	1	810	279	1093	0.0	1334
d8fb451f-e94d-4117-b9ae-81e78ece4418	NR_178447.1	76.934	698	129	31	835	1510	1068	381	6.49e-101	368
d8fb451f-e94d-4117-b9ae-81e78ece4418	NR_181014.1	96.337	819	17	9	1	810	345	1159	0.0	1334
d8fb451f-e94d-4117-b9ae-81e78ece4418	NR_181014.1	76.791	698	130	30	835	1510	1134	447	3.02e-99	363
d8fb451f-e94d-4117-b9ae-81e78ece4418	NR_042541.1	96.215	819	18	9	1	810	345	1159	0.0	1328
d8fb451f-e94d-4117-b9ae-81e78ece4418	NR_042541.1	76.934	698	129	31	835	1510	1134	447	6.49e-101	368
d8fb451f-e94d-4117-b9ae-81e78ece4418	NR_179889.1	96.215	819	18	9	1	810	372	1186	0.0	1328
d8fb451f-e94d-4117-b9ae-81e78ece4418	NR_179889.1	76.934	698	129	31	835	1510	1161	474	6.49e-101	368
b0f53c2f-900b-478f-9848-2af6b21e631f	NR_117694.1	96.161	521	6	11	3	516	514	1	0.0	839
b0f53c2f-900b-478f-9848-2af6b21e631f	NR_025892.1	95.174	518	12	10	14	525	528	18	0.0	815
b0f53c2f-900b-478f-9848-2af6b21e631f	NR_121687.1	94.350	531	14	15	3	525	534	12	0.0	800
b0f53c2f-900b-478f-9848-2af6b21e631f	NR_117692.1	93.666	521	19	13	3	516	514	1	0.0	767
b0f53c2f-900b-478f-9848-2af6b21e631f	NR_026079.2	93.019	530	23	11	3	525	541	19	0.0	761
881c342b-a65d-4c84-9c2c-8083710e4fcf	NR_117694.1	97.527	849	12	8	1	845	844	1	0.0	1443
881c342b-a65d-4c84-9c2c-8083710e4fcf	NR_041989.1	98.387	806	6	6	1	803	802	1	0.0	1410
881c342b-a65d-4c84-9c2c-8083710e4fcf	NR_121687.1	96.037	858	23	10	1	853	864	13	0.0	1386
881c342b-a65d-4c84-9c2c-8083710e4fcf	NR_025892.1	95.566	857	28	9	1	853	869	19	0.0	1384
881c342b-a65d-4c84-9c2c-8083710e4fcf	NR_117692.1	96.108	848	26	5	1	845	844	1	0.0	1376
0f0f31b6-2eb1-4582-876c-9c89006ead69	NR_043314.1	97.308	483	5	5	1	478	1005	1484	0.0	813
0f0f31b6-2eb1-4582-876c-9c89006ead69	NR_114749.1	97.308	483	5	5	1	478	1007	1486	0.0	813
0f0f31b6-2eb1-4582-876c-9c89006ead69	NR_116899.1	97.308	483	5	5	1	478	974	1453	0.0	813
0f0f31b6-2eb1-4582-876c-9c89006ead69	NR_178854.1	97.308	483	5	5	1	478	986	1465	0.0	813
0f0f31b6-2eb1-4582-876c-9c89006ead69	NR_179889.1	97.308	483	5	5	1	478	1014	1493	0.0	813
42d76bdf-5240-409b-b4ee-ebb92815c598	NR_164626.1	95.270	296	6	6	5	295	293	1	5.01e-130	462
42d76bdf-5240-409b-b4ee-ebb92815c598	NR_024912.1	95.238	294	6	6	5	293	296	6	6.48e-129	459
42d76bdf-5240-409b-b4ee-ebb92815c598	NR_028706.1	95.238	294	6	6	5	293	304	14	6.48e-129	459
42d76bdf-5240-409b-b4ee-ebb92815c598	NR_037092.1	95.238	294	6	6	5	293	301	11	6.48e-129	459
42d76bdf-5240-409b-b4ee-ebb92815c598	NR_042939.1	95.238	294	6	6	5	293	302	12	6.48e-129	459
a5c4959f-656a-445d-a73f-3ad47188c52a	NR_028666.1	94.169	343	14	5	8	345	1158	1499	1.26e-146	518
a5c4959f-656a-445d-a73f-3ad47188c52a	NR_028833.1	94.169	343	14	5	8	345	1161	1502	1.26e-146	518
a5c4959f-656a-445d-a73f-3ad47188c52a	NR_029052.1	94.169	343	14	5	8	345	1122	1463	1.26e-146	518
a5c4959f-656a-445d-a73f-3ad47188c52a	NR_036918.1	94.169	343	14	5	8	345	1151	1492	1.26e-146	518
a5c4959f-656a-445d-a73f-3ad47188c52a	NR_042771.1	94.169	343	14	5	8	345	1152	1493	1.26e-146	518
291d3d3c-932a-464b-b3d5-6259c78b4577	NR_040859.1	85.274	1005	66	59	2	942	999	13	0.0	961
291d3d3c-932a-464b-b3d5-6259c78b4577	NR_024910.1	85.259	1004	67	59	2	942	998	13	0.0	959
291d3d3c-932a-464b-b3d5-6259c78b4577	NR_043422.1	85.230	1002	66	62	5	942	1002	19	0.0	959
291d3d3c-932a-464b-b3d5-6259c78b4577	NR_024662.1	85.174	1005	67	60	2	942	1007	21	0.0	955
291d3d3c-932a-464b-b3d5-6259c78b4577	NR_102854.1	85.174	1005	67	60	2	942	1007	21	0.0	955
49cdfb62-e544-4b86-96fe-f7052920476c	NR_043314.1	95.911	538	10	8	1	533	956	1486	0.0	861
49cdfb62-e544-4b86-96fe-f7052920476c	NR_116899.1	95.911	538	10	8	1	533	925	1455	0.0	861
49cdfb62-e544-4b86-96fe-f7052920476c	NR_178854.1	95.911	538	10	8	1	533	937	1467	0.0	861
49cdfb62-e544-4b86-96fe-f7052920476c	NR_179889.1	95.911	538	10	8	1	533	965	1495	0.0	861
49cdfb62-e544-4b86-96fe-f7052920476c	NR_041799.1	95.725	538	11	8	1	533	938	1468	0.0	856
21fc928b-9e10-49a3-8fd6-81425e21b45a	NR_043314.1	97.143	385	7	4	4	387	1100	1481	0.0	647
21fc928b-9e10-49a3-8fd6-81425e21b45a	NR_114749.1	97.143	385	7	4	4	387	1102	1483	0.0	647
21fc928b-9e10-49a3-8fd6-81425e21b45a	NR_116899.1	97.143	385	7	4	4	387	1069	1450	0.0	647
21fc928b-9e10-49a3-8fd6-81425e21b45a	NR_178854.1	97.143	385	7	4	4	387	1081	1462	0.0	647
21fc928b-9e10-49a3-8fd6-81425e21b45a	NR_179889.1	97.143	385	7	4	4	387	1109	1490	0.0	647
03a7d4be-20af-44ac-8588-c32800f64632	NR_024912.1	95.506	445	7	11	1	439	443	6	0.0	699
03a7d4be-20af-44ac-8588-c32800f64632	NR_156986.1	95.506	445	7	11	1	439	438	1	0.0	699
03a7d4be-20af-44ac-8588-c32800f64632	NR_024901.1	95.281	445	8	11	1	439	443	6	0.0	693
03a7d4be-20af-44ac-8588-c32800f64632	NR_024928.1	95.281	445	8	11	1	439	443	6	0.0	693
03a7d4be-20af-44ac-8588-c32800f64632	NR_043425.1	95.281	445	8	11	1	439	448	11	0.0	693
d9175287-e553-41e3-af6b-def0fc2c216e	NR_117694.1	95.588	748	16	13	1	737	661	1402	0.0	1182
d9175287-e553-41e3-af6b-def0fc2c216e	NR_041989.1	95.693	743	15	13	1	732	619	1355	0.0	1179
d9175287-e553-41e3-af6b-def0fc2c216e	NR_178369.1	95.455	748	17	13	1	737	632	1373	0.0	1177
d9175287-e553-41e3-af6b-def0fc2c216e	NR_025892.1	95.187	748	19	13	1	737	686	1427	0.0	1171
d9175287-e553-41e3-af6b-def0fc2c216e	NR_121687.1	95.321	748	18	13	1	737	681	1422	0.0	1171
11f91887-b7a7-496c-b06b-0a78547fec45	NR_199513.1	96.126	697	15	9	1	691	1018	328	0.0	1127
11f91887-b7a7-496c-b06b-0a78547fec45	NR_041953.1	95.983	697	16	9	1	691	991	301	0.0	1122
11f91887-b7a7-496c-b06b-0a78547fec45	NR_178447.1	95.983	697	16	9	1	691	925	235	0.0	1122
11f91887-b7a7-496c-b06b-0a78547fec45	NR_181891.1	95.983	697	16	9	1	691	1014	324	0.0	1122
11f91887-b7a7-496c-b06b-0a78547fec45	NR_199518.1	95.989	698	14	11	1	691	935	245	0.0	1122
5fbca013-27fc-4c84-9e26-fa584e57c2eb	NR_117694.1	97.030	909	13	13	1	904	571	1470	0.0	1517
5fbca013-27fc-4c84-9e26-fa584e57c2eb	NR_121687.1	96.590	909	17	13	1	904	591	1490	0.0	1495
5fbca013-27fc-4c84-9e26-fa584e57c2eb	NR_117692.1	96.480	909	18	12	1	904	571	1470	0.0	1489
5fbca013-27fc-4c84-9e26-fa584e57c2eb	NR_043459.1	96.966	890	16	10	4	888	598	1481	0.0	1483
5fbca013-27fc-4c84-9e26-fa584e57c2eb	NR_117696.1	96.370	909	19	13	1	904	558	1457	0.0	1483
eeec9ea5-1508-48a1-90e7-69f1db8ab6c9	NR_117694.1	91.154	520	30	15	5	519	509	1	0.0	691
eeec9ea5-1508-48a1-90e7-69f1db8ab6c9	NR_025892.1	90.116	516	35	15	12	522	528	24	0.0	665
eeec9ea5-1508-48a1-90e7-69f1db8ab6c9	NR_121687.1	89.885	524	35	17	5	522	529	18	0.0	658
eeec9ea5-1508-48a1-90e7-69f1db8ab6c9	NR_117692.1	89.615	520	38	15	5	519	509	1	0.0	647
eeec9ea5-1508-48a1-90e7-69f1db8ab6c9	NR_041989.1	91.614	477	25	14	5	476	467	1	0.0	645
0671f9f0-a04e-4bae-bbc8-f8e88d15e8bb	NR_156986.1	96.181	707	12	14	1	698	701	1	0.0	1142
0671f9f0-a04e-4bae-bbc8-f8e88d15e8bb	NR_024901.1	96.040	707	13	14	1	698	706	6	0.0	1136
0671f9f0-a04e-4bae-bbc8-f8e88d15e8bb	NR_024912.1	96.040	707	13	14	1	698	706	6	0.0	1136
0671f9f0-a04e-4bae-bbc8-f8e88d15e8bb	NR_024928.1	96.040	707	13	14	1	698	706	6	0.0	1136
0671f9f0-a04e-4bae-bbc8-f8e88d15e8bb	NR_156987.1	96.040	707	13	14	1	698	701	1	0.0	1136
4ec5cea9-0d51-4e0a-ab39-9529771c59cd	NR_028900.1	88.136	354	29	11	1	347	1065	718	7.94e-114	409
4ec5cea9-0d51-4e0a-ab39-9529771c59cd	NR_043459.1	88.136	354	29	11	1	347	1131	784	7.94e-114	409
4ec5cea9-0d51-4e0a-ab39-9529771c59cd	NR_041989.1	88.136	354	29	11	1	347	1065	718	7.94e-114	409
4ec5cea9-0d51-4e0a-ab39-9529771c59cd	NR_117694.1	88.136	354	29	11	1	347	1107	760	7.94e-114	409
4ec5cea9-0d51-4e0a-ab39-9529771c59cd	NR_178369.1	88.136	354	29	11	1	347	1078	731	7.94e-114	409
2b3f6ae4-4137-46f5-a9d4-700128bca6c9	NR_024918.1	96.755	493	9	7	1	489	990	1479	0.0	815
2b3f6ae4-4137-46f5-a9d4-700128bca6c9	NR_043314.1	96.755	493	9	7	1	489	995	1484	0.0	815
2b3f6ae4-4137-46f5-a9d4-700128bca6c9	NR_042147.1	96.755	493	9	7	1	489	977	1466	0.0	815
2b3f6ae4-4137-46f5-a9d4-700128bca6c9	NR_116899.1	96.755	493	9	7	1	489	964	1453	0.0	815
2b3f6ae4-4137-46f5-a9d4-700128bca6c9	NR_164626.1	96.755	493	9	7	1	489	987	1476	0.0	815
81aacc79-29ca-45ae-ab95-cee399aeea19	NR_181857.1	94.774	708	31	6	6	709	821	1526	0.0	1098
81aacc79-29ca-45ae-ab95-cee399aeea19	NR_181265.1	94.633	708	32	6	6	709	790	1495	0.0	1092
81aacc79-29ca-45ae-ab95-cee399aeea19	NR_181730.1	94.737	703	31	6	6	704	769	1469	0.0	1088
81aacc79-29ca-45ae-ab95-cee399aeea19	NR_042147.1	94.492	708	33	6	6	709	763	1468	0.0	1086
81aacc79-29ca-45ae-ab95-cee399aeea19	NR_169411.1	94.492	708	33	6	6	709	783	1488	0.0	1086
d43de615-df40-4cab-a65b-47a2e82c6059	NR_041799.1	96.429	756	12	11	1	744	1434	682	0.0	1232
d43de615-df40-4cab-a65b-47a2e82c6059	NR_114227.1	96.429	756	12	11	1	744	1434	682	0.0	1232
d43de615-df40-4cab-a65b-47a2e82c6059	NR_114481.1	96.429	756	12	11	1	744	1443	691	0.0	1232
d43de615-df40-4cab-a65b-47a2e82c6059	NR_116899.1	96.429	756	12	11	1	744	1421	669	0.0	1232
d43de615-df40-4cab-a65b-47a2e82c6059	NR_117823.1	96.429	756	12	11	1	744	1406	654	0.0	1232
0ab37bb9-2e53-4035-9639-5a6f015e8d24	NR_117694.1	92.217	424	15	14	1	412	418	1	1.50e-166	584
0ab37bb9-2e53-4035-9639-5a6f015e8d24	NR_025892.1	90.993	433	19	15	1	420	444	19	9.06e-164	575
0ab37bb9-2e53-4035-9639-5a6f015e8d24	NR_121687.1	90.762	433	20	16	1	420	438	13	2.54e-159	560
0ab37bb9-2e53-4035-9639-5a6f015e8d24	NR_104830.1	90.092	434	26	13	1	422	433	5	1.97e-155	547
0ab37bb9-2e53-4035-9639-5a6f015e8d24	NR_041989.1	95.157	351	6	8	1	346	376	32	2.55e-154	544
96e693e6-428d-4c86-bb49-daf6d5ddcd6e	NR_163639.1	95.479	376	11	6	1	374	375	4	6.15e-170	595
96e693e6-428d-4c86-bb49-daf6d5ddcd6e	NR_074980.1	94.947	376	12	7	1	373	384	13	4.79e-166	582
96e693e6-428d-4c86-bb49-daf6d5ddcd6e	NR_113031.1	94.947	376	12	7	1	373	384	13	4.79e-166	582
96e693e6-428d-4c86-bb49-daf6d5ddcd6e	NR_119168.1	95.317	363	11	6	1	360	362	3	1.04e-162	571
96e693e6-428d-4c86-bb49-daf6d5ddcd6e	NR_119169.1	95.041	363	12	6	1	360	362	3	1.34e-161	568
6adacc77-f8cd-46d5-a01d-baa76758e642	NR_179337.1	93.895	1425	44	29	22	1417	1411	1	0.0	2109
6adacc77-f8cd-46d5-a01d-baa76758e642	NR_025174.1	93.623	1427	50	30	22	1421	1413	1	0.0	2093
6adacc77-f8cd-46d5-a01d-baa76758e642	NR_028986.1	93.737	1421	46	29	22	1413	1407	1	0.0	2091
6adacc77-f8cd-46d5-a01d-baa76758e642	NR_114911.1	93.562	1429	49	29	22	1421	1430	16	0.0	2089
6adacc77-f8cd-46d5-a01d-baa76758e642	NR_179384.1	93.562	1429	49	29	22	1421	1420	6	0.0	2089
6766c6f6-b151-4323-9b5e-a81717be0895	NR_024927.1	92.844	545	24	12	1	533	33	574	0.0	776
6766c6f6-b151-4323-9b5e-a81717be0895	NR_114223.1	92.844	545	24	12	1	533	20	561	0.0	776
6766c6f6-b151-4323-9b5e-a81717be0895	NR_178342.1	92.661	545	25	12	1	533	20	561	0.0	771
6766c6f6-b151-4323-9b5e-a81717be0895	NR_178482.1	92.661	545	25	12	1	533	10	551	0.0	771
6766c6f6-b151-4323-9b5e-a81717be0895	NR_181528.1	92.937	538	22	13	8	533	2	535	0.0	769
72f4f937-cbe3-4386-8c6f-d1e758ef6952	NR_179889.1	95.574	1333	33	19	2	1321	176	1495	0.0	2111
72f4f937-cbe3-4386-8c6f-d1e758ef6952	NR_041953.1	95.499	1333	34	20	2	1321	149	1468	0.0	2106
72f4f937-cbe3-4386-8c6f-d1e758ef6952	NR_042541.1	95.499	1333	34	19	2	1321	149	1468	0.0	2106
72f4f937-cbe3-4386-8c6f-d1e758ef6952	NR_178854.1	95.499	1333	33	20	2	1321	149	1467	0.0	2104
72f4f937-cbe3-4386-8c6f-d1e758ef6952	NR_178447.1	95.424	1333	35	20	2	1321	83	1402	0.0	2100
d9a6aef2-8d82-4b19-a4a7-692a00dbc3e1	NR_024901.1	96.595	793	17	8	1	788	793	6	0.0	1306
d9a6aef2-8d82-4b19-a4a7-692a00dbc3e1	NR_024928.1	96.595	793	17	8	1	788	793	6	0.0	1306
d9a6aef2-8d82-4b19-a4a7-692a00dbc3e1	NR_156986.1	96.595	793	17	8	1	788	788	1	0.0	1306
d9a6aef2-8d82-4b19-a4a7-692a00dbc3e1	NR_199513.1	96.469	793	20	6	1	789	807	19	0.0	1303
d9a6aef2-8d82-4b19-a4a7-692a00dbc3e1	NR_156987.1	96.469	793	18	8	1	788	788	1	0.0	1301
9d09d720-f428-4e20-95a2-1693c7e3fc27	NR_164626.1	95.455	396	8	7	4	394	391	1	2.96e-178	623
9d09d720-f428-4e20-95a2-1693c7e3fc27	NR_024912.1	95.431	394	8	7	4	392	394	6	3.83e-177	619
9d09d720-f428-4e20-95a2-1693c7e3fc27	NR_028706.1	95.431	394	8	7	4	392	402	14	3.83e-177	619
9d09d720-f428-4e20-95a2-1693c7e3fc27	NR_042939.1	95.431	394	8	7	4	392	400	12	3.83e-177	619
9d09d720-f428-4e20-95a2-1693c7e3fc27	NR_114473.1	95.431	394	8	7	4	392	389	1	3.83e-177	619
722be128-0d02-424d-9059-fd162100bef0	NR_118143.1	98.697	307	1	3	1	305	1226	921	6.48e-154	542
722be128-0d02-424d-9059-fd162100bef0	NR_025338.1	98.684	304	1	3	4	305	1233	931	3.02e-152	536
722be128-0d02-424d-9059-fd162100bef0	NR_041979.1	98.684	304	1	3	4	305	1225	923	3.02e-152	536
722be128-0d02-424d-9059-fd162100bef0	NR_042878.1	98.371	307	2	3	1	305	1224	919	3.02e-152	536
722be128-0d02-424d-9059-fd162100bef0	NR_112005.1	98.684	304	1	3	4	305	1218	916	3.02e-152	536
3e353313-dcc5-4d79-9cb0-e19606adcac7	NR_040859.1	96.271	295	6	4	1	293	966	675	4.97e-135	479
3e353313-dcc5-4d79-9cb0-e19606adcac7	NR_024662.1	96.271	295	6	4	1	293	974	683	4.97e-135	479
3e353313-dcc5-4d79-9cb0-e19606adcac7	NR_024910.1	96.271	295	6	4	1	293	965	674	4.97e-135	479
3e353313-dcc5-4d79-9cb0-e19606adcac7	NR_024924.1	96.271	295	6	4	1	293	965	674	4.97e-135	479
3e353313-dcc5-4d79-9cb0-e19606adcac7	NR_102854.1	96.271	295	6	4	1	293	974	683	4.97e-135	479
0d915b2b-f790-4366-9bd4-f2087721f4ae	NR_042843.1	96.845	729	12	8	24	743	682	1408	0.0	1208
0d915b2b-f790-4366-9bd4-f2087721f4ae	NR_102895.1	96.845	729	12	8	24	743	710	1436	0.0	1208
0d915b2b-f790-4366-9bd4-f2087721f4ae	NR_113113.1	96.845	729	12	8	24	743	690	1416	0.0	1208
0d915b2b-f790-4366-9bd4-f2087721f4ae	NR_109628.1	96.571	729	14	9	24	743	683	1409	0.0	1197
0d915b2b-f790-4366-9bd4-f2087721f4ae	NR_029148.1	96.296	729	15	10	24	743	710	1435	0.0	1186
d7e4d465-a054-46cf-a70b-64d0721827c2	NR_156986.1	95.997	1249	28	18	1	1240	1238	3	0.0	2010
d7e4d465-a054-46cf-a70b-64d0721827c2	NR_156987.1	95.917	1249	29	18	1	1240	1238	3	0.0	2004
d7e4d465-a054-46cf-a70b-64d0721827c2	NR_199514.1	95.837	1249	30	18	1	1240	1250	15	0.0	1999
d7e4d465-a054-46cf-a70b-64d0721827c2	NR_113600.1	95.897	1243	29	18	1	1234	1230	1	0.0	1995
d7e4d465-a054-46cf-a70b-64d0721827c2	NR_024901.1	95.757	1249	31	18	1	1240	1243	8	0.0	1993
f421a65c-c6f6-4743-aec9-be76efcb0ae7	NR_113570.1	94.507	1238	25	33	3	1204	260	1490	0.0	1869
f421a65c-c6f6-4743-aec9-be76efcb0ae7	NR_043332.1	94.260	1237	29	32	3	1204	253	1482	0.0	1858
f421a65c-c6f6-4743-aec9-be76efcb0ae7	NR_074980.1	94.341	1237	28	32	3	1204	280	1509	0.0	1858
f421a65c-c6f6-4743-aec9-be76efcb0ae7	NR_113031.1	94.341	1237	28	32	3	1204	280	1509	0.0	1858
f421a65c-c6f6-4743-aec9-be76efcb0ae7	NR_115355.1	94.018	1237	32	32	3	1204	253	1482	0.0	1836
8925623a-a635-49db-9bfc-61337193b6de	NR_117694.1	98.023	961	12	5	1	956	509	1467	0.0	1663
8925623a-a635-49db-9bfc-61337193b6de	NR_121687.1	97.607	961	16	5	1	956	529	1487	0.0	1640
8925623a-a635-49db-9bfc-61337193b6de	NR_117692.1	97.503	961	17	5	1	956	509	1467	0.0	1635
8925623a-a635-49db-9bfc-61337193b6de	NR_025902.1	97.294	961	19	5	1	956	487	1445	0.0	1624
8925623a-a635-49db-9bfc-61337193b6de	NR_117696.1	97.294	961	19	5	1	956	496	1454	0.0	1624
13ce52ff-58f2-4375-8cb2-b37a4825e493	NR_117717.1	95.925	589	15	8	6	589	906	1490	0.0	946
13ce52ff-58f2-4375-8cb2-b37a4825e493	NR_117696.1	95.925	589	15	8	6	589	873	1457	0.0	946
13ce52ff-58f2-4375-8cb2-b37a4825e493	NR_159079.1	95.756	589	16	8	6	589	882	1466	0.0	941
13ce52ff-58f2-4375-8cb2-b37a4825e493	NR_117694.1	95.756	589	16	8	6	589	886	1470	0.0	941
13ce52ff-58f2-4375-8cb2-b37a4825e493	NR_025902.1	95.586	589	17	8	6	589	864	1448	0.0	935
cb5b7e51-b3d3-4022-a77e-0b942b72e1a7	NR_199513.1	95.485	1196	33	20	2	1182	1217	28	0.0	1890
cb5b7e51-b3d3-4022-a77e-0b942b72e1a7	NR_178976.1	95.481	1195	33	20	2	1181	1189	1	0.0	1888
cb5b7e51-b3d3-4022-a77e-0b942b72e1a7	NR_024928.1	95.405	1197	32	22	2	1182	1203	14	0.0	1884
cb5b7e51-b3d3-4022-a77e-0b942b72e1a7	NR_156986.1	95.401	1196	34	20	2	1182	1198	9	0.0	1884
cb5b7e51-b3d3-4022-a77e-0b942b72e1a7	NR_113600.1	95.318	1196	35	20	2	1182	1190	1	0.0	1881
f7bf6c6f-fac3-4f5a-ad79-9dffac4511d6	NR_074980.1	90.135	1186	64	43	3	1158	1175	13	0.0	1493
f7bf6c6f-fac3-4f5a-ad79-9dffac4511d6	NR_113031.1	90.135	1186	64	43	3	1158	1175	13	0.0	1493
f7bf6c6f-fac3-4f5a-ad79-9dffac4511d6	NR_117759.1	90.026	1173	65	42	3	1145	1151	1	0.0	1474
f7bf6c6f-fac3-4f5a-ad79-9dffac4511d6	NR_119169.1	89.787	1175	68	42	3	1147	1153	1	0.0	1465
f7bf6c6f-fac3-4f5a-ad79-9dffac4511d6	NR_113570.1	89.805	1177	67	43	3	1148	1155	1	0.0	1459
ef578893-7616-435d-af2f-22b9e7a90754	NR_043314.1	93.446	473	15	13	12	474	1015	1481	0.0	688
ef578893-7616-435d-af2f-22b9e7a90754	NR_114749.1	93.446	473	15	13	12	474	1017	1483	0.0	688
ef578893-7616-435d-af2f-22b9e7a90754	NR_116899.1	93.446	473	15	13	12	474	984	1450	0.0	688
ef578893-7616-435d-af2f-22b9e7a90754	NR_178854.1	93.446	473	15	13	12	474	996	1462	0.0	688
ef578893-7616-435d-af2f-22b9e7a90754	NR_179889.1	93.446	473	15	13	12	474	1024	1490	0.0	688
7dde57b7-2b61-42ed-b270-d959b4c9e0b2	NR_025902.1	93.158	190	7	5	1	187	1262	1448	1.54e-73	274
7dde57b7-2b61-42ed-b270-d959b4c9e0b2	NR_028844.1	93.158	190	7	5	1	187	1293	1479	1.54e-73	274
7dde57b7-2b61-42ed-b270-d959b4c9e0b2	NR_040933.1	93.158	190	7	5	1	187	1306	1492	1.54e-73	274
7dde57b7-2b61-42ed-b270-d959b4c9e0b2	NR_117717.1	93.158	190	7	5	1	187	1304	1490	1.54e-73	274
7dde57b7-2b61-42ed-b270-d959b4c9e0b2	NR_121688.1	93.158	190	7	5	1	187	1304	1490	1.54e-73	274
59f8f885-aea9-4340-a5da-5143645ae9c6	NR_041989.1	92.691	301	10	7	1	297	220	512	2.39e-118	424
59f8f885-aea9-4340-a5da-5143645ae9c6	NR_117717.1	91.362	301	14	7	1	297	283	575	1.12e-111	401
59f8f885-aea9-4340-a5da-5143645ae9c6	NR_121688.1	91.362	301	14	7	1	297	282	574	1.12e-111	401
59f8f885-aea9-4340-a5da-5143645ae9c6	NR_117696.1	91.362	301	14	7	1	297	249	541	1.12e-111	401
59f8f885-aea9-4340-a5da-5143645ae9c6	NR_117701.1	91.362	301	14	7	1	297	262	554	1.12e-111	401
be344adf-9144-49bd-9cf6-cbe716d1e945	NR_041799.1	97.432	662	11	5	1	658	807	1466	0.0	1123
be344adf-9144-49bd-9cf6-cbe716d1e945	NR_043314.1	97.436	663	10	6	1	658	824	1484	0.0	1123
be344adf-9144-49bd-9cf6-cbe716d1e945	NR_116899.1	97.432	662	11	5	1	658	794	1453	0.0	1123
be344adf-9144-49bd-9cf6-cbe716d1e945	NR_117823.1	97.432	662	11	5	1	658	779	1438	0.0	1123
be344adf-9144-49bd-9cf6-cbe716d1e945	NR_178854.1	97.432	662	11	5	1	658	806	1465	0.0	1123
1eacf078-17fc-4716-b175-c5f1370570df	NR_041989.1	92.857	560	25	8	1	549	1127	572	0.0	798
1eacf078-17fc-4716-b175-c5f1370570df	NR_117694.1	92.679	560	26	8	1	549	1169	614	0.0	793
1eacf078-17fc-4716-b175-c5f1370570df	NR_104685.1	92.883	548	24	9	1	537	1190	647	0.0	782
1eacf078-17fc-4716-b175-c5f1370570df	NR_121687.1	92.321	560	28	8	1	549	1189	634	0.0	782
1eacf078-17fc-4716-b175-c5f1370570df	NR_178369.1	92.883	548	24	8	1	537	1140	597	0.0	782
24fa11de-2e27-484a-b7f5-de293c700d95	NR_156986.1	96.578	906	21	10	1	900	902	1	0.0	1493
24fa11de-2e27-484a-b7f5-de293c700d95	NR_037092.1	96.567	903	22	8	1	900	907	11	0.0	1487
24fa11de-2e27-484a-b7f5-de293c700d95	NR_156987.1	96.468	906	22	10	1	900	902	1	0.0	1487
24fa11de-2e27-484a-b7f5-de293c700d95	NR_199514.1	96.468	906	22	10	1	900	914	13	0.0	1487
24fa11de-2e27-484a-b7f5-de293c700d95	NR_024901.1	96.358	906	23	10	1	900	907	6	0.0	1482
a87782cc-ab7d-49cb-863f-655d28a963b9	NR_104898.1	92.488	426	21	10	1	418	643	221	8.43e-171	599
a87782cc-ab7d-49cb-863f-655d28a963b9	NR_119167.1	92.488	426	21	10	1	418	642	220	8.43e-171	599
a87782cc-ab7d-49cb-863f-655d28a963b9	NR_121753.2	92.488	426	21	10	1	418	670	248	8.43e-171	599
a87782cc-ab7d-49cb-863f-655d28a963b9	NR_027201.1	92.019	426	23	10	1	418	644	222	1.83e-167	588
a87782cc-ab7d-49cb-863f-655d28a963b9	NR_029292.1	92.019	426	23	10	1	418	648	226	1.83e-167	588
b6af0653-f8de-457b-920b-746034f3415f	NR_116899.1	96.270	858	18	9	10	859	603	1454	0.0	1395
b6af0653-f8de-457b-920b-746034f3415f	NR_179889.1	96.270	858	18	9	10	859	643	1494	0.0	1395
b6af0653-f8de-457b-920b-746034f3415f	NR_041799.1	96.576	847	16	8	21	859	626	1467	0.0	1391
b6af0653-f8de-457b-920b-746034f3415f	NR_117823.1	96.576	847	16	8	21	859	598	1439	0.0	1391
b6af0653-f8de-457b-920b-746034f3415f	NR_043314.1	96.158	859	18	10	10	859	633	1485	0.0	1389
45a9acbb-a4bf-4e32-a038-fb70216f51e2	NR_024924.1	88.625	967	85	20	3	951	515	1474	0.0	1153
45a9acbb-a4bf-4e32-a038-fb70216f51e2	NR_134794.1	88.625	967	85	20	3	951	467	1426	0.0	1153
45a9acbb-a4bf-4e32-a038-fb70216f51e2	NR_180102.1	88.625	967	85	20	3	951	524	1483	0.0	1153
45a9acbb-a4bf-4e32-a038-fb70216f51e2	NR_102854.1	88.533	968	84	22	3	951	524	1483	0.0	1147
45a9acbb-a4bf-4e32-a038-fb70216f51e2	NR_115336.1	88.533	968	84	22	3	951	510	1469	0.0	1147
646b7fea-7efa-4a7b-acf1-2f76c7f08a13	NR_074980.1	94.019	1137	35	28	1	1109	1144	13	0.0	1692
646b7fea-7efa-4a7b-acf1-2f76c7f08a13	NR_113031.1	94.019	1137	35	28	1	1109	1144	13	0.0	1692
646b7fea-7efa-4a7b-acf1-2f76c7f08a13	NR_119168.1	94.055	1127	35	28	1	1100	1122	1	0.0	1687
646b7fea-7efa-4a7b-acf1-2f76c7f08a13	NR_163639.1	93.838	1136	37	28	1	1110	1132	4	0.0	1679
646b7fea-7efa-4a7b-acf1-2f76c7f08a13	NR_113570.1	93.977	1129	35	29	1	1101	1124	1	0.0	1677
206a83cd-6b43-4258-b330-f910bafd2110	NR_156986.1	93.327	1049	29	26	1	1014	1043	1	0.0	1511
206a83cd-6b43-4258-b330-f910bafd2110	NR_156987.1	93.232	1049	30	26	1	1014	1043	1	0.0	1506
206a83cd-6b43-4258-b330-f910bafd2110	NR_199514.1	93.232	1049	30	26	1	1014	1055	13	0.0	1506
206a83cd-6b43-4258-b330-f910bafd2110	NR_199513.1	93.136	1049	33	24	1	1015	1062	19	0.0	1502
206a83cd-6b43-4258-b330-f910bafd2110	NR_024901.1	93.136	1049	31	26	1	1014	1048	6	0.0	1500
2f33d188-f77d-43ba-96ec-54465e59af3b	NR_025892.1	97.340	188	2	3	1	188	1302	1118	2.61e-86	316
2f33d188-f77d-43ba-96ec-54465e59af3b	NR_041989.1	97.340	188	2	3	1	188	1235	1051	2.61e-86	316
2f33d188-f77d-43ba-96ec-54465e59af3b	NR_117694.1	97.340	188	2	3	1	188	1277	1093	2.61e-86	316
2f33d188-f77d-43ba-96ec-54465e59af3b	NR_040933.1	96.809	188	3	3	1	188	1299	1115	1.21e-84	311
2f33d188-f77d-43ba-96ec-54465e59af3b	NR_104947.1	96.809	188	3	3	1	188	1250	1066	1.21e-84	311
e95a19f1-2fe6-4bdc-bc3a-0576de3bb176	NR_043314.1	96.429	504	11	5	1	498	982	1484	0.0	824
e95a19f1-2fe6-4bdc-bc3a-0576de3bb176	NR_116899.1	96.429	504	11	5	1	498	951	1453	0.0	824
e95a19f1-2fe6-4bdc-bc3a-0576de3bb176	NR_178854.1	96.429	504	11	5	1	498	963	1465	0.0	824
e95a19f1-2fe6-4bdc-bc3a-0576de3bb176	NR_179889.1	96.429	504	11	5	1	498	991	1493	0.0	824
e95a19f1-2fe6-4bdc-bc3a-0576de3bb176	NR_041799.1	96.230	504	12	5	1	498	964	1466	0.0	819
5f43e266-6740-43be-89e1-c2758cf23759	NR_024842.1	90.667	375	18	11	10	377	371	7	1.40e-136	484
5f43e266-6740-43be-89e1-c2758cf23759	NR_115241.1	91.257	366	15	11	10	368	356	1	5.02e-136	483
5f43e266-6740-43be-89e1-c2758cf23759	NR_117425.1	90.451	377	19	13	1	370	368	2	1.81e-135	481
5f43e266-6740-43be-89e1-c2758cf23759	NR_115735.1	90.756	357	15	12	10	358	347	1	2.35e-129	460
5f43e266-6740-43be-89e1-c2758cf23759	NR_178515.1	89.362	376	21	14	1	368	365	1	1.09e-127	455
51a11443-6e49-4e8a-992a-eec880111a8b	NR_043425.1	94.359	195	4	4	1	189	1288	1481	1.23e-79	294
51a11443-6e49-4e8a-992a-eec880111a8b	NR_040859.1	94.359	195	4	4	1	189	1282	1475	4.42e-79	292
51a11443-6e49-4e8a-992a-eec880111a8b	NR_040992.1	94.359	195	4	4	1	189	1290	1483	4.42e-79	292
51a11443-6e49-4e8a-992a-eec880111a8b	NR_025881.1	94.359	195	4	4	1	189	1288	1481	4.42e-79	292
51a11443-6e49-4e8a-992a-eec880111a8b	NR_026395.1	94.359	195	4	4	1	189	1290	1483	4.42e-79	292
1e00264b-9329-4a98-ab59-1fe316a24d90	NR_074980.1	87.282	802	39	45	7	772	787	13	0.0	857
1e00264b-9329-4a98-ab59-1fe316a24d90	NR_113031.1	87.282	802	39	45	7	772	787	13	0.0	857
1e00264b-9329-4a98-ab59-1fe316a24d90	NR_119168.1	88.415	751	36	38	7	731	765	40	0.0	857
1e00264b-9329-4a98-ab59-1fe316a24d90	NR_043332.1	88.149	751	38	38	7	731	760	35	0.0	848
1e00264b-9329-4a98-ab59-1fe316a24d90	NR_115354.1	88.181	753	34	38	7	731	760	35	0.0	848
c9938706-ae2d-4aed-a0db-5fabe1eb288a	NR_156986.1	91.491	1093	39	46	1	1055	1077	1	0.0	1454
c9938706-ae2d-4aed-a0db-5fabe1eb288a	NR_156987.1	91.400	1093	40	46	1	1055	1077	1	0.0	1448
c9938706-ae2d-4aed-a0db-5fabe1eb288a	NR_199514.1	91.400	1093	40	46	1	1055	1089	13	0.0	1448
c9938706-ae2d-4aed-a0db-5fabe1eb288a	NR_199513.1	91.332	1096	39	48	1	1057	1096	18	0.0	1447
c9938706-ae2d-4aed-a0db-5fabe1eb288a	NR_024901.1	91.308	1093	41	46	1	1055	1082	6	0.0	1443
6480f715-7af0-461e-99c2-5668a94217ab	NR_179889.1	92.850	1035	45	24	1	1017	467	1490	0.0	1474
6480f715-7af0-461e-99c2-5668a94217ab	NR_181891.1	92.850	1035	45	24	1	1017	463	1486	0.0	1474
6480f715-7af0-461e-99c2-5668a94217ab	NR_041953.1	92.754	1035	46	24	1	1017	440	1463	0.0	1469
6480f715-7af0-461e-99c2-5668a94217ab	NR_042541.1	92.754	1035	46	24	1	1017	440	1463	0.0	1469
6480f715-7af0-461e-99c2-5668a94217ab	NR_178854.1	92.754	1035	45	25	1	1017	440	1462	0.0	1469
1382f7e3-ce90-4079-b7fd-fed0114ae742	NR_117694.1	91.992	1024	47	32	1	1003	262	1271	0.0	1404
1382f7e3-ce90-4079-b7fd-fed0114ae742	NR_121687.1	91.797	1024	49	32	1	1003	282	1291	0.0	1393
1382f7e3-ce90-4079-b7fd-fed0114ae742	NR_041988.1	91.691	1023	52	30	1	1003	220	1229	0.0	1387
1382f7e3-ce90-4079-b7fd-fed0114ae742	NR_026079.2	91.300	1023	56	30	1	1003	289	1298	0.0	1365
1382f7e3-ce90-4079-b7fd-fed0114ae742	NR_104946.1	91.300	1023	56	30	1	1003	225	1234	0.0	1365
4947c1eb-1b33-4ad3-91fa-b9fc54ecf993	NR_028664.1	93.716	366	12	8	1	360	393	33	1.06e-152	538
4947c1eb-1b33-4ad3-91fa-b9fc54ecf993	NR_114172.1	93.716	366	12	8	1	360	370	10	1.06e-152	538
4947c1eb-1b33-4ad3-91fa-b9fc54ecf993	NR_115240.1	93.716	366	12	8	1	360	370	10	1.06e-152	538
4947c1eb-1b33-4ad3-91fa-b9fc54ecf993	NR_027214.1	93.716	366	12	8	1	360	370	10	1.06e-152	538
4947c1eb-1b33-4ad3-91fa-b9fc54ecf993	NR_115239.1	93.443	366	13	8	1	360	370	10	4.92e-151	532
ace54a25-ed2d-465d-92e1-beed18466d15	NR_116168.1	95.422	1398	42	18	1	1385	99	1487	0.0	2207
ace54a25-ed2d-465d-92e1-beed18466d15	NR_118762.1	93.817	1391	65	17	1	1379	102	1483	0.0	2109
ace54a25-ed2d-465d-92e1-beed18466d15	NR_042878.1	95.611	1276	37	15	1	1264	78	1346	0.0	2037
ace54a25-ed2d-465d-92e1-beed18466d15	NR_025423.1	92.908	1396	75	20	1	1382	83	1468	0.0	2008
ace54a25-ed2d-465d-92e1-beed18466d15	NR_118143.1	93.652	1276	62	15	1	1264	80	1348	0.0	1892
1d127da9-2812-4267-9902-6c2f666166d0	NR_043314.1	91.017	423	21	15	1	414	1029	1443	1.26e-157	555
1d127da9-2812-4267-9902-6c2f666166d0	NR_114749.1	91.017	423	21	15	1	414	1031	1445	1.26e-157	555
1d127da9-2812-4267-9902-6c2f666166d0	NR_116899.1	91.017	423	21	15	1	414	998	1412	1.26e-157	555
1d127da9-2812-4267-9902-6c2f666166d0	NR_178854.1	91.017	423	21	15	1	414	1010	1424	1.26e-157	555
1d127da9-2812-4267-9902-6c2f666166d0	NR_179889.1	91.017	423	21	15	1	414	1038	1452	1.26e-157	555
eadb9bb0-dfcd-4080-bb56-a8b9b06e12b1	NR_156986.1	95.301	979	20	24	3	964	970	1	0.0	1530
eadb9bb0-dfcd-4080-bb56-a8b9b06e12b1	NR_156987.1	95.199	979	21	24	3	964	970	1	0.0	1524
eadb9bb0-dfcd-4080-bb56-a8b9b06e12b1	NR_199514.1	95.199	979	21	24	3	964	982	13	0.0	1524
eadb9bb0-dfcd-4080-bb56-a8b9b06e12b1	NR_024901.1	94.995	979	23	24	3	964	975	6	0.0	1513
eadb9bb0-dfcd-4080-bb56-a8b9b06e12b1	NR_024928.1	94.995	979	23	24	3	964	975	6	0.0	1513
1dc04db3-1cc8-4cf0-b32d-2ae06a676d75	NR_119334.1	91.429	70	3	3	208	275	77	9	7.07e-19	93.5
1dc04db3-1cc8-4cf0-b32d-2ae06a676d75	NR_043684.1	86.207	87	11	1	63	149	126	41	7.07e-19	93.5
1dc04db3-1cc8-4cf0-b32d-2ae06a676d75	NR_027592.1	96.364	55	1	1	222	275	60	6	9.14e-18	89.8
1dc04db3-1cc8-4cf0-b32d-2ae06a676d75	NR_108891.1	85.882	85	11	1	63	147	99	16	9.14e-18	89.8
1dc04db3-1cc8-4cf0-b32d-2ae06a676d75	NR_109463.1	85.882	85	11	1	63	147	107	24	9.14e-18	89.8
06ee3012-f48e-494a-985f-2c5a8b3dc35c	NR_159228.1	96.918	292	4	5	6	295	1204	1492	1.08e-136	484
06ee3012-f48e-494a-985f-2c5a8b3dc35c	NR_028666.1	96.575	292	5	5	6	295	1211	1499	5.01e-135	479
06ee3012-f48e-494a-985f-2c5a8b3dc35c	NR_028833.1	96.575	292	5	5	6	295	1214	1502	5.01e-135	479
06ee3012-f48e-494a-985f-2c5a8b3dc35c	NR_029052.1	96.575	292	5	5	6	295	1175	1463	5.01e-135	479
06ee3012-f48e-494a-985f-2c5a8b3dc35c	NR_036918.1	96.575	292	5	5	6	295	1204	1492	5.01e-135	479
702e6a8e-809c-4497-aad1-72067cb537e6	NR_025550.1	97.861	187	0	4	1	184	1006	821	1.98e-87	320
702e6a8e-809c-4497-aad1-72067cb537e6	NR_043195.1	97.861	187	0	4	1	184	1022	837	1.98e-87	320
702e6a8e-809c-4497-aad1-72067cb537e6	NR_042147.1	97.861	187	0	4	1	184	1004	819	1.98e-87	320
702e6a8e-809c-4497-aad1-72067cb537e6	NR_137215.1	97.861	187	0	4	1	184	1011	826	1.98e-87	320
702e6a8e-809c-4497-aad1-72067cb537e6	NR_197749.1	97.861	187	0	4	1	184	1026	841	1.98e-87	320
f95f0b0b-16fb-4339-8308-b9cbfc885fdc	NR_164626.1	93.923	181	7	2	1	178	180	1	1.86e-72	270
f95f0b0b-16fb-4339-8308-b9cbfc885fdc	NR_024901.1	93.855	179	7	2	1	176	183	6	2.41e-71	267
f95f0b0b-16fb-4339-8308-b9cbfc885fdc	NR_024912.1	93.855	179	7	2	1	176	183	6	2.41e-71	267
f95f0b0b-16fb-4339-8308-b9cbfc885fdc	NR_024928.1	93.855	179	7	2	1	176	183	6	2.41e-71	267
f95f0b0b-16fb-4339-8308-b9cbfc885fdc	NR_025586.1	93.855	179	7	2	1	176	178	1	2.41e-71	267
d106e530-993e-40b9-a737-90d9e58b0434	NR_025550.1	93.103	174	7	4	1	169	1020	847	2.40e-66	250
d106e530-993e-40b9-a737-90d9e58b0434	NR_042147.1	93.103	174	7	4	1	169	1018	845	2.40e-66	250
d106e530-993e-40b9-a737-90d9e58b0434	NR_137215.1	93.103	174	7	4	1	169	1025	852	2.40e-66	250
d106e530-993e-40b9-a737-90d9e58b0434	NR_197749.1	93.103	174	7	4	1	169	1040	867	2.40e-66	250
d106e530-993e-40b9-a737-90d9e58b0434	NR_043195.1	93.939	165	7	3	8	169	1027	863	3.10e-65	246
bb5e6529-2768-45ba-89c2-2a97841566b0	NR_043420.1	92.045	88	4	3	1	86	1399	1485	8.21e-28	121
bb5e6529-2768-45ba-89c2-2a97841566b0	NR_040859.1	90.909	88	5	3	1	86	1393	1479	3.82e-26	115
bb5e6529-2768-45ba-89c2-2a97841566b0	NR_028806.1	90.909	88	5	3	1	86	1400	1486	3.82e-26	115
bb5e6529-2768-45ba-89c2-2a97841566b0	NR_040992.1	90.909	88	5	3	1	86	1401	1487	3.82e-26	115
bb5e6529-2768-45ba-89c2-2a97841566b0	NR_025881.1	90.909	88	5	3	1	86	1399	1485	3.82e-26	115
15e37ac1-e41b-4704-a1dd-84ce543dcbf4	NR_041722.2	94.603	315	11	6	1	310	1196	1509	4.11e-136	483
15e37ac1-e41b-4704-a1dd-84ce543dcbf4	NR_028736.1	94.603	315	11	6	1	310	1185	1498	4.11e-136	483
15e37ac1-e41b-4704-a1dd-84ce543dcbf4	NR_041721.1	94.603	315	11	6	1	310	1184	1497	4.11e-136	483
15e37ac1-e41b-4704-a1dd-84ce543dcbf4	NR_112704.1	94.603	315	11	6	1	310	1080	1393	4.11e-136	483
15e37ac1-e41b-4704-a1dd-84ce543dcbf4	NR_112705.1	94.603	315	11	6	1	310	1080	1393	4.11e-136	483
88c95ad7-3bba-4ee8-9b36-94f15ea4058e	NR_025892.1	94.118	119	1	4	1	114	96	213	2.51e-44	176
88c95ad7-3bba-4ee8-9b36-94f15ea4058e	NR_041989.1	94.118	119	1	4	1	114	28	145	2.51e-44	176
88c95ad7-3bba-4ee8-9b36-94f15ea4058e	NR_117694.1	94.118	119	1	4	1	114	70	187	2.51e-44	176
88c95ad7-3bba-4ee8-9b36-94f15ea4058e	NR_118249.1	89.916	119	6	4	1	114	70	187	5.47e-36	148
88c95ad7-3bba-4ee8-9b36-94f15ea4058e	NR_178369.1	90.000	120	4	6	1	114	41	158	5.47e-36	148
d295733d-5ab1-4203-be1c-8726e8f232de	NR_144588.1	96.970	33	1	0	4	36	50	18	9.55e-09	56.5
d295733d-5ab1-4203-be1c-8726e8f232de	NR_152716.1	96.774	31	1	0	6	36	60	30	1.24e-07	52.8
ea6234b5-92b9-461d-bb4a-3b4e26674587	NR_024901.1	89.600	125	10	3	4	127	136	14	3.73e-38	156
ea6234b5-92b9-461d-bb4a-3b4e26674587	NR_024911.1	89.600	125	10	3	4	127	136	14	3.73e-38	156
ea6234b5-92b9-461d-bb4a-3b4e26674587	NR_024912.1	89.600	125	10	3	4	127	136	14	3.73e-38	156
ea6234b5-92b9-461d-bb4a-3b4e26674587	NR_024928.1	89.600	125	10	3	4	127	136	14	3.73e-38	156
ea6234b5-92b9-461d-bb4a-3b4e26674587	NR_025164.1	89.600	125	10	3	4	127	123	1	3.73e-38	156
5ccca8ee-a19e-478c-99d5-ef92356d34f6	NR_024783.1	96.364	110	2	2	1	109	895	787	1.88e-45	180
5ccca8ee-a19e-478c-99d5-ef92356d34f6	NR_025310.1	96.364	110	2	2	1	109	890	782	1.88e-45	180
5ccca8ee-a19e-478c-99d5-ef92356d34f6	NR_044873.1	96.364	110	2	2	1	109	900	792	1.88e-45	180
5ccca8ee-a19e-478c-99d5-ef92356d34f6	NR_074568.1	96.364	110	2	2	1	109	910	802	1.88e-45	180
5ccca8ee-a19e-478c-99d5-ef92356d34f6	NR_109752.1	96.364	110	2	2	1	109	921	813	1.88e-45	180
c7ec4f7c-c598-4b3c-b02f-ce7ccee10307	NR_164626.1	94.309	123	4	1	1	120	123	1	4.40e-47	185
c7ec4f7c-c598-4b3c-b02f-ce7ccee10307	NR_181570.1	94.309	123	4	1	1	120	140	18	4.40e-47	185
c7ec4f7c-c598-4b3c-b02f-ce7ccee10307	NR_114481.1	94.262	122	3	2	1	118	122	1	1.58e-46	183
c7ec4f7c-c598-4b3c-b02f-ce7ccee10307	NR_024901.1	94.215	121	4	1	1	118	126	6	5.69e-46	182
c7ec4f7c-c598-4b3c-b02f-ce7ccee10307	NR_024911.1	94.215	121	4	1	1	118	126	6	5.69e-46	182
0caaec63-befd-4176-8b54-c6e644c27aa0	NR_170438.1	90.074	272	16	9	1	263	292	23	6.43e-94	342
0caaec63-befd-4176-8b54-c6e644c27aa0	NR_024912.1	90.037	271	16	9	1	262	296	28	2.31e-93	340
0caaec63-befd-4176-8b54-c6e644c27aa0	NR_025102.1	90.037	271	16	9	1	262	275	7	2.31e-93	340
0caaec63-befd-4176-8b54-c6e644c27aa0	NR_025164.1	90.037	271	16	9	1	262	283	15	2.31e-93	340
0caaec63-befd-4176-8b54-c6e644c27aa0	NR_025586.1	90.037	271	16	9	1	262	291	23	2.31e-93	340
d7d8d027-f16c-43db-8fca-e5286e5cd5b8	NR_164626.1	97.315	149	0	3	4	151	146	1	2.01e-66	250
d7d8d027-f16c-43db-8fca-e5286e5cd5b8	NR_024901.1	97.279	147	0	3	4	149	149	6	2.60e-65	246
d7d8d027-f16c-43db-8fca-e5286e5cd5b8	NR_024912.1	97.279	147	0	3	4	149	149	6	2.60e-65	246
d7d8d027-f16c-43db-8fca-e5286e5cd5b8	NR_024928.1	97.279	147	0	3	4	149	149	6	2.60e-65	246
d7d8d027-f16c-43db-8fca-e5286e5cd5b8	NR_025586.1	97.279	147	0	3	4	149	144	1	2.60e-65	246
e4944748-59ce-4965-bccd-b055f4c6c84e	NR_025892.1	96.732	153	3	2	1	151	1408	1256	1.56e-67	254
e4944748-59ce-4965-bccd-b055f4c6c84e	NR_025902.1	96.732	153	3	2	1	151	1361	1209	1.56e-67	254
e4944748-59ce-4965-bccd-b055f4c6c84e	NR_040933.1	96.732	153	3	2	1	151	1405	1253	1.56e-67	254
e4944748-59ce-4965-bccd-b055f4c6c84e	NR_041988.1	96.732	153	3	2	1	151	1341	1189	1.56e-67	254
e4944748-59ce-4965-bccd-b055f4c6c84e	NR_104947.1	96.732	153	3	2	1	151	1356	1204	1.56e-67	254
366ec6dd-f6ee-4072-92eb-b24c5c42c35a	NR_041285.1	93.293	164	8	3	1	162	1318	1480	4.75e-63	239
366ec6dd-f6ee-4072-92eb-b24c5c42c35a	NR_175509.1	93.293	164	8	3	1	162	1319	1481	4.75e-63	239
366ec6dd-f6ee-4072-92eb-b24c5c42c35a	NR_180829.1	93.293	164	8	3	1	162	1320	1482	4.75e-63	239
366ec6dd-f6ee-4072-92eb-b24c5c42c35a	NR_025300.1	92.683	164	9	3	1	162	1320	1482	2.21e-61	233
366ec6dd-f6ee-4072-92eb-b24c5c42c35a	NR_029147.1	92.683	164	9	3	1	162	1323	1485	2.21e-61	233
c57ae1c7-8b04-47a7-a907-6354c89cda99	NR_041722.2	99.070	215	2	0	7	221	1300	1514	2.29e-107	387
c57ae1c7-8b04-47a7-a907-6354c89cda99	NR_028736.1	99.070	215	2	0	7	221	1289	1503	2.29e-107	387
c57ae1c7-8b04-47a7-a907-6354c89cda99	NR_041721.1	99.070	215	2	0	7	221	1288	1502	2.29e-107	387
c57ae1c7-8b04-47a7-a907-6354c89cda99	NR_112704.1	99.070	215	2	0	7	221	1184	1398	2.29e-107	387
c57ae1c7-8b04-47a7-a907-6354c89cda99	NR_112705.1	99.070	215	2	0	7	221	1184	1398	2.29e-107	387
86b06aca-8edf-4041-89a3-9901654ccdb8	NR_029097.1	92.126	127	2	6	1	122	1314	1191	3.56e-43	172
86b06aca-8edf-4041-89a3-9901654ccdb8	NR_125570.1	92.126	127	2	6	1	122	1296	1173	3.56e-43	172
86b06aca-8edf-4041-89a3-9901654ccdb8	NR_125571.1	92.126	127	2	6	1	122	1338	1215	3.56e-43	172
86b06aca-8edf-4041-89a3-9901654ccdb8	NR_074634.1	90.756	119	3	6	1	114	1374	1259	4.64e-37	152
86b06aca-8edf-4041-89a3-9901654ccdb8	NR_042832.1	90.756	119	3	6	1	114	1355	1240	4.64e-37	152
c52618b3-c5f5-497d-872a-87c96e6d43c0	NR_044741.1	99.301	143	1	0	1	143	1309	1451	3.26e-69	259
c52618b3-c5f5-497d-872a-87c96e6d43c0	NR_024897.1	98.601	143	2	0	1	143	1344	1486	1.51e-67	254
c52618b3-c5f5-497d-872a-87c96e6d43c0	NR_116168.1	98.601	143	2	0	1	143	1345	1487	1.51e-67	254
c52618b3-c5f5-497d-872a-87c96e6d43c0	NR_181418.1	98.601	143	2	0	1	143	1344	1486	1.51e-67	254
c52618b3-c5f5-497d-872a-87c96e6d43c0	NR_042932.1	99.281	139	1	0	1	139	1325	1463	5.45e-67	252
20d30bde-ead2-452b-8acf-63479e34c0b7	NR_024927.1	100.000	107	0	0	14	120	1123	1017	5.65e-51	198
20d30bde-ead2-452b-8acf-63479e34c0b7	NR_024928.1	100.000	107	0	0	14	120	1123	1017	5.65e-51	198
20d30bde-ead2-452b-8acf-63479e34c0b7	NR_024950.1	100.000	107	0	0	14	120	1126	1020	5.65e-51	198
20d30bde-ead2-452b-8acf-63479e34c0b7	NR_025588.1	100.000	107	0	0	14	120	1118	1012	5.65e-51	198
20d30bde-ead2-452b-8acf-63479e34c0b7	NR_029051.1	100.000	107	0	0	14	120	1050	944	5.65e-51	198
c0c349cd-637e-4796-aa45-4f99e430f7f4	NR_040859.1	94.697	132	3	3	1	128	426	295	4.72e-52	202
c0c349cd-637e-4796-aa45-4f99e430f7f4	NR_028826.1	94.697	132	3	3	1	128	416	285	4.72e-52	202
c0c349cd-637e-4796-aa45-4f99e430f7f4	NR_040992.1	94.697	132	3	3	1	128	434	303	4.72e-52	202
c0c349cd-637e-4796-aa45-4f99e430f7f4	NR_041702.1	94.697	132	3	3	1	128	449	318	4.72e-52	202
c0c349cd-637e-4796-aa45-4f99e430f7f4	NR_041715.1	94.697	132	3	3	1	128	422	291	4.72e-52	202
927e254b-97fa-4008-84db-f4f6264ea704	NR_026417.1	99.087	219	1	1	1	218	1214	996	4.80e-109	392
927e254b-97fa-4008-84db-f4f6264ea704	NR_113121.1	99.087	219	1	1	1	218	1237	1019	4.80e-109	392
927e254b-97fa-4008-84db-f4f6264ea704	NR_029148.1	97.260	219	5	1	1	218	1244	1026	2.25e-102	370
927e254b-97fa-4008-84db-f4f6264ea704	NR_112878.1	97.260	219	5	1	1	218	1237	1019	2.25e-102	370
927e254b-97fa-4008-84db-f4f6264ea704	NR_113106.1	97.260	219	5	1	1	218	1239	1021	2.25e-102	370
bc927652-956a-43f3-ad46-2bc143b7d887	NR_113082.1	96.154	130	2	3	1	128	232	360	2.87e-54	209
bc927652-956a-43f3-ad46-2bc143b7d887	NR_136788.1	96.154	130	2	3	1	128	232	360	2.87e-54	209
bc927652-956a-43f3-ad46-2bc143b7d887	NR_026230.1	95.385	130	3	3	1	128	210	338	3.72e-53	206
bc927652-956a-43f3-ad46-2bc143b7d887	NR_040838.1	94.615	130	4	3	1	128	236	364	6.22e-51	198
bc927652-956a-43f3-ad46-2bc143b7d887	NR_074234.1	94.615	130	4	3	1	128	239	367	6.22e-51	198
94dbfc2e-83e7-43fa-80c1-dcc056268b3f	NR_025892.1	88.235	238	12	11	7	231	253	19	7.02e-73	272
94dbfc2e-83e7-43fa-80c1-dcc056268b3f	NR_117694.1	89.130	230	9	11	7	223	227	1	7.02e-73	272
94dbfc2e-83e7-43fa-80c1-dcc056268b3f	NR_121687.1	86.975	238	15	12	7	231	247	13	2.54e-67	254
94dbfc2e-83e7-43fa-80c1-dcc056268b3f	NR_104830.1	85.892	241	17	13	7	233	242	5	1.98e-63	241
94dbfc2e-83e7-43fa-80c1-dcc056268b3f	NR_117717.1	85.714	238	18	11	7	231	248	14	2.56e-62	237
bdf8f67f-206f-4fcf-81d8-104684795d89	NR_040859.1	94.643	112	4	2	1	111	1362	1472	3.35e-43	172
bdf8f67f-206f-4fcf-81d8-104684795d89	NR_028806.1	94.643	112	4	2	1	111	1369	1479	3.35e-43	172
bdf8f67f-206f-4fcf-81d8-104684795d89	NR_040992.1	94.643	112	4	2	1	111	1370	1480	3.35e-43	172
bdf8f67f-206f-4fcf-81d8-104684795d89	NR_025881.1	94.643	112	4	2	1	111	1368	1478	3.35e-43	172
bdf8f67f-206f-4fcf-81d8-104684795d89	NR_025943.1	94.643	112	4	2	1	111	1376	1486	3.35e-43	172
1ebee019-c089-4078-b1aa-20c20f332a25	NR_036998.1	94.444	270	8	3	1	263	1456	1187	5.94e-114	409
1ebee019-c089-4078-b1aa-20c20f332a25	NR_043314.1	94.444	270	8	3	1	263	1475	1206	5.94e-114	409
1ebee019-c089-4078-b1aa-20c20f332a25	NR_114225.1	94.444	270	8	3	1	263	1457	1188	5.94e-114	409
1ebee019-c089-4078-b1aa-20c20f332a25	NR_114793.1	94.444	270	8	3	1	263	1349	1080	5.94e-114	409
1ebee019-c089-4078-b1aa-20c20f332a25	NR_114749.1	94.444	270	8	3	1	263	1477	1208	5.94e-114	409
0d98dba1-ba09-438a-84c7-c5f64ec7805d	NR_024842.1	95.238	147	3	3	9	155	1397	1255	2.84e-60	230
0d98dba1-ba09-438a-84c7-c5f64ec7805d	NR_036936.1	95.238	147	3	3	9	155	1382	1240	2.84e-60	230
0d98dba1-ba09-438a-84c7-c5f64ec7805d	NR_025453.1	95.238	147	3	3	9	155	1382	1240	2.84e-60	230
0d98dba1-ba09-438a-84c7-c5f64ec7805d	NR_028666.1	95.238	147	3	3	9	155	1406	1264	2.84e-60	230
0d98dba1-ba09-438a-84c7-c5f64ec7805d	NR_028833.1	95.238	147	3	3	9	155	1409	1267	2.84e-60	230
1daac03f-2148-48a1-9e37-1a753ba9a091	NR_181981.1	89.153	295	15	14	1	280	1455	1163	1.16e-96	351
1daac03f-2148-48a1-9e37-1a753ba9a091	NR_040821.1	88.814	295	16	14	1	280	1440	1148	5.38e-95	346
1daac03f-2148-48a1-9e37-1a753ba9a091	NR_025148.1	88.814	295	16	14	1	280	1460	1168	5.38e-95	346
1daac03f-2148-48a1-9e37-1a753ba9a091	NR_040820.1	88.814	295	16	14	1	280	1440	1148	5.38e-95	346
1daac03f-2148-48a1-9e37-1a753ba9a091	NR_113262.1	88.814	295	16	14	1	280	1440	1148	5.38e-95	346
97e43e82-1026-410c-90de-e4ef0f8c8e27	NR_116168.1	97.500	200	5	0	1	200	1397	1198	4.45e-94	342
97e43e82-1026-410c-90de-e4ef0f8c8e27	NR_118762.1	97.500	200	5	0	1	200	1399	1200	4.45e-94	342
97e43e82-1026-410c-90de-e4ef0f8c8e27	NR_118658.1	96.000	200	8	0	1	200	1411	1212	1.25e-89	327
97e43e82-1026-410c-90de-e4ef0f8c8e27	NR_029259.1	96.000	200	8	0	1	200	1404	1205	4.48e-89	326
97e43e82-1026-410c-90de-e4ef0f8c8e27	NR_119051.1	96.000	200	8	0	1	200	1404	1205	4.48e-89	326
96202c12-6699-44c5-ae7e-566f3d18f4c6	NR_113082.1	96.063	127	2	2	1	127	136	13	1.34e-52	204
96202c12-6699-44c5-ae7e-566f3d18f4c6	NR_136788.1	96.063	127	2	2	1	127	136	13	1.34e-52	204
96202c12-6699-44c5-ae7e-566f3d18f4c6	NR_152035.1	95.968	124	2	2	4	127	134	14	6.22e-51	198
96202c12-6699-44c5-ae7e-566f3d18f4c6	NR_074234.1	93.548	124	5	2	4	127	140	20	6.26e-46	182
96202c12-6699-44c5-ae7e-566f3d18f4c6	NR_113086.1	93.548	124	5	2	4	127	133	13	6.26e-46	182
30f48589-ed06-4fa0-a959-f7c7b7e4a413	NR_028900.1	98.122	213	3	1	1	213	927	1138	2.20e-102	370
30f48589-ed06-4fa0-a959-f7c7b7e4a413	NR_043458.1	98.122	213	3	1	1	213	990	1201	2.20e-102	370
30f48589-ed06-4fa0-a959-f7c7b7e4a413	NR_043459.1	98.122	213	3	1	1	213	993	1204	2.20e-102	370
30f48589-ed06-4fa0-a959-f7c7b7e4a413	NR_041988.1	98.122	213	3	1	1	213	927	1138	2.20e-102	370
30f48589-ed06-4fa0-a959-f7c7b7e4a413	NR_104947.1	98.122	213	3	1	1	213	942	1153	2.20e-102	370
09aa5ade-6047-49d2-b8d2-7f010f18e3ec	NR_028826.1	100.000	130	0	0	1	130	1385	1256	1.01e-63	241
09aa5ade-6047-49d2-b8d2-7f010f18e3ec	NR_024911.1	100.000	130	0	0	1	130	1395	1266	1.01e-63	241
09aa5ade-6047-49d2-b8d2-7f010f18e3ec	NR_024918.1	100.000	130	0	0	1	130	1395	1266	1.01e-63	241
09aa5ade-6047-49d2-b8d2-7f010f18e3ec	NR_025164.1	100.000	130	0	0	1	130	1382	1253	1.01e-63	241
09aa5ade-6047-49d2-b8d2-7f010f18e3ec	NR_025174.1	100.000	130	0	0	1	130	1388	1259	1.01e-63	241
cd487f83-dd63-4194-b017-64b74e2cc179	NR_164626.1	93.023	172	4	4	1	167	169	1	1.05e-64	244
cd487f83-dd63-4194-b017-64b74e2cc179	NR_024901.1	92.941	170	4	4	1	165	172	6	1.36e-63	241
cd487f83-dd63-4194-b017-64b74e2cc179	NR_024912.1	92.941	170	4	4	1	165	172	6	1.36e-63	241
cd487f83-dd63-4194-b017-64b74e2cc179	NR_024928.1	92.941	170	4	4	1	165	172	6	1.36e-63	241
cd487f83-dd63-4194-b017-64b74e2cc179	NR_025586.1	92.941	170	4	4	1	165	167	1	1.36e-63	241
c2c80971-a9a6-4af3-a9d9-ab57db18c2f2	NR_040859.1	98.052	154	2	1	1	154	1323	1475	2.07e-71	267
c2c80971-a9a6-4af3-a9d9-ab57db18c2f2	NR_040992.1	98.052	154	2	1	1	154	1331	1483	2.07e-71	267
c2c80971-a9a6-4af3-a9d9-ab57db18c2f2	NR_025881.1	98.052	154	2	1	1	154	1329	1481	2.07e-71	267
c2c80971-a9a6-4af3-a9d9-ab57db18c2f2	NR_026395.1	98.052	154	2	1	1	154	1331	1483	2.07e-71	267
c2c80971-a9a6-4af3-a9d9-ab57db18c2f2	NR_024662.1	98.052	154	2	1	1	154	1331	1483	2.07e-71	267
a700edbf-1ed1-428d-9d63-78f5f1936f22	NR_179378.1	97.674	129	0	3	8	134	1369	1496	5.04e-57	219
a700edbf-1ed1-428d-9d63-78f5f1936f22	NR_026482.1	96.923	130	2	2	5	134	1346	1473	1.81e-56	217
a700edbf-1ed1-428d-9d63-78f5f1936f22	NR_179652.1	97.638	127	1	2	8	134	1372	1496	1.81e-56	217
a700edbf-1ed1-428d-9d63-78f5f1936f22	NR_025307.1	96.154	130	3	2	5	134	1354	1481	8.43e-55	211
a700edbf-1ed1-428d-9d63-78f5f1936f22	NR_026487.1	96.850	127	0	2	8	134	1340	1462	3.03e-54	209
170882cb-7e91-4f0c-8c27-ce1cc80b7d95	NR_028682.1	98.605	215	1	2	6	219	1452	1239	3.87e-105	379
170882cb-7e91-4f0c-8c27-ce1cc80b7d95	NR_025435.1	95.495	222	5	5	1	219	1455	1236	3.03e-96	350
170882cb-7e91-4f0c-8c27-ce1cc80b7d95	NR_024817.1	95.000	220	9	2	1	219	1440	1222	3.93e-95	346
170882cb-7e91-4f0c-8c27-ce1cc80b7d95	NR_025396.1	95.000	220	9	2	1	219	1428	1210	1.41e-94	344
170882cb-7e91-4f0c-8c27-ce1cc80b7d95	NR_116890.1	95.000	220	9	2	1	219	1445	1227	1.41e-94	344
4eae8175-6552-47c3-b862-8188be22083d	NR_025903.1	95.785	261	7	4	1	257	266	6	9.58e-117	418
4eae8175-6552-47c3-b862-8188be22083d	NR_025904.1	93.050	259	12	6	4	257	262	5	2.10e-103	374
4eae8175-6552-47c3-b862-8188be22083d	NR_133753.1	96.364	220	6	2	1	218	220	1	1.64e-99	361
4eae8175-6552-47c3-b862-8188be22083d	NR_026419.1	92.520	254	15	4	1	250	254	1	1.64e-99	361
4eae8175-6552-47c3-b862-8188be22083d	NR_036920.1	90.421	261	19	6	1	257	260	2	7.67e-93	339
891a53e9-c980-490b-a381-2f9c70d1f172	NR_117425.1	98.551	207	3	0	9	215	490	284	2.97e-101	366
891a53e9-c980-490b-a381-2f9c70d1f172	NR_178515.1	98.551	207	3	0	9	215	487	281	2.97e-101	366
891a53e9-c980-490b-a381-2f9c70d1f172	NR_024841.1	98.068	207	4	0	9	215	501	295	1.38e-99	361
891a53e9-c980-490b-a381-2f9c70d1f172	NR_028833.1	98.068	207	4	0	9	215	514	308	1.38e-99	361
891a53e9-c980-490b-a381-2f9c70d1f172	NR_109371.1	98.068	207	4	0	9	215	515	309	1.38e-99	361
bda3135d-5220-428b-95e1-678027334be5	NR_163639.1	97.581	124	2	1	1	124	126	4	7.62e-55	211
bda3135d-5220-428b-95e1-678027334be5	NR_074980.1	97.561	123	2	1	1	123	134	13	2.74e-54	209
bda3135d-5220-428b-95e1-678027334be5	NR_113031.1	97.561	123	2	1	1	123	134	13	2.74e-54	209
bda3135d-5220-428b-95e1-678027334be5	NR_043332.1	100.000	107	0	0	1	107	107	1	5.94e-51	198
bda3135d-5220-428b-95e1-678027334be5	NR_113376.1	95.935	123	4	1	1	123	134	13	5.94e-51	198
8095dcd6-0bc8-46dd-b11d-8ad25dba74ce	NR_164626.1	94.805	154	2	6	1	152	150	1	5.66e-62	235
8095dcd6-0bc8-46dd-b11d-8ad25dba74ce	NR_024901.1	94.737	152	2	6	1	150	153	6	7.32e-61	231
8095dcd6-0bc8-46dd-b11d-8ad25dba74ce	NR_024912.1	94.737	152	2	6	1	150	153	6	7.32e-61	231
8095dcd6-0bc8-46dd-b11d-8ad25dba74ce	NR_024928.1	94.737	152	2	6	1	150	153	6	7.32e-61	231
8095dcd6-0bc8-46dd-b11d-8ad25dba74ce	NR_025586.1	94.737	152	2	6	1	150	148	1	7.32e-61	231
7f44c3af-dc0d-4552-9c95-92f28271710f	NR_164626.1	88.095	126	5	7	8	127	122	1	1.03e-33	141
7f44c3af-dc0d-4552-9c95-92f28271710f	NR_181570.1	88.095	126	5	7	8	127	139	18	1.03e-33	141
7f44c3af-dc0d-4552-9c95-92f28271710f	NR_024901.1	87.903	124	5	7	8	125	125	6	1.34e-32	137
7f44c3af-dc0d-4552-9c95-92f28271710f	NR_024911.1	87.903	124	5	7	8	125	125	6	1.34e-32	137
7f44c3af-dc0d-4552-9c95-92f28271710f	NR_024912.1	87.903	124	5	7	8	125	125	6	1.34e-32	137
22218f94-7ce4-421b-897a-06692aac0b65	NR_040859.1	100.000	187	0	0	1	187	250	436	3.19e-95	346
22218f94-7ce4-421b-897a-06692aac0b65	NR_024901.1	100.000	187	0	0	1	187	251	437	3.19e-95	346
22218f94-7ce4-421b-897a-06692aac0b65	NR_024912.1	100.000	187	0	0	1	187	251	437	3.19e-95	346
22218f94-7ce4-421b-897a-06692aac0b65	NR_024928.1	100.000	187	0	0	1	187	251	437	3.19e-95	346
22218f94-7ce4-421b-897a-06692aac0b65	NR_025228.1	100.000	187	0	0	1	187	234	420	3.19e-95	346
f11340d1-34cb-44b5-8f8c-e0159170fe70	NR_040859.1	95.238	147	6	1	13	159	1330	1475	7.89e-61	231
f11340d1-34cb-44b5-8f8c-e0159170fe70	NR_040992.1	95.238	147	6	1	13	159	1338	1483	7.89e-61	231
f11340d1-34cb-44b5-8f8c-e0159170fe70	NR_025881.1	95.238	147	6	1	13	159	1336	1481	7.89e-61	231
f11340d1-34cb-44b5-8f8c-e0159170fe70	NR_026395.1	95.238	147	6	1	13	159	1338	1483	7.89e-61	231
f11340d1-34cb-44b5-8f8c-e0159170fe70	NR_024662.1	95.238	147	6	1	13	159	1338	1483	7.89e-61	231
a642b6d6-04cd-4c57-9559-dba4c5239223	NR_041722.2	93.525	139	4	4	1	134	1364	1502	5.39e-52	202
a642b6d6-04cd-4c57-9559-dba4c5239223	NR_028665.1	93.525	139	4	4	1	134	1344	1482	5.39e-52	202
a642b6d6-04cd-4c57-9559-dba4c5239223	NR_028736.1	93.525	139	4	4	1	134	1353	1491	5.39e-52	202
a642b6d6-04cd-4c57-9559-dba4c5239223	NR_041721.1	93.525	139	4	4	1	134	1352	1490	5.39e-52	202
a642b6d6-04cd-4c57-9559-dba4c5239223	NR_109371.1	93.525	139	4	4	1	134	1357	1495	5.39e-52	202
f79f755c-9e64-477a-8dbd-d8a68590a6dc	NR_025423.1	100.000	122	0	0	1	122	752	631	2.88e-59	226
f79f755c-9e64-477a-8dbd-d8a68590a6dc	NR_041837.1	100.000	122	0	0	1	122	747	626	2.88e-59	226
f79f755c-9e64-477a-8dbd-d8a68590a6dc	NR_026030.1	100.000	122	0	0	1	122	751	630	2.88e-59	226
f79f755c-9e64-477a-8dbd-d8a68590a6dc	NR_024896.1	100.000	122	0	0	1	122	767	646	2.88e-59	226
f79f755c-9e64-477a-8dbd-d8a68590a6dc	NR_024897.1	100.000	122	0	0	1	122	767	646	2.88e-59	226
8c62c6a9-22f0-4e6a-b023-b9db3cd12880	NR_041715.1	93.976	83	1	4	1	82	1281	1202	2.21e-28	122
8c62c6a9-22f0-4e6a-b023-b9db3cd12880	NR_025947.1	93.976	83	1	4	1	82	1294	1215	2.21e-28	122
8c62c6a9-22f0-4e6a-b023-b9db3cd12880	NR_024704.1	93.976	83	1	4	1	82	1281	1202	2.21e-28	122
8c62c6a9-22f0-4e6a-b023-b9db3cd12880	NR_024734.1	93.976	83	1	4	1	82	1273	1194	2.21e-28	122
8c62c6a9-22f0-4e6a-b023-b9db3cd12880	NR_024946.1	93.976	83	1	4	1	82	1281	1202	2.21e-28	122
b85b7e05-2001-4533-b831-aac3f6eab094	NR_024704.1	93.363	226	8	6	1	222	1247	1469	1.43e-89	327
b85b7e05-2001-4533-b831-aac3f6eab094	NR_024918.1	93.363	226	8	6	1	222	1252	1474	1.43e-89	327
b85b7e05-2001-4533-b831-aac3f6eab094	NR_025164.1	93.363	226	8	6	1	222	1239	1461	1.43e-89	327
b85b7e05-2001-4533-b831-aac3f6eab094	NR_028986.1	93.363	226	8	6	1	222	1239	1461	1.43e-89	327
b85b7e05-2001-4533-b831-aac3f6eab094	NR_036998.1	93.363	226	8	6	1	222	1238	1460	1.43e-89	327
f9700c60-0df3-42b5-9a7a-9929e1fcf965	NR_025892.1	96.203	158	2	3	1	158	19	172	4.82e-68	255
f9700c60-0df3-42b5-9a7a-9929e1fcf965	NR_117694.1	97.260	146	3	1	13	158	2	146	2.90e-65	246
f9700c60-0df3-42b5-9a7a-9929e1fcf965	NR_117717.1	94.937	158	4	3	1	158	14	167	1.04e-64	244
f9700c60-0df3-42b5-9a7a-9929e1fcf965	NR_121688.1	94.937	158	4	3	1	158	13	166	1.04e-64	244
f9700c60-0df3-42b5-9a7a-9929e1fcf965	NR_117701.1	96.575	146	4	1	13	158	2	146	1.35e-63	241
8bf7796a-fe72-469d-968c-be370d346505	NR_025863.1	96.729	214	5	2	1	213	689	477	6.17e-98	355
8bf7796a-fe72-469d-968c-be370d346505	NR_041708.1	93.689	206	11	2	1	205	644	440	1.75e-83	307
8bf7796a-fe72-469d-968c-be370d346505	NR_113926.1	93.689	206	11	2	1	205	674	470	1.75e-83	307
8bf7796a-fe72-469d-968c-be370d346505	NR_114780.2	93.204	206	11	3	1	205	693	490	2.93e-81	300
8bf7796a-fe72-469d-968c-be370d346505	NR_024905.1	92.718	206	13	2	1	205	674	470	3.79e-80	296
7b64f3d3-eb19-4de8-93e9-90609f026870	NR_179385.1	87.500	184	20	3	1	182	199	17	4.23e-54	209
7b64f3d3-eb19-4de8-93e9-90609f026870	NR_199545.1	87.500	184	20	3	1	182	195	13	4.23e-54	209
7b64f3d3-eb19-4de8-93e9-90609f026870	NR_165741.1	86.957	184	21	3	1	182	184	2	1.97e-52	204
7b64f3d3-eb19-4de8-93e9-90609f026870	NR_179383.1	86.413	184	22	3	1	182	202	20	9.16e-51	198
7b64f3d3-eb19-4de8-93e9-90609f026870	NR_028664.1	85.870	184	23	3	1	182	198	16	4.26e-49	193
5c2f30e8-b160-4339-a2dc-12409e269d42	NR_024841.1	97.647	170	2	2	8	176	1057	889	1.42e-78	291
5c2f30e8-b160-4339-a2dc-12409e269d42	NR_028664.1	97.647	170	2	2	8	176	1064	896	1.42e-78	291
5c2f30e8-b160-4339-a2dc-12409e269d42	NR_028665.1	97.647	170	2	2	8	176	1058	890	1.42e-78	291
5c2f30e8-b160-4339-a2dc-12409e269d42	NR_042553.1	97.647	170	2	2	8	176	987	819	1.42e-78	291
5c2f30e8-b160-4339-a2dc-12409e269d42	NR_042927.1	97.647	170	2	2	8	176	1043	875	1.42e-78	291
b347a199-8efa-44dc-acd2-5bd12e9a37fc	NR_024912.1	91.724	290	13	11	1	283	300	15	6.59e-109	392
b347a199-8efa-44dc-acd2-5bd12e9a37fc	NR_025164.1	91.724	290	13	11	1	283	287	2	6.59e-109	392
b347a199-8efa-44dc-acd2-5bd12e9a37fc	NR_028706.1	91.724	290	13	11	1	283	308	23	6.59e-109	392
b347a199-8efa-44dc-acd2-5bd12e9a37fc	NR_037092.1	91.724	290	13	11	1	283	305	20	6.59e-109	392
b347a199-8efa-44dc-acd2-5bd12e9a37fc	NR_042147.1	91.724	290	13	11	1	283	287	2	6.59e-109	392
508453b7-b918-4dcf-8a3c-3949c09072a9	NR_159348.1	94.444	108	4	2	11	117	124	18	5.55e-41	165
508453b7-b918-4dcf-8a3c-3949c09072a9	NR_164626.1	94.444	108	4	2	11	117	107	1	5.55e-41	165
508453b7-b918-4dcf-8a3c-3949c09072a9	NR_180260.1	94.444	108	4	2	11	117	117	11	5.55e-41	165
508453b7-b918-4dcf-8a3c-3949c09072a9	NR_180878.1	94.444	108	4	2	11	117	117	11	5.55e-41	165
508453b7-b918-4dcf-8a3c-3949c09072a9	NR_181570.1	94.444	108	4	2	11	117	124	18	5.55e-41	165
e18bb5b7-4847-4fab-806a-a8c25687d805	NR_043332.1	99.206	126	0	1	1	126	1355	1479	2.83e-59	226
e18bb5b7-4847-4fab-806a-a8c25687d805	NR_074980.1	99.206	126	0	1	1	126	1382	1506	2.83e-59	226
e18bb5b7-4847-4fab-806a-a8c25687d805	NR_113031.1	99.206	126	0	1	1	126	1382	1506	2.83e-59	226
e18bb5b7-4847-4fab-806a-a8c25687d805	NR_115354.1	99.206	126	0	1	1	126	1355	1479	2.83e-59	226
e18bb5b7-4847-4fab-806a-a8c25687d805	NR_115355.1	99.206	126	0	1	1	126	1355	1479	2.83e-59	226
80787cad-3bf1-4fdb-ba02-ee4fefd6ec4c	NR_024842.1	97.638	127	1	1	1	125	1033	1159	1.69e-56	217
80787cad-3bf1-4fdb-ba02-ee4fefd6ec4c	NR_028664.1	97.638	127	1	1	1	125	1039	1165	1.69e-56	217
80787cad-3bf1-4fdb-ba02-ee4fefd6ec4c	NR_042928.1	97.638	127	1	1	1	125	1016	1142	1.69e-56	217
80787cad-3bf1-4fdb-ba02-ee4fefd6ec4c	NR_114172.1	97.638	127	1	1	1	125	1016	1142	1.69e-56	217
80787cad-3bf1-4fdb-ba02-ee4fefd6ec4c	NR_115240.1	97.638	127	1	1	1	125	1016	1142	1.69e-56	217
e9af71f2-c0db-497a-ba24-4ed29a0058cf	NR_121687.1	93.839	211	6	6	1	207	547	754	1.31e-84	311
e9af71f2-c0db-497a-ba24-4ed29a0058cf	NR_041989.1	93.839	211	6	6	1	207	485	692	1.31e-84	311
e9af71f2-c0db-497a-ba24-4ed29a0058cf	NR_117694.1	93.839	211	6	6	1	207	527	734	1.31e-84	311
e9af71f2-c0db-497a-ba24-4ed29a0058cf	NR_104947.1	93.365	211	7	6	1	207	500	707	6.10e-83	305
e9af71f2-c0db-497a-ba24-4ed29a0058cf	NR_117717.1	93.365	211	7	6	1	207	548	755	6.10e-83	305
054ca2e2-3576-4e5d-b1fe-f310d767494b	NR_159348.1	86.290	124	14	2	1	121	141	18	5.87e-31	132
054ca2e2-3576-4e5d-b1fe-f310d767494b	NR_164626.1	86.290	124	14	2	1	121	124	1	5.87e-31	132
054ca2e2-3576-4e5d-b1fe-f310d767494b	NR_181570.1	86.290	124	14	2	1	121	141	18	5.87e-31	132
054ca2e2-3576-4e5d-b1fe-f310d767494b	NR_024901.1	86.066	122	14	2	1	119	127	6	7.59e-30	128
054ca2e2-3576-4e5d-b1fe-f310d767494b	NR_024909.1	86.066	122	14	2	1	119	127	6	7.59e-30	128
44b85686-a210-474a-8042-e7e225ac24db	NR_109749.1	89.835	364	26	9	8	363	1263	903	2.92e-128	457
44b85686-a210-474a-8042-e7e225ac24db	NR_041522.1	89.560	364	27	10	8	363	1242	882	1.36e-126	451
44b85686-a210-474a-8042-e7e225ac24db	NR_114270.1	89.560	364	27	9	8	363	1238	878	1.36e-126	451
44b85686-a210-474a-8042-e7e225ac24db	NR_118296.1	89.560	364	27	10	8	363	1242	882	1.36e-126	451
44b85686-a210-474a-8042-e7e225ac24db	NR_181573.1	89.560	364	27	9	8	363	1263	903	1.36e-126	451
d2650b8a-550f-48ae-9c52-79712ac29b84	NR_026252.1	95.312	128	6	0	1	128	1217	1090	1.55e-52	204
d2650b8a-550f-48ae-9c52-79712ac29b84	NR_114081.1	95.312	128	6	0	1	128	1201	1074	1.55e-52	204
d2650b8a-550f-48ae-9c52-79712ac29b84	NR_119002.1	95.312	128	6	0	1	128	1232	1105	1.55e-52	204
d2650b8a-550f-48ae-9c52-79712ac29b84	NR_121698.1	95.312	128	6	0	1	128	1203	1076	1.55e-52	204
d2650b8a-550f-48ae-9c52-79712ac29b84	NR_036801.1	95.312	128	6	0	1	128	1203	1076	1.55e-52	204
52d75eca-8280-40ec-b14c-207eed5a615c	NR_040859.1	94.297	263	4	9	5	256	692	954	5.73e-109	392
52d75eca-8280-40ec-b14c-207eed5a615c	NR_025947.1	94.297	263	4	9	5	256	700	962	5.73e-109	392
52d75eca-8280-40ec-b14c-207eed5a615c	NR_024662.1	94.297	263	4	9	5	256	700	962	5.73e-109	392
52d75eca-8280-40ec-b14c-207eed5a615c	NR_024910.1	94.297	263	4	9	5	256	691	953	5.73e-109	392
52d75eca-8280-40ec-b14c-207eed5a615c	NR_024924.1	94.297	263	4	9	5	256	691	953	5.73e-109	392
a2072ed0-7b35-462a-b23b-0e420fbf5562	NR_025762.1	90.948	232	12	8	1	226	1064	836	2.41e-82	303
a2072ed0-7b35-462a-b23b-0e420fbf5562	NR_041879.1	90.948	232	12	8	1	226	1043	815	2.41e-82	303
a2072ed0-7b35-462a-b23b-0e420fbf5562	NR_113570.1	90.948	232	12	8	1	226	1093	865	2.41e-82	303
a2072ed0-7b35-462a-b23b-0e420fbf5562	NR_115355.1	90.948	232	12	8	1	226	1086	858	2.41e-82	303
a2072ed0-7b35-462a-b23b-0e420fbf5562	NR_119169.1	90.948	232	12	8	1	226	1091	863	2.41e-82	303
950df1be-70ff-439b-8c00-0b25ea0abdcf	NR_163639.1	97.452	157	2	2	1	156	159	4	2.09e-71	267
950df1be-70ff-439b-8c00-0b25ea0abdcf	NR_074980.1	97.436	156	2	2	1	155	167	13	7.50e-71	265
950df1be-70ff-439b-8c00-0b25ea0abdcf	NR_113031.1	97.436	156	2	2	1	155	167	13	7.50e-71	265
950df1be-70ff-439b-8c00-0b25ea0abdcf	NR_119168.1	97.945	146	2	1	1	146	145	1	5.84e-67	252
950df1be-70ff-439b-8c00-0b25ea0abdcf	NR_119169.1	97.945	146	2	1	1	146	145	1	5.84e-67	252
da6f085d-1d98-492b-a4fb-8ad528ef2d5e	NR_028755.1	91.803	61	4	1	1	61	70	11	7.08e-17	84.2
da6f085d-1d98-492b-a4fb-8ad528ef2d5e	NR_042425.1	91.803	61	4	1	1	61	66	7	7.08e-17	84.2
da6f085d-1d98-492b-a4fb-8ad528ef2d5e	NR_043982.1	91.803	61	4	1	1	61	72	13	7.08e-17	84.2
da6f085d-1d98-492b-a4fb-8ad528ef2d5e	NR_074568.1	91.803	61	4	1	1	61	72	13	7.08e-17	84.2
da6f085d-1d98-492b-a4fb-8ad528ef2d5e	NR_044712.2	91.803	61	4	1	1	61	81	22	7.08e-17	84.2
cf5e2d22-3e35-422e-be38-c05d036855ec	NR_041989.1	99.000	200	0	2	1	200	927	1124	1.64e-98	357
cf5e2d22-3e35-422e-be38-c05d036855ec	NR_028900.1	98.500	200	1	2	1	200	927	1124	7.64e-97	351
cf5e2d22-3e35-422e-be38-c05d036855ec	NR_043458.1	98.500	200	1	2	1	200	990	1187	7.64e-97	351
cf5e2d22-3e35-422e-be38-c05d036855ec	NR_043459.1	98.500	200	1	2	1	200	993	1190	7.64e-97	351
cf5e2d22-3e35-422e-be38-c05d036855ec	NR_104947.1	98.500	200	1	2	1	200	942	1139	7.64e-97	351
