002682b6-0922-4bb5-aa08-ddab89109863	NR_024912.1	92.191	461	13	18	1	450	454	6	2.04e-180	630
002682b6-0922-4bb5-aa08-ddab89109863	NR_156986.1	92.191	461	13	18	1	450	449	1	2.04e-180	630
002682b6-0922-4bb5-aa08-ddab89109863	NR_024901.1	91.974	461	14	18	1	450	454	6	9.49e-179	625
002682b6-0922-4bb5-aa08-ddab89109863	NR_024928.1	91.974	461	14	18	1	450	454	6	9.49e-179	625
002682b6-0922-4bb5-aa08-ddab89109863	NR_037092.1	91.957	460	15	16	1	450	458	11	9.49e-179	625
6c620b8e-7ade-4afa-a668-8d4b5d12bca4	NR_044777.1	97.143	455	8	5	5	455	494	947	0.0	763
6c620b8e-7ade-4afa-a668-8d4b5d12bca4	NR_119228.1	96.484	455	11	5	5	455	479	932	0.0	747
6c620b8e-7ade-4afa-a668-8d4b5d12bca4	NR_026094.1	95.604	455	15	5	5	455	516	969	0.0	725
6c620b8e-7ade-4afa-a668-8d4b5d12bca4	NR_113368.1	95.604	455	15	5	5	455	516	969	0.0	725
6c620b8e-7ade-4afa-a668-8d4b5d12bca4	NR_029312.1	90.611	458	34	9	5	455	433	888	5.83e-171	599
40592edd-5d63-4730-a84e-f35fdb30dbdd	NR_043314.1	97.270	293	5	3	7	297	1190	1481	1.82e-139	494
40592edd-5d63-4730-a84e-f35fdb30dbdd	NR_114749.1	97.270	293	5	3	7	297	1192	1483	1.82e-139	494
40592edd-5d63-4730-a84e-f35fdb30dbdd	NR_116899.1	97.270	293	5	3	7	297	1159	1450	1.82e-139	494
40592edd-5d63-4730-a84e-f35fdb30dbdd	NR_178854.1	97.270	293	5	3	7	297	1171	1462	1.82e-139	494
40592edd-5d63-4730-a84e-f35fdb30dbdd	NR_179889.1	97.270	293	5	3	7	297	1199	1490	1.82e-139	494
61e05c3b-2f46-457a-81e7-308fbe505ae1	NR_041983.1	90.231	737	36	31	2	713	1051	326	0.0	929
61e05c3b-2f46-457a-81e7-308fbe505ae1	NR_114395.1	90.231	737	36	31	2	713	1083	358	0.0	929
61e05c3b-2f46-457a-81e7-308fbe505ae1	NR_179528.1	89.688	737	41	30	2	713	1068	342	0.0	907
61e05c3b-2f46-457a-81e7-308fbe505ae1	NR_119102.1	89.145	737	45	30	2	713	1053	327	0.0	894
61e05c3b-2f46-457a-81e7-308fbe505ae1	NR_179585.1	88.723	736	47	31	2	712	1068	344	0.0	867
70d55e4c-34a1-4140-818f-469f58b5bf9c	NR_199513.1	89.258	391	23	16	10	389	396	778	1.14e-132	472
70d55e4c-34a1-4140-818f-469f58b5bf9c	NR_041953.1	89.003	391	24	16	10	389	369	751	5.29e-131	466
70d55e4c-34a1-4140-818f-469f58b5bf9c	NR_152710.1	89.003	391	24	16	10	389	350	732	5.29e-131	466
70d55e4c-34a1-4140-818f-469f58b5bf9c	NR_178447.1	89.003	391	24	16	10	389	303	685	5.29e-131	466
70d55e4c-34a1-4140-818f-469f58b5bf9c	NR_181891.1	89.003	391	24	16	10	389	392	774	5.29e-131	466
18be2869-a6d3-43ba-a0ec-1149bf0d1840	NR_025862.1	97.137	1397	24	15	50	1434	1406	14	0.0	2355
18be2869-a6d3-43ba-a0ec-1149bf0d1840	NR_028682.1	95.709	1445	41	20	5	1434	1452	14	0.0	2305
18be2869-a6d3-43ba-a0ec-1149bf0d1840	NR_026454.1	94.524	1388	51	23	50	1417	1383	1	0.0	2119
18be2869-a6d3-43ba-a0ec-1149bf0d1840	NR_116890.1	93.075	1444	70	26	7	1426	1438	1	0.0	2087
18be2869-a6d3-43ba-a0ec-1149bf0d1840	NR_119263.1	92.339	1462	76	30	1	1434	1454	1	0.0	2047
c4842cde-0b04-4c10-b53d-713d71dc9099	NR_074980.1	96.234	531	15	4	1	529	785	258	0.0	865
c4842cde-0b04-4c10-b53d-713d71dc9099	NR_113031.1	96.234	531	15	4	1	529	785	258	0.0	865
c4842cde-0b04-4c10-b53d-713d71dc9099	NR_113570.1	96.234	531	15	4	1	529	765	238	0.0	865
c4842cde-0b04-4c10-b53d-713d71dc9099	NR_119168.1	96.234	531	15	4	1	529	763	236	0.0	865
c4842cde-0b04-4c10-b53d-713d71dc9099	NR_043332.1	96.045	531	16	4	1	529	758	231	0.0	861
47c77072-40d9-4b89-8ba2-caf6a39989e7	NR_113114.1	96.965	692	11	8	19	701	703	13	0.0	1153
47c77072-40d9-4b89-8ba2-caf6a39989e7	NR_043292.1	96.494	656	12	9	19	665	654	1	0.0	1074
47c77072-40d9-4b89-8ba2-caf6a39989e7	NR_113320.1	86.819	698	71	16	19	701	704	13	0.0	760
47c77072-40d9-4b89-8ba2-caf6a39989e7	NR_113096.1	86.724	693	77	13	21	701	702	13	0.0	756
47c77072-40d9-4b89-8ba2-caf6a39989e7	NR_116832.1	86.667	690	71	16	19	693	684	1	0.0	745
b5be583b-47f8-49fd-a2d3-d49442745095	NR_136788.1	97.472	791	10	9	1	787	692	1476	0.0	1341
b5be583b-47f8-49fd-a2d3-d49442745095	NR_026230.1	94.690	791	32	9	1	787	670	1454	0.0	1225
b5be583b-47f8-49fd-a2d3-d49442745095	NR_113082.1	94.758	763	30	10	1	758	692	1449	0.0	1179
b5be583b-47f8-49fd-a2d3-d49442745095	NR_136443.1	91.083	785	55	13	1	779	654	1429	0.0	1048
b5be583b-47f8-49fd-a2d3-d49442745095	NR_152035.1	89.098	798	65	19	1	787	693	1479	0.0	972
2d29d954-0cce-49df-883a-e4ac3b759781	NR_156986.1	95.435	701	18	13	4	698	701	9	0.0	1105
2d29d954-0cce-49df-883a-e4ac3b759781	NR_178976.1	95.429	700	18	13	4	697	692	1	0.0	1103
2d29d954-0cce-49df-883a-e4ac3b759781	NR_113600.1	95.292	701	19	13	4	698	693	1	0.0	1101
2d29d954-0cce-49df-883a-e4ac3b759781	NR_024901.1	95.292	701	19	13	4	698	706	14	0.0	1099
2d29d954-0cce-49df-883a-e4ac3b759781	NR_024912.1	95.292	701	19	13	4	698	706	14	0.0	1099
32063133-25a7-4638-aee5-202d7868323b	NR_164951.1	92.506	387	21	6	1	383	1108	1490	1.78e-155	547
32063133-25a7-4638-aee5-202d7868323b	NR_117694.1	92.248	387	22	6	1	383	1087	1469	8.28e-154	542
32063133-25a7-4638-aee5-202d7868323b	NR_040933.1	91.990	387	23	6	1	383	1109	1491	3.85e-152	536
32063133-25a7-4638-aee5-202d7868323b	NR_117717.1	91.990	387	23	6	1	383	1107	1489	3.85e-152	536
32063133-25a7-4638-aee5-202d7868323b	NR_121688.1	91.990	387	23	6	1	383	1107	1489	3.85e-152	536
7e65566f-412a-4c35-996d-4f8ba10e3b9f	NR_156986.1	95.326	1027	23	20	1	1017	1017	6	0.0	1607
7e65566f-412a-4c35-996d-4f8ba10e3b9f	NR_178976.1	95.401	1022	23	19	1	1012	1008	1	0.0	1605
7e65566f-412a-4c35-996d-4f8ba10e3b9f	NR_113600.1	95.303	1022	24	19	1	1012	1009	2	0.0	1602
7e65566f-412a-4c35-996d-4f8ba10e3b9f	NR_156987.1	95.229	1027	24	20	1	1017	1017	6	0.0	1602
7e65566f-412a-4c35-996d-4f8ba10e3b9f	NR_199514.1	95.229	1027	24	20	1	1017	1029	18	0.0	1602
67192b0a-18a1-4294-a228-b08b91d22674	NR_042777.1	89.648	1362	79	50	1	1325	1359	23	0.0	1677
67192b0a-18a1-4294-a228-b08b91d22674	NR_042776.1	89.582	1363	79	51	1	1325	1360	23	0.0	1672
67192b0a-18a1-4294-a228-b08b91d22674	NR_042778.1	89.508	1363	80	50	1	1325	1360	23	0.0	1666
67192b0a-18a1-4294-a228-b08b91d22674	NR_197695.1	89.288	1363	83	51	1	1325	1359	22	0.0	1650
67192b0a-18a1-4294-a228-b08b91d22674	NR_118998.1	88.921	1363	87	51	1	1325	1354	18	0.0	1624
0d31cf50-cb13-4409-950a-093942c903d8	NR_117694.1	95.309	469	13	9	1	463	466	1	0.0	736
0d31cf50-cb13-4409-950a-093942c903d8	NR_025892.1	94.130	477	19	9	1	471	492	19	0.0	726
0d31cf50-cb13-4409-950a-093942c903d8	NR_121687.1	92.887	478	23	11	1	471	486	13	0.0	684
0d31cf50-cb13-4409-950a-093942c903d8	NR_117692.1	92.308	468	29	7	1	463	466	1	0.0	658
0d31cf50-cb13-4409-950a-093942c903d8	NR_104830.1	91.042	480	33	10	1	473	481	5	0.0	640
85c67cf7-e914-42ea-ad87-9e0d0049c75e	NR_199513.1	94.957	1051	32	17	1	1036	1062	18	0.0	1628
85c67cf7-e914-42ea-ad87-9e0d0049c75e	NR_156986.1	94.952	1050	30	19	1	1034	1043	1	0.0	1624
85c67cf7-e914-42ea-ad87-9e0d0049c75e	NR_024927.1	94.857	1050	31	18	1	1034	1048	6	0.0	1618
85c67cf7-e914-42ea-ad87-9e0d0049c75e	NR_156987.1	94.857	1050	31	19	1	1034	1043	1	0.0	1618
85c67cf7-e914-42ea-ad87-9e0d0049c75e	NR_199514.1	94.857	1050	31	19	1	1034	1055	13	0.0	1618
4ec20413-5dd7-4241-b605-1bdef260432d	NR_024928.1	95.495	1465	41	16	1	1456	33	1481	0.0	2318
4ec20413-5dd7-4241-b605-1bdef260432d	NR_113600.1	95.545	1459	40	16	1	1450	20	1462	0.0	2313
4ec20413-5dd7-4241-b605-1bdef260432d	NR_024901.1	95.427	1465	42	16	1	1456	33	1481	0.0	2311
4ec20413-5dd7-4241-b605-1bdef260432d	NR_114225.1	95.476	1459	41	16	1	1450	20	1462	0.0	2307
4ec20413-5dd7-4241-b605-1bdef260432d	NR_024912.1	95.358	1465	43	16	1	1456	33	1481	0.0	2305
1a55f804-c7f1-4792-98b1-ff64a9b42f72	NR_043314.1	94.133	375	15	5	1	370	1112	1484	1.71e-160	564
1a55f804-c7f1-4792-98b1-ff64a9b42f72	NR_114749.1	94.133	375	15	5	1	370	1114	1486	1.71e-160	564
1a55f804-c7f1-4792-98b1-ff64a9b42f72	NR_116899.1	94.133	375	15	5	1	370	1081	1453	1.71e-160	564
1a55f804-c7f1-4792-98b1-ff64a9b42f72	NR_178854.1	94.133	375	15	5	1	370	1093	1465	1.71e-160	564
1a55f804-c7f1-4792-98b1-ff64a9b42f72	NR_179889.1	94.133	375	15	5	1	370	1121	1493	1.71e-160	564
082fd2a9-5047-4063-ba5e-4b8757638846	NR_117719.1	90.772	1257	89	22	1	1246	193	1433	0.0	1653
082fd2a9-5047-4063-ba5e-4b8757638846	NR_180625.1	90.764	1256	91	21	1	1246	155	1395	0.0	1653
082fd2a9-5047-4063-ba5e-4b8757638846	NR_175455.1	90.692	1257	90	22	1	1246	181	1421	0.0	1648
082fd2a9-5047-4063-ba5e-4b8757638846	NR_199541.1	90.692	1257	90	22	1	1246	151	1391	0.0	1648
082fd2a9-5047-4063-ba5e-4b8757638846	NR_180629.1	90.685	1256	90	22	2	1246	156	1395	0.0	1646
4bf09768-0337-49fb-8868-60080e43522b	NR_118143.1	91.581	1366	50	49	1	1336	1331	1	0.0	1827
4bf09768-0337-49fb-8868-60080e43522b	NR_116168.1	89.408	1369	78	51	1	1339	1350	19	0.0	1663
4bf09768-0337-49fb-8868-60080e43522b	NR_042878.1	89.239	1366	80	51	1	1336	1329	1	0.0	1655
4bf09768-0337-49fb-8868-60080e43522b	NR_118762.1	87.874	1369	98	52	1	1339	1352	22	0.0	1585
4bf09768-0337-49fb-8868-60080e43522b	NR_118142.1	88.076	1367	94	52	1	1336	1329	1	0.0	1557
95ae22fb-442f-456d-8f09-d666755211dd	NR_024704.1	86.111	180	13	11	1	171	1180	1004	2.43e-46	183
95ae22fb-442f-456d-8f09-d666755211dd	NR_024901.1	86.111	180	13	11	1	171	1185	1009	2.43e-46	183
95ae22fb-442f-456d-8f09-d666755211dd	NR_024902.1	86.111	180	13	11	1	171	1187	1011	2.43e-46	183
95ae22fb-442f-456d-8f09-d666755211dd	NR_024909.1	86.111	180	13	11	1	171	1185	1009	2.43e-46	183
95ae22fb-442f-456d-8f09-d666755211dd	NR_024911.1	86.111	180	13	11	1	171	1185	1009	2.43e-46	183
bc89a789-33d6-4ed3-a25a-9e16e3aa386a	NR_156986.1	93.994	666	22	16	1	655	659	1	0.0	992
bc89a789-33d6-4ed3-a25a-9e16e3aa386a	NR_024901.1	93.844	666	23	16	1	655	664	6	0.0	987
bc89a789-33d6-4ed3-a25a-9e16e3aa386a	NR_024912.1	93.844	666	23	16	1	655	664	6	0.0	987
bc89a789-33d6-4ed3-a25a-9e16e3aa386a	NR_024928.1	93.844	666	23	16	1	655	664	6	0.0	987
bc89a789-33d6-4ed3-a25a-9e16e3aa386a	NR_156987.1	93.844	666	23	16	1	655	659	1	0.0	987
f5882150-d89c-487c-aa12-83ea424d55d5	NR_199513.1	93.696	1396	40	35	1	1369	116	1490	0.0	2047
f5882150-d89c-487c-aa12-83ea424d55d5	NR_179889.1	93.410	1396	44	36	1	1369	116	1490	0.0	2025
f5882150-d89c-487c-aa12-83ea424d55d5	NR_181891.1	93.410	1396	44	36	1	1369	112	1486	0.0	2025
f5882150-d89c-487c-aa12-83ea424d55d5	NR_199515.1	93.252	1393	52	30	1	1369	118	1492	0.0	2013
f5882150-d89c-487c-aa12-83ea424d55d5	NR_024927.1	93.195	1396	47	35	1	1369	102	1476	0.0	2008
4de173f4-b4ff-4d89-a3b5-a669a0d8cb8b	NR_156986.1	95.022	1125	30	20	1	1110	1121	8	0.0	1744
4de173f4-b4ff-4d89-a3b5-a669a0d8cb8b	NR_178976.1	95.238	1113	30	18	11	1108	1105	1	0.0	1740
4de173f4-b4ff-4d89-a3b5-a669a0d8cb8b	NR_113600.1	94.929	1124	31	20	1	1109	1113	1	0.0	1738
4de173f4-b4ff-4d89-a3b5-a669a0d8cb8b	NR_156987.1	94.933	1125	31	20	1	1110	1121	8	0.0	1738
4de173f4-b4ff-4d89-a3b5-a669a0d8cb8b	NR_199514.1	94.933	1125	31	19	1	1110	1133	20	0.0	1738
6ad8b045-3553-49ba-a89f-43794daa6f8c	NR_025164.1	93.151	657	22	18	5	645	417	1066	0.0	942
6ad8b045-3553-49ba-a89f-43794daa6f8c	NR_042199.1	93.151	657	22	18	5	645	417	1066	0.0	942
6ad8b045-3553-49ba-a89f-43794daa6f8c	NR_028986.1	94.258	627	14	17	34	645	447	1066	0.0	939
6ad8b045-3553-49ba-a89f-43794daa6f8c	NR_028987.1	94.258	627	14	17	34	645	447	1066	0.0	939
6ad8b045-3553-49ba-a89f-43794daa6f8c	NR_113600.1	94.258	627	14	17	34	645	447	1066	0.0	939
8ce6a028-1300-4326-8dd7-d5f87b4a4bf0	NR_164626.1	91.760	267	8	8	1	256	264	1	5.84e-99	359
8ce6a028-1300-4326-8dd7-d5f87b4a4bf0	NR_024912.1	91.698	265	8	8	1	254	267	6	7.56e-98	355
8ce6a028-1300-4326-8dd7-d5f87b4a4bf0	NR_028706.1	91.698	265	8	8	1	254	275	14	7.56e-98	355
8ce6a028-1300-4326-8dd7-d5f87b4a4bf0	NR_037092.1	91.698	265	8	8	1	254	272	11	7.56e-98	355
8ce6a028-1300-4326-8dd7-d5f87b4a4bf0	NR_042939.1	91.698	265	8	8	1	254	273	12	7.56e-98	355
b9377a00-0888-4829-87ac-36ae58834697	NR_179889.1	92.381	1050	48	26	1	1037	463	1493	0.0	1467
b9377a00-0888-4829-87ac-36ae58834697	NR_041953.1	92.286	1050	49	26	1	1037	436	1466	0.0	1461
b9377a00-0888-4829-87ac-36ae58834697	NR_042541.1	92.286	1050	49	26	1	1037	436	1466	0.0	1461
b9377a00-0888-4829-87ac-36ae58834697	NR_178854.1	92.286	1050	48	27	1	1037	436	1465	0.0	1459
b9377a00-0888-4829-87ac-36ae58834697	NR_116899.1	92.629	1031	47	24	20	1037	439	1453	0.0	1456
d1e15260-15d0-4f79-b90e-d2f2947c92be	NR_179392.1	94.095	1321	50	24	1	1308	1318	13	0.0	1982
d1e15260-15d0-4f79-b90e-d2f2947c92be	NR_179398.1	94.024	1322	49	28	1	1308	1318	13	0.0	1977
d1e15260-15d0-4f79-b90e-d2f2947c92be	NR_181080.1	93.240	1287	61	25	1	1275	1273	1	0.0	1871
d1e15260-15d0-4f79-b90e-d2f2947c92be	NR_115611.1	91.742	1332	67	37	1	1308	1323	11	0.0	1820
d1e15260-15d0-4f79-b90e-d2f2947c92be	NR_151929.1	91.761	1323	72	32	1	1301	1308	1	0.0	1810
37273448-233c-4cbb-873c-2bf59dcff5db	NR_117694.1	97.092	1410	26	13	1	1404	1401	1	0.0	2362
37273448-233c-4cbb-873c-2bf59dcff5db	NR_121687.1	96.195	1419	37	15	1	1412	1421	13	0.0	2305
37273448-233c-4cbb-873c-2bf59dcff5db	NR_025892.1	95.839	1418	43	14	1	1412	1426	19	0.0	2303
37273448-233c-4cbb-873c-2bf59dcff5db	NR_117692.1	95.680	1412	42	16	1	1404	1401	1	0.0	2252
37273448-233c-4cbb-873c-2bf59dcff5db	NR_041989.1	96.481	1364	31	15	6	1362	1354	1	0.0	2237
03133e9a-17aa-4073-953e-769b9035b4e6	NR_117694.1	94.779	249	6	5	17	259	253	6	1.33e-105	381
03133e9a-17aa-4073-953e-769b9035b4e6	NR_025892.1	93.574	249	9	5	17	259	279	32	3.71e-101	366
03133e9a-17aa-4073-953e-769b9035b4e6	NR_117692.1	91.165	249	15	5	17	259	253	6	1.35e-90	331
03133e9a-17aa-4073-953e-769b9035b4e6	NR_121687.1	90.800	250	14	7	17	259	273	26	6.30e-89	326
03133e9a-17aa-4073-953e-769b9035b4e6	NR_041989.1	94.811	212	6	3	17	224	211	1	6.30e-89	326
a819c8b9-cccd-4bc9-8ad2-880afad3068d	NR_113600.1	93.900	1459	53	27	1	1430	1452	1	0.0	2170
a819c8b9-cccd-4bc9-8ad2-880afad3068d	NR_024928.1	93.724	1466	58	25	1	1438	1465	6	0.0	2169
a819c8b9-cccd-4bc9-8ad2-880afad3068d	NR_114225.1	93.827	1458	56	25	1	1430	1452	1	0.0	2165
a819c8b9-cccd-4bc9-8ad2-880afad3068d	NR_024901.1	93.656	1466	59	25	1	1438	1465	6	0.0	2161
a819c8b9-cccd-4bc9-8ad2-880afad3068d	NR_113583.1	93.759	1458	57	25	1	1430	1452	1	0.0	2158
ee1ee866-6498-46a8-97ef-eec2fe5b5e4e	NR_036998.1	91.630	227	13	6	4	228	1199	1421	5.41e-84	309
ee1ee866-6498-46a8-97ef-eec2fe5b5e4e	NR_043314.1	91.630	227	13	6	4	228	1218	1440	5.41e-84	309
ee1ee866-6498-46a8-97ef-eec2fe5b5e4e	NR_114225.1	91.630	227	13	6	4	228	1200	1422	5.41e-84	309
ee1ee866-6498-46a8-97ef-eec2fe5b5e4e	NR_114793.1	91.630	227	13	6	4	228	1092	1314	5.41e-84	309
ee1ee866-6498-46a8-97ef-eec2fe5b5e4e	NR_114749.1	91.630	227	13	6	4	228	1220	1442	5.41e-84	309
7265fa10-3fa8-40bf-848d-03509bc426e8	NR_156986.1	95.248	926	20	23	1	912	929	14	0.0	1445
7265fa10-3fa8-40bf-848d-03509bc426e8	NR_178976.1	95.248	926	20	23	1	912	920	5	0.0	1445
7265fa10-3fa8-40bf-848d-03509bc426e8	NR_113600.1	95.140	926	21	23	1	912	921	6	0.0	1441
7265fa10-3fa8-40bf-848d-03509bc426e8	NR_156987.1	95.140	926	21	23	1	912	929	14	0.0	1439
7265fa10-3fa8-40bf-848d-03509bc426e8	NR_199514.1	95.140	926	21	23	1	912	941	26	0.0	1439
f8dfd5e5-f6ef-46e7-9f80-ff4ae92f7074	NR_181875.1	90.878	888	36	33	1	853	1414	537	0.0	1149
f8dfd5e5-f6ef-46e7-9f80-ff4ae92f7074	NR_041953.1	90.653	888	38	33	1	853	1403	526	0.0	1138
f8dfd5e5-f6ef-46e7-9f80-ff4ae92f7074	NR_117826.1	90.653	888	38	33	1	853	1375	498	0.0	1138
f8dfd5e5-f6ef-46e7-9f80-ff4ae92f7074	NR_180743.1	90.653	888	38	33	1	853	1404	527	0.0	1138
f8dfd5e5-f6ef-46e7-9f80-ff4ae92f7074	NR_181810.1	90.653	888	38	33	1	853	1420	543	0.0	1138
4fa5dac5-47a4-41e7-a692-3ed8f924159b	NR_104897.1	97.265	585	10	6	1	581	583	1	0.0	987
4fa5dac5-47a4-41e7-a692-3ed8f924159b	NR_165738.1	96.239	585	16	6	1	581	584	2	0.0	953
4fa5dac5-47a4-41e7-a692-3ed8f924159b	NR_174202.1	92.074	593	41	5	1	589	603	13	0.0	830
4fa5dac5-47a4-41e7-a692-3ed8f924159b	NR_074312.2	91.765	595	39	9	1	589	605	15	0.0	819
4fa5dac5-47a4-41e7-a692-3ed8f924159b	NR_175563.1	91.765	595	39	10	1	589	615	25	0.0	819
7c036f7a-6af2-4bce-89c1-492b93d6e861	NR_116899.1	96.333	1009	28	8	8	1010	449	1454	0.0	1650
7c036f7a-6af2-4bce-89c1-492b93d6e861	NR_179889.1	96.333	1009	28	8	8	1010	489	1494	0.0	1650
7c036f7a-6af2-4bce-89c1-492b93d6e861	NR_199515.1	96.333	1009	28	8	8	1010	491	1496	0.0	1650
7c036f7a-6af2-4bce-89c1-492b93d6e861	NR_024918.1	96.234	1009	29	8	8	1010	475	1480	0.0	1644
7c036f7a-6af2-4bce-89c1-492b93d6e861	NR_041953.1	96.234	1009	29	8	8	1010	462	1467	0.0	1644
88aa7481-23e9-4d2c-9dce-575d779886b2	NR_199513.1	97.097	1378	26	12	5	1374	122	1493	0.0	2311
88aa7481-23e9-4d2c-9dce-575d779886b2	NR_179889.1	97.023	1377	29	11	5	1374	122	1493	0.0	2305
88aa7481-23e9-4d2c-9dce-575d779886b2	NR_041953.1	96.950	1377	30	11	5	1374	95	1466	0.0	2300
88aa7481-23e9-4d2c-9dce-575d779886b2	NR_178854.1	96.950	1377	29	12	5	1374	95	1465	0.0	2298
88aa7481-23e9-4d2c-9dce-575d779886b2	NR_024928.1	96.880	1378	29	13	5	1374	108	1479	0.0	2296
1b897afd-b62d-46b0-845f-250fae320338	NR_199513.1	93.425	1095	42	24	33	1108	1101	18	0.0	1596
1b897afd-b62d-46b0-845f-250fae320338	NR_156986.1	93.327	1094	41	25	33	1106	1082	1	0.0	1587
1b897afd-b62d-46b0-845f-250fae320338	NR_156987.1	93.236	1094	42	25	33	1106	1082	1	0.0	1581
1b897afd-b62d-46b0-845f-250fae320338	NR_199514.1	93.236	1094	42	25	33	1106	1094	13	0.0	1581
1b897afd-b62d-46b0-845f-250fae320338	NR_024901.1	93.144	1094	43	25	33	1106	1087	6	0.0	1576
958cfb38-78ae-4a11-810a-7ab19fe6486e	NR_028665.1	100.000	266	0	0	1	266	1212	1477	5.87e-139	492
958cfb38-78ae-4a11-810a-7ab19fe6486e	NR_114172.1	100.000	266	0	0	1	266	1195	1460	5.87e-139	492
958cfb38-78ae-4a11-810a-7ab19fe6486e	NR_115239.1	100.000	266	0	0	1	266	1195	1460	5.87e-139	492
958cfb38-78ae-4a11-810a-7ab19fe6486e	NR_027214.1	100.000	266	0	0	1	266	1195	1460	5.87e-139	492
958cfb38-78ae-4a11-810a-7ab19fe6486e	NR_165741.1	100.000	266	0	0	1	266	1204	1469	5.87e-139	492
373496e2-8336-4a51-a79c-bec522a4fa24	NR_156986.1	92.472	1076	44	31	30	1082	1076	15	0.0	1504
373496e2-8336-4a51-a79c-bec522a4fa24	NR_178976.1	92.472	1076	44	31	30	1082	1067	6	0.0	1504
373496e2-8336-4a51-a79c-bec522a4fa24	NR_199513.1	92.465	1075	46	29	30	1082	1095	34	0.0	1504
373496e2-8336-4a51-a79c-bec522a4fa24	NR_037092.1	92.451	1073	45	30	30	1082	1081	25	0.0	1500
373496e2-8336-4a51-a79c-bec522a4fa24	NR_113600.1	92.379	1076	45	31	30	1082	1068	7	0.0	1500
77898ec9-3caf-4477-95dd-b10dba46b3f6	NR_156986.1	93.699	857	27	23	1	838	861	13	0.0	1258
77898ec9-3caf-4477-95dd-b10dba46b3f6	NR_178976.1	93.699	857	27	23	1	838	852	4	0.0	1258
77898ec9-3caf-4477-95dd-b10dba46b3f6	NR_113600.1	93.582	857	28	23	1	838	853	5	0.0	1254
77898ec9-3caf-4477-95dd-b10dba46b3f6	NR_156987.1	93.582	857	28	23	1	838	861	13	0.0	1253
77898ec9-3caf-4477-95dd-b10dba46b3f6	NR_199513.1	93.575	856	30	20	1	838	880	32	0.0	1253
920da0c2-e057-4b7d-9f18-b707efa7d96f	NR_025742.1	90.248	605	38	15	16	608	885	1480	0.0	771
920da0c2-e057-4b7d-9f18-b707efa7d96f	NR_043712.1	90.232	604	38	15	17	608	861	1455	0.0	769
920da0c2-e057-4b7d-9f18-b707efa7d96f	NR_116413.1	89.799	598	42	14	17	603	833	1422	0.0	749
920da0c2-e057-4b7d-9f18-b707efa7d96f	NR_044327.1	90.017	591	35	18	17	592	834	1415	0.0	743
920da0c2-e057-4b7d-9f18-b707efa7d96f	NR_181478.1	91.455	550	32	12	17	557	842	1385	0.0	741
937fb7de-607a-4111-8d53-191a33a7edf4	NR_199513.1	94.697	660	22	10	1	653	686	33	0.0	1013
937fb7de-607a-4111-8d53-191a33a7edf4	NR_041953.1	93.353	662	27	14	1	653	659	6	0.0	963
937fb7de-607a-4111-8d53-191a33a7edf4	NR_178854.1	93.051	662	29	14	1	653	659	6	0.0	952
937fb7de-607a-4111-8d53-191a33a7edf4	NR_181891.1	92.911	663	28	16	1	653	682	29	0.0	946
937fb7de-607a-4111-8d53-191a33a7edf4	NR_042541.1	92.609	663	30	16	1	653	659	6	0.0	937
58f84b85-59a5-41b0-bc9c-5a730848e0f5	NR_024912.1	93.852	244	8	4	1	243	244	7	1.55e-99	361
58f84b85-59a5-41b0-bc9c-5a730848e0f5	NR_025586.1	93.852	244	8	4	1	243	239	2	1.55e-99	361
58f84b85-59a5-41b0-bc9c-5a730848e0f5	NR_025587.1	93.852	244	8	4	1	243	239	2	1.55e-99	361
58f84b85-59a5-41b0-bc9c-5a730848e0f5	NR_028706.1	93.852	244	8	4	1	243	252	15	1.55e-99	361
58f84b85-59a5-41b0-bc9c-5a730848e0f5	NR_037092.1	93.852	244	8	4	1	243	249	12	1.55e-99	361
69f6ff81-b18c-410d-a67e-183793c75da7	NR_134818.1	96.467	368	7	5	1	368	1127	1488	3.64e-172	603
69f6ff81-b18c-410d-a67e-183793c75da7	NR_040821.1	96.196	368	8	5	1	368	1114	1475	1.69e-170	597
69f6ff81-b18c-410d-a67e-183793c75da7	NR_025148.1	96.196	368	8	5	1	368	1134	1495	1.69e-170	597
69f6ff81-b18c-410d-a67e-183793c75da7	NR_040820.1	96.196	368	8	5	1	368	1114	1475	1.69e-170	597
69f6ff81-b18c-410d-a67e-183793c75da7	NR_126177.1	96.196	368	8	5	1	368	1116	1477	1.69e-170	597
922b10d9-1133-48da-bc37-5a1447961019	NR_199518.1	98.305	767	10	3	1	766	380	1144	0.0	1341
922b10d9-1133-48da-bc37-5a1447961019	NR_041953.1	98.175	767	11	3	1	766	436	1200	0.0	1336
922b10d9-1133-48da-bc37-5a1447961019	NR_178447.1	98.175	767	11	3	1	766	370	1134	0.0	1336
922b10d9-1133-48da-bc37-5a1447961019	NR_042541.1	98.044	767	12	3	1	766	436	1200	0.0	1330
922b10d9-1133-48da-bc37-5a1447961019	NR_179889.1	98.044	767	12	3	1	766	463	1227	0.0	1330
fed12fba-2157-47e6-b7ea-2116414261a0	NR_025903.1	91.611	1347	67	37	1	1312	163	1498	0.0	1820
fed12fba-2157-47e6-b7ea-2116414261a0	NR_133753.1	92.444	1297	58	31	1	1265	117	1405	0.0	1816
fed12fba-2157-47e6-b7ea-2116414261a0	NR_133752.1	92.213	1297	61	31	1	1265	88	1376	0.0	1799
fed12fba-2157-47e6-b7ea-2116414261a0	NR_026419.1	90.579	1348	81	36	1	1312	150	1487	0.0	1744
fed12fba-2157-47e6-b7ea-2116414261a0	NR_025904.1	90.215	1349	82	41	1	1312	162	1497	0.0	1714
2bbd1f88-7dd4-4209-9528-5ccde83b8f88	NR_028682.1	94.711	1229	25	30	1	1210	290	1497	0.0	1873
2bbd1f88-7dd4-4209-9528-5ccde83b8f88	NR_116890.1	92.339	1214	56	27	1	1198	278	1470	0.0	1692
2bbd1f88-7dd4-4209-9528-5ccde83b8f88	NR_113798.1	92.026	1229	59	28	1	1211	274	1481	0.0	1690
2bbd1f88-7dd4-4209-9528-5ccde83b8f88	NR_025445.1	91.945	1229	61	28	1	1212	281	1488	0.0	1687
2bbd1f88-7dd4-4209-9528-5ccde83b8f88	NR_119263.1	91.721	1232	69	23	1	1217	287	1500	0.0	1679
5a1c1978-3c12-42ee-89d6-e50354fbac84	NR_074980.1	91.941	608	26	18	1	596	606	10	0.0	830
5a1c1978-3c12-42ee-89d6-e50354fbac84	NR_113031.1	91.941	608	26	18	1	596	606	10	0.0	830
5a1c1978-3c12-42ee-89d6-e50354fbac84	NR_119168.1	91.933	595	25	18	1	583	584	1	0.0	811
5a1c1978-3c12-42ee-89d6-e50354fbac84	NR_117759.1	91.737	593	26	18	1	581	582	1	0.0	802
5a1c1978-3c12-42ee-89d6-e50354fbac84	NR_115355.1	91.823	587	25	18	4	578	576	1	0.0	800
eefc5934-98e6-4dcb-bafa-82b8babdfb7a	NR_024704.1	98.182	330	3	3	1	329	1306	979	2.50e-163	573
eefc5934-98e6-4dcb-bafa-82b8babdfb7a	NR_036909.1	98.182	330	3	3	1	329	1316	989	2.50e-163	573
eefc5934-98e6-4dcb-bafa-82b8babdfb7a	NR_126220.1	98.182	330	3	3	1	329	1304	977	2.50e-163	573
eefc5934-98e6-4dcb-bafa-82b8babdfb7a	NR_179483.1	98.182	330	3	3	1	329	1201	874	2.50e-163	573
eefc5934-98e6-4dcb-bafa-82b8babdfb7a	NR_181838.1	98.182	330	3	3	1	329	1321	994	2.50e-163	573
d5446a83-09cc-40aa-ac7c-4b45d1fee0a5	NR_116168.1	91.535	697	29	25	1	677	804	1490	0.0	933
d5446a83-09cc-40aa-ac7c-4b45d1fee0a5	NR_118762.1	90.684	687	35	25	1	668	807	1483	0.0	900
d5446a83-09cc-40aa-ac7c-4b45d1fee0a5	NR_181418.1	89.398	698	38	30	3	677	805	1489	0.0	846
d5446a83-09cc-40aa-ac7c-4b45d1fee0a5	NR_024897.1	89.240	697	41	28	3	677	805	1489	0.0	841
d5446a83-09cc-40aa-ac7c-4b45d1fee0a5	NR_180040.1	89.112	698	44	27	1	677	810	1496	0.0	839
f750261c-8a7f-4dac-aa1e-378d9197637e	NR_024912.1	94.107	560	11	17	1	545	582	30	0.0	832
f750261c-8a7f-4dac-aa1e-378d9197637e	NR_042147.1	94.107	560	11	17	1	545	569	17	0.0	832
f750261c-8a7f-4dac-aa1e-378d9197637e	NR_156986.1	94.107	560	11	17	1	545	577	25	0.0	832
f750261c-8a7f-4dac-aa1e-378d9197637e	NR_178976.1	94.107	560	11	17	1	545	568	16	0.0	832
f750261c-8a7f-4dac-aa1e-378d9197637e	NR_037092.1	94.097	559	12	16	1	545	586	35	0.0	830
f3a158fe-63e9-4b90-bd5b-14831298bd2e	NR_026094.1	94.231	312	9	7	1	307	320	13	1.13e-131	468
f3a158fe-63e9-4b90-bd5b-14831298bd2e	NR_113368.1	94.231	312	9	7	1	307	320	13	1.13e-131	468
f3a158fe-63e9-4b90-bd5b-14831298bd2e	NR_044777.1	93.603	297	13	4	1	294	298	5	8.88e-123	438
f3a158fe-63e9-4b90-bd5b-14831298bd2e	NR_119228.1	93.007	286	13	5	1	282	283	1	1.94e-114	411
f3a158fe-63e9-4b90-bd5b-14831298bd2e	NR_044346.1	85.809	303	29	13	1	293	299	1	7.26e-84	309
e4a8c9fd-380f-4bbd-94dd-5764c4b5a30d	NR_025902.1	100.000	78	0	0	1	78	1372	1449	4.34e-35	145
e4a8c9fd-380f-4bbd-94dd-5764c4b5a30d	NR_028844.1	100.000	78	0	0	1	78	1403	1480	4.34e-35	145
e4a8c9fd-380f-4bbd-94dd-5764c4b5a30d	NR_040933.1	100.000	78	0	0	1	78	1416	1493	4.34e-35	145
e4a8c9fd-380f-4bbd-94dd-5764c4b5a30d	NR_117717.1	100.000	78	0	0	1	78	1414	1491	4.34e-35	145
e4a8c9fd-380f-4bbd-94dd-5764c4b5a30d	NR_121688.1	100.000	78	0	0	1	78	1414	1491	4.34e-35	145
13099ec4-bd81-4462-b944-af5e9d473008	NR_024918.1	94.457	920	33	16	1	907	562	1476	0.0	1400
13099ec4-bd81-4462-b944-af5e9d473008	NR_041799.1	94.463	921	31	18	1	907	549	1463	0.0	1400
13099ec4-bd81-4462-b944-af5e9d473008	NR_041953.1	94.457	920	33	16	1	907	549	1463	0.0	1400
13099ec4-bd81-4462-b944-af5e9d473008	NR_042541.1	94.457	920	33	16	1	907	549	1463	0.0	1400
13099ec4-bd81-4462-b944-af5e9d473008	NR_116899.1	94.457	920	33	16	1	907	536	1450	0.0	1400
98c128a0-0243-4eb7-842b-ff4bde1c004f	NR_117694.1	94.393	963	34	18	1	952	517	1470	0.0	1461
98c128a0-0243-4eb7-842b-ff4bde1c004f	NR_117692.1	94.081	963	37	18	1	952	517	1470	0.0	1445
98c128a0-0243-4eb7-842b-ff4bde1c004f	NR_117696.1	94.081	963	37	18	1	952	504	1457	0.0	1445
98c128a0-0243-4eb7-842b-ff4bde1c004f	NR_121687.1	93.977	963	38	18	1	952	537	1490	0.0	1439
98c128a0-0243-4eb7-842b-ff4bde1c004f	NR_117717.1	93.977	963	37	19	1	952	538	1490	0.0	1437
9edd7dca-b40e-4a4d-9dd7-0f278d0977dd	NR_043332.1	98.817	338	3	1	1	338	1146	1482	1.19e-171	601
9edd7dca-b40e-4a4d-9dd7-0f278d0977dd	NR_074980.1	98.817	338	3	1	1	338	1173	1509	1.19e-171	601
9edd7dca-b40e-4a4d-9dd7-0f278d0977dd	NR_113031.1	98.817	338	3	1	1	338	1173	1509	1.19e-171	601
9edd7dca-b40e-4a4d-9dd7-0f278d0977dd	NR_113570.1	98.525	339	3	2	1	338	1153	1490	1.54e-170	597
9edd7dca-b40e-4a4d-9dd7-0f278d0977dd	NR_115354.1	97.929	338	6	1	1	338	1146	1482	1.20e-166	584
9bd54021-2f84-4fb9-aea1-8561e73c002c	NR_117694.1	93.693	761	25	19	18	763	780	28	0.0	1118
9bd54021-2f84-4fb9-aea1-8561e73c002c	NR_121687.1	92.520	762	32	19	18	763	800	48	0.0	1068
9bd54021-2f84-4fb9-aea1-8561e73c002c	NR_041989.1	92.771	747	29	21	18	748	738	1	0.0	1057
9bd54021-2f84-4fb9-aea1-8561e73c002c	NR_025892.1	91.721	761	39	20	18	763	805	54	0.0	1055
9bd54021-2f84-4fb9-aea1-8561e73c002c	NR_041988.1	92.102	747	34	19	18	748	738	1	0.0	1029
280ce2f9-7eff-446e-9226-22087623b2a2	NR_036936.1	93.484	1458	63	25	1	1447	1441	5	0.0	2139
280ce2f9-7eff-446e-9226-22087623b2a2	NR_109720.1	93.480	1457	61	25	1	1445	1435	1	0.0	2134
280ce2f9-7eff-446e-9226-22087623b2a2	NR_028664.1	92.590	1471	73	29	1	1460	1462	17	0.0	2080
280ce2f9-7eff-446e-9226-22087623b2a2	NR_115240.1	92.730	1458	72	27	1	1447	1439	5	0.0	2074
280ce2f9-7eff-446e-9226-22087623b2a2	NR_042928.1	92.661	1458	72	28	1	1447	1438	5	0.0	2067
ba597f27-50dd-4b4a-acd4-78c13deccd78	NR_116168.1	86.134	476	44	20	1	460	488	19	2.88e-139	494
ba597f27-50dd-4b4a-acd4-78c13deccd78	NR_042878.1	85.654	474	44	22	1	457	467	1	6.23e-136	483
ba597f27-50dd-4b4a-acd4-78c13deccd78	NR_025423.1	84.551	479	48	22	1	460	472	1	1.76e-126	451
ba597f27-50dd-4b4a-acd4-78c13deccd78	NR_118762.1	83.857	477	53	22	1	460	491	22	1.76e-126	451
ba597f27-50dd-4b4a-acd4-78c13deccd78	NR_042868.1	82.526	475	59	20	1	457	469	1	8.35e-110	396
db43e7e1-8b12-4c01-9a6e-30581724ccf2	NR_121688.1	90.289	381	16	15	1	371	391	22	6.62e-135	479
db43e7e1-8b12-4c01-9a6e-30581724ccf2	NR_117717.1	90.026	381	17	15	1	371	392	23	3.08e-133	473
db43e7e1-8b12-4c01-9a6e-30581724ccf2	NR_117701.1	90.026	381	17	15	1	371	371	2	3.08e-133	473
db43e7e1-8b12-4c01-9a6e-30581724ccf2	NR_117696.1	90.244	369	15	15	1	359	358	1	6.67e-130	462
db43e7e1-8b12-4c01-9a6e-30581724ccf2	NR_118659.1	88.267	375	23	15	1	365	391	28	2.42e-124	444
53f79a6a-7ac1-4920-84d2-9ce84cf08994	NR_117694.1	95.122	779	19	13	5	778	1	765	0.0	1210
53f79a6a-7ac1-4920-84d2-9ce84cf08994	NR_041989.1	96.306	731	12	9	52	778	4	723	0.0	1186
53f79a6a-7ac1-4920-84d2-9ce84cf08994	NR_117717.1	94.246	782	28	11	1	778	18	786	0.0	1179
53f79a6a-7ac1-4920-84d2-9ce84cf08994	NR_121688.1	94.118	782	29	11	1	778	17	785	0.0	1173
53f79a6a-7ac1-4920-84d2-9ce84cf08994	NR_117701.1	94.216	778	28	11	5	778	1	765	0.0	1171
4eb3fbdd-96f5-4903-a24a-f55a2d242542	NR_024918.1	89.864	513	29	19	1	493	970	1479	0.0	638
4eb3fbdd-96f5-4903-a24a-f55a2d242542	NR_043314.1	89.864	513	29	19	1	493	975	1484	0.0	638
4eb3fbdd-96f5-4903-a24a-f55a2d242542	NR_116899.1	89.864	513	29	19	1	493	944	1453	0.0	638
4eb3fbdd-96f5-4903-a24a-f55a2d242542	NR_164626.1	89.864	513	29	19	1	493	967	1476	0.0	638
4eb3fbdd-96f5-4903-a24a-f55a2d242542	NR_178854.1	89.864	513	29	19	1	493	956	1465	0.0	638
a4e143e3-a358-48a3-a289-1698adeda625	NR_037092.1	94.819	386	6	12	1	375	393	11	2.87e-168	590
a4e143e3-a358-48a3-a289-1698adeda625	NR_164626.1	94.602	389	6	12	1	377	386	1	1.03e-167	588
a4e143e3-a358-48a3-a289-1698adeda625	NR_024912.1	94.574	387	6	12	1	375	389	6	1.33e-166	584
a4e143e3-a358-48a3-a289-1698adeda625	NR_028706.1	94.574	387	6	12	1	375	397	14	1.33e-166	584
a4e143e3-a358-48a3-a289-1698adeda625	NR_042939.1	94.574	387	6	12	1	375	395	12	1.33e-166	584
44c57977-5776-4b4e-8175-9b658b2ee1e4	NR_024911.1	91.006	467	25	12	14	475	1027	1481	2.17e-175	614
44c57977-5776-4b4e-8175-9b658b2ee1e4	NR_024918.1	91.026	468	23	14	14	475	1027	1481	2.17e-175	614
44c57977-5776-4b4e-8175-9b658b2ee1e4	NR_025174.1	91.006	467	25	12	14	475	1020	1474	2.17e-175	614
44c57977-5776-4b4e-8175-9b658b2ee1e4	NR_028986.1	91.026	468	23	14	14	475	1014	1468	2.17e-175	614
44c57977-5776-4b4e-8175-9b658b2ee1e4	NR_043314.1	91.026	468	23	14	14	475	1032	1486	2.17e-175	614
6858d93f-cca9-4002-886a-2d8af0e70681	NR_041953.1	89.176	619	43	21	4	601	1015	400	0.0	750
6858d93f-cca9-4002-886a-2d8af0e70681	NR_199513.1	89.176	619	43	21	4	601	1042	427	0.0	750
6858d93f-cca9-4002-886a-2d8af0e70681	NR_134794.1	88.834	609	42	23	15	601	967	363	0.0	725
6858d93f-cca9-4002-886a-2d8af0e70681	NR_040859.1	88.651	608	45	21	15	601	1016	412	0.0	719
6858d93f-cca9-4002-886a-2d8af0e70681	NR_104278.1	88.651	608	45	21	15	601	1016	412	0.0	719
e7432a15-fcad-48f2-9882-a1e36f20a633	NR_117694.1	90.138	1085	52	45	13	1056	1071	1	0.0	1360
e7432a15-fcad-48f2-9882-a1e36f20a633	NR_121687.1	89.595	1086	56	46	13	1056	1091	21	0.0	1327
e7432a15-fcad-48f2-9882-a1e36f20a633	NR_025892.1	88.920	1083	68	44	13	1056	1096	27	0.0	1310
e7432a15-fcad-48f2-9882-a1e36f20a633	NR_041989.1	89.645	1043	55	42	13	1016	1029	1	0.0	1279
e7432a15-fcad-48f2-9882-a1e36f20a633	NR_026079.2	88.447	1082	76	40	13	1056	1098	28	0.0	1260
5aa786b0-08b3-4dbd-aa86-360433e5baa9	NR_117694.1	93.620	627	20	11	1	610	624	1	0.0	918
5aa786b0-08b3-4dbd-aa86-360433e5baa9	NR_121687.1	91.981	636	30	13	1	619	644	13	0.0	872
5aa786b0-08b3-4dbd-aa86-360433e5baa9	NR_025892.1	91.469	633	32	15	4	619	646	19	0.0	869
5aa786b0-08b3-4dbd-aa86-360433e5baa9	NR_117692.1	91.707	627	32	11	1	610	624	1	0.0	852
5aa786b0-08b3-4dbd-aa86-360433e5baa9	NR_026079.2	90.409	636	40	13	1	619	651	20	0.0	817
6afd2b87-1bad-4a00-915a-297f410efb66	NR_042878.1	95.710	303	5	7	1	297	523	223	1.40e-135	481
6afd2b87-1bad-4a00-915a-297f410efb66	NR_116168.1	95.710	303	5	7	1	297	544	244	1.40e-135	481
6afd2b87-1bad-4a00-915a-297f410efb66	NR_025423.1	94.389	303	9	7	1	297	528	228	6.57e-129	459
6afd2b87-1bad-4a00-915a-297f410efb66	NR_118762.1	93.729	303	11	7	1	297	547	247	6.57e-129	459
6afd2b87-1bad-4a00-915a-297f410efb66	NR_118143.1	94.059	303	10	7	1	297	525	225	8.50e-128	455
7d03d6ce-020c-4d0b-b777-5be3987dede6	NR_042928.1	87.726	831	55	42	6	812	812	5	0.0	926
7d03d6ce-020c-4d0b-b777-5be3987dede6	NR_028664.1	87.234	846	57	45	6	826	835	16	0.0	917
7d03d6ce-020c-4d0b-b777-5be3987dede6	NR_115240.1	87.380	832	56	44	6	812	812	5	0.0	909
7d03d6ce-020c-4d0b-b777-5be3987dede6	NR_115732.1	87.260	832	56	45	6	812	814	8	0.0	904
7d03d6ce-020c-4d0b-b777-5be3987dede6	NR_115560.1	86.777	847	61	45	6	827	832	12	0.0	896
d071ac8b-b2d3-4b8e-8dda-0ba1e68e9a45	NR_024912.1	97.374	457	7	4	1	454	472	18	0.0	773
d071ac8b-b2d3-4b8e-8dda-0ba1e68e9a45	NR_042147.1	97.374	457	7	4	1	454	459	5	0.0	773
d071ac8b-b2d3-4b8e-8dda-0ba1e68e9a45	NR_156986.1	97.374	457	7	4	1	454	467	13	0.0	773
d071ac8b-b2d3-4b8e-8dda-0ba1e68e9a45	NR_178976.1	97.374	457	7	4	1	454	458	4	0.0	773
d071ac8b-b2d3-4b8e-8dda-0ba1e68e9a45	NR_113600.1	97.155	457	8	4	1	454	459	5	0.0	769
52bafdc6-8624-4d91-9d75-8de17a2fbf28	NR_104947.1	95.116	430	8	9	1	420	1383	957	0.0	665
52bafdc6-8624-4d91-9d75-8de17a2fbf28	NR_117717.1	95.116	430	8	9	1	420	1430	1004	0.0	665
52bafdc6-8624-4d91-9d75-8de17a2fbf28	NR_121687.1	95.116	430	8	9	1	420	1430	1004	0.0	665
52bafdc6-8624-4d91-9d75-8de17a2fbf28	NR_117694.1	95.116	430	8	9	1	420	1410	984	0.0	665
52bafdc6-8624-4d91-9d75-8de17a2fbf28	NR_117696.1	95.116	430	8	9	1	420	1397	971	0.0	665
4b10af6f-dcad-4317-9ae7-21cc7fdb1338	NR_199513.1	96.811	439	5	6	2	434	610	175	0.0	725
4b10af6f-dcad-4317-9ae7-21cc7fdb1338	NR_041953.1	96.583	439	6	6	2	434	583	148	0.0	719
4b10af6f-dcad-4317-9ae7-21cc7fdb1338	NR_178447.1	96.583	439	6	6	2	434	517	82	0.0	719
4b10af6f-dcad-4317-9ae7-21cc7fdb1338	NR_178854.1	96.583	439	6	6	2	434	583	148	0.0	719
4b10af6f-dcad-4317-9ae7-21cc7fdb1338	NR_179889.1	96.583	439	6	6	2	434	610	175	0.0	719
e51c725f-d63d-473e-8aae-b4c479d14eac	NR_199513.1	91.935	558	24	19	4	545	184	736	0.0	761
e51c725f-d63d-473e-8aae-b4c479d14eac	NR_041953.1	91.756	558	25	19	4	545	157	709	0.0	756
e51c725f-d63d-473e-8aae-b4c479d14eac	NR_178447.1	91.756	558	25	19	4	545	91	643	0.0	756
e51c725f-d63d-473e-8aae-b4c479d14eac	NR_181891.1	91.756	558	25	19	4	545	180	732	0.0	756
e51c725f-d63d-473e-8aae-b4c479d14eac	NR_199518.1	91.756	558	25	19	4	545	101	653	0.0	756
89c8ea26-f2b6-4259-8f9a-2ba5ea5120de	NR_116168.1	90.391	843	31	35	1	806	658	1487	0.0	1062
89c8ea26-f2b6-4259-8f9a-2ba5ea5120de	NR_118762.1	89.354	836	40	35	1	800	661	1483	0.0	1020
89c8ea26-f2b6-4259-8f9a-2ba5ea5120de	NR_024897.1	88.402	845	44	40	1	806	657	1486	0.0	968
89c8ea26-f2b6-4259-8f9a-2ba5ea5120de	NR_025423.1	88.319	839	50	33	1	803	642	1468	0.0	963
89c8ea26-f2b6-4259-8f9a-2ba5ea5120de	NR_024898.1	88.298	846	43	39	1	806	657	1486	0.0	963
390b7821-e2bb-4336-8f3c-6e7052880642	NR_036998.1	96.429	252	5	3	2	251	1216	1465	4.33e-115	412
390b7821-e2bb-4336-8f3c-6e7052880642	NR_043314.1	96.429	252	5	3	2	251	1235	1484	4.33e-115	412
390b7821-e2bb-4336-8f3c-6e7052880642	NR_114793.1	96.429	252	5	3	2	251	1109	1358	4.33e-115	412
390b7821-e2bb-4336-8f3c-6e7052880642	NR_114749.1	96.429	252	5	3	2	251	1237	1486	4.33e-115	412
390b7821-e2bb-4336-8f3c-6e7052880642	NR_116899.1	96.429	252	5	3	2	251	1204	1453	4.33e-115	412
643134b5-2229-4c1b-bdb9-9c862f6c26a8	NR_116168.1	90.177	621	54	5	48	664	631	14	0.0	802
643134b5-2229-4c1b-bdb9-9c862f6c26a8	NR_042878.1	89.396	613	58	5	48	656	610	1	0.0	774
643134b5-2229-4c1b-bdb9-9c862f6c26a8	NR_074908.1	87.957	656	68	10	17	666	667	17	0.0	763
643134b5-2229-4c1b-bdb9-9c862f6c26a8	NR_137345.1	88.318	642	61	12	26	659	636	1	0.0	758
643134b5-2229-4c1b-bdb9-9c862f6c26a8	NR_037102.1	87.711	651	73	7	17	664	656	10	0.0	754
d662479b-bc93-4a2c-9e96-fcf59afedddc	NR_026419.1	90.210	1001	44	39	1	963	1425	441	0.0	1256
d662479b-bc93-4a2c-9e96-fcf59afedddc	NR_025904.1	90.824	959	40	33	1	923	1436	490	0.0	1240
d662479b-bc93-4a2c-9e96-fcf59afedddc	NR_133752.1	90.615	959	42	33	1	923	1362	416	0.0	1229
d662479b-bc93-4a2c-9e96-fcf59afedddc	NR_133753.1	90.615	959	42	33	1	923	1391	445	0.0	1229
d662479b-bc93-4a2c-9e96-fcf59afedddc	NR_025903.1	90.615	959	42	33	1	923	1437	491	0.0	1229
928231fd-0cb1-4180-9d03-4ac88d14bff6	NR_024841.1	87.885	520	19	30	3	486	758	1269	1.37e-162	571
928231fd-0cb1-4180-9d03-4ac88d14bff6	NR_113260.1	87.885	520	19	30	3	486	744	1255	1.37e-162	571
928231fd-0cb1-4180-9d03-4ac88d14bff6	NR_115736.1	87.885	520	19	30	3	486	691	1202	1.37e-162	571
928231fd-0cb1-4180-9d03-4ac88d14bff6	NR_028664.1	87.692	520	20	30	3	486	765	1276	6.35e-161	566
928231fd-0cb1-4180-9d03-4ac88d14bff6	NR_042927.1	87.692	520	20	30	3	486	744	1255	6.35e-161	566
5ebe53a7-b576-4855-89ec-d3fdeaecfa76	NR_165737.1	97.262	694	9	7	1	687	691	1	0.0	1168
5ebe53a7-b576-4855-89ec-d3fdeaecfa76	NR_178515.1	97.262	694	9	7	1	687	691	1	0.0	1168
5ebe53a7-b576-4855-89ec-d3fdeaecfa76	NR_114413.1	95.442	702	22	7	1	695	714	16	0.0	1110
5ebe53a7-b576-4855-89ec-d3fdeaecfa76	NR_024842.1	95.164	703	22	9	1	695	706	8	0.0	1103
5ebe53a7-b576-4855-89ec-d3fdeaecfa76	NR_042927.1	95.389	694	22	7	1	687	691	1	0.0	1096
faa46cbe-4787-4990-a190-48f2e7604f24	NR_117719.1	96.289	512	7	11	936	1440	605	1111	0.0	830
faa46cbe-4787-4990-a190-48f2e7604f24	NR_117719.1	80.380	474	74	16	1	466	702	240	3.71e-93	342
faa46cbe-4787-4990-a190-48f2e7604f24	NR_179540.1	96.289	512	7	11	936	1440	605	1111	0.0	830
faa46cbe-4787-4990-a190-48f2e7604f24	NR_179540.1	80.380	474	74	16	1	466	702	240	3.71e-93	342
faa46cbe-4787-4990-a190-48f2e7604f24	NR_180625.1	96.289	512	7	11	936	1440	567	1073	0.0	830
faa46cbe-4787-4990-a190-48f2e7604f24	NR_180625.1	80.380	474	74	16	1	466	664	202	3.71e-93	342
faa46cbe-4787-4990-a190-48f2e7604f24	NR_180629.1	96.289	512	7	11	936	1440	567	1073	0.0	830
faa46cbe-4787-4990-a190-48f2e7604f24	NR_180629.1	80.380	474	74	16	1	466	664	202	3.71e-93	342
faa46cbe-4787-4990-a190-48f2e7604f24	NR_199541.1	96.289	512	7	11	936	1440	563	1069	0.0	830
faa46cbe-4787-4990-a190-48f2e7604f24	NR_199541.1	80.169	474	75	16	1	466	660	198	1.73e-91	337
803c0f13-0fcf-40ff-873e-2494ffe556b9	NR_117694.1	94.648	1308	46	22	1	1290	1302	1	0.0	2006
803c0f13-0fcf-40ff-873e-2494ffe556b9	NR_025892.1	93.161	1316	66	22	1	1299	1327	19	0.0	1936
803c0f13-0fcf-40ff-873e-2494ffe556b9	NR_121687.1	93.475	1318	59	25	1	1299	1322	13	0.0	1932
803c0f13-0fcf-40ff-873e-2494ffe556b9	NR_117692.1	93.130	1310	62	25	1	1290	1302	1	0.0	1895
803c0f13-0fcf-40ff-873e-2494ffe556b9	NR_041989.1	93.923	1267	52	23	1	1249	1260	1	0.0	1890
560a8889-93b0-4853-b5c2-a39551d368f8	NR_024912.1	94.231	572	21	12	1	564	573	6	0.0	863
560a8889-93b0-4853-b5c2-a39551d368f8	NR_042147.1	94.662	562	20	10	1	555	560	2	0.0	863
560a8889-93b0-4853-b5c2-a39551d368f8	NR_156986.1	94.231	572	21	12	1	564	568	1	0.0	863
560a8889-93b0-4853-b5c2-a39551d368f8	NR_178976.1	94.662	562	20	10	1	555	559	1	0.0	863
560a8889-93b0-4853-b5c2-a39551d368f8	NR_037092.1	94.221	571	22	11	1	564	577	11	0.0	861
617f9d2f-8b7e-43b9-9f18-fec9425e9545	NR_165737.1	95.877	1334	25	20	1	1317	151	1471	0.0	2132
617f9d2f-8b7e-43b9-9f18-fec9425e9545	NR_109720.1	95.396	1325	32	19	1	1308	145	1457	0.0	2082
617f9d2f-8b7e-43b9-9f18-fec9425e9545	NR_036936.1	95.052	1334	36	20	1	1317	151	1471	0.0	2073
617f9d2f-8b7e-43b9-9f18-fec9425e9545	NR_115735.1	94.843	1338	36	23	1	1320	142	1464	0.0	2058
617f9d2f-8b7e-43b9-9f18-fec9425e9545	NR_024842.1	94.698	1339	38	23	1	1321	166	1489	0.0	2052
1e38f8ea-5d1e-4028-a6d0-55e48c2c3613	NR_043314.1	96.060	533	12	9	1	527	955	1484	0.0	859
1e38f8ea-5d1e-4028-a6d0-55e48c2c3613	NR_116899.1	96.060	533	12	9	1	527	924	1453	0.0	859
1e38f8ea-5d1e-4028-a6d0-55e48c2c3613	NR_178854.1	96.060	533	12	9	1	527	936	1465	0.0	859
1e38f8ea-5d1e-4028-a6d0-55e48c2c3613	NR_179889.1	96.060	533	12	9	1	527	964	1493	0.0	859
1e38f8ea-5d1e-4028-a6d0-55e48c2c3613	NR_041799.1	95.872	533	13	9	1	527	937	1466	0.0	854
