9b48418e-8564-444b-a603-e86875bce68e	NR_121687.1	97.797	227	1	3	31	253	771	545	7.35e-108	388
9b48418e-8564-444b-a603-e86875bce68e	NR_121687.1	100.000	36	0	0	1	36	826	791	3.91e-11	67.6
9b48418e-8564-444b-a603-e86875bce68e	NR_041989.1	97.797	227	1	3	31	253	709	483	7.35e-108	388
9b48418e-8564-444b-a603-e86875bce68e	NR_041989.1	100.000	36	0	0	1	36	764	729	3.91e-11	67.6
9b48418e-8564-444b-a603-e86875bce68e	NR_117694.1	97.797	227	1	3	31	253	751	525	7.35e-108	388
9b48418e-8564-444b-a603-e86875bce68e	NR_117694.1	100.000	36	0	0	1	36	806	771	3.91e-11	67.6
9b48418e-8564-444b-a603-e86875bce68e	NR_104947.1	99.048	210	2	0	44	253	707	498	1.59e-104	377
9b48418e-8564-444b-a603-e86875bce68e	NR_117717.1	99.048	210	2	0	44	253	755	546	1.59e-104	377
f9ff2abe-ba6f-4a56-aed4-674333d1ee0e	NR_104930.1	96.615	768	13	8	1	760	715	1477	0.0	1262
f9ff2abe-ba6f-4a56-aed4-674333d1ee0e	NR_174301.1	96.179	759	16	8	1	751	709	1462	0.0	1229
f9ff2abe-ba6f-4a56-aed4-674333d1ee0e	NR_180040.1	95.703	768	20	9	1	760	736	1498	0.0	1223
f9ff2abe-ba6f-4a56-aed4-674333d1ee0e	NR_114764.1	95.921	760	18	9	1	752	712	1466	0.0	1221
f9ff2abe-ba6f-4a56-aed4-674333d1ee0e	NR_181946.1	95.675	763	20	9	1	755	715	1472	0.0	1214
f8f8ffb5-b7a1-4913-80d4-dd342e2d7f0d	NR_028706.1	91.264	538	34	11	3	533	42	573	0.0	721
f8f8ffb5-b7a1-4913-80d4-dd342e2d7f0d	NR_112075.1	91.264	538	34	11	3	533	21	552	0.0	721
f8f8ffb5-b7a1-4913-80d4-dd342e2d7f0d	NR_114911.1	91.264	538	34	11	3	533	44	575	0.0	721
f8f8ffb5-b7a1-4913-80d4-dd342e2d7f0d	NR_179384.1	91.264	538	34	11	3	533	34	565	0.0	721
f8f8ffb5-b7a1-4913-80d4-dd342e2d7f0d	NR_179871.1	89.944	537	43	10	3	533	41	572	0.0	682
1363e954-3ed1-4024-922d-14f2ddc25b56	NR_179889.1	89.543	1291	78	51	1	1248	214	1490	0.0	1583
1363e954-3ed1-4024-922d-14f2ddc25b56	NR_041953.1	89.466	1291	79	51	1	1248	187	1463	0.0	1578
1363e954-3ed1-4024-922d-14f2ddc25b56	NR_042541.1	89.466	1291	79	51	1	1248	187	1463	0.0	1578
1363e954-3ed1-4024-922d-14f2ddc25b56	NR_178854.1	89.466	1291	78	52	1	1248	187	1462	0.0	1578
1363e954-3ed1-4024-922d-14f2ddc25b56	NR_178447.1	89.388	1291	80	51	1	1248	121	1397	0.0	1572
