a64c9f57-8fc7-4c2a-91f1-6f8f6d1f70ce	NR_199513.1	93.034	646	18	21	6	627	730	88	0.0	918
a64c9f57-8fc7-4c2a-91f1-6f8f6d1f70ce	NR_156986.1	92.736	647	18	20	6	627	711	69	0.0	907
a64c9f57-8fc7-4c2a-91f1-6f8f6d1f70ce	NR_178976.1	92.736	647	18	20	6	627	702	60	0.0	907
a64c9f57-8fc7-4c2a-91f1-6f8f6d1f70ce	NR_113600.1	92.581	647	19	20	6	627	703	61	0.0	904
a64c9f57-8fc7-4c2a-91f1-6f8f6d1f70ce	NR_024901.1	92.581	647	19	20	6	627	716	74	0.0	902
62a6ddfd-8aa8-4601-bac0-f9886694e548	NR_074568.1	97.059	170	5	0	1	170	183	14	1.84e-77	287
62a6ddfd-8aa8-4601-bac0-f9886694e548	NR_044712.2	97.059	170	5	0	1	170	192	23	1.84e-77	287
62a6ddfd-8aa8-4601-bac0-f9886694e548	NR_044873.1	96.471	170	6	0	1	170	172	3	8.56e-76	281
62a6ddfd-8aa8-4601-bac0-f9886694e548	NR_109752.1	93.976	166	10	0	8	173	186	21	6.71e-67	252
62a6ddfd-8aa8-4601-bac0-f9886694e548	NR_179993.1	93.939	165	10	0	6	170	178	14	2.41e-66	250
84e7611c-270f-4eff-970c-285c5a621743	NR_118155.1	96.360	467	11	3	1	463	680	1144	0.0	763
84e7611c-270f-4eff-970c-285c5a621743	NR_180078.1	96.146	467	12	3	1	463	677	1141	0.0	758
84e7611c-270f-4eff-970c-285c5a621743	NR_169411.1	95.931	467	13	3	1	463	677	1141	0.0	752
84e7611c-270f-4eff-970c-285c5a621743	NR_179168.1	95.931	467	13	3	1	463	680	1144	0.0	752
84e7611c-270f-4eff-970c-285c5a621743	NR_180737.1	95.931	467	13	3	1	463	658	1122	0.0	752
c1022e89-f4e3-465b-9329-0f22abafe1ed	NR_041799.1	97.936	533	9	2	1	532	739	1270	0.0	922
c1022e89-f4e3-465b-9329-0f22abafe1ed	NR_114227.1	97.936	533	9	2	1	532	739	1270	0.0	922
c1022e89-f4e3-465b-9329-0f22abafe1ed	NR_114481.1	97.936	533	9	2	1	532	748	1279	0.0	922
c1022e89-f4e3-465b-9329-0f22abafe1ed	NR_117823.1	97.936	533	9	2	1	532	711	1242	0.0	922
c1022e89-f4e3-465b-9329-0f22abafe1ed	NR_179168.1	97.936	533	9	2	1	532	762	1293	0.0	922
85183d0a-2188-4154-af39-63a36307a93b	NR_024911.1	94.776	536	14	11	3	529	1385	855	0.0	822
85183d0a-2188-4154-af39-63a36307a93b	NR_028986.1	94.776	536	14	11	3	529	1372	842	0.0	822
85183d0a-2188-4154-af39-63a36307a93b	NR_042199.1	94.776	536	14	11	3	529	1372	842	0.0	822
85183d0a-2188-4154-af39-63a36307a93b	NR_113600.1	94.776	536	14	11	3	529	1372	842	0.0	822
85183d0a-2188-4154-af39-63a36307a93b	NR_117821.1	94.776	536	14	11	3	529	1344	814	0.0	822
24d4a37f-654a-4fa8-b075-c95f38638226	NR_156986.1	95.921	662	12	13	5	655	658	1	0.0	1059
24d4a37f-654a-4fa8-b075-c95f38638226	NR_178976.1	96.172	653	12	12	5	648	649	1	0.0	1055
24d4a37f-654a-4fa8-b075-c95f38638226	NR_024901.1	95.770	662	13	13	5	655	663	6	0.0	1053
24d4a37f-654a-4fa8-b075-c95f38638226	NR_024912.1	95.770	662	13	13	5	655	663	6	0.0	1053
24d4a37f-654a-4fa8-b075-c95f38638226	NR_024928.1	95.770	662	13	13	5	655	663	6	0.0	1053
6906c3be-4d52-4fe9-af04-ba051128f933	NR_125571.1	96.285	323	2	7	2	316	1108	1428	9.26e-148	521
6906c3be-4d52-4fe9-af04-ba051128f933	NR_125570.1	95.370	324	4	9	2	316	1066	1387	9.33e-143	505
6906c3be-4d52-4fe9-af04-ba051128f933	NR_029097.1	95.890	292	4	6	2	287	1084	1373	4.40e-131	466
6906c3be-4d52-4fe9-af04-ba051128f933	NR_180825.1	94.158	291	7	9	2	285	1143	1430	1.24e-121	435
6906c3be-4d52-4fe9-af04-ba051128f933	NR_104899.1	90.029	341	19	9	2	329	1122	1460	2.08e-119	427
1b4d4039-5963-4e8f-9ae0-f93b04adbc8a	NR_025903.1	95.930	1253	26	25	1	1240	1246	6	0.0	2008
1b4d4039-5963-4e8f-9ae0-f93b04adbc8a	NR_133753.1	95.775	1207	28	23	1	1195	1200	5	0.0	1925
1b4d4039-5963-4e8f-9ae0-f93b04adbc8a	NR_025904.1	94.502	1255	40	29	1	1240	1245	5	0.0	1908
1b4d4039-5963-4e8f-9ae0-f93b04adbc8a	NR_026419.1	94.543	1246	42	26	1	1232	1234	1	0.0	1901
1b4d4039-5963-4e8f-9ae0-f93b04adbc8a	NR_133752.1	95.674	1179	29	22	1	1167	1171	3	0.0	1875
398fc9c9-aee5-4e58-8be1-74feca67932e	NR_024909.1	95.611	319	5	6	1	310	102	420	3.15e-142	503
398fc9c9-aee5-4e58-8be1-74feca67932e	NR_024912.1	95.611	319	5	6	1	310	102	420	3.15e-142	503
398fc9c9-aee5-4e58-8be1-74feca67932e	NR_024707.1	95.298	319	6	6	1	310	91	409	1.46e-140	497
398fc9c9-aee5-4e58-8be1-74feca67932e	NR_024902.1	95.298	319	6	6	1	310	104	422	1.46e-140	497
398fc9c9-aee5-4e58-8be1-74feca67932e	NR_028826.1	94.984	319	6	7	1	310	92	409	6.81e-139	492
31639bd8-5cfb-4be5-bbc8-9ccc10369daa	NR_156986.1	95.148	845	21	18	1	834	848	13	0.0	1315
31639bd8-5cfb-4be5-bbc8-9ccc10369daa	NR_178976.1	95.148	845	21	18	1	834	839	4	0.0	1315
31639bd8-5cfb-4be5-bbc8-9ccc10369daa	NR_113600.1	95.030	845	22	18	1	834	840	5	0.0	1312
31639bd8-5cfb-4be5-bbc8-9ccc10369daa	NR_156987.1	95.030	845	22	17	1	834	848	13	0.0	1310
31639bd8-5cfb-4be5-bbc8-9ccc10369daa	NR_199514.1	95.030	845	22	17	1	834	860	25	0.0	1310
ea9b1420-2319-4b81-b3c6-224a7f9fd637	NR_199515.1	93.492	968	37	20	3	954	535	1492	0.0	1415
ea9b1420-2319-4b81-b3c6-224a7f9fd637	NR_024918.1	93.388	968	38	20	3	954	519	1476	0.0	1410
ea9b1420-2319-4b81-b3c6-224a7f9fd637	NR_041799.1	93.395	969	36	22	3	954	506	1463	0.0	1410
ea9b1420-2319-4b81-b3c6-224a7f9fd637	NR_041953.1	93.388	968	38	20	3	954	506	1463	0.0	1410
ea9b1420-2319-4b81-b3c6-224a7f9fd637	NR_042541.1	93.388	968	38	20	3	954	506	1463	0.0	1410
f3b0c7ec-c8ca-40f0-a23d-594d81378140	NR_199513.1	96.671	1382	28	15	3	1371	103	1479	0.0	2281
f3b0c7ec-c8ca-40f0-a23d-594d81378140	NR_113600.1	96.457	1383	29	17	3	1371	76	1452	0.0	2266
f3b0c7ec-c8ca-40f0-a23d-594d81378140	NR_179889.1	96.454	1382	31	15	3	1371	103	1479	0.0	2265
f3b0c7ec-c8ca-40f0-a23d-594d81378140	NR_181891.1	96.454	1382	31	15	3	1371	99	1475	0.0	2265
f3b0c7ec-c8ca-40f0-a23d-594d81378140	NR_024928.1	96.385	1383	30	17	3	1371	89	1465	0.0	2261
85a16723-a3b2-40d8-b3a1-44fa4cb55491	NR_024912.1	97.590	498	10	2	7	503	502	6	0.0	852
85a16723-a3b2-40d8-b3a1-44fa4cb55491	NR_156986.1	97.590	498	10	2	7	503	497	1	0.0	852
85a16723-a3b2-40d8-b3a1-44fa4cb55491	NR_024901.1	97.390	498	11	2	7	503	502	6	0.0	846
85a16723-a3b2-40d8-b3a1-44fa4cb55491	NR_024928.1	97.390	498	11	2	7	503	502	6	0.0	846
85a16723-a3b2-40d8-b3a1-44fa4cb55491	NR_156987.1	97.390	498	11	2	7	503	497	1	0.0	846
75bfd549-5a02-4513-9738-0e2994faef32	NR_117792.1	92.075	429	18	14	1	414	1038	611	3.19e-168	590
75bfd549-5a02-4513-9738-0e2994faef32	NR_118128.1	86.651	427	37	18	5	414	958	535	1.22e-127	455
75bfd549-5a02-4513-9738-0e2994faef32	NR_036869.2	86.651	427	36	18	5	414	1125	703	4.37e-127	453
75bfd549-5a02-4513-9738-0e2994faef32	NR_118354.1	86.651	427	36	18	5	414	1125	703	4.37e-127	453
75bfd549-5a02-4513-9738-0e2994faef32	NR_119287.1	86.215	428	37	19	5	414	1119	696	2.63e-124	444
2a5ac5b6-29e9-4dd1-89dc-679ec5f51b53	NR_024918.1	95.238	483	13	8	1	477	1395	917	0.0	756
2a5ac5b6-29e9-4dd1-89dc-679ec5f51b53	NR_025227.1	95.238	483	13	8	1	477	1378	900	0.0	756
2a5ac5b6-29e9-4dd1-89dc-679ec5f51b53	NR_043314.1	95.238	483	13	8	1	477	1400	922	0.0	756
2a5ac5b6-29e9-4dd1-89dc-679ec5f51b53	NR_042147.1	95.238	483	13	8	1	477	1382	904	0.0	756
2a5ac5b6-29e9-4dd1-89dc-679ec5f51b53	NR_116905.1	95.238	483	13	8	1	477	1403	925	0.0	756
e895e38c-44ac-417e-8b61-d1743df1f673	NR_028664.1	94.872	234	9	3	1	232	1204	1436	5.28e-100	363
e895e38c-44ac-417e-8b61-d1743df1f673	NR_028665.1	94.872	234	9	3	1	232	1198	1430	5.28e-100	363
e895e38c-44ac-417e-8b61-d1743df1f673	NR_042927.1	94.872	234	9	3	1	232	1183	1415	5.28e-100	363
e895e38c-44ac-417e-8b61-d1743df1f673	NR_114172.1	94.872	234	9	3	1	232	1181	1413	5.28e-100	363
e895e38c-44ac-417e-8b61-d1743df1f673	NR_114413.1	94.872	234	9	3	1	232	1206	1438	5.28e-100	363
eef63465-3587-49af-9b8c-93309a0cc978	NR_156986.1	95.678	833	12	14	1	817	832	8	0.0	1317
eef63465-3587-49af-9b8c-93309a0cc978	NR_178976.1	95.668	831	12	14	1	815	823	1	0.0	1314
eef63465-3587-49af-9b8c-93309a0cc978	NR_113600.1	95.553	832	13	14	1	816	824	1	0.0	1312
eef63465-3587-49af-9b8c-93309a0cc978	NR_156987.1	95.558	833	13	14	1	817	832	8	0.0	1312
eef63465-3587-49af-9b8c-93309a0cc978	NR_199514.1	95.558	833	13	14	1	817	844	20	0.0	1312
27e8a6db-7f38-430c-84c5-360b42b1e03e	NR_028664.1	97.984	248	4	1	5	251	182	429	5.02e-120	429
27e8a6db-7f38-430c-84c5-360b42b1e03e	NR_114172.1	97.984	248	4	1	5	251	159	406	5.02e-120	429
27e8a6db-7f38-430c-84c5-360b42b1e03e	NR_115239.1	97.984	248	4	1	5	251	159	406	5.02e-120	429
27e8a6db-7f38-430c-84c5-360b42b1e03e	NR_115240.1	97.984	248	4	1	5	251	159	406	5.02e-120	429
27e8a6db-7f38-430c-84c5-360b42b1e03e	NR_115732.1	97.984	248	4	1	5	251	161	408	5.02e-120	429
c6c5f327-6d50-4e2a-8e51-481af20f91d4	NR_024912.1	96.017	477	8	9	4	471	481	7	0.0	765
c6c5f327-6d50-4e2a-8e51-481af20f91d4	NR_037092.1	96.008	476	9	8	4	471	485	12	0.0	765
c6c5f327-6d50-4e2a-8e51-481af20f91d4	NR_156986.1	96.017	477	8	9	4	471	476	2	0.0	765
c6c5f327-6d50-4e2a-8e51-481af20f91d4	NR_024901.1	95.807	477	9	9	4	471	481	7	0.0	760
c6c5f327-6d50-4e2a-8e51-481af20f91d4	NR_024928.1	95.807	477	9	9	4	471	481	7	0.0	760
dea9aa94-2f19-4999-b8f9-365b3065a102	NR_156986.1	95.141	638	16	12	23	647	636	1	0.0	992
dea9aa94-2f19-4999-b8f9-365b3065a102	NR_199513.1	94.992	639	19	10	23	649	655	18	0.0	990
dea9aa94-2f19-4999-b8f9-365b3065a102	NR_024901.1	94.984	638	17	12	23	647	641	6	0.0	987
dea9aa94-2f19-4999-b8f9-365b3065a102	NR_024912.1	94.984	638	17	12	23	647	641	6	0.0	987
dea9aa94-2f19-4999-b8f9-365b3065a102	NR_024928.1	94.984	638	17	12	23	647	641	6	0.0	987
692544a0-1d63-42b1-a813-4ce73c80f58f	NR_024918.1	94.693	961	31	17	7	958	530	1479	0.0	1474
692544a0-1d63-42b1-a813-4ce73c80f58f	NR_116899.1	94.589	961	32	17	7	958	504	1453	0.0	1469
692544a0-1d63-42b1-a813-4ce73c80f58f	NR_041799.1	94.491	962	31	19	7	958	517	1466	0.0	1463
692544a0-1d63-42b1-a813-4ce73c80f58f	NR_041953.1	94.485	961	33	16	7	958	517	1466	0.0	1463
692544a0-1d63-42b1-a813-4ce73c80f58f	NR_042541.1	94.485	961	33	17	7	958	517	1466	0.0	1463
7cc4e0a1-7c28-47d4-bcb1-158e8e7d38ef	NR_117694.1	97.366	911	16	8	5	910	560	1467	0.0	1543
7cc4e0a1-7c28-47d4-bcb1-158e8e7d38ef	NR_121687.1	96.926	911	20	8	5	910	580	1487	0.0	1520
7cc4e0a1-7c28-47d4-bcb1-158e8e7d38ef	NR_117692.1	96.930	912	18	9	5	910	560	1467	0.0	1520
7cc4e0a1-7c28-47d4-bcb1-158e8e7d38ef	NR_025902.1	96.707	911	22	7	5	910	538	1445	0.0	1509
7cc4e0a1-7c28-47d4-bcb1-158e8e7d38ef	NR_117696.1	96.707	911	22	8	5	910	547	1454	0.0	1509
ca0a4b54-a2c8-41c5-ba78-8f80174d2da3	NR_043314.1	96.629	356	9	3	3	357	1128	1481	9.91e-168	588
ca0a4b54-a2c8-41c5-ba78-8f80174d2da3	NR_114749.1	96.629	356	9	3	3	357	1130	1483	9.91e-168	588
ca0a4b54-a2c8-41c5-ba78-8f80174d2da3	NR_116899.1	96.629	356	9	3	3	357	1097	1450	9.91e-168	588
ca0a4b54-a2c8-41c5-ba78-8f80174d2da3	NR_178854.1	96.629	356	9	3	3	357	1109	1462	9.91e-168	588
ca0a4b54-a2c8-41c5-ba78-8f80174d2da3	NR_179889.1	96.629	356	9	3	3	357	1137	1490	9.91e-168	588
921b5f90-6eee-4055-8d9a-792e50c6fa60	NR_043314.1	96.721	488	7	6	4	489	1005	1485	0.0	804
921b5f90-6eee-4055-8d9a-792e50c6fa60	NR_114749.1	96.721	488	7	6	4	489	1007	1487	0.0	804
921b5f90-6eee-4055-8d9a-792e50c6fa60	NR_116899.1	96.721	488	7	6	4	489	974	1454	0.0	804
921b5f90-6eee-4055-8d9a-792e50c6fa60	NR_178854.1	96.721	488	7	6	4	489	986	1466	0.0	804
921b5f90-6eee-4055-8d9a-792e50c6fa60	NR_179889.1	96.721	488	7	6	4	489	1014	1494	0.0	804
56fca096-0c6d-492c-8d00-d6bedd262b8f	NR_179540.1	92.021	564	21	19	1	545	1430	872	0.0	771
56fca096-0c6d-492c-8d00-d6bedd262b8f	NR_042928.1	91.844	564	22	19	1	545	1410	852	0.0	765
56fca096-0c6d-492c-8d00-d6bedd262b8f	NR_117719.1	91.844	564	22	19	1	545	1430	872	0.0	765
56fca096-0c6d-492c-8d00-d6bedd262b8f	NR_027214.1	91.844	564	22	19	1	545	1410	852	0.0	765
56fca096-0c6d-492c-8d00-d6bedd262b8f	NR_165744.1	91.844	564	22	19	1	545	1419	861	0.0	765
1eb9006f-79a6-45d1-90fc-6652a2d2324d	NR_199513.1	97.222	792	14	8	3	789	247	1035	0.0	1334
1eb9006f-79a6-45d1-90fc-6652a2d2324d	NR_181891.1	97.096	792	15	8	3	789	243	1031	0.0	1328
1eb9006f-79a6-45d1-90fc-6652a2d2324d	NR_041953.1	96.970	792	16	8	3	789	220	1008	0.0	1323
1eb9006f-79a6-45d1-90fc-6652a2d2324d	NR_178447.1	96.970	792	16	8	3	789	154	942	0.0	1323
1eb9006f-79a6-45d1-90fc-6652a2d2324d	NR_042541.1	96.843	792	17	8	3	789	220	1008	0.0	1317
a7fa32c5-ed46-4449-abde-227bb83723c9	NR_199513.1	92.475	1010	40	31	3	988	1015	18	0.0	1411
a7fa32c5-ed46-4449-abde-227bb83723c9	NR_156986.1	92.515	1002	38	32	9	985	991	2	0.0	1400
a7fa32c5-ed46-4449-abde-227bb83723c9	NR_024901.1	92.415	1002	39	32	9	985	996	7	0.0	1395
a7fa32c5-ed46-4449-abde-227bb83723c9	NR_024928.1	92.415	1002	39	32	9	985	996	7	0.0	1395
a7fa32c5-ed46-4449-abde-227bb83723c9	NR_156987.1	92.415	1002	39	32	9	985	991	2	0.0	1395
47ab77b0-f922-4477-845c-6bc3255d9d3a	NR_024841.1	95.283	318	10	5	1	314	1169	853	4.09e-141	499
47ab77b0-f922-4477-845c-6bc3255d9d3a	NR_042927.1	95.283	318	10	5	1	314	1155	839	4.09e-141	499
47ab77b0-f922-4477-845c-6bc3255d9d3a	NR_113260.1	95.283	318	10	5	1	314	1155	839	4.09e-141	499
47ab77b0-f922-4477-845c-6bc3255d9d3a	NR_114413.1	95.283	318	10	5	1	314	1178	862	4.09e-141	499
47ab77b0-f922-4477-845c-6bc3255d9d3a	NR_115734.1	95.283	318	10	5	1	314	1156	840	4.09e-141	499
be92f719-2548-4676-8c7b-6a26cc4c8cb4	NR_117694.1	95.652	920	17	18	1	901	993	78	0.0	1456
be92f719-2548-4676-8c7b-6a26cc4c8cb4	NR_041989.1	94.680	921	24	20	1	901	951	36	0.0	1406
be92f719-2548-4676-8c7b-6a26cc4c8cb4	NR_025892.1	94.233	919	31	16	1	901	1018	104	0.0	1404
be92f719-2548-4676-8c7b-6a26cc4c8cb4	NR_121687.1	94.354	921	27	20	1	901	1013	98	0.0	1389
be92f719-2548-4676-8c7b-6a26cc4c8cb4	NR_028900.1	93.913	920	33	19	1	901	951	36	0.0	1367
9aab769a-b029-4ca2-b016-3fab0054a2be	NR_179889.1	98.089	1099	16	5	1	1096	394	1490	0.0	1908
9aab769a-b029-4ca2-b016-3fab0054a2be	NR_041953.1	97.998	1099	17	5	1	1096	367	1463	0.0	1903
9aab769a-b029-4ca2-b016-3fab0054a2be	NR_042541.1	97.998	1099	17	5	1	1096	367	1463	0.0	1903
9aab769a-b029-4ca2-b016-3fab0054a2be	NR_178854.1	97.998	1099	16	6	1	1096	367	1462	0.0	1903
9aab769a-b029-4ca2-b016-3fab0054a2be	NR_178447.1	97.907	1099	18	5	1	1096	301	1397	0.0	1897
4bdd580d-827d-4d80-85c0-c83ee5bd661c	NR_025174.1	94.514	401	12	9	1	393	1379	981	2.31e-174	610
4bdd580d-827d-4d80-85c0-c83ee5bd661c	NR_024918.1	94.279	402	12	10	1	393	1386	987	1.07e-172	604
4bdd580d-827d-4d80-85c0-c83ee5bd661c	NR_025227.1	94.279	402	12	10	1	393	1369	970	1.07e-172	604
4bdd580d-827d-4d80-85c0-c83ee5bd661c	NR_043314.1	94.279	402	12	10	1	393	1391	992	1.07e-172	604
4bdd580d-827d-4d80-85c0-c83ee5bd661c	NR_042147.1	94.279	402	12	10	1	393	1373	974	1.07e-172	604
6c91deb1-af4e-4325-9da9-974ea774742a	NR_156986.1	95.234	1154	32	23	1	1137	1148	1	0.0	1805
6c91deb1-af4e-4325-9da9-974ea774742a	NR_156987.1	95.147	1154	33	23	1	1137	1148	1	0.0	1799
6c91deb1-af4e-4325-9da9-974ea774742a	NR_199514.1	95.061	1154	34	23	1	1137	1160	13	0.0	1794
6c91deb1-af4e-4325-9da9-974ea774742a	NR_037092.1	95.052	1152	33	21	1	1137	1153	11	0.0	1790
6c91deb1-af4e-4325-9da9-974ea774742a	NR_024901.1	94.974	1154	35	23	1	1137	1153	6	0.0	1788
83bc239f-750f-4dac-813f-eb1b0865eccb	NR_044873.1	92.975	911	30	30	1	887	567	1467	0.0	1297
83bc239f-750f-4dac-813f-eb1b0865eccb	NR_074568.1	91.538	910	44	30	1	888	578	1476	0.0	1223
83bc239f-750f-4dac-813f-eb1b0865eccb	NR_044712.2	91.480	892	45	28	1	872	587	1467	0.0	1201
83bc239f-750f-4dac-813f-eb1b0865eccb	NR_043968.1	91.109	911	46	32	1	888	536	1434	0.0	1201
83bc239f-750f-4dac-813f-eb1b0865eccb	NR_025310.1	90.800	913	47	34	1	888	558	1458	0.0	1186
f326e4fd-5d00-4991-a7d8-cc4726f23ef5	NR_116168.1	91.616	978	49	31	4	963	529	1491	0.0	1321
f326e4fd-5d00-4991-a7d8-cc4726f23ef5	NR_118762.1	90.729	960	57	30	4	947	532	1475	0.0	1271
f326e4fd-5d00-4991-a7d8-cc4726f23ef5	NR_114558.1	89.698	961	65	32	4	947	508	1451	0.0	1197
f326e4fd-5d00-4991-a7d8-cc4726f23ef5	NR_042878.1	92.281	855	38	28	4	845	508	1347	0.0	1190
f326e4fd-5d00-4991-a7d8-cc4726f23ef5	NR_044613.1	89.397	962	67	33	4	947	533	1477	0.0	1184
5774d13f-42dd-4120-88cf-e25c3ce27c40	NR_179889.1	90.253	1067	62	31	3	1038	435	1490	0.0	1356
5774d13f-42dd-4120-88cf-e25c3ce27c40	NR_041953.1	90.159	1067	63	31	3	1038	408	1463	0.0	1351
5774d13f-42dd-4120-88cf-e25c3ce27c40	NR_042541.1	90.159	1067	63	31	3	1038	408	1463	0.0	1351
5774d13f-42dd-4120-88cf-e25c3ce27c40	NR_178854.1	90.159	1067	62	32	3	1038	408	1462	0.0	1349
5774d13f-42dd-4120-88cf-e25c3ce27c40	NR_178447.1	90.066	1067	64	31	3	1038	342	1397	0.0	1345
2f455f3b-98a5-4cbe-89e8-d51ccdfe7c9d	NR_117717.1	93.797	532	12	16	1	522	967	1487	0.0	780
2f455f3b-98a5-4cbe-89e8-d51ccdfe7c9d	NR_117694.1	93.797	532	12	16	1	522	947	1467	0.0	780
2f455f3b-98a5-4cbe-89e8-d51ccdfe7c9d	NR_117696.1	93.797	532	12	16	1	522	934	1454	0.0	780
2f455f3b-98a5-4cbe-89e8-d51ccdfe7c9d	NR_159079.1	93.609	532	13	16	1	522	943	1463	0.0	774
2f455f3b-98a5-4cbe-89e8-d51ccdfe7c9d	NR_025902.1	93.421	532	14	15	1	522	925	1445	0.0	769
31ebc53c-1763-428f-8cb7-89594a397eb1	NR_036998.1	97.308	260	5	2	1	260	1209	1466	2.05e-123	440
31ebc53c-1763-428f-8cb7-89594a397eb1	NR_043314.1	97.308	260	5	2	1	260	1228	1485	2.05e-123	440
31ebc53c-1763-428f-8cb7-89594a397eb1	NR_114793.1	97.308	260	5	2	1	260	1102	1359	2.05e-123	440
31ebc53c-1763-428f-8cb7-89594a397eb1	NR_114749.1	97.308	260	5	2	1	260	1230	1487	2.05e-123	440
31ebc53c-1763-428f-8cb7-89594a397eb1	NR_116899.1	97.308	260	5	2	1	260	1197	1454	2.05e-123	440
cbc7db1e-ba77-4ae0-8b8c-b998f10e4a1c	NR_041989.1	94.197	517	11	13	1	504	1074	564	0.0	771
cbc7db1e-ba77-4ae0-8b8c-b998f10e4a1c	NR_117694.1	94.004	517	12	13	1	504	1116	606	0.0	765
cbc7db1e-ba77-4ae0-8b8c-b998f10e4a1c	NR_025892.1	93.617	517	14	13	1	504	1141	631	0.0	760
cbc7db1e-ba77-4ae0-8b8c-b998f10e4a1c	NR_121687.1	93.617	517	14	13	1	504	1136	626	0.0	754
cbc7db1e-ba77-4ae0-8b8c-b998f10e4a1c	NR_178369.1	93.424	517	15	10	1	504	1087	577	0.0	749
bc0dd160-eef4-4c44-af37-cc14f21fcfa1	NR_074980.1	94.656	393	16	4	4	394	402	13	1.08e-172	604
bc0dd160-eef4-4c44-af37-cc14f21fcfa1	NR_113031.1	94.656	393	16	4	4	394	402	13	1.08e-172	604
bc0dd160-eef4-4c44-af37-cc14f21fcfa1	NR_163639.1	94.670	394	14	5	4	395	392	4	1.08e-172	604
bc0dd160-eef4-4c44-af37-cc14f21fcfa1	NR_119168.1	95.039	383	15	3	4	385	380	1	5.02e-171	599
bc0dd160-eef4-4c44-af37-cc14f21fcfa1	NR_119169.1	94.778	383	16	3	4	385	380	1	6.50e-170	595
00fbab4a-be1e-4b37-9113-5f191b906846	NR_037101.1	99.545	220	0	1	1	219	1261	1480	2.93e-111	399
00fbab4a-be1e-4b37-9113-5f191b906846	NR_040821.1	99.545	220	0	1	1	219	1261	1480	2.93e-111	399
00fbab4a-be1e-4b37-9113-5f191b906846	NR_025148.1	99.545	220	0	1	1	219	1281	1500	2.93e-111	399
00fbab4a-be1e-4b37-9113-5f191b906846	NR_040820.1	99.545	220	0	1	1	219	1261	1480	2.93e-111	399
00fbab4a-be1e-4b37-9113-5f191b906846	NR_134818.1	99.545	220	0	1	1	219	1274	1493	2.93e-111	399
41055656-2551-40fa-9ae1-b66d93c0277e	NR_117694.1	95.752	565	13	9	1	562	561	5	0.0	900
41055656-2551-40fa-9ae1-b66d93c0277e	NR_025892.1	93.982	565	23	9	1	562	587	31	0.0	861
41055656-2551-40fa-9ae1-b66d93c0277e	NR_121687.1	93.816	566	22	11	1	562	581	25	0.0	839
41055656-2551-40fa-9ae1-b66d93c0277e	NR_117692.1	93.628	565	25	9	1	562	561	5	0.0	833
41055656-2551-40fa-9ae1-b66d93c0277e	NR_025902.1	93.236	547	25	10	1	543	539	1	0.0	795
18b83180-cee5-4365-83dd-7d96887a75a1	NR_041799.1	94.652	748	19	15	14	752	733	1468	0.0	1140
18b83180-cee5-4365-83dd-7d96887a75a1	NR_117823.1	94.652	748	19	15	14	752	705	1440	0.0	1140
18b83180-cee5-4365-83dd-7d96887a75a1	NR_181265.1	94.652	748	19	15	14	752	760	1495	0.0	1140
18b83180-cee5-4365-83dd-7d96887a75a1	NR_181730.1	94.751	743	18	15	14	747	739	1469	0.0	1136
18b83180-cee5-4365-83dd-7d96887a75a1	NR_114227.1	94.744	742	18	15	14	746	733	1462	0.0	1134
44fd7424-5c0c-4163-9a81-0729f109cbf1	NR_199513.1	96.806	720	13	7	1	711	736	18	0.0	1194
44fd7424-5c0c-4163-9a81-0729f109cbf1	NR_156986.1	96.801	719	11	9	1	709	717	1	0.0	1190
44fd7424-5c0c-4163-9a81-0729f109cbf1	NR_024901.1	96.662	719	12	9	1	709	722	6	0.0	1184
44fd7424-5c0c-4163-9a81-0729f109cbf1	NR_024912.1	96.662	719	12	9	1	709	722	6	0.0	1184
44fd7424-5c0c-4163-9a81-0729f109cbf1	NR_024928.1	96.662	719	12	9	1	709	722	6	0.0	1184
db64d2f8-5110-497f-a270-d5f06e68df95	NR_117717.1	91.797	512	28	13	1	506	981	1484	0.0	701
db64d2f8-5110-497f-a270-d5f06e68df95	NR_117696.1	91.797	512	28	13	1	506	948	1451	0.0	701
db64d2f8-5110-497f-a270-d5f06e68df95	NR_025902.1	91.602	512	29	13	1	506	939	1442	0.0	695
db64d2f8-5110-497f-a270-d5f06e68df95	NR_159079.1	91.602	512	29	13	1	506	957	1460	0.0	695
db64d2f8-5110-497f-a270-d5f06e68df95	NR_117692.1	91.602	512	29	13	1	506	961	1464	0.0	695
3d521f5c-3341-4528-88d3-dc371109a72e	NR_117694.1	86.160	1185	98	57	41	1184	1375	216	0.0	1219
3d521f5c-3341-4528-88d3-dc371109a72e	NR_121687.1	85.823	1185	102	57	41	1184	1395	236	0.0	1197
3d521f5c-3341-4528-88d3-dc371109a72e	NR_041989.1	85.666	1186	102	59	41	1184	1333	174	0.0	1186
3d521f5c-3341-4528-88d3-dc371109a72e	NR_117692.1	85.341	1187	104	60	41	1184	1375	216	0.0	1164
3d521f5c-3341-4528-88d3-dc371109a72e	NR_025902.1	85.173	1187	106	60	41	1184	1353	194	0.0	1153
092541ea-5cd6-42ab-a250-5b84e2c0ee10	NR_159079.1	98.435	639	6	4	1	638	828	1463	0.0	1122
092541ea-5cd6-42ab-a250-5b84e2c0ee10	NR_117694.1	98.435	639	6	4	1	638	832	1467	0.0	1122
092541ea-5cd6-42ab-a250-5b84e2c0ee10	NR_117717.1	98.433	638	6	4	2	638	853	1487	0.0	1120
092541ea-5cd6-42ab-a250-5b84e2c0ee10	NR_117696.1	98.433	638	6	4	2	638	820	1454	0.0	1120
092541ea-5cd6-42ab-a250-5b84e2c0ee10	NR_117692.1	98.279	639	7	4	1	638	832	1467	0.0	1116
450b30dd-24dd-401f-a52b-a384c25e89fc	NR_181730.1	95.685	672	17	10	1	667	805	1469	0.0	1070
450b30dd-24dd-401f-a52b-a384c25e89fc	NR_041799.1	95.536	672	18	10	1	667	799	1463	0.0	1064
450b30dd-24dd-401f-a52b-a384c25e89fc	NR_117823.1	95.536	672	18	10	1	667	771	1435	0.0	1064
450b30dd-24dd-401f-a52b-a384c25e89fc	NR_180078.1	95.536	672	18	10	1	667	819	1483	0.0	1064
450b30dd-24dd-401f-a52b-a384c25e89fc	NR_181265.1	95.536	672	18	10	1	667	826	1490	0.0	1064
298c6c9f-fef1-442f-8f97-70bb1a487bd3	NR_024951.1	91.732	641	25	15	1	622	1173	542	0.0	865
298c6c9f-fef1-442f-8f97-70bb1a487bd3	NR_199519.1	91.108	641	29	16	1	622	1186	555	0.0	843
298c6c9f-fef1-442f-8f97-70bb1a487bd3	NR_026532.1	90.952	641	30	16	1	622	1159	528	0.0	837
298c6c9f-fef1-442f-8f97-70bb1a487bd3	NR_117824.1	90.952	641	30	16	1	622	1131	500	0.0	837
298c6c9f-fef1-442f-8f97-70bb1a487bd3	NR_179398.1	90.952	641	30	16	1	622	1177	546	0.0	837
211edbec-928a-461e-8f8b-caef199af646	NR_164626.1	96.339	437	8	7	1	433	433	1	0.0	712
211edbec-928a-461e-8f8b-caef199af646	NR_024912.1	96.322	435	8	7	1	431	436	6	0.0	708
211edbec-928a-461e-8f8b-caef199af646	NR_042939.1	96.322	435	8	7	1	431	442	12	0.0	708
211edbec-928a-461e-8f8b-caef199af646	NR_114473.1	96.322	435	8	7	1	431	431	1	0.0	708
211edbec-928a-461e-8f8b-caef199af646	NR_156986.1	96.322	435	8	7	1	431	431	1	0.0	708
6e89c175-786d-41e1-a9a5-26fd160e7857	NR_024912.1	93.068	577	21	14	5	572	594	28	0.0	826
6e89c175-786d-41e1-a9a5-26fd160e7857	NR_042147.1	93.068	577	21	14	5	572	581	15	0.0	826
6e89c175-786d-41e1-a9a5-26fd160e7857	NR_156986.1	93.068	577	21	14	5	572	589	23	0.0	826
6e89c175-786d-41e1-a9a5-26fd160e7857	NR_178976.1	93.068	577	21	14	5	572	580	14	0.0	826
6e89c175-786d-41e1-a9a5-26fd160e7857	NR_199513.1	93.092	579	17	16	5	572	608	42	0.0	826
1ac4d32e-bbdf-40cd-b62a-aa289e5f3440	NR_180743.1	97.388	804	16	4	1	800	1325	523	0.0	1363
1ac4d32e-bbdf-40cd-b62a-aa289e5f3440	NR_041953.1	97.264	804	17	4	1	800	1324	522	0.0	1358
1ac4d32e-bbdf-40cd-b62a-aa289e5f3440	NR_116899.1	97.264	804	17	4	1	800	1311	509	0.0	1358
1ac4d32e-bbdf-40cd-b62a-aa289e5f3440	NR_117826.1	97.264	804	17	4	1	800	1296	494	0.0	1358
1ac4d32e-bbdf-40cd-b62a-aa289e5f3440	NR_178447.1	97.378	801	16	4	4	800	1255	456	0.0	1358
58293184-9627-4bc9-9d1d-18773c4f9ed7	NR_026419.1	98.782	821	6	4	6	822	821	1	0.0	1458
58293184-9627-4bc9-9d1d-18773c4f9ed7	NR_025903.1	97.226	829	18	5	6	830	833	6	0.0	1399
58293184-9627-4bc9-9d1d-18773c4f9ed7	NR_025904.1	96.390	831	21	8	6	830	832	5	0.0	1360
58293184-9627-4bc9-9d1d-18773c4f9ed7	NR_133753.1	97.335	788	16	5	6	789	787	1	0.0	1334
58293184-9627-4bc9-9d1d-18773c4f9ed7	NR_036920.1	95.054	829	33	8	6	830	826	2	0.0	1297
89f65708-4ce1-4b4d-b5b2-b977f9f93e93	NR_043314.1	96.473	482	6	9	3	476	1008	1486	0.0	785
89f65708-4ce1-4b4d-b5b2-b977f9f93e93	NR_114749.1	96.473	482	6	9	3	476	1010	1488	0.0	785
89f65708-4ce1-4b4d-b5b2-b977f9f93e93	NR_116899.1	96.473	482	6	9	3	476	977	1455	0.0	785
89f65708-4ce1-4b4d-b5b2-b977f9f93e93	NR_178854.1	96.473	482	6	9	3	476	989	1467	0.0	785
89f65708-4ce1-4b4d-b5b2-b977f9f93e93	NR_179889.1	96.473	482	6	9	3	476	1017	1495	0.0	785
7f8c63d3-998e-4546-a82f-e6c487142b7f	NR_199513.1	97.025	1042	18	9	16	1049	1124	88	0.0	1740
7f8c63d3-998e-4546-a82f-e6c487142b7f	NR_156986.1	96.516	1062	18	15	16	1066	1105	52	0.0	1738
7f8c63d3-998e-4546-a82f-e6c487142b7f	NR_178976.1	96.516	1062	18	15	16	1066	1096	43	0.0	1738
7f8c63d3-998e-4546-a82f-e6c487142b7f	NR_113600.1	96.422	1062	19	15	16	1066	1097	44	0.0	1735
7f8c63d3-998e-4546-a82f-e6c487142b7f	NR_042147.1	96.422	1062	19	15	16	1066	1097	44	0.0	1733
804cb0f0-d266-4fa0-92ea-fb7c28966dba	NR_043314.1	94.986	359	11	7	3	357	1126	1481	2.79e-158	556
804cb0f0-d266-4fa0-92ea-fb7c28966dba	NR_114749.1	94.986	359	11	7	3	357	1128	1483	2.79e-158	556
804cb0f0-d266-4fa0-92ea-fb7c28966dba	NR_116899.1	94.986	359	11	7	3	357	1095	1450	2.79e-158	556
804cb0f0-d266-4fa0-92ea-fb7c28966dba	NR_178854.1	94.986	359	11	7	3	357	1107	1462	2.79e-158	556
804cb0f0-d266-4fa0-92ea-fb7c28966dba	NR_179889.1	94.986	359	11	7	3	357	1135	1490	2.79e-158	556
97949a6e-8267-4a88-9a8e-04d0a2dc61ab	NR_116168.1	98.521	676	7	2	12	685	828	154	0.0	1190
97949a6e-8267-4a88-9a8e-04d0a2dc61ab	NR_042878.1	98.225	676	9	2	12	685	807	133	0.0	1184
97949a6e-8267-4a88-9a8e-04d0a2dc61ab	NR_118762.1	96.450	676	21	2	12	685	831	157	0.0	1134
97949a6e-8267-4a88-9a8e-04d0a2dc61ab	NR_118143.1	96.199	684	23	2	4	685	817	135	0.0	1118
97949a6e-8267-4a88-9a8e-04d0a2dc61ab	NR_025423.1	96.142	674	23	2	14	685	810	138	0.0	1098
1f0581da-5e75-4a6d-8202-bed96f247fe8	NR_044873.1	90.717	1228	57	41	1	1189	1211	2	0.0	1583
1f0581da-5e75-4a6d-8202-bed96f247fe8	NR_044025.1	86.953	1234	97	49	1	1189	1234	20	0.0	1328
1f0581da-5e75-4a6d-8202-bed96f247fe8	NR_044353.1	87.344	1201	89	49	1	1162	1186	10	0.0	1317
1f0581da-5e75-4a6d-8202-bed96f247fe8	NR_026235.1	85.401	1233	107	56	1	1189	1209	6	0.0	1212
1f0581da-5e75-4a6d-8202-bed96f247fe8	NR_126227.1	84.790	1236	116	57	1	1189	1223	13	0.0	1175
dcdac321-f764-4845-9742-32afee426fb7	NR_041879.1	93.079	419	16	11	4	415	481	69	1.47e-171	601
dcdac321-f764-4845-9742-32afee426fb7	NR_044091.1	93.079	419	16	11	4	415	438	26	1.47e-171	601
dcdac321-f764-4845-9742-32afee426fb7	NR_113570.1	92.857	420	16	12	4	415	531	118	1.90e-170	597
dcdac321-f764-4845-9742-32afee426fb7	NR_179325.1	92.857	420	16	12	4	415	498	85	1.90e-170	597
dcdac321-f764-4845-9742-32afee426fb7	NR_115355.1	92.601	419	18	11	4	415	524	112	2.46e-169	593
f12c5cc0-3b3f-4fa3-9c92-6a5f5e6c0d3c	NR_024912.1	96.823	598	4	9	1	590	596	6	0.0	985
f12c5cc0-3b3f-4fa3-9c92-6a5f5e6c0d3c	NR_037092.1	96.817	597	5	8	1	590	600	11	0.0	985
f12c5cc0-3b3f-4fa3-9c92-6a5f5e6c0d3c	NR_156986.1	96.823	598	4	9	1	590	591	1	0.0	985
f12c5cc0-3b3f-4fa3-9c92-6a5f5e6c0d3c	NR_024901.1	96.656	598	5	9	1	590	596	6	0.0	979
f12c5cc0-3b3f-4fa3-9c92-6a5f5e6c0d3c	NR_024928.1	96.656	598	5	9	1	590	596	6	0.0	979
ba74dae5-f734-4507-8e3d-5ff0e9d9c8b8	NR_117694.1	93.295	522	21	13	1	517	513	1	0.0	758
ba74dae5-f734-4507-8e3d-5ff0e9d9c8b8	NR_025892.1	91.714	531	30	13	1	526	539	18	0.0	739
ba74dae5-f734-4507-8e3d-5ff0e9d9c8b8	NR_121687.1	92.120	533	24	15	1	526	533	12	0.0	736
ba74dae5-f734-4507-8e3d-5ff0e9d9c8b8	NR_117692.1	90.996	522	33	13	1	517	513	1	0.0	691
ba74dae5-f734-4507-8e3d-5ff0e9d9c8b8	NR_026079.2	90.432	533	33	16	1	526	540	19	0.0	686
527d40fc-46aa-4bc6-8656-55c40add8c32	NR_028664.1	96.757	1326	24	17	1	1313	182	1501	0.0	2193
527d40fc-46aa-4bc6-8656-55c40add8c32	NR_179383.1	96.682	1326	25	17	1	1313	186	1505	0.0	2187
527d40fc-46aa-4bc6-8656-55c40add8c32	NR_042927.1	96.811	1317	23	17	1	1304	161	1471	0.0	2182
527d40fc-46aa-4bc6-8656-55c40add8c32	NR_115240.1	96.811	1317	23	17	1	1304	159	1469	0.0	2182
527d40fc-46aa-4bc6-8656-55c40add8c32	NR_115734.1	96.811	1317	23	17	1	1304	162	1472	0.0	2182
83bb81c5-fc26-4d07-9dda-e00558ca7406	NR_024912.1	96.735	582	9	8	1	575	596	18	0.0	961
83bb81c5-fc26-4d07-9dda-e00558ca7406	NR_042147.1	96.735	582	9	8	1	575	583	5	0.0	961
83bb81c5-fc26-4d07-9dda-e00558ca7406	NR_156986.1	96.735	582	9	8	1	575	591	13	0.0	961
83bb81c5-fc26-4d07-9dda-e00558ca7406	NR_178976.1	96.735	582	9	8	1	575	582	4	0.0	961
83bb81c5-fc26-4d07-9dda-e00558ca7406	NR_113600.1	96.564	582	10	8	1	575	583	5	0.0	957
e80fcfbe-9b88-49a8-8528-f4f60b0fa1f9	NR_117717.1	95.722	374	12	4	1	371	1120	1492	4.70e-171	599
e80fcfbe-9b88-49a8-8528-f4f60b0fa1f9	NR_121688.1	95.722	374	12	4	1	371	1120	1492	4.70e-171	599
e80fcfbe-9b88-49a8-8528-f4f60b0fa1f9	NR_117694.1	95.722	374	12	4	1	371	1100	1472	4.70e-171	599
e80fcfbe-9b88-49a8-8528-f4f60b0fa1f9	NR_117696.1	95.722	374	12	4	1	371	1087	1459	4.70e-171	599
e80fcfbe-9b88-49a8-8528-f4f60b0fa1f9	NR_117701.1	95.722	374	12	4	1	371	1100	1472	4.70e-171	599
8c4b28ec-c996-4b7c-a4f0-76008c7bd3c9	NR_113600.1	94.579	1365	39	24	1	1343	111	1462	0.0	2080
8c4b28ec-c996-4b7c-a4f0-76008c7bd3c9	NR_114225.1	94.505	1365	40	24	1	1343	111	1462	0.0	2074
8c4b28ec-c996-4b7c-a4f0-76008c7bd3c9	NR_199513.1	94.505	1365	42	20	1	1344	138	1490	0.0	2074
8c4b28ec-c996-4b7c-a4f0-76008c7bd3c9	NR_113583.1	94.432	1365	41	24	1	1343	111	1462	0.0	2067
8c4b28ec-c996-4b7c-a4f0-76008c7bd3c9	NR_024928.1	94.363	1366	42	24	1	1344	124	1476	0.0	2065
de958eec-faee-4812-bf27-92c89396707c	NR_025892.1	92.558	215	10	5	2	210	1066	1280	6.37e-83	305
de958eec-faee-4812-bf27-92c89396707c	NR_041989.1	92.558	215	10	5	2	210	999	1213	2.29e-82	303
de958eec-faee-4812-bf27-92c89396707c	NR_117694.1	92.558	215	10	5	2	210	1041	1255	2.29e-82	303
de958eec-faee-4812-bf27-92c89396707c	NR_040933.1	92.093	215	11	5	2	210	1063	1277	1.07e-80	298
de958eec-faee-4812-bf27-92c89396707c	NR_104947.1	92.093	215	11	5	2	210	1014	1228	1.07e-80	298
ff653eab-c046-4bbe-bfb0-4f03dd343b82	NR_181891.1	96.339	437	10	5	1	434	1301	868	0.0	713
ff653eab-c046-4bbe-bfb0-4f03dd343b82	NR_043314.1	96.110	437	11	5	1	434	1296	863	0.0	708
ff653eab-c046-4bbe-bfb0-4f03dd343b82	NR_116905.1	96.110	437	11	5	1	434	1299	866	0.0	708
ff653eab-c046-4bbe-bfb0-4f03dd343b82	NR_116899.1	96.110	437	11	5	1	434	1265	832	0.0	708
ff653eab-c046-4bbe-bfb0-4f03dd343b82	NR_118125.1	96.110	437	11	5	1	434	1285	852	0.0	708
50ead388-5eea-4428-8739-3b1aebf0ff15	NR_024918.1	94.356	815	32	14	1	806	670	1479	0.0	1238
50ead388-5eea-4428-8739-3b1aebf0ff15	NR_041799.1	94.356	815	32	14	1	806	657	1466	0.0	1238
50ead388-5eea-4428-8739-3b1aebf0ff15	NR_116899.1	94.356	815	32	14	1	806	644	1453	0.0	1238
50ead388-5eea-4428-8739-3b1aebf0ff15	NR_117823.1	94.356	815	32	14	1	806	629	1438	0.0	1238
50ead388-5eea-4428-8739-3b1aebf0ff15	NR_164626.1	94.356	815	32	14	1	806	667	1476	0.0	1238
1cf064a2-4b58-499a-b589-323a64c45b2c	NR_043314.1	98.929	467	4	1	14	479	1018	1484	0.0	833
1cf064a2-4b58-499a-b589-323a64c45b2c	NR_114749.1	98.929	467	4	1	14	479	1020	1486	0.0	833
1cf064a2-4b58-499a-b589-323a64c45b2c	NR_116899.1	98.929	467	4	1	14	479	987	1453	0.0	833
1cf064a2-4b58-499a-b589-323a64c45b2c	NR_178854.1	98.929	467	4	1	14	479	999	1465	0.0	833
1cf064a2-4b58-499a-b589-323a64c45b2c	NR_179889.1	98.929	467	4	1	14	479	1027	1493	0.0	833
45b77ff4-2d49-4a72-a76e-93fe70c566e4	NR_159079.1	95.988	648	18	7	1	643	819	1463	0.0	1046
45b77ff4-2d49-4a72-a76e-93fe70c566e4	NR_117694.1	95.988	648	18	7	1	643	823	1467	0.0	1046
45b77ff4-2d49-4a72-a76e-93fe70c566e4	NR_117692.1	95.833	648	19	7	1	643	823	1467	0.0	1040
45b77ff4-2d49-4a72-a76e-93fe70c566e4	NR_117696.1	95.833	648	19	7	1	643	810	1454	0.0	1040
45b77ff4-2d49-4a72-a76e-93fe70c566e4	NR_159156.1	95.963	644	18	7	1	639	823	1463	0.0	1038
a89b7073-c517-4ab7-a11f-946b38ceda26	NR_114413.1	94.488	127	5	2	1	125	142	16	7.83e-50	195
a89b7073-c517-4ab7-a11f-946b38ceda26	NR_199956.1	94.488	127	5	2	1	125	139	13	7.83e-50	195
a89b7073-c517-4ab7-a11f-946b38ceda26	NR_199974.1	94.488	127	5	2	1	125	146	20	7.83e-50	195
a89b7073-c517-4ab7-a11f-946b38ceda26	NR_148589.1	94.958	119	4	2	1	117	119	1	4.71e-47	185
a89b7073-c517-4ab7-a11f-946b38ceda26	NR_165737.1	94.958	119	4	2	1	117	119	1	4.71e-47	185
b89f2f19-5786-4c43-8127-83e09c5ef71f	NR_156986.1	97.151	702	9	9	1	695	698	1	0.0	1175
b89f2f19-5786-4c43-8127-83e09c5ef71f	NR_199513.1	97.013	703	12	7	1	697	717	18	0.0	1173
b89f2f19-5786-4c43-8127-83e09c5ef71f	NR_024901.1	97.009	702	10	9	1	695	703	6	0.0	1170
b89f2f19-5786-4c43-8127-83e09c5ef71f	NR_024912.1	97.009	702	10	9	1	695	703	6	0.0	1170
b89f2f19-5786-4c43-8127-83e09c5ef71f	NR_024928.1	97.009	702	10	9	1	695	703	6	0.0	1170
501ce344-866f-43ec-a705-9478b30d6172	NR_117694.1	92.118	1256	74	22	1	1243	1248	5	0.0	1748
501ce344-866f-43ec-a705-9478b30d6172	NR_121688.1	91.885	1257	75	23	1	1243	1268	25	0.0	1731
501ce344-866f-43ec-a705-9478b30d6172	NR_117701.1	91.885	1257	75	23	1	1243	1248	5	0.0	1731
501ce344-866f-43ec-a705-9478b30d6172	NR_121687.1	91.726	1257	77	24	1	1243	1268	25	0.0	1720
501ce344-866f-43ec-a705-9478b30d6172	NR_117717.1	91.647	1257	77	24	1	1243	1268	26	0.0	1714
b9f8064c-0c2b-4c8a-8bab-c45b84eb347e	NR_164626.1	95.491	377	11	6	1	375	374	2	1.71e-170	597
b9f8064c-0c2b-4c8a-8bab-c45b84eb347e	NR_024912.1	95.479	376	11	6	1	374	377	6	6.15e-170	595
b9f8064c-0c2b-4c8a-8bab-c45b84eb347e	NR_028706.1	95.479	376	11	6	1	374	385	14	6.15e-170	595
b9f8064c-0c2b-4c8a-8bab-c45b84eb347e	NR_042939.1	95.479	376	11	6	1	374	383	12	6.15e-170	595
b9f8064c-0c2b-4c8a-8bab-c45b84eb347e	NR_114473.1	95.479	376	11	6	1	374	372	1	6.15e-170	595
04b5bbac-b1ee-4359-8456-a9883e591b05	NR_156986.1	95.707	1188	28	20	1	1168	1222	38	0.0	1890
04b5bbac-b1ee-4359-8456-a9883e591b05	NR_113600.1	95.623	1188	29	20	1	1168	1214	30	0.0	1886
04b5bbac-b1ee-4359-8456-a9883e591b05	NR_156987.1	95.623	1188	29	20	1	1168	1222	38	0.0	1884
04b5bbac-b1ee-4359-8456-a9883e591b05	NR_178976.1	95.623	1188	29	20	1	1168	1213	29	0.0	1884
04b5bbac-b1ee-4359-8456-a9883e591b05	NR_042147.1	95.539	1188	30	20	1	1168	1214	30	0.0	1879
0e7699ea-6c94-4736-a37c-3b606b6ff2db	NR_199513.1	96.095	461	10	8	1	454	286	745	0.0	745
0e7699ea-6c94-4736-a37c-3b606b6ff2db	NR_041953.1	95.879	461	11	8	1	454	259	718	0.0	739
0e7699ea-6c94-4736-a37c-3b606b6ff2db	NR_152710.1	95.879	461	11	8	1	454	240	699	0.0	739
0e7699ea-6c94-4736-a37c-3b606b6ff2db	NR_178447.1	95.879	461	11	8	1	454	193	652	0.0	739
0e7699ea-6c94-4736-a37c-3b606b6ff2db	NR_181891.1	95.879	461	11	8	1	454	282	741	0.0	739
40615292-3178-4d27-b7cc-04bfa0e9feae	NR_116899.1	96.432	981	23	11	7	981	481	1455	0.0	1607
40615292-3178-4d27-b7cc-04bfa0e9feae	NR_179889.1	96.432	981	23	11	7	981	521	1495	0.0	1607
40615292-3178-4d27-b7cc-04bfa0e9feae	NR_181891.1	96.432	981	23	11	7	981	517	1491	0.0	1607
40615292-3178-4d27-b7cc-04bfa0e9feae	NR_199515.1	96.432	981	23	11	7	981	523	1497	0.0	1607
40615292-3178-4d27-b7cc-04bfa0e9feae	NR_024918.1	96.330	981	24	11	7	981	507	1481	0.0	1602
9f409658-a9a2-4574-9640-09727b301882	NR_152710.1	98.673	603	7	1	1	603	774	173	0.0	1068
9f409658-a9a2-4574-9640-09727b301882	NR_199513.1	98.831	599	6	1	4	602	817	220	0.0	1066
9f409658-a9a2-4574-9640-09727b301882	NR_041953.1	98.664	599	7	1	4	602	790	193	0.0	1061
9f409658-a9a2-4574-9640-09727b301882	NR_178447.1	98.664	599	7	1	4	602	724	127	0.0	1061
9f409658-a9a2-4574-9640-09727b301882	NR_181891.1	98.664	599	7	1	4	602	813	216	0.0	1061
7f00aa69-3a2b-4f25-a3aa-bc033523fc54	NR_037101.1	99.367	158	0	1	1	157	1445	1288	5.84e-77	285
7f00aa69-3a2b-4f25-a3aa-bc033523fc54	NR_036936.1	99.367	158	0	1	1	157	1445	1288	5.84e-77	285
7f00aa69-3a2b-4f25-a3aa-bc033523fc54	NR_040821.1	99.367	158	0	1	1	157	1445	1288	5.84e-77	285
7f00aa69-3a2b-4f25-a3aa-bc033523fc54	NR_025729.1	99.367	158	0	1	1	157	1463	1306	5.84e-77	285
7f00aa69-3a2b-4f25-a3aa-bc033523fc54	NR_026368.1	99.367	158	0	1	1	157	1447	1290	5.84e-77	285
ece5babc-d80e-4bda-8d8e-7babfb691844	NR_043314.1	95.868	484	13	7	1	480	1005	1485	0.0	776
ece5babc-d80e-4bda-8d8e-7babfb691844	NR_114749.1	95.868	484	13	7	1	480	1007	1487	0.0	776
ece5babc-d80e-4bda-8d8e-7babfb691844	NR_116899.1	95.868	484	13	7	1	480	974	1454	0.0	776
ece5babc-d80e-4bda-8d8e-7babfb691844	NR_178854.1	95.868	484	13	7	1	480	986	1466	0.0	776
ece5babc-d80e-4bda-8d8e-7babfb691844	NR_179889.1	95.868	484	13	7	1	480	1014	1494	0.0	776
f636a2fc-88c8-4736-bb98-cdb6e0ff19a9	NR_156986.1	94.960	1389	48	19	1	1374	1382	1	0.0	2158
f636a2fc-88c8-4736-bb98-cdb6e0ff19a9	NR_156987.1	94.888	1389	49	19	1	1374	1382	1	0.0	2152
f636a2fc-88c8-4736-bb98-cdb6e0ff19a9	NR_024928.1	94.816	1389	50	19	1	1374	1387	6	0.0	2148
f636a2fc-88c8-4736-bb98-cdb6e0ff19a9	NR_199513.1	94.748	1390	53	16	1	1376	1401	18	0.0	2145
f636a2fc-88c8-4736-bb98-cdb6e0ff19a9	NR_178976.1	94.928	1380	48	19	1	1365	1373	1	0.0	2143
c4706cd5-74c4-43e0-ad8a-bad227d49a14	NR_117694.1	94.342	919	28	17	1	902	916	5	0.0	1387
c4706cd5-74c4-43e0-ad8a-bad227d49a14	NR_121687.1	92.927	919	41	20	1	902	936	25	0.0	1315
c4706cd5-74c4-43e0-ad8a-bad227d49a14	NR_041989.1	93.878	882	30	17	1	866	874	1	0.0	1308
c4706cd5-74c4-43e0-ad8a-bad227d49a14	NR_117692.1	92.492	919	45	16	1	902	916	5	0.0	1293
c4706cd5-74c4-43e0-ad8a-bad227d49a14	NR_041988.1	92.963	881	40	17	1	866	874	1	0.0	1264
bb298a00-536a-4f26-81c6-3a2b73623b15	NR_199513.1	88.677	786	48	32	1	756	824	50	0.0	920
bb298a00-536a-4f26-81c6-3a2b73623b15	NR_024901.1	88.550	786	49	31	1	756	810	36	0.0	915
bb298a00-536a-4f26-81c6-3a2b73623b15	NR_024928.1	88.550	786	49	31	1	756	810	36	0.0	915
bb298a00-536a-4f26-81c6-3a2b73623b15	NR_113583.1	88.550	786	49	31	1	756	797	23	0.0	915
bb298a00-536a-4f26-81c6-3a2b73623b15	NR_114225.1	88.550	786	49	31	1	756	797	23	0.0	915
990337db-759f-4e4e-bbd4-93f8171c8aa0	NR_117694.1	95.527	1319	29	19	2	1296	159	1471	0.0	2082
990337db-759f-4e4e-bbd4-93f8171c8aa0	NR_121687.1	94.765	1318	39	19	3	1296	180	1491	0.0	2025
990337db-759f-4e4e-bbd4-93f8171c8aa0	NR_117692.1	94.701	1321	36	20	2	1296	159	1471	0.0	2021
990337db-759f-4e4e-bbd4-93f8171c8aa0	NR_025902.1	94.550	1321	38	21	2	1296	137	1449	0.0	2010
990337db-759f-4e4e-bbd4-93f8171c8aa0	NR_025892.1	94.194	1309	46	19	2	1287	185	1486	0.0	1995
9ad3dcbd-710d-4fae-ba6e-7691beb11f2d	NR_165737.1	94.085	355	14	7	7	355	354	1	4.75e-151	532
9ad3dcbd-710d-4fae-ba6e-7691beb11f2d	NR_178515.1	94.085	355	14	7	7	355	354	1	4.75e-151	532
9ad3dcbd-710d-4fae-ba6e-7691beb11f2d	NR_114413.1	92.287	363	21	7	7	363	377	16	8.00e-144	508
9ad3dcbd-710d-4fae-ba6e-7691beb11f2d	NR_036936.1	92.676	355	19	7	7	355	354	1	2.88e-143	507
9ad3dcbd-710d-4fae-ba6e-7691beb11f2d	NR_042927.1	92.571	350	20	6	7	350	354	5	1.73e-140	497
69548c43-c334-4414-afd4-adf16914776e	NR_179540.1	95.957	841	14	18	1	825	849	13	0.0	1347
69548c43-c334-4414-afd4-adf16914776e	NR_118234.1	95.142	844	17	21	1	825	848	10	0.0	1310
69548c43-c334-4414-afd4-adf16914776e	NR_028664.1	94.893	842	21	20	1	825	852	16	0.0	1297
69548c43-c334-4414-afd4-adf16914776e	NR_179383.1	94.893	842	21	20	1	825	856	20	0.0	1297
69548c43-c334-4414-afd4-adf16914776e	NR_117719.1	94.781	843	20	21	1	825	849	13	0.0	1291
283e2752-aebe-46ec-9528-164eaceeeb49	NR_025902.1	98.378	185	1	2	8	190	1244	1428	1.69e-88	324
283e2752-aebe-46ec-9528-164eaceeeb49	NR_028844.1	98.378	185	1	2	8	190	1275	1459	1.69e-88	324
283e2752-aebe-46ec-9528-164eaceeeb49	NR_040933.1	98.378	185	1	2	8	190	1288	1472	1.69e-88	324
283e2752-aebe-46ec-9528-164eaceeeb49	NR_104944.1	98.378	185	1	2	8	190	1227	1411	1.69e-88	324
283e2752-aebe-46ec-9528-164eaceeeb49	NR_104947.1	98.378	185	1	2	8	190	1239	1423	1.69e-88	324
2fd25bea-138b-4a29-a55f-0decb3d01a2c	NR_042927.1	89.407	944	72	23	7	930	1127	192	0.0	1164
2fd25bea-138b-4a29-a55f-0decb3d01a2c	NR_114413.1	89.407	944	72	23	7	930	1150	215	0.0	1164
2fd25bea-138b-4a29-a55f-0decb3d01a2c	NR_115734.1	89.407	944	72	23	7	930	1128	193	0.0	1164
2fd25bea-138b-4a29-a55f-0decb3d01a2c	NR_116210.1	89.407	944	72	23	7	930	990	55	0.0	1164
2fd25bea-138b-4a29-a55f-0decb3d01a2c	NR_199541.1	89.849	926	67	22	25	930	1086	168	0.0	1164
aba27832-a993-4329-94f0-0cc17bb3e2cf	NR_024842.1	96.825	189	1	5	8	192	837	1024	1.20e-84	311
aba27832-a993-4329-94f0-0cc17bb3e2cf	NR_109720.1	96.825	189	1	5	8	192	816	1003	1.20e-84	311
aba27832-a993-4329-94f0-0cc17bb3e2cf	NR_115241.1	96.825	189	1	5	8	192	822	1009	1.20e-84	311
aba27832-a993-4329-94f0-0cc17bb3e2cf	NR_115735.1	96.825	189	1	5	8	192	813	1000	1.20e-84	311
aba27832-a993-4329-94f0-0cc17bb3e2cf	NR_116211.1	96.825	189	1	5	8	192	745	932	1.20e-84	311
146e0c13-6f36-4053-927b-9826b07309cd	NR_156986.1	97.654	682	7	8	1	674	689	9	0.0	1162
146e0c13-6f36-4053-927b-9826b07309cd	NR_178976.1	97.651	681	7	8	1	673	680	1	0.0	1160
146e0c13-6f36-4053-927b-9826b07309cd	NR_113600.1	97.507	682	8	8	1	674	681	1	0.0	1158
146e0c13-6f36-4053-927b-9826b07309cd	NR_024901.1	97.507	682	8	8	1	674	694	14	0.0	1157
146e0c13-6f36-4053-927b-9826b07309cd	NR_024912.1	97.507	682	8	8	1	674	694	14	0.0	1157
c73ee2c7-b784-4e2e-99b7-543a6a152901	NR_041799.1	90.228	788	39	24	1	761	1373	597	0.0	994
c73ee2c7-b784-4e2e-99b7-543a6a152901	NR_116899.1	90.228	788	39	24	1	761	1360	584	0.0	994
c73ee2c7-b784-4e2e-99b7-543a6a152901	NR_041953.1	90.102	788	40	24	1	761	1373	597	0.0	989
c73ee2c7-b784-4e2e-99b7-543a6a152901	NR_180743.1	90.114	789	38	24	1	761	1374	598	0.0	989
c73ee2c7-b784-4e2e-99b7-543a6a152901	NR_149822.1	90.601	766	37	22	1	739	1356	599	0.0	983
e28b2fb3-fec0-4af9-a3ff-d3e6b4d1f249	NR_117694.1	94.819	965	30	15	1	950	960	1	0.0	1487
e28b2fb3-fec0-4af9-a3ff-d3e6b4d1f249	NR_121687.1	93.443	976	42	17	1	960	980	11	0.0	1428
e28b2fb3-fec0-4af9-a3ff-d3e6b4d1f249	NR_041989.1	94.481	924	31	16	1	910	918	1	0.0	1406
e28b2fb3-fec0-4af9-a3ff-d3e6b4d1f249	NR_117692.1	92.968	967	44	18	1	950	960	1	0.0	1387
e28b2fb3-fec0-4af9-a3ff-d3e6b4d1f249	NR_041988.1	93.506	924	40	16	1	910	918	1	0.0	1356
e0d7915e-c31e-4210-8f53-8fd7908f0edb	NR_028664.1	96.395	638	11	9	1	633	192	822	0.0	1040
e0d7915e-c31e-4210-8f53-8fd7908f0edb	NR_115240.1	96.395	638	11	9	1	633	169	799	0.0	1040
e0d7915e-c31e-4210-8f53-8fd7908f0edb	NR_115732.1	96.395	638	11	9	1	633	171	801	0.0	1040
e0d7915e-c31e-4210-8f53-8fd7908f0edb	NR_116207.1	96.395	638	11	9	1	633	34	664	0.0	1040
e0d7915e-c31e-4210-8f53-8fd7908f0edb	NR_180629.1	96.395	638	11	9	1	633	151	781	0.0	1040
d0636276-1bcf-4b66-b382-1d80a1783c0a	NR_041799.1	96.875	704	11	10	1	700	764	1460	0.0	1168
d0636276-1bcf-4b66-b382-1d80a1783c0a	NR_114227.1	96.875	704	11	10	1	700	764	1460	0.0	1168
d0636276-1bcf-4b66-b382-1d80a1783c0a	NR_117823.1	96.875	704	11	10	1	700	736	1432	0.0	1168
d0636276-1bcf-4b66-b382-1d80a1783c0a	NR_181265.1	96.875	704	11	11	1	700	791	1487	0.0	1168
d0636276-1bcf-4b66-b382-1d80a1783c0a	NR_181730.1	96.875	704	11	11	1	700	770	1466	0.0	1168
c5696a98-bb7c-4ecf-a96e-e85d2b0579d9	NR_025892.1	91.453	117	7	3	4	119	1259	1373	9.98e-39	158
c5696a98-bb7c-4ecf-a96e-e85d2b0579d9	NR_025902.1	91.453	117	7	3	4	119	1212	1326	9.98e-39	158
c5696a98-bb7c-4ecf-a96e-e85d2b0579d9	NR_040933.1	91.453	117	7	3	4	119	1256	1370	9.98e-39	158
c5696a98-bb7c-4ecf-a96e-e85d2b0579d9	NR_041988.1	91.453	117	7	3	4	119	1192	1306	9.98e-39	158
c5696a98-bb7c-4ecf-a96e-e85d2b0579d9	NR_104947.1	91.453	117	7	3	4	119	1207	1321	9.98e-39	158
45f82839-db33-46af-8efd-f9c928b58708	NR_179337.1	97.063	1464	20	17	1	1457	24	1471	0.0	2444
45f82839-db33-46af-8efd-f9c928b58708	NR_028986.1	96.926	1464	22	17	1	1457	20	1467	0.0	2433
45f82839-db33-46af-8efd-f9c928b58708	NR_028987.1	96.858	1464	23	17	1	1457	20	1467	0.0	2427
45f82839-db33-46af-8efd-f9c928b58708	NR_025174.1	96.858	1464	21	19	1	1457	28	1473	0.0	2425
45f82839-db33-46af-8efd-f9c928b58708	NR_025164.1	96.721	1464	25	17	1	1457	20	1467	0.0	2416
ca298b2e-2b98-4e76-8c8c-ed587a31bf68	NR_074980.1	89.089	944	52	38	4	915	937	13	0.0	1125
ca298b2e-2b98-4e76-8c8c-ed587a31bf68	NR_113031.1	89.089	944	52	38	4	915	937	13	0.0	1125
ca298b2e-2b98-4e76-8c8c-ed587a31bf68	NR_119168.1	89.355	930	50	36	4	901	915	3	0.0	1123
ca298b2e-2b98-4e76-8c8c-ed587a31bf68	NR_117759.1	89.140	930	52	36	4	901	913	1	0.0	1114
ca298b2e-2b98-4e76-8c8c-ed587a31bf68	NR_043332.1	89.105	927	52	36	4	898	910	1	0.0	1109
a310eeff-ec12-4b8d-bf49-7575d2af081f	NR_156986.1	93.963	1143	38	27	1	1125	1152	23	0.0	1700
a310eeff-ec12-4b8d-bf49-7575d2af081f	NR_113600.1	93.876	1143	39	27	1	1125	1144	15	0.0	1696
a310eeff-ec12-4b8d-bf49-7575d2af081f	NR_156987.1	93.876	1143	39	27	1	1125	1152	23	0.0	1694
a310eeff-ec12-4b8d-bf49-7575d2af081f	NR_178976.1	93.876	1143	39	27	1	1125	1143	14	0.0	1694
a310eeff-ec12-4b8d-bf49-7575d2af081f	NR_042147.1	93.788	1143	40	27	1	1125	1144	15	0.0	1688
b6873f11-7d1b-4ebd-bfb4-8e7c9483f55a	NR_156986.1	94.178	687	24	13	3	676	685	2	0.0	1033
b6873f11-7d1b-4ebd-bfb4-8e7c9483f55a	NR_024901.1	94.032	687	25	13	3	676	690	7	0.0	1027
b6873f11-7d1b-4ebd-bfb4-8e7c9483f55a	NR_024912.1	94.032	687	25	13	3	676	690	7	0.0	1027
b6873f11-7d1b-4ebd-bfb4-8e7c9483f55a	NR_024928.1	94.032	687	25	13	3	676	690	7	0.0	1027
b6873f11-7d1b-4ebd-bfb4-8e7c9483f55a	NR_156987.1	94.032	687	25	13	3	676	685	2	0.0	1027
4f45688b-b745-4db8-8fdb-920b80ce12c5	NR_156986.1	94.882	1270	32	28	1	1245	1262	1	0.0	1954
4f45688b-b745-4db8-8fdb-920b80ce12c5	NR_156987.1	94.803	1270	33	28	1	1245	1262	1	0.0	1949
4f45688b-b745-4db8-8fdb-920b80ce12c5	NR_199514.1	94.720	1269	34	28	2	1245	1273	13	0.0	1941
4f45688b-b745-4db8-8fdb-920b80ce12c5	NR_024901.1	94.641	1269	35	28	2	1245	1266	6	0.0	1936
4f45688b-b745-4db8-8fdb-920b80ce12c5	NR_024912.1	94.641	1269	35	28	2	1245	1266	6	0.0	1936
44e0cc0d-bade-49e9-907b-a58f2ab9f8bc	NR_024924.1	96.496	371	7	6	1	366	896	527	7.69e-174	608
44e0cc0d-bade-49e9-907b-a58f2ab9f8bc	NR_102854.1	96.496	371	7	6	1	366	905	536	7.69e-174	608
44e0cc0d-bade-49e9-907b-a58f2ab9f8bc	NR_115336.1	96.496	371	7	6	1	366	891	522	7.69e-174	608
44e0cc0d-bade-49e9-907b-a58f2ab9f8bc	NR_134794.1	96.496	371	7	6	1	366	848	479	7.69e-174	608
44e0cc0d-bade-49e9-907b-a58f2ab9f8bc	NR_135703.1	96.496	371	7	6	1	366	917	548	7.69e-174	608
d2cfbb99-db4a-41d4-aa21-dbf6adfa86f8	NR_117694.1	96.327	1198	31	11	1	1189	1194	1	0.0	1956
d2cfbb99-db4a-41d4-aa21-dbf6adfa86f8	NR_121687.1	95.447	1208	38	14	1	1197	1214	13	0.0	1910
d2cfbb99-db4a-41d4-aa21-dbf6adfa86f8	NR_025892.1	94.859	1206	48	11	1	1197	1219	19	0.0	1897
d2cfbb99-db4a-41d4-aa21-dbf6adfa86f8	NR_117692.1	94.667	1200	47	11	1	1189	1194	1	0.0	1845
d2cfbb99-db4a-41d4-aa21-dbf6adfa86f8	NR_026079.2	94.123	1208	54	13	1	1197	1221	20	0.0	1821
1dd7139c-ad8f-4746-85e1-35852ca65364	NR_117694.1	96.824	1480	24	20	20	1485	2	1472	0.0	2451
1dd7139c-ad8f-4746-85e1-35852ca65364	NR_025892.1	95.528	1476	40	22	13	1474	23	1486	0.0	2362
1dd7139c-ad8f-4746-85e1-35852ca65364	NR_121687.1	95.632	1488	38	23	13	1485	17	1492	0.0	2362
1dd7139c-ad8f-4746-85e1-35852ca65364	NR_117692.1	95.608	1480	42	21	20	1485	2	1472	0.0	2351
1dd7139c-ad8f-4746-85e1-35852ca65364	NR_025902.1	95.530	1454	41	22	47	1485	6	1450	0.0	2303
b5709b7d-a1b6-4319-abb8-fab4dfba1638	NR_199513.1	94.434	1024	27	20	1	999	1037	19	0.0	1548
b5709b7d-a1b6-4319-abb8-fab4dfba1638	NR_156986.1	94.428	1023	27	22	1	998	1018	1	0.0	1546
b5709b7d-a1b6-4319-abb8-fab4dfba1638	NR_156987.1	94.330	1023	28	22	1	998	1018	1	0.0	1541
b5709b7d-a1b6-4319-abb8-fab4dfba1638	NR_199514.1	94.330	1023	28	22	1	998	1030	13	0.0	1541
b5709b7d-a1b6-4319-abb8-fab4dfba1638	NR_024901.1	94.233	1023	29	23	1	998	1023	6	0.0	1535
af9c8cf5-62bb-410f-8935-68126d07390c	NR_165737.1	96.399	1472	29	20	17	1472	8	1471	0.0	2403
af9c8cf5-62bb-410f-8935-68126d07390c	NR_024842.1	95.107	1492	43	23	5	1476	8	1489	0.0	2327
af9c8cf5-62bb-410f-8935-68126d07390c	NR_178515.1	96.601	1412	26	18	17	1414	8	1411	0.0	2322
af9c8cf5-62bb-410f-8935-68126d07390c	NR_115735.1	95.387	1474	40	23	20	1475	1	1464	0.0	2320
af9c8cf5-62bb-410f-8935-68126d07390c	NR_036936.1	95.245	1472	46	20	17	1472	8	1471	0.0	2311
3bcef709-3e5c-4417-8aa1-8c21c47572e4	NR_113260.1	96.937	1404	16	20	14	1401	78	1470	0.0	2329
3bcef709-3e5c-4417-8aa1-8c21c47572e4	NR_115736.1	96.797	1405	18	20	14	1402	25	1418	0.0	2324
3bcef709-3e5c-4417-8aa1-8c21c47572e4	NR_024841.1	96.884	1380	16	20	14	1377	92	1460	0.0	2285
3bcef709-3e5c-4417-8aa1-8c21c47572e4	NR_199545.1	95.184	1412	39	25	14	1408	96	1495	0.0	2204
3bcef709-3e5c-4417-8aa1-8c21c47572e4	NR_028666.1	95.113	1412	41	24	14	1408	102	1502	0.0	2200
fe5b62c9-bc99-4d86-a72b-274719f99760	NR_117696.1	96.043	657	17	8	1	650	800	1454	0.0	1061
fe5b62c9-bc99-4d86-a72b-274719f99760	NR_117717.1	95.890	657	17	9	1	650	834	1487	0.0	1055
fe5b62c9-bc99-4d86-a72b-274719f99760	NR_121688.1	95.738	657	19	8	1	650	833	1487	0.0	1050
fe5b62c9-bc99-4d86-a72b-274719f99760	NR_117701.1	95.738	657	19	8	1	650	813	1467	0.0	1050
fe5b62c9-bc99-4d86-a72b-274719f99760	NR_104947.1	95.963	644	17	8	1	637	786	1427	0.0	1037
f1abb550-62e0-42ff-8ff9-0b98b0e013e8	NR_043314.1	97.397	461	5	6	1	455	1027	1486	0.0	778
f1abb550-62e0-42ff-8ff9-0b98b0e013e8	NR_114749.1	97.397	461	5	6	1	455	1029	1488	0.0	778
f1abb550-62e0-42ff-8ff9-0b98b0e013e8	NR_116899.1	97.397	461	5	6	1	455	996	1455	0.0	778
f1abb550-62e0-42ff-8ff9-0b98b0e013e8	NR_178854.1	97.397	461	5	6	1	455	1008	1467	0.0	778
f1abb550-62e0-42ff-8ff9-0b98b0e013e8	NR_179889.1	97.397	461	5	6	1	455	1036	1495	0.0	778
9efe75c9-4281-4627-b505-e3c1e2fe8dbe	NR_119170.1	94.468	235	4	5	3	228	590	824	7.01e-98	355
9efe75c9-4281-4627-b505-e3c1e2fe8dbe	NR_041880.1	94.468	235	4	5	3	228	541	775	2.52e-97	353
9efe75c9-4281-4627-b505-e3c1e2fe8dbe	NR_043332.1	94.468	235	4	5	3	228	585	819	2.52e-97	353
9efe75c9-4281-4627-b505-e3c1e2fe8dbe	NR_074980.1	94.468	235	4	5	3	228	612	846	2.52e-97	353
9efe75c9-4281-4627-b505-e3c1e2fe8dbe	NR_113031.1	94.468	235	4	5	3	228	612	846	2.52e-97	353
13d44320-d8a7-41c3-ac6d-62860818e473	NR_117694.1	92.637	842	33	21	23	848	642	1470	0.0	1184
13d44320-d8a7-41c3-ac6d-62860818e473	NR_121687.1	92.289	843	34	23	23	848	662	1490	0.0	1168
13d44320-d8a7-41c3-ac6d-62860818e473	NR_117692.1	92.262	840	38	19	24	848	643	1470	0.0	1166
13d44320-d8a7-41c3-ac6d-62860818e473	NR_025902.1	92.024	840	40	19	24	848	621	1448	0.0	1155
13d44320-d8a7-41c3-ac6d-62860818e473	NR_117696.1	91.805	842	40	21	23	848	629	1457	0.0	1146
23f6c4a5-fe4c-4ab3-8d46-5641e45668a5	NR_025164.1	98.851	348	3	1	1	348	980	634	3.41e-177	619
23f6c4a5-fe4c-4ab3-8d46-5641e45668a5	NR_028986.1	98.851	348	3	1	1	348	980	634	3.41e-177	619
23f6c4a5-fe4c-4ab3-8d46-5641e45668a5	NR_028987.1	98.851	348	3	1	1	348	980	634	3.41e-177	619
23f6c4a5-fe4c-4ab3-8d46-5641e45668a5	NR_029051.1	98.851	348	3	1	1	348	920	574	3.41e-177	619
23f6c4a5-fe4c-4ab3-8d46-5641e45668a5	NR_037092.1	98.851	348	3	1	1	348	993	647	3.41e-177	619
dd98cc3b-4285-44b4-9f40-a6fc42dcfc91	NR_024912.1	95.455	440	9	10	1	432	446	10	0.0	691
dd98cc3b-4285-44b4-9f40-a6fc42dcfc91	NR_156986.1	95.455	440	9	10	1	432	441	5	0.0	691
dd98cc3b-4285-44b4-9f40-a6fc42dcfc91	NR_042939.1	95.622	434	9	9	7	432	447	16	0.0	688
dd98cc3b-4285-44b4-9f40-a6fc42dcfc91	NR_114473.1	95.622	434	9	9	7	432	436	5	0.0	688
dd98cc3b-4285-44b4-9f40-a6fc42dcfc91	NR_164626.1	95.622	434	9	9	7	432	438	7	0.0	688
f1bcc71f-2a5a-4c8b-a4e3-a905a784080a	NR_042927.1	97.440	664	7	7	1	655	713	1375	0.0	1123
f1bcc71f-2a5a-4c8b-a4e3-a905a784080a	NR_114413.1	97.440	664	7	7	1	655	736	1398	0.0	1123
f1bcc71f-2a5a-4c8b-a4e3-a905a784080a	NR_115734.1	97.440	664	7	7	1	655	714	1376	0.0	1123
f1bcc71f-2a5a-4c8b-a4e3-a905a784080a	NR_116210.1	97.440	664	7	7	1	655	576	1238	0.0	1123
f1bcc71f-2a5a-4c8b-a4e3-a905a784080a	NR_179385.1	97.440	664	7	7	1	655	735	1397	0.0	1123
c3637a89-6bfe-4d51-b91b-94f6185edcba	NR_024912.1	96.169	522	7	7	1	516	520	6	0.0	841
c3637a89-6bfe-4d51-b91b-94f6185edcba	NR_037092.1	96.161	521	8	6	1	516	524	11	0.0	841
c3637a89-6bfe-4d51-b91b-94f6185edcba	NR_156986.1	96.169	522	7	7	1	516	515	1	0.0	841
c3637a89-6bfe-4d51-b91b-94f6185edcba	NR_024901.1	95.977	522	8	7	1	516	520	6	0.0	835
c3637a89-6bfe-4d51-b91b-94f6185edcba	NR_024928.1	95.977	522	8	7	1	516	520	6	0.0	835
02dfbe05-7a9c-48e4-b6a5-5f66fad43305	NR_134817.1	97.785	316	5	1	1	316	1174	1487	1.90e-154	544
02dfbe05-7a9c-48e4-b6a5-5f66fad43305	NR_179540.1	97.785	316	5	1	1	316	1179	1492	1.90e-154	544
02dfbe05-7a9c-48e4-b6a5-5f66fad43305	NR_024634.1	97.476	317	5	2	1	316	1172	1486	8.84e-153	538
02dfbe05-7a9c-48e4-b6a5-5f66fad43305	NR_115730.1	97.764	313	5	1	1	313	1141	1451	8.84e-153	538
02dfbe05-7a9c-48e4-b6a5-5f66fad43305	NR_042928.1	97.756	312	5	1	1	312	1159	1468	3.18e-152	536
b642dfb6-bfc5-4462-89e0-6be3734aebf4	NR_043314.1	94.421	484	14	12	1	475	1005	1484	0.0	732
b642dfb6-bfc5-4462-89e0-6be3734aebf4	NR_114749.1	94.421	484	14	12	1	475	1007	1486	0.0	732
b642dfb6-bfc5-4462-89e0-6be3734aebf4	NR_116899.1	94.421	484	14	12	1	475	974	1453	0.0	732
b642dfb6-bfc5-4462-89e0-6be3734aebf4	NR_178854.1	94.421	484	14	12	1	475	986	1465	0.0	732
b642dfb6-bfc5-4462-89e0-6be3734aebf4	NR_179889.1	94.421	484	14	12	1	475	1014	1493	0.0	732
7f698646-fbea-4c99-951d-46b527b0ba23	NR_136788.1	90.541	296	15	12	1	292	310	24	5.42e-105	379
7f698646-fbea-4c99-951d-46b527b0ba23	NR_113082.1	88.552	297	19	14	1	292	310	24	5.50e-95	346
7f698646-fbea-4c99-951d-46b527b0ba23	NR_026230.1	85.522	297	28	13	1	292	288	2	5.57e-85	313
7f698646-fbea-4c99-951d-46b527b0ba23	NR_074234.1	82.550	298	35	16	1	292	317	31	5.73e-65	246
7f698646-fbea-4c99-951d-46b527b0ba23	NR_113086.1	82.550	298	35	16	1	292	310	24	5.73e-65	246
53eca45b-fedd-4e40-88d2-152a2f5d7155	NR_181354.1	96.166	965	18	14	1	954	530	1486	0.0	1559
53eca45b-fedd-4e40-88d2-152a2f5d7155	NR_114595.1	96.463	933	15	13	1	920	523	1450	0.0	1524
53eca45b-fedd-4e40-88d2-152a2f5d7155	NR_118158.1	91.088	965	66	16	3	954	522	1479	0.0	1288
53eca45b-fedd-4e40-88d2-152a2f5d7155	NR_044836.2	88.384	947	84	21	3	933	535	1471	0.0	1140
53eca45b-fedd-4e40-88d2-152a2f5d7155	NR_041958.1	87.164	966	99	20	3	954	521	1475	0.0	1088
38fc76c8-9a29-4dc3-9656-96ee4342e57e	NR_118512.1	86.528	965	104	25	4	956	484	1434	0.0	1038
38fc76c8-9a29-4dc3-9656-96ee4342e57e	NR_197757.1	85.965	969	114	22	6	964	505	1461	0.0	1016
38fc76c8-9a29-4dc3-9656-96ee4342e57e	NR_156802.1	85.759	969	116	21	6	964	507	1463	0.0	1005
38fc76c8-9a29-4dc3-9656-96ee4342e57e	NR_156805.1	85.759	969	116	21	6	964	507	1463	0.0	1005
38fc76c8-9a29-4dc3-9656-96ee4342e57e	NR_114914.1	83.914	976	125	32	4	964	476	1434	0.0	905
882a4e74-3fde-45ba-b715-c07cf5340779	NR_197695.1	89.017	1211	96	29	1	1187	226	1423	0.0	1465
882a4e74-3fde-45ba-b715-c07cf5340779	NR_178515.1	88.944	1212	95	29	1	1187	202	1399	0.0	1459
882a4e74-3fde-45ba-b715-c07cf5340779	NR_028833.1	88.935	1211	93	32	3	1187	231	1426	0.0	1456
882a4e74-3fde-45ba-b715-c07cf5340779	NR_042776.1	88.861	1212	96	30	1	1187	227	1424	0.0	1454
882a4e74-3fde-45ba-b715-c07cf5340779	NR_042777.1	88.779	1212	96	31	1	1187	227	1423	0.0	1448
4536a6dc-5d24-4488-97d5-d50b4b4a3834	NR_179385.1	97.139	664	9	8	5	659	838	1500	0.0	1112
4536a6dc-5d24-4488-97d5-d50b4b4a3834	NR_199545.1	97.139	664	9	8	5	659	834	1496	0.0	1112
4536a6dc-5d24-4488-97d5-d50b4b4a3834	NR_028665.1	96.988	664	10	8	5	659	831	1493	0.0	1107
4536a6dc-5d24-4488-97d5-d50b4b4a3834	NR_115239.1	96.951	656	10	8	5	651	814	1468	0.0	1092
4536a6dc-5d24-4488-97d5-d50b4b4a3834	NR_165741.1	96.951	656	10	8	5	651	823	1477	0.0	1092
07bc27c2-5e14-4113-af36-9060a8b3d704	NR_074980.1	89.379	499	29	16	1	482	504	13	3.71e-173	606
07bc27c2-5e14-4113-af36-9060a8b3d704	NR_113031.1	89.379	499	29	16	1	482	504	13	3.71e-173	606
07bc27c2-5e14-4113-af36-9060a8b3d704	NR_163639.1	90.446	471	23	17	26	483	465	4	1.73e-171	601
07bc27c2-5e14-4113-af36-9060a8b3d704	NR_119168.1	89.366	489	28	16	1	472	482	1	2.89e-169	593
07bc27c2-5e14-4113-af36-9060a8b3d704	NR_117759.1	89.117	487	29	16	1	470	480	1	1.74e-166	584
0595a0af-50f1-4746-b4b7-e900e403b9ab	NR_024912.1	96.259	294	8	3	2	292	300	7	4.97e-135	479
0595a0af-50f1-4746-b4b7-e900e403b9ab	NR_028706.1	96.259	294	8	3	2	292	308	15	4.97e-135	479
0595a0af-50f1-4746-b4b7-e900e403b9ab	NR_037092.1	96.259	294	8	3	2	292	305	12	4.97e-135	479
0595a0af-50f1-4746-b4b7-e900e403b9ab	NR_042939.1	96.259	294	8	3	2	292	306	13	4.97e-135	479
0595a0af-50f1-4746-b4b7-e900e403b9ab	NR_114473.1	96.259	294	8	3	2	292	295	2	4.97e-135	479
879da550-a103-478c-a525-5cd4ba0faae4	NR_042776.1	96.828	662	8	11	16	674	669	18	0.0	1094
879da550-a103-478c-a525-5cd4ba0faae4	NR_042778.1	96.520	661	12	9	16	674	669	18	0.0	1083
879da550-a103-478c-a525-5cd4ba0faae4	NR_042777.1	96.375	662	10	12	16	674	668	18	0.0	1077
879da550-a103-478c-a525-5cd4ba0faae4	NR_197695.1	96.073	662	13	11	16	674	668	17	0.0	1066
879da550-a103-478c-a525-5cd4ba0faae4	NR_118998.1	95.764	661	17	9	16	674	664	13	0.0	1057
