2c6a01f6-3d5c-4954-8751-f27d6ffd913f	NR_116168.1	95.844	1131	24	16	1	1121	370	1487	0.0	1807
2c6a01f6-3d5c-4954-8751-f27d6ffd913f	NR_118762.1	94.667	1125	36	17	1	1115	373	1483	0.0	1746
2c6a01f6-3d5c-4954-8751-f27d6ffd913f	NR_042878.1	96.491	1026	20	11	1	1022	349	1362	0.0	1683
2c6a01f6-3d5c-4954-8751-f27d6ffd913f	NR_025423.1	93.540	1130	46	20	1	1118	354	1468	0.0	1657
2c6a01f6-3d5c-4954-8751-f27d6ffd913f	NR_118143.1	95.419	1026	31	11	1	1022	351	1364	0.0	1622
b080f9a6-6a6b-42c7-a55e-f726d743ed21	NR_074980.1	94.272	419	16	8	1	414	429	14	0.0	634
b080f9a6-6a6b-42c7-a55e-f726d743ed21	NR_113031.1	94.272	419	16	8	1	414	429	14	0.0	634
b080f9a6-6a6b-42c7-a55e-f726d743ed21	NR_119168.1	94.853	408	13	8	1	403	407	3	1.88e-180	630
b080f9a6-6a6b-42c7-a55e-f726d743ed21	NR_117759.1	94.608	408	14	8	1	403	405	1	8.75e-179	625
b080f9a6-6a6b-42c7-a55e-f726d743ed21	NR_044153.1	94.815	405	13	8	1	400	402	1	8.75e-179	625
685f2d52-e8fd-4314-aab5-a90714dac777	NR_156986.1	95.751	965	27	12	2	960	1	957	0.0	1543
685f2d52-e8fd-4314-aab5-a90714dac777	NR_156987.1	95.648	965	28	12	2	960	1	957	0.0	1537
685f2d52-e8fd-4314-aab5-a90714dac777	NR_178976.1	95.921	956	26	11	10	960	1	948	0.0	1537
685f2d52-e8fd-4314-aab5-a90714dac777	NR_199514.1	95.648	965	28	12	2	960	13	969	0.0	1537
685f2d52-e8fd-4314-aab5-a90714dac777	NR_113600.1	95.820	957	27	11	9	960	1	949	0.0	1535
21a0c14d-e0bd-4f04-8b93-e59848675f1f	NR_043314.1	96.117	309	7	3	4	311	1177	1481	4.11e-141	499
21a0c14d-e0bd-4f04-8b93-e59848675f1f	NR_114749.1	96.117	309	7	3	4	311	1179	1483	4.11e-141	499
21a0c14d-e0bd-4f04-8b93-e59848675f1f	NR_116899.1	96.117	309	7	3	4	311	1146	1450	4.11e-141	499
21a0c14d-e0bd-4f04-8b93-e59848675f1f	NR_178854.1	96.117	309	7	3	4	311	1158	1462	4.11e-141	499
21a0c14d-e0bd-4f04-8b93-e59848675f1f	NR_179889.1	96.117	309	7	3	4	311	1186	1490	4.11e-141	499
720ab429-efff-4228-8a62-c1c19806dfb6	NR_199513.1	94.039	1275	45	25	1	1249	1287	18	0.0	1905
720ab429-efff-4228-8a62-c1c19806dfb6	NR_024928.1	93.878	1274	45	27	1	1247	1273	6	0.0	1892
720ab429-efff-4228-8a62-c1c19806dfb6	NR_156986.1	93.873	1273	47	26	1	1247	1268	1	0.0	1890
720ab429-efff-4228-8a62-c1c19806dfb6	NR_024901.1	93.799	1274	46	27	1	1247	1273	6	0.0	1884
720ab429-efff-4228-8a62-c1c19806dfb6	NR_156987.1	93.794	1273	48	26	1	1247	1268	1	0.0	1884
a6a43d5e-145e-4810-93fd-66b90ce0e75a	NR_042878.1	96.376	745	14	10	1	735	595	1336	0.0	1216
a6a43d5e-145e-4810-93fd-66b90ce0e75a	NR_116168.1	96.376	745	14	10	1	735	616	1357	0.0	1214
a6a43d5e-145e-4810-93fd-66b90ce0e75a	NR_118762.1	94.758	744	27	9	1	735	619	1359	0.0	1168
a6a43d5e-145e-4810-93fd-66b90ce0e75a	NR_118143.1	95.034	745	24	10	1	735	597	1338	0.0	1158
a6a43d5e-145e-4810-93fd-66b90ce0e75a	NR_025423.1	93.432	746	34	12	1	735	600	1341	0.0	1092
c221ab87-d3b7-44a1-8c7c-086e9d97a543	NR_133752.1	97.337	413	6	4	1	409	603	192	0.0	697
c221ab87-d3b7-44a1-8c7c-086e9d97a543	NR_133753.1	97.337	413	6	4	1	409	632	221	0.0	697
c221ab87-d3b7-44a1-8c7c-086e9d97a543	NR_025903.1	97.337	413	6	4	1	409	678	267	0.0	697
c221ab87-d3b7-44a1-8c7c-086e9d97a543	NR_026419.1	96.852	413	8	4	1	409	666	255	0.0	686
c221ab87-d3b7-44a1-8c7c-086e9d97a543	NR_025904.1	96.377	414	8	6	1	409	677	266	0.0	675
0065ac12-e201-44ca-90ba-73a2a152a135	NR_028682.1	93.794	709	19	23	1	692	713	13	0.0	1042
0065ac12-e201-44ca-90ba-73a2a152a135	NR_025862.1	89.888	712	40	32	1	692	712	13	0.0	894
0065ac12-e201-44ca-90ba-73a2a152a135	NR_026454.1	87.231	697	57	30	1	673	689	1	0.0	765
0065ac12-e201-44ca-90ba-73a2a152a135	NR_025211.1	85.373	711	60	37	1	679	703	5	0.0	697
0065ac12-e201-44ca-90ba-73a2a152a135	NR_104715.1	85.373	711	60	37	1	679	702	4	0.0	697
45ebad2b-7b5c-48d5-86b6-77f155f397cc	NR_169411.1	95.749	447	10	8	4	444	1231	788	0.0	712
45ebad2b-7b5c-48d5-86b6-77f155f397cc	NR_179168.1	95.749	447	10	8	4	444	1234	791	0.0	712
45ebad2b-7b5c-48d5-86b6-77f155f397cc	NR_180737.1	95.749	447	10	8	4	444	1212	769	0.0	712
45ebad2b-7b5c-48d5-86b6-77f155f397cc	NR_181080.1	95.749	447	10	8	4	444	1186	743	0.0	712
45ebad2b-7b5c-48d5-86b6-77f155f397cc	NR_181265.1	95.749	447	10	8	4	444	1238	795	0.0	712
b52bab53-ad78-41bd-904c-455bde9a9445	NR_113600.1	96.431	1429	22	16	3	1414	46	1462	0.0	2331
b52bab53-ad78-41bd-904c-455bde9a9445	NR_024928.1	96.364	1430	23	16	3	1415	59	1476	0.0	2327
b52bab53-ad78-41bd-904c-455bde9a9445	NR_114225.1	96.361	1429	23	16	3	1414	46	1462	0.0	2326
b52bab53-ad78-41bd-904c-455bde9a9445	NR_024901.1	96.294	1430	24	16	3	1415	59	1476	0.0	2320
b52bab53-ad78-41bd-904c-455bde9a9445	NR_042147.1	96.294	1430	24	16	3	1415	46	1463	0.0	2320
8e03ca5f-af1a-4d81-91e3-2b63091fccbf	NR_113570.1	95.062	243	6	6	1	238	403	644	1.50e-104	377
8e03ca5f-af1a-4d81-91e3-2b63091fccbf	NR_044091.1	95.062	243	6	6	1	238	310	551	1.50e-104	377
8e03ca5f-af1a-4d81-91e3-2b63091fccbf	NR_074980.1	94.650	243	7	6	1	238	423	664	6.96e-103	372
8e03ca5f-af1a-4d81-91e3-2b63091fccbf	NR_113031.1	94.650	243	7	6	1	238	423	664	6.96e-103	372
8e03ca5f-af1a-4d81-91e3-2b63091fccbf	NR_119168.1	94.650	243	7	6	1	238	401	642	6.96e-103	372
ca3fd6af-9c84-4e42-98b9-c810d796694b	NR_199513.1	95.036	1390	40	24	5	1382	121	1493	0.0	2158
ca3fd6af-9c84-4e42-98b9-c810d796694b	NR_179889.1	94.820	1390	43	24	5	1382	121	1493	0.0	2141
ca3fd6af-9c84-4e42-98b9-c810d796694b	NR_181891.1	94.820	1390	43	23	5	1382	117	1489	0.0	2141
ca3fd6af-9c84-4e42-98b9-c810d796694b	NR_024928.1	94.752	1391	42	26	5	1382	107	1479	0.0	2137
ca3fd6af-9c84-4e42-98b9-c810d796694b	NR_041953.1	94.748	1390	44	24	5	1382	94	1466	0.0	2135
3dbe1018-132d-4a11-97d6-88b01f4cc5c1	NR_178363.1	94.094	508	19	8	1	501	734	231	0.0	761
3dbe1018-132d-4a11-97d6-88b01f4cc5c1	NR_117839.1	93.898	508	20	8	1	501	762	259	0.0	758
3dbe1018-132d-4a11-97d6-88b01f4cc5c1	NR_117292.1	93.701	508	21	8	1	501	734	231	0.0	750
3dbe1018-132d-4a11-97d6-88b01f4cc5c1	NR_113317.1	93.110	508	24	8	1	501	692	189	0.0	734
3dbe1018-132d-4a11-97d6-88b01f4cc5c1	NR_117288.1	93.110	508	24	8	1	501	734	231	0.0	734
95d4a62e-cf8d-48cd-9611-2c2ceb30d02c	NR_036830.1	88.229	909	71	31	1	886	504	1399	0.0	1053
95d4a62e-cf8d-48cd-9611-2c2ceb30d02c	NR_118155.1	88.255	911	67	35	1	886	545	1440	0.0	1053
95d4a62e-cf8d-48cd-9611-2c2ceb30d02c	NR_179168.1	88.242	910	69	34	1	886	545	1440	0.0	1053
95d4a62e-cf8d-48cd-9611-2c2ceb30d02c	NR_180078.1	88.242	910	69	33	1	886	542	1437	0.0	1053
95d4a62e-cf8d-48cd-9611-2c2ceb30d02c	NR_180737.1	88.242	910	69	34	1	886	523	1418	0.0	1053
50de6175-2457-4ebf-9d6d-f8d0fecf8661	NR_156986.1	95.569	993	27	15	4	987	985	1	0.0	1574
50de6175-2457-4ebf-9d6d-f8d0fecf8661	NR_156987.1	95.468	993	28	15	4	987	985	1	0.0	1568
50de6175-2457-4ebf-9d6d-f8d0fecf8661	NR_199514.1	95.468	993	28	15	4	987	997	13	0.0	1568
50de6175-2457-4ebf-9d6d-f8d0fecf8661	NR_199513.1	95.281	996	32	13	1	988	1007	19	0.0	1565
50de6175-2457-4ebf-9d6d-f8d0fecf8661	NR_024901.1	95.368	993	29	15	4	987	990	6	0.0	1563
b44cd5ed-e9f4-4b6b-961d-bebf177bcc36	NR_179715.1	89.683	979	85	15	6	977	520	1489	0.0	1234
b44cd5ed-e9f4-4b6b-961d-bebf177bcc36	NR_181566.1	89.662	977	89	11	6	977	518	1487	0.0	1234
b44cd5ed-e9f4-4b6b-961d-bebf177bcc36	NR_025116.1	89.673	978	86	15	6	977	520	1488	0.0	1232
b44cd5ed-e9f4-4b6b-961d-bebf177bcc36	NR_025690.1	89.581	979	86	16	6	977	521	1490	0.0	1229
b44cd5ed-e9f4-4b6b-961d-bebf177bcc36	NR_027551.1	89.581	979	86	15	6	977	505	1474	0.0	1229
db600e30-9991-48ba-b0cf-c5794651b756	NR_040859.1	99.074	216	1	1	5	219	288	503	2.27e-107	387
db600e30-9991-48ba-b0cf-c5794651b756	NR_024901.1	99.074	216	1	1	5	219	289	504	2.27e-107	387
db600e30-9991-48ba-b0cf-c5794651b756	NR_024912.1	99.074	216	1	1	5	219	289	504	2.27e-107	387
db600e30-9991-48ba-b0cf-c5794651b756	NR_024928.1	99.074	216	1	1	5	219	289	504	2.27e-107	387
db600e30-9991-48ba-b0cf-c5794651b756	NR_025228.1	99.074	216	1	1	5	219	272	487	2.27e-107	387
b65561f8-3ace-4883-99f8-05579eb49b8b	NR_024912.1	94.674	582	15	12	1	571	580	4	0.0	889
b65561f8-3ace-4883-99f8-05579eb49b8b	NR_156986.1	94.965	576	13	12	1	565	575	5	0.0	889
b65561f8-3ace-4883-99f8-05579eb49b8b	NR_042147.1	95.105	572	12	12	1	561	567	1	0.0	887
b65561f8-3ace-4883-99f8-05579eb49b8b	NR_178976.1	95.096	571	12	12	1	560	566	1	0.0	885
b65561f8-3ace-4883-99f8-05579eb49b8b	NR_024901.1	94.502	582	16	12	1	571	580	4	0.0	883
1a00b156-8055-4375-bacf-a5f5f3a6acf6	NR_104897.1	96.451	1268	23	15	13	1270	204	1459	0.0	2073
1a00b156-8055-4375-bacf-a5f5f3a6acf6	NR_165738.1	95.249	1263	36	16	13	1264	205	1454	0.0	1978
1a00b156-8055-4375-bacf-a5f5f3a6acf6	NR_159181.1	92.191	1255	72	21	22	1264	213	1453	0.0	1751
1a00b156-8055-4375-bacf-a5f5f3a6acf6	NR_157007.1	91.746	1260	78	20	22	1269	213	1458	0.0	1727
1a00b156-8055-4375-bacf-a5f5f3a6acf6	NR_104960.1	91.345	1271	82	22	13	1270	204	1459	0.0	1712
a0463bc9-1d4f-4002-a031-db95a925ca29	NR_025902.1	96.169	261	4	3	11	270	1195	1450	7.78e-118	422
a0463bc9-1d4f-4002-a031-db95a925ca29	NR_117717.1	96.169	261	4	3	11	270	1237	1492	7.78e-118	422
a0463bc9-1d4f-4002-a031-db95a925ca29	NR_121688.1	96.169	261	4	3	11	270	1237	1492	7.78e-118	422
a0463bc9-1d4f-4002-a031-db95a925ca29	NR_117692.1	96.169	261	4	3	11	270	1217	1472	7.78e-118	422
a0463bc9-1d4f-4002-a031-db95a925ca29	NR_117696.1	96.169	261	4	3	11	270	1204	1459	7.78e-118	422
cd04a89d-b303-42b4-85ff-225dc6145165	NR_114395.1	95.607	1343	37	18	1	1330	1347	14	0.0	2134
cd04a89d-b303-42b4-85ff-225dc6145165	NR_041983.1	95.770	1324	35	17	1	1312	1315	1	0.0	2115
cd04a89d-b303-42b4-85ff-225dc6145165	NR_179528.1	94.768	1338	50	16	1	1324	1332	1	0.0	2065
cd04a89d-b303-42b4-85ff-225dc6145165	NR_119102.1	94.860	1323	48	16	1	1311	1317	3	0.0	2058
cd04a89d-b303-42b4-85ff-225dc6145165	NR_179535.1	94.052	1345	57	19	1	1330	1350	14	0.0	2019
46046169-e711-4da6-bfc8-059a18193d9d	NR_156986.1	94.545	660	13	19	1	645	658	7	0.0	998
46046169-e711-4da6-bfc8-059a18193d9d	NR_024901.1	94.394	660	14	19	1	645	663	12	0.0	992
46046169-e711-4da6-bfc8-059a18193d9d	NR_024912.1	94.394	660	14	19	1	645	663	12	0.0	992
46046169-e711-4da6-bfc8-059a18193d9d	NR_024928.1	94.394	660	14	19	1	645	663	12	0.0	992
46046169-e711-4da6-bfc8-059a18193d9d	NR_156987.1	94.394	660	14	19	1	645	658	7	0.0	992
15f38c77-7379-4560-9759-ced2a2270e7d	NR_136788.1	91.260	492	13	22	1	470	624	141	0.0	643
15f38c77-7379-4560-9759-ced2a2270e7d	NR_113082.1	88.821	492	25	24	1	470	624	141	2.84e-164	577
15f38c77-7379-4560-9759-ced2a2270e7d	NR_026230.1	88.211	492	28	24	1	470	602	119	2.21e-160	564
15f38c77-7379-4560-9759-ced2a2270e7d	NR_040838.1	85.169	472	37	26	22	470	606	145	4.99e-127	453
15f38c77-7379-4560-9759-ced2a2270e7d	NR_074234.1	85.169	472	37	26	22	470	609	148	4.99e-127	453
5c9fa642-fc29-4527-b02e-dfe397a9929b	NR_041989.1	96.852	413	6	6	1	410	1225	817	0.0	684
5c9fa642-fc29-4527-b02e-dfe397a9929b	NR_040933.1	96.610	413	7	6	1	410	1289	881	0.0	678
5c9fa642-fc29-4527-b02e-dfe397a9929b	NR_104947.1	96.610	413	7	6	1	410	1240	832	0.0	678
5c9fa642-fc29-4527-b02e-dfe397a9929b	NR_114040.1	96.610	413	7	6	1	410	1268	860	0.0	678
5c9fa642-fc29-4527-b02e-dfe397a9929b	NR_117717.1	96.610	413	7	6	1	410	1287	879	0.0	678
9387358a-c6d9-439a-a681-da1441983a8d	NR_199545.1	96.377	1325	17	21	8	1314	184	1495	0.0	2152
9387358a-c6d9-439a-a681-da1441983a8d	NR_179385.1	96.302	1325	18	21	8	1314	188	1499	0.0	2146
9387358a-c6d9-439a-a681-da1441983a8d	NR_165744.1	96.282	1318	18	21	8	1307	173	1477	0.0	2134
9387358a-c6d9-439a-a681-da1441983a8d	NR_028664.1	96.078	1326	20	22	8	1314	187	1499	0.0	2132
9387358a-c6d9-439a-a681-da1441983a8d	NR_179383.1	96.078	1326	20	22	8	1314	191	1503	0.0	2132
e545e109-2224-4b3d-81c6-376fcf351cd7	NR_042147.1	92.400	500	19	13	4	486	966	1463	0.0	695
e545e109-2224-4b3d-81c6-376fcf351cd7	NR_117177.1	92.400	500	19	13	4	486	984	1481	0.0	695
e545e109-2224-4b3d-81c6-376fcf351cd7	NR_156815.1	92.400	500	19	13	4	486	995	1492	0.0	695
e545e109-2224-4b3d-81c6-376fcf351cd7	NR_043195.1	92.200	500	20	13	4	486	984	1481	0.0	691
e545e109-2224-4b3d-81c6-376fcf351cd7	NR_024902.1	92.200	500	20	13	4	486	981	1478	0.0	689
29cf888a-41a0-4779-813f-01bca871f13a	NR_199513.1	89.439	303	18	13	2	296	709	413	3.33e-102	370
29cf888a-41a0-4779-813f-01bca871f13a	NR_041953.1	89.109	303	19	13	2	296	682	386	1.55e-100	364
29cf888a-41a0-4779-813f-01bca871f13a	NR_152710.1	89.109	303	19	13	2	296	663	367	1.55e-100	364
29cf888a-41a0-4779-813f-01bca871f13a	NR_178447.1	89.109	303	19	13	2	296	616	320	1.55e-100	364
29cf888a-41a0-4779-813f-01bca871f13a	NR_181891.1	89.109	303	19	13	2	296	705	409	1.55e-100	364
bdf5439f-001b-4f16-bd81-8cdf4a4290a1	NR_156986.1	96.293	998	22	12	1	989	999	8	0.0	1624
bdf5439f-001b-4f16-bd81-8cdf4a4290a1	NR_199514.1	96.293	998	22	12	1	989	1011	20	0.0	1624
bdf5439f-001b-4f16-bd81-8cdf4a4290a1	NR_178976.1	96.285	996	22	12	1	987	990	1	0.0	1620
bdf5439f-001b-4f16-bd81-8cdf4a4290a1	NR_113600.1	96.189	997	23	12	1	988	991	1	0.0	1618
bdf5439f-001b-4f16-bd81-8cdf4a4290a1	NR_156987.1	96.192	998	23	12	1	989	999	8	0.0	1618
2a542845-9ba0-48a5-bcf3-aafbffd6f34b	NR_028682.1	94.618	1245	38	24	1	1221	258	1497	0.0	1901
2a542845-9ba0-48a5-bcf3-aafbffd6f34b	NR_180652.1	93.780	1238	55	14	1	1219	247	1481	0.0	1840
2a542845-9ba0-48a5-bcf3-aafbffd6f34b	NR_025862.1	95.663	1153	27	15	1	1134	258	1406	0.0	1838
2a542845-9ba0-48a5-bcf3-aafbffd6f34b	NR_116890.1	93.902	1230	49	18	1	1209	246	1470	0.0	1832
2a542845-9ba0-48a5-bcf3-aafbffd6f34b	NR_119263.1	93.408	1244	58	19	1	1223	255	1495	0.0	1821
4a62be12-0124-4461-8635-3efa0bb1199b	NR_199513.1	96.525	1180	25	13	2	1168	1263	87	0.0	1938
4a62be12-0124-4461-8635-3efa0bb1199b	NR_178976.1	96.447	1182	24	15	2	1169	1235	58	0.0	1934
4a62be12-0124-4461-8635-3efa0bb1199b	NR_156986.1	96.362	1182	25	15	2	1169	1244	67	0.0	1929
4a62be12-0124-4461-8635-3efa0bb1199b	NR_113600.1	96.277	1182	26	15	2	1169	1236	59	0.0	1925
4a62be12-0124-4461-8635-3efa0bb1199b	NR_024928.1	96.277	1182	26	15	2	1169	1249	72	0.0	1923
45100917-414f-4522-a26e-4224752b9e9b	NR_042777.1	92.120	533	26	13	1	518	549	18	0.0	737
45100917-414f-4522-a26e-4224752b9e9b	NR_042776.1	91.948	534	26	14	1	518	550	18	0.0	732
45100917-414f-4522-a26e-4224752b9e9b	NR_197695.1	91.760	534	27	13	1	518	549	17	0.0	726
45100917-414f-4522-a26e-4224752b9e9b	NR_042778.1	91.573	534	28	14	1	518	550	18	0.0	721
45100917-414f-4522-a26e-4224752b9e9b	NR_118998.1	90.637	534	33	13	1	518	545	13	0.0	695
6a958bb7-7584-4a3c-ae10-6a5f3636d564	NR_117701.1	97.294	1441	17	18	13	1436	37	1472	0.0	2425
6a958bb7-7584-4a3c-ae10-6a5f3636d564	NR_121688.1	97.155	1441	19	18	13	1436	57	1492	0.0	2414
6a958bb7-7584-4a3c-ae10-6a5f3636d564	NR_117696.1	97.155	1441	19	18	13	1436	24	1459	0.0	2414
6a958bb7-7584-4a3c-ae10-6a5f3636d564	NR_117717.1	97.085	1441	19	19	13	1436	58	1492	0.0	2407
6a958bb7-7584-4a3c-ae10-6a5f3636d564	NR_104947.1	97.119	1423	19	18	13	1418	10	1427	0.0	2381
e056d8db-2a93-4a14-a334-1f65186b6c5f	NR_156986.1	88.649	740	39	41	1	718	717	1	0.0	859
e056d8db-2a93-4a14-a334-1f65186b6c5f	NR_024901.1	88.514	740	40	41	1	718	722	6	0.0	854
e056d8db-2a93-4a14-a334-1f65186b6c5f	NR_024912.1	88.514	740	40	41	1	718	722	6	0.0	854
e056d8db-2a93-4a14-a334-1f65186b6c5f	NR_024928.1	88.514	740	40	41	1	718	722	6	0.0	854
e056d8db-2a93-4a14-a334-1f65186b6c5f	NR_156987.1	88.514	740	40	41	1	718	717	1	0.0	854
a4f7a3f4-8ace-4933-9497-57f78fbaedef	NR_041989.1	95.710	373	8	8	1	367	809	439	2.17e-169	593
a4f7a3f4-8ace-4933-9497-57f78fbaedef	NR_117694.1	95.710	373	8	8	1	367	851	481	2.17e-169	593
a4f7a3f4-8ace-4933-9497-57f78fbaedef	NR_121687.1	95.174	373	10	8	1	367	871	501	4.69e-166	582
a4f7a3f4-8ace-4933-9497-57f78fbaedef	NR_028900.1	94.638	373	12	8	1	367	809	439	1.02e-162	571
a4f7a3f4-8ace-4933-9497-57f78fbaedef	NR_117692.1	94.638	373	12	8	1	367	851	481	1.02e-162	571
467141de-b41a-4123-8c10-ef2914e4b922	NR_041989.1	95.765	732	20	11	1	725	1334	607	0.0	1170
467141de-b41a-4123-8c10-ef2914e4b922	NR_117694.1	95.628	732	21	11	1	725	1376	649	0.0	1164
467141de-b41a-4123-8c10-ef2914e4b922	NR_178369.1	95.492	732	22	11	1	725	1347	620	0.0	1158
467141de-b41a-4123-8c10-ef2914e4b922	NR_025892.1	95.219	732	24	11	1	725	1401	674	0.0	1153
467141de-b41a-4123-8c10-ef2914e4b922	NR_121687.1	95.355	732	23	11	1	725	1396	669	0.0	1153
57e4352a-53c9-4122-af5b-5c8c73288694	NR_199545.1	94.689	1318	39	22	1	1303	191	1492	0.0	2017
57e4352a-53c9-4122-af5b-5c8c73288694	NR_179385.1	94.613	1318	40	22	1	1303	195	1496	0.0	2012
57e4352a-53c9-4122-af5b-5c8c73288694	NR_165744.1	94.521	1314	41	22	1	1299	180	1477	0.0	1999
57e4352a-53c9-4122-af5b-5c8c73288694	NR_028664.1	94.390	1319	42	23	1	1303	194	1496	0.0	1997
57e4352a-53c9-4122-af5b-5c8c73288694	NR_165741.1	94.444	1314	42	22	1	1299	180	1477	0.0	1993
f2672e9e-e260-4362-b7b5-159f0633ad94	NR_024909.1	93.385	257	9	7	4	252	270	14	2.13e-103	374
f2672e9e-e260-4362-b7b5-159f0633ad94	NR_024912.1	93.385	257	9	7	4	252	270	14	2.13e-103	374
f2672e9e-e260-4362-b7b5-159f0633ad94	NR_025164.1	93.385	257	9	7	4	252	257	1	2.13e-103	374
f2672e9e-e260-4362-b7b5-159f0633ad94	NR_028706.1	93.385	257	9	7	4	252	278	22	2.13e-103	374
f2672e9e-e260-4362-b7b5-159f0633ad94	NR_037092.1	93.385	257	9	7	4	252	275	19	2.13e-103	374
9d4ad2ff-5a3c-456c-9c6f-5b55f28236a7	NR_041983.1	96.542	347	6	4	1	345	920	578	3.48e-162	569
9d4ad2ff-5a3c-456c-9c6f-5b55f28236a7	NR_114395.1	96.542	347	6	4	1	345	952	610	3.48e-162	569
9d4ad2ff-5a3c-456c-9c6f-5b55f28236a7	NR_119102.1	96.254	347	7	4	1	345	922	580	4.51e-161	566
9d4ad2ff-5a3c-456c-9c6f-5b55f28236a7	NR_029286.1	96.254	347	7	4	1	345	947	605	1.62e-160	564
9d4ad2ff-5a3c-456c-9c6f-5b55f28236a7	NR_179528.1	96.254	347	7	4	1	345	937	595	1.62e-160	564
1ee430ba-de63-4f12-b8a5-7f651cb99166	NR_074980.1	93.544	1363	48	30	2	1341	1361	16	0.0	1993
1ee430ba-de63-4f12-b8a5-7f651cb99166	NR_113031.1	93.544	1363	48	30	2	1341	1361	16	0.0	1993
1ee430ba-de63-4f12-b8a5-7f651cb99166	NR_117759.1	93.427	1354	49	30	2	1332	1337	1	0.0	1975
1ee430ba-de63-4f12-b8a5-7f651cb99166	NR_043332.1	93.412	1351	49	30	2	1329	1334	1	0.0	1971
1ee430ba-de63-4f12-b8a5-7f651cb99166	NR_113570.1	93.377	1359	47	33	2	1335	1341	1	0.0	1971
37b06efa-baf8-4e06-841f-e9194d307c50	NR_125571.1	89.116	588	28	31	39	600	1158	581	0.0	699
37b06efa-baf8-4e06-841f-e9194d307c50	NR_125570.1	88.776	588	30	31	39	600	1116	539	0.0	688
37b06efa-baf8-4e06-841f-e9194d307c50	NR_029097.1	88.156	591	34	32	39	603	1134	554	0.0	671
37b06efa-baf8-4e06-841f-e9194d307c50	NR_178255.1	84.486	593	54	33	39	603	1183	601	2.22e-156	551
37b06efa-baf8-4e06-841f-e9194d307c50	NR_024917.1	84.407	590	54	32	39	600	1184	605	1.03e-154	545
295bf546-7aa3-4503-a354-32d0450dd2d8	NR_199545.1	97.015	536	5	8	4	532	543	12	0.0	891
295bf546-7aa3-4503-a354-32d0450dd2d8	NR_165741.1	96.828	536	6	8	4	532	532	1	0.0	885
295bf546-7aa3-4503-a354-32d0450dd2d8	NR_179385.1	96.828	536	6	8	4	532	547	16	0.0	885
295bf546-7aa3-4503-a354-32d0450dd2d8	NR_028664.1	96.462	537	6	9	4	532	546	15	0.0	874
295bf546-7aa3-4503-a354-32d0450dd2d8	NR_179383.1	96.462	537	6	9	4	532	550	19	0.0	874
ba5f4c3a-0608-4e7b-a8bf-da9b71c14fe2	NR_179889.1	97.698	1086	18	7	1	1082	413	1495	0.0	1860
ba5f4c3a-0608-4e7b-a8bf-da9b71c14fe2	NR_041953.1	97.606	1086	19	7	1	1082	386	1468	0.0	1855
ba5f4c3a-0608-4e7b-a8bf-da9b71c14fe2	NR_042541.1	97.606	1086	19	7	1	1082	386	1468	0.0	1855
ba5f4c3a-0608-4e7b-a8bf-da9b71c14fe2	NR_178854.1	97.606	1086	18	8	1	1082	386	1467	0.0	1855
ba5f4c3a-0608-4e7b-a8bf-da9b71c14fe2	NR_178447.1	97.514	1086	20	7	1	1082	320	1402	0.0	1849
9feaca7e-6857-41bd-ac0f-03cae4596be4	NR_024928.1	95.828	1462	38	19	1	1443	19	1476	0.0	2342
9feaca7e-6857-41bd-ac0f-03cae4596be4	NR_024901.1	95.828	1462	38	19	1	1443	19	1476	0.0	2340
9feaca7e-6857-41bd-ac0f-03cae4596be4	NR_113600.1	95.825	1461	38	19	1	1442	6	1462	0.0	2340
9feaca7e-6857-41bd-ac0f-03cae4596be4	NR_114225.1	95.825	1461	38	19	1	1442	6	1462	0.0	2340
9feaca7e-6857-41bd-ac0f-03cae4596be4	NR_113583.1	95.825	1461	38	19	1	1442	6	1462	0.0	2338
68d35db3-544d-4e3f-8f71-1fdf24592a7b	NR_199513.1	95.683	1390	33	21	1	1378	120	1494	0.0	2209
68d35db3-544d-4e3f-8f71-1fdf24592a7b	NR_024928.1	95.327	1391	36	23	1	1378	106	1480	0.0	2183
68d35db3-544d-4e3f-8f71-1fdf24592a7b	NR_179889.1	95.324	1390	38	21	1	1378	120	1494	0.0	2182
68d35db3-544d-4e3f-8f71-1fdf24592a7b	NR_181891.1	95.324	1390	38	21	1	1378	116	1490	0.0	2182
68d35db3-544d-4e3f-8f71-1fdf24592a7b	NR_024901.1	95.255	1391	37	23	1	1378	106	1480	0.0	2176
2ebccfb9-7e6e-48f4-9c0f-3e29bfbb7753	NR_041799.1	97.538	853	10	9	1	844	618	1468	0.0	1448
2ebccfb9-7e6e-48f4-9c0f-3e29bfbb7753	NR_116899.1	97.538	853	10	8	1	844	605	1455	0.0	1448
2ebccfb9-7e6e-48f4-9c0f-3e29bfbb7753	NR_117823.1	97.538	853	10	9	1	844	590	1440	0.0	1448
2ebccfb9-7e6e-48f4-9c0f-3e29bfbb7753	NR_179889.1	97.538	853	10	8	1	844	645	1495	0.0	1448
2ebccfb9-7e6e-48f4-9c0f-3e29bfbb7753	NR_043314.1	97.424	854	10	9	1	844	635	1486	0.0	1445
9cb5f0c9-aa77-4340-a813-7937168dff94	NR_117694.1	93.834	519	16	13	1	505	521	5	0.0	767
9cb5f0c9-aa77-4340-a813-7937168dff94	NR_025892.1	91.908	519	26	13	1	505	547	31	0.0	728
9cb5f0c9-aa77-4340-a813-7937168dff94	NR_121687.1	91.731	520	25	15	1	505	541	25	0.0	706
9cb5f0c9-aa77-4340-a813-7937168dff94	NR_117692.1	91.329	519	29	13	1	505	521	5	0.0	695
9cb5f0c9-aa77-4340-a813-7937168dff94	NR_121688.1	90.192	520	33	15	1	505	541	25	0.0	662
c2931e96-e3aa-4601-8daf-dadd2c157257	NR_043314.1	94.710	397	5	10	1	391	1099	1485	3.84e-172	603
c2931e96-e3aa-4601-8daf-dadd2c157257	NR_114749.1	94.710	397	5	10	1	391	1101	1487	3.84e-172	603
c2931e96-e3aa-4601-8daf-dadd2c157257	NR_116899.1	94.710	397	5	10	1	391	1068	1454	3.84e-172	603
c2931e96-e3aa-4601-8daf-dadd2c157257	NR_178854.1	94.710	397	5	10	1	391	1080	1466	3.84e-172	603
c2931e96-e3aa-4601-8daf-dadd2c157257	NR_179889.1	94.710	397	5	10	1	391	1108	1494	3.84e-172	603
8a9a0254-da8f-4f92-925f-1a4d26317ae5	NR_117839.1	95.853	217	6	3	14	227	234	18	1.11e-95	348
8a9a0254-da8f-4f92-925f-1a4d26317ae5	NR_178363.1	97.087	206	6	0	14	219	206	1	1.11e-95	348
8a9a0254-da8f-4f92-925f-1a4d26317ae5	NR_113141.1	95.794	214	9	0	14	227	226	13	4.00e-95	346
8a9a0254-da8f-4f92-925f-1a4d26317ae5	NR_117842.1	95.794	214	9	0	14	227	239	26	4.00e-95	346
8a9a0254-da8f-4f92-925f-1a4d26317ae5	NR_117292.1	96.602	206	7	0	14	219	206	1	5.18e-94	342
84f56b7e-a93d-4b12-9155-3a95a1a36f5a	NR_156986.1	96.891	997	18	11	1	990	999	9	0.0	1657
84f56b7e-a93d-4b12-9155-3a95a1a36f5a	NR_199514.1	96.891	997	18	12	1	990	1011	21	0.0	1657
84f56b7e-a93d-4b12-9155-3a95a1a36f5a	NR_178976.1	96.888	996	18	11	1	989	990	1	0.0	1655
84f56b7e-a93d-4b12-9155-3a95a1a36f5a	NR_113600.1	96.790	997	19	11	1	990	991	1	0.0	1653
84f56b7e-a93d-4b12-9155-3a95a1a36f5a	NR_156987.1	96.790	997	19	11	1	990	999	9	0.0	1652
1c0a6ce4-556d-4adc-851e-c1f817794137	NR_199513.1	96.944	720	11	7	5	716	735	19	0.0	1197
1c0a6ce4-556d-4adc-851e-c1f817794137	NR_156986.1	96.944	720	9	9	5	715	716	1	0.0	1195
1c0a6ce4-556d-4adc-851e-c1f817794137	NR_024901.1	96.806	720	10	9	5	715	721	6	0.0	1190
1c0a6ce4-556d-4adc-851e-c1f817794137	NR_024912.1	96.806	720	10	9	5	715	721	6	0.0	1190
1c0a6ce4-556d-4adc-851e-c1f817794137	NR_024928.1	96.806	720	10	9	5	715	721	6	0.0	1190
15ba90bd-9770-45a5-a95b-903a4fdbec3c	NR_024901.1	96.679	783	14	10	1	778	781	6	0.0	1291
15ba90bd-9770-45a5-a95b-903a4fdbec3c	NR_024928.1	96.679	783	14	10	1	778	781	6	0.0	1291
15ba90bd-9770-45a5-a95b-903a4fdbec3c	NR_156986.1	96.679	783	14	10	1	778	776	1	0.0	1291
15ba90bd-9770-45a5-a95b-903a4fdbec3c	NR_199513.1	96.556	784	17	8	1	780	795	18	0.0	1290
15ba90bd-9770-45a5-a95b-903a4fdbec3c	NR_156987.1	96.552	783	15	10	1	778	776	1	0.0	1286
3ef24c77-30d3-4272-b21e-5d1d0c44a91a	NR_041989.1	92.558	645	29	16	1	635	418	1053	0.0	907
3ef24c77-30d3-4272-b21e-5d1d0c44a91a	NR_117694.1	92.403	645	30	16	1	635	460	1095	0.0	902
3ef24c77-30d3-4272-b21e-5d1d0c44a91a	NR_121687.1	92.248	645	31	16	1	635	480	1115	0.0	896
3ef24c77-30d3-4272-b21e-5d1d0c44a91a	NR_041988.1	91.783	645	34	16	1	635	418	1053	0.0	880
3ef24c77-30d3-4272-b21e-5d1d0c44a91a	NR_104947.1	91.473	645	36	16	1	635	433	1068	0.0	869
9afce18e-052a-4b10-aff7-940f0057b130	NR_117717.1	96.101	513	10	7	15	525	988	1492	0.0	828
9afce18e-052a-4b10-aff7-940f0057b130	NR_117696.1	96.101	513	10	7	15	525	955	1459	0.0	828
9afce18e-052a-4b10-aff7-940f0057b130	NR_121688.1	95.906	513	11	7	15	525	988	1492	0.0	822
9afce18e-052a-4b10-aff7-940f0057b130	NR_159079.1	95.906	513	11	7	15	525	964	1468	0.0	822
9afce18e-052a-4b10-aff7-940f0057b130	NR_117694.1	95.906	513	11	7	15	525	968	1472	0.0	822
d6fb0290-235f-4994-a541-78ed1d2f8c31	NR_024912.1	93.584	452	10	15	1	439	451	6	0.0	656
d6fb0290-235f-4994-a541-78ed1d2f8c31	NR_156986.1	93.584	452	10	15	1	439	446	1	0.0	656
d6fb0290-235f-4994-a541-78ed1d2f8c31	NR_024901.1	93.363	452	11	15	1	439	451	6	0.0	651
d6fb0290-235f-4994-a541-78ed1d2f8c31	NR_024928.1	93.363	452	11	15	1	439	451	6	0.0	651
d6fb0290-235f-4994-a541-78ed1d2f8c31	NR_043425.1	93.363	452	11	15	1	439	456	11	0.0	651
cafd635f-f90f-4030-b732-5675fe098633	NR_179540.1	96.646	656	11	11	10	656	839	1492	0.0	1079
cafd635f-f90f-4030-b732-5675fe098633	NR_042928.1	96.456	649	13	10	10	650	819	1465	0.0	1062
cafd635f-f90f-4030-b732-5675fe098633	NR_117719.1	96.043	657	14	12	10	656	839	1493	0.0	1059
cafd635f-f90f-4030-b732-5675fe098633	NR_179383.1	95.890	657	15	12	10	656	846	1500	0.0	1053
cafd635f-f90f-4030-b732-5675fe098633	NR_028665.1	95.884	656	16	11	10	656	836	1489	0.0	1051
c34ed5bd-4616-4e6e-86bd-78e1bd6315a7	NR_114225.1	96.979	331	5	4	1	328	1011	1339	3.24e-157	553
c34ed5bd-4616-4e6e-86bd-78e1bd6315a7	NR_024911.1	96.979	331	5	4	1	328	1024	1352	1.17e-156	551
c34ed5bd-4616-4e6e-86bd-78e1bd6315a7	NR_024918.1	96.979	331	5	4	1	328	1024	1352	1.17e-156	551
c34ed5bd-4616-4e6e-86bd-78e1bd6315a7	NR_025174.1	96.979	331	5	4	1	328	1017	1345	1.17e-156	551
c34ed5bd-4616-4e6e-86bd-78e1bd6315a7	NR_025227.1	96.979	331	5	4	1	328	1007	1335	1.17e-156	551
9de469f8-a6b7-41e2-890e-8968ed1dd190	NR_113570.1	93.286	700	31	14	1	691	798	1490	0.0	1018
9de469f8-a6b7-41e2-890e-8968ed1dd190	NR_043332.1	93.133	699	33	13	1	691	791	1482	0.0	1014
9de469f8-a6b7-41e2-890e-8968ed1dd190	NR_074980.1	93.133	699	33	13	1	691	818	1509	0.0	1011
9de469f8-a6b7-41e2-890e-8968ed1dd190	NR_113031.1	93.133	699	33	13	1	691	818	1509	0.0	1011
9de469f8-a6b7-41e2-890e-8968ed1dd190	NR_115355.1	92.847	699	35	13	1	691	791	1482	0.0	1000
51b0b06c-f55c-439d-841d-a3224bb9d28b	NR_114172.1	98.246	114	1	1	1	113	158	45	5.30e-51	198
51b0b06c-f55c-439d-841d-a3224bb9d28b	NR_027214.1	98.246	114	1	1	1	113	158	45	5.30e-51	198
51b0b06c-f55c-439d-841d-a3224bb9d28b	NR_165747.1	98.246	114	1	1	1	113	158	45	5.30e-51	198
51b0b06c-f55c-439d-841d-a3224bb9d28b	NR_180629.1	98.246	114	1	1	1	113	140	27	5.30e-51	198
51b0b06c-f55c-439d-841d-a3224bb9d28b	NR_199544.1	98.246	114	1	1	1	113	136	23	5.30e-51	198
97f648e7-620f-4cd1-a4bc-c367ba27d72c	NR_024912.1	97.398	269	6	1	1	268	291	23	2.22e-128	457
97f648e7-620f-4cd1-a4bc-c367ba27d72c	NR_025102.1	97.398	269	6	1	1	268	270	2	2.22e-128	457
97f648e7-620f-4cd1-a4bc-c367ba27d72c	NR_025164.1	97.398	269	6	1	1	268	278	10	2.22e-128	457
97f648e7-620f-4cd1-a4bc-c367ba27d72c	NR_028706.1	97.398	269	6	1	1	268	299	31	2.22e-128	457
97f648e7-620f-4cd1-a4bc-c367ba27d72c	NR_037092.1	97.398	269	6	1	1	268	296	28	2.22e-128	457
b6e7f733-ea99-4982-92b2-197bd979b2d8	NR_043332.1	96.599	147	1	3	13	156	1337	1482	1.28e-63	241
b6e7f733-ea99-4982-92b2-197bd979b2d8	NR_074980.1	96.599	147	1	3	13	156	1364	1509	1.28e-63	241
b6e7f733-ea99-4982-92b2-197bd979b2d8	NR_113031.1	96.599	147	1	3	13	156	1364	1509	1.28e-63	241
b6e7f733-ea99-4982-92b2-197bd979b2d8	NR_115354.1	96.599	147	1	3	13	156	1337	1482	1.28e-63	241
b6e7f733-ea99-4982-92b2-197bd979b2d8	NR_115355.1	96.599	147	1	3	13	156	1337	1482	1.28e-63	241
5239cb49-d29c-40c1-9681-51ae5a71789e	NR_025892.1	95.724	304	7	6	1	299	321	19	3.04e-137	486
5239cb49-d29c-40c1-9681-51ae5a71789e	NR_117694.1	96.284	296	5	6	1	291	295	1	1.41e-135	481
5239cb49-d29c-40c1-9681-51ae5a71789e	NR_121687.1	93.770	305	11	8	1	299	315	13	1.11e-126	451
5239cb49-d29c-40c1-9681-51ae5a71789e	NR_104830.1	93.160	307	14	7	1	301	310	5	1.85e-124	444
5239cb49-d29c-40c1-9681-51ae5a71789e	NR_117692.1	93.581	296	13	6	1	291	295	1	3.10e-122	436
42885d19-7a12-42c8-9a4f-df404e87e73c	NR_042776.1	100.000	140	0	0	1	140	156	17	3.10e-69	259
42885d19-7a12-42c8-9a4f-df404e87e73c	NR_042777.1	100.000	140	0	0	1	140	156	17	3.10e-69	259
42885d19-7a12-42c8-9a4f-df404e87e73c	NR_042778.1	100.000	140	0	0	1	140	156	17	3.10e-69	259
42885d19-7a12-42c8-9a4f-df404e87e73c	NR_024841.1	99.286	140	1	0	1	140	145	6	1.44e-67	254
42885d19-7a12-42c8-9a4f-df404e87e73c	NR_197695.1	99.286	140	1	0	1	140	155	16	1.44e-67	254
a330d1bb-c76a-474c-96d4-2354d83c6c0b	NR_024673.1	93.431	137	7	2	1	136	1294	1429	6.90e-52	202
a330d1bb-c76a-474c-96d4-2354d83c6c0b	NR_036980.1	93.478	138	6	3	1	136	1281	1417	6.90e-52	202
a330d1bb-c76a-474c-96d4-2354d83c6c0b	NR_024975.1	93.431	137	7	2	1	136	1280	1415	6.90e-52	202
a330d1bb-c76a-474c-96d4-2354d83c6c0b	NR_043460.1	93.431	137	7	2	1	136	1263	1398	6.90e-52	202
a330d1bb-c76a-474c-96d4-2354d83c6c0b	NR_041614.1	93.431	137	7	2	1	136	1283	1418	6.90e-52	202
aaff8130-8431-43a9-9b26-540685017752	NR_024659.1	91.946	149	5	4	4	145	820	672	5.48e-52	202
aaff8130-8431-43a9-9b26-540685017752	NR_028664.1	91.946	149	5	4	4	145	860	712	5.48e-52	202
aaff8130-8431-43a9-9b26-540685017752	NR_042927.1	91.946	149	5	4	4	145	839	691	5.48e-52	202
aaff8130-8431-43a9-9b26-540685017752	NR_114413.1	91.946	149	5	4	4	145	862	714	5.48e-52	202
aaff8130-8431-43a9-9b26-540685017752	NR_115240.1	91.946	149	5	4	4	145	837	689	5.48e-52	202
971d05de-1a2c-496f-a759-0f76b5cc7ea3	NR_043314.1	92.568	296	13	6	15	303	1188	1481	4.14e-116	416
971d05de-1a2c-496f-a759-0f76b5cc7ea3	NR_116905.1	92.568	296	13	6	15	303	1191	1484	4.14e-116	416
971d05de-1a2c-496f-a759-0f76b5cc7ea3	NR_114749.1	92.568	296	13	6	15	303	1190	1483	4.14e-116	416
971d05de-1a2c-496f-a759-0f76b5cc7ea3	NR_116899.1	92.568	296	13	6	15	303	1157	1450	4.14e-116	416
971d05de-1a2c-496f-a759-0f76b5cc7ea3	NR_178854.1	92.568	296	13	6	15	303	1169	1462	4.14e-116	416
b32a50d1-120c-404d-a3c4-0c0845f135be	NR_040859.1	100.000	156	0	0	6	161	1320	1475	4.78e-78	289
b32a50d1-120c-404d-a3c4-0c0845f135be	NR_040992.1	100.000	156	0	0	6	161	1328	1483	4.78e-78	289
b32a50d1-120c-404d-a3c4-0c0845f135be	NR_025881.1	100.000	156	0	0	6	161	1326	1481	4.78e-78	289
b32a50d1-120c-404d-a3c4-0c0845f135be	NR_026395.1	100.000	156	0	0	6	161	1328	1483	4.78e-78	289
b32a50d1-120c-404d-a3c4-0c0845f135be	NR_024662.1	100.000	156	0	0	6	161	1328	1483	4.78e-78	289
fa069bfc-9f67-4563-8998-c1c76a46a774	NR_041989.1	88.079	302	16	17	4	292	962	668	2.45e-93	340
fa069bfc-9f67-4563-8998-c1c76a46a774	NR_117694.1	88.079	302	16	17	4	292	1004	710	2.45e-93	340
fa069bfc-9f67-4563-8998-c1c76a46a774	NR_178369.1	88.040	301	16	17	4	291	975	682	8.81e-93	339
fa069bfc-9f67-4563-8998-c1c76a46a774	NR_028900.1	87.708	301	17	17	4	291	962	669	4.10e-91	333
fa069bfc-9f67-4563-8998-c1c76a46a774	NR_041988.1	87.417	302	18	17	4	292	962	668	5.30e-90	329
43b0f6d5-4b0e-49f1-86dd-afe2c56e8194	NR_170438.1	94.850	233	4	8	1	227	231	1	1.84e-98	357
43b0f6d5-4b0e-49f1-86dd-afe2c56e8194	NR_164626.1	94.444	234	5	8	1	228	232	1	2.38e-97	353
43b0f6d5-4b0e-49f1-86dd-afe2c56e8194	NR_024901.1	94.397	232	5	8	1	226	235	6	3.08e-96	350
43b0f6d5-4b0e-49f1-86dd-afe2c56e8194	NR_024912.1	94.397	232	5	8	1	226	235	6	3.08e-96	350
43b0f6d5-4b0e-49f1-86dd-afe2c56e8194	NR_024928.1	94.397	232	5	8	1	226	235	6	3.08e-96	350
16ad91e9-b790-4cea-8a20-6140e3f4a90a	NR_164626.1	94.545	165	4	4	6	168	162	1	2.27e-66	250
16ad91e9-b790-4cea-8a20-6140e3f4a90a	NR_024901.1	96.104	154	3	2	6	158	165	14	8.17e-66	248
16ad91e9-b790-4cea-8a20-6140e3f4a90a	NR_024912.1	96.104	154	3	2	6	158	165	14	8.17e-66	248
16ad91e9-b790-4cea-8a20-6140e3f4a90a	NR_024928.1	96.104	154	3	2	6	158	165	14	8.17e-66	248
16ad91e9-b790-4cea-8a20-6140e3f4a90a	NR_025164.1	96.104	154	3	2	6	158	152	1	8.17e-66	248
e3305cbc-8007-4a98-9dcc-884e5d6d64f4	NR_115613.1	90.698	215	12	7	35	245	1243	1453	1.25e-75	281
e3305cbc-8007-4a98-9dcc-884e5d6d64f4	NR_040859.1	90.367	218	13	7	32	245	1266	1479	4.48e-75	279
e3305cbc-8007-4a98-9dcc-884e5d6d64f4	NR_040992.1	90.367	218	13	7	32	245	1274	1487	4.48e-75	279
e3305cbc-8007-4a98-9dcc-884e5d6d64f4	NR_025881.1	90.367	218	13	7	32	245	1272	1485	4.48e-75	279
e3305cbc-8007-4a98-9dcc-884e5d6d64f4	NR_026395.1	90.698	215	12	7	35	245	1277	1487	4.48e-75	279
e2e0bc66-d65d-4d7c-9318-8e4be699deed	NR_042776.1	87.705	122	11	4	1	120	137	18	3.54e-33	139
e2e0bc66-d65d-4d7c-9318-8e4be699deed	NR_042777.1	87.705	122	11	4	1	120	137	18	3.54e-33	139
e2e0bc66-d65d-4d7c-9318-8e4be699deed	NR_042778.1	87.705	122	11	4	1	120	137	18	3.54e-33	139
e2e0bc66-d65d-4d7c-9318-8e4be699deed	NR_118234.1	87.500	120	11	4	4	121	126	9	4.58e-32	135
e2e0bc66-d65d-4d7c-9318-8e4be699deed	NR_024841.1	87.395	119	11	4	4	120	123	7	1.65e-31	134
beae265b-5dfa-4f97-ba98-077e2c65a45c	NR_114479.1	96.053	76	1	2	61	134	1477	1402	4.03e-28	122
beae265b-5dfa-4f97-ba98-077e2c65a45c	NR_180174.1	98.529	68	1	0	68	135	1459	1392	1.45e-27	121
beae265b-5dfa-4f97-ba98-077e2c65a45c	NR_040859.1	98.507	67	1	0	68	134	1464	1398	5.21e-27	119
beae265b-5dfa-4f97-ba98-077e2c65a45c	NR_028806.1	98.507	67	1	0	68	134	1471	1405	5.21e-27	119
beae265b-5dfa-4f97-ba98-077e2c65a45c	NR_040992.1	98.507	67	1	0	68	134	1472	1406	5.21e-27	119
c3d1042a-ae4e-4b8b-a38a-d1c03b05d4ea	NR_025892.1	94.700	283	6	7	35	312	1449	1171	1.52e-120	431
c3d1042a-ae4e-4b8b-a38a-d1c03b05d4ea	NR_025902.1	94.406	286	7	7	35	315	1402	1121	1.52e-120	431
c3d1042a-ae4e-4b8b-a38a-d1c03b05d4ea	NR_040933.1	94.700	283	6	7	35	312	1446	1168	1.52e-120	431
c3d1042a-ae4e-4b8b-a38a-d1c03b05d4ea	NR_104947.1	94.700	283	6	7	35	312	1397	1119	1.52e-120	431
c3d1042a-ae4e-4b8b-a38a-d1c03b05d4ea	NR_114040.1	94.700	283	6	7	35	312	1425	1147	1.52e-120	431
f9363c9a-7e10-46d6-8fd1-d4d1ebde8caf	NR_044091.1	97.241	145	4	0	1	145	1169	1025	2.49e-65	246
f9363c9a-7e10-46d6-8fd1-d4d1ebde8caf	NR_042940.1	97.143	140	4	0	6	145	1162	1023	1.50e-62	237
f9363c9a-7e10-46d6-8fd1-d4d1ebde8caf	NR_028839.1	95.172	145	7	0	1	145	1218	1074	2.51e-60	230
f9363c9a-7e10-46d6-8fd1-d4d1ebde8caf	NR_041880.1	94.483	145	7	1	1	145	1210	1067	4.20e-58	222
f9363c9a-7e10-46d6-8fd1-d4d1ebde8caf	NR_043332.1	94.483	145	7	1	1	145	1254	1111	4.20e-58	222
82fb4bad-8cc4-4a78-b18a-306a3edde1b3	NR_025307.1	86.207	174	16	6	19	185	876	704	9.45e-46	182
82fb4bad-8cc4-4a78-b18a-306a3edde1b3	NR_179208.1	86.207	174	16	7	19	185	891	719	9.45e-46	182
82fb4bad-8cc4-4a78-b18a-306a3edde1b3	NR_179744.1	86.207	174	16	7	19	185	915	743	9.45e-46	182
82fb4bad-8cc4-4a78-b18a-306a3edde1b3	NR_028835.1	85.714	175	15	8	19	185	888	716	4.40e-44	176
82fb4bad-8cc4-4a78-b18a-306a3edde1b3	NR_042500.1	85.057	174	18	6	19	185	818	646	2.05e-42	171
f31877d1-1fa4-4643-8ba3-7f2ecd2ae6a2	NR_109720.1	96.774	155	4	1	1	155	161	8	1.44e-68	257
f31877d1-1fa4-4643-8ba3-7f2ecd2ae6a2	NR_036936.1	94.048	168	7	3	1	166	167	1	6.71e-67	252
f31877d1-1fa4-4643-8ba3-7f2ecd2ae6a2	NR_114537.1	96.129	155	5	1	1	155	154	1	6.71e-67	252
f31877d1-1fa4-4643-8ba3-7f2ecd2ae6a2	NR_115560.1	91.620	179	9	6	1	177	185	11	4.04e-64	243
f31877d1-1fa4-4643-8ba3-7f2ecd2ae6a2	NR_117425.1	92.398	171	10	3	1	169	170	1	1.45e-63	241
29cdf7f4-d068-4606-94fd-ea723003e889	NR_024901.1	93.750	192	5	7	1	186	208	18	9.12e-76	281
29cdf7f4-d068-4606-94fd-ea723003e889	NR_024909.1	93.750	192	5	7	1	186	208	18	9.12e-76	281
29cdf7f4-d068-4606-94fd-ea723003e889	NR_024912.1	93.750	192	5	7	1	186	208	18	9.12e-76	281
29cdf7f4-d068-4606-94fd-ea723003e889	NR_024928.1	93.750	192	5	7	1	186	208	18	9.12e-76	281
29cdf7f4-d068-4606-94fd-ea723003e889	NR_025102.1	94.595	185	4	6	1	180	187	4	9.12e-76	281
3631354e-7694-4366-aa28-961ea3e7a5b3	NR_028664.1	99.342	304	1	1	1	304	572	270	3.90e-156	549
3631354e-7694-4366-aa28-961ea3e7a5b3	NR_042771.1	99.342	304	1	1	1	304	569	267	3.90e-156	549
3631354e-7694-4366-aa28-961ea3e7a5b3	NR_114172.1	99.342	304	1	1	1	304	549	247	3.90e-156	549
3631354e-7694-4366-aa28-961ea3e7a5b3	NR_115239.1	99.342	304	1	1	1	304	549	247	3.90e-156	549
3631354e-7694-4366-aa28-961ea3e7a5b3	NR_115240.1	99.342	304	1	1	1	304	549	247	3.90e-156	549
0f81998d-ad1c-43eb-9f3c-76f44c2044b1	NR_041879.1	91.216	148	5	5	28	168	50	196	1.08e-49	195
0f81998d-ad1c-43eb-9f3c-76f44c2044b1	NR_119168.1	90.541	148	6	5	28	168	98	244	5.03e-48	189
0f81998d-ad1c-43eb-9f3c-76f44c2044b1	NR_044091.1	90.541	148	6	5	28	168	7	153	5.03e-48	189
0f81998d-ad1c-43eb-9f3c-76f44c2044b1	NR_163639.1	90.541	148	6	5	28	168	112	258	5.03e-48	189
0f81998d-ad1c-43eb-9f3c-76f44c2044b1	NR_179325.1	90.604	149	5	6	28	168	66	213	5.03e-48	189
8fcdaea2-d35f-48d2-a847-5177d176aa97	NR_024901.1	92.821	195	11	3	6	198	204	11	3.62e-75	279
8fcdaea2-d35f-48d2-a847-5177d176aa97	NR_024912.1	92.821	195	11	3	6	198	204	11	3.62e-75	279
8fcdaea2-d35f-48d2-a847-5177d176aa97	NR_024928.1	92.821	195	11	3	6	198	204	11	3.62e-75	279
8fcdaea2-d35f-48d2-a847-5177d176aa97	NR_025586.1	92.821	195	11	3	6	198	199	6	3.62e-75	279
8fcdaea2-d35f-48d2-a847-5177d176aa97	NR_025587.1	92.821	195	11	3	6	198	199	6	3.62e-75	279
19a93ec2-2137-4be1-9442-2db912f3354c	NR_165737.1	89.873	237	11	8	10	234	464	229	5.44e-79	292
19a93ec2-2137-4be1-9442-2db912f3354c	NR_178515.1	89.873	237	11	8	10	234	464	229	5.44e-79	292
19a93ec2-2137-4be1-9442-2db912f3354c	NR_024659.1	91.628	215	10	7	27	234	423	210	1.96e-78	291
19a93ec2-2137-4be1-9442-2db912f3354c	NR_116212.1	91.628	215	10	7	27	234	365	152	1.96e-78	291
19a93ec2-2137-4be1-9442-2db912f3354c	NR_024841.1	89.451	237	12	8	10	234	478	243	2.53e-77	287
682461e6-7cea-4b30-b6c4-470c5e3ffa2a	NR_036998.1	93.600	250	11	5	1	247	1215	1462	9.37e-102	368
682461e6-7cea-4b30-b6c4-470c5e3ffa2a	NR_043314.1	93.600	250	11	5	1	247	1234	1481	9.37e-102	368
682461e6-7cea-4b30-b6c4-470c5e3ffa2a	NR_114793.1	93.600	250	11	5	1	247	1108	1355	9.37e-102	368
682461e6-7cea-4b30-b6c4-470c5e3ffa2a	NR_114749.1	93.600	250	11	5	1	247	1236	1483	9.37e-102	368
682461e6-7cea-4b30-b6c4-470c5e3ffa2a	NR_116899.1	93.600	250	11	5	1	247	1203	1450	9.37e-102	368
70cdea37-9943-4ef2-bc34-9e96287f7ebc	NR_042878.1	90.604	149	7	4	1	145	1236	1091	1.19e-48	191
70cdea37-9943-4ef2-bc34-9e96287f7ebc	NR_116168.1	90.604	149	7	4	1	145	1257	1112	1.19e-48	191
70cdea37-9943-4ef2-bc34-9e96287f7ebc	NR_025423.1	91.034	145	6	4	5	145	1237	1096	4.26e-48	189
70cdea37-9943-4ef2-bc34-9e96287f7ebc	NR_024898.1	91.034	145	6	4	5	145	1252	1111	4.26e-48	189
70cdea37-9943-4ef2-bc34-9e96287f7ebc	NR_118763.1	91.034	145	6	4	5	145	1252	1111	4.26e-48	189
949f1c58-f2a3-4a3b-b820-d9e08c75a41f	NR_179400.1	95.522	134	3	3	1	132	1355	1487	8.21e-55	211
949f1c58-f2a3-4a3b-b820-d9e08c75a41f	NR_024707.1	94.853	136	3	3	1	133	1336	1470	2.95e-54	209
949f1c58-f2a3-4a3b-b820-d9e08c75a41f	NR_024902.1	94.853	136	3	3	1	133	1349	1483	2.95e-54	209
949f1c58-f2a3-4a3b-b820-d9e08c75a41f	NR_024911.1	94.853	136	3	3	1	133	1347	1481	2.95e-54	209
949f1c58-f2a3-4a3b-b820-d9e08c75a41f	NR_025174.1	94.853	136	3	3	1	133	1340	1474	2.95e-54	209
e705f498-e2fd-43f7-8673-58ebcb27dfd6	NR_114481.1	92.857	154	11	0	1	154	159	6	1.30e-58	224
e705f498-e2fd-43f7-8673-58ebcb27dfd6	NR_024901.1	92.857	154	10	1	1	154	163	11	4.68e-58	222
e705f498-e2fd-43f7-8673-58ebcb27dfd6	NR_024912.1	92.857	154	10	1	1	154	163	11	4.68e-58	222
e705f498-e2fd-43f7-8673-58ebcb27dfd6	NR_024928.1	92.857	154	10	1	1	154	163	11	4.68e-58	222
e705f498-e2fd-43f7-8673-58ebcb27dfd6	NR_025586.1	92.857	154	10	1	1	154	158	6	4.68e-58	222
8427bb40-df02-43d9-9e61-d8d011657ad2	NR_179652.1	99.301	143	1	0	1	143	1357	1499	3.20e-69	259
8427bb40-df02-43d9-9e61-d8d011657ad2	NR_026487.1	98.601	143	0	1	1	143	1325	1465	5.36e-67	252
8427bb40-df02-43d9-9e61-d8d011657ad2	NR_026482.1	98.592	142	1	1	3	143	1335	1476	1.93e-66	250
8427bb40-df02-43d9-9e61-d8d011657ad2	NR_179378.1	97.945	146	0	3	1	143	1354	1499	1.93e-66	250
8427bb40-df02-43d9-9e61-d8d011657ad2	NR_025437.1	97.902	143	3	0	1	143	1322	1464	6.93e-66	248
388b947c-0761-46b1-9f06-c4198656ca3b	NR_043422.1	98.729	236	1	2	3	237	1236	1470	9.34e-117	418
388b947c-0761-46b1-9f06-c4198656ca3b	NR_036998.1	98.319	238	2	2	1	237	1216	1452	3.36e-116	416
388b947c-0761-46b1-9f06-c4198656ca3b	NR_043314.1	98.319	238	2	2	1	237	1235	1471	3.36e-116	416
388b947c-0761-46b1-9f06-c4198656ca3b	NR_114225.1	98.319	238	2	2	1	237	1217	1453	3.36e-116	416
388b947c-0761-46b1-9f06-c4198656ca3b	NR_114793.1	98.319	238	2	2	1	237	1109	1345	3.36e-116	416
7be44c2d-bd37-444c-bc40-91325e387ac4	NR_163639.1	93.085	188	9	3	4	187	191	4	5.49e-73	272
7be44c2d-bd37-444c-bc40-91325e387ac4	NR_074980.1	93.011	186	9	3	5	186	198	13	7.10e-72	268
7be44c2d-bd37-444c-bc40-91325e387ac4	NR_113031.1	93.011	186	9	3	5	186	198	13	7.10e-72	268
7be44c2d-bd37-444c-bc40-91325e387ac4	NR_119168.1	96.894	161	3	2	4	162	177	17	7.10e-72	268
7be44c2d-bd37-444c-bc40-91325e387ac4	NR_043332.1	96.875	160	3	2	5	162	171	12	2.55e-71	267
eb8e4e81-e379-478a-ab0c-f21c283d1f17	NR_036998.1	96.791	187	4	2	1	186	1399	1214	1.16e-84	311
eb8e4e81-e379-478a-ab0c-f21c283d1f17	NR_043314.1	96.791	187	4	2	1	186	1418	1233	1.16e-84	311
eb8e4e81-e379-478a-ab0c-f21c283d1f17	NR_114225.1	96.791	187	4	2	1	186	1400	1215	1.16e-84	311
eb8e4e81-e379-478a-ab0c-f21c283d1f17	NR_114793.1	96.791	187	4	2	1	186	1292	1107	1.16e-84	311
eb8e4e81-e379-478a-ab0c-f21c283d1f17	NR_116905.1	96.791	187	4	2	1	186	1421	1236	1.16e-84	311
50ec0037-876d-47c0-9625-1be9e2a6e224	NR_026395.1	93.878	147	4	5	4	147	1009	865	1.99e-56	217
50ec0037-876d-47c0-9625-1be9e2a6e224	NR_026532.1	94.406	143	4	4	7	147	987	847	1.99e-56	217
50ec0037-876d-47c0-9625-1be9e2a6e224	NR_024704.1	93.878	147	4	5	4	147	997	853	1.99e-56	217
50ec0037-876d-47c0-9625-1be9e2a6e224	NR_024707.1	93.878	147	4	5	4	147	991	847	1.99e-56	217
50ec0037-876d-47c0-9625-1be9e2a6e224	NR_024902.1	93.878	147	4	5	4	147	1004	860	1.99e-56	217
4708b392-ea21-4b53-b8e6-fccc2ea96f30	NR_024707.1	95.105	143	2	4	1	139	1069	928	1.43e-57	220
4708b392-ea21-4b53-b8e6-fccc2ea96f30	NR_036830.1	95.105	143	2	4	1	139	1049	908	1.43e-57	220
4708b392-ea21-4b53-b8e6-fccc2ea96f30	NR_115612.1	95.105	143	2	4	1	139	1047	906	1.43e-57	220
4708b392-ea21-4b53-b8e6-fccc2ea96f30	NR_117822.1	95.105	143	2	4	1	139	1041	900	1.43e-57	220
4708b392-ea21-4b53-b8e6-fccc2ea96f30	NR_118155.1	95.105	143	2	4	1	139	1090	949	1.43e-57	220
5417a362-2edd-4675-8702-1e1ffb9db760	NR_117694.1	94.375	160	5	4	1	157	163	5	3.86e-64	243
5417a362-2edd-4675-8702-1e1ffb9db760	NR_025892.1	93.750	160	6	4	1	157	189	31	1.79e-62	237
5417a362-2edd-4675-8702-1e1ffb9db760	NR_117717.1	94.483	145	6	2	14	157	169	26	5.02e-58	222
5417a362-2edd-4675-8702-1e1ffb9db760	NR_121688.1	94.483	145	6	2	14	157	168	25	5.02e-58	222
5417a362-2edd-4675-8702-1e1ffb9db760	NR_117701.1	94.483	145	6	2	14	157	148	5	5.02e-58	222
137543f8-afda-47a8-819f-2f569f51b0ac	NR_024815.1	96.212	132	2	2	17	146	1436	1306	2.92e-55	213
137543f8-afda-47a8-819f-2f569f51b0ac	NR_043216.1	95.556	135	2	3	14	146	1418	1286	2.92e-55	213
137543f8-afda-47a8-819f-2f569f51b0ac	NR_113094.1	95.556	135	2	3	14	146	1442	1310	2.92e-55	213
137543f8-afda-47a8-819f-2f569f51b0ac	NR_113108.1	95.556	135	2	3	14	146	1438	1306	2.92e-55	213
137543f8-afda-47a8-819f-2f569f51b0ac	NR_113109.1	95.556	135	2	3	14	146	1424	1292	2.92e-55	213
9e869bf5-2e16-4f69-8d9d-b0223160b824	NR_024842.1	96.653	239	4	3	2	239	1258	1493	1.48e-109	394
9e869bf5-2e16-4f69-8d9d-b0223160b824	NR_028664.1	96.266	241	4	4	1	239	1263	1500	1.91e-108	390
9e869bf5-2e16-4f69-8d9d-b0223160b824	NR_115735.1	97.009	234	3	3	2	234	1234	1464	1.91e-108	390
9e869bf5-2e16-4f69-8d9d-b0223160b824	NR_117719.1	96.266	241	4	4	1	239	1260	1497	1.91e-108	390
9e869bf5-2e16-4f69-8d9d-b0223160b824	NR_179383.1	96.266	241	4	4	1	239	1267	1504	1.91e-108	390
240ac2c8-0bb9-4e97-8475-b10802df05fd	NR_043314.1	92.683	287	17	3	9	292	1200	1485	1.83e-114	411
240ac2c8-0bb9-4e97-8475-b10802df05fd	NR_114749.1	92.683	287	17	3	9	292	1202	1487	1.83e-114	411
240ac2c8-0bb9-4e97-8475-b10802df05fd	NR_116899.1	92.683	287	17	3	9	292	1169	1454	1.83e-114	411
240ac2c8-0bb9-4e97-8475-b10802df05fd	NR_178854.1	92.683	287	17	3	9	292	1181	1466	1.83e-114	411
240ac2c8-0bb9-4e97-8475-b10802df05fd	NR_179889.1	92.683	287	17	3	9	292	1209	1494	1.83e-114	411
80ad9596-e235-4763-b0ae-aeabcb147535	NR_026532.1	97.727	44	0	1	40	83	1409	1367	6.99e-14	75.0
80ad9596-e235-4763-b0ae-aeabcb147535	NR_108829.1	97.727	44	0	1	40	83	1424	1382	6.99e-14	75.0
80ad9596-e235-4763-b0ae-aeabcb147535	NR_117003.1	97.727	44	0	1	40	83	1424	1382	6.99e-14	75.0
80ad9596-e235-4763-b0ae-aeabcb147535	NR_156860.1	97.727	44	0	1	40	83	1392	1350	6.99e-14	75.0
80ad9596-e235-4763-b0ae-aeabcb147535	NR_164946.1	97.727	44	0	1	40	83	1408	1366	6.99e-14	75.0
4a2d9058-39b0-4b02-bea7-6558b445112e	NR_164626.1	94.966	298	9	6	1	293	297	1	4.97e-130	462
4a2d9058-39b0-4b02-bea7-6558b445112e	NR_024912.1	94.932	296	9	6	1	291	300	6	6.43e-129	459
4a2d9058-39b0-4b02-bea7-6558b445112e	NR_028706.1	94.932	296	9	6	1	291	308	14	6.43e-129	459
4a2d9058-39b0-4b02-bea7-6558b445112e	NR_037092.1	94.932	296	9	6	1	291	305	11	6.43e-129	459
4a2d9058-39b0-4b02-bea7-6558b445112e	NR_042939.1	94.932	296	9	6	1	291	306	12	6.43e-129	459
436dd407-e4e9-4e8a-af79-b4eb062aebc2	NR_164626.1	95.172	290	9	5	1	288	287	1	2.94e-127	453
436dd407-e4e9-4e8a-af79-b4eb062aebc2	NR_024912.1	95.745	282	8	4	1	280	290	11	1.06e-126	451
436dd407-e4e9-4e8a-af79-b4eb062aebc2	NR_028706.1	95.745	282	8	4	1	280	298	19	1.06e-126	451
436dd407-e4e9-4e8a-af79-b4eb062aebc2	NR_037092.1	95.745	282	8	4	1	280	295	16	1.06e-126	451
436dd407-e4e9-4e8a-af79-b4eb062aebc2	NR_042939.1	95.745	282	8	4	1	280	296	17	1.06e-126	451
3a069244-6820-41b4-b440-f54856ad0b17	NR_118143.1	93.370	181	8	4	1	177	974	794	8.73e-71	265
3a069244-6820-41b4-b440-f54856ad0b17	NR_027217.1	93.333	180	8	4	2	177	973	794	3.14e-70	263
3a069244-6820-41b4-b440-f54856ad0b17	NR_042887.1	93.333	180	8	4	1	176	966	787	3.14e-70	263
3a069244-6820-41b4-b440-f54856ad0b17	NR_159347.1	93.296	179	8	4	2	176	997	819	3.14e-70	263
3a069244-6820-41b4-b440-f54856ad0b17	NR_156993.1	93.333	180	8	4	1	176	981	802	3.14e-70	263
a406fd22-0980-4d1c-8ec5-170711da012b	NR_043332.1	100.000	192	0	0	20	211	1291	1482	6.17e-98	355
a406fd22-0980-4d1c-8ec5-170711da012b	NR_074980.1	100.000	192	0	0	20	211	1318	1509	6.17e-98	355
a406fd22-0980-4d1c-8ec5-170711da012b	NR_113031.1	100.000	192	0	0	20	211	1318	1509	6.17e-98	355
a406fd22-0980-4d1c-8ec5-170711da012b	NR_115354.1	100.000	192	0	0	20	211	1291	1482	6.17e-98	355
a406fd22-0980-4d1c-8ec5-170711da012b	NR_115355.1	100.000	192	0	0	20	211	1291	1482	6.17e-98	355
15789eb2-574d-4fb1-98c5-d2e1d18358ad	NR_164626.1	94.077	287	11	5	4	286	285	1	1.37e-120	431
15789eb2-574d-4fb1-98c5-d2e1d18358ad	NR_024912.1	94.035	285	11	5	4	284	288	6	1.77e-119	427
15789eb2-574d-4fb1-98c5-d2e1d18358ad	NR_028706.1	94.035	285	11	5	4	284	296	14	1.77e-119	427
15789eb2-574d-4fb1-98c5-d2e1d18358ad	NR_037092.1	94.035	285	11	5	4	284	293	11	1.77e-119	427
15789eb2-574d-4fb1-98c5-d2e1d18358ad	NR_042939.1	94.035	285	11	5	4	284	294	12	1.77e-119	427
184bf46c-5089-40a0-9ec9-97e133cce45f	NR_040859.1	100.000	126	0	0	1	126	1281	1406	1.67e-61	233
184bf46c-5089-40a0-9ec9-97e133cce45f	NR_028826.1	100.000	126	0	0	1	126	1272	1397	1.67e-61	233
184bf46c-5089-40a0-9ec9-97e133cce45f	NR_040992.1	100.000	126	0	0	1	126	1289	1414	1.67e-61	233
184bf46c-5089-40a0-9ec9-97e133cce45f	NR_025881.1	100.000	126	0	0	1	126	1287	1412	1.67e-61	233
184bf46c-5089-40a0-9ec9-97e133cce45f	NR_026395.1	100.000	126	0	0	1	126	1289	1414	1.67e-61	233
dc7a4344-ad44-4e66-aad6-f69ebb4683c5	NR_074568.1	94.040	151	4	4	7	153	160	11	1.24e-58	224
dc7a4344-ad44-4e66-aad6-f69ebb4683c5	NR_044712.2	94.040	151	4	4	7	153	169	20	1.24e-58	224
dc7a4344-ad44-4e66-aad6-f69ebb4683c5	NR_044873.1	93.333	150	5	4	7	152	149	1	2.08e-56	217
dc7a4344-ad44-4e66-aad6-f69ebb4683c5	NR_028925.1	92.000	150	7	4	7	152	160	12	4.51e-53	206
dc7a4344-ad44-4e66-aad6-f69ebb4683c5	NR_109752.1	93.478	138	7	2	16	152	158	22	1.62e-52	204
c617ddf3-dc5c-43e1-aad3-15d2297e8109	NR_043314.1	90.794	315	19	9	1	307	1169	1481	5.40e-115	412
c617ddf3-dc5c-43e1-aad3-15d2297e8109	NR_114749.1	90.794	315	19	9	1	307	1171	1483	5.40e-115	412
c617ddf3-dc5c-43e1-aad3-15d2297e8109	NR_116899.1	90.794	315	19	9	1	307	1138	1450	5.40e-115	412
c617ddf3-dc5c-43e1-aad3-15d2297e8109	NR_178854.1	90.794	315	19	9	1	307	1150	1462	5.40e-115	412
c617ddf3-dc5c-43e1-aad3-15d2297e8109	NR_179889.1	90.794	315	19	9	1	307	1178	1490	5.40e-115	412
cd230819-054b-47e1-a586-376c23b9fb06	NR_104897.1	94.652	187	3	5	1	184	1455	1273	2.49e-76	283
cd230819-054b-47e1-a586-376c23b9fb06	NR_165738.1	94.054	185	4	5	3	184	1454	1274	1.50e-73	274
cd230819-054b-47e1-a586-376c23b9fb06	NR_132681.1	92.432	185	7	5	3	184	1453	1273	1.51e-68	257
cd230819-054b-47e1-a586-376c23b9fb06	NR_043227.1	91.979	187	8	5	1	184	1423	1241	5.42e-68	255
cd230819-054b-47e1-a586-376c23b9fb06	NR_044082.1	91.979	187	8	5	1	184	1455	1273	5.42e-68	255
efc26ac8-4e67-4766-8e72-251c8f1e5d9d	NR_044873.1	94.505	182	3	5	1	175	1445	1264	1.41e-73	274
efc26ac8-4e67-4766-8e72-251c8f1e5d9d	NR_165019.1	93.923	181	5	5	1	175	1429	1249	6.58e-72	268
efc26ac8-4e67-4766-8e72-251c8f1e5d9d	NR_024673.1	93.855	179	7	3	1	175	1446	1268	2.37e-71	267
efc26ac8-4e67-4766-8e72-251c8f1e5d9d	NR_036980.1	93.889	180	6	4	1	175	1434	1255	2.37e-71	267
efc26ac8-4e67-4766-8e72-251c8f1e5d9d	NR_042334.1	93.889	180	6	4	1	175	1449	1270	2.37e-71	267
ab8da93b-dee3-44cf-a030-1231dad0e3e1	NR_028666.1	92.490	253	12	6	7	254	1253	1503	7.52e-98	355
ab8da93b-dee3-44cf-a030-1231dad0e3e1	NR_028833.1	92.490	253	12	6	7	254	1256	1506	7.52e-98	355
ab8da93b-dee3-44cf-a030-1231dad0e3e1	NR_029052.1	92.490	253	12	6	7	254	1217	1467	7.52e-98	355
ab8da93b-dee3-44cf-a030-1231dad0e3e1	NR_036918.1	92.490	253	12	6	7	254	1246	1496	7.52e-98	355
ab8da93b-dee3-44cf-a030-1231dad0e3e1	NR_042771.1	92.490	253	12	6	7	254	1247	1497	7.52e-98	355
1ef36468-7ada-4b56-9787-a274724a16c2	NR_044091.1	96.296	108	2	2	1	106	93	200	2.32e-44	176
1ef36468-7ada-4b56-9787-a274724a16c2	NR_041880.1	95.370	108	3	2	1	106	135	242	1.08e-42	171
1ef36468-7ada-4b56-9787-a274724a16c2	NR_041879.1	95.370	108	3	2	1	106	136	243	1.08e-42	171
1ef36468-7ada-4b56-9787-a274724a16c2	NR_043332.1	95.370	108	3	2	1	106	179	286	1.08e-42	171
1ef36468-7ada-4b56-9787-a274724a16c2	NR_074980.1	95.370	108	3	2	1	106	206	313	1.08e-42	171
82a44660-af98-4171-88e9-9b8374d5a7f7	NR_170438.1	92.130	216	6	9	1	207	214	1	1.32e-79	294
82a44660-af98-4171-88e9-9b8374d5a7f7	NR_164626.1	91.705	217	7	9	1	208	215	1	1.71e-78	291
82a44660-af98-4171-88e9-9b8374d5a7f7	NR_024901.1	91.628	215	7	9	1	206	218	6	2.21e-77	287
82a44660-af98-4171-88e9-9b8374d5a7f7	NR_024912.1	91.628	215	7	9	1	206	218	6	2.21e-77	287
82a44660-af98-4171-88e9-9b8374d5a7f7	NR_024928.1	91.628	215	7	9	1	206	218	6	2.21e-77	287
a4d27117-77da-4c38-a9e9-259fa3327d2d	NR_024901.1	90.625	128	1	7	1	119	139	14	2.83e-39	159
a4d27117-77da-4c38-a9e9-259fa3327d2d	NR_024911.1	90.625	128	1	7	1	119	139	14	2.83e-39	159
a4d27117-77da-4c38-a9e9-259fa3327d2d	NR_024912.1	90.625	128	1	7	1	119	139	14	2.83e-39	159
a4d27117-77da-4c38-a9e9-259fa3327d2d	NR_024928.1	90.625	128	1	7	1	119	139	14	2.83e-39	159
a4d27117-77da-4c38-a9e9-259fa3327d2d	NR_025164.1	90.625	128	1	7	1	119	126	1	2.83e-39	159
d0802e53-ae1e-4723-9428-8f4ce092a47f	NR_040859.1	97.959	98	1	1	1	98	1434	1338	3.93e-42	169
d0802e53-ae1e-4723-9428-8f4ce092a47f	NR_040992.1	97.959	98	1	1	1	98	1442	1346	3.93e-42	169
d0802e53-ae1e-4723-9428-8f4ce092a47f	NR_025668.1	97.959	98	1	1	1	98	1425	1329	3.93e-42	169
d0802e53-ae1e-4723-9428-8f4ce092a47f	NR_025881.1	97.959	98	1	1	1	98	1440	1344	3.93e-42	169
d0802e53-ae1e-4723-9428-8f4ce092a47f	NR_026395.1	97.959	98	1	1	1	98	1442	1346	3.93e-42	169
3bd2b716-a051-4e51-9ce3-4b693582344c	NR_028664.1	91.255	263	8	12	1	256	1242	1496	1.66e-94	344
3bd2b716-a051-4e51-9ce3-4b693582344c	NR_117719.1	91.255	263	8	12	1	256	1239	1493	1.66e-94	344
3bd2b716-a051-4e51-9ce3-4b693582344c	NR_179383.1	91.255	263	8	12	1	256	1246	1500	1.66e-94	344
3bd2b716-a051-4e51-9ce3-4b693582344c	NR_179720.1	91.188	261	12	9	1	256	1241	1495	1.66e-94	344
3bd2b716-a051-4e51-9ce3-4b693582344c	NR_040821.1	91.188	261	8	11	3	256	1223	1475	2.14e-93	340
4a0ff2e9-1e81-41c1-b3c9-921e13e3ce71	NR_043314.1	95.018	281	6	5	1	275	1203	1481	1.03e-121	435
4a0ff2e9-1e81-41c1-b3c9-921e13e3ce71	NR_114749.1	95.018	281	6	5	1	275	1205	1483	1.03e-121	435
4a0ff2e9-1e81-41c1-b3c9-921e13e3ce71	NR_116899.1	95.018	281	6	5	1	275	1172	1450	1.03e-121	435
4a0ff2e9-1e81-41c1-b3c9-921e13e3ce71	NR_178854.1	95.018	281	6	5	1	275	1184	1462	1.03e-121	435
4a0ff2e9-1e81-41c1-b3c9-921e13e3ce71	NR_179889.1	95.018	281	6	5	1	275	1212	1490	1.03e-121	435
360eddfa-aaca-40da-b630-bafb92feeabf	NR_041880.1	95.420	131	2	2	1	127	1055	1185	3.82e-53	206
360eddfa-aaca-40da-b630-bafb92feeabf	NR_113570.1	95.420	131	2	2	1	127	1106	1236	3.82e-53	206
360eddfa-aaca-40da-b630-bafb92feeabf	NR_115354.1	95.420	131	2	2	1	127	1099	1229	3.82e-53	206
360eddfa-aaca-40da-b630-bafb92feeabf	NR_163639.1	95.420	131	2	2	1	127	1114	1244	3.82e-53	206
360eddfa-aaca-40da-b630-bafb92feeabf	NR_179325.1	95.420	131	2	2	1	127	1073	1203	3.82e-53	206
d0276254-00f1-4e70-b87c-2007305fb3cb	NR_028665.1	95.089	224	4	5	2	218	1256	1479	4.16e-95	346
d0276254-00f1-4e70-b87c-2007305fb3cb	NR_114172.1	95.089	224	4	5	2	218	1239	1462	4.16e-95	346
d0276254-00f1-4e70-b87c-2007305fb3cb	NR_115239.1	95.089	224	4	5	2	218	1239	1462	4.16e-95	346
d0276254-00f1-4e70-b87c-2007305fb3cb	NR_027214.1	95.089	224	4	5	2	218	1239	1462	4.16e-95	346
d0276254-00f1-4e70-b87c-2007305fb3cb	NR_156072.1	95.475	221	3	5	5	218	1264	1484	4.16e-95	346
d2ca9cbb-def4-438b-97ac-1b154722dd17	NR_118143.1	98.140	215	2	2	1	215	239	27	1.93e-103	374
d2ca9cbb-def4-438b-97ac-1b154722dd17	NR_042865.1	93.488	215	11	3	2	215	239	27	9.15e-87	318
d2ca9cbb-def4-438b-97ac-1b154722dd17	NR_025423.1	93.458	214	12	2	2	215	241	30	3.29e-86	316
d2ca9cbb-def4-438b-97ac-1b154722dd17	NR_042888.1	94.231	208	10	2	8	215	232	27	3.29e-86	316
d2ca9cbb-def4-438b-97ac-1b154722dd17	NR_042871.1	92.558	215	14	2	1	215	239	27	1.18e-85	315
63533cb9-912c-46fc-bab2-a2ff40644124	NR_044091.1	96.639	238	7	1	13	249	1020	1257	1.55e-109	394
63533cb9-912c-46fc-bab2-a2ff40644124	NR_043332.1	94.958	238	10	2	13	249	1106	1342	7.28e-103	372
63533cb9-912c-46fc-bab2-a2ff40644124	NR_074980.1	94.958	238	10	2	13	249	1133	1369	7.28e-103	372
63533cb9-912c-46fc-bab2-a2ff40644124	NR_113031.1	94.958	238	10	2	13	249	1133	1369	7.28e-103	372
63533cb9-912c-46fc-bab2-a2ff40644124	NR_113570.1	94.958	238	10	2	13	249	1113	1349	7.28e-103	372
0d26b63f-5670-49ea-a05a-08a51533d78c	NR_043314.1	94.526	475	16	8	11	478	1015	1486	0.0	725
0d26b63f-5670-49ea-a05a-08a51533d78c	NR_114749.1	94.526	475	16	8	11	478	1017	1488	0.0	725
0d26b63f-5670-49ea-a05a-08a51533d78c	NR_116899.1	94.526	475	16	8	11	478	984	1455	0.0	725
0d26b63f-5670-49ea-a05a-08a51533d78c	NR_178854.1	94.526	475	16	8	11	478	996	1467	0.0	725
0d26b63f-5670-49ea-a05a-08a51533d78c	NR_179889.1	94.526	475	16	8	11	478	1024	1495	0.0	725
c6ea014b-2af4-4e7a-88b0-6503c17cc84f	NR_043314.1	92.068	643	29	13	1	628	846	1481	0.0	885
c6ea014b-2af4-4e7a-88b0-6503c17cc84f	NR_116899.1	92.068	643	29	13	1	628	815	1450	0.0	885
c6ea014b-2af4-4e7a-88b0-6503c17cc84f	NR_178854.1	92.068	643	29	13	1	628	827	1462	0.0	885
c6ea014b-2af4-4e7a-88b0-6503c17cc84f	NR_179889.1	92.068	643	29	13	1	628	855	1490	0.0	885
c6ea014b-2af4-4e7a-88b0-6503c17cc84f	NR_181730.1	92.068	643	29	13	1	628	834	1469	0.0	885
2663609a-22ce-49c1-8f1b-5627d1ce3900	NR_041880.1	93.600	125	2	4	1	124	197	316	5.98e-46	182
2663609a-22ce-49c1-8f1b-5627d1ce3900	NR_025762.1	93.600	125	2	4	1	124	219	338	5.98e-46	182
2663609a-22ce-49c1-8f1b-5627d1ce3900	NR_041879.1	93.600	125	2	4	1	124	198	317	5.98e-46	182
2663609a-22ce-49c1-8f1b-5627d1ce3900	NR_042940.1	93.600	125	2	4	1	124	153	272	5.98e-46	182
2663609a-22ce-49c1-8f1b-5627d1ce3900	NR_043332.1	93.600	125	2	4	1	124	241	360	5.98e-46	182
622507cb-d523-4a9c-b281-cd99f314bf60	NR_114413.1	97.076	171	4	1	1	171	185	16	1.79e-77	287
622507cb-d523-4a9c-b281-cd99f314bf60	NR_165737.1	98.160	163	2	1	1	163	162	1	2.32e-76	283
622507cb-d523-4a9c-b281-cd99f314bf60	NR_178515.1	98.160	163	2	1	1	163	162	1	2.32e-76	283
622507cb-d523-4a9c-b281-cd99f314bf60	NR_199974.1	97.576	165	3	1	7	171	183	20	8.34e-76	281
622507cb-d523-4a9c-b281-cd99f314bf60	NR_199956.1	97.006	167	4	1	5	171	178	13	3.00e-75	279
881f9b12-68da-4e60-8e85-a5f4f725a7f9	NR_024704.1	96.358	302	3	6	1	295	1307	1007	2.46e-138	490
881f9b12-68da-4e60-8e85-a5f4f725a7f9	NR_024946.1	96.358	302	3	6	1	295	1307	1007	2.46e-138	490
881f9b12-68da-4e60-8e85-a5f4f725a7f9	NR_036909.1	96.358	302	3	6	1	295	1317	1017	2.46e-138	490
881f9b12-68da-4e60-8e85-a5f4f725a7f9	NR_043314.1	96.358	302	3	7	1	295	1317	1017	2.46e-138	490
881f9b12-68da-4e60-8e85-a5f4f725a7f9	NR_112077.1	96.358	302	3	6	1	295	1317	1017	2.46e-138	490
294cffb8-440e-4288-a44a-4c4a4073e7fe	NR_042776.1	91.176	306	11	9	1	292	240	543	1.11e-111	401
294cffb8-440e-4288-a44a-4c4a4073e7fe	NR_197695.1	91.176	306	11	9	1	292	239	542	1.11e-111	401
294cffb8-440e-4288-a44a-4c4a4073e7fe	NR_042777.1	90.820	305	13	8	1	292	240	542	1.86e-109	394
294cffb8-440e-4288-a44a-4c4a4073e7fe	NR_042778.1	90.523	306	13	9	1	292	240	543	2.41e-108	390
294cffb8-440e-4288-a44a-4c4a4073e7fe	NR_024659.1	89.869	306	15	8	1	292	196	499	5.21e-105	379
cd2c3af8-4d65-4f6f-aa26-1fe7090682cc	NR_178515.1	99.068	429	2	2	1	428	1245	818	0.0	769
cd2c3af8-4d65-4f6f-aa26-1fe7090682cc	NR_156072.1	98.834	429	3	2	1	428	1265	838	0.0	763
cd2c3af8-4d65-4f6f-aa26-1fe7090682cc	NR_165737.1	98.834	429	3	2	1	428	1245	818	0.0	763
cd2c3af8-4d65-4f6f-aa26-1fe7090682cc	NR_180875.1	98.834	429	3	2	1	428	1224	797	0.0	763
cd2c3af8-4d65-4f6f-aa26-1fe7090682cc	NR_024842.1	98.601	429	4	2	1	428	1260	833	0.0	758
1d4e3540-2257-4f32-9b5a-e5f60995ce33	NR_025863.1	96.181	288	8	2	1	285	298	11	8.05e-133	472
1d4e3540-2257-4f32-9b5a-e5f60995ce33	NR_025862.1	84.483	290	33	10	1	285	293	11	5.23e-75	279
1d4e3540-2257-4f32-9b5a-e5f60995ce33	NR_024885.1	82.867	286	39	7	1	280	282	1	1.48e-65	248
1d4e3540-2257-4f32-9b5a-e5f60995ce33	NR_026453.1	82.143	280	40	8	1	276	274	1	1.15e-61	235
1d4e3540-2257-4f32-9b5a-e5f60995ce33	NR_026454.1	82.222	270	41	6	1	265	268	1	6.92e-59	226
7158b19a-26c2-4880-a46d-70d5f7be7dfd	NR_118696.1	86.170	94	8	5	8	97	675	583	4.57e-21	99.0
d9a7cf39-3a59-449b-863d-2355759028f6	NR_114479.1	96.689	151	3	2	1	149	1328	1478	2.04e-66	250
d9a7cf39-3a59-449b-863d-2355759028f6	NR_040859.1	97.917	144	2	1	1	143	1324	1467	7.33e-66	248
d9a7cf39-3a59-449b-863d-2355759028f6	NR_040992.1	97.917	144	2	1	1	143	1332	1475	7.33e-66	248
d9a7cf39-3a59-449b-863d-2355759028f6	NR_025881.1	97.917	144	2	1	1	143	1330	1473	7.33e-66	248
d9a7cf39-3a59-449b-863d-2355759028f6	NR_026395.1	97.917	144	2	1	1	143	1332	1475	7.33e-66	248
b728d3df-60a9-49f0-b403-7410cead0955	NR_025289.1	94.521	146	5	3	1	145	809	666	5.02e-58	222
b728d3df-60a9-49f0-b403-7410cead0955	NR_118780.1	94.521	146	5	3	1	145	815	672	5.02e-58	222
b728d3df-60a9-49f0-b403-7410cead0955	NR_028911.1	93.151	146	7	3	1	145	823	680	1.09e-54	211
b728d3df-60a9-49f0-b403-7410cead0955	NR_159296.1	93.151	146	7	3	1	145	823	680	1.09e-54	211
b728d3df-60a9-49f0-b403-7410cead0955	NR_181400.1	94.737	133	5	2	1	132	733	602	5.06e-53	206
9ac59ed1-5a43-4e71-83e6-0872946a34e3	NR_025586.1	98.828	256	0	3	1	254	255	1	2.59e-127	453
9ac59ed1-5a43-4e71-83e6-0872946a34e3	NR_025587.1	98.828	256	0	3	1	254	255	1	2.59e-127	453
9ac59ed1-5a43-4e71-83e6-0872946a34e3	NR_164626.1	98.824	255	0	3	4	256	254	1	9.33e-127	451
9ac59ed1-5a43-4e71-83e6-0872946a34e3	NR_170438.1	98.444	257	1	3	1	255	256	1	3.35e-126	449
9ac59ed1-5a43-4e71-83e6-0872946a34e3	NR_024912.1	98.814	253	0	3	4	254	257	6	1.21e-125	448
7c4619e4-ca85-48e1-849b-6365bbe293e6	NR_024901.1	92.086	139	8	3	1	137	148	11	3.13e-49	193
7c4619e4-ca85-48e1-849b-6365bbe293e6	NR_024912.1	92.086	139	8	3	1	137	148	11	3.13e-49	193
7c4619e4-ca85-48e1-849b-6365bbe293e6	NR_024928.1	92.086	139	8	3	1	137	148	11	3.13e-49	193
7c4619e4-ca85-48e1-849b-6365bbe293e6	NR_025102.1	94.444	126	5	2	1	125	127	3	3.13e-49	193
7c4619e4-ca85-48e1-849b-6365bbe293e6	NR_025103.1	94.444	126	5	2	1	125	127	3	3.13e-49	193
37eae6b7-0deb-40a7-9ae5-701d87463b4f	NR_164626.1	97.585	207	3	2	6	212	206	2	2.19e-97	353
37eae6b7-0deb-40a7-9ae5-701d87463b4f	NR_024901.1	97.573	206	3	2	6	211	209	6	7.89e-97	351
37eae6b7-0deb-40a7-9ae5-701d87463b4f	NR_024912.1	97.573	206	3	2	6	211	209	6	7.89e-97	351
37eae6b7-0deb-40a7-9ae5-701d87463b4f	NR_024928.1	97.573	206	3	2	6	211	209	6	7.89e-97	351
37eae6b7-0deb-40a7-9ae5-701d87463b4f	NR_025586.1	97.573	206	3	2	6	211	204	1	7.89e-97	351
51865ca1-d244-411b-b216-c6f6ddbec8c6	NR_029097.1	100.000	78	0	0	3	80	342	419	4.64e-35	145
51865ca1-d244-411b-b216-c6f6ddbec8c6	NR_042953.1	100.000	78	0	0	3	80	359	436	4.64e-35	145
51865ca1-d244-411b-b216-c6f6ddbec8c6	NR_114426.1	100.000	78	0	0	3	80	298	375	4.64e-35	145
51865ca1-d244-411b-b216-c6f6ddbec8c6	NR_074652.1	100.000	78	0	0	3	80	398	475	4.64e-35	145
51865ca1-d244-411b-b216-c6f6ddbec8c6	NR_125570.1	100.000	78	0	0	3	80	324	401	4.64e-35	145
a6759905-3979-4a20-a0a9-b4561a3428fa	NR_125571.1	95.365	712	18	14	12	713	378	1084	0.0	1118
a6759905-3979-4a20-a0a9-b4561a3428fa	NR_125570.1	94.522	712	24	14	12	713	336	1042	0.0	1085
a6759905-3979-4a20-a0a9-b4561a3428fa	NR_029097.1	93.829	713	27	16	12	713	354	1060	0.0	1057
a6759905-3979-4a20-a0a9-b4561a3428fa	NR_181885.1	89.729	701	58	13	18	710	407	1101	0.0	885
a6759905-3979-4a20-a0a9-b4561a3428fa	NR_113410.1	89.045	712	61	16	12	712	320	1025	0.0	867
582e6899-0a65-476c-ad1b-2ca90ca7c47c	NR_117694.1	96.301	1487	23	23	4	1473	1	1472	0.0	2412
582e6899-0a65-476c-ad1b-2ca90ca7c47c	NR_025892.1	95.132	1479	39	25	1	1462	24	1486	0.0	2326
582e6899-0a65-476c-ad1b-2ca90ca7c47c	NR_121687.1	95.104	1491	39	25	1	1473	18	1492	0.0	2318
582e6899-0a65-476c-ad1b-2ca90ca7c47c	NR_117692.1	94.896	1489	40	25	4	1473	1	1472	0.0	2296
582e6899-0a65-476c-ad1b-2ca90ca7c47c	NR_117717.1	94.500	1491	47	25	1	1473	19	1492	0.0	2266
01b83bcb-ea14-441b-91e9-645adc2c1fd5	NR_117694.1	95.229	524	14	9	1	516	521	1	0.0	819
01b83bcb-ea14-441b-91e9-645adc2c1fd5	NR_025892.1	93.797	532	22	9	1	524	547	19	0.0	806
01b83bcb-ea14-441b-91e9-645adc2c1fd5	NR_121687.1	93.246	533	23	11	1	524	541	13	0.0	773
01b83bcb-ea14-441b-91e9-645adc2c1fd5	NR_117692.1	93.117	523	27	7	1	516	521	1	0.0	758
01b83bcb-ea14-441b-91e9-645adc2c1fd5	NR_026079.2	91.948	534	28	13	1	524	548	20	0.0	734
f0d657ed-53f2-405d-a2b2-eb277d7962d0	NR_199513.1	95.888	1362	34	18	1	1344	137	1494	0.0	2185
f0d657ed-53f2-405d-a2b2-eb277d7962d0	NR_181354.1	94.930	1361	45	20	1	1344	137	1490	0.0	2109
f0d657ed-53f2-405d-a2b2-eb277d7962d0	NR_114595.1	95.619	1324	38	18	1	1309	130	1448	0.0	2106
f0d657ed-53f2-405d-a2b2-eb277d7962d0	NR_118158.1	89.158	1365	119	27	1	1344	127	1483	0.0	1674
f0d657ed-53f2-405d-a2b2-eb277d7962d0	NR_029228.1	87.170	1325	134	33	1	1305	140	1448	0.0	1474
a97df1ed-fca8-4188-b4d7-63f49938a16b	NR_042776.1	98.030	406	5	3	1	404	786	382	0.0	702
a97df1ed-fca8-4188-b4d7-63f49938a16b	NR_197695.1	98.030	406	5	3	1	404	785	381	0.0	702
a97df1ed-fca8-4188-b4d7-63f49938a16b	NR_042777.1	97.783	406	5	4	1	404	785	382	0.0	697
a97df1ed-fca8-4188-b4d7-63f49938a16b	NR_042778.1	97.783	406	6	3	1	404	786	382	0.0	697
a97df1ed-fca8-4188-b4d7-63f49938a16b	NR_118998.1	97.291	406	8	3	1	404	781	377	0.0	686
b5081e71-689e-48c1-8a50-f6834c669cb1	NR_024912.1	99.640	555	1	1	1	555	559	6	0.0	1013
b5081e71-689e-48c1-8a50-f6834c669cb1	NR_156986.1	99.640	555	1	1	1	555	554	1	0.0	1013
b5081e71-689e-48c1-8a50-f6834c669cb1	NR_024901.1	99.459	555	2	1	1	555	559	6	0.0	1007
b5081e71-689e-48c1-8a50-f6834c669cb1	NR_024928.1	99.459	555	2	1	1	555	559	6	0.0	1007
b5081e71-689e-48c1-8a50-f6834c669cb1	NR_156987.1	99.459	555	2	1	1	555	554	1	0.0	1007
bc8f48e0-d5dc-44a0-8fc7-44f367d02949	NR_024912.1	96.517	201	4	3	1	199	273	74	3.44e-90	329
bc8f48e0-d5dc-44a0-8fc7-44f367d02949	NR_025102.1	96.517	201	4	3	1	199	252	53	3.44e-90	329
bc8f48e0-d5dc-44a0-8fc7-44f367d02949	NR_025164.1	96.517	201	4	3	1	199	260	61	3.44e-90	329
bc8f48e0-d5dc-44a0-8fc7-44f367d02949	NR_028706.1	96.517	201	4	3	1	199	281	82	3.44e-90	329
bc8f48e0-d5dc-44a0-8fc7-44f367d02949	NR_037092.1	96.517	201	4	3	1	199	278	79	3.44e-90	329
85b7b154-b379-4e4b-87c1-8fd9dbcad2eb	NR_179480.1	94.329	529	17	9	1	518	1151	625	0.0	798
85b7b154-b379-4e4b-87c1-8fd9dbcad2eb	NR_181857.1	94.329	529	17	9	1	518	1258	732	0.0	798
85b7b154-b379-4e4b-87c1-8fd9dbcad2eb	NR_179327.1	94.140	529	18	9	1	518	1173	647	0.0	795
85b7b154-b379-4e4b-87c1-8fd9dbcad2eb	NR_025550.1	94.140	529	18	9	1	518	1202	676	0.0	793
85b7b154-b379-4e4b-87c1-8fd9dbcad2eb	NR_118155.1	94.140	529	18	9	1	518	1223	697	0.0	793
e322fc00-b2ea-4501-9925-54873d3016fe	NR_156986.1	96.100	718	14	14	9	718	714	3	0.0	1158
e322fc00-b2ea-4501-9925-54873d3016fe	NR_024901.1	95.736	727	16	15	1	718	728	8	0.0	1157
e322fc00-b2ea-4501-9925-54873d3016fe	NR_024928.1	95.736	727	16	15	1	718	728	8	0.0	1157
e322fc00-b2ea-4501-9925-54873d3016fe	NR_024912.1	95.961	718	15	14	9	718	719	8	0.0	1153
e322fc00-b2ea-4501-9925-54873d3016fe	NR_156987.1	95.961	718	15	14	9	718	714	3	0.0	1153
2539b703-cb0d-4fa2-a93a-25f615fb8ecc	NR_116168.1	96.797	562	12	5	10	569	569	12	0.0	933
2539b703-cb0d-4fa2-a93a-25f615fb8ecc	NR_042878.1	96.014	552	16	5	10	559	548	1	0.0	902
2539b703-cb0d-4fa2-a93a-25f615fb8ecc	NR_118762.1	94.107	560	27	5	10	567	572	17	0.0	869
2539b703-cb0d-4fa2-a93a-25f615fb8ecc	NR_025423.1	94.255	557	24	7	10	562	553	1	0.0	845
2539b703-cb0d-4fa2-a93a-25f615fb8ecc	NR_118143.1	94.043	554	25	7	10	559	550	1	0.0	835
7bf55fca-3c40-41d1-a7a8-2c03aecaf668	NR_041989.1	98.113	371	2	5	4	370	823	454	0.0	641
7bf55fca-3c40-41d1-a7a8-2c03aecaf668	NR_117694.1	98.113	371	2	5	4	370	865	496	0.0	641
7bf55fca-3c40-41d1-a7a8-2c03aecaf668	NR_121687.1	97.574	371	4	5	4	370	885	516	1.67e-180	630
7bf55fca-3c40-41d1-a7a8-2c03aecaf668	NR_028900.1	97.035	371	6	5	4	370	823	454	3.61e-177	619
7bf55fca-3c40-41d1-a7a8-2c03aecaf668	NR_117692.1	97.035	371	6	5	4	370	865	496	3.61e-177	619
401bacfd-e15e-49fc-be8f-2405b8fe3d1f	NR_178515.1	93.895	688	26	15	2	675	721	36	0.0	1024
401bacfd-e15e-49fc-be8f-2405b8fe3d1f	NR_165737.1	93.605	688	28	16	2	675	721	36	0.0	1013
401bacfd-e15e-49fc-be8f-2405b8fe3d1f	NR_115241.1	93.314	688	30	15	2	675	721	36	0.0	1002
401bacfd-e15e-49fc-be8f-2405b8fe3d1f	NR_115735.1	93.179	689	30	16	2	675	712	26	0.0	996
401bacfd-e15e-49fc-be8f-2405b8fe3d1f	NR_024842.1	93.023	688	32	15	2	675	736	51	0.0	994
f652ddd3-a838-4169-8100-2c1bafd3d9e5	NR_024912.1	96.707	334	6	5	1	331	502	171	1.18e-156	551
f652ddd3-a838-4169-8100-2c1bafd3d9e5	NR_025228.1	96.707	334	6	5	1	331	485	154	1.18e-156	551
f652ddd3-a838-4169-8100-2c1bafd3d9e5	NR_041953.1	96.707	334	6	5	1	331	489	158	1.18e-156	551
f652ddd3-a838-4169-8100-2c1bafd3d9e5	NR_042147.1	96.707	334	6	5	1	331	489	158	1.18e-156	551
f652ddd3-a838-4169-8100-2c1bafd3d9e5	NR_042541.1	96.707	334	6	5	1	331	489	158	1.18e-156	551
928962da-1de9-4e4a-b590-d76b4365c8c5	NR_043314.1	96.183	393	10	4	1	389	1392	1001	0.0	638
928962da-1de9-4e4a-b590-d76b4365c8c5	NR_116905.1	96.183	393	10	4	1	389	1395	1004	0.0	638
928962da-1de9-4e4a-b590-d76b4365c8c5	NR_116899.1	96.183	393	10	4	1	389	1361	970	0.0	638
928962da-1de9-4e4a-b590-d76b4365c8c5	NR_118125.1	96.183	393	10	4	1	389	1381	990	0.0	638
928962da-1de9-4e4a-b590-d76b4365c8c5	NR_149822.1	96.183	393	10	4	1	389	1357	966	0.0	638
a1590598-ea35-42a5-8596-d9fa9c5666bd	NR_024918.1	94.077	861	25	17	1	842	1423	570	0.0	1284
a1590598-ea35-42a5-8596-d9fa9c5666bd	NR_181890.1	94.077	861	25	17	1	842	1433	580	0.0	1284
a1590598-ea35-42a5-8596-d9fa9c5666bd	NR_025227.1	93.961	861	26	17	1	842	1406	553	0.0	1279
a1590598-ea35-42a5-8596-d9fa9c5666bd	NR_041953.1	93.961	861	26	17	1	842	1410	557	0.0	1279
a1590598-ea35-42a5-8596-d9fa9c5666bd	NR_028929.1	93.961	861	26	17	1	842	1427	574	0.0	1279
c52b6570-8f1f-4544-9805-096ba654691d	NR_043314.1	94.820	444	15	6	1	436	1038	1481	0.0	686
c52b6570-8f1f-4544-9805-096ba654691d	NR_114749.1	94.820	444	15	6	1	436	1040	1483	0.0	686
c52b6570-8f1f-4544-9805-096ba654691d	NR_116899.1	94.820	444	15	6	1	436	1007	1450	0.0	686
c52b6570-8f1f-4544-9805-096ba654691d	NR_178854.1	94.820	444	15	6	1	436	1019	1462	0.0	686
c52b6570-8f1f-4544-9805-096ba654691d	NR_179889.1	94.820	444	15	6	1	436	1047	1490	0.0	686
03f6a745-b543-4dc9-ba81-ca6a2d721e6f	NR_119168.1	88.567	656	37	30	1	635	849	1487	0.0	778
03f6a745-b543-4dc9-ba81-ca6a2d721e6f	NR_044091.1	89.718	603	25	29	1	582	758	1344	0.0	736
03f6a745-b543-4dc9-ba81-ca6a2d721e6f	NR_028839.1	87.805	615	38	29	5	598	811	1409	0.0	686
03f6a745-b543-4dc9-ba81-ca6a2d721e6f	NR_042940.1	88.576	569	30	29	1	551	756	1307	0.0	658
03f6a745-b543-4dc9-ba81-ca6a2d721e6f	NR_189246.1	85.129	659	58	33	1	635	868	1510	0.0	638
b049616f-211d-4ef8-a62c-336f2df07a20	NR_117694.1	91.125	1307	63	41	8	1290	190	1467	0.0	1722
b049616f-211d-4ef8-a62c-336f2df07a20	NR_117692.1	90.735	1306	70	39	8	1290	190	1467	0.0	1694
b049616f-211d-4ef8-a62c-336f2df07a20	NR_121687.1	90.651	1305	73	37	8	1290	210	1487	0.0	1688
b049616f-211d-4ef8-a62c-336f2df07a20	NR_117696.1	90.658	1306	71	39	8	1290	177	1454	0.0	1688
b049616f-211d-4ef8-a62c-336f2df07a20	NR_025902.1	90.582	1306	72	39	8	1290	168	1445	0.0	1683
abddb2cf-efa1-4a7b-9f8a-36c5c9ccb367	NR_041953.1	97.538	731	10	7	1	725	324	1052	0.0	1243
abddb2cf-efa1-4a7b-9f8a-36c5c9ccb367	NR_178447.1	97.538	731	10	7	1	725	258	986	0.0	1243
abddb2cf-efa1-4a7b-9f8a-36c5c9ccb367	NR_199513.1	97.538	731	10	7	1	725	351	1079	0.0	1243
abddb2cf-efa1-4a7b-9f8a-36c5c9ccb367	NR_042541.1	97.401	731	11	7	1	725	324	1052	0.0	1238
abddb2cf-efa1-4a7b-9f8a-36c5c9ccb367	NR_179889.1	97.401	731	11	7	1	725	351	1079	0.0	1238
35fe811d-ba74-4759-a1c3-6c7d4265205f	NR_074980.1	89.704	1350	93	39	1	1322	1342	11	0.0	1681
35fe811d-ba74-4759-a1c3-6c7d4265205f	NR_113031.1	89.704	1350	93	39	1	1322	1342	11	0.0	1681
35fe811d-ba74-4759-a1c3-6c7d4265205f	NR_115355.1	89.474	1330	100	33	1	1305	1315	1	0.0	1648
35fe811d-ba74-4759-a1c3-6c7d4265205f	NR_113570.1	89.379	1337	101	34	1	1311	1322	1	0.0	1644
35fe811d-ba74-4759-a1c3-6c7d4265205f	NR_119169.1	89.288	1335	103	33	1	1310	1320	1	0.0	1644
d77fe8c4-61e5-4401-9b10-a89c2967df33	NR_165737.1	96.482	938	18	11	4	933	936	6	0.0	1535
d77fe8c4-61e5-4401-9b10-a89c2967df33	NR_178515.1	96.482	938	18	11	4	933	936	6	0.0	1535
d77fe8c4-61e5-4401-9b10-a89c2967df33	NR_109720.1	95.411	937	28	10	4	932	930	1	0.0	1478
d77fe8c4-61e5-4401-9b10-a89c2967df33	NR_024842.1	94.759	954	31	14	4	948	951	8	0.0	1471
d77fe8c4-61e5-4401-9b10-a89c2967df33	NR_115241.1	95.208	939	28	12	4	933	936	6	0.0	1469
ec81f0a6-6fa8-4d1e-90dd-34187503375e	NR_025892.1	96.989	465	11	3	1	463	482	19	0.0	787
ec81f0a6-6fa8-4d1e-90dd-34187503375e	NR_117694.1	97.812	457	7	3	1	455	456	1	0.0	785
ec81f0a6-6fa8-4d1e-90dd-34187503375e	NR_121687.1	95.708	466	15	5	1	463	476	13	0.0	745
ec81f0a6-6fa8-4d1e-90dd-34187503375e	NR_104830.1	95.909	440	14	4	29	465	443	5	0.0	710
ec81f0a6-6fa8-4d1e-90dd-34187503375e	NR_117692.1	94.748	457	21	3	1	455	456	1	0.0	708
a909f02c-d6a3-4c91-89e3-c2fda0cd107a	NR_117694.1	94.809	1387	41	26	1	1365	1378	1	0.0	2134
a909f02c-d6a3-4c91-89e3-c2fda0cd107a	NR_041989.1	95.536	1344	32	23	1	1324	1336	1	0.0	2124
a909f02c-d6a3-4c91-89e3-c2fda0cd107a	NR_121687.1	94.016	1387	52	26	1	1365	1398	21	0.0	2073
a909f02c-d6a3-4c91-89e3-c2fda0cd107a	NR_117692.1	94.016	1387	52	26	1	1365	1378	1	0.0	2073
a909f02c-d6a3-4c91-89e3-c2fda0cd107a	NR_117717.1	93.939	1386	54	25	1	1365	1398	22	0.0	2067
307ae0f1-791c-4a39-994f-4b04be7165fe	NR_114481.1	95.669	254	3	5	4	256	248	2	9.61e-112	401
307ae0f1-791c-4a39-994f-4b04be7165fe	NR_024901.1	95.669	254	2	5	4	256	252	7	3.46e-111	399
307ae0f1-791c-4a39-994f-4b04be7165fe	NR_024912.1	95.669	254	2	5	4	256	252	7	3.46e-111	399
307ae0f1-791c-4a39-994f-4b04be7165fe	NR_024928.1	95.669	254	2	5	4	256	252	7	3.46e-111	399
307ae0f1-791c-4a39-994f-4b04be7165fe	NR_025586.1	95.669	254	2	5	4	256	247	2	3.46e-111	399
8f136c28-4012-4f59-9e67-896ee8542ad1	NR_118155.1	96.377	276	4	5	1	272	1016	743	3.64e-126	449
8f136c28-4012-4f59-9e67-896ee8542ad1	NR_169411.1	96.377	276	4	5	1	272	1013	740	3.64e-126	449
8f136c28-4012-4f59-9e67-896ee8542ad1	NR_178340.1	96.377	276	4	5	1	272	661	388	3.64e-126	449
8f136c28-4012-4f59-9e67-896ee8542ad1	NR_179168.1	96.377	276	4	5	1	272	1016	743	3.64e-126	449
8f136c28-4012-4f59-9e67-896ee8542ad1	NR_179327.1	96.377	276	4	5	1	272	966	693	3.64e-126	449
e396ef00-ca59-475c-8fab-fb110e8be1b7	NR_156986.1	87.487	975	46	44	7	918	969	8	0.0	1055
e396ef00-ca59-475c-8fab-fb110e8be1b7	NR_199513.1	87.474	974	48	43	7	918	988	27	0.0	1055
e396ef00-ca59-475c-8fab-fb110e8be1b7	NR_178976.1	87.461	973	46	44	7	916	960	1	0.0	1051
e396ef00-ca59-475c-8fab-fb110e8be1b7	NR_024901.1	87.385	975	47	45	7	918	974	13	0.0	1050
e396ef00-ca59-475c-8fab-fb110e8be1b7	NR_024928.1	87.385	975	47	45	7	918	974	13	0.0	1050
b0d53bea-3f87-4ff9-843d-ec284a8fe4d1	NR_116168.1	90.753	465	27	14	3	464	1036	1487	3.57e-173	606
b0d53bea-3f87-4ff9-843d-ec284a8fe4d1	NR_118762.1	90.196	459	29	14	3	458	1038	1483	1.29e-167	588
b0d53bea-3f87-4ff9-843d-ec284a8fe4d1	NR_126284.1	89.542	459	35	11	3	459	1015	1462	4.69e-162	569
b0d53bea-3f87-4ff9-843d-ec284a8fe4d1	NR_024897.1	89.270	466	32	16	3	464	1035	1486	1.69e-161	568
b0d53bea-3f87-4ff9-843d-ec284a8fe4d1	NR_115546.2	89.247	465	34	14	3	464	1045	1496	1.69e-161	568
19bce27a-e52a-4057-88f5-cb49c2f7f255	NR_028665.1	95.767	378	8	6	7	383	1122	1492	3.75e-172	603
19bce27a-e52a-4057-88f5-cb49c2f7f255	NR_179385.1	95.767	378	8	6	7	383	1129	1499	3.75e-172	603
19bce27a-e52a-4057-88f5-cb49c2f7f255	NR_199545.1	95.767	378	8	6	7	383	1125	1495	3.75e-172	603
19bce27a-e52a-4057-88f5-cb49c2f7f255	NR_028736.1	95.503	378	9	6	7	383	1131	1501	1.74e-170	597
19bce27a-e52a-4057-88f5-cb49c2f7f255	NR_041721.1	95.503	378	9	6	7	383	1130	1500	1.74e-170	597
92ffd576-1e3d-442f-80dc-17782b7b7b8f	NR_042776.1	98.812	421	3	2	1	420	210	629	0.0	749
92ffd576-1e3d-442f-80dc-17782b7b7b8f	NR_197695.1	98.575	421	4	2	1	420	209	628	0.0	743
92ffd576-1e3d-442f-80dc-17782b7b7b8f	NR_042777.1	98.575	421	3	3	1	420	210	628	0.0	741
92ffd576-1e3d-442f-80dc-17782b7b7b8f	NR_042778.1	98.337	421	5	2	1	420	210	629	0.0	737
92ffd576-1e3d-442f-80dc-17782b7b7b8f	NR_118998.1	97.625	421	8	2	1	420	205	624	0.0	721
437de09c-4c12-4ebe-be09-91a077d9bb61	NR_026481.1	87.785	483	37	18	16	482	906	1382	9.69e-155	545
437de09c-4c12-4ebe-be09-91a077d9bb61	NR_026454.1	87.342	474	39	18	16	472	912	1381	4.54e-148	523
437de09c-4c12-4ebe-be09-91a077d9bb61	NR_114030.1	82.517	572	65	30	16	562	916	1477	1.67e-132	472
437de09c-4c12-4ebe-be09-91a077d9bb61	NR_151933.1	82.456	570	71	25	16	563	904	1466	1.67e-132	472
437de09c-4c12-4ebe-be09-91a077d9bb61	NR_119218.1	82.312	571	70	29	16	563	934	1496	7.76e-131	466
bbb036fe-5d64-461b-886c-aabf3cffb019	NR_044873.1	93.897	426	17	7	1	419	630	207	0.0	634
bbb036fe-5d64-461b-886c-aabf3cffb019	NR_109752.1	91.765	425	25	8	1	418	651	230	5.37e-166	582
bbb036fe-5d64-461b-886c-aabf3cffb019	NR_178360.1	91.765	425	25	8	1	418	607	186	5.37e-166	582
bbb036fe-5d64-461b-886c-aabf3cffb019	NR_025310.1	91.529	425	26	8	1	418	620	199	2.50e-164	577
bbb036fe-5d64-461b-886c-aabf3cffb019	NR_043968.1	91.529	425	26	8	1	418	598	177	2.50e-164	577
1a937181-6822-489f-aabb-b0ccae2cac92	NR_199513.1	96.564	1164	27	12	1	1157	1174	17	0.0	1916
1a937181-6822-489f-aabb-b0ccae2cac92	NR_156986.1	96.558	1162	25	14	1	1154	1155	1	0.0	1910
1a937181-6822-489f-aabb-b0ccae2cac92	NR_024928.1	96.395	1165	27	14	1	1157	1160	3	0.0	1905
1a937181-6822-489f-aabb-b0ccae2cac92	NR_156987.1	96.472	1162	26	14	1	1154	1155	1	0.0	1905
1a937181-6822-489f-aabb-b0ccae2cac92	NR_199514.1	96.395	1165	27	14	1	1157	1167	10	0.0	1905
a7a68b01-d288-4bcf-9112-986ac363de46	NR_156986.1	93.004	1215	44	28	7	1198	1197	1	0.0	1735
a7a68b01-d288-4bcf-9112-986ac363de46	NR_024928.1	92.922	1215	45	28	7	1198	1202	6	0.0	1729
a7a68b01-d288-4bcf-9112-986ac363de46	NR_156987.1	92.922	1215	45	28	7	1198	1197	1	0.0	1729
a7a68b01-d288-4bcf-9112-986ac363de46	NR_199514.1	92.922	1215	45	28	7	1198	1209	13	0.0	1729
a7a68b01-d288-4bcf-9112-986ac363de46	NR_199513.1	92.840	1215	48	26	7	1199	1216	19	0.0	1725
480836a5-e02b-4a93-baa5-6a20694fde62	NR_041953.1	95.152	1320	33	21	4	1304	156	1463	0.0	2054
480836a5-e02b-4a93-baa5-6a20694fde62	NR_042541.1	95.152	1320	33	21	4	1304	156	1463	0.0	2054
480836a5-e02b-4a93-baa5-6a20694fde62	NR_179889.1	95.076	1320	34	21	4	1304	183	1490	0.0	2049
480836a5-e02b-4a93-baa5-6a20694fde62	NR_178854.1	95.000	1320	34	24	4	1304	156	1462	0.0	2043
480836a5-e02b-4a93-baa5-6a20694fde62	NR_178447.1	94.924	1320	36	21	4	1304	90	1397	0.0	2037
ca041ce2-7c65-4ac8-a6ef-386ce25e1309	NR_043314.1	98.022	455	8	1	1	454	1027	1481	0.0	789
ca041ce2-7c65-4ac8-a6ef-386ce25e1309	NR_114749.1	98.022	455	8	1	1	454	1029	1483	0.0	789
ca041ce2-7c65-4ac8-a6ef-386ce25e1309	NR_116899.1	98.022	455	8	1	1	454	996	1450	0.0	789
ca041ce2-7c65-4ac8-a6ef-386ce25e1309	NR_178854.1	98.022	455	8	1	1	454	1008	1462	0.0	789
ca041ce2-7c65-4ac8-a6ef-386ce25e1309	NR_179889.1	98.022	455	8	1	1	454	1036	1490	0.0	789
778d1ad6-fb20-4498-a877-7b1ce1aeb724	NR_117694.1	96.531	663	6	9	3	659	652	1	0.0	1081
778d1ad6-fb20-4498-a877-7b1ce1aeb724	NR_121687.1	94.753	667	16	11	3	662	672	18	0.0	1020
778d1ad6-fb20-4498-a877-7b1ce1aeb724	NR_104946.1	93.790	628	18	13	3	622	615	1	0.0	924
778d1ad6-fb20-4498-a877-7b1ce1aeb724	NR_041988.1	93.730	622	20	11	3	617	610	1	0.0	915
778d1ad6-fb20-4498-a877-7b1ce1aeb724	NR_040931.1	88.209	670	54	18	3	662	662	8	0.0	776
39247906-99b0-4381-ae59-091d506f9702	NR_199513.1	96.522	1380	31	16	1	1368	116	1490	0.0	2266
39247906-99b0-4381-ae59-091d506f9702	NR_113600.1	96.449	1380	30	18	1	1367	89	1462	0.0	2261
39247906-99b0-4381-ae59-091d506f9702	NR_179889.1	96.449	1380	32	16	1	1368	116	1490	0.0	2261
39247906-99b0-4381-ae59-091d506f9702	NR_024928.1	96.379	1381	31	18	1	1368	102	1476	0.0	2257
39247906-99b0-4381-ae59-091d506f9702	NR_041953.1	96.377	1380	33	15	1	1368	89	1463	0.0	2255
307cd49e-4589-4d20-9c8d-96992ffad7b7	NR_165737.1	90.017	1162	53	51	3	1130	339	1471	0.0	1445
307cd49e-4589-4d20-9c8d-96992ffad7b7	NR_024842.1	89.744	1170	58	51	3	1139	354	1494	0.0	1441
307cd49e-4589-4d20-9c8d-96992ffad7b7	NR_115735.1	89.777	1164	57	51	3	1133	330	1464	0.0	1434
307cd49e-4589-4d20-9c8d-96992ffad7b7	NR_036936.1	89.673	1162	57	51	3	1130	339	1471	0.0	1423
307cd49e-4589-4d20-9c8d-96992ffad7b7	NR_113260.1	89.578	1161	59	50	3	1130	339	1470	0.0	1417
821ffd4b-a8c7-495d-ac49-b14b3f42e13d	NR_116168.1	96.154	1274	23	20	1	1267	1268	14	0.0	2058
821ffd4b-a8c7-495d-ac49-b14b3f42e13d	NR_042878.1	95.972	1266	26	19	1	1260	1247	1	0.0	2043
821ffd4b-a8c7-495d-ac49-b14b3f42e13d	NR_118762.1	94.201	1276	47	21	1	1269	1270	15	0.0	1964
821ffd4b-a8c7-495d-ac49-b14b3f42e13d	NR_118143.1	94.378	1263	42	23	7	1260	1243	1	0.0	1914
821ffd4b-a8c7-495d-ac49-b14b3f42e13d	NR_025423.1	93.551	1256	54	21	16	1263	1237	1	0.0	1845
603b7700-adac-44fa-88c5-1c6b7b9bd862	NR_118155.1	96.882	417	4	6	7	414	700	1116	0.0	689
603b7700-adac-44fa-88c5-1c6b7b9bd862	NR_180078.1	96.403	417	6	6	7	414	697	1113	0.0	678
603b7700-adac-44fa-88c5-1c6b7b9bd862	NR_169411.1	96.163	417	7	6	7	414	697	1113	0.0	673
603b7700-adac-44fa-88c5-1c6b7b9bd862	NR_179168.1	96.163	417	7	6	7	414	700	1116	0.0	673
603b7700-adac-44fa-88c5-1c6b7b9bd862	NR_179327.1	96.163	417	7	6	7	414	650	1066	0.0	673
d8d5c119-cc74-4021-86a2-e6c9b6351361	NR_044091.1	94.914	1042	28	19	1	1022	1055	19	0.0	1607
d8d5c119-cc74-4021-86a2-e6c9b6351361	NR_113570.1	94.247	1043	33	21	1	1022	1147	111	0.0	1568
d8d5c119-cc74-4021-86a2-e6c9b6351361	NR_041879.1	93.954	1042	38	19	1	1022	1098	62	0.0	1552
d8d5c119-cc74-4021-86a2-e6c9b6351361	NR_119168.1	93.762	1042	39	20	1	1022	1145	110	0.0	1548
d8d5c119-cc74-4021-86a2-e6c9b6351361	NR_043332.1	93.762	1042	39	20	1	1022	1140	105	0.0	1546
03dfe77b-5a2d-4ff8-8271-d84b76052ab0	NR_118125.1	87.257	824	70	33	236	1040	646	1453	0.0	907
03dfe77b-5a2d-4ff8-8271-d84b76052ab0	NR_024704.1	86.477	843	78	34	236	1060	647	1471	0.0	896
03dfe77b-5a2d-4ff8-8271-d84b76052ab0	NR_108461.1	86.493	844	76	36	236	1060	646	1470	0.0	893
03dfe77b-5a2d-4ff8-8271-d84b76052ab0	NR_115608.1	86.374	844	77	36	236	1060	618	1442	0.0	889
03dfe77b-5a2d-4ff8-8271-d84b76052ab0	NR_036998.1	86.374	844	76	37	236	1060	639	1462	0.0	885
9589adec-65a0-46c3-a0b4-4c345a7fc5a0	NR_042776.1	94.822	618	11	16	2	607	640	1248	0.0	944
9589adec-65a0-46c3-a0b4-4c345a7fc5a0	NR_042777.1	94.822	618	11	16	2	607	639	1247	0.0	944
9589adec-65a0-46c3-a0b4-4c345a7fc5a0	NR_042778.1	94.822	618	11	16	2	607	640	1248	0.0	944
9589adec-65a0-46c3-a0b4-4c345a7fc5a0	NR_197695.1	94.498	618	13	16	2	607	639	1247	0.0	933
9589adec-65a0-46c3-a0b4-4c345a7fc5a0	NR_118998.1	94.013	618	15	18	2	607	635	1242	0.0	917
a5f6d865-d764-47b6-90e5-4744024770b2	NR_024912.1	92.416	356	14	8	2	347	391	39	6.40e-140	496
a5f6d865-d764-47b6-90e5-4744024770b2	NR_025102.1	92.416	356	14	8	2	347	370	18	6.40e-140	496
a5f6d865-d764-47b6-90e5-4744024770b2	NR_025164.1	92.416	356	14	8	2	347	378	26	6.40e-140	496
a5f6d865-d764-47b6-90e5-4744024770b2	NR_028706.1	92.416	356	14	8	2	347	399	47	6.40e-140	496
a5f6d865-d764-47b6-90e5-4744024770b2	NR_042147.1	92.416	356	14	8	2	347	378	26	6.40e-140	496
1cd8eb2b-fffe-417b-9413-f08bccf3bcf1	NR_116168.1	96.977	430	7	4	1	425	442	14	0.0	717
1cd8eb2b-fffe-417b-9413-f08bccf3bcf1	NR_042878.1	95.972	422	11	4	1	417	421	1	0.0	689
1cd8eb2b-fffe-417b-9413-f08bccf3bcf1	NR_118762.1	93.503	431	22	4	1	426	445	16	0.0	658
1cd8eb2b-fffe-417b-9413-f08bccf3bcf1	NR_025423.1	93.911	427	18	5	1	420	426	1	0.0	638
1cd8eb2b-fffe-417b-9413-f08bccf3bcf1	NR_118143.1	93.396	424	20	6	1	417	423	1	1.16e-177	621
