c20e52b0-bc9a-46ec-93b8-7884191271c5	NR_117694.1	96.243	1464	24	25	1	1438	1459	1	0.0	2370
c20e52b0-bc9a-46ec-93b8-7884191271c5	NR_025892.1	94.969	1471	42	26	1	1445	1484	20	0.0	2302
c20e52b0-bc9a-46ec-93b8-7884191271c5	NR_121687.1	95.041	1472	40	27	1	1445	1479	14	0.0	2283
c20e52b0-bc9a-46ec-93b8-7884191271c5	NR_117692.1	94.956	1467	37	30	1	1438	1459	1	0.0	2265
c20e52b0-bc9a-46ec-93b8-7884191271c5	NR_117717.1	94.361	1472	49	30	1	1445	1479	15	0.0	2228
0f6845fd-7e8a-4b47-a8c3-bbad9fe15c2d	NR_044873.1	94.612	631	24	10	1	625	629	3	0.0	968
0f6845fd-7e8a-4b47-a8c3-bbad9fe15c2d	NR_074568.1	92.235	631	38	11	1	625	639	14	0.0	883
0f6845fd-7e8a-4b47-a8c3-bbad9fe15c2d	NR_109752.1	91.918	631	41	10	1	625	650	24	0.0	874
0f6845fd-7e8a-4b47-a8c3-bbad9fe15c2d	NR_044712.2	91.759	631	41	11	1	625	648	23	0.0	872
0f6845fd-7e8a-4b47-a8c3-bbad9fe15c2d	NR_179993.1	91.654	635	41	12	1	628	640	11	0.0	869
019ff7bd-0bca-48bb-ba08-32344ba09213	NR_024912.1	95.000	560	18	8	1	557	559	7	0.0	870
019ff7bd-0bca-48bb-ba08-32344ba09213	NR_156986.1	95.000	560	18	8	1	557	554	2	0.0	870
019ff7bd-0bca-48bb-ba08-32344ba09213	NR_024901.1	94.821	560	19	8	1	557	559	7	0.0	865
019ff7bd-0bca-48bb-ba08-32344ba09213	NR_024928.1	94.821	560	19	8	1	557	559	7	0.0	865
019ff7bd-0bca-48bb-ba08-32344ba09213	NR_156987.1	94.821	560	19	8	1	557	554	2	0.0	865
8b48b644-3980-4a6e-b662-0c3baa39818d	NR_115355.1	97.414	348	2	5	1	343	1137	1482	3.40e-167	586
8b48b644-3980-4a6e-b662-0c3baa39818d	NR_163639.1	97.414	348	2	5	1	343	1152	1497	3.40e-167	586
8b48b644-3980-4a6e-b662-0c3baa39818d	NR_179325.1	97.414	348	2	5	1	343	1111	1456	3.40e-167	586
8b48b644-3980-4a6e-b662-0c3baa39818d	NR_119169.1	97.126	348	3	5	1	343	1142	1487	1.58e-165	580
8b48b644-3980-4a6e-b662-0c3baa39818d	NR_115354.1	96.839	348	4	6	1	343	1137	1482	7.35e-164	575
b2e61acd-ecc7-48cb-a160-9f8392e7e2dc	NR_118155.1	95.227	440	8	10	1	431	1090	655	0.0	684
b2e61acd-ecc7-48cb-a160-9f8392e7e2dc	NR_169411.1	95.000	440	9	10	1	431	1087	652	0.0	678
b2e61acd-ecc7-48cb-a160-9f8392e7e2dc	NR_178340.1	95.000	440	9	10	1	431	735	300	0.0	678
b2e61acd-ecc7-48cb-a160-9f8392e7e2dc	NR_179168.1	95.000	440	9	10	1	431	1090	655	0.0	678
b2e61acd-ecc7-48cb-a160-9f8392e7e2dc	NR_179327.1	95.000	440	9	10	1	431	1040	605	0.0	678
04e4ee53-651e-41f1-b095-e96bc55ac5ba	NR_117694.1	97.047	508	3	6	1	497	513	7	0.0	845
04e4ee53-651e-41f1-b095-e96bc55ac5ba	NR_025892.1	95.669	508	10	8	1	497	539	33	0.0	817
04e4ee53-651e-41f1-b095-e96bc55ac5ba	NR_121687.1	94.892	509	12	8	1	497	533	27	0.0	784
04e4ee53-651e-41f1-b095-e96bc55ac5ba	NR_117692.1	94.291	508	17	6	1	497	513	7	0.0	767
04e4ee53-651e-41f1-b095-e96bc55ac5ba	NR_041989.1	95.949	469	10	7	1	462	471	5	0.0	752
421a0765-d109-45bd-9fb1-4b8d84abef75	NR_024918.1	98.533	409	5	1	1	409	1069	1476	0.0	721
421a0765-d109-45bd-9fb1-4b8d84abef75	NR_028986.1	98.533	409	5	1	1	409	1056	1463	0.0	721
421a0765-d109-45bd-9fb1-4b8d84abef75	NR_043314.1	98.533	409	5	1	1	409	1074	1481	0.0	721
421a0765-d109-45bd-9fb1-4b8d84abef75	NR_042199.1	98.533	409	5	1	1	409	1056	1463	0.0	721
421a0765-d109-45bd-9fb1-4b8d84abef75	NR_114225.1	98.529	408	5	1	1	408	1056	1462	0.0	721
6bb1b009-b4ca-45f8-ba11-6a39195198c8	NR_156986.1	93.147	1109	39	25	1	1088	1093	1	0.0	1592
6bb1b009-b4ca-45f8-ba11-6a39195198c8	NR_156987.1	93.057	1109	40	25	1	1088	1093	1	0.0	1587
6bb1b009-b4ca-45f8-ba11-6a39195198c8	NR_199514.1	93.057	1109	40	25	1	1088	1105	13	0.0	1587
6bb1b009-b4ca-45f8-ba11-6a39195198c8	NR_199513.1	92.967	1109	43	23	1	1089	1112	19	0.0	1583
6bb1b009-b4ca-45f8-ba11-6a39195198c8	NR_024901.1	92.967	1109	41	25	1	1088	1098	6	0.0	1581
5e734967-a1bc-4d02-a245-38cc87c3221e	NR_179540.1	97.317	1230	14	13	10	1226	1237	14	0.0	2071
5e734967-a1bc-4d02-a245-38cc87c3221e	NR_118234.1	96.756	1233	17	16	10	1226	1236	11	0.0	2034
5e734967-a1bc-4d02-a245-38cc87c3221e	NR_028664.1	96.588	1231	21	15	10	1226	1240	17	0.0	2021
5e734967-a1bc-4d02-a245-38cc87c3221e	NR_179383.1	96.588	1231	21	15	10	1226	1244	21	0.0	2021
5e734967-a1bc-4d02-a245-38cc87c3221e	NR_179385.1	96.588	1231	21	15	10	1226	1241	18	0.0	2021
e2875ece-8e91-40b0-aa9f-b81e834727d4	NR_041953.1	93.037	1350	58	26	1	1325	1339	1	0.0	1940
e2875ece-8e91-40b0-aa9f-b81e834727d4	NR_029042.2	92.847	1356	65	23	1	1333	1359	13	0.0	1940
e2875ece-8e91-40b0-aa9f-b81e834727d4	NR_181875.1	92.778	1357	64	25	1	1333	1350	4	0.0	1932
e2875ece-8e91-40b0-aa9f-b81e834727d4	NR_197706.1	92.762	1354	69	20	1	1333	1365	20	0.0	1930
e2875ece-8e91-40b0-aa9f-b81e834727d4	NR_024918.1	92.557	1357	67	24	1	1333	1352	6	0.0	1925
b69293a7-1d8c-443c-9e05-289b8bccbaa8	NR_042776.1	97.598	458	8	3	3	458	1041	1497	0.0	782
b69293a7-1d8c-443c-9e05-289b8bccbaa8	NR_042777.1	97.598	458	8	3	3	458	1040	1496	0.0	782
b69293a7-1d8c-443c-9e05-289b8bccbaa8	NR_042778.1	97.386	459	7	5	3	458	1041	1497	0.0	776
b69293a7-1d8c-443c-9e05-289b8bccbaa8	NR_118998.1	97.386	459	7	5	3	458	1035	1491	0.0	776
b69293a7-1d8c-443c-9e05-289b8bccbaa8	NR_197695.1	97.386	459	7	5	3	458	1040	1496	0.0	776
0ec6c0d8-1639-4603-a8dc-09a1f84a8dc1	NR_025174.1	92.315	1093	41	34	18	1079	1093	13	0.0	1513
0ec6c0d8-1639-4603-a8dc-09a1f84a8dc1	NR_179337.1	92.230	1094	42	33	18	1079	1091	9	0.0	1509
0ec6c0d8-1639-4603-a8dc-09a1f84a8dc1	NR_028986.1	92.048	1094	44	33	18	1079	1087	5	0.0	1498
0ec6c0d8-1639-4603-a8dc-09a1f84a8dc1	NR_028987.1	92.048	1094	44	33	18	1079	1087	5	0.0	1498
0ec6c0d8-1639-4603-a8dc-09a1f84a8dc1	NR_114595.1	91.956	1094	45	33	18	1079	1107	25	0.0	1495
059eb7a2-19d3-4556-97f8-727b14735f21	NR_042776.1	96.547	695	13	8	1	692	17	703	0.0	1140
059eb7a2-19d3-4556-97f8-727b14735f21	NR_042778.1	96.259	695	15	8	1	692	17	703	0.0	1129
059eb7a2-19d3-4556-97f8-727b14735f21	NR_042777.1	96.115	695	15	9	1	692	17	702	0.0	1123
059eb7a2-19d3-4556-97f8-727b14735f21	NR_197695.1	95.827	695	18	8	1	692	16	702	0.0	1112
059eb7a2-19d3-4556-97f8-727b14735f21	NR_118998.1	95.683	695	19	9	1	692	12	698	0.0	1109
c17dbccc-f9fa-43a5-808e-7a3590fe820d	NR_114764.1	86.182	1129	59	67	1	1047	353	1466	0.0	1133
c17dbccc-f9fa-43a5-808e-7a3590fe820d	NR_044753.1	84.381	1114	80	64	1	1034	374	1473	0.0	1031
c17dbccc-f9fa-43a5-808e-7a3590fe820d	NR_036871.1	83.894	1130	80	72	1	1046	350	1461	0.0	985
c17dbccc-f9fa-43a5-808e-7a3590fe820d	NR_115546.2	83.656	1138	83	73	1	1053	380	1499	0.0	976
c17dbccc-f9fa-43a5-808e-7a3590fe820d	NR_118142.1	85.337	1023	59	61	1	942	350	1362	0.0	974
2c37bf09-7350-4606-a4c7-dfc9afa8c69c	NR_156072.1	97.078	308	7	2	1	306	796	1103	1.11e-146	518
2c37bf09-7350-4606-a4c7-dfc9afa8c69c	NR_178515.1	97.078	308	7	2	1	306	776	1083	1.11e-146	518
2c37bf09-7350-4606-a4c7-dfc9afa8c69c	NR_180875.1	97.078	308	7	2	1	306	755	1062	1.11e-146	518
2c37bf09-7350-4606-a4c7-dfc9afa8c69c	NR_024842.1	96.753	308	8	2	1	306	791	1098	5.17e-145	512
2c37bf09-7350-4606-a4c7-dfc9afa8c69c	NR_042553.1	96.753	308	8	2	1	306	720	1027	5.17e-145	512
90af8d2b-b7ea-46f6-9e3a-d8cb6feca634	NR_041989.1	93.381	982	34	23	1	957	976	1	0.0	1424
90af8d2b-b7ea-46f6-9e3a-d8cb6feca634	NR_042240.1	88.748	1022	79	29	1	995	1033	21	0.0	1218
90af8d2b-b7ea-46f6-9e3a-d8cb6feca634	NR_044793.1	84.785	999	111	36	23	995	1008	25	0.0	965
90af8d2b-b7ea-46f6-9e3a-d8cb6feca634	NR_117675.1	84.770	998	113	34	23	995	1007	24	0.0	965
90af8d2b-b7ea-46f6-9e3a-d8cb6feca634	NR_025358.1	84.523	995	115	32	27	995	996	15	0.0	948
e852dc5e-804c-4c5f-b0d5-5b51c67a32d4	NR_115355.1	96.680	512	12	5	8	516	510	1	0.0	850
e852dc5e-804c-4c5f-b0d5-5b51c67a32d4	NR_119168.1	96.686	513	12	5	8	517	515	5	0.0	848
e852dc5e-804c-4c5f-b0d5-5b51c67a32d4	NR_119169.1	96.491	513	13	5	8	517	515	5	0.0	846
e852dc5e-804c-4c5f-b0d5-5b51c67a32d4	NR_163639.1	96.680	512	11	6	8	517	526	19	0.0	846
e852dc5e-804c-4c5f-b0d5-5b51c67a32d4	NR_074980.1	96.491	513	13	5	8	517	537	27	0.0	843
5d0b0175-6484-429c-b324-719ded8c25ea	NR_133752.1	91.904	877	50	17	53	915	1345	476	0.0	1206
5d0b0175-6484-429c-b324-719ded8c25ea	NR_133753.1	91.904	877	50	17	53	915	1374	505	0.0	1206
5d0b0175-6484-429c-b324-719ded8c25ea	NR_025904.1	91.904	877	50	17	53	915	1419	550	0.0	1206
5d0b0175-6484-429c-b324-719ded8c25ea	NR_025903.1	91.904	877	50	17	53	915	1420	551	0.0	1206
5d0b0175-6484-429c-b324-719ded8c25ea	NR_036920.1	91.200	875	60	13	53	915	1413	544	0.0	1173
9f26f728-69a4-48ad-aa24-81330f31ae37	NR_044549.1	77.107	878	155	39	59	912	230	1085	1.75e-130	466
9f26f728-69a4-48ad-aa24-81330f31ae37	NR_116730.1	78.371	749	129	28	59	793	227	956	3.80e-127	455
9f26f728-69a4-48ad-aa24-81330f31ae37	NR_074979.1	78.008	773	102	52	462	1179	668	1427	1.07e-117	424
9f26f728-69a4-48ad-aa24-81330f31ae37	NR_074979.1	83.938	193	25	6	59	248	247	436	2.56e-44	180
9f26f728-69a4-48ad-aa24-81330f31ae37	NR_115337.1	78.008	773	102	52	462	1179	652	1411	1.07e-117	424
9f26f728-69a4-48ad-aa24-81330f31ae37	NR_115337.1	83.938	193	25	6	59	248	231	420	2.56e-44	180
9f26f728-69a4-48ad-aa24-81330f31ae37	NR_172696.1	76.087	874	165	34	58	908	198	1050	1.79e-115	416
9f26f728-69a4-48ad-aa24-81330f31ae37	NR_172696.1	84.127	126	15	3	1061	1181	1232	1357	2.04e-25	117
73d9b7fa-129b-4ae4-af2d-17dac3251838	NR_199513.1	96.727	1375	27	15	1	1368	130	1493	0.0	2274
73d9b7fa-129b-4ae4-af2d-17dac3251838	NR_041953.1	96.582	1375	29	15	1	1368	103	1466	0.0	2263
73d9b7fa-129b-4ae4-af2d-17dac3251838	NR_113600.1	96.645	1371	28	18	1	1364	103	1462	0.0	2263
73d9b7fa-129b-4ae4-af2d-17dac3251838	NR_024928.1	96.509	1375	30	18	1	1368	116	1479	0.0	2259
73d9b7fa-129b-4ae4-af2d-17dac3251838	NR_042541.1	96.509	1375	30	15	1	1368	103	1466	0.0	2259
3965f9c8-7c8d-4f2e-be4d-33876dfcb475	NR_116168.1	90.567	1463	87	41	1	1427	1461	14	0.0	1890
3965f9c8-7c8d-4f2e-be4d-33876dfcb475	NR_118762.1	89.330	1462	108	38	1	1428	1463	16	0.0	1832
3965f9c8-7c8d-4f2e-be4d-33876dfcb475	NR_025423.1	89.870	1461	93	44	1	1422	1445	1	0.0	1827
3965f9c8-7c8d-4f2e-be4d-33876dfcb475	NR_181418.1	89.018	1466	106	43	1	1428	1460	12	0.0	1764
3965f9c8-7c8d-4f2e-be4d-33876dfcb475	NR_042878.1	90.051	1377	86	40	79	1419	1362	1	0.0	1740
3ad0c5ba-7b13-42a7-a71e-a020df492aa9	NR_117694.1	93.032	818	30	22	5	805	657	1464	0.0	1170
3ad0c5ba-7b13-42a7-a71e-a020df492aa9	NR_025892.1	92.761	815	32	22	5	802	682	1486	0.0	1158
3ad0c5ba-7b13-42a7-a71e-a020df492aa9	NR_117692.1	92.787	818	32	22	5	805	657	1464	0.0	1158
3ad0c5ba-7b13-42a7-a71e-a020df492aa9	NR_025902.1	92.543	818	34	22	5	805	635	1442	0.0	1147
3ad0c5ba-7b13-42a7-a71e-a020df492aa9	NR_121687.1	92.543	818	34	22	5	805	677	1484	0.0	1147
6121b766-e0e1-44c1-ab42-1aff7c8c5126	NR_024901.1	89.397	481	25	21	14	478	476	6	6.20e-166	582
6121b766-e0e1-44c1-ab42-1aff7c8c5126	NR_024912.1	89.397	481	25	21	14	478	476	6	6.20e-166	582
6121b766-e0e1-44c1-ab42-1aff7c8c5126	NR_024928.1	89.397	481	25	21	14	478	476	6	6.20e-166	582
6121b766-e0e1-44c1-ab42-1aff7c8c5126	NR_156986.1	89.397	481	25	21	14	478	471	1	6.20e-166	582
6121b766-e0e1-44c1-ab42-1aff7c8c5126	NR_156987.1	89.397	481	25	21	14	478	471	1	6.20e-166	582
5e86c479-6422-4242-adea-5ed742ff84af	NR_040859.1	96.948	557	9	7	1	556	370	919	0.0	928
5e86c479-6422-4242-adea-5ed742ff84af	NR_104278.1	96.948	557	9	7	1	556	370	919	0.0	928
5e86c479-6422-4242-adea-5ed742ff84af	NR_104280.1	96.948	557	9	7	1	556	370	919	0.0	928
5e86c479-6422-4242-adea-5ed742ff84af	NR_113855.1	96.948	557	9	7	1	556	358	907	0.0	928
5e86c479-6422-4242-adea-5ed742ff84af	NR_113856.1	96.948	557	9	7	1	556	358	907	0.0	928
d25ff6a2-366a-4a36-abcd-858de8805ac0	NR_117717.1	98.000	500	4	5	1	495	989	1487	0.0	863
d25ff6a2-366a-4a36-abcd-858de8805ac0	NR_117696.1	98.000	500	4	5	1	495	956	1454	0.0	863
d25ff6a2-366a-4a36-abcd-858de8805ac0	NR_159079.1	97.800	500	5	5	1	495	965	1463	0.0	857
d25ff6a2-366a-4a36-abcd-858de8805ac0	NR_117694.1	97.800	500	5	5	1	495	969	1467	0.0	857
d25ff6a2-366a-4a36-abcd-858de8805ac0	NR_025902.1	97.600	500	6	5	1	495	947	1445	0.0	852
b451a3a9-1b61-4b63-aa23-cbaad969eebd	NR_117694.1	95.573	655	14	11	6	649	1	651	0.0	1035
b451a3a9-1b61-4b63-aa23-cbaad969eebd	NR_025892.1	93.930	659	26	11	1	649	22	676	0.0	1003
b451a3a9-1b61-4b63-aa23-cbaad969eebd	NR_121687.1	93.797	661	24	13	1	649	16	671	0.0	977
b451a3a9-1b61-4b63-aa23-cbaad969eebd	NR_117692.1	93.130	655	30	11	6	649	1	651	0.0	946
b451a3a9-1b61-4b63-aa23-cbaad969eebd	NR_117717.1	92.587	661	32	13	1	649	17	672	0.0	933
f67968c1-c730-4aa3-ad6f-563a02947023	NR_199513.1	98.039	408	3	4	1	404	623	217	0.0	704
f67968c1-c730-4aa3-ad6f-563a02947023	NR_041953.1	97.794	408	4	4	1	404	596	190	0.0	699
f67968c1-c730-4aa3-ad6f-563a02947023	NR_178447.1	97.794	408	4	4	1	404	530	124	0.0	699
f67968c1-c730-4aa3-ad6f-563a02947023	NR_178854.1	97.794	408	4	4	1	404	596	190	0.0	699
f67968c1-c730-4aa3-ad6f-563a02947023	NR_179889.1	97.794	408	4	4	1	404	623	217	0.0	699
7057c371-e4dc-4e20-9cbd-a14dcc70fe87	NR_164626.1	97.800	409	4	4	1	407	406	1	0.0	701
7057c371-e4dc-4e20-9cbd-a14dcc70fe87	NR_024912.1	97.789	407	4	4	1	405	409	6	0.0	697
7057c371-e4dc-4e20-9cbd-a14dcc70fe87	NR_028706.1	97.789	407	4	4	1	405	417	14	0.0	697
7057c371-e4dc-4e20-9cbd-a14dcc70fe87	NR_042939.1	97.789	407	4	4	1	405	415	12	0.0	697
7057c371-e4dc-4e20-9cbd-a14dcc70fe87	NR_114473.1	97.789	407	4	4	1	405	404	1	0.0	697
e4360424-e5ed-41dc-8984-07c4449d11ba	NR_115560.1	90.166	783	37	33	2	764	773	11	0.0	983
e4360424-e5ed-41dc-8984-07c4449d11ba	NR_115561.1	86.129	793	60	37	2	764	783	11	0.0	809
e4360424-e5ed-41dc-8984-07c4449d11ba	NR_042776.1	85.732	785	66	35	2	762	780	18	0.0	787
e4360424-e5ed-41dc-8984-07c4449d11ba	NR_028666.1	85.588	791	64	36	2	762	779	9	0.0	784
e4360424-e5ed-41dc-8984-07c4449d11ba	NR_042778.1	85.605	785	67	35	2	762	780	18	0.0	782
cd48d28a-490b-4f75-aa36-633c54b6e7c8	NR_104947.1	90.154	325	10	18	8	314	1342	1022	3.31e-112	403
cd48d28a-490b-4f75-aa36-633c54b6e7c8	NR_117717.1	90.154	325	10	18	8	314	1389	1069	3.31e-112	403
cd48d28a-490b-4f75-aa36-633c54b6e7c8	NR_121688.1	90.154	325	10	18	8	314	1389	1069	3.31e-112	403
cd48d28a-490b-4f75-aa36-633c54b6e7c8	NR_041989.1	90.154	325	10	18	8	314	1327	1007	3.31e-112	403
cd48d28a-490b-4f75-aa36-633c54b6e7c8	NR_117694.1	90.154	325	10	18	8	314	1369	1049	3.31e-112	403
39f5ddb0-8aca-46ae-949e-edbf3679a7ca	NR_179385.1	94.568	902	24	20	5	887	601	1496	0.0	1371
39f5ddb0-8aca-46ae-949e-edbf3679a7ca	NR_199545.1	94.568	902	24	20	5	887	597	1492	0.0	1371
39f5ddb0-8aca-46ae-949e-edbf3679a7ca	NR_028665.1	94.235	902	27	20	5	887	594	1489	0.0	1354
39f5ddb0-8aca-46ae-949e-edbf3679a7ca	NR_165741.1	94.321	898	26	20	5	883	586	1477	0.0	1352
39f5ddb0-8aca-46ae-949e-edbf3679a7ca	NR_115239.1	94.209	898	27	20	5	883	577	1468	0.0	1347
a1051c7b-b7ee-484c-9267-e91a989236c2	NR_116168.1	95.112	1207	33	20	1	1189	1212	14	0.0	1879
a1051c7b-b7ee-484c-9267-e91a989236c2	NR_042878.1	94.825	1198	37	19	1	1180	1191	1	0.0	1857
a1051c7b-b7ee-484c-9267-e91a989236c2	NR_118762.1	93.289	1207	56	19	1	1190	1214	16	0.0	1796
a1051c7b-b7ee-484c-9267-e91a989236c2	NR_118143.1	93.333	1200	53	20	1	1180	1193	1	0.0	1749
a1051c7b-b7ee-484c-9267-e91a989236c2	NR_025423.1	92.608	1204	58	23	1	1182	1196	2	0.0	1701
7e7d906c-e5df-4e27-88e7-aaaee1e90ac0	NR_133752.1	97.091	722	8	13	1	714	1171	455	0.0	1205
7e7d906c-e5df-4e27-88e7-aaaee1e90ac0	NR_133753.1	97.091	722	8	13	1	714	1200	484	0.0	1205
7e7d906c-e5df-4e27-88e7-aaaee1e90ac0	NR_025904.1	97.091	722	8	13	1	714	1245	529	0.0	1205
7e7d906c-e5df-4e27-88e7-aaaee1e90ac0	NR_025903.1	97.091	722	8	13	1	714	1246	530	0.0	1205
7e7d906c-e5df-4e27-88e7-aaaee1e90ac0	NR_026419.1	96.537	722	12	13	1	714	1234	518	0.0	1182
b65ef908-8226-457a-a8e1-e7bf6ddb76d6	NR_117694.1	91.603	524	23	15	1	504	523	1	0.0	704
b65ef908-8226-457a-a8e1-e7bf6ddb76d6	NR_025892.1	89.753	527	33	14	1	507	549	24	0.0	667
b65ef908-8226-457a-a8e1-e7bf6ddb76d6	NR_104830.1	89.205	528	35	14	1	507	538	12	0.0	640
b65ef908-8226-457a-a8e1-e7bf6ddb76d6	NR_117717.1	88.826	528	36	17	1	507	544	19	3.02e-179	627
b65ef908-8226-457a-a8e1-e7bf6ddb76d6	NR_121688.1	88.826	528	36	17	1	507	543	18	3.02e-179	627
93f4f4bc-50f4-4f0c-8016-7384940a619c	NR_117694.1	98.594	640	3	5	1	636	119	756	0.0	1127
93f4f4bc-50f4-4f0c-8016-7384940a619c	NR_025892.1	96.719	640	14	6	1	636	145	781	0.0	1079
93f4f4bc-50f4-4f0c-8016-7384940a619c	NR_041989.1	97.192	641	10	7	1	636	77	714	0.0	1077
93f4f4bc-50f4-4f0c-8016-7384940a619c	NR_121687.1	97.036	641	11	7	1	636	139	776	0.0	1072
93f4f4bc-50f4-4f0c-8016-7384940a619c	NR_041988.1	96.256	641	16	7	1	636	77	714	0.0	1044
648a0c99-4e86-49f7-a944-c1e0281fd91e	NR_040859.1	94.079	152	8	1	1	151	346	497	2.74e-60	230
648a0c99-4e86-49f7-a944-c1e0281fd91e	NR_024901.1	94.079	152	8	1	1	151	347	498	2.74e-60	230
648a0c99-4e86-49f7-a944-c1e0281fd91e	NR_024912.1	94.079	152	8	1	1	151	347	498	2.74e-60	230
648a0c99-4e86-49f7-a944-c1e0281fd91e	NR_024928.1	94.079	152	8	1	1	151	347	498	2.74e-60	230
648a0c99-4e86-49f7-a944-c1e0281fd91e	NR_025228.1	94.079	152	8	1	1	151	330	481	2.74e-60	230
7ebf65df-eb90-4d43-8c39-25ad7582e674	NR_116899.1	97.400	1000	16	10	1	995	456	1450	0.0	1694
7ebf65df-eb90-4d43-8c39-25ad7582e674	NR_179889.1	97.400	1000	16	10	1	995	496	1490	0.0	1694
7ebf65df-eb90-4d43-8c39-25ad7582e674	NR_199515.1	97.400	1000	16	10	1	995	498	1492	0.0	1694
7ebf65df-eb90-4d43-8c39-25ad7582e674	NR_024918.1	97.300	1000	17	9	1	995	482	1476	0.0	1688
7ebf65df-eb90-4d43-8c39-25ad7582e674	NR_041799.1	97.303	1001	15	12	1	995	469	1463	0.0	1688
798973b9-36ff-41e9-819e-eb9fe91d790e	NR_179889.1	95.238	1092	36	14	1	1081	404	1490	0.0	1714
798973b9-36ff-41e9-819e-eb9fe91d790e	NR_041953.1	95.147	1092	37	14	1	1081	377	1463	0.0	1709
798973b9-36ff-41e9-819e-eb9fe91d790e	NR_042541.1	95.147	1092	37	14	1	1081	377	1463	0.0	1709
798973b9-36ff-41e9-819e-eb9fe91d790e	NR_178854.1	95.147	1092	36	15	1	1081	377	1462	0.0	1707
798973b9-36ff-41e9-819e-eb9fe91d790e	NR_178447.1	95.055	1092	38	14	1	1081	311	1397	0.0	1703
d1e02991-b5ad-410d-9176-e585152997e0	NR_041722.2	97.647	85	0	1	5	89	1427	1509	5.41e-35	145
d1e02991-b5ad-410d-9176-e585152997e0	NR_028665.1	97.647	85	0	1	5	89	1407	1489	5.41e-35	145
d1e02991-b5ad-410d-9176-e585152997e0	NR_028736.1	97.647	85	0	1	5	89	1416	1498	5.41e-35	145
d1e02991-b5ad-410d-9176-e585152997e0	NR_041721.1	97.647	85	0	1	5	89	1415	1497	5.41e-35	145
d1e02991-b5ad-410d-9176-e585152997e0	NR_112704.1	97.647	85	0	1	5	89	1311	1393	5.41e-35	145
aef107e8-78a9-46a6-8fc3-8fc808b44127	NR_041989.1	95.666	323	8	6	1	319	800	1120	1.49e-145	514
aef107e8-78a9-46a6-8fc3-8fc808b44127	NR_028900.1	95.356	323	9	6	1	319	800	1120	6.95e-144	508
aef107e8-78a9-46a6-8fc3-8fc808b44127	NR_043458.1	95.356	323	9	6	1	319	863	1183	6.95e-144	508
aef107e8-78a9-46a6-8fc3-8fc808b44127	NR_043459.1	95.356	323	9	6	1	319	866	1186	6.95e-144	508
aef107e8-78a9-46a6-8fc3-8fc808b44127	NR_121687.1	95.356	323	9	6	1	319	862	1182	6.95e-144	508
cce61e64-435d-49f4-9193-3995ae478058	NR_042927.1	96.705	789	19	6	1	786	336	1120	0.0	1306
cce61e64-435d-49f4-9193-3995ae478058	NR_114413.1	96.705	789	19	6	1	786	359	1143	0.0	1306
cce61e64-435d-49f4-9193-3995ae478058	NR_115734.1	96.705	789	19	6	1	786	337	1121	0.0	1306
cce61e64-435d-49f4-9193-3995ae478058	NR_116210.1	96.705	789	19	6	1	786	199	983	0.0	1306
cce61e64-435d-49f4-9193-3995ae478058	NR_199544.1	96.705	789	19	6	1	786	312	1096	0.0	1306
dbb25317-980e-4b9c-ab24-51e96cc05272	NR_025862.1	93.935	643	24	15	1	635	646	11	0.0	965
dbb25317-980e-4b9c-ab24-51e96cc05272	NR_028682.1	91.304	644	34	21	1	632	647	14	0.0	859
dbb25317-980e-4b9c-ab24-51e96cc05272	NR_026454.1	88.889	630	49	21	1	616	623	1	0.0	756
dbb25317-980e-4b9c-ab24-51e96cc05272	NR_042406.1	90.053	563	39	17	1	553	637	82	0.0	713
dbb25317-980e-4b9c-ab24-51e96cc05272	NR_024906.1	89.894	564	38	16	1	553	636	81	0.0	708
a2070689-5773-4216-ab2c-ba431ed1258a	NR_113368.1	92.857	1022	43	22	19	1017	449	1463	0.0	1456
a2070689-5773-4216-ab2c-ba431ed1258a	NR_026094.1	92.787	1012	43	22	19	1007	449	1453	0.0	1437
a2070689-5773-4216-ab2c-ba431ed1258a	NR_044777.1	92.567	1009	47	20	19	1005	427	1429	0.0	1424
a2070689-5773-4216-ab2c-ba431ed1258a	NR_119228.1	92.490	1012	48	20	19	1008	412	1417	0.0	1423
a2070689-5773-4216-ab2c-ba431ed1258a	NR_043464.1	90.341	1025	66	25	19	1017	425	1442	0.0	1315
47f47a7a-91a1-4acf-9fc9-716a24fb9ec6	NR_043314.1	97.096	551	9	6	1	546	933	1481	0.0	922
47f47a7a-91a1-4acf-9fc9-716a24fb9ec6	NR_116899.1	97.096	551	9	6	1	546	902	1450	0.0	922
47f47a7a-91a1-4acf-9fc9-716a24fb9ec6	NR_178854.1	97.096	551	9	6	1	546	914	1462	0.0	922
47f47a7a-91a1-4acf-9fc9-716a24fb9ec6	NR_179889.1	97.096	551	9	6	1	546	942	1490	0.0	922
47f47a7a-91a1-4acf-9fc9-716a24fb9ec6	NR_041799.1	96.915	551	10	6	1	546	915	1463	0.0	917
61739ccb-01a6-41bf-ba03-ac9582f03d87	NR_178976.1	96.355	1262	24	19	1	1253	1252	4	0.0	2056
61739ccb-01a6-41bf-ba03-ac9582f03d87	NR_156986.1	96.276	1262	25	19	1	1253	1261	13	0.0	2050
61739ccb-01a6-41bf-ba03-ac9582f03d87	NR_113600.1	96.197	1262	26	19	1	1253	1253	5	0.0	2047
61739ccb-01a6-41bf-ba03-ac9582f03d87	NR_024928.1	96.197	1262	26	19	1	1253	1266	18	0.0	2045
61739ccb-01a6-41bf-ba03-ac9582f03d87	NR_156987.1	96.197	1262	26	19	1	1253	1261	13	0.0	2045
bd9ae79f-18ea-4ff3-bcd5-2734c54e0b04	NR_156986.1	95.451	1385	32	23	12	1379	1371	1	0.0	2180
bd9ae79f-18ea-4ff3-bcd5-2734c54e0b04	NR_024912.1	95.382	1386	31	25	12	1379	1376	6	0.0	2174
bd9ae79f-18ea-4ff3-bcd5-2734c54e0b04	NR_156987.1	95.379	1385	33	23	12	1379	1371	1	0.0	2174
bd9ae79f-18ea-4ff3-bcd5-2734c54e0b04	NR_024928.1	95.310	1386	32	25	12	1379	1376	6	0.0	2170
bd9ae79f-18ea-4ff3-bcd5-2734c54e0b04	NR_199513.1	95.242	1387	35	23	12	1381	1390	18	0.0	2167
86716dd1-cdb0-48c0-99fd-3d98c5544361	NR_024912.1	92.757	428	22	8	14	437	473	51	2.82e-174	610
86716dd1-cdb0-48c0-99fd-3d98c5544361	NR_042147.1	92.757	428	22	8	14	437	460	38	2.82e-174	610
86716dd1-cdb0-48c0-99fd-3d98c5544361	NR_156986.1	92.757	428	22	8	14	437	468	46	2.82e-174	610
86716dd1-cdb0-48c0-99fd-3d98c5544361	NR_178976.1	92.757	428	22	8	14	437	459	37	2.82e-174	610
86716dd1-cdb0-48c0-99fd-3d98c5544361	NR_113600.1	92.523	428	23	8	14	437	460	38	3.65e-173	606
32639651-ca97-413b-8542-a2b3ba589f91	NR_117692.1	92.785	1289	70	16	1	1279	197	1472	0.0	1844
32639651-ca97-413b-8542-a2b3ba589f91	NR_041989.1	94.307	1212	46	17	1	1202	155	1353	0.0	1834
32639651-ca97-413b-8542-a2b3ba589f91	NR_025902.1	92.630	1289	72	16	1	1279	175	1450	0.0	1832
32639651-ca97-413b-8542-a2b3ba589f91	NR_117694.1	92.558	1290	71	18	1	1279	197	1472	0.0	1827
32639651-ca97-413b-8542-a2b3ba589f91	NR_117696.1	92.469	1288	75	14	1	1279	185	1459	0.0	1821
e63774df-78a2-4b1d-9b5d-434e796c3b20	NR_043314.1	97.051	373	5	4	13	380	1110	1481	2.88e-178	623
e63774df-78a2-4b1d-9b5d-434e796c3b20	NR_114749.1	97.051	373	5	4	13	380	1112	1483	2.88e-178	623
e63774df-78a2-4b1d-9b5d-434e796c3b20	NR_116899.1	97.051	373	5	4	13	380	1079	1450	2.88e-178	623
e63774df-78a2-4b1d-9b5d-434e796c3b20	NR_178854.1	97.051	373	5	4	13	380	1091	1462	2.88e-178	623
e63774df-78a2-4b1d-9b5d-434e796c3b20	NR_179889.1	97.051	373	5	4	13	380	1119	1490	2.88e-178	623
7867fe67-156e-4b35-91f9-b88b6e29baf6	NR_179385.1	94.526	1023	30	22	10	1011	1033	16	0.0	1555
7867fe67-156e-4b35-91f9-b88b6e29baf6	NR_199545.1	94.526	1023	30	22	10	1011	1029	12	0.0	1555
7867fe67-156e-4b35-91f9-b88b6e29baf6	NR_028664.1	94.233	1023	33	22	10	1011	1032	15	0.0	1539
7867fe67-156e-4b35-91f9-b88b6e29baf6	NR_179383.1	94.135	1023	34	22	10	1011	1036	19	0.0	1533
7867fe67-156e-4b35-91f9-b88b6e29baf6	NR_165741.1	94.037	1023	35	22	10	1011	1018	1	0.0	1528
18e21a20-4a6c-46cd-8959-066368551892	NR_040859.1	100.000	94	0	0	1	94	1382	1475	7.28e-44	174
18e21a20-4a6c-46cd-8959-066368551892	NR_028806.1	100.000	94	0	0	1	94	1389	1482	7.28e-44	174
18e21a20-4a6c-46cd-8959-066368551892	NR_040992.1	100.000	94	0	0	1	94	1390	1483	7.28e-44	174
18e21a20-4a6c-46cd-8959-066368551892	NR_025881.1	100.000	94	0	0	1	94	1388	1481	7.28e-44	174
18e21a20-4a6c-46cd-8959-066368551892	NR_026395.1	100.000	94	0	0	1	94	1390	1483	7.28e-44	174
ccadd70d-4d12-4cfb-b987-e7b6da4c4a02	NR_156986.1	96.674	932	14	17	1	920	930	4	0.0	1533
ccadd70d-4d12-4cfb-b987-e7b6da4c4a02	NR_156987.1	96.567	932	15	17	1	920	930	4	0.0	1528
ccadd70d-4d12-4cfb-b987-e7b6da4c4a02	NR_199514.1	96.567	932	15	17	1	920	942	16	0.0	1528
ccadd70d-4d12-4cfb-b987-e7b6da4c4a02	NR_024901.1	96.459	932	16	17	1	920	935	9	0.0	1522
ccadd70d-4d12-4cfb-b987-e7b6da4c4a02	NR_024928.1	96.459	932	16	17	1	920	935	9	0.0	1522
3b479889-086b-4a5b-a20d-35ef3f323c89	NR_156986.1	97.883	992	8	12	7	988	1006	18	0.0	1703
3b479889-086b-4a5b-a20d-35ef3f323c89	NR_178976.1	97.883	992	8	12	7	988	997	9	0.0	1703
3b479889-086b-4a5b-a20d-35ef3f323c89	NR_199513.1	97.881	991	10	9	7	988	1025	37	0.0	1703
3b479889-086b-4a5b-a20d-35ef3f323c89	NR_113600.1	97.782	992	9	12	7	988	998	10	0.0	1700
3b479889-086b-4a5b-a20d-35ef3f323c89	NR_156987.1	97.782	992	9	12	7	988	1006	18	0.0	1698
0cb34c1f-6d86-4aef-a449-7d0354e1ff14	NR_043314.1	96.561	378	9	4	1	374	1109	1486	2.82e-178	623
0cb34c1f-6d86-4aef-a449-7d0354e1ff14	NR_114749.1	96.561	378	9	4	1	374	1111	1488	2.82e-178	623
0cb34c1f-6d86-4aef-a449-7d0354e1ff14	NR_116899.1	96.561	378	9	4	1	374	1078	1455	2.82e-178	623
0cb34c1f-6d86-4aef-a449-7d0354e1ff14	NR_178854.1	96.561	378	9	4	1	374	1090	1467	2.82e-178	623
0cb34c1f-6d86-4aef-a449-7d0354e1ff14	NR_179889.1	96.561	378	9	4	1	374	1118	1495	2.82e-178	623
d533f550-265a-4efb-9b40-8f8cceecfe83	NR_042776.1	97.051	1424	19	20	2	1412	90	1503	0.0	2375
d533f550-265a-4efb-9b40-8f8cceecfe83	NR_042777.1	96.840	1424	21	21	2	1412	90	1502	0.0	2359
d533f550-265a-4efb-9b40-8f8cceecfe83	NR_042778.1	96.770	1424	23	20	2	1412	90	1503	0.0	2353
d533f550-265a-4efb-9b40-8f8cceecfe83	NR_197695.1	96.669	1411	27	18	12	1412	102	1502	0.0	2327
d533f550-265a-4efb-9b40-8f8cceecfe83	NR_118998.1	96.138	1424	31	21	2	1412	85	1497	0.0	2305
f9872f65-0570-43c5-83fe-f81d5a5a927e	NR_043332.1	92.835	321	16	7	1	316	1168	1486	7.05e-129	459
f9872f65-0570-43c5-83fe-f81d5a5a927e	NR_074980.1	92.835	321	16	7	1	316	1195	1513	7.05e-129	459
f9872f65-0570-43c5-83fe-f81d5a5a927e	NR_113031.1	92.835	321	16	7	1	316	1195	1513	7.05e-129	459
f9872f65-0570-43c5-83fe-f81d5a5a927e	NR_113570.1	92.547	322	16	8	1	316	1175	1494	9.12e-128	455
f9872f65-0570-43c5-83fe-f81d5a5a927e	NR_119168.1	91.589	321	20	7	1	316	1173	1491	1.97e-124	444
a0957f43-d135-4d7b-8a4d-d70a540065db	NR_116168.1	94.322	1356	43	27	1	1339	149	1487	0.0	2047
a0957f43-d135-4d7b-8a4d-d70a540065db	NR_118762.1	92.889	1350	61	28	1	1333	152	1483	0.0	1962
a0957f43-d135-4d7b-8a4d-d70a540065db	NR_042878.1	94.489	1252	40	24	1	1240	128	1362	0.0	1910
a0957f43-d135-4d7b-8a4d-d70a540065db	NR_025423.1	91.950	1354	73	28	1	1336	133	1468	0.0	1864
a0957f43-d135-4d7b-8a4d-d70a540065db	NR_118143.1	93.131	1252	57	23	1	1240	130	1364	0.0	1810
456ff47d-0e19-454d-9af4-cad28acf309b	NR_040933.1	89.375	480	23	24	4	462	1017	1489	7.79e-165	579
456ff47d-0e19-454d-9af4-cad28acf309b	NR_117717.1	89.234	483	24	24	1	462	1012	1487	7.79e-165	579
456ff47d-0e19-454d-9af4-cad28acf309b	NR_117696.1	89.234	483	24	24	1	462	979	1454	7.79e-165	579
456ff47d-0e19-454d-9af4-cad28acf309b	NR_114040.1	89.331	478	24	23	4	461	996	1466	1.01e-163	575
456ff47d-0e19-454d-9af4-cad28acf309b	NR_025902.1	89.027	483	25	24	1	462	970	1445	3.63e-163	573
9c08196c-9dc1-46aa-94c3-b43a4360da22	NR_179227.1	95.862	145	3	3	3	145	156	13	7.04e-61	231
9c08196c-9dc1-46aa-94c3-b43a4360da22	NR_164626.1	95.238	147	4	3	3	147	146	1	2.53e-60	230
9c08196c-9dc1-46aa-94c3-b43a4360da22	NR_024901.1	95.172	145	4	3	3	145	149	6	3.28e-59	226
9c08196c-9dc1-46aa-94c3-b43a4360da22	NR_024912.1	95.172	145	4	3	3	145	149	6	3.28e-59	226
9c08196c-9dc1-46aa-94c3-b43a4360da22	NR_024928.1	95.172	145	4	3	3	145	149	6	3.28e-59	226
1b54ba3e-bc88-4485-bf7f-d6962ce9a821	NR_041880.1	96.784	342	3	7	12	346	946	606	1.61e-160	564
1b54ba3e-bc88-4485-bf7f-d6962ce9a821	NR_025762.1	96.784	342	3	7	12	346	968	628	1.61e-160	564
1b54ba3e-bc88-4485-bf7f-d6962ce9a821	NR_041879.1	96.784	342	3	7	12	346	947	607	1.61e-160	564
1b54ba3e-bc88-4485-bf7f-d6962ce9a821	NR_043332.1	96.784	342	3	7	12	346	990	650	1.61e-160	564
1b54ba3e-bc88-4485-bf7f-d6962ce9a821	NR_074980.1	96.784	342	3	7	12	346	1017	677	1.61e-160	564
b121ac4c-1bcc-4863-891d-e223a1724e9e	NR_179889.1	92.004	1038	49	25	5	1019	464	1490	0.0	1426
b121ac4c-1bcc-4863-891d-e223a1724e9e	NR_041953.1	92.958	994	40	23	5	975	437	1423	0.0	1421
b121ac4c-1bcc-4863-891d-e223a1724e9e	NR_042541.1	91.908	1038	50	25	5	1019	437	1463	0.0	1421
b121ac4c-1bcc-4863-891d-e223a1724e9e	NR_181014.1	92.958	994	40	23	5	975	437	1423	0.0	1421
b121ac4c-1bcc-4863-891d-e223a1724e9e	NR_024918.1	92.047	1031	48	25	12	1019	457	1476	0.0	1419
2285b64d-2ee3-4ae0-91b4-00d5074f1db8	NR_024918.1	91.322	484	30	11	5	483	1000	1476	0.0	651
2285b64d-2ee3-4ae0-91b4-00d5074f1db8	NR_028986.1	91.322	484	30	11	5	483	987	1463	0.0	651
2285b64d-2ee3-4ae0-91b4-00d5074f1db8	NR_042199.1	91.322	484	30	11	5	483	987	1463	0.0	651
2285b64d-2ee3-4ae0-91b4-00d5074f1db8	NR_117821.1	91.322	484	30	11	5	483	959	1435	0.0	651
2285b64d-2ee3-4ae0-91b4-00d5074f1db8	NR_164626.1	91.322	484	30	11	5	483	997	1473	0.0	651
9985177c-c0fd-4f2d-b86a-62728beedae0	NR_044873.1	93.769	674	22	17	1	658	796	1465	0.0	994
9985177c-c0fd-4f2d-b86a-62728beedae0	NR_074568.1	92.604	676	32	16	1	662	806	1477	0.0	955
9985177c-c0fd-4f2d-b86a-62728beedae0	NR_025310.1	91.900	679	33	20	1	662	786	1459	0.0	929
9985177c-c0fd-4f2d-b86a-62728beedae0	NR_044712.2	92.180	665	34	16	1	651	815	1475	0.0	929
9985177c-c0fd-4f2d-b86a-62728beedae0	NR_043968.1	91.876	677	35	18	1	662	764	1435	0.0	928
e30c1360-9270-4917-b51f-0b73a74e7603	NR_024912.1	96.091	486	8	10	1	480	486	6	0.0	782
e30c1360-9270-4917-b51f-0b73a74e7603	NR_156986.1	96.091	486	8	10	1	480	481	1	0.0	782
e30c1360-9270-4917-b51f-0b73a74e7603	NR_024901.1	95.885	486	9	10	1	480	486	6	0.0	776
e30c1360-9270-4917-b51f-0b73a74e7603	NR_024928.1	95.885	486	9	10	1	480	486	6	0.0	776
e30c1360-9270-4917-b51f-0b73a74e7603	NR_037092.1	95.885	486	8	12	1	480	490	11	0.0	776
603125c3-cf4e-4044-9980-0f86533ce2d3	NR_117694.1	97.241	1196	17	11	1	1185	280	1470	0.0	2012
603125c3-cf4e-4044-9980-0f86533ce2d3	NR_121687.1	96.823	1196	22	11	1	1185	300	1490	0.0	1984
603125c3-cf4e-4044-9980-0f86533ce2d3	NR_117692.1	96.661	1198	20	14	1	1185	280	1470	0.0	1973
603125c3-cf4e-4044-9980-0f86533ce2d3	NR_025902.1	96.494	1198	22	14	1	1185	258	1448	0.0	1962
603125c3-cf4e-4044-9980-0f86533ce2d3	NR_025892.1	96.040	1187	30	12	1	1176	306	1486	0.0	1940
813d8267-c692-438f-88cf-28ec7cec8ac6	NR_117694.1	98.958	192	2	0	1	192	206	15	1.33e-94	344
813d8267-c692-438f-88cf-28ec7cec8ac6	NR_025892.1	97.917	192	4	0	1	192	232	41	7.99e-92	335
813d8267-c692-438f-88cf-28ec7cec8ac6	NR_117692.1	94.792	192	10	0	1	192	206	15	2.92e-81	300
813d8267-c692-438f-88cf-28ec7cec8ac6	NR_041989.1	99.383	162	1	0	1	162	164	3	1.36e-79	294
813d8267-c692-438f-88cf-28ec7cec8ac6	NR_104830.1	93.750	192	12	0	1	192	221	30	6.31e-78	289
be734f32-d041-4801-9ab5-51569597636e	NR_164626.1	95.170	352	10	7	3	352	347	1	4.52e-156	549
be734f32-d041-4801-9ab5-51569597636e	NR_024912.1	95.143	350	10	7	3	350	350	6	5.85e-155	545
be734f32-d041-4801-9ab5-51569597636e	NR_028706.1	95.143	350	10	7	3	350	358	14	5.85e-155	545
be734f32-d041-4801-9ab5-51569597636e	NR_037092.1	95.143	350	10	7	3	350	355	11	5.85e-155	545
be734f32-d041-4801-9ab5-51569597636e	NR_042939.1	95.143	350	10	7	3	350	356	12	5.85e-155	545
a321f106-ae90-43cf-96a6-3764c3f2ee47	NR_117694.1	94.903	824	20	18	1	814	661	1472	0.0	1269
a321f106-ae90-43cf-96a6-3764c3f2ee47	NR_121687.1	94.417	824	24	18	1	814	681	1492	0.0	1247
a321f106-ae90-43cf-96a6-3764c3f2ee47	NR_117692.1	94.417	824	24	18	1	814	661	1472	0.0	1247
a321f106-ae90-43cf-96a6-3764c3f2ee47	NR_025892.1	94.588	813	22	18	1	803	686	1486	0.0	1243
a321f106-ae90-43cf-96a6-3764c3f2ee47	NR_025902.1	94.175	824	26	18	1	814	639	1450	0.0	1236
5c0ecf05-df9f-43b6-a76f-ba9c3873619b	NR_024912.1	99.065	535	4	1	1	535	539	6	0.0	959
5c0ecf05-df9f-43b6-a76f-ba9c3873619b	NR_156986.1	99.065	535	4	1	1	535	534	1	0.0	959
5c0ecf05-df9f-43b6-a76f-ba9c3873619b	NR_024901.1	98.879	535	5	1	1	535	539	6	0.0	953
5c0ecf05-df9f-43b6-a76f-ba9c3873619b	NR_024928.1	98.879	535	5	1	1	535	539	6	0.0	953
5c0ecf05-df9f-43b6-a76f-ba9c3873619b	NR_156987.1	98.879	535	5	1	1	535	534	1	0.0	953
93f114ff-b533-495f-9687-0078abad19cf	NR_026419.1	90.373	644	25	22	1	621	634	5	0.0	811
93f114ff-b533-495f-9687-0078abad19cf	NR_025903.1	88.602	658	35	25	1	635	646	6	0.0	763
93f114ff-b533-495f-9687-0078abad19cf	NR_025904.1	88.386	663	27	32	1	635	645	5	0.0	752
93f114ff-b533-495f-9687-0078abad19cf	NR_133753.1	89.465	598	30	19	1	580	600	18	0.0	725
93f114ff-b533-495f-9687-0078abad19cf	NR_036920.1	87.082	658	42	29	1	635	639	2	0.0	704
114f9c5e-2f07-4fac-b90a-7cc9010143b2	NR_117694.1	92.590	1471	59	43	1	1445	21	1467	0.0	2067
114f9c5e-2f07-4fac-b90a-7cc9010143b2	NR_121687.1	91.780	1472	69	46	1	1445	41	1487	0.0	2001
114f9c5e-2f07-4fac-b90a-7cc9010143b2	NR_025892.1	91.536	1465	73	45	1	1439	47	1486	0.0	1995
114f9c5e-2f07-4fac-b90a-7cc9010143b2	NR_117692.1	91.440	1472	74	46	1	1445	21	1467	0.0	1973
114f9c5e-2f07-4fac-b90a-7cc9010143b2	NR_025902.1	91.224	1470	76	47	4	1445	1	1445	0.0	1951
afb75ed5-daf7-4bca-afb9-eee752cddc48	NR_043314.1	91.892	518	24	14	1	511	975	1481	0.0	708
afb75ed5-daf7-4bca-afb9-eee752cddc48	NR_116899.1	91.892	518	24	14	1	511	944	1450	0.0	708
afb75ed5-daf7-4bca-afb9-eee752cddc48	NR_178854.1	91.892	518	24	14	1	511	956	1462	0.0	708
afb75ed5-daf7-4bca-afb9-eee752cddc48	NR_179889.1	91.892	518	24	14	1	511	984	1490	0.0	708
afb75ed5-daf7-4bca-afb9-eee752cddc48	NR_181891.1	91.892	518	24	15	1	511	980	1486	0.0	708
b37bfd6a-9b83-4876-b870-f115dcd5d826	NR_179889.1	94.783	1246	38	23	7	1229	249	1490	0.0	1916
b37bfd6a-9b83-4876-b870-f115dcd5d826	NR_041953.1	94.703	1246	39	23	7	1229	222	1463	0.0	1910
b37bfd6a-9b83-4876-b870-f115dcd5d826	NR_042541.1	94.703	1246	39	23	7	1229	222	1463	0.0	1910
b37bfd6a-9b83-4876-b870-f115dcd5d826	NR_178854.1	94.703	1246	38	24	7	1229	222	1462	0.0	1910
b37bfd6a-9b83-4876-b870-f115dcd5d826	NR_178447.1	94.623	1246	40	23	7	1229	156	1397	0.0	1905
61275e11-88f7-4db8-a418-2655ee745ef3	NR_181354.1	94.301	930	29	22	4	918	1406	486	0.0	1402
61275e11-88f7-4db8-a418-2655ee745ef3	NR_029050.1	94.105	933	29	24	4	918	1351	427	0.0	1395
61275e11-88f7-4db8-a418-2655ee745ef3	NR_180743.1	93.991	932	32	22	4	918	1384	460	0.0	1389
61275e11-88f7-4db8-a418-2655ee745ef3	NR_041799.1	93.891	933	31	25	4	918	1383	459	0.0	1384
61275e11-88f7-4db8-a418-2655ee745ef3	NR_041953.1	93.884	932	33	22	4	918	1383	459	0.0	1384
19fb57ec-b442-4479-ae50-59ea18c9da04	NR_026419.1	95.529	425	8	9	1	419	1035	1454	0.0	669
19fb57ec-b442-4479-ae50-59ea18c9da04	NR_133752.1	93.647	425	16	9	1	419	972	1391	9.71e-179	625
19fb57ec-b442-4479-ae50-59ea18c9da04	NR_133753.1	93.647	425	16	9	1	419	1001	1420	9.71e-179	625
19fb57ec-b442-4479-ae50-59ea18c9da04	NR_025904.1	93.647	425	16	9	1	419	1046	1465	9.71e-179	625
19fb57ec-b442-4479-ae50-59ea18c9da04	NR_025903.1	93.647	425	16	9	1	419	1047	1466	9.71e-179	625
3d748cbf-0a98-452f-8bae-50183cf97545	NR_117694.1	97.416	774	12	7	1	766	774	1	0.0	1312
3d748cbf-0a98-452f-8bae-50183cf97545	NR_025892.1	95.658	783	25	8	1	775	799	18	0.0	1267
3d748cbf-0a98-452f-8bae-50183cf97545	NR_121687.1	95.918	784	22	9	1	775	794	12	0.0	1262
3d748cbf-0a98-452f-8bae-50183cf97545	NR_117692.1	95.226	775	27	8	1	766	774	1	0.0	1218
3d748cbf-0a98-452f-8bae-50183cf97545	NR_117717.1	94.515	784	33	9	1	775	795	13	0.0	1201
10d225ac-a23a-497c-9e3d-d092a44a064f	NR_043314.1	96.855	477	11	4	1	474	1009	1484	0.0	795
10d225ac-a23a-497c-9e3d-d092a44a064f	NR_114749.1	96.855	477	11	4	1	474	1011	1486	0.0	795
10d225ac-a23a-497c-9e3d-d092a44a064f	NR_116899.1	96.855	477	11	4	1	474	978	1453	0.0	795
10d225ac-a23a-497c-9e3d-d092a44a064f	NR_178854.1	96.855	477	11	4	1	474	990	1465	0.0	795
10d225ac-a23a-497c-9e3d-d092a44a064f	NR_179889.1	96.855	477	11	4	1	474	1018	1493	0.0	795
bbf49f51-859d-4d2a-96a6-7049e0939d05	NR_041953.1	89.110	1157	50	57	1	1107	1154	24	0.0	1369
bbf49f51-859d-4d2a-96a6-7049e0939d05	NR_029050.1	89.102	1147	52	54	1	1099	1122	1	0.0	1358
bbf49f51-859d-4d2a-96a6-7049e0939d05	NR_029042.2	88.841	1156	55	55	1	1107	1174	44	0.0	1354
bbf49f51-859d-4d2a-96a6-7049e0939d05	NR_178447.1	89.720	1109	47	49	1	1064	1088	2	0.0	1354
bbf49f51-859d-4d2a-96a6-7049e0939d05	NR_117826.1	88.696	1150	58	53	1	1102	1126	1	0.0	1338
7a78abb0-6d6f-4aa6-a804-eff71b86762d	NR_024901.1	86.364	286	14	14	6	272	285	6	8.30e-78	289
7a78abb0-6d6f-4aa6-a804-eff71b86762d	NR_024911.1	86.364	286	14	14	6	272	285	6	8.30e-78	289
7a78abb0-6d6f-4aa6-a804-eff71b86762d	NR_024928.1	86.364	286	14	14	6	272	285	6	8.30e-78	289
7a78abb0-6d6f-4aa6-a804-eff71b86762d	NR_164626.1	86.111	288	15	14	6	274	282	1	2.98e-77	287
7a78abb0-6d6f-4aa6-a804-eff71b86762d	NR_024912.1	86.014	286	15	14	6	272	285	6	3.86e-76	283
2ed7fd6a-5bdd-47fb-869f-2e9fa4a621d6	NR_024912.1	95.777	592	17	7	3	590	593	6	0.0	948
2ed7fd6a-5bdd-47fb-869f-2e9fa4a621d6	NR_156986.1	95.777	592	17	7	3	590	588	1	0.0	948
2ed7fd6a-5bdd-47fb-869f-2e9fa4a621d6	NR_024901.1	95.608	592	18	7	3	590	593	6	0.0	942
2ed7fd6a-5bdd-47fb-869f-2e9fa4a621d6	NR_024928.1	95.608	592	18	7	3	590	593	6	0.0	942
2ed7fd6a-5bdd-47fb-869f-2e9fa4a621d6	NR_156987.1	95.608	592	18	7	3	590	588	1	0.0	942
5752eba3-0e9e-4034-a79f-c1139b97b458	NR_024912.1	92.800	500	17	15	8	492	525	30	0.0	706
5752eba3-0e9e-4034-a79f-c1139b97b458	NR_042147.1	92.800	500	17	15	8	492	512	17	0.0	706
5752eba3-0e9e-4034-a79f-c1139b97b458	NR_156986.1	92.800	500	17	15	8	492	520	25	0.0	706
5752eba3-0e9e-4034-a79f-c1139b97b458	NR_178976.1	92.800	500	17	15	8	492	511	16	0.0	706
5752eba3-0e9e-4034-a79f-c1139b97b458	NR_113600.1	92.600	500	18	15	8	492	512	17	0.0	702
656a022e-19d4-440b-afc5-6cee74a60ea0	NR_028665.1	95.756	377	9	6	1	374	1113	1485	1.31e-171	601
656a022e-19d4-440b-afc5-6cee74a60ea0	NR_115239.1	95.756	377	9	6	1	374	1096	1468	1.31e-171	601
656a022e-19d4-440b-afc5-6cee74a60ea0	NR_027214.1	95.756	377	9	6	1	374	1096	1468	1.31e-171	601
656a022e-19d4-440b-afc5-6cee74a60ea0	NR_165741.1	95.756	377	9	6	1	374	1105	1477	1.31e-171	601
656a022e-19d4-440b-afc5-6cee74a60ea0	NR_165744.1	95.756	377	9	6	1	374	1105	1477	1.31e-171	601
a2e519ef-39c0-4e52-b0ac-8daaee86a087	NR_113570.1	96.425	1091	21	15	13	1093	412	1494	0.0	1783
a2e519ef-39c0-4e52-b0ac-8daaee86a087	NR_043332.1	96.239	1090	24	14	13	1093	405	1486	0.0	1773
a2e519ef-39c0-4e52-b0ac-8daaee86a087	NR_074980.1	96.239	1090	24	14	13	1093	432	1513	0.0	1770
a2e519ef-39c0-4e52-b0ac-8daaee86a087	NR_113031.1	96.239	1090	24	14	13	1093	432	1513	0.0	1770
a2e519ef-39c0-4e52-b0ac-8daaee86a087	NR_115355.1	95.872	1090	28	14	13	1093	405	1486	0.0	1748
edaf90f1-1ad8-44aa-9121-e85b73986d93	NR_025892.1	97.073	205	4	1	1	205	706	908	1.31e-94	344
edaf90f1-1ad8-44aa-9121-e85b73986d93	NR_041989.1	97.073	205	4	1	1	205	639	841	1.31e-94	344
edaf90f1-1ad8-44aa-9121-e85b73986d93	NR_117694.1	97.073	205	4	1	1	205	681	883	1.31e-94	344
edaf90f1-1ad8-44aa-9121-e85b73986d93	NR_041988.1	96.585	205	5	2	1	205	639	841	6.11e-93	339
edaf90f1-1ad8-44aa-9121-e85b73986d93	NR_042976.1	96.585	205	5	1	1	205	689	891	6.11e-93	339
938d54a8-96f6-4298-bca2-b3d97016c7c8	NR_041953.1	90.121	577	27	17	2	573	159	710	0.0	723
938d54a8-96f6-4298-bca2-b3d97016c7c8	NR_178447.1	90.121	577	27	17	2	573	93	644	0.0	723
938d54a8-96f6-4298-bca2-b3d97016c7c8	NR_024912.1	89.965	578	26	19	2	573	172	723	0.0	717
938d54a8-96f6-4298-bca2-b3d97016c7c8	NR_042147.1	89.965	578	26	19	2	573	159	710	0.0	717
938d54a8-96f6-4298-bca2-b3d97016c7c8	NR_042541.1	89.948	577	28	17	2	573	159	710	0.0	717
b21ba96a-456e-4e49-bcfa-1bf738df473e	NR_028664.1	95.480	531	12	7	1	519	546	16	0.0	837
b21ba96a-456e-4e49-bcfa-1bf738df473e	NR_179383.1	95.480	531	12	7	1	519	550	20	0.0	837
b21ba96a-456e-4e49-bcfa-1bf738df473e	NR_115732.1	95.437	526	12	8	1	515	525	1	0.0	828
b21ba96a-456e-4e49-bcfa-1bf738df473e	NR_165747.1	95.602	523	11	7	1	511	523	1	0.0	828
b21ba96a-456e-4e49-bcfa-1bf738df473e	NR_115240.1	95.411	523	12	7	1	511	523	1	0.0	822
d196eb83-f9e9-4ddd-9ca4-6590aedf5204	NR_116899.1	95.305	852	31	8	1	844	578	1428	0.0	1343
d196eb83-f9e9-4ddd-9ca4-6590aedf5204	NR_180743.1	95.798	833	29	5	1	828	592	1423	0.0	1339
d196eb83-f9e9-4ddd-9ca4-6590aedf5204	NR_041799.1	95.193	853	30	10	1	844	591	1441	0.0	1338
d196eb83-f9e9-4ddd-9ca4-6590aedf5204	NR_042541.1	95.188	852	32	8	1	844	591	1441	0.0	1338
d196eb83-f9e9-4ddd-9ca4-6590aedf5204	NR_114227.1	95.193	853	30	10	1	844	591	1441	0.0	1338
78c99177-ed5f-435a-839e-0087eeca6ed1	NR_156986.1	96.318	1005	21	12	1	995	999	1	0.0	1637
78c99177-ed5f-435a-839e-0087eeca6ed1	NR_199513.1	96.223	1006	24	10	1	997	1018	18	0.0	1635
78c99177-ed5f-435a-839e-0087eeca6ed1	NR_156987.1	96.219	1005	22	12	1	995	999	1	0.0	1631
78c99177-ed5f-435a-839e-0087eeca6ed1	NR_199514.1	96.219	1005	22	12	1	995	1011	13	0.0	1631
78c99177-ed5f-435a-839e-0087eeca6ed1	NR_024901.1	96.119	1005	23	12	1	995	1004	6	0.0	1626
81fa4d98-6be6-416c-a6d5-32358d18dfd4	NR_042928.1	95.736	516	10	12	13	522	510	1	0.0	821
81fa4d98-6be6-416c-a6d5-32358d18dfd4	NR_112026.1	95.591	499	10	12	13	505	493	1	0.0	789
81fa4d98-6be6-416c-a6d5-32358d18dfd4	NR_165747.1	94.574	516	16	12	13	522	510	1	0.0	787
81fa4d98-6be6-416c-a6d5-32358d18dfd4	NR_117719.1	94.084	524	19	12	13	530	530	13	0.0	785
81fa4d98-6be6-416c-a6d5-32358d18dfd4	NR_109720.1	94.716	511	15	12	13	516	506	1	0.0	784
c5ed80fb-5a43-44dd-b8a0-0197c759c8d0	NR_113600.1	87.568	1464	89	72	2	1401	1449	15	0.0	1611
c5ed80fb-5a43-44dd-b8a0-0197c759c8d0	NR_024928.1	87.432	1464	91	72	2	1401	1462	28	0.0	1600
c5ed80fb-5a43-44dd-b8a0-0197c759c8d0	NR_114225.1	87.423	1463	93	70	2	1401	1449	15	0.0	1600
c5ed80fb-5a43-44dd-b8a0-0197c759c8d0	NR_199514.1	87.432	1464	91	72	2	1401	1469	35	0.0	1598
c5ed80fb-5a43-44dd-b8a0-0197c759c8d0	NR_024901.1	87.363	1464	92	72	2	1401	1462	28	0.0	1592
f1ae0fe3-f411-4ce2-a7e7-7408671554b5	NR_117694.1	90.446	628	32	24	16	624	619	1	0.0	802
f1ae0fe3-f411-4ce2-a7e7-7408671554b5	NR_121687.1	88.889	639	39	28	16	634	639	13	0.0	758
f1ae0fe3-f411-4ce2-a7e7-7408671554b5	NR_117692.1	88.571	630	40	27	16	624	619	1	0.0	736
f1ae0fe3-f411-4ce2-a7e7-7408671554b5	NR_025902.1	88.980	608	37	25	16	604	597	1	0.0	725
f1ae0fe3-f411-4ce2-a7e7-7408671554b5	NR_026079.2	87.988	641	41	33	16	634	646	20	0.0	725
37ee8910-b9c1-4a60-a0e8-d62b876a1345	NR_156986.1	96.857	1400	23	19	4	1389	1393	1	0.0	2322
37ee8910-b9c1-4a60-a0e8-d62b876a1345	NR_156987.1	96.786	1400	24	19	4	1389	1393	1	0.0	2316
37ee8910-b9c1-4a60-a0e8-d62b876a1345	NR_024928.1	96.714	1400	25	19	4	1389	1398	6	0.0	2313
37ee8910-b9c1-4a60-a0e8-d62b876a1345	NR_178976.1	96.837	1391	23	19	4	1380	1384	1	0.0	2307
37ee8910-b9c1-4a60-a0e8-d62b876a1345	NR_199513.1	96.643	1400	28	17	4	1390	1412	19	0.0	2307
c9581cc3-f615-4e82-a579-fff447289d27	NR_117719.1	91.958	771	30	26	5	753	1140	380	0.0	1051
c9581cc3-f615-4e82-a579-fff447289d27	NR_180629.1	91.958	771	30	26	5	753	1102	342	0.0	1051
c9581cc3-f615-4e82-a579-fff447289d27	NR_116213.1	91.829	771	31	26	5	753	1045	285	0.0	1046
c9581cc3-f615-4e82-a579-fff447289d27	NR_027214.1	91.829	771	31	26	5	753	1120	360	0.0	1046
c9581cc3-f615-4e82-a579-fff447289d27	NR_165744.1	91.829	771	31	26	5	753	1129	369	0.0	1046
c1c41cec-1c3f-4fad-ba1c-62d648332d41	NR_024912.1	93.414	577	20	14	11	577	586	18	0.0	839
c1c41cec-1c3f-4fad-ba1c-62d648332d41	NR_042147.1	93.414	577	20	14	11	577	573	5	0.0	839
c1c41cec-1c3f-4fad-ba1c-62d648332d41	NR_156986.1	93.414	577	20	14	11	577	581	13	0.0	839
c1c41cec-1c3f-4fad-ba1c-62d648332d41	NR_178976.1	93.414	577	20	14	11	577	572	4	0.0	839
c1c41cec-1c3f-4fad-ba1c-62d648332d41	NR_113600.1	93.241	577	21	14	11	577	573	5	0.0	835
53d51fb2-efa0-41d6-b30f-715200326625	NR_043314.1	94.808	520	14	10	1	513	968	1481	0.0	798
53d51fb2-efa0-41d6-b30f-715200326625	NR_116899.1	94.808	520	14	10	1	513	937	1450	0.0	798
53d51fb2-efa0-41d6-b30f-715200326625	NR_178854.1	94.808	520	14	10	1	513	949	1462	0.0	798
53d51fb2-efa0-41d6-b30f-715200326625	NR_179889.1	94.808	520	14	10	1	513	977	1490	0.0	798
53d51fb2-efa0-41d6-b30f-715200326625	NR_041799.1	94.615	520	15	9	1	513	950	1463	0.0	793
c73ef1af-4bac-4fb0-ba18-bc5be66291f3	NR_116299.1	95.683	996	25	17	1	985	480	1468	0.0	1585
c73ef1af-4bac-4fb0-ba18-bc5be66291f3	NR_116899.1	95.683	996	25	17	1	985	466	1454	0.0	1585
c73ef1af-4bac-4fb0-ba18-bc5be66291f3	NR_179889.1	95.683	996	25	17	1	985	506	1494	0.0	1585
c73ef1af-4bac-4fb0-ba18-bc5be66291f3	NR_181891.1	95.683	996	25	17	1	985	502	1490	0.0	1585
c73ef1af-4bac-4fb0-ba18-bc5be66291f3	NR_199513.1	95.683	996	25	16	1	985	506	1494	0.0	1585
f1bfe239-bc6a-418d-9f62-07c20ee567de	NR_136788.1	98.693	1224	10	6	6	1224	1235	13	0.0	2167
f1bfe239-bc6a-418d-9f62-07c20ee567de	NR_113082.1	95.833	1224	41	10	8	1224	1233	13	0.0	1969
f1bfe239-bc6a-418d-9f62-07c20ee567de	NR_026230.1	95.054	1213	52	8	8	1214	1211	1	0.0	1925
f1bfe239-bc6a-418d-9f62-07c20ee567de	NR_152035.1	89.060	1234	105	26	9	1224	1235	14	0.0	1504
f1bfe239-bc6a-418d-9f62-07c20ee567de	NR_113088.1	88.690	1229	119	19	9	1224	1222	1	0.0	1482
89cd3704-1556-4353-adce-45256346fbb8	NR_104947.1	93.319	479	10	17	1	467	955	1423	0.0	688
89cd3704-1556-4353-adce-45256346fbb8	NR_117717.1	93.319	479	10	17	1	467	1002	1470	0.0	688
89cd3704-1556-4353-adce-45256346fbb8	NR_104946.1	93.319	479	10	17	1	467	945	1413	0.0	688
89cd3704-1556-4353-adce-45256346fbb8	NR_117696.1	93.319	479	10	17	1	467	969	1437	0.0	688
89cd3704-1556-4353-adce-45256346fbb8	NR_121688.1	93.111	479	11	17	1	467	1002	1470	0.0	682
33587163-8b43-401b-9715-46432c6a4b86	NR_024918.1	98.297	822	8	4	5	826	666	1481	0.0	1435
33587163-8b43-401b-9715-46432c6a4b86	NR_041799.1	98.297	822	8	4	5	826	653	1468	0.0	1435
33587163-8b43-401b-9715-46432c6a4b86	NR_116899.1	98.297	822	8	4	5	826	640	1455	0.0	1435
33587163-8b43-401b-9715-46432c6a4b86	NR_117823.1	98.297	822	8	4	5	826	625	1440	0.0	1435
33587163-8b43-401b-9715-46432c6a4b86	NR_164626.1	98.297	822	8	4	5	826	663	1478	0.0	1435
711ae0fb-70d8-484e-8e84-d3cb4faf9835	NR_042776.1	97.814	366	5	3	1	364	649	1013	6.06e-180	628
711ae0fb-70d8-484e-8e84-d3cb4faf9835	NR_042777.1	97.814	366	5	3	1	364	648	1012	6.06e-180	628
711ae0fb-70d8-484e-8e84-d3cb4faf9835	NR_042778.1	97.814	366	5	3	1	364	649	1013	6.06e-180	628
711ae0fb-70d8-484e-8e84-d3cb4faf9835	NR_126177.1	97.541	366	6	3	1	364	626	990	2.82e-178	623
711ae0fb-70d8-484e-8e84-d3cb4faf9835	NR_197695.1	97.541	366	6	3	1	364	648	1012	2.82e-178	623
15523703-1673-4c8d-a577-a24c308a8bc4	NR_181891.1	93.911	542	17	15	90	627	961	1490	0.0	804
15523703-1673-4c8d-a577-a24c308a8bc4	NR_043314.1	93.727	542	18	15	90	627	956	1485	0.0	798
15523703-1673-4c8d-a577-a24c308a8bc4	NR_116899.1	93.727	542	18	15	90	627	925	1454	0.0	798
15523703-1673-4c8d-a577-a24c308a8bc4	NR_178854.1	93.727	542	18	15	90	627	937	1466	0.0	798
15523703-1673-4c8d-a577-a24c308a8bc4	NR_179889.1	93.727	542	18	15	90	627	965	1494	0.0	798
2faeca04-1797-42ba-86e5-fda83974c311	NR_117694.1	95.146	1298	28	27	1	1276	1285	1	0.0	2015
2faeca04-1797-42ba-86e5-fda83974c311	NR_025892.1	94.023	1305	42	28	1	1283	1310	20	0.0	1969
2faeca04-1797-42ba-86e5-fda83974c311	NR_121687.1	94.257	1306	38	29	1	1283	1305	14	0.0	1962
2faeca04-1797-42ba-86e5-fda83974c311	NR_117692.1	93.687	1299	45	29	1	1276	1285	1	0.0	1910
2faeca04-1797-42ba-86e5-fda83974c311	NR_041989.1	94.506	1256	35	26	1	1235	1243	1	0.0	1906
bfdcd82c-9ead-4d16-951f-972d360f58ed	NR_024842.1	96.360	934	19	12	15	938	564	1492	0.0	1522
bfdcd82c-9ead-4d16-951f-972d360f58ed	NR_165737.1	96.548	927	18	11	15	931	549	1471	0.0	1522
bfdcd82c-9ead-4d16-951f-972d360f58ed	NR_109720.1	96.725	916	18	10	15	920	543	1456	0.0	1515
bfdcd82c-9ead-4d16-951f-972d360f58ed	NR_115735.1	96.344	930	19	12	15	934	540	1464	0.0	1515
bfdcd82c-9ead-4d16-951f-972d360f58ed	NR_036936.1	96.332	927	20	11	15	931	549	1471	0.0	1511
d0fada3b-798d-4760-9b07-aec0b86eca98	NR_028664.1	92.857	378	12	9	2	365	370	746	1.32e-151	534
d0fada3b-798d-4760-9b07-aec0b86eca98	NR_042927.1	92.857	378	12	9	2	365	349	725	1.32e-151	534
d0fada3b-798d-4760-9b07-aec0b86eca98	NR_042928.1	92.857	378	12	9	2	365	347	723	1.32e-151	534
d0fada3b-798d-4760-9b07-aec0b86eca98	NR_112026.1	92.857	378	12	9	2	365	330	706	1.32e-151	534
d0fada3b-798d-4760-9b07-aec0b86eca98	NR_114413.1	92.857	378	12	9	2	365	372	748	1.32e-151	534
