dd0f6f4e-0b0d-4c3f-a5f4-1699da4a64cc	NR_044873.1	93.159	687	28	14	2	679	1371	695	0.0	990
dd0f6f4e-0b0d-4c3f-a5f4-1699da4a64cc	NR_074568.1	92.722	687	31	14	2	679	1381	705	0.0	974
dd0f6f4e-0b0d-4c3f-a5f4-1699da4a64cc	NR_044712.2	92.431	687	33	14	2	679	1390	714	0.0	966
dd0f6f4e-0b0d-4c3f-a5f4-1699da4a64cc	NR_025310.1	92.006	688	34	16	2	679	1361	685	0.0	946
dd0f6f4e-0b0d-4c3f-a5f4-1699da4a64cc	NR_109752.1	91.849	687	37	14	2	679	1392	716	0.0	941
1e822d36-328b-4678-9fa8-88c44cf81fda	NR_041989.1	97.551	490	8	4	1	488	1347	860	0.0	835
1e822d36-328b-4678-9fa8-88c44cf81fda	NR_043459.1	97.347	490	9	4	1	488	1413	926	0.0	830
1e822d36-328b-4678-9fa8-88c44cf81fda	NR_104947.1	97.347	490	9	4	1	488	1362	875	0.0	830
1e822d36-328b-4678-9fa8-88c44cf81fda	NR_117717.1	97.347	490	9	4	1	488	1409	922	0.0	830
1e822d36-328b-4678-9fa8-88c44cf81fda	NR_121687.1	97.347	490	9	4	1	488	1409	922	0.0	830
683d8c46-9fff-44fe-8d7d-634a0ebe65c9	NR_024912.1	94.138	580	19	10	1	573	582	11	0.0	869
683d8c46-9fff-44fe-8d7d-634a0ebe65c9	NR_156986.1	94.138	580	19	10	1	573	577	6	0.0	869
683d8c46-9fff-44fe-8d7d-634a0ebe65c9	NR_024901.1	93.966	580	20	10	1	573	582	11	0.0	863
683d8c46-9fff-44fe-8d7d-634a0ebe65c9	NR_024928.1	93.966	580	20	10	1	573	582	11	0.0	863
683d8c46-9fff-44fe-8d7d-634a0ebe65c9	NR_037092.1	93.966	580	19	11	1	573	586	16	0.0	863
900f94b3-a3b0-4fd1-8f8f-e320a4ff6375	NR_041953.1	95.224	1340	40	19	15	1338	136	1467	0.0	2098
900f94b3-a3b0-4fd1-8f8f-e320a4ff6375	NR_042541.1	95.224	1340	40	19	15	1338	136	1467	0.0	2098
900f94b3-a3b0-4fd1-8f8f-e320a4ff6375	NR_179889.1	95.149	1340	41	19	15	1338	163	1494	0.0	2093
900f94b3-a3b0-4fd1-8f8f-e320a4ff6375	NR_181891.1	95.149	1340	41	19	15	1338	159	1490	0.0	2093
900f94b3-a3b0-4fd1-8f8f-e320a4ff6375	NR_199513.1	95.149	1340	41	19	15	1338	163	1494	0.0	2093
044e3865-4c5d-41c0-9661-8457a59f1c9c	NR_156986.1	94.134	1108	38	20	1	1096	1093	1	0.0	1661
044e3865-4c5d-41c0-9661-8457a59f1c9c	NR_199513.1	94.043	1108	41	18	1	1097	1112	19	0.0	1657
044e3865-4c5d-41c0-9661-8457a59f1c9c	NR_156987.1	94.043	1108	39	20	1	1096	1093	1	0.0	1655
044e3865-4c5d-41c0-9661-8457a59f1c9c	NR_199514.1	94.043	1108	39	20	1	1096	1105	13	0.0	1655
044e3865-4c5d-41c0-9661-8457a59f1c9c	NR_024901.1	93.953	1108	40	20	1	1096	1098	6	0.0	1650
280edc29-97c3-4b98-b9a5-fea7c54e41d6	NR_156986.1	96.049	1139	24	20	2	1125	1141	9	0.0	1834
280edc29-97c3-4b98-b9a5-fea7c54e41d6	NR_113600.1	95.961	1139	25	20	2	1125	1133	1	0.0	1831
280edc29-97c3-4b98-b9a5-fea7c54e41d6	NR_042147.1	95.958	1138	27	18	2	1125	1133	1	0.0	1829
280edc29-97c3-4b98-b9a5-fea7c54e41d6	NR_113583.1	95.965	1140	23	21	2	1125	1133	1	0.0	1829
280edc29-97c3-4b98-b9a5-fea7c54e41d6	NR_114225.1	95.965	1140	23	21	2	1125	1133	1	0.0	1829
5f6644bb-ed5b-4afb-8ea1-d626d6d27ae1	NR_044873.1	95.408	588	11	13	1	581	581	3	0.0	922
5f6644bb-ed5b-4afb-8ea1-d626d6d27ae1	NR_074568.1	93.878	588	20	13	1	581	592	14	0.0	872
5f6644bb-ed5b-4afb-8ea1-d626d6d27ae1	NR_044712.2	93.367	588	23	13	1	581	601	23	0.0	861
5f6644bb-ed5b-4afb-8ea1-d626d6d27ae1	NR_025310.1	92.943	581	26	12	1	575	572	1	0.0	832
5f6644bb-ed5b-4afb-8ea1-d626d6d27ae1	NR_179993.1	92.530	589	27	14	1	581	593	14	0.0	828
6a50f226-2192-4873-9ec2-5cf3a3f56178	NR_116899.1	95.176	995	24	21	41	1026	471	1450	0.0	1550
6a50f226-2192-4873-9ec2-5cf3a3f56178	NR_179889.1	95.176	995	24	21	41	1026	511	1490	0.0	1550
6a50f226-2192-4873-9ec2-5cf3a3f56178	NR_199515.1	95.166	993	28	16	41	1026	513	1492	0.0	1550
6a50f226-2192-4873-9ec2-5cf3a3f56178	NR_024918.1	95.075	995	25	21	41	1026	497	1476	0.0	1544
6a50f226-2192-4873-9ec2-5cf3a3f56178	NR_041799.1	95.080	996	23	23	41	1026	484	1463	0.0	1544
d95ee429-8bad-4a23-a05d-32bc11e8cf00	NR_133753.1	98.042	664	9	4	1	661	256	918	0.0	1151
d95ee429-8bad-4a23-a05d-32bc11e8cf00	NR_025903.1	98.042	664	9	4	1	661	302	964	0.0	1151
d95ee429-8bad-4a23-a05d-32bc11e8cf00	NR_133752.1	97.741	664	11	4	1	661	227	889	0.0	1140
d95ee429-8bad-4a23-a05d-32bc11e8cf00	NR_026419.1	97.741	664	11	4	1	661	290	952	0.0	1140
d95ee429-8bad-4a23-a05d-32bc11e8cf00	NR_025904.1	97.143	665	13	6	1	661	301	963	0.0	1118
7eafe6c0-c2df-4b24-824b-51fd6bb6a24c	NR_041799.1	95.856	748	22	9	1	746	723	1463	0.0	1201
7eafe6c0-c2df-4b24-824b-51fd6bb6a24c	NR_117823.1	95.856	748	22	9	1	746	695	1435	0.0	1201
7eafe6c0-c2df-4b24-824b-51fd6bb6a24c	NR_181265.1	95.856	748	22	9	1	746	750	1490	0.0	1201
7eafe6c0-c2df-4b24-824b-51fd6bb6a24c	NR_181730.1	95.856	748	22	9	1	746	729	1469	0.0	1201
7eafe6c0-c2df-4b24-824b-51fd6bb6a24c	NR_114227.1	95.850	747	22	9	1	745	723	1462	0.0	1199
1aa7acaf-a48b-426c-927e-31f76add1595	NR_024924.1	96.629	267	3	6	1	264	880	617	7.54e-123	438
1aa7acaf-a48b-426c-927e-31f76add1595	NR_102854.1	96.629	267	3	6	1	264	889	626	7.54e-123	438
1aa7acaf-a48b-426c-927e-31f76add1595	NR_115336.1	96.629	267	3	6	1	264	875	612	7.54e-123	438
1aa7acaf-a48b-426c-927e-31f76add1595	NR_134794.1	96.629	267	3	6	1	264	832	569	7.54e-123	438
1aa7acaf-a48b-426c-927e-31f76add1595	NR_135703.1	96.629	267	3	6	1	264	901	638	7.54e-123	438
d3f993ad-7c8f-4345-b094-30eec917fac1	NR_041799.1	91.408	966	50	29	1	941	503	1460	0.0	1293
d3f993ad-7c8f-4345-b094-30eec917fac1	NR_114227.1	91.408	966	50	29	1	941	503	1460	0.0	1293
d3f993ad-7c8f-4345-b094-30eec917fac1	NR_116899.1	91.408	966	50	29	1	941	490	1447	0.0	1293
d3f993ad-7c8f-4345-b094-30eec917fac1	NR_117823.1	91.408	966	50	29	1	941	475	1432	0.0	1293
d3f993ad-7c8f-4345-b094-30eec917fac1	NR_179889.1	91.408	966	50	29	1	941	530	1487	0.0	1293
f9f59eb8-b16a-4c23-bf1b-ed677bedd3ab	NR_117694.1	92.489	1145	38	36	1	1119	1169	47	0.0	1594
f9f59eb8-b16a-4c23-bf1b-ed677bedd3ab	NR_025892.1	91.354	1145	50	36	1	1119	1194	73	0.0	1541
f9f59eb8-b16a-4c23-bf1b-ed677bedd3ab	NR_121687.1	91.274	1146	50	38	1	1119	1189	67	0.0	1517
f9f59eb8-b16a-4c23-bf1b-ed677bedd3ab	NR_041988.1	91.012	1146	53	38	1	1119	1127	5	0.0	1500
f9f59eb8-b16a-4c23-bf1b-ed677bedd3ab	NR_104946.1	91.020	1147	51	40	1	1119	1132	10	0.0	1500
8c095671-5e71-4657-b6bd-916ac96a79eb	NR_024912.1	93.271	535	22	12	4	528	536	6	0.0	776
8c095671-5e71-4657-b6bd-916ac96a79eb	NR_156986.1	93.271	535	22	12	4	528	531	1	0.0	776
8c095671-5e71-4657-b6bd-916ac96a79eb	NR_199514.1	93.271	535	22	12	4	528	543	13	0.0	776
8c095671-5e71-4657-b6bd-916ac96a79eb	NR_024901.1	93.084	535	23	12	4	528	536	6	0.0	771
8c095671-5e71-4657-b6bd-916ac96a79eb	NR_024928.1	93.084	535	23	12	4	528	536	6	0.0	771
9f8abd74-a332-4420-875e-1d74ffefbf4f	NR_116899.1	93.731	973	40	17	1	964	490	1450	0.0	1439
9f8abd74-a332-4420-875e-1d74ffefbf4f	NR_179889.1	93.737	974	38	19	1	964	530	1490	0.0	1439
9f8abd74-a332-4420-875e-1d74ffefbf4f	NR_199515.1	93.737	974	38	19	1	964	532	1492	0.0	1439
9f8abd74-a332-4420-875e-1d74ffefbf4f	NR_024918.1	93.628	973	41	17	1	964	516	1476	0.0	1434
9f8abd74-a332-4420-875e-1d74ffefbf4f	NR_041799.1	93.634	974	39	19	1	964	503	1463	0.0	1434
bcf835b4-dbfc-4698-b456-32715b460111	NR_024918.1	95.600	250	7	4	1	249	780	534	1.20e-110	398
bcf835b4-dbfc-4698-b456-32715b460111	NR_024951.1	95.618	251	5	5	1	249	783	537	1.20e-110	398
bcf835b4-dbfc-4698-b456-32715b460111	NR_037135.1	95.600	250	7	4	1	249	747	501	1.20e-110	398
bcf835b4-dbfc-4698-b456-32715b460111	NR_041953.1	95.600	250	7	4	1	249	767	521	1.20e-110	398
bcf835b4-dbfc-4698-b456-32715b460111	NR_042542.1	95.600	250	7	4	1	249	767	521	1.20e-110	398
a96ea62a-9c61-4565-9a5f-1e606d086961	NR_024918.1	97.423	1009	17	9	1	1003	471	1476	0.0	1711
a96ea62a-9c61-4565-9a5f-1e606d086961	NR_029042.2	97.324	1009	18	9	1	1003	478	1483	0.0	1705
a96ea62a-9c61-4565-9a5f-1e606d086961	NR_117177.1	97.324	1009	18	9	1	1003	476	1481	0.0	1705
a96ea62a-9c61-4565-9a5f-1e606d086961	NR_116899.1	97.324	1009	18	9	1	1003	445	1450	0.0	1705
a96ea62a-9c61-4565-9a5f-1e606d086961	NR_179889.1	97.324	1009	18	9	1	1003	485	1490	0.0	1705
29416e4d-ba16-42d4-8f86-c2977eac52b8	NR_041953.1	96.329	1253	28	17	1	1242	223	1468	0.0	2043
29416e4d-ba16-42d4-8f86-c2977eac52b8	NR_042541.1	96.329	1253	28	17	1	1242	223	1468	0.0	2043
29416e4d-ba16-42d4-8f86-c2977eac52b8	NR_179889.1	96.329	1253	28	17	1	1242	250	1495	0.0	2043
29416e4d-ba16-42d4-8f86-c2977eac52b8	NR_181891.1	96.329	1253	28	17	1	1242	246	1491	0.0	2043
29416e4d-ba16-42d4-8f86-c2977eac52b8	NR_040859.1	96.255	1255	25	21	1	1242	235	1480	0.0	2037
a9561a88-c2d1-4b9d-9545-ef7b248f4f3f	NR_117694.1	92.883	1096	31	35	1	1064	1194	114	0.0	1548
a9561a88-c2d1-4b9d-9545-ef7b248f4f3f	NR_025892.1	91.963	1095	42	35	1	1064	1219	140	0.0	1509
a9561a88-c2d1-4b9d-9545-ef7b248f4f3f	NR_041989.1	92.160	1097	37	37	1	1064	1152	72	0.0	1504
a9561a88-c2d1-4b9d-9545-ef7b248f4f3f	NR_121687.1	92.676	1065	35	31	1	1037	1214	165	0.0	1495
a9561a88-c2d1-4b9d-9545-ef7b248f4f3f	NR_117692.1	92.221	1067	36	35	1	1037	1194	145	0.0	1467
6293298f-5bec-497f-bedc-55d6b855f002	NR_118512.1	89.189	185	15	5	1	184	1254	1434	4.49e-59	226
6293298f-5bec-497f-bedc-55d6b855f002	NR_179800.1	87.179	195	16	7	1	192	1264	1452	3.50e-55	213
6293298f-5bec-497f-bedc-55d6b855f002	NR_118516.1	87.568	185	18	5	1	184	1255	1435	4.52e-54	209
6293298f-5bec-497f-bedc-55d6b855f002	NR_156802.1	86.528	193	21	5	1	192	1275	1463	1.63e-53	207
6293298f-5bec-497f-bedc-55d6b855f002	NR_156805.1	86.528	193	21	5	1	192	1275	1463	1.63e-53	207
cef1b531-5c78-46ea-b823-cc57b96fba05	NR_043422.1	92.148	433	14	14	10	430	1039	1463	2.63e-169	593
cef1b531-5c78-46ea-b823-cc57b96fba05	NR_179871.1	90.553	434	20	16	10	430	1041	1466	1.24e-157	555
cef1b531-5c78-46ea-b823-cc57b96fba05	NR_116497.1	88.889	423	24	18	10	417	1046	1460	1.64e-141	501
cef1b531-5c78-46ea-b823-cc57b96fba05	NR_180541.1	87.500	432	37	12	10	430	1039	1464	5.93e-136	483
cef1b531-5c78-46ea-b823-cc57b96fba05	NR_174271.1	87.067	433	37	16	10	430	1045	1470	1.28e-132	472
2d75db09-a49b-44e1-93e4-5f7c9d01bd56	NR_043314.1	96.451	479	15	2	1	479	1005	1481	0.0	789
2d75db09-a49b-44e1-93e4-5f7c9d01bd56	NR_114749.1	96.451	479	15	2	1	479	1007	1483	0.0	789
2d75db09-a49b-44e1-93e4-5f7c9d01bd56	NR_116899.1	96.451	479	15	2	1	479	974	1450	0.0	789
2d75db09-a49b-44e1-93e4-5f7c9d01bd56	NR_178854.1	96.451	479	15	2	1	479	986	1462	0.0	789
2d75db09-a49b-44e1-93e4-5f7c9d01bd56	NR_179889.1	96.451	479	15	2	1	479	1014	1490	0.0	789
aa41e9a5-250e-496d-9eac-2f112dd3f22c	NR_025453.1	98.551	138	1	1	1	137	351	214	3.04e-64	243
aa41e9a5-250e-496d-9eac-2f112dd3f22c	NR_041721.1	98.551	138	1	1	1	137	375	238	3.04e-64	243
aa41e9a5-250e-496d-9eac-2f112dd3f22c	NR_042227.1	98.551	138	1	1	1	137	351	214	3.04e-64	243
aa41e9a5-250e-496d-9eac-2f112dd3f22c	NR_042927.1	98.551	138	1	1	1	137	351	214	3.04e-64	243
aa41e9a5-250e-496d-9eac-2f112dd3f22c	NR_042928.1	98.551	138	1	1	1	137	349	212	3.04e-64	243
6bc8ce10-58e2-4295-861a-fa9c09ca2a76	NR_025892.1	100.000	87	0	0	1	87	1303	1217	5.37e-40	161
6bc8ce10-58e2-4295-861a-fa9c09ca2a76	NR_025902.1	100.000	87	0	0	1	87	1256	1170	5.37e-40	161
6bc8ce10-58e2-4295-861a-fa9c09ca2a76	NR_040933.1	100.000	87	0	0	1	87	1300	1214	5.37e-40	161
6bc8ce10-58e2-4295-861a-fa9c09ca2a76	NR_041988.1	100.000	87	0	0	1	87	1236	1150	5.37e-40	161
6bc8ce10-58e2-4295-861a-fa9c09ca2a76	NR_104947.1	100.000	87	0	0	1	87	1251	1165	5.37e-40	161
7f9145a5-a8c0-4a09-90ef-74861b2f3909	NR_044741.1	97.030	202	2	3	12	209	1249	1450	2.23e-92	337
7f9145a5-a8c0-4a09-90ef-74861b2f3909	NR_024897.1	96.535	202	3	3	12	209	1284	1485	1.04e-90	331
7f9145a5-a8c0-4a09-90ef-74861b2f3909	NR_116168.1	96.535	202	3	3	12	209	1285	1486	1.04e-90	331
7f9145a5-a8c0-4a09-90ef-74861b2f3909	NR_181418.1	96.535	202	3	3	12	209	1284	1485	1.04e-90	331
7f9145a5-a8c0-4a09-90ef-74861b2f3909	NR_042932.1	96.954	197	2	3	14	206	1267	1463	1.34e-89	327
280ad6f9-bb37-4ffa-bc5c-50ab40edc7ff	NR_024659.1	98.246	114	2	0	1	114	1321	1208	1.47e-51	200
280ad6f9-bb37-4ffa-bc5c-50ab40edc7ff	NR_024842.1	98.246	114	2	0	1	114	1355	1242	1.47e-51	200
280ad6f9-bb37-4ffa-bc5c-50ab40edc7ff	NR_115241.1	98.246	114	2	0	1	114	1340	1227	1.47e-51	200
280ad6f9-bb37-4ffa-bc5c-50ab40edc7ff	NR_115735.1	98.246	114	2	0	1	114	1331	1218	1.47e-51	200
280ad6f9-bb37-4ffa-bc5c-50ab40edc7ff	NR_116211.1	98.246	114	2	0	1	114	1263	1150	1.47e-51	200
25595072-7c86-4179-a2f5-4646c1830d21	NR_165737.1	93.370	181	8	3	1	178	163	342	8.73e-71	265
25595072-7c86-4179-a2f5-4646c1830d21	NR_199541.1	92.818	181	9	3	1	178	139	318	4.06e-69	259
25595072-7c86-4179-a2f5-4646c1830d21	NR_109720.1	92.697	178	9	3	4	178	160	336	1.89e-67	254
25595072-7c86-4179-a2f5-4646c1830d21	NR_165747.1	92.265	181	10	3	1	178	161	340	1.89e-67	254
25595072-7c86-4179-a2f5-4646c1830d21	NR_178515.1	92.265	181	10	3	1	178	163	342	1.89e-67	254
f8366379-38a7-4e1e-a282-11b0319f9628	NR_029286.1	96.237	186	3	3	1	183	659	843	6.83e-82	302
f8366379-38a7-4e1e-a282-11b0319f9628	NR_041983.1	96.237	186	3	3	1	183	632	816	6.83e-82	302
f8366379-38a7-4e1e-a282-11b0319f9628	NR_114395.1	96.237	186	3	3	1	183	664	848	6.83e-82	302
f8366379-38a7-4e1e-a282-11b0319f9628	NR_119102.1	96.237	186	3	3	1	183	634	818	6.83e-82	302
f8366379-38a7-4e1e-a282-11b0319f9628	NR_179528.1	96.237	186	3	3	1	183	649	833	6.83e-82	302
01a097fb-9e98-4e23-8a5a-039c64428eb6	NR_175455.1	89.259	270	13	14	1	260	1224	1487	2.17e-88	324
01a097fb-9e98-4e23-8a5a-039c64428eb6	NR_025453.1	88.889	270	14	14	1	260	1218	1481	1.01e-86	318
01a097fb-9e98-4e23-8a5a-039c64428eb6	NR_028664.1	88.889	270	13	15	1	260	1239	1501	3.63e-86	316
01a097fb-9e98-4e23-8a5a-039c64428eb6	NR_117719.1	88.889	270	13	15	1	260	1236	1498	3.63e-86	316
01a097fb-9e98-4e23-8a5a-039c64428eb6	NR_179383.1	88.889	270	13	15	1	260	1243	1505	3.63e-86	316
f188eb60-aedc-4e88-ac62-be9af1583ee0	NR_042776.1	97.838	185	2	2	1	184	653	470	7.07e-87	318
f188eb60-aedc-4e88-ac62-be9af1583ee0	NR_042778.1	97.838	185	2	2	1	184	653	470	7.07e-87	318
f188eb60-aedc-4e88-ac62-be9af1583ee0	NR_197695.1	97.838	185	2	2	1	184	652	469	7.07e-87	318
f188eb60-aedc-4e88-ac62-be9af1583ee0	NR_118998.1	97.297	185	3	2	1	184	648	465	3.29e-85	313
f188eb60-aedc-4e88-ac62-be9af1583ee0	NR_042777.1	97.297	185	2	3	1	184	652	470	1.18e-84	311
b068e292-9878-499a-bb53-122e38660a18	NR_025892.1	97.537	203	3	2	1	202	1213	1414	3.48e-95	346
b068e292-9878-499a-bb53-122e38660a18	NR_025902.1	97.537	203	3	2	1	202	1166	1367	3.48e-95	346
b068e292-9878-499a-bb53-122e38660a18	NR_040933.1	97.537	203	3	2	1	202	1210	1411	3.48e-95	346
b068e292-9878-499a-bb53-122e38660a18	NR_041988.1	97.537	203	3	2	1	202	1146	1347	3.48e-95	346
b068e292-9878-499a-bb53-122e38660a18	NR_104947.1	97.537	203	3	2	1	202	1161	1362	3.48e-95	346
e4e443e1-bf45-4ae6-8c02-33d9445410b0	NR_116168.1	94.382	89	4	1	1	89	221	134	3.07e-32	135
e4e443e1-bf45-4ae6-8c02-33d9445410b0	NR_042878.1	92.135	89	6	1	1	89	200	113	1.43e-30	130
e4e443e1-bf45-4ae6-8c02-33d9445410b0	NR_180040.1	93.258	89	5	1	1	89	227	140	1.43e-30	130
e4e443e1-bf45-4ae6-8c02-33d9445410b0	NR_181946.1	93.258	89	5	1	1	89	206	119	1.43e-30	130
e4e443e1-bf45-4ae6-8c02-33d9445410b0	NR_042876.1	92.135	89	6	1	1	89	200	113	6.65e-29	124
ce7c89c8-eb92-4103-bef4-62e3046e17a3	NR_164626.1	96.000	275	7	3	6	279	272	1	1.71e-124	444
ce7c89c8-eb92-4103-bef4-62e3046e17a3	NR_024912.1	95.971	273	7	3	6	277	275	6	2.21e-123	440
ce7c89c8-eb92-4103-bef4-62e3046e17a3	NR_028706.1	95.971	273	7	3	6	277	283	14	2.21e-123	440
ce7c89c8-eb92-4103-bef4-62e3046e17a3	NR_037092.1	95.971	273	7	3	6	277	280	11	2.21e-123	440
ce7c89c8-eb92-4103-bef4-62e3046e17a3	NR_042939.1	95.971	273	7	3	6	277	281	12	2.21e-123	440
7aaec352-a37a-4cc1-978a-7128123e75a0	NR_040821.1	95.299	234	7	3	1	233	1245	1475	8.92e-102	368
7aaec352-a37a-4cc1-978a-7128123e75a0	NR_025148.1	95.299	234	7	3	1	233	1265	1495	8.92e-102	368
7aaec352-a37a-4cc1-978a-7128123e75a0	NR_040820.1	95.299	234	7	3	1	233	1245	1475	8.92e-102	368
7aaec352-a37a-4cc1-978a-7128123e75a0	NR_134818.1	95.299	234	7	3	1	233	1258	1488	8.92e-102	368
7aaec352-a37a-4cc1-978a-7128123e75a0	NR_126177.1	95.299	234	7	3	1	233	1247	1477	8.92e-102	368
5e26ba03-75fd-4c53-8c60-a4b87b50b1c3	NR_025892.1	96.855	159	5	0	2	160	177	19	2.16e-71	267
5e26ba03-75fd-4c53-8c60-a4b87b50b1c3	NR_117694.1	97.351	151	4	0	2	152	151	1	1.30e-68	257
5e26ba03-75fd-4c53-8c60-a4b87b50b1c3	NR_117717.1	95.597	159	7	0	2	160	172	14	4.68e-68	255
5e26ba03-75fd-4c53-8c60-a4b87b50b1c3	NR_121688.1	95.597	159	7	0	2	160	171	13	4.68e-68	255
5e26ba03-75fd-4c53-8c60-a4b87b50b1c3	NR_121687.1	94.969	159	8	0	2	160	171	13	2.18e-66	250
9802954c-d320-4efe-b7ae-25d6397fb85f	NR_028664.1	91.447	152	7	6	1	149	348	200	1.58e-52	204
9802954c-d320-4efe-b7ae-25d6397fb85f	NR_115240.1	91.447	152	7	6	1	149	325	177	1.58e-52	204
9802954c-d320-4efe-b7ae-25d6397fb85f	NR_115732.1	91.447	152	7	6	1	149	327	179	1.58e-52	204
9802954c-d320-4efe-b7ae-25d6397fb85f	NR_116207.1	91.447	152	7	6	1	149	190	42	1.58e-52	204
9802954c-d320-4efe-b7ae-25d6397fb85f	NR_165741.1	91.447	152	7	6	1	149	334	186	1.58e-52	204
a05c00f6-4e0c-46b9-827b-395eb03886d1	NR_025902.1	93.249	237	7	7	18	250	1214	1445	2.11e-93	340
a05c00f6-4e0c-46b9-827b-395eb03886d1	NR_040933.1	93.249	237	7	7	18	250	1258	1489	2.11e-93	340
a05c00f6-4e0c-46b9-827b-395eb03886d1	NR_117717.1	93.249	237	7	7	18	250	1256	1487	2.11e-93	340
a05c00f6-4e0c-46b9-827b-395eb03886d1	NR_121688.1	93.249	237	7	7	18	250	1256	1487	2.11e-93	340
a05c00f6-4e0c-46b9-827b-395eb03886d1	NR_117692.1	93.249	237	7	7	18	250	1236	1467	2.11e-93	340
5c054470-e0ef-4a66-84de-3b49e4cffa82	NR_025892.1	98.214	112	1	1	1	112	686	796	6.93e-50	195
5c054470-e0ef-4a66-84de-3b49e4cffa82	NR_121687.1	98.214	112	1	1	1	112	681	791	6.93e-50	195
5c054470-e0ef-4a66-84de-3b49e4cffa82	NR_122055.2	98.214	112	1	1	1	112	686	796	6.93e-50	195
5c054470-e0ef-4a66-84de-3b49e4cffa82	NR_121735.2	98.214	112	1	1	1	112	687	797	6.93e-50	195
5c054470-e0ef-4a66-84de-3b49e4cffa82	NR_041989.1	98.214	112	1	1	1	112	619	729	6.93e-50	195
7db13f24-26da-478d-a6a5-9ad5c5b5eb45	NR_040859.1	100.000	131	0	0	1	131	1345	1475	2.99e-64	243
7db13f24-26da-478d-a6a5-9ad5c5b5eb45	NR_040992.1	100.000	131	0	0	1	131	1353	1483	2.99e-64	243
7db13f24-26da-478d-a6a5-9ad5c5b5eb45	NR_025881.1	100.000	131	0	0	1	131	1351	1481	2.99e-64	243
7db13f24-26da-478d-a6a5-9ad5c5b5eb45	NR_026395.1	100.000	131	0	0	1	131	1353	1483	2.99e-64	243
7db13f24-26da-478d-a6a5-9ad5c5b5eb45	NR_024662.1	100.000	131	0	0	1	131	1353	1483	2.99e-64	243
c8998db2-5d10-4510-b5e8-03207ca8f8da	NR_164626.1	96.269	134	2	3	1	131	134	1	1.72e-56	217
c8998db2-5d10-4510-b5e8-03207ca8f8da	NR_024901.1	96.212	132	2	3	1	129	137	6	2.22e-55	213
c8998db2-5d10-4510-b5e8-03207ca8f8da	NR_024911.1	96.212	132	2	3	1	129	137	6	2.22e-55	213
c8998db2-5d10-4510-b5e8-03207ca8f8da	NR_024912.1	96.212	132	2	3	1	129	137	6	2.22e-55	213
c8998db2-5d10-4510-b5e8-03207ca8f8da	NR_024928.1	96.212	132	2	3	1	129	137	6	2.22e-55	213
ab457eb8-866c-466c-b936-fd796771cb0d	NR_043314.1	98.013	302	3	2	1	299	1180	1481	8.39e-148	521
ab457eb8-866c-466c-b936-fd796771cb0d	NR_114749.1	98.013	302	3	2	1	299	1182	1483	8.39e-148	521
ab457eb8-866c-466c-b936-fd796771cb0d	NR_116899.1	98.013	302	3	2	1	299	1149	1450	8.39e-148	521
ab457eb8-866c-466c-b936-fd796771cb0d	NR_178854.1	98.013	302	3	2	1	299	1161	1462	8.39e-148	521
ab457eb8-866c-466c-b936-fd796771cb0d	NR_179889.1	98.013	302	3	2	1	299	1189	1490	8.39e-148	521
1434b8de-91b0-4f2c-a82b-a557f5f7f4d2	NR_028826.1	96.581	117	2	2	1	115	641	525	2.63e-49	193
1434b8de-91b0-4f2c-a82b-a557f5f7f4d2	NR_024951.1	96.581	117	2	2	1	115	655	539	2.63e-49	193
1434b8de-91b0-4f2c-a82b-a557f5f7f4d2	NR_029042.2	96.581	117	2	2	1	115	659	543	2.63e-49	193
1434b8de-91b0-4f2c-a82b-a557f5f7f4d2	NR_178342.1	96.581	117	2	2	1	115	639	523	2.63e-49	193
1434b8de-91b0-4f2c-a82b-a557f5f7f4d2	NR_178482.1	96.581	117	2	2	1	115	629	513	2.63e-49	193
968810e5-e76f-4928-9a40-811cc0c2e911	NR_024901.1	100.000	47	0	0	5	51	93	139	4.30e-18	87.9
968810e5-e76f-4928-9a40-811cc0c2e911	NR_024911.1	100.000	47	0	0	5	51	93	139	4.30e-18	87.9
968810e5-e76f-4928-9a40-811cc0c2e911	NR_024912.1	100.000	47	0	0	5	51	93	139	4.30e-18	87.9
968810e5-e76f-4928-9a40-811cc0c2e911	NR_024928.1	100.000	47	0	0	5	51	93	139	4.30e-18	87.9
968810e5-e76f-4928-9a40-811cc0c2e911	NR_025102.1	100.000	47	0	0	5	51	72	118	4.30e-18	87.9
f65c381d-138c-48d2-b642-5f75d3b31e15	NR_041722.2	96.667	120	3	1	1	120	1502	1384	6.33e-51	198
f65c381d-138c-48d2-b642-5f75d3b31e15	NR_028665.1	96.667	120	3	1	1	120	1482	1364	6.33e-51	198
f65c381d-138c-48d2-b642-5f75d3b31e15	NR_028736.1	96.667	120	3	1	1	120	1491	1373	6.33e-51	198
f65c381d-138c-48d2-b642-5f75d3b31e15	NR_041721.1	96.667	120	3	1	1	120	1490	1372	6.33e-51	198
f65c381d-138c-48d2-b642-5f75d3b31e15	NR_109371.1	96.667	120	3	1	1	120	1495	1377	6.33e-51	198
45743c26-383b-48fa-8b00-ea4ff589fa11	NR_024901.1	92.241	116	4	5	4	115	136	22	2.96e-39	159
45743c26-383b-48fa-8b00-ea4ff589fa11	NR_024911.1	92.241	116	4	5	4	115	136	22	2.96e-39	159
45743c26-383b-48fa-8b00-ea4ff589fa11	NR_024912.1	92.241	116	4	5	4	115	136	22	2.96e-39	159
45743c26-383b-48fa-8b00-ea4ff589fa11	NR_024928.1	92.241	116	4	5	4	115	136	22	2.96e-39	159
45743c26-383b-48fa-8b00-ea4ff589fa11	NR_025102.1	92.241	116	4	5	4	115	115	1	2.96e-39	159
739fa4ef-ffb5-43de-b8ea-d445a5491ca2	NR_116767.1	96.078	102	1	3	35	133	102	1	2.54e-40	163
739fa4ef-ffb5-43de-b8ea-d445a5491ca2	NR_159156.1	96.078	102	1	3	35	133	102	1	2.54e-40	163
739fa4ef-ffb5-43de-b8ea-d445a5491ca2	NR_117717.1	98.889	90	1	0	44	133	111	22	9.14e-40	161
739fa4ef-ffb5-43de-b8ea-d445a5491ca2	NR_121687.1	98.889	90	1	0	44	133	110	21	9.14e-40	161
739fa4ef-ffb5-43de-b8ea-d445a5491ca2	NR_121688.1	98.889	90	1	0	44	133	110	21	9.14e-40	161
a9089a99-cf0d-4db9-ac71-57983abc1a34	NR_024842.1	99.363	157	0	1	1	157	772	927	2.10e-76	283
a9089a99-cf0d-4db9-ac71-57983abc1a34	NR_028833.1	99.363	157	0	1	1	157	784	939	2.10e-76	283
a9089a99-cf0d-4db9-ac71-57983abc1a34	NR_042771.1	99.363	157	0	1	1	157	775	930	2.10e-76	283
a9089a99-cf0d-4db9-ac71-57983abc1a34	NR_041780.1	99.363	157	0	1	1	157	768	923	2.10e-76	283
a9089a99-cf0d-4db9-ac71-57983abc1a34	NR_109720.1	99.363	157	0	1	1	157	751	906	2.10e-76	283
a2935740-e1ee-49bd-9526-b2b7a627263a	NR_117694.1	94.022	184	3	5	1	179	589	409	5.22e-73	272
a2935740-e1ee-49bd-9526-b2b7a627263a	NR_121687.1	92.935	184	5	5	1	179	609	429	1.13e-69	261
a2935740-e1ee-49bd-9526-b2b7a627263a	NR_025892.1	92.265	181	6	5	4	179	612	435	1.46e-68	257
a2935740-e1ee-49bd-9526-b2b7a627263a	NR_041988.1	92.391	184	6	5	1	179	547	367	5.26e-68	255
a2935740-e1ee-49bd-9526-b2b7a627263a	NR_104946.1	92.391	184	6	5	1	179	552	372	5.26e-68	255
6cf1d1c3-3c8b-4b6e-b2aa-b2ea408f04fe	NR_043314.1	95.597	159	4	3	2	158	1349	1192	5.97e-67	252
6cf1d1c3-3c8b-4b6e-b2aa-b2ea408f04fe	NR_114225.1	95.597	159	4	3	2	158	1331	1174	5.97e-67	252
6cf1d1c3-3c8b-4b6e-b2aa-b2ea408f04fe	NR_116905.1	95.597	159	4	3	2	158	1352	1195	5.97e-67	252
6cf1d1c3-3c8b-4b6e-b2aa-b2ea408f04fe	NR_114749.1	95.597	159	4	3	2	158	1351	1194	5.97e-67	252
6cf1d1c3-3c8b-4b6e-b2aa-b2ea408f04fe	NR_116899.1	95.597	159	4	3	2	158	1318	1161	5.97e-67	252
e7f83e2d-18a1-4128-bf08-ee1021ae1656	NR_025892.1	94.268	157	4	4	1	153	1411	1256	5.71e-62	235
e7f83e2d-18a1-4128-bf08-ee1021ae1656	NR_025902.1	94.268	157	4	4	1	153	1364	1209	5.71e-62	235
e7f83e2d-18a1-4128-bf08-ee1021ae1656	NR_040933.1	94.268	157	4	4	1	153	1408	1253	5.71e-62	235
e7f83e2d-18a1-4128-bf08-ee1021ae1656	NR_041988.1	94.268	157	4	4	1	153	1344	1189	5.71e-62	235
e7f83e2d-18a1-4128-bf08-ee1021ae1656	NR_104947.1	94.268	157	4	4	1	153	1359	1204	5.71e-62	235
d789a89a-91e2-4241-9d89-0b0a79b49643	NR_028900.1	90.361	166	8	6	6	167	976	815	1.08e-54	211
d789a89a-91e2-4241-9d89-0b0a79b49643	NR_043458.1	90.361	166	8	6	6	167	1039	878	1.08e-54	211
d789a89a-91e2-4241-9d89-0b0a79b49643	NR_043459.1	90.361	166	8	6	6	167	1042	881	1.08e-54	211
d789a89a-91e2-4241-9d89-0b0a79b49643	NR_041988.1	90.361	166	8	6	6	167	976	815	1.08e-54	211
d789a89a-91e2-4241-9d89-0b0a79b49643	NR_044614.1	90.361	166	8	6	6	167	1044	883	1.08e-54	211
aa75a222-75f2-4b29-af0a-6bec485c2983	NR_164626.1	93.367	196	10	3	1	194	196	2	2.05e-77	287
aa75a222-75f2-4b29-af0a-6bec485c2983	NR_024901.1	93.333	195	10	3	1	193	199	6	7.39e-77	285
aa75a222-75f2-4b29-af0a-6bec485c2983	NR_024912.1	93.333	195	10	3	1	193	199	6	7.39e-77	285
aa75a222-75f2-4b29-af0a-6bec485c2983	NR_024928.1	93.333	195	10	3	1	193	199	6	7.39e-77	285
aa75a222-75f2-4b29-af0a-6bec485c2983	NR_025586.1	93.333	195	10	3	1	193	194	1	7.39e-77	285
9e6a286a-3f30-4d89-b648-2e17aa9e79d2	NR_024918.1	93.333	210	9	2	2	206	1256	1465	6.53e-83	305
9e6a286a-3f30-4d89-b648-2e17aa9e79d2	NR_025164.1	93.333	210	9	2	2	206	1243	1452	6.53e-83	305
9e6a286a-3f30-4d89-b648-2e17aa9e79d2	NR_025227.1	93.333	210	9	2	2	206	1239	1448	6.53e-83	305
9e6a286a-3f30-4d89-b648-2e17aa9e79d2	NR_028986.1	93.333	210	9	2	2	206	1243	1452	6.53e-83	305
9e6a286a-3f30-4d89-b648-2e17aa9e79d2	NR_036998.1	93.333	210	9	2	2	206	1242	1451	6.53e-83	305
d90eebaa-d0f4-49c7-85ff-10de23133378	NR_025144.1	100.000	93	0	0	1	93	477	569	2.65e-43	172
d90eebaa-d0f4-49c7-85ff-10de23133378	NR_025902.1	100.000	93	0	0	1	93	453	545	2.65e-43	172
d90eebaa-d0f4-49c7-85ff-10de23133378	NR_028900.1	100.000	93	0	0	1	93	433	525	2.65e-43	172
d90eebaa-d0f4-49c7-85ff-10de23133378	NR_040933.1	100.000	93	0	0	1	93	497	589	2.65e-43	172
d90eebaa-d0f4-49c7-85ff-10de23133378	NR_104830.1	100.000	93	0	0	1	93	490	582	2.65e-43	172
99a7d949-6648-4103-aa48-7df4cf084dbb	NR_043314.1	92.803	528	21	12	2	519	1391	871	0.0	749
99a7d949-6648-4103-aa48-7df4cf084dbb	NR_116905.1	92.803	528	21	12	2	519	1394	874	0.0	749
99a7d949-6648-4103-aa48-7df4cf084dbb	NR_116899.1	92.803	528	21	12	2	519	1360	840	0.0	749
99a7d949-6648-4103-aa48-7df4cf084dbb	NR_118125.1	92.803	528	21	12	2	519	1380	860	0.0	749
99a7d949-6648-4103-aa48-7df4cf084dbb	NR_149822.1	92.803	528	21	12	2	519	1356	836	0.0	749
46364d15-e796-4944-a1a1-0ef99b277f97	NR_024918.1	93.320	509	16	16	9	511	980	1476	0.0	736
46364d15-e796-4944-a1a1-0ef99b277f97	NR_043314.1	93.320	509	16	16	9	511	985	1481	0.0	736
46364d15-e796-4944-a1a1-0ef99b277f97	NR_116899.1	93.320	509	16	16	9	511	954	1450	0.0	736
46364d15-e796-4944-a1a1-0ef99b277f97	NR_164626.1	93.320	509	16	16	9	511	977	1473	0.0	736
46364d15-e796-4944-a1a1-0ef99b277f97	NR_178854.1	93.320	509	16	16	9	511	966	1462	0.0	736
0d91e76e-8fd5-458f-8941-0c1e517d0216	NR_117694.1	97.590	830	10	9	1	823	827	1	0.0	1413
0d91e76e-8fd5-458f-8941-0c1e517d0216	NR_025892.1	95.823	838	24	10	1	831	852	19	0.0	1363
0d91e76e-8fd5-458f-8941-0c1e517d0216	NR_121687.1	96.158	833	20	11	7	831	841	13	0.0	1351
0d91e76e-8fd5-458f-8941-0c1e517d0216	NR_117692.1	95.433	832	24	12	1	823	827	1	0.0	1314
0d91e76e-8fd5-458f-8941-0c1e517d0216	NR_041989.1	96.569	787	16	10	1	780	785	3	0.0	1293
ea40bfad-357a-4656-bece-de1f5ed94721	NR_179540.1	96.313	651	7	14	2	635	1133	483	0.0	1053
ea40bfad-357a-4656-bece-de1f5ed94721	NR_199547.1	96.313	651	7	14	2	635	1093	443	0.0	1053
ea40bfad-357a-4656-bece-de1f5ed94721	NR_028664.1	96.166	652	8	14	1	635	1137	486	0.0	1050
ea40bfad-357a-4656-bece-de1f5ed94721	NR_042928.1	96.166	652	8	14	1	635	1114	463	0.0	1050
ea40bfad-357a-4656-bece-de1f5ed94721	NR_115240.1	96.166	652	8	14	1	635	1114	463	0.0	1050
811f86e4-1bc7-4ce8-a5c2-15cdde0356b4	NR_024901.1	96.190	105	3	1	15	119	111	8	1.26e-42	171
811f86e4-1bc7-4ce8-a5c2-15cdde0356b4	NR_024909.1	96.190	105	3	1	15	119	111	8	1.26e-42	171
811f86e4-1bc7-4ce8-a5c2-15cdde0356b4	NR_024911.1	96.190	105	3	1	15	119	111	8	1.26e-42	171
811f86e4-1bc7-4ce8-a5c2-15cdde0356b4	NR_024912.1	96.190	105	3	1	15	119	111	8	1.26e-42	171
811f86e4-1bc7-4ce8-a5c2-15cdde0356b4	NR_024927.1	96.190	105	3	1	15	119	111	8	1.26e-42	171
9451bfd7-5166-41e1-921e-daec77685d0f	NR_117694.1	98.238	227	2	2	1	225	228	2	4.09e-110	396
9451bfd7-5166-41e1-921e-daec77685d0f	NR_025892.1	96.916	227	5	2	1	225	254	28	1.15e-105	381
9451bfd7-5166-41e1-921e-daec77685d0f	NR_117692.1	94.273	227	11	2	1	225	228	2	4.18e-95	346
9451bfd7-5166-41e1-921e-daec77685d0f	NR_121687.1	93.860	228	10	4	1	225	248	22	1.94e-93	340
9451bfd7-5166-41e1-921e-daec77685d0f	NR_104830.1	93.450	229	10	4	1	225	243	16	9.04e-92	335
f664721e-7b23-463f-888d-5fa1ac199661	NR_024842.1	97.603	918	10	12	1	911	580	1492	0.0	1563
f664721e-7b23-463f-888d-5fa1ac199661	NR_115735.1	97.593	914	10	12	1	907	556	1464	0.0	1555
f664721e-7b23-463f-888d-5fa1ac199661	NR_165737.1	97.695	911	10	11	1	904	565	1471	0.0	1555
f664721e-7b23-463f-888d-5fa1ac199661	NR_156072.1	97.386	918	12	12	1	911	585	1497	0.0	1552
f664721e-7b23-463f-888d-5fa1ac199661	NR_036936.1	97.475	911	12	10	1	904	565	1471	0.0	1544
eac819f2-6a17-48db-b38d-033d467a9e0f	NR_028665.1	96.833	221	4	1	1	218	1269	1489	2.97e-101	366
eac819f2-6a17-48db-b38d-033d467a9e0f	NR_156072.1	96.833	221	4	1	1	218	1274	1494	2.97e-101	366
eac819f2-6a17-48db-b38d-033d467a9e0f	NR_179385.1	96.833	221	4	1	1	218	1276	1496	2.97e-101	366
eac819f2-6a17-48db-b38d-033d467a9e0f	NR_199545.1	96.833	221	4	1	1	218	1272	1492	2.97e-101	366
eac819f2-6a17-48db-b38d-033d467a9e0f	NR_114172.1	96.818	220	4	1	1	217	1252	1471	1.07e-100	364
ac843392-1829-4da0-9d6e-5a0b83cadea8	NR_156986.1	92.718	618	24	19	1	608	647	41	0.0	872
ac843392-1829-4da0-9d6e-5a0b83cadea8	NR_178976.1	92.718	618	24	19	1	608	638	32	0.0	872
ac843392-1829-4da0-9d6e-5a0b83cadea8	NR_113600.1	92.557	618	25	19	1	608	639	33	0.0	869
ac843392-1829-4da0-9d6e-5a0b83cadea8	NR_024901.1	92.557	618	25	19	1	608	652	46	0.0	867
ac843392-1829-4da0-9d6e-5a0b83cadea8	NR_024912.1	92.557	618	25	19	1	608	652	46	0.0	867
5fea5290-a333-4007-ab70-8daef68d0240	NR_148589.1	100.000	132	0	0	1	132	1344	1475	8.09e-65	244
5fea5290-a333-4007-ab70-8daef68d0240	NR_037101.1	99.242	132	1	0	1	132	1344	1475	3.77e-63	239
5fea5290-a333-4007-ab70-8daef68d0240	NR_040821.1	99.242	132	1	0	1	132	1344	1475	3.77e-63	239
5fea5290-a333-4007-ab70-8daef68d0240	NR_040985.1	99.242	132	1	0	1	132	1348	1479	3.77e-63	239
5fea5290-a333-4007-ab70-8daef68d0240	NR_025148.1	99.242	132	1	0	1	132	1364	1495	3.77e-63	239
f003236d-14fa-431c-b5ae-bb554950bd80	NR_117694.1	91.816	782	46	15	1	766	692	1471	0.0	1074
f003236d-14fa-431c-b5ae-bb554950bd80	NR_121687.1	91.560	782	48	15	1	766	712	1491	0.0	1062
f003236d-14fa-431c-b5ae-bb554950bd80	NR_117692.1	91.432	782	49	15	1	766	692	1471	0.0	1057
f003236d-14fa-431c-b5ae-bb554950bd80	NR_025892.1	91.440	771	49	14	1	756	717	1485	0.0	1048
f003236d-14fa-431c-b5ae-bb554950bd80	NR_025902.1	91.176	782	51	15	1	766	670	1449	0.0	1046
627d2995-1705-4339-aff3-332253742eab	NR_041953.1	97.525	202	3	2	1	201	436	636	1.24e-94	344
627d2995-1705-4339-aff3-332253742eab	NR_181014.1	97.525	202	3	2	1	201	436	636	1.24e-94	344
627d2995-1705-4339-aff3-332253742eab	NR_199513.1	97.525	202	3	2	1	201	463	663	1.24e-94	344
627d2995-1705-4339-aff3-332253742eab	NR_042541.1	97.030	202	4	2	1	201	436	636	5.79e-93	339
627d2995-1705-4339-aff3-332253742eab	NR_152710.1	97.030	202	4	2	1	201	417	617	5.79e-93	339
2f7f2ed0-a354-465b-8e9c-6dc2e38d23fd	NR_074980.1	99.522	209	1	0	1	209	593	801	1.01e-105	381
2f7f2ed0-a354-465b-8e9c-6dc2e38d23fd	NR_113031.1	99.522	209	1	0	1	209	593	801	1.01e-105	381
2f7f2ed0-a354-465b-8e9c-6dc2e38d23fd	NR_113570.1	99.522	209	1	0	1	209	573	781	1.01e-105	381
2f7f2ed0-a354-465b-8e9c-6dc2e38d23fd	NR_119168.1	99.522	209	1	0	1	209	571	779	1.01e-105	381
2f7f2ed0-a354-465b-8e9c-6dc2e38d23fd	NR_044091.1	99.522	209	1	0	1	209	480	688	1.01e-105	381
75bda08e-c211-4a8e-b098-b59e978aff90	NR_179398.1	97.163	141	3	1	1	141	1348	1487	1.44e-62	237
75bda08e-c211-4a8e-b098-b59e978aff90	NR_181715.1	97.163	141	3	1	1	141	1348	1487	1.44e-62	237
75bda08e-c211-4a8e-b098-b59e978aff90	NR_040859.1	96.454	141	4	1	1	141	1340	1479	6.70e-61	231
75bda08e-c211-4a8e-b098-b59e978aff90	NR_040992.1	96.454	141	4	1	1	141	1348	1487	6.70e-61	231
75bda08e-c211-4a8e-b098-b59e978aff90	NR_025881.1	96.454	141	4	1	1	141	1346	1485	6.70e-61	231
12bf83e4-b925-442c-bcf9-89042aa28f9d	NR_044091.1	94.540	348	10	9	1	342	897	1241	5.73e-150	529
12bf83e4-b925-442c-bcf9-89042aa28f9d	NR_113570.1	93.391	348	13	10	1	342	990	1333	2.69e-143	507
12bf83e4-b925-442c-bcf9-89042aa28f9d	NR_043332.1	93.103	348	14	10	1	342	983	1326	3.47e-142	503
12bf83e4-b925-442c-bcf9-89042aa28f9d	NR_117759.1	93.103	348	14	10	1	342	986	1329	3.47e-142	503
12bf83e4-b925-442c-bcf9-89042aa28f9d	NR_074980.1	93.103	348	14	10	1	342	1010	1353	1.25e-141	501
6bc4e396-8216-4316-b11a-b5dfdb33b98b	NR_125570.1	89.811	265	17	8	8	263	1132	1395	1.34e-90	331
6bc4e396-8216-4316-b11a-b5dfdb33b98b	NR_125571.1	89.394	264	19	8	8	263	1174	1436	2.24e-88	324
6bc4e396-8216-4316-b11a-b5dfdb33b98b	NR_029097.1	91.480	223	13	6	8	225	1150	1371	1.05e-81	302
6bc4e396-8216-4316-b11a-b5dfdb33b98b	NR_042007.1	88.940	217	18	6	8	219	1205	1420	4.95e-70	263
6bc4e396-8216-4316-b11a-b5dfdb33b98b	NR_025127.1	89.573	211	16	6	8	213	1206	1415	4.95e-70	263
bb94c7df-bb9f-43a4-af5e-14e196b7bf75	NR_178976.1	93.402	1167	33	35	1	1133	1161	5	0.0	1688
bb94c7df-bb9f-43a4-af5e-14e196b7bf75	NR_156986.1	93.316	1167	34	35	1	1133	1170	14	0.0	1683
bb94c7df-bb9f-43a4-af5e-14e196b7bf75	NR_113600.1	93.231	1167	35	35	1	1133	1162	6	0.0	1679
bb94c7df-bb9f-43a4-af5e-14e196b7bf75	NR_024927.1	93.225	1166	37	32	1	1133	1175	19	0.0	1677
bb94c7df-bb9f-43a4-af5e-14e196b7bf75	NR_114223.1	93.225	1166	37	32	1	1133	1162	6	0.0	1677
43a47106-bbed-4fa7-986e-b212bda86659	NR_026395.1	99.254	134	0	1	1	133	870	1003	1.05e-63	241
43a47106-bbed-4fa7-986e-b212bda86659	NR_024704.1	99.254	134	0	1	1	133	858	991	1.05e-63	241
43a47106-bbed-4fa7-986e-b212bda86659	NR_024707.1	99.254	134	0	1	1	133	852	985	1.05e-63	241
43a47106-bbed-4fa7-986e-b212bda86659	NR_024902.1	99.254	134	0	1	1	133	865	998	1.05e-63	241
43a47106-bbed-4fa7-986e-b212bda86659	NR_024912.1	99.254	134	0	1	1	133	863	996	1.05e-63	241
e90b8c76-1b48-456a-9d26-27bf9b15c82b	NR_024912.1	93.581	296	7	9	1	290	300	11	1.41e-120	431
e90b8c76-1b48-456a-9d26-27bf9b15c82b	NR_028706.1	93.581	296	7	9	1	290	308	19	1.41e-120	431
e90b8c76-1b48-456a-9d26-27bf9b15c82b	NR_037092.1	93.581	296	7	9	1	290	305	16	1.41e-120	431
e90b8c76-1b48-456a-9d26-27bf9b15c82b	NR_042939.1	93.581	296	7	9	1	290	306	17	1.41e-120	431
e90b8c76-1b48-456a-9d26-27bf9b15c82b	NR_114473.1	93.581	296	7	9	1	290	295	6	1.41e-120	431
0b5e10d3-d256-47f0-82fc-c6b854ee422b	NR_040859.1	93.878	98	3	2	1	95	1478	1381	5.79e-35	145
0b5e10d3-d256-47f0-82fc-c6b854ee422b	NR_028806.1	93.878	98	3	2	1	95	1485	1388	5.79e-35	145
0b5e10d3-d256-47f0-82fc-c6b854ee422b	NR_040992.1	93.878	98	3	2	1	95	1486	1389	5.79e-35	145
0b5e10d3-d256-47f0-82fc-c6b854ee422b	NR_025881.1	93.878	98	3	2	1	95	1484	1387	5.79e-35	145
0b5e10d3-d256-47f0-82fc-c6b854ee422b	NR_026395.1	93.878	98	3	2	1	95	1486	1389	5.79e-35	145
07eaf6e0-e0dd-4346-ac6b-05ffa2c9d6d4	NR_026122.1	86.726	113	4	7	2	109	117	11	5.19e-26	115
07eaf6e0-e0dd-4346-ac6b-05ffa2c9d6d4	NR_115888.1	86.486	111	4	7	4	109	116	12	6.72e-25	111
07eaf6e0-e0dd-4346-ac6b-05ffa2c9d6d4	NR_179794.1	86.364	110	4	7	4	108	104	1	2.42e-24	110
07eaf6e0-e0dd-4346-ac6b-05ffa2c9d6d4	NR_074933.1	86.239	109	4	7	6	109	111	9	8.69e-24	108
07eaf6e0-e0dd-4346-ac6b-05ffa2c9d6d4	NR_181244.1	85.586	111	5	7	4	109	116	12	3.13e-23	106
dedbd592-e81b-45dd-84b3-91f8aa16b19b	NR_156986.1	92.377	997	38	31	16	986	985	1	0.0	1386
dedbd592-e81b-45dd-84b3-91f8aa16b19b	NR_199513.1	92.292	999	41	30	14	987	1006	19	0.0	1386
dedbd592-e81b-45dd-84b3-91f8aa16b19b	NR_024901.1	92.277	997	39	31	16	986	990	6	0.0	1380
dedbd592-e81b-45dd-84b3-91f8aa16b19b	NR_024928.1	92.277	997	39	31	16	986	990	6	0.0	1380
dedbd592-e81b-45dd-84b3-91f8aa16b19b	NR_156987.1	92.277	997	39	31	16	986	985	1	0.0	1380
5f61aa97-77c7-4565-b494-919d9f77d70d	NR_043314.1	93.188	367	17	5	1	364	1120	1481	4.78e-151	532
5f61aa97-77c7-4565-b494-919d9f77d70d	NR_114749.1	93.188	367	17	5	1	364	1122	1483	4.78e-151	532
5f61aa97-77c7-4565-b494-919d9f77d70d	NR_116899.1	93.188	367	17	5	1	364	1089	1450	4.78e-151	532
5f61aa97-77c7-4565-b494-919d9f77d70d	NR_178854.1	93.188	367	17	5	1	364	1101	1462	4.78e-151	532
5f61aa97-77c7-4565-b494-919d9f77d70d	NR_179889.1	93.188	367	17	5	1	364	1129	1490	4.78e-151	532
9d9a0959-6c9e-4693-9dab-575ce1903cc4	NR_116168.1	94.167	120	4	3	1	118	140	22	2.13e-45	180
9d9a0959-6c9e-4693-9dab-575ce1903cc4	NR_042878.1	92.500	120	6	3	1	118	119	1	3.56e-43	172
9d9a0959-6c9e-4693-9dab-575ce1903cc4	NR_118762.1	90.000	120	9	3	1	118	143	25	2.77e-39	159
9d9a0959-6c9e-4693-9dab-575ce1903cc4	NR_115214.1	90.000	120	9	3	1	118	119	1	1.29e-37	154
9d9a0959-6c9e-4693-9dab-575ce1903cc4	NR_024896.1	90.000	120	9	3	1	118	139	21	4.64e-37	152
71b08e44-35c7-463c-9f91-45298c1abda7	NR_181857.1	93.939	759	27	12	1	751	777	1524	0.0	1129
71b08e44-35c7-463c-9f91-45298c1abda7	NR_041799.1	93.808	759	28	12	1	751	719	1466	0.0	1123
71b08e44-35c7-463c-9f91-45298c1abda7	NR_117823.1	93.808	759	28	12	1	751	691	1438	0.0	1123
71b08e44-35c7-463c-9f91-45298c1abda7	NR_181265.1	93.808	759	28	12	1	751	746	1493	0.0	1123
71b08e44-35c7-463c-9f91-45298c1abda7	NR_181730.1	93.791	757	28	12	1	749	725	1470	0.0	1120
e54812e0-9d6e-4870-997c-3274abd33304	NR_041989.1	82.209	163	19	10	1	157	181	23	8.00e-31	132
e54812e0-9d6e-4870-997c-3274abd33304	NR_117694.1	82.209	163	19	10	1	157	223	65	8.00e-31	132
e54812e0-9d6e-4870-997c-3274abd33304	NR_025892.1	83.942	137	14	8	26	157	224	91	3.72e-29	126
e54812e0-9d6e-4870-997c-3274abd33304	NR_117692.1	81.098	164	19	11	1	157	223	65	1.73e-27	121
e54812e0-9d6e-4870-997c-3274abd33304	NR_025902.1	80.606	165	19	12	1	157	201	42	8.05e-26	115
5ed6a39a-fb89-43f9-9880-d742a03abbdb	NR_199513.1	90.229	655	40	19	22	657	765	116	0.0	833
5ed6a39a-fb89-43f9-9880-d742a03abbdb	NR_041953.1	89.618	655	44	19	22	657	738	89	0.0	811
5ed6a39a-fb89-43f9-9880-d742a03abbdb	NR_178447.1	89.618	655	44	19	22	657	672	23	0.0	811
5ed6a39a-fb89-43f9-9880-d742a03abbdb	NR_181891.1	89.618	655	44	19	22	657	761	112	0.0	811
5ed6a39a-fb89-43f9-9880-d742a03abbdb	NR_199518.1	89.618	655	44	19	22	657	682	33	0.0	811
6a920ba2-cd3e-40e8-b369-77dfc788cecb	NR_024918.1	88.498	426	28	17	30	440	1057	1476	7.65e-140	496
6a920ba2-cd3e-40e8-b369-77dfc788cecb	NR_028986.1	88.498	426	28	17	30	440	1044	1463	7.65e-140	496
6a920ba2-cd3e-40e8-b369-77dfc788cecb	NR_036909.1	88.498	426	28	17	30	440	1062	1481	7.65e-140	496
6a920ba2-cd3e-40e8-b369-77dfc788cecb	NR_036998.1	88.471	425	29	16	30	440	1044	1462	7.65e-140	496
6a920ba2-cd3e-40e8-b369-77dfc788cecb	NR_043314.1	88.498	426	28	17	30	440	1062	1481	7.65e-140	496
f36f04fe-7cf7-4d32-aad2-2ac4b69f7b1c	NR_028664.1	93.450	229	6	7	1	228	1201	1421	1.20e-90	331
f36f04fe-7cf7-4d32-aad2-2ac4b69f7b1c	NR_028665.1	93.450	229	6	7	1	228	1195	1415	1.20e-90	331
f36f04fe-7cf7-4d32-aad2-2ac4b69f7b1c	NR_042927.1	93.450	229	6	7	1	228	1180	1400	1.20e-90	331
f36f04fe-7cf7-4d32-aad2-2ac4b69f7b1c	NR_114172.1	93.450	229	6	7	1	228	1178	1398	1.20e-90	331
f36f04fe-7cf7-4d32-aad2-2ac4b69f7b1c	NR_114413.1	93.450	229	6	7	1	228	1203	1423	1.20e-90	331
939ff710-b5cf-4a68-9e2b-06cc8ed99edf	NR_199513.1	96.743	829	17	8	5	825	948	122	0.0	1373
939ff710-b5cf-4a68-9e2b-06cc8ed99edf	NR_156986.1	96.627	830	16	10	5	825	929	103	0.0	1367
939ff710-b5cf-4a68-9e2b-06cc8ed99edf	NR_178976.1	96.627	830	16	10	5	825	920	94	0.0	1367
939ff710-b5cf-4a68-9e2b-06cc8ed99edf	NR_113600.1	96.506	830	17	10	5	825	921	95	0.0	1363
939ff710-b5cf-4a68-9e2b-06cc8ed99edf	NR_156987.1	96.506	830	17	10	5	825	929	103	0.0	1362
0ea31078-0d28-484a-bba7-c247dcd6a7e5	NR_043332.1	98.077	156	2	1	1	155	1330	1485	1.60e-72	270
0ea31078-0d28-484a-bba7-c247dcd6a7e5	NR_074980.1	98.077	156	2	1	1	155	1357	1512	1.60e-72	270
0ea31078-0d28-484a-bba7-c247dcd6a7e5	NR_113031.1	98.077	156	2	1	1	155	1357	1512	1.60e-72	270
0ea31078-0d28-484a-bba7-c247dcd6a7e5	NR_115354.1	98.077	156	2	1	1	155	1330	1485	1.60e-72	270
0ea31078-0d28-484a-bba7-c247dcd6a7e5	NR_115355.1	98.077	156	2	1	1	155	1330	1485	1.60e-72	270
5f1a3e0e-1e73-495f-9239-e98b56dbb2c8	NR_029042.2	98.883	179	1	1	1	178	797	619	6.69e-87	318
5f1a3e0e-1e73-495f-9239-e98b56dbb2c8	NR_178342.1	98.883	179	1	1	1	178	777	599	6.69e-87	318
5f1a3e0e-1e73-495f-9239-e98b56dbb2c8	NR_178482.1	98.883	179	1	1	1	178	767	589	6.69e-87	318
5f1a3e0e-1e73-495f-9239-e98b56dbb2c8	NR_179482.1	98.883	179	1	1	1	178	680	502	6.69e-87	318
5f1a3e0e-1e73-495f-9239-e98b56dbb2c8	NR_181875.1	98.883	179	1	1	1	178	788	610	6.69e-87	318
e1d97bae-d120-41cd-9897-103b8824f287	NR_025902.1	93.478	138	7	2	13	149	1314	1450	1.58e-52	204
e1d97bae-d120-41cd-9897-103b8824f287	NR_028844.1	93.478	138	7	2	13	149	1345	1481	1.58e-52	204
e1d97bae-d120-41cd-9897-103b8824f287	NR_117717.1	93.478	138	7	2	13	149	1356	1492	1.58e-52	204
e1d97bae-d120-41cd-9897-103b8824f287	NR_121688.1	93.478	138	7	2	13	149	1356	1492	1.58e-52	204
e1d97bae-d120-41cd-9897-103b8824f287	NR_159079.1	93.478	138	7	2	13	149	1332	1468	1.58e-52	204
22fd5533-0a3b-4871-8602-a88123f098db	NR_041722.2	99.242	132	1	0	1	132	1378	1509	3.83e-63	239
22fd5533-0a3b-4871-8602-a88123f098db	NR_028665.1	99.242	132	1	0	1	132	1358	1489	3.83e-63	239
22fd5533-0a3b-4871-8602-a88123f098db	NR_028736.1	99.242	132	1	0	1	132	1367	1498	3.83e-63	239
22fd5533-0a3b-4871-8602-a88123f098db	NR_041721.1	99.242	132	1	0	1	132	1366	1497	3.83e-63	239
22fd5533-0a3b-4871-8602-a88123f098db	NR_112704.1	99.242	132	1	0	1	132	1262	1393	3.83e-63	239
fe697f4f-c29c-488c-88ff-1fd106d4b35b	NR_178363.1	98.446	193	1	2	5	196	205	14	5.69e-93	339
fe697f4f-c29c-488c-88ff-1fd106d4b35b	NR_117839.1	98.438	192	1	2	5	195	233	43	2.05e-92	337
fe697f4f-c29c-488c-88ff-1fd106d4b35b	NR_117292.1	97.927	193	2	2	5	196	205	14	2.65e-91	333
fe697f4f-c29c-488c-88ff-1fd106d4b35b	NR_178362.1	97.409	193	3	2	5	196	205	14	1.23e-89	327
fe697f4f-c29c-488c-88ff-1fd106d4b35b	NR_113141.1	96.891	193	4	2	5	196	225	34	5.73e-88	322
7815a728-8e14-4d2e-833f-1b6e8fb6146a	NR_028664.1	95.402	174	4	4	1	173	835	1005	1.40e-73	274
7815a728-8e14-4d2e-833f-1b6e8fb6146a	NR_042927.1	95.402	174	4	4	1	173	814	984	1.40e-73	274
7815a728-8e14-4d2e-833f-1b6e8fb6146a	NR_114413.1	95.402	174	4	4	1	173	837	1007	1.40e-73	274
7815a728-8e14-4d2e-833f-1b6e8fb6146a	NR_115240.1	95.402	174	4	4	1	173	812	982	1.40e-73	274
7815a728-8e14-4d2e-833f-1b6e8fb6146a	NR_115732.1	95.402	174	4	4	1	173	814	984	1.40e-73	274
0c95b8bd-29c8-4ad5-9a77-9be9622aa91f	NR_179540.1	93.085	188	8	4	4	186	219	32	1.99e-72	270
0c95b8bd-29c8-4ad5-9a77-9be9622aa91f	NR_042771.1	90.957	188	12	4	4	186	219	32	9.30e-66	248
0c95b8bd-29c8-4ad5-9a77-9be9622aa91f	NR_115274.1	90.957	188	12	4	4	186	199	12	9.30e-66	248
0c95b8bd-29c8-4ad5-9a77-9be9622aa91f	NR_024841.1	90.052	191	10	7	4	186	215	26	5.60e-63	239
0c95b8bd-29c8-4ad5-9a77-9be9622aa91f	NR_113260.1	90.052	191	10	7	4	186	201	12	5.60e-63	239
35ca2e57-1c87-4acd-a774-8bce4bde8207	NR_114413.1	94.904	157	4	3	3	157	168	14	3.54e-64	243
35ca2e57-1c87-4acd-a774-8bce4bde8207	NR_199956.1	94.904	157	4	3	3	157	165	11	3.54e-64	243
35ca2e57-1c87-4acd-a774-8bce4bde8207	NR_199974.1	94.904	157	4	3	3	157	172	18	3.54e-64	243
35ca2e57-1c87-4acd-a774-8bce4bde8207	NR_025453.1	97.163	141	3	1	3	142	145	5	1.65e-62	237
35ca2e57-1c87-4acd-a774-8bce4bde8207	NR_042927.1	97.163	141	3	1	3	142	145	5	1.65e-62	237
55ffe3ca-37c7-4321-9c38-4e3d132795f8	NR_025550.1	93.671	237	9	6	1	232	1103	868	3.15e-96	350
55ffe3ca-37c7-4321-9c38-4e3d132795f8	NR_042147.1	93.671	237	9	6	1	232	1101	866	3.15e-96	350
55ffe3ca-37c7-4321-9c38-4e3d132795f8	NR_137215.1	93.671	237	9	6	1	232	1108	873	3.15e-96	350
55ffe3ca-37c7-4321-9c38-4e3d132795f8	NR_197749.1	93.671	237	9	6	1	232	1123	888	3.15e-96	350
55ffe3ca-37c7-4321-9c38-4e3d132795f8	NR_026395.1	93.249	237	10	6	1	232	1121	886	1.47e-94	344
2dbb2173-abfe-4b30-bb02-6f2421ba6ae4	NR_043332.1	91.919	99	4	2	1	96	1467	1370	3.44e-32	135
2dbb2173-abfe-4b30-bb02-6f2421ba6ae4	NR_074980.1	91.919	99	4	2	1	96	1494	1397	3.44e-32	135
2dbb2173-abfe-4b30-bb02-6f2421ba6ae4	NR_113031.1	91.919	99	4	2	1	96	1494	1397	3.44e-32	135
2dbb2173-abfe-4b30-bb02-6f2421ba6ae4	NR_113570.1	91.919	99	4	2	1	96	1474	1377	3.44e-32	135
2dbb2173-abfe-4b30-bb02-6f2421ba6ae4	NR_115354.1	91.919	99	4	2	1	96	1467	1370	3.44e-32	135
e685b602-60c4-4984-a357-65c092afa3f9	NR_164626.1	95.139	144	0	6	16	155	142	2	1.63e-57	220
e685b602-60c4-4984-a357-65c092afa3f9	NR_181570.1	95.139	144	0	6	16	155	159	19	1.63e-57	220
e685b602-60c4-4984-a357-65c092afa3f9	NR_024901.1	95.105	143	0	6	16	154	145	6	5.88e-57	219
e685b602-60c4-4984-a357-65c092afa3f9	NR_024911.1	95.683	139	0	5	19	154	141	6	5.88e-57	219
e685b602-60c4-4984-a357-65c092afa3f9	NR_024912.1	95.105	143	0	6	16	154	145	6	5.88e-57	219
68de6049-b317-444d-9d11-48bf2b9301e3	NR_024901.1	95.614	228	5	5	1	226	232	8	1.44e-99	361
68de6049-b317-444d-9d11-48bf2b9301e3	NR_024912.1	95.614	228	5	5	1	226	232	8	1.44e-99	361
68de6049-b317-444d-9d11-48bf2b9301e3	NR_024927.1	95.614	228	5	5	1	226	232	8	1.44e-99	361
68de6049-b317-444d-9d11-48bf2b9301e3	NR_024928.1	95.614	228	5	5	1	226	232	8	1.44e-99	361
68de6049-b317-444d-9d11-48bf2b9301e3	NR_025586.1	95.614	228	5	5	1	226	227	3	1.44e-99	361
136c74be-644d-460c-960a-6debc64543b6	NR_104684.1	95.588	136	3	3	1	136	1351	1483	6.58e-56	215
136c74be-644d-460c-960a-6debc64543b6	NR_165739.1	94.488	127	4	3	1	127	1331	1454	3.08e-49	193
136c74be-644d-460c-960a-6debc64543b6	NR_104700.1	91.971	137	6	5	1	136	1351	1483	1.43e-47	187
136c74be-644d-460c-960a-6debc64543b6	NR_113270.1	91.971	137	6	5	1	136	1351	1483	1.43e-47	187
136c74be-644d-460c-960a-6debc64543b6	NR_179434.1	91.971	137	6	5	1	136	1351	1483	1.43e-47	187
133bda17-4c1d-4d1c-8728-6f1ce6df154b	NR_199956.1	95.808	167	3	3	3	167	177	13	2.26e-71	267
133bda17-4c1d-4d1c-8728-6f1ce6df154b	NR_114413.1	96.319	163	2	3	7	167	176	16	8.12e-71	265
133bda17-4c1d-4d1c-8728-6f1ce6df154b	NR_199974.1	96.319	163	2	3	7	167	180	20	8.12e-71	265
133bda17-4c1d-4d1c-8728-6f1ce6df154b	NR_156072.1	95.210	167	4	3	3	167	177	13	1.05e-69	261
133bda17-4c1d-4d1c-8728-6f1ce6df154b	NR_152678.1	95.706	163	3	3	7	167	173	13	3.78e-69	259
a4188c06-d61d-46b5-822a-b748c46127c1	NR_025338.1	93.519	216	9	5	1	213	1185	972	2.94e-86	316
a4188c06-d61d-46b5-822a-b748c46127c1	NR_041979.1	93.519	216	9	5	1	213	1177	964	2.94e-86	316
a4188c06-d61d-46b5-822a-b748c46127c1	NR_112005.1	93.519	216	9	5	1	213	1170	957	2.94e-86	316
a4188c06-d61d-46b5-822a-b748c46127c1	NR_114155.1	93.519	216	9	5	1	213	1175	962	2.94e-86	316
a4188c06-d61d-46b5-822a-b748c46127c1	NR_118143.1	93.519	216	9	5	1	213	1175	962	2.94e-86	316
2141be3c-c637-44da-886b-68ac612c18c2	NR_113368.1	95.185	270	6	6	1	264	1190	1458	2.79e-117	420
2141be3c-c637-44da-886b-68ac612c18c2	NR_026094.1	95.094	265	6	6	1	259	1190	1453	1.68e-114	411
2141be3c-c637-44da-886b-68ac612c18c2	NR_119228.1	93.985	266	9	6	1	260	1153	1417	4.70e-110	396
2141be3c-c637-44da-886b-68ac612c18c2	NR_165677.1	93.333	270	11	6	1	264	1198	1466	6.08e-109	392
2141be3c-c637-44da-886b-68ac612c18c2	NR_181560.1	93.333	270	11	6	1	264	1189	1457	6.08e-109	392
4f0fc6e3-ad46-4fe4-b8eb-b6e0cdabec38	NR_043332.1	100.000	78	0	0	2	79	1405	1482	4.72e-35	145
4f0fc6e3-ad46-4fe4-b8eb-b6e0cdabec38	NR_074980.1	100.000	78	0	0	2	79	1432	1509	4.72e-35	145
4f0fc6e3-ad46-4fe4-b8eb-b6e0cdabec38	NR_113031.1	100.000	78	0	0	2	79	1432	1509	4.72e-35	145
4f0fc6e3-ad46-4fe4-b8eb-b6e0cdabec38	NR_115354.1	100.000	78	0	0	2	79	1405	1482	4.72e-35	145
4f0fc6e3-ad46-4fe4-b8eb-b6e0cdabec38	NR_115355.1	100.000	78	0	0	2	79	1405	1482	4.72e-35	145
7423c7bb-6f5a-4059-b057-ad294fea4481	NR_025892.1	94.059	202	9	2	1	201	914	715	2.11e-82	303
7423c7bb-6f5a-4059-b057-ad294fea4481	NR_042976.1	94.030	201	11	1	1	201	897	698	2.11e-82	303
7423c7bb-6f5a-4059-b057-ad294fea4481	NR_118697.1	94.030	201	11	1	1	201	912	713	2.11e-82	303
7423c7bb-6f5a-4059-b057-ad294fea4481	NR_041989.1	94.059	202	9	2	1	201	847	648	2.11e-82	303
7423c7bb-6f5a-4059-b057-ad294fea4481	NR_117694.1	94.059	202	9	2	1	201	889	690	2.11e-82	303
8c8554bd-99a2-4bc9-ae02-46b26fb43edf	NR_125570.1	91.705	217	10	7	5	216	739	952	1.41e-79	294
8c8554bd-99a2-4bc9-ae02-46b26fb43edf	NR_029097.1	90.323	217	13	7	5	216	757	970	1.42e-74	278
8c8554bd-99a2-4bc9-ae02-46b26fb43edf	NR_125571.1	90.323	217	13	7	5	216	781	994	1.42e-74	278
8c8554bd-99a2-4bc9-ae02-46b26fb43edf	NR_181885.1	86.239	218	20	9	5	216	801	1014	1.45e-59	228
8c8554bd-99a2-4bc9-ae02-46b26fb43edf	NR_042008.1	87.374	198	19	6	23	216	825	1020	6.73e-58	222
c1cd5b27-5f27-452d-8416-c62a460d9058	NR_042939.1	86.828	372	25	19	2	355	1123	1488	2.28e-109	394
c1cd5b27-5f27-452d-8416-c62a460d9058	NR_114473.1	87.714	350	23	17	2	337	1111	1454	2.95e-108	390
c1cd5b27-5f27-452d-8416-c62a460d9058	NR_178482.1	87.714	350	23	17	2	337	1093	1436	2.95e-108	390
c1cd5b27-5f27-452d-8416-c62a460d9058	NR_024911.1	86.486	370	26	19	4	355	1118	1481	1.37e-106	385
c1cd5b27-5f27-452d-8416-c62a460d9058	NR_029050.1	87.464	343	22	18	4	332	1073	1408	8.25e-104	375
aa812015-8497-4ea7-b67f-036f2cd13da7	NR_104897.1	92.975	242	11	6	18	256	1239	1001	1.29e-95	348
aa812015-8497-4ea7-b67f-036f2cd13da7	NR_165738.1	92.116	241	13	6	18	255	1240	1003	1.01e-91	335
aa812015-8497-4ea7-b67f-036f2cd13da7	NR_117817.1	91.736	242	14	6	18	256	1205	967	1.30e-90	331
aa812015-8497-4ea7-b67f-036f2cd13da7	NR_117560.1	91.736	242	14	6	18	256	1197	959	1.30e-90	331
aa812015-8497-4ea7-b67f-036f2cd13da7	NR_117864.1	91.736	242	14	6	18	256	1243	1005	1.30e-90	331
b78210e6-5c40-4557-ad8b-868f3d328e7b	NR_156986.1	95.893	1266	32	16	1	1250	1262	1	0.0	2032
b78210e6-5c40-4557-ad8b-868f3d328e7b	NR_199514.1	95.889	1265	32	16	2	1250	1273	13	0.0	2030
b78210e6-5c40-4557-ad8b-868f3d328e7b	NR_156987.1	95.814	1266	33	16	1	1250	1262	1	0.0	2026
b78210e6-5c40-4557-ad8b-868f3d328e7b	NR_199513.1	95.810	1265	35	14	2	1251	1280	19	0.0	2026
b78210e6-5c40-4557-ad8b-868f3d328e7b	NR_024901.1	95.810	1265	33	16	2	1250	1266	6	0.0	2025
d2c9719e-3357-4e8a-a859-7aa026d28788	NR_156986.1	89.948	1154	54	44	6	1111	1140	1	0.0	1432
d2c9719e-3357-4e8a-a859-7aa026d28788	NR_024901.1	89.861	1154	55	45	6	1111	1145	6	0.0	1426
d2c9719e-3357-4e8a-a859-7aa026d28788	NR_024928.1	89.861	1154	55	45	6	1111	1145	6	0.0	1426
d2c9719e-3357-4e8a-a859-7aa026d28788	NR_037092.1	89.922	1151	55	46	6	1111	1145	11	0.0	1426
d2c9719e-3357-4e8a-a859-7aa026d28788	NR_156987.1	89.861	1154	55	44	6	1111	1140	1	0.0	1426
fddfcee3-43dd-4e78-a495-48a9a417569a	NR_117694.1	92.530	1419	56	42	1	1385	65	1467	0.0	1988
fddfcee3-43dd-4e78-a495-48a9a417569a	NR_121687.1	92.113	1420	60	43	1	1385	85	1487	0.0	1954
fddfcee3-43dd-4e78-a495-48a9a417569a	NR_025892.1	91.295	1413	72	44	1	1379	91	1486	0.0	1906
fddfcee3-43dd-4e78-a495-48a9a417569a	NR_104946.1	91.786	1400	63	46	2	1367	29	1410	0.0	1901
fddfcee3-43dd-4e78-a495-48a9a417569a	NR_117692.1	91.414	1421	68	46	1	1385	65	1467	0.0	1899
e8b4ccda-22db-4ee1-b100-2ee70df9b989	NR_043314.1	92.678	478	19	13	1	470	1012	1481	0.0	675
e8b4ccda-22db-4ee1-b100-2ee70df9b989	NR_114749.1	92.678	478	19	13	1	470	1014	1483	0.0	675
e8b4ccda-22db-4ee1-b100-2ee70df9b989	NR_116899.1	92.678	478	19	13	1	470	981	1450	0.0	675
e8b4ccda-22db-4ee1-b100-2ee70df9b989	NR_178854.1	92.678	478	19	13	1	470	993	1462	0.0	675
e8b4ccda-22db-4ee1-b100-2ee70df9b989	NR_179889.1	92.678	478	19	13	1	470	1021	1490	0.0	675
7425d2f6-ac9f-44dc-af65-ea5676b42214	NR_116168.1	93.353	346	14	8	1	337	366	21	3.47e-142	503
7425d2f6-ac9f-44dc-af65-ea5676b42214	NR_042878.1	92.754	345	16	8	1	336	345	1	1.62e-140	497
7425d2f6-ac9f-44dc-af65-ea5676b42214	NR_118762.1	90.751	346	23	8	1	337	369	24	3.52e-132	470
7425d2f6-ac9f-44dc-af65-ea5676b42214	NR_025423.1	91.379	348	19	8	1	337	350	3	4.56e-131	466
7425d2f6-ac9f-44dc-af65-ea5676b42214	NR_042890.1	91.545	343	20	7	3	336	343	1	4.56e-131	466
aed912b2-2192-4bc5-a6e3-52c04c320c87	NR_113570.1	95.425	1224	29	18	18	1233	290	1494	0.0	1925
aed912b2-2192-4bc5-a6e3-52c04c320c87	NR_043332.1	95.258	1223	32	19	18	1233	283	1486	0.0	1917
aed912b2-2192-4bc5-a6e3-52c04c320c87	NR_074980.1	95.258	1223	32	19	18	1233	310	1513	0.0	1914
aed912b2-2192-4bc5-a6e3-52c04c320c87	NR_113031.1	95.258	1223	32	19	18	1233	310	1513	0.0	1914
aed912b2-2192-4bc5-a6e3-52c04c320c87	NR_115354.1	95.090	1222	36	17	18	1233	283	1486	0.0	1905
610bcc36-32ff-4248-bb6d-19e151dbf340	NR_044777.1	94.268	1134	35	22	1	1112	1126	1	0.0	1709
610bcc36-32ff-4248-bb6d-19e151dbf340	NR_026094.1	93.881	1144	38	24	1	1120	1148	13	0.0	1696
610bcc36-32ff-4248-bb6d-19e151dbf340	NR_113368.1	93.881	1144	38	24	1	1120	1148	13	0.0	1696
610bcc36-32ff-4248-bb6d-19e151dbf340	NR_119228.1	93.923	1119	37	23	1	1096	1111	1	0.0	1661
610bcc36-32ff-4248-bb6d-19e151dbf340	NR_113564.1	87.787	1089	95	29	60	1120	1091	13	0.0	1240
760537ab-c51b-4e68-bda8-9bde9982df79	NR_024912.1	98.052	616	6	5	1	611	620	6	0.0	1066
760537ab-c51b-4e68-bda8-9bde9982df79	NR_156986.1	98.052	616	6	5	1	611	615	1	0.0	1066
760537ab-c51b-4e68-bda8-9bde9982df79	NR_024901.1	97.890	616	7	5	1	611	620	6	0.0	1061
760537ab-c51b-4e68-bda8-9bde9982df79	NR_024928.1	97.890	616	7	5	1	611	620	6	0.0	1061
760537ab-c51b-4e68-bda8-9bde9982df79	NR_156987.1	97.890	616	7	5	1	611	615	1	0.0	1061
c058e68a-3198-4df5-9163-73e0605dda46	NR_199515.1	89.526	907	45	35	1	874	608	1497	0.0	1103
c058e68a-3198-4df5-9163-73e0605dda46	NR_181354.1	89.491	904	47	35	1	874	606	1491	0.0	1099
c058e68a-3198-4df5-9163-73e0605dda46	NR_116899.1	89.416	907	46	35	1	874	566	1455	0.0	1098
c058e68a-3198-4df5-9163-73e0605dda46	NR_132724.1	90.394	864	36	34	1	834	536	1382	0.0	1092
c058e68a-3198-4df5-9163-73e0605dda46	NR_179889.1	89.305	907	47	35	1	874	606	1495	0.0	1092
4f86d7bb-b003-4404-8f68-a1b70e4da74f	NR_024901.1	92.019	213	6	11	1	206	222	14	6.28e-78	289
4f86d7bb-b003-4404-8f68-a1b70e4da74f	NR_024912.1	92.019	213	6	11	1	206	222	14	6.28e-78	289
4f86d7bb-b003-4404-8f68-a1b70e4da74f	NR_024928.1	92.019	213	6	11	1	206	222	14	6.28e-78	289
4f86d7bb-b003-4404-8f68-a1b70e4da74f	NR_025164.1	92.019	213	6	11	1	206	209	1	6.28e-78	289
4f86d7bb-b003-4404-8f68-a1b70e4da74f	NR_025586.1	92.019	213	6	11	1	206	217	9	6.28e-78	289
c55c04a9-41b3-40f0-8085-02bd5165241e	NR_113570.1	96.229	716	9	11	1	706	788	1495	0.0	1157
c55c04a9-41b3-40f0-8085-02bd5165241e	NR_043332.1	96.084	715	11	10	1	706	781	1487	0.0	1153
c55c04a9-41b3-40f0-8085-02bd5165241e	NR_074980.1	96.084	715	11	11	1	706	808	1514	0.0	1149
c55c04a9-41b3-40f0-8085-02bd5165241e	NR_113031.1	96.084	715	11	11	1	706	808	1514	0.0	1149
c55c04a9-41b3-40f0-8085-02bd5165241e	NR_115355.1	95.804	715	13	10	1	706	781	1487	0.0	1138
faaca940-a721-4219-8a62-1b65c292eb8f	NR_040859.1	89.804	255	14	8	1	243	521	267	3.35e-86	316
faaca940-a721-4219-8a62-1b65c292eb8f	NR_024901.1	89.804	255	14	8	1	243	522	268	3.35e-86	316
faaca940-a721-4219-8a62-1b65c292eb8f	NR_024912.1	89.804	255	14	8	1	243	522	268	3.35e-86	316
faaca940-a721-4219-8a62-1b65c292eb8f	NR_024928.1	89.804	255	14	8	1	243	522	268	3.35e-86	316
faaca940-a721-4219-8a62-1b65c292eb8f	NR_025228.1	89.804	255	14	8	1	243	505	251	3.35e-86	316
f06268c4-e953-4360-b6d6-ffe413ff8044	NR_109720.1	97.459	984	9	11	19	990	1213	234	0.0	1664
f06268c4-e953-4360-b6d6-ffe413ff8044	NR_115735.1	97.459	984	9	11	19	990	1210	231	0.0	1664
f06268c4-e953-4360-b6d6-ffe413ff8044	NR_116211.1	97.459	984	9	11	19	990	1142	163	0.0	1664
f06268c4-e953-4360-b6d6-ffe413ff8044	NR_036936.1	97.358	984	10	11	19	990	1219	240	0.0	1659
f06268c4-e953-4360-b6d6-ffe413ff8044	NR_024842.1	97.256	984	11	11	19	990	1234	255	0.0	1657
07914acd-a1d4-4839-bbf4-b12cdd23f0a3	NR_199513.1	93.548	1085	35	26	1	1065	1087	18	0.0	1583
07914acd-a1d4-4839-bbf4-b12cdd23f0a3	NR_024901.1	92.982	1083	41	28	1	1063	1073	6	0.0	1546
07914acd-a1d4-4839-bbf4-b12cdd23f0a3	NR_024927.1	92.976	1082	43	26	1	1063	1073	6	0.0	1546
07914acd-a1d4-4839-bbf4-b12cdd23f0a3	NR_024928.1	92.982	1083	41	28	1	1063	1073	6	0.0	1546
07914acd-a1d4-4839-bbf4-b12cdd23f0a3	NR_181891.1	92.903	1085	42	28	1	1065	1083	14	0.0	1544
b3f74156-9f90-4ba5-a30b-7b680e608fdd	NR_024912.1	94.318	616	24	10	1	608	621	9	0.0	933
b3f74156-9f90-4ba5-a30b-7b680e608fdd	NR_156986.1	94.318	616	24	10	1	608	616	4	0.0	933
b3f74156-9f90-4ba5-a30b-7b680e608fdd	NR_042147.1	94.435	611	23	10	1	603	608	1	0.0	929
b3f74156-9f90-4ba5-a30b-7b680e608fdd	NR_024901.1	94.156	616	25	10	1	608	621	9	0.0	928
b3f74156-9f90-4ba5-a30b-7b680e608fdd	NR_156987.1	94.156	616	25	10	1	608	616	4	0.0	928
290f8f18-ed94-42d6-942f-d20338db4536	NR_024912.1	97.980	495	7	3	12	503	500	6	0.0	856
290f8f18-ed94-42d6-942f-d20338db4536	NR_156986.1	97.980	495	7	3	12	503	495	1	0.0	856
290f8f18-ed94-42d6-942f-d20338db4536	NR_024901.1	97.778	495	8	3	12	503	500	6	0.0	850
290f8f18-ed94-42d6-942f-d20338db4536	NR_024928.1	97.778	495	8	3	12	503	500	6	0.0	850
290f8f18-ed94-42d6-942f-d20338db4536	NR_156987.1	97.778	495	8	3	12	503	495	1	0.0	850
72ef676c-6b70-41b9-8541-4fdc8bfc0007	NR_025174.1	92.357	628	26	20	3	613	625	3	0.0	874
72ef676c-6b70-41b9-8541-4fdc8bfc0007	NR_179337.1	92.332	626	26	20	3	611	621	1	0.0	870
72ef676c-6b70-41b9-8541-4fdc8bfc0007	NR_114911.1	92.197	628	27	20	3	613	640	18	0.0	869
72ef676c-6b70-41b9-8541-4fdc8bfc0007	NR_179384.1	92.197	628	27	20	3	613	630	8	0.0	869
72ef676c-6b70-41b9-8541-4fdc8bfc0007	NR_025586.1	92.038	628	28	20	3	613	625	3	0.0	863
d3944881-7875-420b-8507-9dc8a8cda4bc	NR_044873.1	94.006	317	14	5	1	314	591	277	7.00e-134	475
d3944881-7875-420b-8507-9dc8a8cda4bc	NR_179993.1	92.114	317	18	7	2	314	602	289	2.55e-123	440
d3944881-7875-420b-8507-9dc8a8cda4bc	NR_024785.1	91.798	317	18	8	2	314	557	245	1.19e-121	435
d3944881-7875-420b-8507-9dc8a8cda4bc	NR_025310.1	91.798	317	19	7	2	314	581	268	1.19e-121	435
d3944881-7875-420b-8507-9dc8a8cda4bc	NR_043968.1	91.798	317	19	7	2	314	559	246	1.19e-121	435
788a0979-a1fa-4b7e-808b-8c6f0dc426f0	NR_117694.1	98.094	1154	11	10	2	1150	1148	1	0.0	1999
788a0979-a1fa-4b7e-808b-8c6f0dc426f0	NR_025892.1	96.730	1162	26	11	2	1158	1173	19	0.0	1951
788a0979-a1fa-4b7e-808b-8c6f0dc426f0	NR_121687.1	97.077	1163	21	12	2	1158	1168	13	0.0	1947
788a0979-a1fa-4b7e-808b-8c6f0dc426f0	NR_041989.1	97.574	1113	14	12	2	1108	1106	1	0.0	1893
788a0979-a1fa-4b7e-808b-8c6f0dc426f0	NR_117692.1	96.453	1156	26	13	2	1150	1148	1	0.0	1893
c6c0df12-5231-42f2-b123-ed1806d982d3	NR_114749.1	86.708	647	55	23	5	623	1480	837	0.0	689
c6c0df12-5231-42f2-b123-ed1806d982d3	NR_181728.1	86.553	647	56	23	5	623	1466	823	0.0	684
c6c0df12-5231-42f2-b123-ed1806d982d3	NR_114225.1	86.399	647	57	23	5	623	1460	817	0.0	680
c6c0df12-5231-42f2-b123-ed1806d982d3	NR_024928.1	86.399	647	57	23	5	623	1473	830	0.0	678
c6c0df12-5231-42f2-b123-ed1806d982d3	NR_025588.1	86.399	647	57	23	5	623	1468	825	0.0	678
06546360-ac70-4cad-9d48-2c6328b93af9	NR_199513.1	94.087	1167	35	25	4	1143	1178	19	0.0	1742
06546360-ac70-4cad-9d48-2c6328b93af9	NR_024928.1	94.002	1167	34	27	4	1142	1164	6	0.0	1735
06546360-ac70-4cad-9d48-2c6328b93af9	NR_156986.1	94.002	1167	34	27	4	1142	1159	1	0.0	1735
06546360-ac70-4cad-9d48-2c6328b93af9	NR_199514.1	94.002	1167	34	27	4	1142	1171	13	0.0	1735
06546360-ac70-4cad-9d48-2c6328b93af9	NR_024901.1	93.916	1167	35	27	4	1142	1164	6	0.0	1729
ac0fc800-1940-42c1-97e1-299587a836c0	NR_041799.1	94.274	751	26	12	1	741	723	1466	0.0	1133
ac0fc800-1940-42c1-97e1-299587a836c0	NR_117823.1	94.274	751	26	12	1	741	695	1438	0.0	1133
ac0fc800-1940-42c1-97e1-299587a836c0	NR_181265.1	94.274	751	26	12	1	741	750	1493	0.0	1133
ac0fc800-1940-42c1-97e1-299587a836c0	NR_181730.1	94.259	749	26	12	1	739	729	1470	0.0	1129
ac0fc800-1940-42c1-97e1-299587a836c0	NR_116899.1	94.141	751	27	12	1	741	710	1453	0.0	1127
25cf204c-e98e-45d2-8a4d-84b6e6fa61e5	NR_041799.1	96.651	836	17	8	1	829	635	1466	0.0	1378
25cf204c-e98e-45d2-8a4d-84b6e6fa61e5	NR_116899.1	96.651	836	17	8	1	829	622	1453	0.0	1378
25cf204c-e98e-45d2-8a4d-84b6e6fa61e5	NR_117823.1	96.651	836	17	8	1	829	607	1438	0.0	1378
25cf204c-e98e-45d2-8a4d-84b6e6fa61e5	NR_179889.1	96.651	836	17	8	1	829	662	1493	0.0	1378
25cf204c-e98e-45d2-8a4d-84b6e6fa61e5	NR_043314.1	96.535	837	17	9	1	829	652	1484	0.0	1375
54053232-6ca1-479f-aa94-60d3c50c58ab	NR_025862.1	91.772	790	39	24	8	778	795	13	0.0	1083
54053232-6ca1-479f-aa94-60d3c50c58ab	NR_028682.1	90.278	792	48	28	8	778	796	13	0.0	1009
54053232-6ca1-479f-aa94-60d3c50c58ab	NR_026454.1	91.268	710	40	20	8	701	772	69	0.0	948
54053232-6ca1-479f-aa94-60d3c50c58ab	NR_113798.1	89.121	717	57	20	8	710	780	71	0.0	872
54053232-6ca1-479f-aa94-60d3c50c58ab	NR_025435.1	89.076	714	55	22	8	705	793	87	0.0	865
48054fa2-dd0f-413f-bcf1-f69892142b16	NR_024901.1	100.000	106	0	0	1	106	996	1101	1.74e-50	196
48054fa2-dd0f-413f-bcf1-f69892142b16	NR_024909.1	100.000	106	0	0	1	106	996	1101	1.74e-50	196
48054fa2-dd0f-413f-bcf1-f69892142b16	NR_024911.1	100.000	106	0	0	1	106	996	1101	1.74e-50	196
48054fa2-dd0f-413f-bcf1-f69892142b16	NR_024928.1	100.000	106	0	0	1	106	996	1101	1.74e-50	196
48054fa2-dd0f-413f-bcf1-f69892142b16	NR_024946.1	100.000	106	0	0	1	106	991	1096	1.74e-50	196
a35e1340-3a44-44ac-88c9-1219a4fccd1f	NR_117694.1	97.651	298	2	5	1	293	298	1	2.32e-143	507
a35e1340-3a44-44ac-88c9-1219a4fccd1f	NR_025892.1	96.678	301	5	5	1	296	324	24	1.40e-140	497
a35e1340-3a44-44ac-88c9-1219a4fccd1f	NR_121687.1	94.371	302	10	7	1	296	318	18	2.37e-128	457
a35e1340-3a44-44ac-88c9-1219a4fccd1f	NR_117692.1	94.631	298	11	5	1	293	298	1	2.37e-128	457
a35e1340-3a44-44ac-88c9-1219a4fccd1f	NR_104830.1	93.709	302	13	6	1	296	313	12	1.43e-125	448
fd1f1f2a-5a05-426d-9899-6c6704a0f665	NR_028666.1	92.313	1470	63	40	33	1468	1462	9	0.0	2043
fd1f1f2a-5a05-426d-9899-6c6704a0f665	NR_115242.1	92.271	1462	63	40	33	1460	1446	1	0.0	2028
fd1f1f2a-5a05-426d-9899-6c6704a0f665	NR_115561.1	91.531	1417	71	39	87	1469	1413	12	0.0	1908
fd1f1f2a-5a05-426d-9899-6c6704a0f665	NR_024841.1	90.584	1455	88	36	44	1468	1442	7	0.0	1882
fd1f1f2a-5a05-426d-9899-6c6704a0f665	NR_116205.1	92.405	1343	58	34	66	1378	1329	1	0.0	1875
4e230361-2a2b-41d8-935a-5fdc5f142364	NR_104947.1	95.357	883	12	21	4	867	1236	364	0.0	1376
4e230361-2a2b-41d8-935a-5fdc5f142364	NR_117696.1	95.357	883	12	21	4	867	1250	378	0.0	1376
4e230361-2a2b-41d8-935a-5fdc5f142364	NR_117717.1	95.243	883	12	22	4	867	1283	412	0.0	1371
4e230361-2a2b-41d8-935a-5fdc5f142364	NR_117701.1	95.130	883	14	20	4	867	1263	391	0.0	1365
4e230361-2a2b-41d8-935a-5fdc5f142364	NR_121688.1	95.017	883	15	20	4	867	1283	411	0.0	1360
6a090398-f9c9-42a9-b2c9-43806d14b174	NR_041953.1	96.283	807	15	10	1	800	364	1162	0.0	1310
6a090398-f9c9-42a9-b2c9-43806d14b174	NR_178447.1	96.283	807	15	10	1	800	298	1096	0.0	1310
6a090398-f9c9-42a9-b2c9-43806d14b174	NR_181014.1	96.283	807	15	10	1	800	364	1162	0.0	1310
6a090398-f9c9-42a9-b2c9-43806d14b174	NR_042541.1	96.159	807	16	10	1	800	364	1162	0.0	1304
6a090398-f9c9-42a9-b2c9-43806d14b174	NR_113600.1	96.159	807	16	10	1	800	364	1162	0.0	1304
1279e7b0-4256-43c8-b40a-942353421bb4	NR_025902.1	96.711	304	6	4	1	302	1144	1445	3.07e-142	503
1279e7b0-4256-43c8-b40a-942353421bb4	NR_040933.1	96.711	304	6	4	1	302	1188	1489	3.07e-142	503
1279e7b0-4256-43c8-b40a-942353421bb4	NR_117717.1	96.711	304	6	4	1	302	1186	1487	3.07e-142	503
1279e7b0-4256-43c8-b40a-942353421bb4	NR_121688.1	96.711	304	6	4	1	302	1186	1487	3.07e-142	503
1279e7b0-4256-43c8-b40a-942353421bb4	NR_117692.1	96.711	304	6	4	1	302	1166	1467	3.07e-142	503
96d7bf2c-5a80-4398-929d-7260803ebf43	NR_028664.1	96.404	445	11	4	1	442	801	359	0.0	728
96d7bf2c-5a80-4398-929d-7260803ebf43	NR_042927.1	96.404	445	11	4	1	442	780	338	0.0	728
96d7bf2c-5a80-4398-929d-7260803ebf43	NR_042928.1	96.404	445	11	4	1	442	778	336	0.0	728
96d7bf2c-5a80-4398-929d-7260803ebf43	NR_114413.1	96.404	445	11	4	1	442	803	361	0.0	728
96d7bf2c-5a80-4398-929d-7260803ebf43	NR_115240.1	96.404	445	11	4	1	442	778	336	0.0	728
a2422f4f-3822-4efa-a800-a1a0787d499f	NR_125570.1	94.901	1216	31	26	1	1205	199	1394	0.0	1873
a2422f4f-3822-4efa-a800-a1a0787d499f	NR_125571.1	94.655	1216	33	25	1	1205	241	1435	0.0	1857
a2422f4f-3822-4efa-a800-a1a0787d499f	NR_029097.1	95.060	1174	34	20	1	1167	217	1373	0.0	1825
a2422f4f-3822-4efa-a800-a1a0787d499f	NR_026409.1	88.953	1222	98	30	1	1205	267	1468	0.0	1474
a2422f4f-3822-4efa-a800-a1a0787d499f	NR_026100.1	88.871	1222	99	30	1	1205	249	1450	0.0	1471
2cb355e9-01af-404e-a7b5-eba78bab5dd4	NR_042776.1	83.425	730	79	31	6	706	746	30	0.0	640
2cb355e9-01af-404e-a7b5-eba78bab5dd4	NR_197695.1	83.311	731	78	31	6	706	745	29	0.0	634
2cb355e9-01af-404e-a7b5-eba78bab5dd4	NR_042777.1	83.288	730	79	32	6	706	745	30	0.0	632
2cb355e9-01af-404e-a7b5-eba78bab5dd4	NR_042778.1	83.151	730	81	31	6	706	746	30	1.18e-179	628
2cb355e9-01af-404e-a7b5-eba78bab5dd4	NR_024659.1	82.910	708	93	24	6	692	702	2	1.18e-174	612
27fa6272-9aa1-4d73-85cc-65bc64600da5	NR_041953.1	93.298	955	34	23	1	936	521	1464	0.0	1382
27fa6272-9aa1-4d73-85cc-65bc64600da5	NR_116899.1	93.298	955	34	23	1	936	508	1451	0.0	1382
27fa6272-9aa1-4d73-85cc-65bc64600da5	NR_117826.1	93.298	955	34	23	1	936	493	1436	0.0	1382
27fa6272-9aa1-4d73-85cc-65bc64600da5	NR_024918.1	93.194	955	35	23	1	936	534	1477	0.0	1376
27fa6272-9aa1-4d73-85cc-65bc64600da5	NR_037135.1	93.187	954	37	21	1	936	501	1444	0.0	1376
247cc858-f88a-42e5-9f50-3469fab9fa61	NR_042928.1	96.621	1450	22	20	1	1443	39	1468	0.0	2381
247cc858-f88a-42e5-9f50-3469fab9fa61	NR_117719.1	96.159	1458	30	19	1	1451	59	1497	0.0	2359
247cc858-f88a-42e5-9f50-3469fab9fa61	NR_179540.1	96.096	1460	26	24	1	1451	59	1496	0.0	2351
247cc858-f88a-42e5-9f50-3469fab9fa61	NR_175455.1	95.956	1459	32	20	1	1451	47	1486	0.0	2342
247cc858-f88a-42e5-9f50-3469fab9fa61	NR_199545.1	95.953	1458	32	20	1	1451	59	1496	0.0	2340
bc7e8d8e-5c51-4a61-bf88-4894e6ee65e1	NR_179540.1	97.671	730	13	3	19	745	741	13	0.0	1251
bc7e8d8e-5c51-4a61-bf88-4894e6ee65e1	NR_042771.1	96.262	749	20	6	1	745	757	13	0.0	1221
bc7e8d8e-5c51-4a61-bf88-4894e6ee65e1	NR_115274.1	96.221	741	20	6	1	737	737	1	0.0	1206
bc7e8d8e-5c51-4a61-bf88-4894e6ee65e1	NR_118234.1	96.458	734	18	6	19	746	740	9	0.0	1205
bc7e8d8e-5c51-4a61-bf88-4894e6ee65e1	NR_179383.1	96.443	731	20	5	19	745	748	20	0.0	1201
d6fe81ff-a471-48cc-8559-8fd3072c4db8	NR_117694.1	95.923	417	8	7	7	419	412	1	0.0	667
d6fe81ff-a471-48cc-8559-8fd3072c4db8	NR_025892.1	94.353	425	15	7	7	427	438	19	0.0	651
d6fe81ff-a471-48cc-8559-8fd3072c4db8	NR_121687.1	93.662	426	16	9	7	427	432	13	2.51e-179	627
d6fe81ff-a471-48cc-8559-8fd3072c4db8	NR_104830.1	93.443	427	18	8	7	428	427	6	9.02e-179	625
d6fe81ff-a471-48cc-8559-8fd3072c4db8	NR_041989.1	96.791	374	5	5	7	377	370	1	1.51e-176	617
1a487c64-5969-46e7-b8ae-8109b20ca4ab	NR_199513.1	90.898	802	47	20	1	792	804	19	0.0	1053
1a487c64-5969-46e7-b8ae-8109b20ca4ab	NR_024901.1	90.535	803	46	24	1	791	790	6	0.0	1035
1a487c64-5969-46e7-b8ae-8109b20ca4ab	NR_024928.1	90.535	803	46	24	1	791	790	6	0.0	1035
1a487c64-5969-46e7-b8ae-8109b20ca4ab	NR_156986.1	90.535	803	46	24	1	791	785	1	0.0	1035
1a487c64-5969-46e7-b8ae-8109b20ca4ab	NR_156987.1	90.411	803	47	24	1	791	785	1	0.0	1029
dce137e3-38cf-480b-978e-57acbb68683e	NR_156986.1	93.216	796	27	20	1	779	786	1	0.0	1146
dce137e3-38cf-480b-978e-57acbb68683e	NR_199513.1	93.099	797	30	19	1	781	805	18	0.0	1144
dce137e3-38cf-480b-978e-57acbb68683e	NR_024901.1	93.090	796	28	20	1	779	791	6	0.0	1140
dce137e3-38cf-480b-978e-57acbb68683e	NR_024928.1	93.090	796	28	20	1	779	791	6	0.0	1140
dce137e3-38cf-480b-978e-57acbb68683e	NR_156987.1	93.090	796	28	20	1	779	786	1	0.0	1140
e2b0975b-ce70-449b-9c88-23c4b34ec972	NR_025902.1	96.980	298	4	3	4	297	1147	1443	5.14e-140	496
e2b0975b-ce70-449b-9c88-23c4b34ec972	NR_040933.1	96.980	298	4	3	4	297	1191	1487	5.14e-140	496
e2b0975b-ce70-449b-9c88-23c4b34ec972	NR_117717.1	96.980	298	4	3	4	297	1189	1485	5.14e-140	496
e2b0975b-ce70-449b-9c88-23c4b34ec972	NR_121688.1	96.980	298	4	3	4	297	1189	1485	5.14e-140	496
e2b0975b-ce70-449b-9c88-23c4b34ec972	NR_117692.1	96.980	298	4	3	4	297	1169	1465	5.14e-140	496
6b8713cf-c477-49b4-9560-9a27fca10e4e	NR_117694.1	91.811	1099	48	36	1	1066	1090	1	0.0	1493
6b8713cf-c477-49b4-9560-9a27fca10e4e	NR_121687.1	90.851	1104	61	35	1	1072	1110	15	0.0	1443
6b8713cf-c477-49b4-9560-9a27fca10e4e	NR_025892.1	90.399	1104	65	36	1	1072	1115	21	0.0	1437
6b8713cf-c477-49b4-9560-9a27fca10e4e	NR_041988.1	91.333	1050	59	30	1	1024	1048	5	0.0	1406
6b8713cf-c477-49b4-9560-9a27fca10e4e	NR_117692.1	90.273	1100	63	38	1	1066	1090	1	0.0	1399
e77a1959-2d9e-4d65-a12d-a53c0060a085	NR_024918.1	93.517	617	29	11	1	612	866	1476	0.0	907
e77a1959-2d9e-4d65-a12d-a53c0060a085	NR_042147.1	93.517	617	29	11	1	612	853	1463	0.0	907
e77a1959-2d9e-4d65-a12d-a53c0060a085	NR_164626.1	93.517	617	29	11	1	612	863	1473	0.0	907
e77a1959-2d9e-4d65-a12d-a53c0060a085	NR_024912.1	93.355	617	30	11	1	612	866	1476	0.0	902
e77a1959-2d9e-4d65-a12d-a53c0060a085	NR_041799.1	93.355	617	30	11	1	612	853	1463	0.0	902
43beff15-7487-4008-98ef-999cacecf1c9	NR_042147.1	93.894	1261	42	32	1	1241	1246	1	0.0	1869
43beff15-7487-4008-98ef-999cacecf1c9	NR_156986.1	93.894	1261	42	32	1	1241	1254	9	0.0	1869
43beff15-7487-4008-98ef-999cacecf1c9	NR_113600.1	93.814	1261	43	32	1	1241	1246	1	0.0	1866
43beff15-7487-4008-98ef-999cacecf1c9	NR_114225.1	93.814	1261	43	31	1	1241	1246	1	0.0	1866
43beff15-7487-4008-98ef-999cacecf1c9	NR_024912.1	93.814	1261	43	32	1	1241	1259	14	0.0	1864
d5a798fb-f19d-444e-8096-106e307781af	NR_156986.1	97.500	680	6	9	8	684	672	1	0.0	1151
d5a798fb-f19d-444e-8096-106e307781af	NR_199513.1	97.353	680	9	8	8	685	691	19	0.0	1147
d5a798fb-f19d-444e-8096-106e307781af	NR_024901.1	97.353	680	7	9	8	684	677	6	0.0	1146
d5a798fb-f19d-444e-8096-106e307781af	NR_024912.1	97.353	680	7	9	8	684	677	6	0.0	1146
d5a798fb-f19d-444e-8096-106e307781af	NR_024928.1	97.353	680	7	9	8	684	677	6	0.0	1146
c4ba46df-834b-43f2-9de0-d87afcd11033	NR_041953.1	94.323	1145	29	25	24	1143	330	1463	0.0	1722
c4ba46df-834b-43f2-9de0-d87afcd11033	NR_042541.1	94.323	1145	29	25	24	1143	330	1463	0.0	1722
c4ba46df-834b-43f2-9de0-d87afcd11033	NR_179889.1	94.236	1145	30	25	24	1143	357	1490	0.0	1716
c4ba46df-834b-43f2-9de0-d87afcd11033	NR_040859.1	94.154	1146	29	26	24	1143	342	1475	0.0	1711
c4ba46df-834b-43f2-9de0-d87afcd11033	NR_104278.1	94.154	1146	29	26	24	1143	342	1475	0.0	1711
2d39ae14-5dd2-447d-9785-8d3a2d85bb5d	NR_028665.1	91.841	429	19	14	1	421	995	1415	1.57e-166	584
2d39ae14-5dd2-447d-9785-8d3a2d85bb5d	NR_042927.1	91.841	429	19	14	1	421	980	1400	1.57e-166	584
2d39ae14-5dd2-447d-9785-8d3a2d85bb5d	NR_114413.1	91.841	429	19	14	1	421	1003	1423	1.57e-166	584
2d39ae14-5dd2-447d-9785-8d3a2d85bb5d	NR_115239.1	91.841	429	19	14	1	421	978	1398	1.57e-166	584
2d39ae14-5dd2-447d-9785-8d3a2d85bb5d	NR_115734.1	91.841	429	19	14	1	421	981	1401	1.57e-166	584
47f8e890-adc1-4efb-baf6-ac89c46ff475	NR_025174.1	94.994	899	15	24	4	884	887	1	0.0	1384
47f8e890-adc1-4efb-baf6-ac89c46ff475	NR_179337.1	95.078	894	14	24	4	879	883	2	0.0	1380
47f8e890-adc1-4efb-baf6-ac89c46ff475	NR_028986.1	95.062	891	14	24	4	876	879	1	0.0	1375
47f8e890-adc1-4efb-baf6-ac89c46ff475	NR_028987.1	95.062	891	14	24	4	876	879	1	0.0	1375
47f8e890-adc1-4efb-baf6-ac89c46ff475	NR_025586.1	94.772	899	17	24	4	884	887	1	0.0	1373
61a022df-4f31-4d59-8609-096ef74b797f	NR_043314.1	93.401	591	19	14	6	579	893	1480	0.0	857
61a022df-4f31-4d59-8609-096ef74b797f	NR_116899.1	93.401	591	19	14	6	579	862	1449	0.0	857
61a022df-4f31-4d59-8609-096ef74b797f	NR_178854.1	93.401	591	19	14	6	579	874	1461	0.0	857
61a022df-4f31-4d59-8609-096ef74b797f	NR_179889.1	93.401	591	19	14	6	579	902	1489	0.0	857
61a022df-4f31-4d59-8609-096ef74b797f	NR_041799.1	93.232	591	20	14	6	579	875	1462	0.0	852
7ca88d72-b57b-46cf-ac47-a1a75662d80e	NR_116168.1	88.780	1328	86	54	4	1292	184	1487	0.0	1568
7ca88d72-b57b-46cf-ac47-a1a75662d80e	NR_118762.1	87.689	1324	101	54	1	1286	184	1483	0.0	1517
7ca88d72-b57b-46cf-ac47-a1a75662d80e	NR_025423.1	86.822	1328	112	54	1	1289	165	1468	0.0	1424
7ca88d72-b57b-46cf-ac47-a1a75662d80e	NR_042878.1	88.235	1224	81	54	4	1188	163	1362	0.0	1406
7ca88d72-b57b-46cf-ac47-a1a75662d80e	NR_180040.1	86.153	1336	108	65	3	1292	189	1493	0.0	1371
9fd82e49-6c11-4ee9-99ba-8662614ac6a2	NR_165737.1	93.863	994	36	18	23	1006	979	1	0.0	1474
9fd82e49-6c11-4ee9-99ba-8662614ac6a2	NR_178515.1	93.863	994	36	18	23	1006	979	1	0.0	1474
9fd82e49-6c11-4ee9-99ba-8662614ac6a2	NR_114413.1	92.500	1000	54	16	23	1014	1002	16	0.0	1411
9fd82e49-6c11-4ee9-99ba-8662614ac6a2	NR_024842.1	92.323	1003	50	20	23	1014	994	8	0.0	1404
9fd82e49-6c11-4ee9-99ba-8662614ac6a2	NR_042776.1	90.206	1021	74	19	5	1014	1023	18	0.0	1308
26971f60-55f3-4727-89ff-88bc8d97bc2b	NR_028664.1	98.061	361	3	4	1	359	692	334	7.53e-179	625
26971f60-55f3-4727-89ff-88bc8d97bc2b	NR_042927.1	98.061	361	3	4	1	359	671	313	7.53e-179	625
26971f60-55f3-4727-89ff-88bc8d97bc2b	NR_042928.1	98.061	361	3	4	1	359	669	311	7.53e-179	625
26971f60-55f3-4727-89ff-88bc8d97bc2b	NR_112026.1	98.061	361	3	4	1	359	652	294	7.53e-179	625
26971f60-55f3-4727-89ff-88bc8d97bc2b	NR_114413.1	98.061	361	3	4	1	359	694	336	7.53e-179	625
07d1e374-08a5-427a-b5cd-9ba8b1f54318	NR_199513.1	92.192	999	30	31	13	971	1008	18	0.0	1369
07d1e374-08a5-427a-b5cd-9ba8b1f54318	NR_113600.1	91.952	994	30	33	9	961	985	1	0.0	1349
07d1e374-08a5-427a-b5cd-9ba8b1f54318	NR_181891.1	91.491	999	37	33	13	971	1004	14	0.0	1330
07d1e374-08a5-427a-b5cd-9ba8b1f54318	NR_179889.1	91.391	999	38	32	13	971	1008	18	0.0	1325
07d1e374-08a5-427a-b5cd-9ba8b1f54318	NR_041953.1	91.616	990	33	33	13	961	981	1	0.0	1323
2e1b5a1d-cf64-4dcb-987d-c3ed1ab37657	NR_156986.1	93.672	1201	48	25	6	1191	1200	13	0.0	1772
2e1b5a1d-cf64-4dcb-987d-c3ed1ab37657	NR_113600.1	93.589	1201	49	25	6	1191	1192	5	0.0	1768
2e1b5a1d-cf64-4dcb-987d-c3ed1ab37657	NR_156987.1	93.589	1201	49	25	6	1191	1200	13	0.0	1766
2e1b5a1d-cf64-4dcb-987d-c3ed1ab37657	NR_178976.1	93.589	1201	49	25	6	1191	1191	4	0.0	1766
2e1b5a1d-cf64-4dcb-987d-c3ed1ab37657	NR_199513.1	93.594	1202	47	25	6	1191	1219	32	0.0	1766
0d44b7ed-b291-4833-be54-d74b561c882f	NR_029050.1	96.569	408	10	4	1	407	959	555	0.0	673
0d44b7ed-b291-4833-be54-d74b561c882f	NR_029042.2	96.560	407	12	2	1	407	1011	607	0.0	673
0d44b7ed-b291-4833-be54-d74b561c882f	NR_118155.1	96.560	407	12	2	1	407	1014	610	0.0	673
0d44b7ed-b291-4833-be54-d74b561c882f	NR_179482.1	96.560	407	12	2	1	407	894	490	0.0	673
0d44b7ed-b291-4833-be54-d74b561c882f	NR_199515.1	96.560	407	12	2	1	407	1020	616	0.0	673
250afb10-7b85-4618-9f28-82c4a7e35617	NR_116899.1	97.206	1002	17	8	1	995	456	1453	0.0	1685
250afb10-7b85-4618-9f28-82c4a7e35617	NR_179889.1	97.206	1002	17	8	1	995	496	1493	0.0	1685
250afb10-7b85-4618-9f28-82c4a7e35617	NR_199515.1	97.206	1002	17	8	1	995	498	1495	0.0	1685
250afb10-7b85-4618-9f28-82c4a7e35617	NR_024918.1	97.106	1002	18	8	1	995	482	1479	0.0	1679
250afb10-7b85-4618-9f28-82c4a7e35617	NR_041799.1	97.109	1003	16	10	1	995	469	1466	0.0	1679
4d53e4a6-ef4c-42c0-9319-9b18930b2742	NR_024817.1	93.534	232	11	3	4	233	1250	1479	1.50e-94	344
4d53e4a6-ef4c-42c0-9319-9b18930b2742	NR_025435.1	93.562	233	10	4	4	233	1264	1494	5.38e-94	342
4d53e4a6-ef4c-42c0-9319-9b18930b2742	NR_028682.1	93.220	236	9	6	1	231	1264	1497	1.93e-93	340
4d53e4a6-ef4c-42c0-9319-9b18930b2742	NR_025689.1	92.672	232	13	3	4	233	1255	1484	1.16e-90	331
4d53e4a6-ef4c-42c0-9319-9b18930b2742	NR_025625.1	92.672	232	13	3	4	233	1254	1483	1.16e-90	331
0be52634-8c02-4e1c-a528-e92835ceb937	NR_024659.1	96.715	274	5	3	1	272	791	520	2.77e-127	453
0be52634-8c02-4e1c-a528-e92835ceb937	NR_028664.1	96.715	274	5	3	1	272	831	560	2.77e-127	453
0be52634-8c02-4e1c-a528-e92835ceb937	NR_028665.1	96.715	274	5	3	1	272	825	554	2.77e-127	453
0be52634-8c02-4e1c-a528-e92835ceb937	NR_042927.1	96.715	274	5	3	1	272	810	539	2.77e-127	453
0be52634-8c02-4e1c-a528-e92835ceb937	NR_042928.1	96.715	274	5	3	1	272	808	537	2.77e-127	453
dac9173e-33cd-44e4-9179-b11bac07793c	NR_117694.1	90.255	431	17	20	1	416	421	1	3.29e-153	540
dac9173e-33cd-44e4-9179-b11bac07793c	NR_025892.1	89.401	434	21	20	1	419	447	24	1.98e-150	531
dac9173e-33cd-44e4-9179-b11bac07793c	NR_121687.1	88.940	434	23	19	1	419	441	18	7.16e-145	512
dac9173e-33cd-44e4-9179-b11bac07793c	NR_121688.1	88.736	435	22	20	1	419	441	18	3.33e-143	507
dac9173e-33cd-44e4-9179-b11bac07793c	NR_117717.1	88.479	434	25	20	1	419	442	19	1.55e-141	501
65f69057-e06e-4401-9560-aff77fe4d942	NR_117694.1	90.367	1443	68	56	1	1390	1444	20	0.0	1829
65f69057-e06e-4401-9560-aff77fe4d942	NR_121687.1	89.744	1443	77	57	1	1390	1464	40	0.0	1779
65f69057-e06e-4401-9560-aff77fe4d942	NR_025892.1	89.320	1442	84	55	1	1390	1469	46	0.0	1772
65f69057-e06e-4401-9560-aff77fe4d942	NR_117692.1	89.343	1445	79	59	1	1390	1444	20	0.0	1746
65f69057-e06e-4401-9560-aff77fe4d942	NR_025902.1	89.276	1436	79	58	1	1381	1422	7	0.0	1729
3bc923f7-e9f1-44c0-aa86-9ce16b0d3a79	NR_178976.1	93.646	1385	52	32	1	1358	1384	9	0.0	2039
3bc923f7-e9f1-44c0-aa86-9ce16b0d3a79	NR_156986.1	93.646	1385	52	32	1	1358	1393	18	0.0	2037
3bc923f7-e9f1-44c0-aa86-9ce16b0d3a79	NR_113600.1	93.574	1385	53	32	1	1358	1385	10	0.0	2034
3bc923f7-e9f1-44c0-aa86-9ce16b0d3a79	NR_156987.1	93.574	1385	53	32	1	1358	1393	18	0.0	2032
3bc923f7-e9f1-44c0-aa86-9ce16b0d3a79	NR_024928.1	93.502	1385	54	32	1	1358	1398	23	0.0	2028
