ba36d97d-bdc0-42c3-966f-03a16f66f86f	NR_024912.1	96.071	509	8	10	28	526	512	6	0.0	819
ba36d97d-bdc0-42c3-966f-03a16f66f86f	NR_156986.1	96.071	509	8	10	28	526	507	1	0.0	819
ba36d97d-bdc0-42c3-966f-03a16f66f86f	NR_024901.1	95.874	509	9	10	28	526	512	6	0.0	813
ba36d97d-bdc0-42c3-966f-03a16f66f86f	NR_024928.1	95.874	509	9	10	28	526	512	6	0.0	813
ba36d97d-bdc0-42c3-966f-03a16f66f86f	NR_156987.1	95.874	509	9	10	28	526	507	1	0.0	813
2d9d23d5-d249-4292-9ae5-60ade63f022f	NR_119168.1	94.209	449	15	9	15	454	449	3	0.0	675
2d9d23d5-d249-4292-9ae5-60ade63f022f	NR_074980.1	93.654	457	18	9	15	462	471	17	0.0	673
2d9d23d5-d249-4292-9ae5-60ade63f022f	NR_113031.1	93.654	457	18	9	15	462	471	17	0.0	673
2d9d23d5-d249-4292-9ae5-60ade63f022f	NR_115355.1	94.170	446	15	9	15	451	444	1	0.0	673
2d9d23d5-d249-4292-9ae5-60ade63f022f	NR_043332.1	94.170	446	15	9	15	451	444	1	0.0	669
d2745c75-2136-4365-93d5-ab61c9774bea	NR_024901.1	94.774	287	4	9	1	283	287	8	2.91e-122	436
d2745c75-2136-4365-93d5-ab61c9774bea	NR_024912.1	94.774	287	4	9	1	283	287	8	2.91e-122	436
d2745c75-2136-4365-93d5-ab61c9774bea	NR_024928.1	94.774	287	4	9	1	283	287	8	2.91e-122	436
d2745c75-2136-4365-93d5-ab61c9774bea	NR_028706.1	94.774	287	4	9	1	283	295	16	2.91e-122	436
d2745c75-2136-4365-93d5-ab61c9774bea	NR_037092.1	94.774	287	4	9	1	283	292	13	2.91e-122	436
adfee9ae-49ca-4b2c-8e94-1bbfe96e4fcf	NR_043604.1	90.577	520	28	19	1	508	1204	694	0.0	669
adfee9ae-49ca-4b2c-8e94-1bbfe96e4fcf	NR_118512.1	90.577	520	28	19	1	508	1204	694	0.0	669
adfee9ae-49ca-4b2c-8e94-1bbfe96e4fcf	NR_043603.1	89.615	520	33	19	1	508	1343	833	0.0	641
adfee9ae-49ca-4b2c-8e94-1bbfe96e4fcf	NR_118513.1	89.615	520	33	19	1	508	1204	694	0.0	641
adfee9ae-49ca-4b2c-8e94-1bbfe96e4fcf	NR_180751.1	89.060	521	36	17	1	509	1229	718	3.05e-179	627
d02fcab1-ac5e-4bfe-b852-19aae874a771	NR_104897.1	88.922	668	39	28	1	642	799	1457	0.0	791
d02fcab1-ac5e-4bfe-b852-19aae874a771	NR_165738.1	87.632	663	49	26	1	638	800	1454	0.0	739
d02fcab1-ac5e-4bfe-b852-19aae874a771	NR_159181.1	85.671	663	62	27	1	638	799	1453	0.0	667
d02fcab1-ac5e-4bfe-b852-19aae874a771	NR_114127.1	85.846	650	57	27	18	641	816	1456	0.0	658
d02fcab1-ac5e-4bfe-b852-19aae874a771	NR_156991.1	85.605	653	59	28	16	642	785	1428	0.0	652
c96ece1e-a16c-4754-a8df-59051306b00f	NR_136788.1	93.913	345	14	6	1	342	353	13	1.61e-145	514
c96ece1e-a16c-4754-a8df-59051306b00f	NR_113082.1	92.464	345	19	6	1	342	353	13	3.51e-137	486
c96ece1e-a16c-4754-a8df-59051306b00f	NR_026230.1	89.851	335	27	6	1	332	331	1	2.77e-123	440
c96ece1e-a16c-4754-a8df-59051306b00f	NR_074234.1	87.032	347	34	10	1	342	360	20	1.70e-105	381
c96ece1e-a16c-4754-a8df-59051306b00f	NR_113086.1	87.032	347	34	10	1	342	353	13	1.70e-105	381
0523cff9-4ccb-43c3-81be-dcec615d3c7e	NR_156986.1	93.983	698	17	23	1	684	687	1	0.0	1033
0523cff9-4ccb-43c3-81be-dcec615d3c7e	NR_024901.1	93.840	698	18	23	1	684	692	6	0.0	1027
0523cff9-4ccb-43c3-81be-dcec615d3c7e	NR_024912.1	93.840	698	18	23	1	684	692	6	0.0	1027
0523cff9-4ccb-43c3-81be-dcec615d3c7e	NR_024928.1	93.840	698	18	23	1	684	692	6	0.0	1027
0523cff9-4ccb-43c3-81be-dcec615d3c7e	NR_156987.1	93.840	698	18	23	1	684	687	1	0.0	1027
ff6866f2-936c-4eba-83fe-99674dcfb0a4	NR_178515.1	97.812	640	6	8	2	637	952	317	0.0	1098
ff6866f2-936c-4eba-83fe-99674dcfb0a4	NR_028833.1	97.500	640	8	8	2	637	979	344	0.0	1086
ff6866f2-936c-4eba-83fe-99674dcfb0a4	NR_165737.1	97.500	640	8	8	2	637	952	317	0.0	1086
ff6866f2-936c-4eba-83fe-99674dcfb0a4	NR_109720.1	97.344	640	9	8	2	637	946	311	0.0	1081
ff6866f2-936c-4eba-83fe-99674dcfb0a4	NR_036936.1	97.188	640	10	8	2	637	952	317	0.0	1075
69dc2eb5-c528-4737-ba36-c4b70280d5a4	NR_024912.1	97.696	434	6	4	1	430	439	6	0.0	743
69dc2eb5-c528-4737-ba36-c4b70280d5a4	NR_156986.1	97.696	434	6	4	1	430	434	1	0.0	743
69dc2eb5-c528-4737-ba36-c4b70280d5a4	NR_164626.1	97.691	433	6	4	4	432	433	1	0.0	741
69dc2eb5-c528-4737-ba36-c4b70280d5a4	NR_024901.1	97.465	434	7	4	1	430	439	6	0.0	737
69dc2eb5-c528-4737-ba36-c4b70280d5a4	NR_024928.1	97.465	434	7	4	1	430	439	6	0.0	737
caf36ec1-67d4-4479-8db1-fb35754a01a3	NR_042878.1	93.017	401	14	11	1	391	1300	904	3.03e-163	573
caf36ec1-67d4-4479-8db1-fb35754a01a3	NR_116168.1	93.017	401	14	11	1	391	1321	925	3.03e-163	573
caf36ec1-67d4-4479-8db1-fb35754a01a3	NR_118762.1	92.020	401	18	11	1	391	1323	927	8.48e-159	558
caf36ec1-67d4-4479-8db1-fb35754a01a3	NR_118143.1	91.521	401	20	11	1	391	1302	906	3.07e-153	540
caf36ec1-67d4-4479-8db1-fb35754a01a3	NR_025423.1	90.299	402	23	13	1	391	1305	909	6.69e-145	512
30ee38fa-e962-4358-85b0-3c0f7e1131d6	NR_028664.1	93.726	526	15	15	1	515	129	647	0.0	773
30ee38fa-e962-4358-85b0-3c0f7e1131d6	NR_115240.1	93.726	526	15	15	1	515	106	624	0.0	773
30ee38fa-e962-4358-85b0-3c0f7e1131d6	NR_115732.1	93.726	526	15	15	1	515	108	626	0.0	773
30ee38fa-e962-4358-85b0-3c0f7e1131d6	NR_165741.1	93.726	526	15	15	1	515	115	633	0.0	773
30ee38fa-e962-4358-85b0-3c0f7e1131d6	NR_180629.1	93.726	526	15	15	1	515	88	606	0.0	773
2dc9f260-4435-4ead-a77c-cd83d21c31da	NR_025174.1	95.370	540	12	8	25	557	542	9	0.0	846
2dc9f260-4435-4ead-a77c-cd83d21c31da	NR_179337.1	95.370	540	12	8	25	557	538	5	0.0	846
2dc9f260-4435-4ead-a77c-cd83d21c31da	NR_028706.1	95.185	540	13	8	25	557	555	22	0.0	841
2dc9f260-4435-4ead-a77c-cd83d21c31da	NR_114911.1	95.185	540	13	8	25	557	557	24	0.0	841
2dc9f260-4435-4ead-a77c-cd83d21c31da	NR_179384.1	95.185	540	13	8	25	557	547	14	0.0	841
66839159-db1c-4fb8-a7b5-caef7bef8ea8	NR_199513.1	94.505	637	20	13	15	643	648	19	0.0	968
66839159-db1c-4fb8-a7b5-caef7bef8ea8	NR_024912.1	94.505	637	18	15	15	642	634	6	0.0	966
66839159-db1c-4fb8-a7b5-caef7bef8ea8	NR_156986.1	94.505	637	18	15	15	642	629	1	0.0	966
66839159-db1c-4fb8-a7b5-caef7bef8ea8	NR_024901.1	94.349	637	19	15	15	642	634	6	0.0	961
66839159-db1c-4fb8-a7b5-caef7bef8ea8	NR_024928.1	94.349	637	19	15	15	642	634	6	0.0	961
07bd3e3b-4ca0-4926-995e-9444760b6292	NR_025863.1	96.082	638	13	10	1	630	1410	777	0.0	1037
07bd3e3b-4ca0-4926-995e-9444760b6292	NR_026481.1	92.476	638	34	12	1	630	1374	743	0.0	900
07bd3e3b-4ca0-4926-995e-9444760b6292	NR_179378.1	92.044	641	32	17	1	630	1406	774	0.0	883
07bd3e3b-4ca0-4926-995e-9444760b6292	NR_180911.1	92.044	641	32	17	1	630	1395	763	0.0	883
07bd3e3b-4ca0-4926-995e-9444760b6292	NR_025862.1	91.719	640	37	14	1	630	1405	772	0.0	878
c9ec0e2d-cea4-4d2e-bffb-10c3eae3e3dc	NR_199512.1	87.500	912	55	46	1	864	921	21	0.0	998
c9ec0e2d-cea4-4d2e-bffb-10c3eae3e3dc	NR_199513.1	87.295	913	55	45	1	864	921	21	0.0	987
c9ec0e2d-cea4-4d2e-bffb-10c3eae3e3dc	NR_181891.1	87.171	912	58	46	1	864	917	17	0.0	981
c9ec0e2d-cea4-4d2e-bffb-10c3eae3e3dc	NR_041953.1	87.182	905	57	46	1	857	894	1	0.0	974
c9ec0e2d-cea4-4d2e-bffb-10c3eae3e3dc	NR_181014.1	87.182	905	57	45	1	857	894	1	0.0	974
30b343db-f8b4-485e-b595-99a16ca9fcd7	NR_024912.1	96.078	408	4	7	1	403	102	502	0.0	654
30b343db-f8b4-485e-b595-99a16ca9fcd7	NR_042147.1	96.078	408	4	7	1	403	89	489	0.0	654
30b343db-f8b4-485e-b595-99a16ca9fcd7	NR_156986.1	96.078	408	4	7	1	403	97	497	0.0	654
30b343db-f8b4-485e-b595-99a16ca9fcd7	NR_178976.1	96.078	408	4	7	1	403	88	488	0.0	654
30b343db-f8b4-485e-b595-99a16ca9fcd7	NR_179365.1	96.078	408	4	7	1	403	68	468	0.0	654
cec92eb5-ef27-49d0-826b-ccfd6728d245	NR_024912.1	94.332	247	4	8	1	239	251	7	2.54e-102	370
cec92eb5-ef27-49d0-826b-ccfd6728d245	NR_025586.1	94.332	247	4	8	1	239	246	2	2.54e-102	370
cec92eb5-ef27-49d0-826b-ccfd6728d245	NR_025587.1	94.332	247	4	8	1	239	246	2	2.54e-102	370
cec92eb5-ef27-49d0-826b-ccfd6728d245	NR_028706.1	94.332	247	4	8	1	239	259	15	2.54e-102	370
cec92eb5-ef27-49d0-826b-ccfd6728d245	NR_037092.1	94.332	247	4	8	1	239	256	12	2.54e-102	370
42c8a037-bfda-4615-bcf1-4134b7b25a63	NR_043314.1	92.330	339	16	5	1	332	1146	1481	2.67e-133	473
42c8a037-bfda-4615-bcf1-4134b7b25a63	NR_114749.1	92.330	339	16	5	1	332	1148	1483	2.67e-133	473
42c8a037-bfda-4615-bcf1-4134b7b25a63	NR_116899.1	92.330	339	16	5	1	332	1115	1450	2.67e-133	473
42c8a037-bfda-4615-bcf1-4134b7b25a63	NR_178854.1	92.330	339	16	5	1	332	1127	1462	2.67e-133	473
42c8a037-bfda-4615-bcf1-4134b7b25a63	NR_179889.1	92.330	339	16	5	1	332	1155	1490	2.67e-133	473
eb455951-a877-4354-a93d-05b0efac7acb	NR_116899.1	95.169	828	24	14	7	823	620	1442	0.0	1293
eb455951-a877-4354-a93d-05b0efac7acb	NR_179889.1	95.169	828	24	14	7	823	660	1482	0.0	1293
eb455951-a877-4354-a93d-05b0efac7acb	NR_180743.1	95.169	828	24	14	7	823	634	1456	0.0	1293
eb455951-a877-4354-a93d-05b0efac7acb	NR_041799.1	95.048	828	25	14	7	823	633	1455	0.0	1288
eb455951-a877-4354-a93d-05b0efac7acb	NR_043314.1	95.054	829	24	15	7	823	650	1473	0.0	1288
600e06ad-2e05-4dc0-9116-9744d7ab5f6a	NR_024842.1	95.718	1261	27	24	8	1253	246	1494	0.0	2006
600e06ad-2e05-4dc0-9116-9744d7ab5f6a	NR_115735.1	95.777	1255	26	24	8	1247	222	1464	0.0	1999
600e06ad-2e05-4dc0-9116-9744d7ab5f6a	NR_036936.1	95.690	1253	26	25	8	1244	231	1471	0.0	1989
600e06ad-2e05-4dc0-9116-9744d7ab5f6a	NR_115241.1	95.527	1252	29	24	8	1244	231	1470	0.0	1982
600e06ad-2e05-4dc0-9116-9744d7ab5f6a	NR_179385.1	95.400	1261	31	23	8	1253	253	1501	0.0	1982
6964ad27-2def-41b7-98c3-320beef24f3a	NR_024918.1	97.495	479	8	3	1	477	1000	1476	0.0	815
6964ad27-2def-41b7-98c3-320beef24f3a	NR_025164.1	97.495	479	8	3	1	477	987	1463	0.0	815
6964ad27-2def-41b7-98c3-320beef24f3a	NR_028986.1	97.495	479	8	3	1	477	987	1463	0.0	815
6964ad27-2def-41b7-98c3-320beef24f3a	NR_043314.1	97.495	479	8	3	1	477	1005	1481	0.0	815
6964ad27-2def-41b7-98c3-320beef24f3a	NR_042147.1	97.495	479	8	3	1	477	987	1463	0.0	815
0c420b10-f9d0-4716-b024-c46b7644318d	NR_074980.1	98.381	494	6	2	1	494	1022	1513	0.0	867
0c420b10-f9d0-4716-b024-c46b7644318d	NR_113031.1	98.381	494	6	2	1	494	1022	1513	0.0	867
0c420b10-f9d0-4716-b024-c46b7644318d	NR_043332.1	97.976	494	8	2	1	494	995	1486	0.0	859
0c420b10-f9d0-4716-b024-c46b7644318d	NR_113570.1	97.778	495	8	3	1	494	1002	1494	0.0	850
0c420b10-f9d0-4716-b024-c46b7644318d	NR_115354.1	97.571	494	10	2	1	494	995	1486	0.0	846
97745f7c-eae8-44f0-9fd9-94437dc3f01d	NR_042927.1	95.464	463	7	12	1	456	1118	663	0.0	726
97745f7c-eae8-44f0-9fd9-94437dc3f01d	NR_114413.1	95.464	463	7	12	1	456	1141	686	0.0	726
97745f7c-eae8-44f0-9fd9-94437dc3f01d	NR_115734.1	95.464	463	7	12	1	456	1119	664	0.0	726
97745f7c-eae8-44f0-9fd9-94437dc3f01d	NR_116210.1	95.464	463	7	12	1	456	981	526	0.0	726
97745f7c-eae8-44f0-9fd9-94437dc3f01d	NR_179385.1	95.464	463	7	12	1	456	1140	685	0.0	726
067275b3-92c4-44ab-886d-8df0d3033bad	NR_178976.1	88.731	1340	75	57	2	1285	37	1356	0.0	1570
067275b3-92c4-44ab-886d-8df0d3033bad	NR_156986.1	88.731	1340	75	57	2	1285	46	1365	0.0	1568
067275b3-92c4-44ab-886d-8df0d3033bad	NR_113600.1	88.657	1340	76	57	2	1285	38	1357	0.0	1565
067275b3-92c4-44ab-886d-8df0d3033bad	NR_156987.1	88.657	1340	76	57	2	1285	46	1365	0.0	1563
067275b3-92c4-44ab-886d-8df0d3033bad	NR_024928.1	88.582	1340	77	57	2	1285	51	1370	0.0	1559
b492c19f-59dd-4fee-bc66-bc43da67d621	NR_116168.1	90.632	427	24	11	1	415	436	14	4.19e-157	553
b492c19f-59dd-4fee-bc66-bc43da67d621	NR_042878.1	89.499	419	28	11	1	407	415	1	9.13e-149	525
b492c19f-59dd-4fee-bc66-bc43da67d621	NR_118762.1	88.140	430	33	12	1	417	439	15	2.56e-144	510
b492c19f-59dd-4fee-bc66-bc43da67d621	NR_025423.1	87.972	424	33	13	1	410	420	1	1.55e-136	484
b492c19f-59dd-4fee-bc66-bc43da67d621	NR_115546.2	86.311	431	41	13	1	417	445	19	4.37e-127	453
6b2dd1d0-9c5e-4157-9f62-c056e26c3191	NR_113570.1	95.212	543	11	5	1	531	956	1495	0.0	845
6b2dd1d0-9c5e-4157-9f62-c056e26c3191	NR_043332.1	95.018	542	13	4	1	531	949	1487	0.0	843
6b2dd1d0-9c5e-4157-9f62-c056e26c3191	NR_074980.1	95.018	542	13	4	1	531	976	1514	0.0	839
6b2dd1d0-9c5e-4157-9f62-c056e26c3191	NR_113031.1	95.018	542	13	4	1	531	976	1514	0.0	839
6b2dd1d0-9c5e-4157-9f62-c056e26c3191	NR_115355.1	94.649	542	15	4	1	531	949	1487	0.0	828
2d65688b-e0d7-4091-b0f4-4eac79828b88	NR_179325.1	96.933	489	10	5	1	485	969	1456	0.0	815
2d65688b-e0d7-4091-b0f4-4eac79828b88	NR_163639.1	96.728	489	11	5	1	485	1010	1497	0.0	809
2d65688b-e0d7-4091-b0f4-4eac79828b88	NR_115354.1	96.524	489	12	5	1	485	995	1482	0.0	806
2d65688b-e0d7-4091-b0f4-4eac79828b88	NR_115355.1	96.524	489	12	5	1	485	995	1482	0.0	804
2d65688b-e0d7-4091-b0f4-4eac79828b88	NR_119170.1	96.115	489	14	5	1	485	1000	1487	0.0	798
27e81db2-46b6-4fb9-95ee-24355166ebb7	NR_115735.1	96.588	1436	29	19	1	1426	39	1464	0.0	2362
27e81db2-46b6-4fb9-95ee-24355166ebb7	NR_024842.1	96.518	1436	31	18	1	1427	64	1489	0.0	2361
27e81db2-46b6-4fb9-95ee-24355166ebb7	NR_115241.1	96.439	1432	32	18	1	1423	49	1470	0.0	2350
27e81db2-46b6-4fb9-95ee-24355166ebb7	NR_165737.1	96.025	1434	35	21	1	1423	49	1471	0.0	2313
27e81db2-46b6-4fb9-95ee-24355166ebb7	NR_156072.1	95.218	1443	36	31	1	1427	69	1494	0.0	2252
ead2d87c-9006-40e8-9663-be30899e4920	NR_117694.1	95.788	546	8	10	8	541	548	6	0.0	867
ead2d87c-9006-40e8-9663-be30899e4920	NR_025892.1	94.139	546	17	11	8	541	574	32	0.0	833
ead2d87c-9006-40e8-9663-be30899e4920	NR_121687.1	94.150	547	15	12	8	541	568	26	0.0	817
ead2d87c-9006-40e8-9663-be30899e4920	NR_117692.1	93.407	546	21	10	8	541	548	6	0.0	795
ead2d87c-9006-40e8-9663-be30899e4920	NR_041989.1	95.050	505	13	10	8	504	506	6	0.0	784
fa7e9da9-de32-415e-9ebd-ebf2aecdf5d9	NR_041799.1	96.797	843	16	9	1	842	628	1460	0.0	1397
fa7e9da9-de32-415e-9ebd-ebf2aecdf5d9	NR_114227.1	96.797	843	16	9	1	842	628	1460	0.0	1397
fa7e9da9-de32-415e-9ebd-ebf2aecdf5d9	NR_116899.1	96.797	843	16	9	1	842	615	1447	0.0	1397
fa7e9da9-de32-415e-9ebd-ebf2aecdf5d9	NR_117823.1	96.797	843	16	9	1	842	600	1432	0.0	1397
fa7e9da9-de32-415e-9ebd-ebf2aecdf5d9	NR_179889.1	96.797	843	16	9	1	842	655	1487	0.0	1397
22f5c3fd-2606-4dec-bfa2-59767f1c49e5	NR_074980.1	95.486	731	19	11	1	723	734	10	0.0	1155
22f5c3fd-2606-4dec-bfa2-59767f1c49e5	NR_113031.1	95.486	731	19	11	1	723	734	10	0.0	1155
22f5c3fd-2606-4dec-bfa2-59767f1c49e5	NR_119168.1	95.682	718	17	11	1	710	712	1	0.0	1142
22f5c3fd-2606-4dec-bfa2-59767f1c49e5	NR_117759.1	95.391	716	19	11	1	708	710	1	0.0	1129
22f5c3fd-2606-4dec-bfa2-59767f1c49e5	NR_163639.1	94.925	729	20	14	1	721	723	4	0.0	1125
871235a2-23bd-4ca5-920b-5b18b9136c73	NR_113570.1	95.801	643	17	9	1	635	850	1490	0.0	1029
871235a2-23bd-4ca5-920b-5b18b9136c73	NR_043332.1	95.639	642	19	8	1	635	843	1482	0.0	1026
871235a2-23bd-4ca5-920b-5b18b9136c73	NR_074980.1	95.639	642	19	8	1	635	870	1509	0.0	1022
871235a2-23bd-4ca5-920b-5b18b9136c73	NR_113031.1	95.639	642	19	8	1	635	870	1509	0.0	1022
871235a2-23bd-4ca5-920b-5b18b9136c73	NR_115355.1	95.327	642	21	8	1	635	843	1482	0.0	1011
28896f2a-0d99-4ce9-a4c1-2328a41925b3	NR_024912.1	91.983	237	10	8	26	256	244	11	2.17e-88	324
28896f2a-0d99-4ce9-a4c1-2328a41925b3	NR_024927.1	91.983	237	10	8	26	256	244	11	2.17e-88	324
28896f2a-0d99-4ce9-a4c1-2328a41925b3	NR_025164.1	92.275	233	10	7	26	252	231	1	2.17e-88	324
28896f2a-0d99-4ce9-a4c1-2328a41925b3	NR_025586.1	91.983	237	10	8	26	256	239	6	2.17e-88	324
28896f2a-0d99-4ce9-a4c1-2328a41925b3	NR_025587.1	91.983	237	10	8	26	256	239	6	2.17e-88	324
21569536-a439-48cc-b099-42741fffdc34	NR_117694.1	94.564	883	26	19	17	888	593	1464	0.0	1345
21569536-a439-48cc-b099-42741fffdc34	NR_121687.1	94.451	883	27	19	17	888	613	1484	0.0	1339
21569536-a439-48cc-b099-42741fffdc34	NR_117692.1	94.111	883	30	20	17	888	593	1464	0.0	1323
21569536-a439-48cc-b099-42741fffdc34	NR_025892.1	93.864	880	32	19	17	885	618	1486	0.0	1315
21569536-a439-48cc-b099-42741fffdc34	NR_025902.1	93.884	883	32	20	17	888	571	1442	0.0	1312
dce70f0c-03eb-4589-b988-d0cca7368812	NR_043332.1	95.798	119	4	1	14	132	1365	1482	1.12e-48	191
dce70f0c-03eb-4589-b988-d0cca7368812	NR_074980.1	95.798	119	4	1	14	132	1392	1509	1.12e-48	191
dce70f0c-03eb-4589-b988-d0cca7368812	NR_113031.1	95.798	119	4	1	14	132	1392	1509	1.12e-48	191
dce70f0c-03eb-4589-b988-d0cca7368812	NR_115354.1	95.798	119	4	1	14	132	1365	1482	1.12e-48	191
dce70f0c-03eb-4589-b988-d0cca7368812	NR_115355.1	95.798	119	4	1	14	132	1365	1482	1.12e-48	191
978e86a7-fb39-4a76-90fa-b89618e03e0f	NR_029042.2	94.468	470	15	9	6	465	1067	599	0.0	713
978e86a7-fb39-4a76-90fa-b89618e03e0f	NR_197749.1	94.468	470	15	9	6	465	1069	601	0.0	713
978e86a7-fb39-4a76-90fa-b89618e03e0f	NR_199515.1	94.468	470	15	9	6	465	1076	608	0.0	713
978e86a7-fb39-4a76-90fa-b89618e03e0f	NR_024902.1	94.255	470	16	9	6	465	1062	594	0.0	708
978e86a7-fb39-4a76-90fa-b89618e03e0f	NR_024918.1	94.255	470	16	9	6	465	1060	592	0.0	708
b49fac4f-841c-4065-a1e5-9099edfe6b79	NR_115355.1	96.392	582	18	2	8	588	580	1	0.0	959
b49fac4f-841c-4065-a1e5-9099edfe6b79	NR_119169.1	96.239	585	19	2	8	591	585	3	0.0	959
b49fac4f-841c-4065-a1e5-9099edfe6b79	NR_163639.1	95.791	594	19	5	8	600	596	8	0.0	953
b49fac4f-841c-4065-a1e5-9099edfe6b79	NR_074980.1	95.911	587	22	1	14	600	600	16	0.0	950
b49fac4f-841c-4065-a1e5-9099edfe6b79	NR_113031.1	95.911	587	22	1	14	600	600	16	0.0	950
97e6ecb8-6b3d-4949-aacc-c48e3ceb46d0	NR_026419.1	96.626	652	15	7	1	649	648	1	0.0	1075
97e6ecb8-6b3d-4949-aacc-c48e3ceb46d0	NR_025903.1	94.872	663	25	9	1	659	660	3	0.0	1027
97e6ecb8-6b3d-4949-aacc-c48e3ceb46d0	NR_025904.1	94.135	665	26	12	1	659	659	2	0.0	1000
97e6ecb8-6b3d-4949-aacc-c48e3ceb46d0	NR_133753.1	95.138	617	23	7	1	614	614	2	0.0	966
97e6ecb8-6b3d-4949-aacc-c48e3ceb46d0	NR_036920.1	92.413	659	39	11	1	656	653	3	0.0	929
1bf9bda5-384d-4911-83e9-8ee70d491d51	NR_178515.1	91.404	826	38	29	1	801	818	1	0.0	1101
1bf9bda5-384d-4911-83e9-8ee70d491d51	NR_165737.1	91.162	826	40	29	1	801	818	1	0.0	1090
1bf9bda5-384d-4911-83e9-8ee70d491d51	NR_114413.1	90.170	824	48	28	6	804	836	21	0.0	1042
1bf9bda5-384d-4911-83e9-8ee70d491d51	NR_042927.1	90.134	821	48	28	6	801	813	1	0.0	1037
1bf9bda5-384d-4911-83e9-8ee70d491d51	NR_115241.1	89.855	828	47	31	1	801	818	1	0.0	1029
3284a5c3-f101-4bdb-8182-136ac7419fec	NR_117694.1	94.231	208	8	4	2	207	206	1	1.06e-85	315
3284a5c3-f101-4bdb-8182-136ac7419fec	NR_025892.1	93.780	209	9	4	2	208	232	26	3.82e-85	313
3284a5c3-f101-4bdb-8182-136ac7419fec	NR_117692.1	91.346	208	14	4	2	207	206	1	1.08e-75	281
3284a5c3-f101-4bdb-8182-136ac7419fec	NR_041989.1	95.783	166	4	3	2	166	164	1	1.09e-70	265
3284a5c3-f101-4bdb-8182-136ac7419fec	NR_121687.1	89.524	210	16	6	2	208	226	20	1.40e-69	261
8b06f3f2-545b-4b0d-aa05-4baf0929e096	NR_116651.1	86.463	916	65	45	1	872	1126	226	0.0	952
8b06f3f2-545b-4b0d-aa05-4baf0929e096	NR_116646.1	86.026	916	69	46	1	872	1071	171	0.0	928
8b06f3f2-545b-4b0d-aa05-4baf0929e096	NR_024707.1	85.917	916	70	44	1	872	1108	208	0.0	926
8b06f3f2-545b-4b0d-aa05-4baf0929e096	NR_043730.1	85.932	917	68	48	1	872	1101	201	0.0	922
8b06f3f2-545b-4b0d-aa05-4baf0929e096	NR_115922.1	85.480	916	74	47	1	872	1096	196	0.0	900
cb8192c9-1ace-4b80-aa3b-a84beb747ce2	NR_156986.1	93.551	1132	36	31	4	1119	1111	1	0.0	1652
cb8192c9-1ace-4b80-aa3b-a84beb747ce2	NR_156987.1	93.463	1132	37	31	4	1119	1111	1	0.0	1646
cb8192c9-1ace-4b80-aa3b-a84beb747ce2	NR_199513.1	93.457	1131	39	29	6	1121	1128	18	0.0	1646
cb8192c9-1ace-4b80-aa3b-a84beb747ce2	NR_199514.1	93.463	1132	37	31	4	1119	1123	13	0.0	1646
cb8192c9-1ace-4b80-aa3b-a84beb747ce2	NR_024901.1	93.375	1132	38	32	4	1119	1116	6	0.0	1640
bf107133-bb1e-446e-822d-8cac35e7a238	NR_156986.1	95.558	1103	27	18	1	1086	1098	1	0.0	1746
bf107133-bb1e-446e-822d-8cac35e7a238	NR_156987.1	95.467	1103	28	18	1	1086	1098	1	0.0	1740
bf107133-bb1e-446e-822d-8cac35e7a238	NR_199514.1	95.467	1103	28	18	1	1086	1110	13	0.0	1740
bf107133-bb1e-446e-822d-8cac35e7a238	NR_024901.1	95.376	1103	29	18	1	1086	1103	6	0.0	1735
bf107133-bb1e-446e-822d-8cac35e7a238	NR_024928.1	95.376	1103	29	18	1	1086	1103	6	0.0	1735
d9bc92b2-ee8e-468e-b89b-12bba3b27d89	NR_043314.1	95.918	441	12	5	10	446	1043	1481	0.0	710
d9bc92b2-ee8e-468e-b89b-12bba3b27d89	NR_114749.1	95.918	441	12	5	10	446	1045	1483	0.0	710
d9bc92b2-ee8e-468e-b89b-12bba3b27d89	NR_116899.1	95.918	441	12	5	10	446	1012	1450	0.0	710
d9bc92b2-ee8e-468e-b89b-12bba3b27d89	NR_178854.1	95.918	441	12	5	10	446	1024	1462	0.0	710
d9bc92b2-ee8e-468e-b89b-12bba3b27d89	NR_179889.1	95.918	441	12	5	10	446	1052	1490	0.0	710
64bcf722-b997-426a-b86b-3adbfaa628c2	NR_024918.1	95.403	979	24	17	2	972	516	1481	0.0	1539
64bcf722-b997-426a-b86b-3adbfaa628c2	NR_029042.2	95.301	979	25	17	2	972	523	1488	0.0	1533
64bcf722-b997-426a-b86b-3adbfaa628c2	NR_117177.1	95.301	979	25	17	2	972	521	1486	0.0	1533
64bcf722-b997-426a-b86b-3adbfaa628c2	NR_116899.1	95.301	979	25	17	2	972	490	1455	0.0	1533
64bcf722-b997-426a-b86b-3adbfaa628c2	NR_179889.1	95.301	979	25	17	2	972	530	1495	0.0	1533
0383a8bc-3fed-4f86-ad9c-9470dfd6d5d2	NR_169411.1	98.015	403	2	4	10	409	734	1133	0.0	695
0383a8bc-3fed-4f86-ad9c-9470dfd6d5d2	NR_179168.1	98.015	403	2	4	10	409	737	1136	0.0	695
0383a8bc-3fed-4f86-ad9c-9470dfd6d5d2	NR_180737.1	98.015	403	2	4	10	409	715	1114	0.0	695
0383a8bc-3fed-4f86-ad9c-9470dfd6d5d2	NR_181265.1	98.015	403	2	4	10	409	741	1140	0.0	695
0383a8bc-3fed-4f86-ad9c-9470dfd6d5d2	NR_181427.1	98.015	403	2	4	10	409	741	1140	0.0	695
17bd97e2-ebbb-40f6-a8dc-56b9b9e80af3	NR_042776.1	87.316	544	54	13	21	555	629	92	1.20e-173	608
17bd97e2-ebbb-40f6-a8dc-56b9b9e80af3	NR_042778.1	87.339	545	52	14	21	555	629	92	1.20e-173	608
17bd97e2-ebbb-40f6-a8dc-56b9b9e80af3	NR_042777.1	86.765	544	56	14	21	555	628	92	1.21e-168	592
17bd97e2-ebbb-40f6-a8dc-56b9b9e80af3	NR_199513.1	92.982	399	25	2	5	401	634	237	9.39e-165	579
17bd97e2-ebbb-40f6-a8dc-56b9b9e80af3	NR_041953.1	92.732	399	26	2	5	401	607	210	4.37e-163	573
847f452a-52a0-4c48-9297-8e4e2c1ed3fa	NR_024912.1	95.513	468	12	8	26	490	475	14	0.0	739
847f452a-52a0-4c48-9297-8e4e2c1ed3fa	NR_042147.1	95.513	468	12	8	26	490	462	1	0.0	739
847f452a-52a0-4c48-9297-8e4e2c1ed3fa	NR_156986.1	95.513	468	12	8	26	490	470	9	0.0	739
847f452a-52a0-4c48-9297-8e4e2c1ed3fa	NR_178976.1	95.503	467	12	8	26	489	461	1	0.0	737
847f452a-52a0-4c48-9297-8e4e2c1ed3fa	NR_113600.1	95.299	468	13	8	26	490	462	1	0.0	736
2e58ea2c-264d-4397-bd49-e657f398c2d2	NR_024912.1	89.126	469	23	22	1	444	471	6	9.65e-159	558
2e58ea2c-264d-4397-bd49-e657f398c2d2	NR_156986.1	89.126	469	23	22	1	444	466	1	9.65e-159	558
2e58ea2c-264d-4397-bd49-e657f398c2d2	NR_037092.1	89.103	468	24	21	1	444	475	11	3.47e-158	556
2e58ea2c-264d-4397-bd49-e657f398c2d2	NR_024901.1	88.913	469	24	21	1	444	471	6	4.49e-157	553
2e58ea2c-264d-4397-bd49-e657f398c2d2	NR_024928.1	88.913	469	24	21	1	444	471	6	4.49e-157	553
585b25c6-335b-40e8-8345-9af826a8ea52	NR_199956.1	98.361	488	3	3	1	487	1017	1500	0.0	852
585b25c6-335b-40e8-8345-9af826a8ea52	NR_028664.1	98.156	488	4	3	1	487	1018	1501	0.0	846
585b25c6-335b-40e8-8345-9af826a8ea52	NR_152678.1	98.156	488	4	3	1	487	1017	1500	0.0	846
585b25c6-335b-40e8-8345-9af826a8ea52	NR_024842.1	97.746	488	5	4	1	487	1012	1494	0.0	835
585b25c6-335b-40e8-8345-9af826a8ea52	NR_036936.1	98.330	479	3	3	1	478	997	1471	0.0	835
407994a7-19ec-48e3-9d18-b6f5a1f9a697	NR_156986.1	94.201	638	14	19	1	621	637	6	0.0	952
407994a7-19ec-48e3-9d18-b6f5a1f9a697	NR_178976.1	94.322	634	13	19	1	617	628	1	0.0	950
407994a7-19ec-48e3-9d18-b6f5a1f9a697	NR_113600.1	94.173	635	14	19	1	618	629	1	0.0	948
407994a7-19ec-48e3-9d18-b6f5a1f9a697	NR_024901.1	94.044	638	15	19	1	621	642	11	0.0	946
407994a7-19ec-48e3-9d18-b6f5a1f9a697	NR_024912.1	94.044	638	15	19	1	621	642	11	0.0	946
4ceccef8-f6b8-4f4a-b653-a899c94336e3	NR_041989.1	93.729	303	7	9	2	293	1298	997	1.80e-124	444
4ceccef8-f6b8-4f4a-b653-a899c94336e3	NR_117694.1	93.729	303	7	9	2	293	1340	1039	1.80e-124	444
4ceccef8-f6b8-4f4a-b653-a899c94336e3	NR_025892.1	93.399	303	8	9	2	293	1365	1064	2.33e-123	440
4ceccef8-f6b8-4f4a-b653-a899c94336e3	NR_040933.1	93.399	303	8	9	2	293	1362	1061	8.38e-123	438
4ceccef8-f6b8-4f4a-b653-a899c94336e3	NR_104947.1	93.399	303	8	9	2	293	1313	1012	8.38e-123	438
fb98c572-64d9-47f3-9702-e8e3c71074dd	NR_199513.1	94.324	969	35	15	55	1011	979	19	0.0	1467
fb98c572-64d9-47f3-9702-e8e3c71074dd	NR_024901.1	94.324	969	33	17	55	1010	965	6	0.0	1465
fb98c572-64d9-47f3-9702-e8e3c71074dd	NR_024928.1	94.324	969	33	17	55	1010	965	6	0.0	1465
fb98c572-64d9-47f3-9702-e8e3c71074dd	NR_156986.1	94.324	969	33	17	55	1010	960	1	0.0	1465
fb98c572-64d9-47f3-9702-e8e3c71074dd	NR_156987.1	94.221	969	34	17	55	1010	960	1	0.0	1459
6764a849-0247-4397-afba-d4850f1c376f	NR_025902.1	99.091	220	2	0	1	220	1226	1445	3.86e-110	396
6764a849-0247-4397-afba-d4850f1c376f	NR_040933.1	99.091	220	2	0	1	220	1270	1489	3.86e-110	396
6764a849-0247-4397-afba-d4850f1c376f	NR_117717.1	99.091	220	2	0	1	220	1268	1487	3.86e-110	396
6764a849-0247-4397-afba-d4850f1c376f	NR_121688.1	99.091	220	2	0	1	220	1268	1487	3.86e-110	396
6764a849-0247-4397-afba-d4850f1c376f	NR_117692.1	99.091	220	2	0	1	220	1248	1467	3.86e-110	396
56af3c20-c77f-4066-87c3-c3b06accb1d0	NR_024918.1	94.479	489	16	9	1	482	982	1466	0.0	743
56af3c20-c77f-4066-87c3-c3b06accb1d0	NR_025227.1	94.479	489	16	9	1	482	965	1449	0.0	743
56af3c20-c77f-4066-87c3-c3b06accb1d0	NR_043314.1	94.479	489	16	9	1	482	987	1471	0.0	743
56af3c20-c77f-4066-87c3-c3b06accb1d0	NR_042147.1	94.479	489	16	9	1	482	969	1453	0.0	743
56af3c20-c77f-4066-87c3-c3b06accb1d0	NR_116899.1	94.479	489	16	9	1	482	956	1440	0.0	743
381c9de3-803c-48ab-9b01-3c6b306904b6	NR_117719.1	94.669	1238	43	18	1	1220	1245	13	0.0	1899
381c9de3-803c-48ab-9b01-3c6b306904b6	NR_175455.1	94.498	1236	45	18	1	1218	1233	3	0.0	1884
381c9de3-803c-48ab-9b01-3c6b306904b6	NR_042928.1	94.612	1225	44	19	1	1207	1225	5	0.0	1877
381c9de3-803c-48ab-9b01-3c6b306904b6	NR_179540.1	94.270	1239	46	20	1	1220	1245	13	0.0	1871
381c9de3-803c-48ab-9b01-3c6b306904b6	NR_199545.1	94.265	1238	48	18	1	1220	1245	13	0.0	1871
3ac02cc1-9b6e-4d58-9931-28b582d14efb	NR_024912.1	95.470	596	7	11	1	581	596	6	0.0	933
3ac02cc1-9b6e-4d58-9931-28b582d14efb	NR_156986.1	95.470	596	7	11	1	581	591	1	0.0	933
3ac02cc1-9b6e-4d58-9931-28b582d14efb	NR_037092.1	95.462	595	8	11	1	581	600	11	0.0	931
3ac02cc1-9b6e-4d58-9931-28b582d14efb	NR_024901.1	95.302	596	8	11	1	581	596	6	0.0	928
3ac02cc1-9b6e-4d58-9931-28b582d14efb	NR_024928.1	95.302	596	8	11	1	581	596	6	0.0	928
97466ffc-66a9-4bb1-891b-d7aa774d35ce	NR_179398.1	94.819	1351	48	16	1	1335	139	1483	0.0	2087
97466ffc-66a9-4bb1-891b-d7aa774d35ce	NR_178637.1	94.444	1350	55	14	1	1335	96	1440	0.0	2060
97466ffc-66a9-4bb1-891b-d7aa774d35ce	NR_148295.1	94.428	1346	55	14	1	1331	118	1458	0.0	2052
97466ffc-66a9-4bb1-891b-d7aa774d35ce	NR_113652.1	94.144	1349	59	14	1	1334	119	1462	0.0	2037
97466ffc-66a9-4bb1-891b-d7aa774d35ce	NR_103934.2	94.148	1350	59	14	1	1335	146	1490	0.0	2037
f4039a2c-dd61-40f5-b1a6-f7b79aa76a8f	NR_199513.1	96.111	540	13	7	3	539	178	712	0.0	874
f4039a2c-dd61-40f5-b1a6-f7b79aa76a8f	NR_041953.1	95.926	540	14	7	3	539	151	685	0.0	869
f4039a2c-dd61-40f5-b1a6-f7b79aa76a8f	NR_178447.1	95.926	540	14	7	3	539	85	619	0.0	869
f4039a2c-dd61-40f5-b1a6-f7b79aa76a8f	NR_181891.1	95.926	540	14	7	3	539	174	708	0.0	869
f4039a2c-dd61-40f5-b1a6-f7b79aa76a8f	NR_199518.1	95.926	540	14	7	3	539	95	629	0.0	869
bd13bf85-bab1-4ba0-98cb-09c9fd1fc659	NR_117694.1	90.394	1218	82	29	1	1194	107	1313	0.0	1568
bd13bf85-bab1-4ba0-98cb-09c9fd1fc659	NR_121687.1	89.737	1218	90	33	1	1194	127	1333	0.0	1524
bd13bf85-bab1-4ba0-98cb-09c9fd1fc659	NR_041989.1	89.582	1219	90	31	1	1194	65	1271	0.0	1513
bd13bf85-bab1-4ba0-98cb-09c9fd1fc659	NR_025892.1	89.163	1218	96	30	1	1194	133	1338	0.0	1511
bd13bf85-bab1-4ba0-98cb-09c9fd1fc659	NR_041988.1	89.409	1218	94	31	1	1194	65	1271	0.0	1502
d0a74a92-d37a-4a1f-8c98-0ffc22115828	NR_104930.1	92.889	450	16	14	4	442	1197	753	0.0	640
d0a74a92-d37a-4a1f-8c98-0ffc22115828	NR_181946.1	92.889	450	16	14	4	442	1197	753	0.0	640
d0a74a92-d37a-4a1f-8c98-0ffc22115828	NR_180040.1	92.667	450	17	14	4	442	1218	774	0.0	634
d0a74a92-d37a-4a1f-8c98-0ffc22115828	NR_042874.1	92.444	450	18	14	4	442	1191	747	7.21e-180	628
d0a74a92-d37a-4a1f-8c98-0ffc22115828	NR_042876.1	92.444	450	18	14	4	442	1191	747	7.21e-180	628
fe1796da-f698-47ed-8507-182534316f43	NR_117694.1	93.355	1249	39	33	1	1220	1234	1	0.0	1807
fe1796da-f698-47ed-8507-182534316f43	NR_121687.1	92.289	1258	50	37	1	1227	1254	13	0.0	1742
fe1796da-f698-47ed-8507-182534316f43	NR_025892.1	91.806	1257	57	34	1	1227	1259	19	0.0	1735
fe1796da-f698-47ed-8507-182534316f43	NR_117692.1	91.767	1251	55	35	1	1220	1234	1	0.0	1696
fe1796da-f698-47ed-8507-182534316f43	NR_041989.1	92.384	1208	47	33	1	1179	1192	1	0.0	1679
e2711a40-b232-468c-aa34-5788b589da95	NR_043314.1	99.351	308	1	1	1	307	1179	1486	2.35e-158	556
e2711a40-b232-468c-aa34-5788b589da95	NR_114749.1	99.351	308	1	1	1	307	1181	1488	2.35e-158	556
e2711a40-b232-468c-aa34-5788b589da95	NR_116899.1	99.351	308	1	1	1	307	1148	1455	2.35e-158	556
e2711a40-b232-468c-aa34-5788b589da95	NR_178854.1	99.351	308	1	1	1	307	1160	1467	2.35e-158	556
e2711a40-b232-468c-aa34-5788b589da95	NR_179889.1	99.351	308	1	1	1	307	1188	1495	2.35e-158	556
1b3d470e-f130-49e7-85ab-0d5048e55882	NR_156986.1	97.812	960	10	10	1	951	959	2	0.0	1646
1b3d470e-f130-49e7-85ab-0d5048e55882	NR_156987.1	97.708	960	11	10	1	951	959	2	0.0	1640
1b3d470e-f130-49e7-85ab-0d5048e55882	NR_199514.1	97.708	960	11	10	1	951	971	14	0.0	1640
1b3d470e-f130-49e7-85ab-0d5048e55882	NR_024901.1	97.604	960	12	10	1	951	964	7	0.0	1635
1b3d470e-f130-49e7-85ab-0d5048e55882	NR_024928.1	97.604	960	12	10	1	951	964	7	0.0	1635
6910ac6d-2655-458e-ab08-8cf9d826f9a7	NR_041989.1	94.983	578	11	13	1	566	1308	737	0.0	891
6910ac6d-2655-458e-ab08-8cf9d826f9a7	NR_117694.1	94.810	578	12	13	1	566	1350	779	0.0	885
6910ac6d-2655-458e-ab08-8cf9d826f9a7	NR_178369.1	94.810	578	12	13	1	566	1321	750	0.0	885
6910ac6d-2655-458e-ab08-8cf9d826f9a7	NR_028900.1	94.637	578	13	13	1	566	1308	737	0.0	880
6910ac6d-2655-458e-ab08-8cf9d826f9a7	NR_043459.1	94.637	578	13	13	1	566	1374	803	0.0	880
7e72d83d-d243-4084-a2fd-23ab6e3b5fcf	NR_156986.1	94.384	1389	41	30	16	1384	1372	1	0.0	2098
7e72d83d-d243-4084-a2fd-23ab6e3b5fcf	NR_113600.1	94.280	1381	42	30	16	1376	1364	1	0.0	2080
7e72d83d-d243-4084-a2fd-23ab6e3b5fcf	NR_041953.1	93.492	1383	49	33	16	1376	1364	1	0.0	2017
7e72d83d-d243-4084-a2fd-23ab6e3b5fcf	NR_178854.1	93.411	1381	53	30	16	1376	1363	1	0.0	2012
7e72d83d-d243-4084-a2fd-23ab6e3b5fcf	NR_044569.1	92.230	1390	73	28	16	1386	1383	10	0.0	1936
d66d4c9c-267d-4304-af59-ef098d47b849	NR_163639.1	98.519	675	3	7	1	673	673	4	0.0	1184
d66d4c9c-267d-4304-af59-ef098d47b849	NR_119169.1	98.645	664	5	4	1	662	662	1	0.0	1177
d66d4c9c-267d-4304-af59-ef098d47b849	NR_115355.1	98.786	659	4	4	1	657	657	1	0.0	1173
d66d4c9c-267d-4304-af59-ef098d47b849	NR_074980.1	98.071	674	9	4	1	672	684	13	0.0	1170
d66d4c9c-267d-4304-af59-ef098d47b849	NR_113031.1	98.071	674	9	4	1	672	684	13	0.0	1170
1c800278-2ec9-42a2-8ce1-8c8a3582c2d8	NR_025174.1	94.932	296	8	6	1	290	295	1	2.30e-128	457
1c800278-2ec9-42a2-8ce1-8c8a3582c2d8	NR_179337.1	95.205	292	8	5	1	287	291	1	2.30e-128	457
1c800278-2ec9-42a2-8ce1-8c8a3582c2d8	NR_164626.1	94.631	298	9	6	1	292	297	1	8.29e-128	455
1c800278-2ec9-42a2-8ce1-8c8a3582c2d8	NR_024911.1	94.595	296	9	6	1	290	300	6	1.07e-126	451
1c800278-2ec9-42a2-8ce1-8c8a3582c2d8	NR_024912.1	94.595	296	9	6	1	290	300	6	1.07e-126	451
a72d5228-9b93-403f-b945-be209a38c001	NR_043314.1	96.406	640	11	9	1	637	851	1481	0.0	1044
a72d5228-9b93-403f-b945-be209a38c001	NR_116899.1	96.406	640	11	9	1	637	820	1450	0.0	1044
a72d5228-9b93-403f-b945-be209a38c001	NR_178854.1	96.406	640	11	9	1	637	832	1462	0.0	1044
a72d5228-9b93-403f-b945-be209a38c001	NR_179889.1	96.406	640	11	9	1	637	860	1490	0.0	1044
a72d5228-9b93-403f-b945-be209a38c001	NR_041799.1	96.250	640	12	9	1	637	833	1463	0.0	1038
737f3211-e49b-490d-8c05-f9611fef31b6	NR_199513.1	89.682	911	31	37	1	860	1047	149	0.0	1103
737f3211-e49b-490d-8c05-f9611fef31b6	NR_024901.1	89.133	911	36	39	1	860	1033	135	0.0	1075
737f3211-e49b-490d-8c05-f9611fef31b6	NR_024912.1	89.145	912	34	38	1	860	1033	135	0.0	1075
737f3211-e49b-490d-8c05-f9611fef31b6	NR_024928.1	89.133	911	36	39	1	860	1033	135	0.0	1075
737f3211-e49b-490d-8c05-f9611fef31b6	NR_113583.1	89.133	911	36	39	1	860	1020	122	0.0	1075
9446579f-ac84-474f-9cc7-33383c26106c	NR_024912.1	94.545	550	12	14	1	540	548	7	0.0	833
9446579f-ac84-474f-9cc7-33383c26106c	NR_156986.1	94.545	550	12	14	1	540	543	2	0.0	833
9446579f-ac84-474f-9cc7-33383c26106c	NR_024901.1	94.364	550	13	14	1	540	548	7	0.0	828
9446579f-ac84-474f-9cc7-33383c26106c	NR_024928.1	94.364	550	13	14	1	540	548	7	0.0	828
9446579f-ac84-474f-9cc7-33383c26106c	NR_156987.1	94.364	550	13	14	1	540	543	2	0.0	828
7a585309-62af-47e8-b8a4-c91cbd225abc	NR_151929.1	92.486	346	21	4	1	344	1127	1469	7.78e-139	492
7a585309-62af-47e8-b8a4-c91cbd225abc	NR_178680.1	91.761	352	25	4	2	351	1144	1493	3.62e-137	486
7a585309-62af-47e8-b8a4-c91cbd225abc	NR_148583.1	89.831	354	30	5	1	351	1140	1490	4.75e-126	449
7a585309-62af-47e8-b8a4-c91cbd225abc	NR_112913.1	89.971	349	29	5	6	351	1140	1485	6.14e-125	446
7a585309-62af-47e8-b8a4-c91cbd225abc	NR_149303.1	89.296	355	31	6	1	351	1142	1493	1.03e-122	438
2b9be780-9b64-40db-8948-29c879065c3f	NR_024912.1	98.438	320	2	3	1	319	442	125	1.93e-159	560
2b9be780-9b64-40db-8948-29c879065c3f	NR_042147.1	98.438	320	2	3	1	319	429	112	1.93e-159	560
2b9be780-9b64-40db-8948-29c879065c3f	NR_156986.1	98.438	320	2	3	1	319	437	120	1.93e-159	560
2b9be780-9b64-40db-8948-29c879065c3f	NR_178976.1	98.438	320	2	3	1	319	428	111	1.93e-159	560
2b9be780-9b64-40db-8948-29c879065c3f	NR_179365.1	98.438	320	2	3	1	319	408	91	1.93e-159	560
8860a37c-2b3b-440d-b78f-2b475792ecb9	NR_041799.1	93.962	795	22	18	5	783	679	1463	0.0	1179
8860a37c-2b3b-440d-b78f-2b475792ecb9	NR_114749.1	93.962	795	22	18	5	783	699	1483	0.0	1179
8860a37c-2b3b-440d-b78f-2b475792ecb9	NR_116899.1	93.962	795	22	17	5	783	666	1450	0.0	1179
8860a37c-2b3b-440d-b78f-2b475792ecb9	NR_117823.1	93.962	795	22	18	5	783	651	1435	0.0	1179
8860a37c-2b3b-440d-b78f-2b475792ecb9	NR_179889.1	93.962	795	22	17	5	783	706	1490	0.0	1179
3cc523bb-ebad-4238-98f6-4144ef4cd2be	NR_041799.1	96.813	753	18	4	19	770	721	1468	0.0	1253
3cc523bb-ebad-4238-98f6-4144ef4cd2be	NR_117823.1	96.813	753	18	4	19	770	693	1440	0.0	1253
3cc523bb-ebad-4238-98f6-4144ef4cd2be	NR_181265.1	96.813	753	18	4	19	770	748	1495	0.0	1253
3cc523bb-ebad-4238-98f6-4144ef4cd2be	NR_181730.1	96.925	748	17	4	19	765	727	1469	0.0	1249
3cc523bb-ebad-4238-98f6-4144ef4cd2be	NR_114227.1	96.921	747	17	4	19	764	721	1462	0.0	1247
fb2f8ef5-84f6-46c4-b453-11b9fb902ff9	NR_181891.1	96.471	255	2	4	1	255	1253	1006	1.22e-115	414
fb2f8ef5-84f6-46c4-b453-11b9fb902ff9	NR_036830.1	96.078	255	3	4	1	255	1212	965	5.67e-114	409
fb2f8ef5-84f6-46c4-b453-11b9fb902ff9	NR_043314.1	96.078	255	3	4	1	255	1248	1001	5.67e-114	409
fb2f8ef5-84f6-46c4-b453-11b9fb902ff9	NR_116905.1	96.078	255	3	4	1	255	1251	1004	5.67e-114	409
fb2f8ef5-84f6-46c4-b453-11b9fb902ff9	NR_116899.1	96.078	255	3	4	1	255	1217	970	5.67e-114	409
b491d8e9-8da0-40b5-9ca4-b4637c04c2ff	NR_042927.1	96.965	659	17	3	1	657	1323	666	0.0	1103
b491d8e9-8da0-40b5-9ca4-b4637c04c2ff	NR_114413.1	96.965	659	17	3	1	657	1346	689	0.0	1103
b491d8e9-8da0-40b5-9ca4-b4637c04c2ff	NR_115734.1	96.965	659	17	3	1	657	1324	667	0.0	1103
b491d8e9-8da0-40b5-9ca4-b4637c04c2ff	NR_116210.1	96.965	659	17	3	1	657	1186	529	0.0	1103
b491d8e9-8da0-40b5-9ca4-b4637c04c2ff	NR_179385.1	96.965	659	17	3	1	657	1345	688	0.0	1103
092030b4-f10e-4c1c-b8be-39498a35b1db	NR_025174.1	92.700	726	25	22	1	706	718	1	0.0	1022
092030b4-f10e-4c1c-b8be-39498a35b1db	NR_114911.1	92.562	726	26	22	1	706	733	16	0.0	1016
092030b4-f10e-4c1c-b8be-39498a35b1db	NR_179384.1	92.562	726	26	22	1	706	723	6	0.0	1016
092030b4-f10e-4c1c-b8be-39498a35b1db	NR_179337.1	92.659	722	25	22	1	702	714	1	0.0	1014
092030b4-f10e-4c1c-b8be-39498a35b1db	NR_024909.1	92.424	726	27	22	1	706	723	6	0.0	1011
d338597a-27ff-46bf-8b35-40f67b5a1f25	NR_041799.1	96.207	791	22	8	1	785	675	1463	0.0	1288
d338597a-27ff-46bf-8b35-40f67b5a1f25	NR_116899.1	96.207	791	22	8	1	785	662	1450	0.0	1288
d338597a-27ff-46bf-8b35-40f67b5a1f25	NR_117823.1	96.207	791	22	8	1	785	647	1435	0.0	1288
d338597a-27ff-46bf-8b35-40f67b5a1f25	NR_179889.1	96.207	791	22	8	1	785	702	1490	0.0	1288
d338597a-27ff-46bf-8b35-40f67b5a1f25	NR_181730.1	96.207	791	22	8	1	785	681	1469	0.0	1288
6e22f78f-5a8c-41b5-a7b9-fc89e85ab189	NR_024918.1	94.351	478	16	9	1	468	1000	1476	0.0	723
6e22f78f-5a8c-41b5-a7b9-fc89e85ab189	NR_028986.1	94.351	478	16	9	1	468	987	1463	0.0	723
6e22f78f-5a8c-41b5-a7b9-fc89e85ab189	NR_043314.1	94.351	478	16	9	1	468	1005	1481	0.0	723
6e22f78f-5a8c-41b5-a7b9-fc89e85ab189	NR_042147.1	94.351	478	16	9	1	468	987	1463	0.0	723
6e22f78f-5a8c-41b5-a7b9-fc89e85ab189	NR_042199.1	94.351	478	16	9	1	468	987	1463	0.0	723
fc9039ad-fc42-4749-9c00-fca19dfe30a1	NR_179385.1	92.227	669	25	23	1	650	836	1496	0.0	922
fc9039ad-fc42-4749-9c00-fca19dfe30a1	NR_199545.1	92.227	669	25	23	1	650	832	1492	0.0	922
fc9039ad-fc42-4749-9c00-fca19dfe30a1	NR_028665.1	92.078	669	26	23	1	650	829	1489	0.0	917
fc9039ad-fc42-4749-9c00-fca19dfe30a1	NR_165744.1	92.180	665	25	23	1	646	821	1477	0.0	915
fc9039ad-fc42-4749-9c00-fca19dfe30a1	NR_115736.1	92.042	666	26	22	1	647	761	1418	0.0	911
64af4e74-ee31-4d89-9e36-3f8ed548811e	NR_042771.1	88.920	352	31	7	33	378	367	18	2.42e-119	427
64af4e74-ee31-4d89-9e36-3f8ed548811e	NR_112025.1	88.352	352	33	7	33	378	367	18	1.13e-117	422
64af4e74-ee31-4d89-9e36-3f8ed548811e	NR_115274.1	88.825	349	31	6	33	375	347	1	1.13e-117	422
64af4e74-ee31-4d89-9e36-3f8ed548811e	NR_179540.1	88.636	352	32	7	33	378	367	18	1.13e-117	422
64af4e74-ee31-4d89-9e36-3f8ed548811e	NR_118234.1	88.418	354	31	10	33	378	366	15	1.46e-116	418
ec35caec-38b8-4c3e-85a9-0142f40e0cde	NR_024912.1	95.238	441	5	12	8	441	437	6	0.0	684
ec35caec-38b8-4c3e-85a9-0142f40e0cde	NR_156986.1	95.238	441	5	12	8	441	432	1	0.0	684
ec35caec-38b8-4c3e-85a9-0142f40e0cde	NR_164626.1	95.238	441	5	12	9	442	433	2	0.0	684
ec35caec-38b8-4c3e-85a9-0142f40e0cde	NR_042939.1	95.227	440	5	12	9	441	442	12	0.0	682
ec35caec-38b8-4c3e-85a9-0142f40e0cde	NR_114473.1	95.227	440	5	12	9	441	431	1	0.0	682
cbff3007-346d-46dd-a7d9-0ab793d5ce22	NR_116168.1	95.056	1254	37	16	14	1251	247	1491	0.0	1949
cbff3007-346d-46dd-a7d9-0ab793d5ce22	NR_118762.1	93.725	1243	54	15	14	1241	250	1483	0.0	1875
cbff3007-346d-46dd-a7d9-0ab793d5ce22	NR_025423.1	92.960	1250	57	20	14	1244	231	1468	0.0	1792
cbff3007-346d-46dd-a7d9-0ab793d5ce22	NR_042878.1	95.113	1146	32	15	14	1144	226	1362	0.0	1786
cbff3007-346d-46dd-a7d9-0ab793d5ce22	NR_024897.1	92.051	1258	67	24	14	1251	246	1490	0.0	1738
200019ce-0a4a-43a9-904d-287d73bfd32a	NR_116168.1	93.636	1257	39	33	1	1228	1397	153	0.0	1840
200019ce-0a4a-43a9-904d-287d73bfd32a	NR_042878.1	93.468	1240	41	32	17	1228	1359	132	0.0	1812
200019ce-0a4a-43a9-904d-287d73bfd32a	NR_118762.1	92.038	1256	60	32	1	1228	1399	156	0.0	1764
200019ce-0a4a-43a9-904d-287d73bfd32a	NR_118143.1	91.781	1241	60	32	17	1228	1361	134	0.0	1690
200019ce-0a4a-43a9-904d-287d73bfd32a	NR_025423.1	91.090	1257	71	34	1	1228	1381	137	0.0	1663
bb25f0db-1c08-4989-b376-357f7181f0ab	NR_028665.1	95.335	493	13	8	1	488	1411	924	0.0	774
bb25f0db-1c08-4989-b376-357f7181f0ab	NR_042927.1	95.335	493	13	8	1	488	1396	909	0.0	774
bb25f0db-1c08-4989-b376-357f7181f0ab	NR_114413.1	95.335	493	13	8	1	488	1419	932	0.0	774
bb25f0db-1c08-4989-b376-357f7181f0ab	NR_115239.1	95.335	493	13	8	1	488	1394	907	0.0	774
bb25f0db-1c08-4989-b376-357f7181f0ab	NR_115734.1	95.335	493	13	8	1	488	1397	910	0.0	774
7887762a-0634-4316-aa4b-0dd5d4f52764	NR_028664.1	97.967	541	4	7	1	536	723	185	0.0	931
7887762a-0634-4316-aa4b-0dd5d4f52764	NR_115240.1	97.967	541	4	7	1	536	700	162	0.0	931
7887762a-0634-4316-aa4b-0dd5d4f52764	NR_115732.1	97.967	541	4	7	1	536	702	164	0.0	931
7887762a-0634-4316-aa4b-0dd5d4f52764	NR_116207.1	97.967	541	4	7	1	536	565	27	0.0	931
7887762a-0634-4316-aa4b-0dd5d4f52764	NR_180629.1	97.967	541	4	7	1	536	682	144	0.0	931
431b3eb8-c20d-43b6-ac62-e503b9bb27b4	NR_024918.1	97.495	519	8	4	1	516	841	1357	0.0	881
431b3eb8-c20d-43b6-ac62-e503b9bb27b4	NR_025227.1	97.495	519	8	4	1	516	824	1340	0.0	881
431b3eb8-c20d-43b6-ac62-e503b9bb27b4	NR_043314.1	97.495	519	8	4	1	516	846	1362	0.0	881
431b3eb8-c20d-43b6-ac62-e503b9bb27b4	NR_042147.1	97.495	519	8	4	1	516	828	1344	0.0	881
431b3eb8-c20d-43b6-ac62-e503b9bb27b4	NR_116905.1	97.495	519	8	4	1	516	849	1365	0.0	881
d8de3ba4-9c01-4a67-908d-75feedd740bc	NR_043314.1	89.957	468	30	11	1	460	1023	1481	1.29e-167	588
d8de3ba4-9c01-4a67-908d-75feedd740bc	NR_114749.1	89.957	468	30	11	1	460	1025	1483	1.29e-167	588
d8de3ba4-9c01-4a67-908d-75feedd740bc	NR_116899.1	89.957	468	30	11	1	460	992	1450	1.29e-167	588
d8de3ba4-9c01-4a67-908d-75feedd740bc	NR_178854.1	89.957	468	30	11	1	460	1004	1462	1.29e-167	588
d8de3ba4-9c01-4a67-908d-75feedd740bc	NR_179889.1	89.957	468	30	11	1	460	1032	1490	1.29e-167	588
9959b4f7-7257-4782-9070-452ef4bb5e48	NR_041953.1	95.666	1269	31	19	5	1259	205	1463	0.0	2017
9959b4f7-7257-4782-9070-452ef4bb5e48	NR_042541.1	95.666	1269	31	19	5	1259	205	1463	0.0	2017
9959b4f7-7257-4782-9070-452ef4bb5e48	NR_179889.1	95.666	1269	31	19	5	1259	232	1490	0.0	2017
9959b4f7-7257-4782-9070-452ef4bb5e48	NR_181891.1	95.666	1269	31	19	5	1259	228	1486	0.0	2017
9959b4f7-7257-4782-9070-452ef4bb5e48	NR_199513.1	95.587	1269	32	19	5	1259	232	1490	0.0	2012
10662d02-ac57-453f-96f0-3150cb6f5bb3	NR_025903.1	94.365	1402	37	31	9	1379	1396	6	0.0	2113
10662d02-ac57-453f-96f0-3150cb6f5bb3	NR_133753.1	94.191	1360	38	30	9	1337	1350	1	0.0	2036
10662d02-ac57-453f-96f0-3150cb6f5bb3	NR_025904.1	93.158	1403	52	33	9	1379	1395	5	0.0	2019
10662d02-ac57-453f-96f0-3150cb6f5bb3	NR_026419.1	93.237	1390	52	31	9	1366	1384	5	0.0	2008
10662d02-ac57-453f-96f0-3150cb6f5bb3	NR_133752.1	93.980	1329	39	30	9	1306	1321	3	0.0	1973
d5dc9729-4bf2-4ed7-ad17-59b664333cbe	NR_042776.1	94.565	920	29	18	7	907	561	1478	0.0	1402
d5dc9729-4bf2-4ed7-ad17-59b664333cbe	NR_042777.1	94.565	920	29	18	7	907	560	1477	0.0	1402
d5dc9729-4bf2-4ed7-ad17-59b664333cbe	NR_042778.1	94.457	920	30	18	7	907	561	1478	0.0	1397
d5dc9729-4bf2-4ed7-ad17-59b664333cbe	NR_118998.1	94.124	919	34	17	7	907	556	1472	0.0	1380
d5dc9729-4bf2-4ed7-ad17-59b664333cbe	NR_197695.1	94.130	920	33	18	7	907	560	1477	0.0	1380
c30605fe-9fc3-47b5-b6fa-f625bf4dea35	NR_024912.1	94.480	471	11	11	3	465	469	6	0.0	712
c30605fe-9fc3-47b5-b6fa-f625bf4dea35	NR_037092.1	94.468	470	12	10	3	465	473	11	0.0	712
c30605fe-9fc3-47b5-b6fa-f625bf4dea35	NR_156986.1	94.480	471	11	11	3	465	464	1	0.0	712
c30605fe-9fc3-47b5-b6fa-f625bf4dea35	NR_024901.1	94.268	471	12	11	3	465	469	6	0.0	706
c30605fe-9fc3-47b5-b6fa-f625bf4dea35	NR_024928.1	94.268	471	12	11	3	465	469	6	0.0	706
a64e40b2-b8a4-4627-99af-e31605bcd666	NR_024951.1	97.338	601	10	5	1	597	1152	554	0.0	1016
a64e40b2-b8a4-4627-99af-e31605bcd666	NR_197706.1	97.338	601	10	5	1	597	1163	565	0.0	1016
a64e40b2-b8a4-4627-99af-e31605bcd666	NR_024918.1	97.167	600	13	3	1	597	1149	551	0.0	1011
a64e40b2-b8a4-4627-99af-e31605bcd666	NR_028906.1	97.171	601	11	5	1	597	1175	577	0.0	1011
a64e40b2-b8a4-4627-99af-e31605bcd666	NR_029042.2	97.171	601	11	5	1	597	1156	558	0.0	1011
5cdb6f49-39cb-4df8-94ae-8a03fdf1fb1f	NR_074980.1	97.368	722	15	4	1	720	731	12	0.0	1225
5cdb6f49-39cb-4df8-94ae-8a03fdf1fb1f	NR_113031.1	97.368	722	15	4	1	720	731	12	0.0	1225
5cdb6f49-39cb-4df8-94ae-8a03fdf1fb1f	NR_119168.1	97.743	709	12	4	1	707	709	3	0.0	1218
5cdb6f49-39cb-4df8-94ae-8a03fdf1fb1f	NR_043332.1	97.592	706	13	4	1	704	704	1	0.0	1208
5cdb6f49-39cb-4df8-94ae-8a03fdf1fb1f	NR_117759.1	97.461	709	14	4	1	707	707	1	0.0	1208
1d6696cd-5b33-4f26-8727-e4280a6a7d5c	NR_024912.1	96.541	636	10	11	8	636	636	6	0.0	1042
1d6696cd-5b33-4f26-8727-e4280a6a7d5c	NR_156986.1	96.406	640	10	12	5	636	635	1	0.0	1042
1d6696cd-5b33-4f26-8727-e4280a6a7d5c	NR_024901.1	96.250	640	11	12	5	636	640	6	0.0	1037
1d6696cd-5b33-4f26-8727-e4280a6a7d5c	NR_024928.1	96.250	640	11	12	5	636	640	6	0.0	1037
1d6696cd-5b33-4f26-8727-e4280a6a7d5c	NR_156987.1	96.250	640	11	12	5	636	635	1	0.0	1037
1718bdf0-e150-4d94-83cf-54e46794c015	NR_156986.1	94.024	1071	37	24	12	1070	1078	23	0.0	1598
1718bdf0-e150-4d94-83cf-54e46794c015	NR_178976.1	94.024	1071	37	24	12	1070	1069	14	0.0	1598
1718bdf0-e150-4d94-83cf-54e46794c015	NR_113600.1	93.931	1071	38	24	12	1070	1070	15	0.0	1594
1718bdf0-e150-4d94-83cf-54e46794c015	NR_156987.1	93.931	1071	38	24	12	1070	1078	23	0.0	1592
1718bdf0-e150-4d94-83cf-54e46794c015	NR_199514.1	93.931	1071	38	24	12	1070	1090	35	0.0	1592
1f381c84-2e24-417e-a6e8-2b4925b106c6	NR_116168.1	96.270	858	22	8	3	856	636	1487	0.0	1399
1f381c84-2e24-417e-a6e8-2b4925b106c6	NR_118762.1	94.953	852	32	9	3	850	639	1483	0.0	1343
1f381c84-2e24-417e-a6e8-2b4925b106c6	NR_024897.1	93.961	861	38	12	2	856	634	1486	0.0	1290
1f381c84-2e24-417e-a6e8-2b4925b106c6	NR_181418.1	93.844	861	39	12	2	856	634	1486	0.0	1284
1f381c84-2e24-417e-a6e8-2b4925b106c6	NR_025423.1	93.816	857	41	10	2	853	619	1468	0.0	1279
ba7464c0-eec1-4a75-905f-b02e86cabf22	NR_199513.1	95.613	1231	30	21	1	1214	1241	18	0.0	1953
ba7464c0-eec1-4a75-905f-b02e86cabf22	NR_024928.1	95.528	1230	29	23	1	1212	1227	6	0.0	1943
ba7464c0-eec1-4a75-905f-b02e86cabf22	NR_156986.1	95.528	1230	29	23	1	1212	1222	1	0.0	1943
ba7464c0-eec1-4a75-905f-b02e86cabf22	NR_024901.1	95.447	1230	30	23	1	1212	1227	6	0.0	1938
ba7464c0-eec1-4a75-905f-b02e86cabf22	NR_156987.1	95.447	1230	30	23	1	1212	1222	1	0.0	1938
1f4aaa01-c3c6-470e-afb5-f1ead7d46493	NR_026419.1	97.951	976	8	10	1	971	969	1	0.0	1681
1f4aaa01-c3c6-470e-afb5-f1ead7d46493	NR_025903.1	96.646	984	20	11	1	979	981	6	0.0	1622
1f4aaa01-c3c6-470e-afb5-f1ead7d46493	NR_025904.1	95.943	986	23	14	1	979	980	5	0.0	1583
1f4aaa01-c3c6-470e-afb5-f1ead7d46493	NR_133753.1	96.713	943	18	11	1	938	935	1	0.0	1557
1f4aaa01-c3c6-470e-afb5-f1ead7d46493	NR_036920.1	94.710	983	38	12	1	979	974	2	0.0	1515
2774d9af-60a1-4c43-b28c-dc079087a1c5	NR_026478.1	90.889	450	28	12	1	441	995	1440	9.58e-169	592
2774d9af-60a1-4c43-b28c-dc079087a1c5	NR_043712.1	90.000	450	30	14	2	441	978	1422	1.61e-161	568
2774d9af-60a1-4c43-b28c-dc079087a1c5	NR_116413.1	89.556	450	32	14	2	441	950	1394	3.49e-158	556
2774d9af-60a1-4c43-b28c-dc079087a1c5	NR_181478.1	90.509	432	26	14	2	423	959	1385	3.49e-158	556
2774d9af-60a1-4c43-b28c-dc079087a1c5	NR_178369.1	90.000	440	29	14	2	431	966	1400	1.26e-157	555
6b1e2de1-8b95-467a-8bc1-916507ab5654	NR_042843.1	96.800	125	1	3	1	125	467	588	3.65e-53	206
6b1e2de1-8b95-467a-8bc1-916507ab5654	NR_102895.1	96.800	125	1	3	1	125	495	616	3.65e-53	206
6b1e2de1-8b95-467a-8bc1-916507ab5654	NR_113113.1	96.800	125	1	3	1	125	475	596	3.65e-53	206
6b1e2de1-8b95-467a-8bc1-916507ab5654	NR_113105.1	96.000	125	2	3	1	125	475	596	1.70e-51	200
6b1e2de1-8b95-467a-8bc1-916507ab5654	NR_114305.1	96.000	125	2	3	1	125	487	608	1.70e-51	200
e1d5b641-d1a4-4833-8d70-e3bf78006339	NR_156986.1	91.971	685	24	22	1	661	678	1	0.0	931
e1d5b641-d1a4-4833-8d70-e3bf78006339	NR_199513.1	91.837	686	27	20	1	663	697	18	0.0	929
e1d5b641-d1a4-4833-8d70-e3bf78006339	NR_024901.1	91.825	685	25	22	1	661	683	6	0.0	926
e1d5b641-d1a4-4833-8d70-e3bf78006339	NR_024912.1	91.825	685	25	22	1	661	683	6	0.0	926
e1d5b641-d1a4-4833-8d70-e3bf78006339	NR_024928.1	91.825	685	25	22	1	661	683	6	0.0	926
553a855a-9bcf-4a49-b652-1f7e96520cd1	NR_024928.1	95.339	1373	41	20	1	1359	1369	6	0.0	2161
553a855a-9bcf-4a49-b652-1f7e96520cd1	NR_156986.1	95.339	1373	41	20	1	1359	1364	1	0.0	2159
553a855a-9bcf-4a49-b652-1f7e96520cd1	NR_199513.1	95.269	1374	42	20	1	1360	1383	19	0.0	2156
553a855a-9bcf-4a49-b652-1f7e96520cd1	NR_024901.1	95.266	1373	42	20	1	1359	1369	6	0.0	2154
553a855a-9bcf-4a49-b652-1f7e96520cd1	NR_156987.1	95.266	1373	42	20	1	1359	1364	1	0.0	2154
ee9c6820-8c39-48b1-93db-fb6b7cc1e967	NR_024912.1	95.946	592	15	8	27	617	606	23	0.0	952
ee9c6820-8c39-48b1-93db-fb6b7cc1e967	NR_042147.1	95.946	592	15	8	27	617	593	10	0.0	952
ee9c6820-8c39-48b1-93db-fb6b7cc1e967	NR_156986.1	95.946	592	15	8	27	617	601	18	0.0	952
ee9c6820-8c39-48b1-93db-fb6b7cc1e967	NR_178976.1	95.946	592	15	8	27	617	592	9	0.0	952
ee9c6820-8c39-48b1-93db-fb6b7cc1e967	NR_113600.1	95.777	592	16	8	27	617	593	10	0.0	948
dfc3ff0a-9bef-4c25-a852-6bf68e47f898	NR_074980.1	95.977	1193	29	14	2	1180	1200	13	0.0	1919
dfc3ff0a-9bef-4c25-a852-6bf68e47f898	NR_113031.1	95.977	1193	29	14	2	1180	1200	13	0.0	1919
dfc3ff0a-9bef-4c25-a852-6bf68e47f898	NR_113570.1	95.696	1185	31	16	2	1171	1180	1	0.0	1888
dfc3ff0a-9bef-4c25-a852-6bf68e47f898	NR_117759.1	95.766	1181	31	14	2	1168	1176	1	0.0	1888
dfc3ff0a-9bef-4c25-a852-6bf68e47f898	NR_043332.1	95.756	1178	31	14	2	1165	1173	1	0.0	1884
6348c505-1560-416c-8c62-df464b4d795c	NR_156986.1	94.780	1226	36	24	3	1210	1229	14	0.0	1884
6348c505-1560-416c-8c62-df464b4d795c	NR_113600.1	94.698	1226	37	24	3	1210	1221	6	0.0	1881
6348c505-1560-416c-8c62-df464b4d795c	NR_156987.1	94.698	1226	37	24	3	1210	1229	14	0.0	1879
6348c505-1560-416c-8c62-df464b4d795c	NR_178976.1	94.698	1226	37	24	3	1210	1220	5	0.0	1879
6348c505-1560-416c-8c62-df464b4d795c	NR_113583.1	94.617	1226	38	23	3	1210	1221	6	0.0	1873
61d5974f-4915-4578-aa72-01fb62ebf413	NR_028682.1	95.556	675	17	8	1	664	390	1062	0.0	1068
61d5974f-4915-4578-aa72-01fb62ebf413	NR_025862.1	93.501	677	27	13	1	664	389	1061	0.0	994
61d5974f-4915-4578-aa72-01fb62ebf413	NR_026454.1	93.363	678	28	12	1	664	364	1038	0.0	987
61d5974f-4915-4578-aa72-01fb62ebf413	NR_025445.1	92.910	677	31	12	1	664	381	1053	0.0	968
61d5974f-4915-4578-aa72-01fb62ebf413	NR_116890.1	92.762	677	32	13	1	664	378	1050	0.0	963
c89d8061-28d7-4cfe-a5a5-abfe297a453f	NR_180625.1	96.282	1022	19	15	8	1017	1384	370	0.0	1659
c89d8061-28d7-4cfe-a5a5-abfe297a453f	NR_042927.1	96.184	1022	20	16	8	1017	1404	390	0.0	1653
c89d8061-28d7-4cfe-a5a5-abfe297a453f	NR_114413.1	96.184	1022	20	16	8	1017	1427	413	0.0	1653
c89d8061-28d7-4cfe-a5a5-abfe297a453f	NR_115734.1	96.184	1022	20	16	8	1017	1405	391	0.0	1653
c89d8061-28d7-4cfe-a5a5-abfe297a453f	NR_116210.1	96.184	1022	20	16	8	1017	1267	253	0.0	1653
3e76196b-7f34-4b5d-a4fc-4afa0ed041bf	NR_199513.1	95.382	996	27	16	1	983	1007	18	0.0	1567
3e76196b-7f34-4b5d-a4fc-4afa0ed041bf	NR_156986.1	95.464	992	24	18	4	981	985	1	0.0	1563
3e76196b-7f34-4b5d-a4fc-4afa0ed041bf	NR_156987.1	95.363	992	25	18	4	981	985	1	0.0	1557
3e76196b-7f34-4b5d-a4fc-4afa0ed041bf	NR_199514.1	95.363	992	25	18	4	981	997	13	0.0	1557
3e76196b-7f34-4b5d-a4fc-4afa0ed041bf	NR_024901.1	95.262	992	26	18	4	981	990	6	0.0	1552
40d83208-7fd7-4596-8217-1ddae6a4a50d	NR_199513.1	92.470	332	7	15	1	323	389	711	7.39e-129	459
40d83208-7fd7-4596-8217-1ddae6a4a50d	NR_041953.1	92.169	332	8	15	1	323	362	684	3.44e-127	453
40d83208-7fd7-4596-8217-1ddae6a4a50d	NR_152710.1	92.169	332	8	15	1	323	343	665	3.44e-127	453
40d83208-7fd7-4596-8217-1ddae6a4a50d	NR_178447.1	92.169	332	8	15	1	323	296	618	3.44e-127	453
40d83208-7fd7-4596-8217-1ddae6a4a50d	NR_181014.1	92.169	332	8	15	1	323	362	684	3.44e-127	453
a303dbc3-46d2-419a-84a5-0c3edbb28ff5	NR_169411.1	96.479	710	10	14	1	698	780	1486	0.0	1158
a303dbc3-46d2-419a-84a5-0c3edbb28ff5	NR_180078.1	96.479	710	10	14	1	698	780	1486	0.0	1158
a303dbc3-46d2-419a-84a5-0c3edbb28ff5	NR_181265.1	96.479	710	10	14	1	698	787	1493	0.0	1158
a303dbc3-46d2-419a-84a5-0c3edbb28ff5	NR_181427.1	96.479	710	10	14	1	698	787	1493	0.0	1158
a303dbc3-46d2-419a-84a5-0c3edbb28ff5	NR_181730.1	96.469	708	10	14	1	696	766	1470	0.0	1155
41306084-d1b6-4633-82cd-d96ef62ad461	NR_164626.1	98.997	399	1	3	1	396	399	1	0.0	712
41306084-d1b6-4633-82cd-d96ef62ad461	NR_024912.1	98.992	397	1	3	1	394	402	6	0.0	708
41306084-d1b6-4633-82cd-d96ef62ad461	NR_028706.1	98.992	397	1	3	1	394	410	14	0.0	708
41306084-d1b6-4633-82cd-d96ef62ad461	NR_037092.1	98.990	396	2	2	1	394	406	11	0.0	708
41306084-d1b6-4633-82cd-d96ef62ad461	NR_042939.1	98.992	397	1	3	1	394	408	12	0.0	708
34b95a3d-d94c-4579-adae-c850b001d21f	NR_156986.1	94.789	1401	38	33	5	1386	1385	1	0.0	2150
34b95a3d-d94c-4579-adae-c850b001d21f	NR_156987.1	94.718	1401	39	33	5	1386	1385	1	0.0	2145
34b95a3d-d94c-4579-adae-c850b001d21f	NR_164626.1	94.639	1399	44	29	5	1386	1387	3	0.0	2139
34b95a3d-d94c-4579-adae-c850b001d21f	NR_114473.1	94.568	1399	45	29	5	1386	1385	1	0.0	2135
34b95a3d-d94c-4579-adae-c850b001d21f	NR_043935.1	94.571	1400	45	29	5	1387	1398	13	0.0	2135
216af0d2-15ad-4472-bbef-f15715013a97	NR_117694.1	98.788	495	3	2	11	503	494	1	0.0	878
216af0d2-15ad-4472-bbef-f15715013a97	NR_025892.1	97.817	504	8	2	11	512	520	18	0.0	876
216af0d2-15ad-4472-bbef-f15715013a97	NR_121687.1	96.634	505	12	4	11	512	514	12	0.0	833
216af0d2-15ad-4472-bbef-f15715013a97	NR_117692.1	95.960	495	17	2	11	503	494	1	0.0	800
216af0d2-15ad-4472-bbef-f15715013a97	NR_117717.1	94.851	505	21	4	11	512	515	13	0.0	784
b05112b3-7b14-437a-b87b-0e8bfc3b0b89	NR_024912.1	94.235	503	16	9	10	509	543	51	0.0	756
b05112b3-7b14-437a-b87b-0e8bfc3b0b89	NR_042147.1	94.235	503	16	9	10	509	530	38	0.0	756
b05112b3-7b14-437a-b87b-0e8bfc3b0b89	NR_156986.1	94.235	503	16	9	10	509	538	46	0.0	756
b05112b3-7b14-437a-b87b-0e8bfc3b0b89	NR_178976.1	94.235	503	16	9	10	509	529	37	0.0	756
b05112b3-7b14-437a-b87b-0e8bfc3b0b89	NR_113600.1	94.036	503	17	9	10	509	530	38	0.0	752
f5f00a6d-33a1-4707-ab30-6f048cd9f6bc	NR_041722.2	100.000	186	0	0	1	186	1324	1509	1.15e-94	344
f5f00a6d-33a1-4707-ab30-6f048cd9f6bc	NR_028665.1	100.000	186	0	0	1	186	1304	1489	1.15e-94	344
f5f00a6d-33a1-4707-ab30-6f048cd9f6bc	NR_028736.1	100.000	186	0	0	1	186	1313	1498	1.15e-94	344
f5f00a6d-33a1-4707-ab30-6f048cd9f6bc	NR_041721.1	100.000	186	0	0	1	186	1312	1497	1.15e-94	344
f5f00a6d-33a1-4707-ab30-6f048cd9f6bc	NR_112704.1	100.000	186	0	0	1	186	1208	1393	1.15e-94	344
a6b8629d-515d-458e-b6de-aeeaea5b3b0e	NR_179889.1	93.977	1212	34	26	1	1187	290	1487	0.0	1797
a6b8629d-515d-458e-b6de-aeeaea5b3b0e	NR_041953.1	93.894	1212	35	26	1	1187	263	1460	0.0	1792
a6b8629d-515d-458e-b6de-aeeaea5b3b0e	NR_042541.1	93.894	1212	35	26	1	1187	263	1460	0.0	1792
a6b8629d-515d-458e-b6de-aeeaea5b3b0e	NR_178447.1	93.812	1212	36	26	1	1187	197	1394	0.0	1786
a6b8629d-515d-458e-b6de-aeeaea5b3b0e	NR_181891.1	93.812	1212	36	26	1	1187	286	1483	0.0	1786
ee3167d6-543a-47f0-ba4d-c6f2e9c692f5	NR_024912.1	91.400	500	31	9	1	496	495	4	0.0	675
ee3167d6-543a-47f0-ba4d-c6f2e9c692f5	NR_156986.1	91.549	497	30	9	1	493	490	2	0.0	675
ee3167d6-543a-47f0-ba4d-c6f2e9c692f5	NR_042147.1	91.992	487	27	9	1	483	482	4	0.0	673
ee3167d6-543a-47f0-ba4d-c6f2e9c692f5	NR_178976.1	91.992	487	27	9	1	483	481	3	0.0	673
ee3167d6-543a-47f0-ba4d-c6f2e9c692f5	NR_024901.1	91.200	500	32	9	1	496	495	4	0.0	669
b8d0c286-7a5f-4ed0-9609-0dc583844ecc	NR_116899.1	94.645	859	29	11	1	846	579	1433	0.0	1315
b8d0c286-7a5f-4ed0-9609-0dc583844ecc	NR_041799.1	94.535	860	28	14	1	846	592	1446	0.0	1310
b8d0c286-7a5f-4ed0-9609-0dc583844ecc	NR_042541.1	94.529	859	30	12	1	846	592	1446	0.0	1310
b8d0c286-7a5f-4ed0-9609-0dc583844ecc	NR_114227.1	94.535	860	28	14	1	846	592	1446	0.0	1310
b8d0c286-7a5f-4ed0-9609-0dc583844ecc	NR_114481.1	94.535	860	28	14	1	846	601	1455	0.0	1310
25581c99-12c2-4746-a7a2-5f5a026d9a18	NR_199513.1	97.629	717	5	7	4	713	804	93	0.0	1219
25581c99-12c2-4746-a7a2-5f5a026d9a18	NR_024901.1	96.257	748	8	11	4	739	790	51	0.0	1208
25581c99-12c2-4746-a7a2-5f5a026d9a18	NR_024928.1	96.257	748	8	11	4	739	790	51	0.0	1208
25581c99-12c2-4746-a7a2-5f5a026d9a18	NR_113583.1	96.257	748	8	11	4	739	777	38	0.0	1208
25581c99-12c2-4746-a7a2-5f5a026d9a18	NR_114225.1	96.257	748	8	11	4	739	777	38	0.0	1208
291ffcde-ef0a-4f95-a292-979608151c38	NR_117694.1	96.178	314	4	6	23	333	332	640	2.61e-143	507
291ffcde-ef0a-4f95-a292-979608151c38	NR_121687.1	95.541	314	6	6	23	333	352	660	5.65e-140	496
291ffcde-ef0a-4f95-a292-979608151c38	NR_025892.1	93.930	313	12	5	23	333	358	665	5.69e-135	479
291ffcde-ef0a-4f95-a292-979608151c38	NR_041988.1	94.586	314	9	6	23	333	290	598	5.69e-135	479
291ffcde-ef0a-4f95-a292-979608151c38	NR_104946.1	94.586	314	9	6	23	333	295	603	5.69e-135	479
d3741b35-b36c-4330-aead-d50aa918fd5d	NR_117694.1	93.371	528	21	14	6	524	624	102	0.0	769
d3741b35-b36c-4330-aead-d50aa918fd5d	NR_121687.1	91.856	528	29	14	6	524	644	122	0.0	725
d3741b35-b36c-4330-aead-d50aa918fd5d	NR_025892.1	91.238	525	31	15	9	524	646	128	0.0	717
d3741b35-b36c-4330-aead-d50aa918fd5d	NR_104946.1	91.477	528	31	14	6	524	587	65	0.0	713
d3741b35-b36c-4330-aead-d50aa918fd5d	NR_117692.1	91.215	535	32	15	6	530	624	95	0.0	713
33eb8308-29c1-4842-a135-00a7657af71e	NR_043314.1	87.871	404	19	15	1	385	1469	1077	1.88e-125	448
33eb8308-29c1-4842-a135-00a7657af71e	NR_114749.1	87.871	404	19	15	1	385	1471	1079	1.88e-125	448
33eb8308-29c1-4842-a135-00a7657af71e	NR_116899.1	87.871	404	19	15	1	385	1438	1046	1.88e-125	448
33eb8308-29c1-4842-a135-00a7657af71e	NR_178854.1	87.871	404	19	15	1	385	1450	1058	1.88e-125	448
33eb8308-29c1-4842-a135-00a7657af71e	NR_118125.1	88.083	386	19	14	16	385	1440	1066	5.26e-121	433
6837caf9-1223-4161-802b-9bf2f08649f8	NR_117694.1	94.793	941	25	19	19	947	525	1453	0.0	1445
6837caf9-1223-4161-802b-9bf2f08649f8	NR_121687.1	94.580	941	27	19	19	947	545	1473	0.0	1434
6837caf9-1223-4161-802b-9bf2f08649f8	NR_104947.1	94.368	941	29	19	19	947	498	1426	0.0	1423
6837caf9-1223-4161-802b-9bf2f08649f8	NR_117692.1	94.368	941	29	19	19	947	525	1453	0.0	1423
6837caf9-1223-4161-802b-9bf2f08649f8	NR_117696.1	94.368	941	29	19	19	947	512	1440	0.0	1423
5116d887-7b11-47fc-8171-344ffe66a593	NR_044091.1	95.513	624	15	10	1	614	1127	507	0.0	985
5116d887-7b11-47fc-8171-344ffe66a593	NR_113570.1	94.872	624	18	11	1	614	1219	600	0.0	963
5116d887-7b11-47fc-8171-344ffe66a593	NR_042940.1	94.720	625	18	11	1	614	1125	505	0.0	957
5116d887-7b11-47fc-8171-344ffe66a593	NR_043332.1	94.551	624	20	11	1	614	1212	593	0.0	955
5116d887-7b11-47fc-8171-344ffe66a593	NR_117759.1	94.551	624	20	11	1	614	1215	596	0.0	953
