30f74dec-4a56-4b00-a579-4618bd0b1e33	NR_043332.1	92.255	439	23	9	1	433	1472	1039	7.16e-175	612
30f74dec-4a56-4b00-a579-4618bd0b1e33	NR_074980.1	92.255	439	23	9	1	433	1499	1066	7.16e-175	612
30f74dec-4a56-4b00-a579-4618bd0b1e33	NR_113031.1	92.255	439	23	9	1	433	1499	1066	7.16e-175	612
30f74dec-4a56-4b00-a579-4618bd0b1e33	NR_113570.1	92.255	439	23	9	1	433	1479	1046	7.16e-175	612
30f74dec-4a56-4b00-a579-4618bd0b1e33	NR_115354.1	91.572	439	26	9	1	433	1472	1039	7.21e-170	595
321e13c1-5901-49bd-b177-cb030d5df631	NR_113600.1	93.014	1460	53	37	66	1485	11	1461	0.0	2087
321e13c1-5901-49bd-b177-cb030d5df631	NR_181354.1	91.981	1459	66	40	66	1485	38	1484	0.0	1999
321e13c1-5901-49bd-b177-cb030d5df631	NR_179398.1	91.450	1462	72	41	66	1485	31	1481	0.0	1958
321e13c1-5901-49bd-b177-cb030d5df631	NR_179392.1	91.364	1459	79	36	66	1485	31	1481	0.0	1953
321e13c1-5901-49bd-b177-cb030d5df631	NR_181080.1	91.861	1327	66	33	144	1438	73	1389	0.0	1814
a9c23c54-6d1a-43a5-b2d5-aa71d540a6ac	NR_028664.1	92.640	1250	58	30	35	1261	1255	17	0.0	1768
a9c23c54-6d1a-43a5-b2d5-aa71d540a6ac	NR_179383.1	92.640	1250	58	30	35	1261	1259	21	0.0	1768
a9c23c54-6d1a-43a5-b2d5-aa71d540a6ac	NR_115240.1	92.679	1243	58	29	35	1255	1232	1	0.0	1760
a9c23c54-6d1a-43a5-b2d5-aa71d540a6ac	NR_115732.1	92.616	1246	58	30	35	1258	1234	1	0.0	1760
a9c23c54-6d1a-43a5-b2d5-aa71d540a6ac	NR_165744.1	92.480	1250	60	30	35	1261	1241	3	0.0	1757
86c4d7f8-ae5a-4a05-98b8-9f4f3edf938c	NR_041799.1	87.786	393	21	16	1	380	918	1296	1.45e-121	435
86c4d7f8-ae5a-4a05-98b8-9f4f3edf938c	NR_043314.1	87.786	393	21	16	1	380	936	1314	1.45e-121	435
86c4d7f8-ae5a-4a05-98b8-9f4f3edf938c	NR_041953.1	87.786	393	21	16	1	380	918	1296	1.45e-121	435
86c4d7f8-ae5a-4a05-98b8-9f4f3edf938c	NR_042541.1	87.786	393	21	16	1	380	918	1296	1.45e-121	435
86c4d7f8-ae5a-4a05-98b8-9f4f3edf938c	NR_114227.1	87.786	393	21	16	1	380	918	1296	1.45e-121	435
f5c9469a-018c-4d5c-be42-ce5a31b61709	NR_043314.1	97.531	324	6	2	1	322	1158	1481	3.22e-157	553
f5c9469a-018c-4d5c-be42-ce5a31b61709	NR_114749.1	97.531	324	6	2	1	322	1160	1483	3.22e-157	553
f5c9469a-018c-4d5c-be42-ce5a31b61709	NR_116899.1	97.531	324	6	2	1	322	1127	1450	3.22e-157	553
f5c9469a-018c-4d5c-be42-ce5a31b61709	NR_178854.1	97.531	324	6	2	1	322	1139	1462	3.22e-157	553
f5c9469a-018c-4d5c-be42-ce5a31b61709	NR_179889.1	97.531	324	6	2	1	322	1167	1490	3.22e-157	553
8caec297-4c79-468e-83e5-5e1abed9b8c5	NR_104947.1	97.077	479	11	3	1	478	1356	880	0.0	804
8caec297-4c79-468e-83e5-5e1abed9b8c5	NR_117717.1	97.077	479	11	3	1	478	1403	927	0.0	804
8caec297-4c79-468e-83e5-5e1abed9b8c5	NR_121687.1	97.077	479	11	3	1	478	1403	927	0.0	804
8caec297-4c79-468e-83e5-5e1abed9b8c5	NR_041989.1	97.077	479	11	3	1	478	1341	865	0.0	804
8caec297-4c79-468e-83e5-5e1abed9b8c5	NR_117696.1	97.077	479	11	3	1	478	1370	894	0.0	804
a9ac0634-3fd9-4d73-9b6b-578cbdecb351	NR_199512.1	89.960	1265	72	45	13	1238	1266	18	0.0	1581
a9ac0634-3fd9-4d73-9b6b-578cbdecb351	NR_104278.1	89.825	1258	74	44	13	1232	1251	10	0.0	1565
a9ac0634-3fd9-4d73-9b6b-578cbdecb351	NR_104280.1	89.825	1258	74	44	13	1232	1251	10	0.0	1565
a9ac0634-3fd9-4d73-9b6b-578cbdecb351	NR_040859.1	89.737	1257	77	42	13	1232	1251	10	0.0	1559
a9ac0634-3fd9-4d73-9b6b-578cbdecb351	NR_113855.1	89.801	1255	74	44	13	1229	1239	1	0.0	1559
2c882b32-e464-4010-96a4-8c0f0fee7547	NR_041799.1	91.407	803	44	21	13	801	672	1463	0.0	1077
2c882b32-e464-4010-96a4-8c0f0fee7547	NR_116899.1	91.407	803	44	21	13	801	659	1450	0.0	1077
2c882b32-e464-4010-96a4-8c0f0fee7547	NR_117823.1	91.407	803	44	21	13	801	644	1435	0.0	1077
2c882b32-e464-4010-96a4-8c0f0fee7547	NR_118155.1	91.407	803	44	21	13	801	695	1486	0.0	1077
2c882b32-e464-4010-96a4-8c0f0fee7547	NR_179889.1	91.407	803	44	21	13	801	699	1490	0.0	1077
667adc9c-08d3-4a99-8cd0-735cd45815b1	NR_199513.1	96.841	728	5	14	1	713	742	18	0.0	1201
667adc9c-08d3-4a99-8cd0-735cd45815b1	NR_024901.1	96.424	727	6	16	1	711	728	6	0.0	1181
667adc9c-08d3-4a99-8cd0-735cd45815b1	NR_024928.1	96.424	727	6	16	1	711	728	6	0.0	1181
667adc9c-08d3-4a99-8cd0-735cd45815b1	NR_156986.1	96.547	724	5	16	4	711	720	1	0.0	1181
667adc9c-08d3-4a99-8cd0-735cd45815b1	NR_156987.1	96.409	724	6	16	4	711	720	1	0.0	1175
48f09fbd-faca-4a28-ae29-0ca8247996b8	NR_181891.1	90.819	708	33	22	1	686	1129	432	0.0	918
48f09fbd-faca-4a28-ae29-0ca8247996b8	NR_199513.1	90.819	708	33	22	1	686	1133	436	0.0	918
48f09fbd-faca-4a28-ae29-0ca8247996b8	NR_041953.1	90.678	708	34	22	1	686	1106	409	0.0	913
48f09fbd-faca-4a28-ae29-0ca8247996b8	NR_178447.1	90.678	708	34	22	1	686	1040	343	0.0	913
48f09fbd-faca-4a28-ae29-0ca8247996b8	NR_042541.1	90.537	708	35	22	1	686	1106	409	0.0	907
98b77a14-3912-4fa7-816b-de7084a206b1	NR_024912.1	89.946	368	19	12	2	362	522	166	8.08e-129	459
98b77a14-3912-4fa7-816b-de7084a206b1	NR_025228.1	89.946	368	19	12	2	362	505	149	8.08e-129	459
98b77a14-3912-4fa7-816b-de7084a206b1	NR_041953.1	89.946	368	19	12	2	362	509	153	8.08e-129	459
98b77a14-3912-4fa7-816b-de7084a206b1	NR_042147.1	89.946	368	19	12	2	362	509	153	8.08e-129	459
98b77a14-3912-4fa7-816b-de7084a206b1	NR_042541.1	89.946	368	19	12	2	362	509	153	8.08e-129	459
d9305059-0fda-4f8b-b538-a3af4988bbf9	NR_171510.1	90.677	1019	69	24	1	1002	485	1494	0.0	1332
d9305059-0fda-4f8b-b538-a3af4988bbf9	NR_117232.1	90.364	1017	76	19	1	1002	474	1483	0.0	1315
d9305059-0fda-4f8b-b538-a3af4988bbf9	NR_178451.1	90.265	1017	77	19	1	1002	474	1483	0.0	1310
d9305059-0fda-4f8b-b538-a3af4988bbf9	NR_108487.1	90.069	1017	79	19	1	1002	434	1443	0.0	1299
d9305059-0fda-4f8b-b538-a3af4988bbf9	NR_118141.1	89.774	1017	81	21	1	1002	473	1481	0.0	1280
b68bf79c-41b7-4e64-98b0-67ce2c79d41e	NR_043314.1	97.921	481	6	4	1	481	1005	1481	0.0	830
b68bf79c-41b7-4e64-98b0-67ce2c79d41e	NR_114749.1	97.921	481	6	4	1	481	1007	1483	0.0	830
b68bf79c-41b7-4e64-98b0-67ce2c79d41e	NR_116899.1	97.921	481	6	4	1	481	974	1450	0.0	830
b68bf79c-41b7-4e64-98b0-67ce2c79d41e	NR_178854.1	97.921	481	6	4	1	481	986	1462	0.0	830
b68bf79c-41b7-4e64-98b0-67ce2c79d41e	NR_179889.1	97.921	481	6	4	1	481	1014	1490	0.0	830
3db15cbc-5c1a-479e-8a8f-dbbd60005a8c	NR_199513.1	92.801	1403	46	37	1	1368	1400	18	0.0	1980
3db15cbc-5c1a-479e-8a8f-dbbd60005a8c	NR_178976.1	92.878	1390	45	35	1	1354	1372	1	0.0	1971
3db15cbc-5c1a-479e-8a8f-dbbd60005a8c	NR_156986.1	92.878	1390	45	35	1	1354	1381	10	0.0	1969
3db15cbc-5c1a-479e-8a8f-dbbd60005a8c	NR_024928.1	92.806	1390	46	35	1	1354	1386	15	0.0	1965
3db15cbc-5c1a-479e-8a8f-dbbd60005a8c	NR_113600.1	92.806	1390	46	35	1	1354	1373	2	0.0	1965
f552e76e-a1fa-4824-ae2a-8431ee0ce8be	NR_043314.1	91.667	456	22	15	1	445	1029	1479	1.59e-176	617
f552e76e-a1fa-4824-ae2a-8431ee0ce8be	NR_114749.1	91.667	456	22	15	1	445	1031	1481	1.59e-176	617
f552e76e-a1fa-4824-ae2a-8431ee0ce8be	NR_116899.1	91.667	456	22	15	1	445	998	1448	1.59e-176	617
f552e76e-a1fa-4824-ae2a-8431ee0ce8be	NR_178854.1	91.667	456	22	15	1	445	1010	1460	1.59e-176	617
f552e76e-a1fa-4824-ae2a-8431ee0ce8be	NR_179889.1	91.667	456	22	15	1	445	1038	1488	1.59e-176	617
bbf4f379-0e97-4765-890a-a9c7382477d4	NR_199415.1	82.402	1074	111	57	3	1025	1047	1	0.0	865
bbf4f379-0e97-4765-890a-a9c7382477d4	NR_179548.1	81.443	1067	132	49	3	1025	1057	13	0.0	830
bbf4f379-0e97-4765-890a-a9c7382477d4	NR_179434.1	81.767	1075	115	61	3	1025	1058	13	0.0	828
bbf4f379-0e97-4765-890a-a9c7382477d4	NR_036777.1	81.665	1069	120	58	3	1022	1042	1	0.0	824
bbf4f379-0e97-4765-890a-a9c7382477d4	NR_042832.1	81.784	1065	119	54	3	1017	1040	1	0.0	824
c4948cdb-ef3c-4d94-bbd2-6824cc3c6e60	NR_024912.1	92.857	448	17	15	21	456	450	6	0.0	636
c4948cdb-ef3c-4d94-bbd2-6824cc3c6e60	NR_156986.1	92.857	448	17	15	21	456	445	1	0.0	636
c4948cdb-ef3c-4d94-bbd2-6824cc3c6e60	NR_024901.1	92.634	448	18	15	21	456	450	6	2.08e-180	630
c4948cdb-ef3c-4d94-bbd2-6824cc3c6e60	NR_024928.1	92.634	448	18	15	21	456	450	6	2.08e-180	630
c4948cdb-ef3c-4d94-bbd2-6824cc3c6e60	NR_043425.1	92.634	448	18	15	21	456	455	11	2.08e-180	630
40146368-000c-456e-b94a-d1ae73128240	NR_156986.1	86.867	731	54	33	31	743	707	1	0.0	780
40146368-000c-456e-b94a-d1ae73128240	NR_024901.1	86.731	731	55	33	31	743	712	6	0.0	774
40146368-000c-456e-b94a-d1ae73128240	NR_024912.1	86.731	731	55	33	31	743	712	6	0.0	774
40146368-000c-456e-b94a-d1ae73128240	NR_024928.1	86.731	731	55	33	31	743	712	6	0.0	774
40146368-000c-456e-b94a-d1ae73128240	NR_156987.1	86.731	731	55	33	31	743	707	1	0.0	774
2594c549-f03f-4028-b1db-19007f6edc54	NR_117694.1	95.669	508	14	7	1	503	506	2	0.0	809
2594c549-f03f-4028-b1db-19007f6edc54	NR_025892.1	94.643	504	19	7	5	503	528	28	0.0	784
2594c549-f03f-4028-b1db-19007f6edc54	NR_121687.1	93.529	510	21	11	1	503	526	22	0.0	749
2594c549-f03f-4028-b1db-19007f6edc54	NR_117692.1	92.913	508	28	7	1	503	506	2	0.0	732
2594c549-f03f-4028-b1db-19007f6edc54	NR_117717.1	92.353	510	27	11	1	503	527	23	0.0	715
d0aba334-df09-481e-b704-abb7baa5b106	NR_074980.1	92.812	640	26	16	21	648	646	15	0.0	909
d0aba334-df09-481e-b704-abb7baa5b106	NR_113031.1	92.812	640	26	16	21	648	646	15	0.0	909
d0aba334-df09-481e-b704-abb7baa5b106	NR_119168.1	93.387	620	24	13	21	631	624	13	0.0	902
d0aba334-df09-481e-b704-abb7baa5b106	NR_115355.1	93.065	620	26	13	21	631	619	8	0.0	894
d0aba334-df09-481e-b704-abb7baa5b106	NR_043332.1	93.065	620	26	13	21	631	619	8	0.0	893
5fd4c7a4-6a5d-4ad8-9dad-05cc539f06eb	NR_156986.1	90.558	699	28	32	1	675	692	8	0.0	891
5fd4c7a4-6a5d-4ad8-9dad-05cc539f06eb	NR_178976.1	90.531	697	28	32	1	673	683	1	0.0	887
5fd4c7a4-6a5d-4ad8-9dad-05cc539f06eb	NR_024901.1	90.415	699	29	32	1	675	697	13	0.0	885
5fd4c7a4-6a5d-4ad8-9dad-05cc539f06eb	NR_024912.1	90.415	699	29	32	1	675	697	13	0.0	885
5fd4c7a4-6a5d-4ad8-9dad-05cc539f06eb	NR_024928.1	90.415	699	29	32	1	675	697	13	0.0	885
4122d4b0-22dd-4431-a019-9982c59c1f9a	NR_024918.1	93.499	923	28	23	1	904	572	1481	0.0	1343
4122d4b0-22dd-4431-a019-9982c59c1f9a	NR_041799.1	93.398	924	27	27	1	904	559	1468	0.0	1338
4122d4b0-22dd-4431-a019-9982c59c1f9a	NR_116899.1	93.391	923	29	23	1	904	546	1455	0.0	1338
4122d4b0-22dd-4431-a019-9982c59c1f9a	NR_117823.1	93.398	924	27	27	1	904	531	1440	0.0	1338
4122d4b0-22dd-4431-a019-9982c59c1f9a	NR_197749.1	93.384	922	31	24	1	904	581	1490	0.0	1338
7a08801d-9884-4516-8080-b26b88c814ad	NR_113570.1	94.515	711	23	14	1	703	792	1494	0.0	1083
7a08801d-9884-4516-8080-b26b88c814ad	NR_043332.1	94.366	710	25	13	1	703	785	1486	0.0	1079
7a08801d-9884-4516-8080-b26b88c814ad	NR_074980.1	94.366	710	25	13	1	703	812	1513	0.0	1075
7a08801d-9884-4516-8080-b26b88c814ad	NR_113031.1	94.366	710	25	13	1	703	812	1513	0.0	1075
7a08801d-9884-4516-8080-b26b88c814ad	NR_115355.1	94.085	710	27	13	1	703	785	1486	0.0	1064
d6f7eeec-767f-47af-bf66-08dad8a1fd34	NR_043464.1	92.729	1004	36	31	2	985	456	1442	0.0	1415
d6f7eeec-767f-47af-bf66-08dad8a1fd34	NR_181682.1	91.434	1004	49	31	2	985	480	1466	0.0	1343
d6f7eeec-767f-47af-bf66-08dad8a1fd34	NR_181560.1	91.144	1005	49	34	2	985	477	1462	0.0	1327
d6f7eeec-767f-47af-bf66-08dad8a1fd34	NR_074505.1	91.036	1004	50	34	2	985	482	1465	0.0	1319
d6f7eeec-767f-47af-bf66-08dad8a1fd34	NR_113563.1	91.036	1004	50	34	2	985	482	1465	0.0	1319
aebe1b82-4933-4506-b35a-867cd557ccc4	NR_156072.1	93.355	617	20	16	1	611	1452	851	0.0	893
aebe1b82-4933-4506-b35a-867cd557ccc4	NR_024842.1	93.475	613	19	16	5	611	1443	846	0.0	891
aebe1b82-4933-4506-b35a-867cd557ccc4	NR_115735.1	93.475	613	19	16	5	611	1419	822	0.0	891
aebe1b82-4933-4506-b35a-867cd557ccc4	NR_179385.1	93.344	616	20	16	1	610	1454	854	0.0	891
aebe1b82-4933-4506-b35a-867cd557ccc4	NR_180875.1	93.475	613	19	16	5	611	1407	810	0.0	891
27f00295-34d7-4db1-b59b-a32682ed632c	NR_113570.1	91.040	1183	53	40	1	1143	321	1490	0.0	1548
27f00295-34d7-4db1-b59b-a32682ed632c	NR_074980.1	90.948	1182	55	39	1	1143	341	1509	0.0	1543
27f00295-34d7-4db1-b59b-a32682ed632c	NR_113031.1	90.948	1182	55	39	1	1143	341	1509	0.0	1543
27f00295-34d7-4db1-b59b-a32682ed632c	NR_043332.1	90.778	1182	57	39	1	1143	314	1482	0.0	1537
27f00295-34d7-4db1-b59b-a32682ed632c	NR_044091.1	91.763	1129	46	35	1	1094	228	1344	0.0	1526
a8120a01-992f-41aa-a056-e66e6c3d0c0e	NR_117694.1	97.245	1234	23	11	1	1228	239	1467	0.0	2080
a8120a01-992f-41aa-a056-e66e6c3d0c0e	NR_121687.1	96.759	1234	29	11	1	1228	259	1487	0.0	2047
a8120a01-992f-41aa-a056-e66e6c3d0c0e	NR_025892.1	96.091	1228	36	12	1	1222	265	1486	0.0	2015
a8120a01-992f-41aa-a056-e66e6c3d0c0e	NR_117692.1	96.278	1236	31	14	1	1228	239	1467	0.0	2013
a8120a01-992f-41aa-a056-e66e6c3d0c0e	NR_026079.2	96.402	1223	36	8	10	1228	276	1494	0.0	2008
b6e22e15-f13e-45c9-8299-7df05afe3353	NR_199513.1	94.664	1087	34	18	1	1073	1094	18	0.0	1664
b6e22e15-f13e-45c9-8299-7df05afe3353	NR_156986.1	94.567	1086	33	22	1	1071	1075	1	0.0	1655
b6e22e15-f13e-45c9-8299-7df05afe3353	NR_156987.1	94.475	1086	34	22	1	1071	1075	1	0.0	1650
b6e22e15-f13e-45c9-8299-7df05afe3353	NR_199514.1	94.475	1086	34	22	1	1071	1087	13	0.0	1650
b6e22e15-f13e-45c9-8299-7df05afe3353	NR_024901.1	94.383	1086	35	22	1	1071	1080	6	0.0	1644
bdb542a1-b1d6-4c60-9f92-1ef6f562db34	NR_041799.1	96.222	397	11	4	1	395	967	1361	0.0	647
bdb542a1-b1d6-4c60-9f92-1ef6f562db34	NR_043314.1	96.222	397	11	4	1	395	985	1379	0.0	647
bdb542a1-b1d6-4c60-9f92-1ef6f562db34	NR_041953.1	96.222	397	11	4	1	395	967	1361	0.0	647
bdb542a1-b1d6-4c60-9f92-1ef6f562db34	NR_042541.1	96.222	397	11	4	1	395	967	1361	0.0	647
bdb542a1-b1d6-4c60-9f92-1ef6f562db34	NR_114227.1	96.222	397	11	4	1	395	967	1361	0.0	647
208975e8-6f66-4bd1-919e-ec3f9316aa85	NR_199513.1	92.641	1386	57	36	9	1367	123	1490	0.0	1953
208975e8-6f66-4bd1-919e-ec3f9316aa85	NR_181891.1	92.413	1384	64	32	9	1367	119	1486	0.0	1936
208975e8-6f66-4bd1-919e-ec3f9316aa85	NR_024928.1	92.347	1385	63	34	9	1367	109	1476	0.0	1932
208975e8-6f66-4bd1-919e-ec3f9316aa85	NR_113600.1	92.571	1373	58	36	9	1356	96	1449	0.0	1932
208975e8-6f66-4bd1-919e-ec3f9316aa85	NR_041953.1	92.341	1384	65	32	9	1367	96	1463	0.0	1930
d87848fe-b9b6-4363-9b04-86ada6d948ac	NR_165737.1	94.609	946	22	20	4	935	931	1	0.0	1437
d87848fe-b9b6-4363-9b04-86ada6d948ac	NR_178515.1	94.609	946	22	20	4	935	931	1	0.0	1437
d87848fe-b9b6-4363-9b04-86ada6d948ac	NR_024842.1	93.403	955	34	24	4	944	946	7	0.0	1391
d87848fe-b9b6-4363-9b04-86ada6d948ac	NR_115241.1	93.552	946	32	24	4	935	931	1	0.0	1382
d87848fe-b9b6-4363-9b04-86ada6d948ac	NR_109720.1	93.404	940	33	21	4	929	925	1	0.0	1365
cccd156a-aad9-4de6-a612-8f47ecfbf8e3	NR_179385.1	92.148	1057	42	31	5	1037	459	1498	0.0	1454
cccd156a-aad9-4de6-a612-8f47ecfbf8e3	NR_199545.1	92.148	1057	42	31	5	1037	455	1494	0.0	1454
cccd156a-aad9-4de6-a612-8f47ecfbf8e3	NR_028664.1	91.864	1057	46	28	5	1037	458	1498	0.0	1439
cccd156a-aad9-4de6-a612-8f47ecfbf8e3	NR_179383.1	91.864	1057	46	30	5	1037	462	1502	0.0	1439
cccd156a-aad9-4de6-a612-8f47ecfbf8e3	NR_028665.1	91.864	1057	45	31	5	1037	452	1491	0.0	1437
e58a477a-3c29-487e-8517-134d63f6db42	NR_181838.1	89.596	1288	76	48	1	1255	1277	15	0.0	1583
e58a477a-3c29-487e-8517-134d63f6db42	NR_126220.1	89.626	1282	75	48	1	1249	1260	4	0.0	1578
e58a477a-3c29-487e-8517-134d63f6db42	NR_024918.1	89.470	1282	77	49	1	1249	1267	11	0.0	1576
e58a477a-3c29-487e-8517-134d63f6db42	NR_181703.1	89.441	1288	78	48	1	1255	1281	19	0.0	1572
e58a477a-3c29-487e-8517-134d63f6db42	NR_181890.1	89.449	1289	76	51	1	1255	1277	15	0.0	1572
8a81c32d-babd-48a2-9b82-d6365a5bad05	NR_117701.1	93.633	911	31	20	1	893	566	1467	0.0	1336
8a81c32d-babd-48a2-9b82-d6365a5bad05	NR_121688.1	93.524	911	32	20	1	893	586	1487	0.0	1330
8a81c32d-babd-48a2-9b82-d6365a5bad05	NR_117696.1	93.414	911	33	20	1	893	553	1454	0.0	1325
8a81c32d-babd-48a2-9b82-d6365a5bad05	NR_117717.1	93.304	911	33	21	1	893	587	1487	0.0	1319
8a81c32d-babd-48a2-9b82-d6365a5bad05	NR_104947.1	93.318	898	33	20	1	880	539	1427	0.0	1301
a4ef3828-0124-453c-ac09-2d4def68fa0d	NR_025892.1	96.618	207	3	2	1	203	678	884	1.64e-93	340
a4ef3828-0124-453c-ac09-2d4def68fa0d	NR_121687.1	96.635	208	1	4	1	203	673	879	1.64e-93	340
a4ef3828-0124-453c-ac09-2d4def68fa0d	NR_041989.1	96.618	207	3	2	1	203	611	817	1.64e-93	340
a4ef3828-0124-453c-ac09-2d4def68fa0d	NR_117694.1	96.618	207	3	2	1	203	653	859	1.64e-93	340
a4ef3828-0124-453c-ac09-2d4def68fa0d	NR_041988.1	96.135	207	4	2	1	203	611	817	7.61e-92	335
7cf1d854-1323-4361-a70a-c1f70eb9713f	NR_025689.1	91.667	84	5	2	1	83	1402	1484	3.88e-26	115
7cf1d854-1323-4361-a70a-c1f70eb9713f	NR_025036.1	91.667	84	5	2	1	83	1411	1493	3.88e-26	115
7cf1d854-1323-4361-a70a-c1f70eb9713f	NR_044912.1	91.667	84	5	2	1	83	1347	1429	3.88e-26	115
7cf1d854-1323-4361-a70a-c1f70eb9713f	NR_134817.1	91.667	84	5	2	1	83	1405	1487	3.88e-26	115
7cf1d854-1323-4361-a70a-c1f70eb9713f	NR_179540.1	91.667	84	5	2	1	83	1410	1492	3.88e-26	115
e3cd5526-ae4e-4cff-b475-04818d5783a9	NR_199531.1	92.857	462	23	6	42	498	1036	1492	0.0	662
e3cd5526-ae4e-4cff-b475-04818d5783a9	NR_026097.1	90.562	498	34	9	7	498	980	1470	0.0	649
e3cd5526-ae4e-4cff-b475-04818d5783a9	NR_116742.1	88.577	499	40	12	9	498	992	1482	3.88e-168	590
e3cd5526-ae4e-4cff-b475-04818d5783a9	NR_179628.1	89.871	464	33	10	37	494	999	1454	1.81e-166	584
e3cd5526-ae4e-4cff-b475-04818d5783a9	NR_134096.1	89.417	463	37	8	42	498	1019	1475	3.91e-163	573
a5d90881-8361-4e83-af62-da9968e41f61	NR_024912.1	94.136	631	15	17	6	624	627	7	0.0	941
a5d90881-8361-4e83-af62-da9968e41f61	NR_156986.1	94.136	631	15	17	6	624	622	2	0.0	941
a5d90881-8361-4e83-af62-da9968e41f61	NR_037092.1	93.858	635	18	16	1	624	636	12	0.0	937
a5d90881-8361-4e83-af62-da9968e41f61	NR_024901.1	93.978	631	16	18	6	624	627	7	0.0	935
a5d90881-8361-4e83-af62-da9968e41f61	NR_024928.1	93.978	631	16	18	6	624	627	7	0.0	935
2a923a72-d538-4ca2-a7cd-e2451b252a74	NR_117719.1	93.563	1134	44	24	1	1116	1136	14	0.0	1663
2a923a72-d538-4ca2-a7cd-e2451b252a74	NR_175455.1	93.451	1130	46	23	1	1113	1124	6	0.0	1652
2a923a72-d538-4ca2-a7cd-e2451b252a74	NR_042928.1	93.416	1124	46	22	4	1110	1113	1	0.0	1640
2a923a72-d538-4ca2-a7cd-e2451b252a74	NR_199545.1	93.122	1134	49	23	1	1116	1136	14	0.0	1635
2a923a72-d538-4ca2-a7cd-e2451b252a74	NR_179385.1	93.034	1134	50	23	1	1116	1140	18	0.0	1629
23d03267-7fd1-48f8-9aec-3545eb55367c	NR_179337.1	97.188	1387	18	18	1	1378	97	1471	0.0	2326
23d03267-7fd1-48f8-9aec-3545eb55367c	NR_028986.1	97.044	1387	20	18	1	1378	93	1467	0.0	2314
23d03267-7fd1-48f8-9aec-3545eb55367c	NR_024911.1	96.972	1387	21	18	1	1378	106	1480	0.0	2309
23d03267-7fd1-48f8-9aec-3545eb55367c	NR_028987.1	96.972	1387	21	18	1	1378	93	1467	0.0	2309
23d03267-7fd1-48f8-9aec-3545eb55367c	NR_025174.1	96.972	1387	19	20	1	1378	101	1473	0.0	2307
9955fcdb-9caf-4090-9f2a-77e36c36179b	NR_199513.1	94.163	514	15	15	12	515	738	230	0.0	769
9955fcdb-9caf-4090-9f2a-77e36c36179b	NR_041953.1	93.969	514	16	15	12	515	711	203	0.0	763
9955fcdb-9caf-4090-9f2a-77e36c36179b	NR_152710.1	93.969	514	16	15	12	515	692	184	0.0	763
9955fcdb-9caf-4090-9f2a-77e36c36179b	NR_178447.1	93.969	514	16	15	12	515	645	137	0.0	763
9955fcdb-9caf-4090-9f2a-77e36c36179b	NR_178854.1	93.969	514	16	15	12	515	711	203	0.0	763
fde718ca-4a02-4033-8edb-ec7c92e5d1a8	NR_156986.1	87.988	999	59	47	1	973	964	1	0.0	1123
fde718ca-4a02-4033-8edb-ec7c92e5d1a8	NR_024901.1	87.888	999	60	47	1	973	969	6	0.0	1118
fde718ca-4a02-4033-8edb-ec7c92e5d1a8	NR_024928.1	87.888	999	60	47	1	973	969	6	0.0	1118
fde718ca-4a02-4033-8edb-ec7c92e5d1a8	NR_156987.1	87.888	999	60	47	1	973	964	1	0.0	1118
fde718ca-4a02-4033-8edb-ec7c92e5d1a8	NR_199514.1	87.888	999	60	47	1	973	976	13	0.0	1118
3b599264-fb3e-4528-ba0c-39b3b6290484	NR_199545.1	95.129	1314	25	29	2	1291	194	1492	0.0	2036
3b599264-fb3e-4528-ba0c-39b3b6290484	NR_179385.1	95.053	1314	26	29	2	1291	198	1496	0.0	2030
3b599264-fb3e-4528-ba0c-39b3b6290484	NR_117719.1	94.909	1316	27	30	1	1291	193	1493	0.0	2023
3b599264-fb3e-4528-ba0c-39b3b6290484	NR_165744.1	95.038	1310	26	29	2	1287	183	1477	0.0	2023
3b599264-fb3e-4528-ba0c-39b3b6290484	NR_175455.1	94.913	1317	26	31	1	1291	181	1482	0.0	2023
56c109c1-322f-4dab-98e6-b7b6fdceca8e	NR_199513.1	90.735	1306	67	47	1	1276	1300	19	0.0	1692
56c109c1-322f-4dab-98e6-b7b6fdceca8e	NR_178976.1	90.734	1295	68	48	1	1266	1272	1	0.0	1681
56c109c1-322f-4dab-98e6-b7b6fdceca8e	NR_156986.1	90.567	1304	71	48	1	1275	1281	1	0.0	1679
56c109c1-322f-4dab-98e6-b7b6fdceca8e	NR_199514.1	90.567	1304	71	48	1	1275	1293	13	0.0	1679
56c109c1-322f-4dab-98e6-b7b6fdceca8e	NR_024928.1	90.491	1304	72	48	1	1275	1286	6	0.0	1676
d7dd73e8-0569-4215-9e4e-547f0c11ebeb	NR_044091.1	91.959	883	30	28	17	869	462	1333	0.0	1199
d7dd73e8-0569-4215-9e4e-547f0c11ebeb	NR_074980.1	91.733	883	31	29	17	869	575	1445	0.0	1188
d7dd73e8-0569-4215-9e4e-547f0c11ebeb	NR_113031.1	91.733	883	31	29	17	869	575	1445	0.0	1188
d7dd73e8-0569-4215-9e4e-547f0c11ebeb	NR_113570.1	91.506	883	33	29	17	869	555	1425	0.0	1177
d7dd73e8-0569-4215-9e4e-547f0c11ebeb	NR_043332.1	91.393	883	34	29	17	869	548	1418	0.0	1175
9c96c60d-bbb8-4d66-90c9-69650c92b2e6	NR_175455.1	92.920	226	11	2	65	286	227	3	2.42e-88	324
9c96c60d-bbb8-4d66-90c9-69650c92b2e6	NR_117719.1	92.544	228	12	2	65	288	239	13	8.71e-88	322
9c96c60d-bbb8-4d66-90c9-69650c92b2e6	NR_199545.1	92.105	228	13	2	65	288	239	13	4.05e-86	316
9c96c60d-bbb8-4d66-90c9-69650c92b2e6	NR_179385.1	91.667	228	14	2	65	288	243	17	1.88e-84	311
9c96c60d-bbb8-4d66-90c9-69650c92b2e6	NR_165741.1	91.228	228	15	2	65	288	228	2	8.77e-83	305
17394d98-513c-4844-8b7c-66f70d2798f7	NR_114395.1	93.966	1392	31	35	1	1354	100	1476	0.0	2056
17394d98-513c-4844-8b7c-66f70d2798f7	NR_041983.1	94.178	1357	30	31	1	1323	68	1409	0.0	2025
17394d98-513c-4844-8b7c-66f70d2798f7	NR_179528.1	93.247	1392	43	31	1	1354	82	1460	0.0	2002
17394d98-513c-4844-8b7c-66f70d2798f7	NR_179535.1	92.806	1390	47	33	1	1354	102	1474	0.0	1964
17394d98-513c-4844-8b7c-66f70d2798f7	NR_119102.1	93.503	1339	40	29	1	1305	69	1394	0.0	1958
a722b5be-cf6f-464b-94cb-73ea7f9ec48b	NR_024912.1	94.898	490	12	9	1	482	496	12	0.0	754
a722b5be-cf6f-464b-94cb-73ea7f9ec48b	NR_156986.1	94.898	490	12	9	1	482	491	7	0.0	754
a722b5be-cf6f-464b-94cb-73ea7f9ec48b	NR_042147.1	94.877	488	12	9	1	480	483	1	0.0	750
a722b5be-cf6f-464b-94cb-73ea7f9ec48b	NR_024901.1	94.694	490	13	9	1	482	496	12	0.0	749
a722b5be-cf6f-464b-94cb-73ea7f9ec48b	NR_024928.1	94.694	490	13	9	1	482	496	12	0.0	749
75628753-c7a0-487c-856d-a09ef6671341	NR_025862.1	92.828	976	40	24	1	957	289	1253	0.0	1393
75628753-c7a0-487c-856d-a09ef6671341	NR_026454.1	92.276	971	42	27	1	949	264	1223	0.0	1347
75628753-c7a0-487c-856d-a09ef6671341	NR_028682.1	91.513	978	49	27	1	957	290	1254	0.0	1315
75628753-c7a0-487c-856d-a09ef6671341	NR_116890.1	91.309	978	51	27	1	957	278	1242	0.0	1304
75628753-c7a0-487c-856d-a09ef6671341	NR_180652.1	91.291	976	55	23	1	957	279	1243	0.0	1304
7b90e3d6-42b7-4eff-b93a-d72308b5cffe	NR_041799.1	94.235	850	30	16	1	845	628	1463	0.0	1280
7b90e3d6-42b7-4eff-b93a-d72308b5cffe	NR_116899.1	94.235	850	30	16	1	845	615	1450	0.0	1280
7b90e3d6-42b7-4eff-b93a-d72308b5cffe	NR_117823.1	94.235	850	30	16	1	845	600	1435	0.0	1280
7b90e3d6-42b7-4eff-b93a-d72308b5cffe	NR_179889.1	94.235	850	30	16	1	845	655	1490	0.0	1280
7b90e3d6-42b7-4eff-b93a-d72308b5cffe	NR_114227.1	94.229	849	30	16	1	844	628	1462	0.0	1279
a8bfa0cd-d3e4-436f-8f45-832c76b4516e	NR_117694.1	88.120	1170	85	47	7	1142	1154	5	0.0	1341
a8bfa0cd-d3e4-436f-8f45-832c76b4516e	NR_121687.1	87.521	1170	92	48	7	1142	1174	25	0.0	1303
a8bfa0cd-d3e4-436f-8f45-832c76b4516e	NR_025892.1	87.083	1169	98	47	7	1142	1179	31	0.0	1293
a8bfa0cd-d3e4-436f-8f45-832c76b4516e	NR_117692.1	87.031	1172	94	50	7	1142	1154	5	0.0	1269
a8bfa0cd-d3e4-436f-8f45-832c76b4516e	NR_041989.1	87.290	1133	89	48	7	1105	1112	1	0.0	1243
d8ae9da9-368e-42bb-834b-a2718e1e0500	NR_113600.1	94.672	1389	45	25	1	1375	89	1462	0.0	2130
d8ae9da9-368e-42bb-834b-a2718e1e0500	NR_114225.1	94.600	1389	46	25	1	1375	89	1462	0.0	2124
d8ae9da9-368e-42bb-834b-a2718e1e0500	NR_042147.1	94.532	1390	47	26	1	1376	89	1463	0.0	2119
d8ae9da9-368e-42bb-834b-a2718e1e0500	NR_113583.1	94.528	1389	47	25	1	1375	89	1462	0.0	2117
d8ae9da9-368e-42bb-834b-a2718e1e0500	NR_024901.1	94.460	1390	48	25	1	1376	102	1476	0.0	2113
8870db52-6922-4ef1-8b76-edb19e01d2f4	NR_156986.1	93.016	988	43	22	1	974	976	1	0.0	1419
8870db52-6922-4ef1-8b76-edb19e01d2f4	NR_156987.1	92.915	988	44	22	1	974	976	1	0.0	1413
8870db52-6922-4ef1-8b76-edb19e01d2f4	NR_199514.1	92.915	988	44	22	1	974	988	13	0.0	1413
8870db52-6922-4ef1-8b76-edb19e01d2f4	NR_024901.1	92.713	988	46	22	1	974	981	6	0.0	1402
8870db52-6922-4ef1-8b76-edb19e01d2f4	NR_024928.1	92.713	988	46	22	1	974	981	6	0.0	1402
84616f73-76d8-4735-9250-0931cf318e66	NR_043332.1	94.702	302	11	5	24	324	1188	1485	1.55e-130	464
84616f73-76d8-4735-9250-0931cf318e66	NR_074980.1	94.702	302	11	5	24	324	1215	1512	1.55e-130	464
84616f73-76d8-4735-9250-0931cf318e66	NR_113031.1	94.702	302	11	5	24	324	1215	1512	1.55e-130	464
84616f73-76d8-4735-9250-0931cf318e66	NR_113570.1	94.389	303	11	6	24	324	1195	1493	2.00e-129	460
84616f73-76d8-4735-9250-0931cf318e66	NR_119168.1	93.709	302	14	5	24	324	1193	1490	3.35e-127	453
ead554be-cb31-4e4a-ba2a-1b5ec285399a	NR_179385.1	93.857	879	32	18	1	863	889	17	0.0	1304
ead554be-cb31-4e4a-ba2a-1b5ec285399a	NR_199545.1	93.857	879	32	18	1	863	885	13	0.0	1304
ead554be-cb31-4e4a-ba2a-1b5ec285399a	NR_028664.1	93.515	879	35	18	1	863	888	16	0.0	1288
ead554be-cb31-4e4a-ba2a-1b5ec285399a	NR_179383.1	93.515	879	35	18	1	863	892	20	0.0	1288
ead554be-cb31-4e4a-ba2a-1b5ec285399a	NR_165744.1	93.295	880	37	18	1	864	874	1	0.0	1279
82dff437-552c-4317-9f2d-211c365996e3	NR_109720.1	94.699	698	23	14	1	693	1435	747	0.0	1072
82dff437-552c-4317-9f2d-211c365996e3	NR_165737.1	94.692	697	25	12	1	693	1441	753	0.0	1072
82dff437-552c-4317-9f2d-211c365996e3	NR_180875.1	94.692	697	25	12	1	693	1420	732	0.0	1072
82dff437-552c-4317-9f2d-211c365996e3	NR_036936.1	94.548	697	26	12	1	693	1441	753	0.0	1066
82dff437-552c-4317-9f2d-211c365996e3	NR_024842.1	94.556	698	23	15	1	693	1455	768	0.0	1064
113c2de1-2f6e-45ea-8ba3-50d475ceb70a	NR_115560.1	91.228	171	8	4	1	166	180	12	3.80e-59	226
113c2de1-2f6e-45ea-8ba3-50d475ceb70a	NR_028664.1	91.176	170	8	4	1	165	183	16	1.37e-58	224
113c2de1-2f6e-45ea-8ba3-50d475ceb70a	NR_165741.1	91.176	170	8	6	1	165	169	2	1.37e-58	224
113c2de1-2f6e-45ea-8ba3-50d475ceb70a	NR_179385.1	91.176	170	8	6	1	165	184	17	1.37e-58	224
113c2de1-2f6e-45ea-8ba3-50d475ceb70a	NR_028665.1	90.588	170	9	6	1	165	177	10	6.36e-57	219
e445c735-0306-40cd-b180-aac9c6358730	NR_156986.1	92.963	1151	52	24	10	1144	1138	1	0.0	1650
e445c735-0306-40cd-b180-aac9c6358730	NR_199513.1	92.876	1151	55	22	10	1145	1157	19	0.0	1646
e445c735-0306-40cd-b180-aac9c6358730	NR_024928.1	92.876	1151	53	24	10	1144	1143	6	0.0	1644
e445c735-0306-40cd-b180-aac9c6358730	NR_156987.1	92.876	1151	53	24	10	1144	1138	1	0.0	1644
e445c735-0306-40cd-b180-aac9c6358730	NR_178976.1	93.076	1141	51	23	10	1134	1129	1	0.0	1644
4edff59a-4465-48b9-a6c2-2b90a4b698a5	NR_043314.1	92.598	635	24	17	20	644	860	1481	0.0	891
4edff59a-4465-48b9-a6c2-2b90a4b698a5	NR_116899.1	92.598	635	24	17	20	644	829	1450	0.0	891
4edff59a-4465-48b9-a6c2-2b90a4b698a5	NR_178854.1	92.598	635	24	17	20	644	841	1462	0.0	891
4edff59a-4465-48b9-a6c2-2b90a4b698a5	NR_179889.1	92.598	635	24	17	20	644	869	1490	0.0	891
4edff59a-4465-48b9-a6c2-2b90a4b698a5	NR_041799.1	92.441	635	25	17	20	644	842	1463	0.0	885
37aa0f1d-4079-47f4-88c0-98217e0455f8	NR_117694.1	89.442	985	46	46	4	953	962	1	0.0	1190
37aa0f1d-4079-47f4-88c0-98217e0455f8	NR_041989.1	90.329	941	40	41	4	914	920	1	0.0	1186
37aa0f1d-4079-47f4-88c0-98217e0455f8	NR_121687.1	88.632	994	57	42	4	963	982	11	0.0	1158
37aa0f1d-4079-47f4-88c0-98217e0455f8	NR_121688.1	88.520	993	60	40	4	963	982	11	0.0	1153
37aa0f1d-4079-47f4-88c0-98217e0455f8	NR_117717.1	88.520	993	59	41	4	963	982	12	0.0	1151
96e70c33-894c-4a7a-89c9-bfe00692c45d	NR_113600.1	95.188	1434	28	30	7	1410	1431	9	0.0	2230
96e70c33-894c-4a7a-89c9-bfe00692c45d	NR_114225.1	95.188	1434	28	31	7	1410	1431	9	0.0	2230
96e70c33-894c-4a7a-89c9-bfe00692c45d	NR_042147.1	95.188	1434	28	31	7	1410	1431	9	0.0	2228
96e70c33-894c-4a7a-89c9-bfe00692c45d	NR_024912.1	94.835	1452	30	33	7	1428	1444	8	0.0	2224
96e70c33-894c-4a7a-89c9-bfe00692c45d	NR_178976.1	95.119	1434	29	30	7	1410	1430	8	0.0	2224
