16c48c2e-c047-4209-8def-32a473d72226	NR_024918.1	93.939	858	31	18	2	848	1368	521	0.0	1277
16c48c2e-c047-4209-8def-32a473d72226	NR_024951.1	93.939	858	31	18	2	848	1371	524	0.0	1277
16c48c2e-c047-4209-8def-32a473d72226	NR_028906.1	93.946	859	29	20	2	848	1394	547	0.0	1277
16c48c2e-c047-4209-8def-32a473d72226	NR_029042.2	93.946	859	29	20	2	848	1375	528	0.0	1277
16c48c2e-c047-4209-8def-32a473d72226	NR_117177.1	93.946	859	29	20	2	848	1373	526	0.0	1277
46144763-e0c4-40cf-ad26-2f6f0b523960	NR_179337.1	95.078	1158	32	19	1	1143	1148	1	0.0	1799
46144763-e0c4-40cf-ad26-2f6f0b523960	NR_025586.1	94.746	1161	36	19	1	1146	1152	2	0.0	1783
46144763-e0c4-40cf-ad26-2f6f0b523960	NR_025587.1	94.746	1161	36	19	1	1146	1152	2	0.0	1783
46144763-e0c4-40cf-ad26-2f6f0b523960	NR_114911.1	94.746	1161	36	19	1	1146	1167	17	0.0	1783
46144763-e0c4-40cf-ad26-2f6f0b523960	NR_179384.1	94.746	1161	36	19	1	1146	1157	7	0.0	1783
c5b0b5ab-18c1-460d-8901-5f4a4254425f	NR_199513.1	92.493	1119	47	27	6	1101	1122	18	0.0	1567
c5b0b5ab-18c1-460d-8901-5f4a4254425f	NR_156986.1	92.487	1118	45	29	6	1099	1103	1	0.0	1563
c5b0b5ab-18c1-460d-8901-5f4a4254425f	NR_156987.1	92.397	1118	46	29	6	1099	1103	1	0.0	1557
c5b0b5ab-18c1-460d-8901-5f4a4254425f	NR_199514.1	92.397	1118	46	29	6	1099	1115	13	0.0	1557
c5b0b5ab-18c1-460d-8901-5f4a4254425f	NR_037092.1	92.384	1116	45	29	6	1099	1108	11	0.0	1554
69dcd5bb-4997-4ded-bf22-1d4338ed8d13	NR_156986.1	87.737	1109	63	54	1	1048	1097	1	0.0	1227
69dcd5bb-4997-4ded-bf22-1d4338ed8d13	NR_199513.1	87.647	1109	66	53	1	1049	1116	19	0.0	1223
69dcd5bb-4997-4ded-bf22-1d4338ed8d13	NR_156987.1	87.647	1109	64	54	1	1048	1097	1	0.0	1221
69dcd5bb-4997-4ded-bf22-1d4338ed8d13	NR_199514.1	87.647	1109	64	54	1	1048	1109	13	0.0	1221
69dcd5bb-4997-4ded-bf22-1d4338ed8d13	NR_178976.1	87.901	1091	61	52	1	1031	1088	9	0.0	1218
b798c9b8-d93a-4eeb-8939-d45ec20d14ce	NR_042927.1	93.887	867	25	24	45	899	1078	228	0.0	1282
b798c9b8-d93a-4eeb-8939-d45ec20d14ce	NR_114413.1	93.887	867	25	24	45	899	1101	251	0.0	1282
b798c9b8-d93a-4eeb-8939-d45ec20d14ce	NR_114413.1	81.982	111	14	6	1019	1126	123	16	3.98e-17	89.8
b798c9b8-d93a-4eeb-8939-d45ec20d14ce	NR_115734.1	93.887	867	25	24	45	899	1079	229	0.0	1282
b798c9b8-d93a-4eeb-8939-d45ec20d14ce	NR_116210.1	93.887	867	25	24	45	899	941	91	0.0	1282
b798c9b8-d93a-4eeb-8939-d45ec20d14ce	NR_199544.1	93.887	867	25	24	45	899	1054	204	0.0	1282
