b1529dab-b83f-4a87-879d-f5d34a1afb1c	NR_179337.1	96.288	1374	29	20	5	1366	107	1470	0.0	2235
b1529dab-b83f-4a87-879d-f5d34a1afb1c	NR_028986.1	96.215	1374	30	20	5	1366	103	1466	0.0	2230
b1529dab-b83f-4a87-879d-f5d34a1afb1c	NR_028987.1	96.143	1374	31	20	5	1366	103	1466	0.0	2224
b1529dab-b83f-4a87-879d-f5d34a1afb1c	NR_025174.1	96.143	1374	29	22	5	1366	111	1472	0.0	2222
b1529dab-b83f-4a87-879d-f5d34a1afb1c	NR_117821.1	96.070	1374	32	20	5	1366	75	1438	0.0	2218
24a96d70-1d75-4f19-98a0-b46da3acefe7	NR_125571.1	95.033	765	21	16	9	763	758	1	0.0	1190
24a96d70-1d75-4f19-98a0-b46da3acefe7	NR_125570.1	95.712	723	14	16	9	721	716	1	0.0	1147
24a96d70-1d75-4f19-98a0-b46da3acefe7	NR_029097.1	94.467	741	24	16	9	739	734	1	0.0	1125
24a96d70-1d75-4f19-98a0-b46da3acefe7	NR_151895.1	86.565	789	82	22	9	783	779	1	0.0	848
24a96d70-1d75-4f19-98a0-b46da3acefe7	NR_144617.1	86.439	789	85	21	9	782	783	2	0.0	845
1c059941-ad03-455c-9e53-cc363d123b1b	NR_027192.1	89.130	460	36	12	4	456	1025	1477	2.78e-159	560
1c059941-ad03-455c-9e53-cc363d123b1b	NR_116657.1	88.913	460	37	12	4	456	1015	1467	9.99e-159	558
1c059941-ad03-455c-9e53-cc363d123b1b	NR_181611.1	88.913	460	37	12	4	456	1042	1494	1.29e-157	555
1c059941-ad03-455c-9e53-cc363d123b1b	NR_044245.1	88.745	462	38	12	2	456	1013	1467	4.65e-157	553
1c059941-ad03-455c-9e53-cc363d123b1b	NR_025116.1	88.578	464	36	15	1	456	1034	1488	2.16e-155	547
91836dc2-db88-44cd-b963-14816cf0afc2	NR_156986.1	95.276	1270	31	25	1	1255	1256	1	0.0	1986
91836dc2-db88-44cd-b963-14816cf0afc2	NR_024928.1	95.197	1270	32	25	1	1255	1261	6	0.0	1980
91836dc2-db88-44cd-b963-14816cf0afc2	NR_156987.1	95.197	1270	32	25	1	1255	1256	1	0.0	1980
91836dc2-db88-44cd-b963-14816cf0afc2	NR_178976.1	95.400	1261	29	25	1	1246	1247	1	0.0	1980
91836dc2-db88-44cd-b963-14816cf0afc2	NR_199514.1	95.197	1270	32	25	1	1255	1268	13	0.0	1980
2d009706-ee76-4be3-b65e-96115701c006	NR_043314.1	97.028	471	7	4	10	475	1017	1485	0.0	785
2d009706-ee76-4be3-b65e-96115701c006	NR_114749.1	97.028	471	7	4	10	475	1019	1487	0.0	785
2d009706-ee76-4be3-b65e-96115701c006	NR_116899.1	97.028	471	7	4	10	475	986	1454	0.0	785
2d009706-ee76-4be3-b65e-96115701c006	NR_178854.1	97.028	471	7	4	10	475	998	1466	0.0	785
2d009706-ee76-4be3-b65e-96115701c006	NR_179889.1	97.028	471	7	4	10	475	1026	1494	0.0	785
3471d7a0-cc92-4998-8e66-8036d61a220d	NR_156986.1	94.279	1206	45	22	1	1190	1198	1	0.0	1823
3471d7a0-cc92-4998-8e66-8036d61a220d	NR_199513.1	94.205	1208	44	23	1	1191	1217	19	0.0	1820
3471d7a0-cc92-4998-8e66-8036d61a220d	NR_024927.1	94.191	1205	48	20	1	1190	1203	6	0.0	1818
3471d7a0-cc92-4998-8e66-8036d61a220d	NR_024928.1	94.196	1206	46	22	1	1190	1203	6	0.0	1818
3471d7a0-cc92-4998-8e66-8036d61a220d	NR_156987.1	94.196	1206	46	22	1	1190	1198	1	0.0	1818
507988ab-bc08-4a7c-bae6-8f7c5147e578	NR_199513.1	96.489	997	13	18	1	981	1018	28	0.0	1628
507988ab-bc08-4a7c-bae6-8f7c5147e578	NR_156986.1	96.393	998	12	18	1	981	999	9	0.0	1622
507988ab-bc08-4a7c-bae6-8f7c5147e578	NR_178976.1	96.389	997	12	18	1	980	990	1	0.0	1620
507988ab-bc08-4a7c-bae6-8f7c5147e578	NR_113600.1	96.293	998	13	18	1	981	991	1	0.0	1618
507988ab-bc08-4a7c-bae6-8f7c5147e578	NR_156987.1	96.293	998	13	18	1	981	999	9	0.0	1616
d1fcd82f-342f-4646-ab99-4f73a8fe61fc	NR_027214.1	94.730	1480	41	31	4	1465	8	1468	0.0	2266
d1fcd82f-342f-4646-ab99-4f73a8fe61fc	NR_165744.1	94.730	1480	41	31	4	1465	17	1477	0.0	2266
d1fcd82f-342f-4646-ab99-4f73a8fe61fc	NR_028664.1	94.609	1484	44	30	4	1469	31	1496	0.0	2265
d1fcd82f-342f-4646-ab99-4f73a8fe61fc	NR_179383.1	94.609	1484	44	30	4	1469	35	1500	0.0	2265
d1fcd82f-342f-4646-ab99-4f73a8fe61fc	NR_199545.1	94.609	1484	43	32	4	1469	28	1492	0.0	2263
93ef37f4-e373-480e-8798-c3b1ab1ab6e5	NR_156986.1	89.593	836	40	34	1	805	832	13	0.0	1018
93ef37f4-e373-480e-8798-c3b1ab1ab6e5	NR_178976.1	89.593	836	40	34	1	805	823	4	0.0	1018
93ef37f4-e373-480e-8798-c3b1ab1ab6e5	NR_113600.1	89.474	836	41	34	1	805	824	5	0.0	1014
93ef37f4-e373-480e-8798-c3b1ab1ab6e5	NR_156987.1	89.474	836	41	34	1	805	832	13	0.0	1013
93ef37f4-e373-480e-8798-c3b1ab1ab6e5	NR_024901.1	89.354	836	42	34	1	805	837	18	0.0	1007
954f9a8f-ad2c-45ba-a358-18849c2b9095	NR_179889.1	91.720	1087	47	35	1	1062	422	1490	0.0	1469
954f9a8f-ad2c-45ba-a358-18849c2b9095	NR_178854.1	91.628	1087	47	36	1	1062	395	1462	0.0	1463
954f9a8f-ad2c-45ba-a358-18849c2b9095	NR_041953.1	91.536	1087	49	35	1	1062	395	1463	0.0	1458
954f9a8f-ad2c-45ba-a358-18849c2b9095	NR_042541.1	91.536	1087	49	35	1	1062	395	1463	0.0	1458
954f9a8f-ad2c-45ba-a358-18849c2b9095	NR_178447.1	91.444	1087	50	35	1	1062	329	1397	0.0	1452
ecb387bf-e3b3-40b6-a351-b30f7bda085f	NR_136788.1	89.836	610	39	18	9	609	879	1474	0.0	761
ecb387bf-e3b3-40b6-a351-b30f7bda085f	NR_026230.1	86.786	613	52	20	9	609	857	1452	0.0	660
ecb387bf-e3b3-40b6-a351-b30f7bda085f	NR_025052.1	83.225	614	72	24	9	609	857	1452	2.29e-151	534
ecb387bf-e3b3-40b6-a351-b30f7bda085f	NR_113088.1	83.225	614	72	24	9	609	869	1464	2.29e-151	534
ecb387bf-e3b3-40b6-a351-b30f7bda085f	NR_152035.1	83.034	613	75	22	9	609	882	1477	1.07e-149	529
a32ed4b7-4b79-49ce-a78a-aab24487c6d1	NR_024912.1	96.296	594	14	7	9	596	597	6	0.0	968
a32ed4b7-4b79-49ce-a78a-aab24487c6d1	NR_156986.1	96.296	594	14	7	9	596	592	1	0.0	968
a32ed4b7-4b79-49ce-a78a-aab24487c6d1	NR_024901.1	96.128	594	15	7	9	596	597	6	0.0	963
a32ed4b7-4b79-49ce-a78a-aab24487c6d1	NR_024928.1	96.128	594	15	7	9	596	597	6	0.0	963
a32ed4b7-4b79-49ce-a78a-aab24487c6d1	NR_156987.1	96.128	594	15	7	9	596	592	1	0.0	963
e2231ac9-5b93-4158-bffc-e7c9c23b72c4	NR_024912.1	97.656	512	7	4	9	519	512	5	0.0	874
e2231ac9-5b93-4158-bffc-e7c9c23b72c4	NR_037092.1	97.652	511	8	3	9	519	516	10	0.0	874
e2231ac9-5b93-4158-bffc-e7c9c23b72c4	NR_156986.1	97.652	511	7	4	9	518	507	1	0.0	872
e2231ac9-5b93-4158-bffc-e7c9c23b72c4	NR_024901.1	97.461	512	8	4	9	519	512	5	0.0	869
e2231ac9-5b93-4158-bffc-e7c9c23b72c4	NR_024928.1	97.461	512	8	4	9	519	512	5	0.0	869
4867edac-a1bc-4ebe-a355-1e62039fcffc	NR_125571.1	87.322	631	47	30	1	610	619	1	0.0	693
4867edac-a1bc-4ebe-a355-1e62039fcffc	NR_125570.1	88.136	590	35	31	1	568	577	1	0.0	669
4867edac-a1bc-4ebe-a355-1e62039fcffc	NR_029097.1	86.491	607	49	30	1	586	595	1	0.0	636
4867edac-a1bc-4ebe-a355-1e62039fcffc	NR_044289.1	80.619	614	78	32	31	617	604	5	1.84e-122	438
4867edac-a1bc-4ebe-a355-1e62039fcffc	NR_179538.1	79.938	643	86	37	1	617	650	25	8.57e-121	433
d2a0b42c-6105-4ea6-8572-c3552b28f319	NR_043314.1	97.107	553	9	7	8	557	933	1481	0.0	926
d2a0b42c-6105-4ea6-8572-c3552b28f319	NR_116899.1	97.107	553	9	7	8	557	902	1450	0.0	926
d2a0b42c-6105-4ea6-8572-c3552b28f319	NR_178854.1	97.107	553	9	7	8	557	914	1462	0.0	926
d2a0b42c-6105-4ea6-8572-c3552b28f319	NR_179889.1	97.107	553	9	7	8	557	942	1490	0.0	926
d2a0b42c-6105-4ea6-8572-c3552b28f319	NR_041799.1	96.926	553	10	7	8	557	915	1463	0.0	920
9e160b4b-a779-4eee-89e0-8d403295c0e1	NR_043314.1	97.635	296	3	3	5	300	1190	1481	8.54e-143	505
9e160b4b-a779-4eee-89e0-8d403295c0e1	NR_114749.1	97.635	296	3	3	5	300	1192	1483	8.54e-143	505
9e160b4b-a779-4eee-89e0-8d403295c0e1	NR_116899.1	97.635	296	3	3	5	300	1159	1450	8.54e-143	505
9e160b4b-a779-4eee-89e0-8d403295c0e1	NR_178854.1	97.635	296	3	3	5	300	1171	1462	8.54e-143	505
9e160b4b-a779-4eee-89e0-8d403295c0e1	NR_179889.1	97.635	296	3	3	5	300	1199	1490	8.54e-143	505
dc94bbc0-7660-4c39-89c8-c9867f0c8df8	NR_024924.1	97.152	316	6	3	1	314	851	537	1.49e-150	531
dc94bbc0-7660-4c39-89c8-c9867f0c8df8	NR_102854.1	97.152	316	6	3	1	314	860	546	1.49e-150	531
dc94bbc0-7660-4c39-89c8-c9867f0c8df8	NR_115336.1	97.152	316	6	3	1	314	846	532	1.49e-150	531
dc94bbc0-7660-4c39-89c8-c9867f0c8df8	NR_134794.1	97.152	316	6	3	1	314	803	489	1.49e-150	531
dc94bbc0-7660-4c39-89c8-c9867f0c8df8	NR_135703.1	97.152	316	6	3	1	314	872	558	1.49e-150	531
c2e07c28-cfd7-492f-8c15-ccfb5ff029c3	NR_181857.1	97.011	736	14	5	1	735	798	1526	0.0	1230
c2e07c28-cfd7-492f-8c15-ccfb5ff029c3	NR_041799.1	96.875	736	15	5	1	735	740	1468	0.0	1225
c2e07c28-cfd7-492f-8c15-ccfb5ff029c3	NR_117823.1	96.875	736	15	5	1	735	712	1440	0.0	1225
c2e07c28-cfd7-492f-8c15-ccfb5ff029c3	NR_181265.1	96.875	736	15	5	1	735	767	1495	0.0	1225
c2e07c28-cfd7-492f-8c15-ccfb5ff029c3	NR_181730.1	96.990	731	14	5	1	730	746	1469	0.0	1221
2777affd-5609-4a01-ac28-8af1df936cc6	NR_179889.1	95.956	1088	27	13	1	1080	415	1493	0.0	1749
2777affd-5609-4a01-ac28-8af1df936cc6	NR_041953.1	95.864	1088	28	13	1	1080	388	1466	0.0	1744
2777affd-5609-4a01-ac28-8af1df936cc6	NR_042541.1	95.864	1088	28	13	1	1080	388	1466	0.0	1744
2777affd-5609-4a01-ac28-8af1df936cc6	NR_178854.1	95.864	1088	27	14	1	1080	388	1465	0.0	1744
2777affd-5609-4a01-ac28-8af1df936cc6	NR_178447.1	95.772	1088	29	13	1	1080	322	1400	0.0	1738
863c9949-59cc-4175-8ca5-31ce67b36989	NR_024912.1	94.013	451	10	13	1	442	453	11	0.0	667
863c9949-59cc-4175-8ca5-31ce67b36989	NR_156986.1	94.013	451	10	13	1	442	448	6	0.0	667
863c9949-59cc-4175-8ca5-31ce67b36989	NR_024901.1	93.792	451	11	13	1	442	453	11	0.0	662
863c9949-59cc-4175-8ca5-31ce67b36989	NR_024928.1	93.792	451	11	13	1	442	453	11	0.0	662
863c9949-59cc-4175-8ca5-31ce67b36989	NR_042147.1	93.973	448	10	13	1	439	440	1	0.0	662
4821be05-4606-4dd5-ac18-93e881f231d4	NR_024842.1	90.664	557	25	21	1	541	553	8	0.0	719
4821be05-4606-4dd5-ac18-93e881f231d4	NR_115241.1	90.893	549	23	21	1	533	538	1	0.0	712
4821be05-4606-4dd5-ac18-93e881f231d4	NR_115735.1	90.556	540	23	22	1	523	529	1	0.0	689
4821be05-4606-4dd5-ac18-93e881f231d4	NR_117425.1	89.855	552	29	21	1	536	541	1	0.0	684
4821be05-4606-4dd5-ac18-93e881f231d4	NR_114413.1	89.228	557	33	21	1	541	561	16	0.0	671
6049ee2c-f2a7-46e7-8206-e05fc57f2849	NR_043314.1	95.483	487	10	10	2	481	1005	1486	0.0	767
6049ee2c-f2a7-46e7-8206-e05fc57f2849	NR_114749.1	95.483	487	10	10	2	481	1007	1488	0.0	767
6049ee2c-f2a7-46e7-8206-e05fc57f2849	NR_116899.1	95.483	487	10	10	2	481	974	1455	0.0	767
6049ee2c-f2a7-46e7-8206-e05fc57f2849	NR_178854.1	95.483	487	10	10	2	481	986	1467	0.0	767
6049ee2c-f2a7-46e7-8206-e05fc57f2849	NR_179889.1	95.483	487	10	10	2	481	1014	1495	0.0	767
f01136bc-3a88-48b5-af0e-93e85a2954a4	NR_042776.1	95.768	449	11	6	15	456	1398	951	0.0	717
f01136bc-3a88-48b5-af0e-93e85a2954a4	NR_042777.1	95.768	449	11	6	15	456	1397	950	0.0	717
f01136bc-3a88-48b5-af0e-93e85a2954a4	NR_042778.1	95.546	449	12	6	15	456	1398	951	0.0	712
f01136bc-3a88-48b5-af0e-93e85a2954a4	NR_197695.1	95.323	449	13	6	15	456	1397	950	0.0	706
f01136bc-3a88-48b5-af0e-93e85a2954a4	NR_118998.1	94.878	449	15	6	15	456	1392	945	0.0	695
1a85a07f-00a4-4a9a-911d-88d9a2243a8b	NR_024927.1	95.676	555	16	7	1	552	931	1480	0.0	885
1a85a07f-00a4-4a9a-911d-88d9a2243a8b	NR_043314.1	95.676	555	16	7	1	552	936	1485	0.0	885
1a85a07f-00a4-4a9a-911d-88d9a2243a8b	NR_042147.1	95.676	555	16	7	1	552	918	1467	0.0	885
1a85a07f-00a4-4a9a-911d-88d9a2243a8b	NR_116299.1	95.676	555	16	7	1	552	919	1468	0.0	885
1a85a07f-00a4-4a9a-911d-88d9a2243a8b	NR_116899.1	95.676	555	16	7	1	552	905	1454	0.0	885
a9e004c0-74e2-48e3-915c-e5370316631e	NR_125570.1	97.861	187	1	3	1	186	1211	1395	1.98e-87	320
a9e004c0-74e2-48e3-915c-e5370316631e	NR_125571.1	96.774	186	4	2	1	186	1253	1436	4.28e-84	309
a9e004c0-74e2-48e3-915c-e5370316631e	NR_028827.1	93.011	186	8	3	1	182	1270	1454	2.61e-71	267
a9e004c0-74e2-48e3-915c-e5370316631e	NR_042008.1	91.146	192	12	3	1	188	1280	1470	5.66e-68	255
a9e004c0-74e2-48e3-915c-e5370316631e	NR_074809.1	91.146	192	12	3	1	188	1290	1480	5.66e-68	255
cb5b526c-e49f-48f2-9d12-d256d95c585a	NR_137215.1	98.017	353	4	3	4	353	1204	852	2.06e-174	610
cb5b526c-e49f-48f2-9d12-d256d95c585a	NR_024927.1	97.734	353	5	3	4	353	1210	858	9.60e-173	604
cb5b526c-e49f-48f2-9d12-d256d95c585a	NR_025550.1	97.734	353	5	3	4	353	1199	847	9.60e-173	604
cb5b526c-e49f-48f2-9d12-d256d95c585a	NR_029063.1	97.734	353	5	3	4	353	1218	866	9.60e-173	604
cb5b526c-e49f-48f2-9d12-d256d95c585a	NR_037135.1	97.734	353	5	3	4	353	1177	825	9.60e-173	604
43b8b3e1-f6ff-4157-87dd-45c6c5d9ddcb	NR_036998.1	83.899	913	126	20	4	909	567	1465	0.0	852
43b8b3e1-f6ff-4157-87dd-45c6c5d9ddcb	NR_114793.1	83.899	913	126	20	4	909	460	1358	0.0	852
43b8b3e1-f6ff-4157-87dd-45c6c5d9ddcb	NR_042147.1	83.843	916	122	21	4	909	567	1466	0.0	848
43b8b3e1-f6ff-4157-87dd-45c6c5d9ddcb	NR_024912.1	83.734	916	123	21	4	909	580	1479	0.0	843
43b8b3e1-f6ff-4157-87dd-45c6c5d9ddcb	NR_115608.1	83.624	916	124	21	4	909	546	1445	0.0	839
fe9d6ff0-534b-4b6d-b7d0-0c2606bb7edc	NR_113600.1	94.054	1396	47	27	1	1382	89	1462	0.0	2087
fe9d6ff0-534b-4b6d-b7d0-0c2606bb7edc	NR_199513.1	93.987	1397	50	24	1	1384	116	1491	0.0	2084
fe9d6ff0-534b-4b6d-b7d0-0c2606bb7edc	NR_114225.1	93.983	1396	48	27	1	1382	89	1462	0.0	2082
fe9d6ff0-534b-4b6d-b7d0-0c2606bb7edc	NR_178447.1	93.916	1397	51	24	1	1384	23	1398	0.0	2078
fe9d6ff0-534b-4b6d-b7d0-0c2606bb7edc	NR_179889.1	93.916	1397	51	24	1	1384	116	1491	0.0	2078
4739f12f-7ac2-4887-bf6f-68e19230c1a9	NR_181857.1	96.643	715	12	8	1	713	821	1525	0.0	1177
4739f12f-7ac2-4887-bf6f-68e19230c1a9	NR_041799.1	96.503	715	13	8	1	713	763	1467	0.0	1171
4739f12f-7ac2-4887-bf6f-68e19230c1a9	NR_117823.1	96.503	715	13	8	1	713	735	1439	0.0	1171
4739f12f-7ac2-4887-bf6f-68e19230c1a9	NR_181265.1	96.503	715	13	8	1	713	790	1494	0.0	1171
4739f12f-7ac2-4887-bf6f-68e19230c1a9	NR_024918.1	96.364	715	14	8	1	713	776	1480	0.0	1166
353a15ed-45c4-4966-9908-8fee200178f3	NR_104831.1	87.879	231	20	3	1	223	1368	1138	1.13e-70	265
353a15ed-45c4-4966-9908-8fee200178f3	NR_173629.1	87.069	232	19	10	1	223	1323	1094	8.80e-67	252
353a15ed-45c4-4966-9908-8fee200178f3	NR_026059.1	86.638	232	20	9	1	223	1342	1113	4.10e-65	246
353a15ed-45c4-4966-9908-8fee200178f3	NR_026096.1	86.638	232	20	9	1	223	1322	1093	4.10e-65	246
353a15ed-45c4-4966-9908-8fee200178f3	NR_026443.1	86.638	232	20	9	1	223	1317	1088	4.10e-65	246
498ef06b-a9b7-41f5-bf64-7c8af2b663c1	NR_043314.1	96.627	593	10	9	8	593	892	1481	0.0	976
498ef06b-a9b7-41f5-bf64-7c8af2b663c1	NR_116899.1	96.627	593	10	9	8	593	861	1450	0.0	976
498ef06b-a9b7-41f5-bf64-7c8af2b663c1	NR_178854.1	96.627	593	10	9	8	593	873	1462	0.0	976
498ef06b-a9b7-41f5-bf64-7c8af2b663c1	NR_179889.1	96.627	593	10	9	8	593	901	1490	0.0	976
498ef06b-a9b7-41f5-bf64-7c8af2b663c1	NR_041799.1	96.459	593	11	9	8	593	874	1463	0.0	970
f6128fdb-f942-42da-817a-0fd08e0bd64f	NR_156072.1	91.370	1460	83	35	1	1436	59	1499	0.0	1958
f6128fdb-f942-42da-817a-0fd08e0bd64f	NR_199974.1	90.623	1461	93	36	1	1436	66	1507	0.0	1899
f6128fdb-f942-42da-817a-0fd08e0bd64f	NR_025453.1	90.580	1465	87	41	1	1436	39	1481	0.0	1893
f6128fdb-f942-42da-817a-0fd08e0bd64f	NR_036918.1	90.561	1462	92	37	1	1436	56	1497	0.0	1893
f6128fdb-f942-42da-817a-0fd08e0bd64f	NR_115737.1	90.634	1452	90	37	1	1426	42	1473	0.0	1886
c5c74d44-3024-4257-920a-f1bacc530abb	NR_179889.1	92.413	1173	49	36	3	1159	345	1493	0.0	1637
c5c74d44-3024-4257-920a-f1bacc530abb	NR_041953.1	92.327	1173	50	36	3	1159	318	1466	0.0	1631
c5c74d44-3024-4257-920a-f1bacc530abb	NR_042541.1	92.327	1173	50	36	3	1159	318	1466	0.0	1631
c5c74d44-3024-4257-920a-f1bacc530abb	NR_181891.1	92.327	1173	50	36	3	1159	341	1489	0.0	1631
c5c74d44-3024-4257-920a-f1bacc530abb	NR_178854.1	92.334	1174	47	39	3	1159	318	1465	0.0	1629
745a4db8-4acf-44ad-8ede-9dd07d63ae63	NR_179540.1	91.433	712	23	31	1	683	542	1244	0.0	942
745a4db8-4acf-44ad-8ede-9dd07d63ae63	NR_199547.1	91.292	712	24	31	1	683	502	1204	0.0	937
745a4db8-4acf-44ad-8ede-9dd07d63ae63	NR_112026.1	91.280	711	25	31	1	683	505	1206	0.0	935
745a4db8-4acf-44ad-8ede-9dd07d63ae63	NR_116206.1	91.152	712	25	31	1	683	447	1149	0.0	933
745a4db8-4acf-44ad-8ede-9dd07d63ae63	NR_042927.1	91.152	712	25	31	1	683	524	1226	0.0	931
068dd41b-d2c8-4643-8ffa-c378a909ee7e	NR_117694.1	96.907	776	9	10	1	764	773	1	0.0	1286
068dd41b-d2c8-4643-8ffa-c378a909ee7e	NR_121687.1	95.547	786	16	14	1	772	793	13	0.0	1240
068dd41b-d2c8-4643-8ffa-c378a909ee7e	NR_025892.1	95.026	784	23	11	1	772	798	19	0.0	1238
068dd41b-d2c8-4643-8ffa-c378a909ee7e	NR_117692.1	94.588	776	27	10	1	764	773	1	0.0	1186
068dd41b-d2c8-4643-8ffa-c378a909ee7e	NR_117717.1	94.133	784	31	10	1	772	794	14	0.0	1179
debf6877-6aa4-436f-8cb6-113a92eff143	NR_116899.1	95.506	890	22	13	1	877	566	1450	0.0	1406
debf6877-6aa4-436f-8cb6-113a92eff143	NR_042541.1	95.393	890	23	13	1	877	579	1463	0.0	1400
debf6877-6aa4-436f-8cb6-113a92eff143	NR_024918.1	95.281	890	24	13	1	877	592	1476	0.0	1395
debf6877-6aa4-436f-8cb6-113a92eff143	NR_024927.1	95.281	890	24	13	1	877	592	1476	0.0	1395
debf6877-6aa4-436f-8cb6-113a92eff143	NR_041799.1	95.281	890	24	13	1	877	579	1463	0.0	1395
28e3d570-0559-4b27-b98a-380ac16d24b9	NR_178515.1	95.745	1034	19	17	1	1022	1021	1	0.0	1642
28e3d570-0559-4b27-b98a-380ac16d24b9	NR_165737.1	95.551	1034	21	17	1	1022	1021	1	0.0	1631
28e3d570-0559-4b27-b98a-380ac16d24b9	NR_024842.1	93.960	1043	36	19	1	1030	1036	8	0.0	1555
28e3d570-0559-4b27-b98a-380ac16d24b9	NR_036936.1	94.004	1034	37	17	1	1022	1021	1	0.0	1544
28e3d570-0559-4b27-b98a-380ac16d24b9	NR_109720.1	94.163	1028	35	17	1	1016	1015	1	0.0	1543
b8be7777-86d1-487f-92b7-3bb1eca8069f	NR_179889.1	95.597	1113	29	17	3	1104	391	1494	0.0	1766
b8be7777-86d1-487f-92b7-3bb1eca8069f	NR_181891.1	95.597	1113	29	17	3	1104	387	1490	0.0	1766
b8be7777-86d1-487f-92b7-3bb1eca8069f	NR_041953.1	95.508	1113	30	17	3	1104	364	1467	0.0	1760
b8be7777-86d1-487f-92b7-3bb1eca8069f	NR_042541.1	95.508	1113	30	17	3	1104	364	1467	0.0	1760
b8be7777-86d1-487f-92b7-3bb1eca8069f	NR_199513.1	95.508	1113	30	17	3	1104	391	1494	0.0	1760
d9bb6531-71ca-4d86-b04c-a24f0aa19283	NR_074980.1	97.187	391	8	3	1	388	404	14	0.0	658
d9bb6531-71ca-4d86-b04c-a24f0aa19283	NR_113031.1	97.187	391	8	3	1	388	404	14	0.0	658
d9bb6531-71ca-4d86-b04c-a24f0aa19283	NR_163639.1	96.931	391	7	5	1	388	394	6	0.0	651
d9bb6531-71ca-4d86-b04c-a24f0aa19283	NR_119168.1	97.382	382	7	3	1	379	382	1	0.0	647
d9bb6531-71ca-4d86-b04c-a24f0aa19283	NR_119169.1	97.120	382	8	3	1	379	382	1	0.0	643
55ebf718-66cd-495c-8ad1-743711591933	NR_118155.1	92.593	351	13	9	4	349	683	1025	7.73e-139	492
55ebf718-66cd-495c-8ad1-743711591933	NR_029050.1	92.045	352	15	9	4	350	628	971	4.65e-136	483
55ebf718-66cd-495c-8ad1-743711591933	NR_169411.1	92.045	352	15	9	4	350	680	1023	4.65e-136	483
55ebf718-66cd-495c-8ad1-743711591933	NR_178340.1	92.045	352	15	9	4	350	328	671	4.65e-136	483
55ebf718-66cd-495c-8ad1-743711591933	NR_179168.1	92.045	352	15	9	4	350	683	1026	4.65e-136	483
6bcbb3bd-4eff-4d24-8abb-18c3062db1a5	NR_043314.1	91.296	494	29	12	1	484	995	1484	0.0	662
6bcbb3bd-4eff-4d24-8abb-18c3062db1a5	NR_116899.1	91.296	494	29	12	1	484	964	1453	0.0	662
6bcbb3bd-4eff-4d24-8abb-18c3062db1a5	NR_178854.1	91.296	494	29	12	1	484	976	1465	0.0	662
6bcbb3bd-4eff-4d24-8abb-18c3062db1a5	NR_179889.1	91.296	494	29	12	1	484	1004	1493	0.0	662
6bcbb3bd-4eff-4d24-8abb-18c3062db1a5	NR_041799.1	91.093	494	30	12	1	484	977	1466	0.0	656
d63240cf-6621-43af-a07c-7800cb045968	NR_179385.1	97.903	1049	13	6	6	1051	458	1500	0.0	1807
d63240cf-6621-43af-a07c-7800cb045968	NR_199545.1	97.903	1049	13	6	6	1051	454	1496	0.0	1807
d63240cf-6621-43af-a07c-7800cb045968	NR_028665.1	97.617	1049	16	6	6	1051	451	1493	0.0	1790
d63240cf-6621-43af-a07c-7800cb045968	NR_028664.1	97.524	1050	16	7	6	1051	457	1500	0.0	1786
d63240cf-6621-43af-a07c-7800cb045968	NR_165744.1	97.791	1041	14	6	6	1043	443	1477	0.0	1786
a635a244-6ac6-4dce-aa7f-f277316d631a	NR_199513.1	95.876	1067	22	19	1	1048	1082	19	0.0	1707
a635a244-6ac6-4dce-aa7f-f277316d631a	NR_156986.1	95.876	1067	20	21	1	1047	1063	1	0.0	1705
a635a244-6ac6-4dce-aa7f-f277316d631a	NR_156987.1	95.783	1067	21	21	1	1047	1063	1	0.0	1700
a635a244-6ac6-4dce-aa7f-f277316d631a	NR_199514.1	95.783	1067	21	21	1	1047	1075	13	0.0	1700
a635a244-6ac6-4dce-aa7f-f277316d631a	NR_024901.1	95.689	1067	22	21	1	1047	1068	6	0.0	1694
a6a8eff7-17fa-490a-ae3a-e4072fbfe1c3	NR_041799.1	93.800	1000	41	21	5	996	477	1463	0.0	1483
a6a8eff7-17fa-490a-ae3a-e4072fbfe1c3	NR_117823.1	93.800	1000	41	21	5	996	449	1435	0.0	1483
a6a8eff7-17fa-490a-ae3a-e4072fbfe1c3	NR_114227.1	93.794	999	41	21	5	995	477	1462	0.0	1482
a6a8eff7-17fa-490a-ae3a-e4072fbfe1c3	NR_181730.1	93.594	999	45	19	5	996	483	1469	0.0	1472
a6a8eff7-17fa-490a-ae3a-e4072fbfe1c3	NR_028986.1	93.500	1000	44	21	5	996	477	1463	0.0	1467
4d716534-13a5-4afa-bc3e-4f0db6e7b3ef	NR_179451.1	88.172	372	24	14	21	379	964	1328	8.75e-119	425
4d716534-13a5-4afa-bc3e-4f0db6e7b3ef	NR_024911.1	87.903	372	25	14	21	379	1007	1371	4.07e-117	420
4d716534-13a5-4afa-bc3e-4f0db6e7b3ef	NR_024918.1	87.903	372	25	14	21	379	1007	1371	4.07e-117	420
4d716534-13a5-4afa-bc3e-4f0db6e7b3ef	NR_025227.1	87.903	372	25	14	21	379	990	1354	4.07e-117	420
4d716534-13a5-4afa-bc3e-4f0db6e7b3ef	NR_028986.1	87.903	372	25	14	21	379	994	1358	4.07e-117	420
d7a6d968-13e3-4e77-b4a2-e4b0ca90acd2	NR_102895.1	91.111	135	5	6	1	130	153	21	2.94e-44	176
d7a6d968-13e3-4e77-b4a2-e4b0ca90acd2	NR_113113.1	90.370	135	6	6	1	130	133	1	1.37e-42	171
d7a6d968-13e3-4e77-b4a2-e4b0ca90acd2	NR_042843.1	90.551	127	6	5	1	123	125	1	6.37e-41	165
d7a6d968-13e3-4e77-b4a2-e4b0ca90acd2	NR_114305.1	88.971	136	6	8	1	130	145	13	2.96e-39	159
d7a6d968-13e3-4e77-b4a2-e4b0ca90acd2	NR_029148.1	88.550	131	8	6	5	130	149	21	4.96e-37	152
b6b754ca-2cae-4529-a59b-894597a6ab65	NR_117694.1	96.364	220	6	2	1	219	233	15	1.51e-99	361
b6b754ca-2cae-4529-a59b-894597a6ab65	NR_025892.1	95.000	220	9	2	1	219	259	41	4.22e-95	346
b6b754ca-2cae-4529-a59b-894597a6ab65	NR_117692.1	93.182	220	13	2	1	219	233	15	7.11e-88	322
b6b754ca-2cae-4529-a59b-894597a6ab65	NR_041989.1	96.354	192	5	2	1	191	191	1	1.19e-85	315
b6b754ca-2cae-4529-a59b-894597a6ab65	NR_025902.1	92.925	212	12	3	1	210	211	1	7.16e-83	305
65103722-ab22-486d-a4cc-6b2ffa4ea575	NR_116168.1	91.489	141	5	7	1	134	162	22	1.50e-47	187
65103722-ab22-486d-a4cc-6b2ffa4ea575	NR_042878.1	90.780	141	6	7	1	134	141	1	1.93e-46	183
65103722-ab22-486d-a4cc-6b2ffa4ea575	NR_118762.1	87.417	151	10	9	1	143	165	16	4.19e-43	172
65103722-ab22-486d-a4cc-6b2ffa4ea575	NR_042879.1	88.652	141	9	7	1	134	141	1	7.01e-41	165
65103722-ab22-486d-a4cc-6b2ffa4ea575	NR_042869.1	88.652	141	9	7	1	134	141	1	7.01e-41	165
93836911-dc29-4141-8836-bd01442a0feb	NR_136788.1	97.183	213	4	2	1	212	224	13	4.77e-99	359
93836911-dc29-4141-8836-bd01442a0feb	NR_113082.1	94.366	213	10	2	1	212	224	13	4.84e-89	326
93836911-dc29-4141-8836-bd01442a0feb	NR_026230.1	90.148	203	18	2	1	202	202	1	3.82e-75	279
93836911-dc29-4141-8836-bd01442a0feb	NR_152035.1	95.706	163	5	2	51	212	175	14	1.38e-69	261
93836911-dc29-4141-8836-bd01442a0feb	NR_074234.1	93.529	170	9	2	44	212	188	20	8.32e-67	252
5e53ec06-3d80-46a9-a468-cef2f3a255a4	NR_024901.1	93.607	219	2	4	1	209	222	6	2.85e-86	316
5e53ec06-3d80-46a9-a468-cef2f3a255a4	NR_024912.1	93.607	219	2	4	1	209	222	6	2.85e-86	316
5e53ec06-3d80-46a9-a468-cef2f3a255a4	NR_024928.1	93.607	219	2	4	1	209	222	6	2.85e-86	316
5e53ec06-3d80-46a9-a468-cef2f3a255a4	NR_025586.1	93.607	219	2	4	1	209	217	1	2.85e-86	316
5e53ec06-3d80-46a9-a468-cef2f3a255a4	NR_025587.1	93.607	219	2	4	1	209	217	1	2.85e-86	316
7ff34b05-bf98-45de-bcf6-e493afc5b019	NR_024841.1	92.593	135	5	5	1	133	370	501	4.02e-48	189
7ff34b05-bf98-45de-bcf6-e493afc5b019	NR_111994.1	92.593	135	5	5	1	133	302	433	4.02e-48	189
7ff34b05-bf98-45de-bcf6-e493afc5b019	NR_113260.1	92.593	135	5	5	1	133	356	487	4.02e-48	189
7ff34b05-bf98-45de-bcf6-e493afc5b019	NR_115736.1	91.852	135	6	5	1	133	303	434	5.20e-47	185
7ff34b05-bf98-45de-bcf6-e493afc5b019	NR_117425.1	91.852	135	6	5	1	133	359	490	1.87e-46	183
62f8b751-f3a4-41e1-83b7-457c3b8cfd78	NR_025892.1	96.507	229	1	6	2	223	912	684	6.41e-103	372
62f8b751-f3a4-41e1-83b7-457c3b8cfd78	NR_041989.1	96.507	229	1	6	2	223	845	617	6.41e-103	372
62f8b751-f3a4-41e1-83b7-457c3b8cfd78	NR_117694.1	96.507	229	1	6	2	223	887	659	6.41e-103	372
62f8b751-f3a4-41e1-83b7-457c3b8cfd78	NR_042976.1	96.070	229	2	5	2	223	895	667	2.98e-101	366
62f8b751-f3a4-41e1-83b7-457c3b8cfd78	NR_118697.1	96.070	229	2	5	2	223	910	682	2.98e-101	366
5b5c0914-0ffb-465b-abfc-8404f30b7823	NR_041989.1	87.464	343	13	22	9	328	1173	838	1.29e-101	368
5b5c0914-0ffb-465b-abfc-8404f30b7823	NR_028900.1	87.172	343	14	22	9	328	1173	838	6.02e-100	363
5b5c0914-0ffb-465b-abfc-8404f30b7823	NR_043458.1	87.172	343	14	22	9	328	1236	901	6.02e-100	363
5b5c0914-0ffb-465b-abfc-8404f30b7823	NR_043459.1	87.172	343	14	22	9	328	1239	904	6.02e-100	363
5b5c0914-0ffb-465b-abfc-8404f30b7823	NR_117694.1	87.172	343	14	22	9	328	1215	880	6.02e-100	363
5b116b4a-7585-4a15-bd58-5bb4b322e47d	NR_024901.1	94.350	177	3	6	1	172	182	8	8.56e-71	265
5b116b4a-7585-4a15-bd58-5bb4b322e47d	NR_024912.1	94.350	177	3	6	1	172	182	8	8.56e-71	265
5b116b4a-7585-4a15-bd58-5bb4b322e47d	NR_024928.1	94.350	177	3	6	1	172	182	8	8.56e-71	265
5b116b4a-7585-4a15-bd58-5bb4b322e47d	NR_025586.1	94.350	177	3	6	1	172	177	3	8.56e-71	265
5b116b4a-7585-4a15-bd58-5bb4b322e47d	NR_025587.1	94.350	177	3	6	1	172	177	3	8.56e-71	265
de83e7ba-cbb6-458f-b4e8-f89f3e08a34e	NR_025550.1	96.535	202	3	4	1	199	1099	899	9.79e-91	331
de83e7ba-cbb6-458f-b4e8-f89f3e08a34e	NR_042147.1	96.535	202	3	4	1	199	1097	897	9.79e-91	331
de83e7ba-cbb6-458f-b4e8-f89f3e08a34e	NR_137215.1	96.535	202	3	4	1	199	1104	904	9.79e-91	331
de83e7ba-cbb6-458f-b4e8-f89f3e08a34e	NR_197749.1	96.535	202	3	4	1	199	1119	919	9.79e-91	331
de83e7ba-cbb6-458f-b4e8-f89f3e08a34e	NR_026395.1	96.040	202	4	4	1	199	1117	917	4.56e-89	326
0d0f298c-0d28-4a5d-8016-c407190013f4	NR_041989.1	95.902	244	4	4	2	242	1100	860	1.95e-108	390
0d0f298c-0d28-4a5d-8016-c407190013f4	NR_116767.1	95.902	244	4	4	2	242	1142	902	1.95e-108	390
0d0f298c-0d28-4a5d-8016-c407190013f4	NR_028900.1	95.492	244	5	4	2	242	1100	860	9.06e-107	385
0d0f298c-0d28-4a5d-8016-c407190013f4	NR_043458.1	95.492	244	5	4	2	242	1163	923	9.06e-107	385
0d0f298c-0d28-4a5d-8016-c407190013f4	NR_043459.1	95.492	244	5	4	2	242	1166	926	9.06e-107	385
80faaf19-bf34-40b0-ad74-0439652d5755	NR_043314.1	96.565	262	5	3	16	273	1302	1041	1.31e-120	431
80faaf19-bf34-40b0-ad74-0439652d5755	NR_116905.1	96.565	262	5	3	16	273	1305	1044	1.31e-120	431
80faaf19-bf34-40b0-ad74-0439652d5755	NR_114749.1	96.565	262	5	3	16	273	1304	1043	1.31e-120	431
80faaf19-bf34-40b0-ad74-0439652d5755	NR_116899.1	96.565	262	5	3	16	273	1271	1010	1.31e-120	431
80faaf19-bf34-40b0-ad74-0439652d5755	NR_118125.1	96.565	262	5	3	16	273	1291	1030	1.31e-120	431
404484d9-7b00-4f27-8d8f-833f06c581fa	NR_025902.1	93.333	135	4	5	5	136	1313	1445	8.64e-50	195
404484d9-7b00-4f27-8d8f-833f06c581fa	NR_028844.1	93.333	135	4	5	5	136	1344	1476	8.64e-50	195
404484d9-7b00-4f27-8d8f-833f06c581fa	NR_040933.1	93.333	135	4	5	5	136	1357	1489	8.64e-50	195
404484d9-7b00-4f27-8d8f-833f06c581fa	NR_117717.1	93.333	135	4	5	5	136	1355	1487	8.64e-50	195
404484d9-7b00-4f27-8d8f-833f06c581fa	NR_121688.1	93.333	135	4	5	5	136	1355	1487	8.64e-50	195
68ae09c5-a3a3-4447-b962-d691d21a70c5	NR_114330.1	91.160	181	8	7	63	237	1300	1478	7.36e-63	239
68ae09c5-a3a3-4447-b962-d691d21a70c5	NR_174297.1	91.160	181	8	7	63	237	1297	1475	7.36e-63	239
68ae09c5-a3a3-4447-b962-d691d21a70c5	NR_178333.1	91.160	181	8	7	63	237	1311	1489	7.36e-63	239
68ae09c5-a3a3-4447-b962-d691d21a70c5	NR_178943.1	91.160	181	8	7	63	237	1313	1491	7.36e-63	239
68ae09c5-a3a3-4447-b962-d691d21a70c5	NR_179398.1	85.654	237	22	11	8	237	1252	1483	7.36e-63	239
dde56226-47e9-43aa-aaad-54b3ac5ef0aa	NR_028664.1	96.121	232	7	2	1	230	1237	1006	1.45e-104	377
dde56226-47e9-43aa-aaad-54b3ac5ef0aa	NR_042928.1	96.121	232	7	2	1	230	1214	983	1.45e-104	377
dde56226-47e9-43aa-aaad-54b3ac5ef0aa	NR_115240.1	96.121	232	7	2	1	230	1214	983	1.45e-104	377
dde56226-47e9-43aa-aaad-54b3ac5ef0aa	NR_115560.1	96.121	232	7	2	1	230	1234	1003	1.45e-104	377
dde56226-47e9-43aa-aaad-54b3ac5ef0aa	NR_115732.1	96.121	232	7	2	1	230	1216	985	1.45e-104	377
b0457d46-010e-437a-8088-377cd4224fd7	NR_040821.1	90.800	250	11	9	10	251	1207	1452	2.32e-88	324
b0457d46-010e-437a-8088-377cd4224fd7	NR_025729.1	90.800	250	11	9	10	251	1225	1470	2.32e-88	324
b0457d46-010e-437a-8088-377cd4224fd7	NR_025148.1	90.800	250	11	9	10	251	1227	1472	2.32e-88	324
b0457d46-010e-437a-8088-377cd4224fd7	NR_040820.1	90.800	250	11	9	10	251	1207	1452	2.32e-88	324
b0457d46-010e-437a-8088-377cd4224fd7	NR_113262.1	90.800	250	11	9	10	251	1207	1452	2.32e-88	324
09ab2d69-27f2-4ec4-8fff-43db93631523	NR_178796.1	96.970	66	2	0	7	72	1411	1476	4.09e-25	111
09ab2d69-27f2-4ec4-8fff-43db93631523	NR_178939.1	96.970	66	2	0	7	72	1412	1477	4.09e-25	111
09ab2d69-27f2-4ec4-8fff-43db93631523	NR_148585.1	95.455	66	3	0	7	72	1406	1471	1.90e-23	106
09ab2d69-27f2-4ec4-8fff-43db93631523	NR_044873.1	96.825	63	1	1	7	68	1403	1465	6.85e-23	104
09ab2d69-27f2-4ec4-8fff-43db93631523	NR_145857.1	93.939	66	4	0	7	72	1385	1450	8.86e-22	100
77452bc2-7822-420b-aecf-6593c578ed75	NR_125571.1	96.324	136	2	3	1	133	1301	1436	1.40e-57	220
77452bc2-7822-420b-aecf-6593c578ed75	NR_125570.1	94.891	137	3	4	1	133	1259	1395	8.43e-55	211
77452bc2-7822-420b-aecf-6593c578ed75	NR_074634.1	88.194	144	7	6	1	135	1337	1479	2.39e-40	163
77452bc2-7822-420b-aecf-6593c578ed75	NR_148619.1	88.194	144	7	6	1	135	1291	1433	2.39e-40	163
77452bc2-7822-420b-aecf-6593c578ed75	NR_180833.1	88.112	143	9	4	1	135	1323	1465	2.39e-40	163
53de9fba-b821-47b5-bbfe-795efbc1ff4b	NR_025892.1	90.141	142	8	5	2	138	1289	1149	2.46e-45	180
53de9fba-b821-47b5-bbfe-795efbc1ff4b	NR_040933.1	90.141	142	8	5	2	138	1286	1146	2.46e-45	180
53de9fba-b821-47b5-bbfe-795efbc1ff4b	NR_041988.1	90.141	142	8	5	2	138	1222	1082	2.46e-45	180
53de9fba-b821-47b5-bbfe-795efbc1ff4b	NR_104947.1	90.141	142	8	5	2	138	1237	1097	2.46e-45	180
53de9fba-b821-47b5-bbfe-795efbc1ff4b	NR_114040.1	90.141	142	8	5	2	138	1265	1125	2.46e-45	180
361ce1f4-d72e-4d0a-84ec-5ca4ea66cf7c	NR_113570.1	98.596	285	2	2	11	294	609	326	2.96e-142	503
361ce1f4-d72e-4d0a-84ec-5ca4ea66cf7c	NR_044091.1	98.596	285	2	2	11	294	516	233	2.96e-142	503
361ce1f4-d72e-4d0a-84ec-5ca4ea66cf7c	NR_042940.1	98.246	285	3	2	11	294	514	231	1.38e-140	497
361ce1f4-d72e-4d0a-84ec-5ca4ea66cf7c	NR_074980.1	98.246	285	3	2	11	294	629	346	1.38e-140	497
361ce1f4-d72e-4d0a-84ec-5ca4ea66cf7c	NR_113031.1	98.246	285	3	2	11	294	629	346	1.38e-140	497
4e99d823-301d-4686-b4ed-8c7d2c77bf13	NR_164626.1	98.630	219	1	2	1	218	219	2	2.23e-107	387
4e99d823-301d-4686-b4ed-8c7d2c77bf13	NR_024901.1	98.624	218	1	2	1	217	222	6	8.03e-107	385
4e99d823-301d-4686-b4ed-8c7d2c77bf13	NR_024912.1	98.624	218	1	2	1	217	222	6	8.03e-107	385
4e99d823-301d-4686-b4ed-8c7d2c77bf13	NR_024928.1	98.624	218	1	2	1	217	222	6	8.03e-107	385
4e99d823-301d-4686-b4ed-8c7d2c77bf13	NR_025586.1	98.624	218	1	2	1	217	217	1	8.03e-107	385
80bca252-d815-4d71-8618-c63e855a556f	NR_163639.1	91.176	306	8	12	68	357	306	4	1.76e-110	398
80bca252-d815-4d71-8618-c63e855a556f	NR_074980.1	86.807	379	19	21	1	356	383	13	2.28e-109	394
80bca252-d815-4d71-8618-c63e855a556f	NR_113031.1	86.807	379	19	21	1	356	383	13	2.28e-109	394
80bca252-d815-4d71-8618-c63e855a556f	NR_119168.1	86.721	369	18	21	1	346	361	1	1.77e-105	381
80bca252-d815-4d71-8618-c63e855a556f	NR_119169.1	86.450	369	19	21	1	346	361	1	2.29e-104	377
cdb8d8ce-da29-41ef-8c4e-c95dd43870b6	NR_165737.1	93.243	74	2	1	1	74	163	233	1.87e-23	106
cdb8d8ce-da29-41ef-8c4e-c95dd43870b6	NR_199541.1	91.892	74	3	1	1	74	139	209	8.69e-22	100
cdb8d8ce-da29-41ef-8c4e-c95dd43870b6	NR_199547.1	91.892	74	3	1	1	74	141	211	8.69e-22	100
cdb8d8ce-da29-41ef-8c4e-c95dd43870b6	NR_042928.1	90.541	74	4	1	1	74	161	231	4.04e-20	95.3
cdb8d8ce-da29-41ef-8c4e-c95dd43870b6	NR_109720.1	91.549	71	3	1	4	74	160	227	4.04e-20	95.3
c50bb0f9-3580-4d60-a1f5-bd08cd417970	NR_025902.1	97.744	133	2	1	1	132	1313	1445	8.30e-60	228
c50bb0f9-3580-4d60-a1f5-bd08cd417970	NR_028844.1	97.744	133	2	1	1	132	1344	1476	8.30e-60	228
c50bb0f9-3580-4d60-a1f5-bd08cd417970	NR_040933.1	97.744	133	2	1	1	132	1357	1489	8.30e-60	228
c50bb0f9-3580-4d60-a1f5-bd08cd417970	NR_117717.1	97.744	133	2	1	1	132	1355	1487	8.30e-60	228
c50bb0f9-3580-4d60-a1f5-bd08cd417970	NR_121688.1	97.744	133	2	1	1	132	1355	1487	8.30e-60	228
1de14264-392f-4eac-b54e-b70c803ef1cc	NR_041722.2	90.455	220	9	9	22	230	1291	1509	4.20e-75	279
1de14264-392f-4eac-b54e-b70c803ef1cc	NR_028665.1	90.455	220	9	9	22	230	1271	1489	4.20e-75	279
1de14264-392f-4eac-b54e-b70c803ef1cc	NR_028736.1	90.455	220	9	9	22	230	1280	1498	4.20e-75	279
1de14264-392f-4eac-b54e-b70c803ef1cc	NR_041721.1	90.455	220	9	9	22	230	1279	1497	4.20e-75	279
1de14264-392f-4eac-b54e-b70c803ef1cc	NR_112704.1	90.455	220	9	9	22	230	1175	1393	4.20e-75	279
7f6e2d63-f44c-4a62-acbe-8f8ba43dfb39	NR_025609.1	93.750	224	10	2	1	220	1334	1111	3.01e-91	333
7f6e2d63-f44c-4a62-acbe-8f8ba43dfb39	NR_025729.1	93.750	224	10	2	1	220	1403	1180	3.01e-91	333
7f6e2d63-f44c-4a62-acbe-8f8ba43dfb39	NR_029025.1	93.750	224	10	2	1	220	1375	1152	3.01e-91	333
7f6e2d63-f44c-4a62-acbe-8f8ba43dfb39	NR_042773.1	93.750	224	10	2	1	220	1407	1184	3.01e-91	333
7f6e2d63-f44c-4a62-acbe-8f8ba43dfb39	NR_042774.1	93.750	224	10	2	1	220	1419	1196	3.01e-91	333
5cc8bb04-bfb4-4040-bec5-a350bb633ff7	NR_152708.1	83.803	142	17	6	8	145	1214	1353	3.58e-30	130
5cc8bb04-bfb4-4040-bec5-a350bb633ff7	NR_170502.1	86.364	110	10	5	2	107	1336	1444	1.00e-25	115
5cc8bb04-bfb4-4040-bec5-a350bb633ff7	NR_114750.1	87.629	97	8	4	2	95	1263	1358	4.66e-24	110
9eff263a-1317-4860-b5bf-bb764de0f7fb	NR_025144.1	91.221	262	14	6	1	255	1446	1187	1.28e-95	348
9eff263a-1317-4860-b5bf-bb764de0f7fb	NR_114040.1	91.221	262	13	7	1	255	1444	1186	1.28e-95	348
9eff263a-1317-4860-b5bf-bb764de0f7fb	NR_164951.1	91.221	262	14	6	1	255	1465	1206	1.28e-95	348
9eff263a-1317-4860-b5bf-bb764de0f7fb	NR_025891.1	93.939	231	6	5	31	255	1439	1211	5.96e-94	342
9eff263a-1317-4860-b5bf-bb764de0f7fb	NR_025892.1	93.939	231	6	5	31	255	1438	1210	5.96e-94	342
2356c229-ae84-4a08-8228-2cf8efb1309a	NR_043314.1	97.854	233	4	1	1	233	1422	1191	8.59e-112	401
2356c229-ae84-4a08-8228-2cf8efb1309a	NR_114225.1	97.854	233	4	1	1	233	1404	1173	8.59e-112	401
2356c229-ae84-4a08-8228-2cf8efb1309a	NR_116905.1	97.854	233	4	1	1	233	1425	1194	8.59e-112	401
2356c229-ae84-4a08-8228-2cf8efb1309a	NR_114749.1	97.854	233	4	1	1	233	1424	1193	8.59e-112	401
2356c229-ae84-4a08-8228-2cf8efb1309a	NR_116899.1	97.854	233	4	1	1	233	1391	1160	8.59e-112	401
ba3faba7-3e38-4f05-b841-0f0e3c9e96aa	NR_164626.1	96.183	131	4	1	1	130	131	1	2.20e-55	213
ba3faba7-3e38-4f05-b841-0f0e3c9e96aa	NR_181570.1	96.183	131	4	1	1	130	148	18	2.20e-55	213
ba3faba7-3e38-4f05-b841-0f0e3c9e96aa	NR_024901.1	96.124	129	4	1	1	128	134	6	2.85e-54	209
ba3faba7-3e38-4f05-b841-0f0e3c9e96aa	NR_024909.1	96.124	129	4	1	1	128	134	6	2.85e-54	209
ba3faba7-3e38-4f05-b841-0f0e3c9e96aa	NR_024911.1	96.124	129	4	1	1	128	134	6	2.85e-54	209
708d7638-b95a-42ed-b4a3-a54e2541c55d	NR_025892.1	93.085	188	6	6	1	181	1450	1263	7.40e-72	268
708d7638-b95a-42ed-b4a3-a54e2541c55d	NR_025902.1	93.085	188	6	6	1	181	1403	1216	7.40e-72	268
708d7638-b95a-42ed-b4a3-a54e2541c55d	NR_040933.1	93.085	188	6	6	1	181	1447	1260	7.40e-72	268
708d7638-b95a-42ed-b4a3-a54e2541c55d	NR_104947.1	93.085	188	6	6	1	181	1398	1211	7.40e-72	268
708d7638-b95a-42ed-b4a3-a54e2541c55d	NR_114040.1	93.085	188	6	6	1	181	1426	1239	7.40e-72	268
9af754ba-ead2-46b8-89e2-6ae14936799d	NR_040859.1	96.392	194	5	2	1	193	1282	1474	7.41e-87	318
9af754ba-ead2-46b8-89e2-6ae14936799d	NR_040992.1	96.392	194	5	2	1	193	1290	1482	7.41e-87	318
9af754ba-ead2-46b8-89e2-6ae14936799d	NR_025881.1	96.392	194	5	2	1	193	1288	1480	7.41e-87	318
9af754ba-ead2-46b8-89e2-6ae14936799d	NR_026395.1	96.392	194	5	2	1	193	1290	1482	7.41e-87	318
9af754ba-ead2-46b8-89e2-6ae14936799d	NR_024662.1	96.392	194	5	2	1	193	1290	1482	7.41e-87	318
d84224ac-054e-4016-a50f-e47c9cc51324	NR_028666.1	97.605	334	3	4	1	329	1166	1499	1.18e-161	568
d84224ac-054e-4016-a50f-e47c9cc51324	NR_028833.1	97.605	334	3	4	1	329	1169	1502	1.18e-161	568
d84224ac-054e-4016-a50f-e47c9cc51324	NR_029052.1	97.605	334	3	4	1	329	1130	1463	1.18e-161	568
d84224ac-054e-4016-a50f-e47c9cc51324	NR_036918.1	97.605	334	3	4	1	329	1159	1492	1.18e-161	568
d84224ac-054e-4016-a50f-e47c9cc51324	NR_042771.1	97.605	334	3	4	1	329	1160	1493	1.18e-161	568
5d7f3906-bc7f-43f0-976f-d1f89c5b092b	NR_024901.1	98.089	157	2	1	6	161	200	44	4.62e-73	272
5d7f3906-bc7f-43f0-976f-d1f89c5b092b	NR_024912.1	98.089	157	2	1	6	161	200	44	4.62e-73	272
5d7f3906-bc7f-43f0-976f-d1f89c5b092b	NR_024928.1	98.089	157	2	1	6	161	200	44	4.62e-73	272
5d7f3906-bc7f-43f0-976f-d1f89c5b092b	NR_025102.1	98.089	157	2	1	6	161	179	23	4.62e-73	272
5d7f3906-bc7f-43f0-976f-d1f89c5b092b	NR_025103.1	98.089	157	2	1	6	161	179	23	4.62e-73	272
ddd66565-e211-45b5-9e25-5049f0e09d90	NR_137215.1	94.030	201	4	6	1	193	994	1194	9.38e-81	298
ddd66565-e211-45b5-9e25-5049f0e09d90	NR_116904.1	94.000	200	4	6	1	192	999	1198	3.37e-80	296
ddd66565-e211-45b5-9e25-5049f0e09d90	NR_024927.1	93.532	201	5	6	1	193	1000	1200	4.37e-79	292
ddd66565-e211-45b5-9e25-5049f0e09d90	NR_024928.1	93.532	201	5	6	1	193	1000	1200	4.37e-79	292
ddd66565-e211-45b5-9e25-5049f0e09d90	NR_024950.1	93.532	201	5	6	1	193	1003	1203	4.37e-79	292
83894173-c19f-4af3-a86d-08d31387fe0f	NR_037101.1	99.419	172	1	0	1	172	1304	1475	3.07e-85	313
83894173-c19f-4af3-a86d-08d31387fe0f	NR_040821.1	99.419	172	1	0	1	172	1304	1475	3.07e-85	313
83894173-c19f-4af3-a86d-08d31387fe0f	NR_025148.1	99.419	172	1	0	1	172	1324	1495	3.07e-85	313
83894173-c19f-4af3-a86d-08d31387fe0f	NR_028664.1	99.419	172	1	0	1	172	1325	1496	3.07e-85	313
83894173-c19f-4af3-a86d-08d31387fe0f	NR_028666.1	99.419	172	1	0	1	172	1328	1499	3.07e-85	313
39f95d6f-2652-47eb-b6e7-40f36d838682	NR_112077.1	96.774	31	0	1	65	94	1462	1432	1.54e-06	51.0
004806c5-c6ad-4bb0-89bd-d90b6e800381	NR_179385.1	91.235	251	9	10	4	249	259	17	4.46e-90	329
004806c5-c6ad-4bb0-89bd-d90b6e800381	NR_199545.1	91.235	251	9	10	4	249	255	13	4.46e-90	329
004806c5-c6ad-4bb0-89bd-d90b6e800381	NR_165741.1	90.837	251	10	10	4	249	244	2	2.08e-88	324
004806c5-c6ad-4bb0-89bd-d90b6e800381	NR_028664.1	90.040	251	12	10	4	249	258	16	4.49e-85	313
004806c5-c6ad-4bb0-89bd-d90b6e800381	NR_115560.1	90.000	250	12	10	7	251	252	11	1.62e-84	311
ceecd9af-edc5-4f0f-806e-f9821eeebd23	NR_181449.1	100.000	46	0	0	1	46	1207	1252	1.41e-17	86.1
ceecd9af-edc5-4f0f-806e-f9821eeebd23	NR_040859.1	100.000	45	0	0	1	45	1271	1315	5.05e-17	84.2
ceecd9af-edc5-4f0f-806e-f9821eeebd23	NR_027537.1	100.000	45	0	0	1	45	1273	1317	5.05e-17	84.2
ceecd9af-edc5-4f0f-806e-f9821eeebd23	NR_028826.1	100.000	45	0	0	1	45	1262	1306	5.05e-17	84.2
ceecd9af-edc5-4f0f-806e-f9821eeebd23	NR_040992.1	100.000	45	0	0	1	45	1279	1323	5.05e-17	84.2
b7e38513-b553-42fd-9137-291a988786c9	NR_042878.1	95.652	184	3	2	1	179	940	1123	1.44e-78	291
b7e38513-b553-42fd-9137-291a988786c9	NR_116168.1	95.652	184	3	2	1	179	961	1144	1.44e-78	291
b7e38513-b553-42fd-9137-291a988786c9	NR_118762.1	95.652	184	3	2	1	179	963	1146	1.44e-78	291
b7e38513-b553-42fd-9137-291a988786c9	NR_025338.1	95.109	184	4	2	1	179	952	1135	6.70e-77	285
b7e38513-b553-42fd-9137-291a988786c9	NR_041979.1	95.109	184	4	2	1	179	944	1127	6.70e-77	285
534ec467-9485-49ac-a95c-b687bb7cc177	NR_040859.1	90.244	205	8	6	1	199	1277	1475	1.67e-68	257
534ec467-9485-49ac-a95c-b687bb7cc177	NR_040992.1	90.244	205	8	6	1	199	1285	1483	1.67e-68	257
534ec467-9485-49ac-a95c-b687bb7cc177	NR_025881.1	90.244	205	8	6	1	199	1283	1481	1.67e-68	257
534ec467-9485-49ac-a95c-b687bb7cc177	NR_026395.1	90.244	205	8	6	1	199	1285	1483	1.67e-68	257
534ec467-9485-49ac-a95c-b687bb7cc177	NR_024662.1	90.244	205	8	6	1	199	1285	1483	1.67e-68	257
2a518a0f-195f-4c77-930a-fb1eabf8c0a5	NR_043332.1	98.901	182	1	1	1	181	1490	1309	1.69e-88	324
2a518a0f-195f-4c77-930a-fb1eabf8c0a5	NR_074980.1	98.901	182	1	1	1	181	1517	1336	1.69e-88	324
2a518a0f-195f-4c77-930a-fb1eabf8c0a5	NR_113031.1	98.901	182	1	1	1	181	1517	1336	1.69e-88	324
2a518a0f-195f-4c77-930a-fb1eabf8c0a5	NR_115354.1	98.901	182	1	1	1	181	1490	1309	1.69e-88	324
2a518a0f-195f-4c77-930a-fb1eabf8c0a5	NR_115355.1	98.901	182	1	1	1	181	1490	1309	1.69e-88	324
96c49480-fe9b-4c24-8c90-354f10150f52	NR_179385.1	93.277	238	8	3	1	230	43	280	1.47e-94	344
96c49480-fe9b-4c24-8c90-354f10150f52	NR_199545.1	93.277	238	8	3	1	230	39	276	1.47e-94	344
96c49480-fe9b-4c24-8c90-354f10150f52	NR_165741.1	92.857	238	9	3	1	230	28	265	6.83e-93	339
96c49480-fe9b-4c24-8c90-354f10150f52	NR_028664.1	92.017	238	11	3	1	230	42	279	1.48e-89	327
96c49480-fe9b-4c24-8c90-354f10150f52	NR_115240.1	92.017	238	11	3	1	230	19	256	1.48e-89	327
2886a08d-f306-47b7-ac2b-99bf7d4bfa6c	NR_040859.1	93.299	194	8	5	5	194	1281	1473	9.84e-76	281
2886a08d-f306-47b7-ac2b-99bf7d4bfa6c	NR_040992.1	93.299	194	8	5	5	194	1289	1481	9.84e-76	281
2886a08d-f306-47b7-ac2b-99bf7d4bfa6c	NR_025881.1	93.299	194	8	5	5	194	1287	1479	9.84e-76	281
2886a08d-f306-47b7-ac2b-99bf7d4bfa6c	NR_026395.1	93.299	194	8	5	5	194	1289	1481	9.84e-76	281
2886a08d-f306-47b7-ac2b-99bf7d4bfa6c	NR_024662.1	93.299	194	8	5	5	194	1289	1481	9.84e-76	281
33c3cabc-8f5e-4990-8f4b-7bb146f15c6a	NR_025892.1	98.889	90	1	0	21	110	108	19	6.65e-40	161
33c3cabc-8f5e-4990-8f4b-7bb146f15c6a	NR_117717.1	92.727	110	5	1	1	110	120	14	3.10e-38	156
33c3cabc-8f5e-4990-8f4b-7bb146f15c6a	NR_121687.1	92.727	110	5	1	1	110	119	13	3.10e-38	156
33c3cabc-8f5e-4990-8f4b-7bb146f15c6a	NR_121688.1	92.727	110	5	1	1	110	119	13	3.10e-38	156
33c3cabc-8f5e-4990-8f4b-7bb146f15c6a	NR_043459.1	96.703	91	2	1	21	110	104	14	1.44e-36	150
a42ca8c9-1a4c-4695-93c8-35c5919d878b	NR_025892.1	93.960	149	5	4	1	148	1411	1266	4.34e-58	222
a42ca8c9-1a4c-4695-93c8-35c5919d878b	NR_025902.1	93.960	149	5	4	1	148	1364	1219	4.34e-58	222
a42ca8c9-1a4c-4695-93c8-35c5919d878b	NR_040933.1	93.960	149	5	4	1	148	1408	1263	4.34e-58	222
a42ca8c9-1a4c-4695-93c8-35c5919d878b	NR_041988.1	93.960	149	5	4	1	148	1344	1199	4.34e-58	222
a42ca8c9-1a4c-4695-93c8-35c5919d878b	NR_104947.1	93.960	149	5	4	1	148	1359	1214	4.34e-58	222
db5ce7b5-d642-4e91-bf46-97d78753c624	NR_024901.1	98.864	88	0	1	1	87	208	121	2.29e-38	156
db5ce7b5-d642-4e91-bf46-97d78753c624	NR_024909.1	98.864	88	0	1	1	87	208	121	2.29e-38	156
db5ce7b5-d642-4e91-bf46-97d78753c624	NR_024912.1	98.864	88	0	1	1	87	208	121	2.29e-38	156
db5ce7b5-d642-4e91-bf46-97d78753c624	NR_024928.1	98.864	88	0	1	1	87	208	121	2.29e-38	156
db5ce7b5-d642-4e91-bf46-97d78753c624	NR_024946.1	98.864	88	0	1	1	87	203	116	2.29e-38	156
b186df36-6c37-450f-95dd-6b3237c4c16b	NR_024842.1	99.408	169	1	0	5	173	176	8	1.39e-83	307
b186df36-6c37-450f-95dd-6b3237c4c16b	NR_115241.1	99.379	161	1	0	5	165	161	1	3.90e-79	292
b186df36-6c37-450f-95dd-6b3237c4c16b	NR_114413.1	97.076	171	5	0	3	173	186	16	5.05e-78	289
b186df36-6c37-450f-95dd-6b3237c4c16b	NR_179720.1	97.590	166	4	0	8	173	178	13	6.53e-77	285
b186df36-6c37-450f-95dd-6b3237c4c16b	NR_199956.1	97.590	166	4	0	8	173	178	13	6.53e-77	285
d4c0d3e1-0ac0-45e7-88c7-dd88d7332e51	NR_113564.1	96.479	142	3	2	1	141	1327	1467	1.89e-61	233
d4c0d3e1-0ac0-45e7-88c7-dd88d7332e51	NR_043464.1	95.775	142	4	2	1	141	1304	1444	2.45e-60	230
d4c0d3e1-0ac0-45e7-88c7-dd88d7332e51	NR_074505.1	95.775	142	4	2	1	141	1327	1467	8.81e-60	228
d4c0d3e1-0ac0-45e7-88c7-dd88d7332e51	NR_113563.1	95.775	142	4	2	1	141	1327	1467	8.81e-60	228
d4c0d3e1-0ac0-45e7-88c7-dd88d7332e51	NR_181682.1	95.775	142	4	2	1	141	1328	1468	8.81e-60	228
15b3de3f-ffab-4ab2-9060-81c51ebab41f	NR_036998.1	92.216	167	8	4	1	166	1373	1211	8.18e-61	231
15b3de3f-ffab-4ab2-9060-81c51ebab41f	NR_043314.1	92.216	167	8	4	1	166	1392	1230	8.18e-61	231
15b3de3f-ffab-4ab2-9060-81c51ebab41f	NR_114225.1	92.216	167	8	4	1	166	1374	1212	8.18e-61	231
15b3de3f-ffab-4ab2-9060-81c51ebab41f	NR_114793.1	92.216	167	8	4	1	166	1266	1104	8.18e-61	231
15b3de3f-ffab-4ab2-9060-81c51ebab41f	NR_116905.1	92.216	167	8	4	1	166	1395	1233	8.18e-61	231
08abc053-ac6c-4674-b964-3ba9962dfefa	NR_025892.1	96.939	196	2	4	1	195	1292	1100	4.81e-89	326
08abc053-ac6c-4674-b964-3ba9962dfefa	NR_041989.1	96.939	196	2	4	1	195	1225	1033	4.81e-89	326
08abc053-ac6c-4674-b964-3ba9962dfefa	NR_117694.1	96.939	196	2	4	1	195	1267	1075	4.81e-89	326
08abc053-ac6c-4674-b964-3ba9962dfefa	NR_040933.1	96.429	196	3	4	1	195	1289	1097	2.24e-87	320
08abc053-ac6c-4674-b964-3ba9962dfefa	NR_104947.1	96.429	196	3	4	1	195	1240	1048	2.24e-87	320
718844bb-acb4-4fcf-89e3-0248919a6274	NR_117694.1	96.210	818	16	11	1	810	1169	359	0.0	1325
718844bb-acb4-4fcf-89e3-0248919a6274	NR_121687.1	95.721	818	20	11	1	810	1189	379	0.0	1303
718844bb-acb4-4fcf-89e3-0248919a6274	NR_025892.1	95.104	817	26	10	1	810	1194	385	0.0	1293
718844bb-acb4-4fcf-89e3-0248919a6274	NR_041988.1	95.232	818	24	11	1	810	1127	317	0.0	1280
718844bb-acb4-4fcf-89e3-0248919a6274	NR_104946.1	95.110	818	25	11	1	810	1132	322	0.0	1275
dcc4cb88-e12a-4f4e-a505-3d71e76dc360	NR_180078.1	95.043	464	13	9	1	459	1268	810	0.0	721
dcc4cb88-e12a-4f4e-a505-3d71e76dc360	NR_118155.1	94.828	464	14	9	1	459	1271	813	0.0	715
dcc4cb88-e12a-4f4e-a505-3d71e76dc360	NR_179168.1	94.828	464	14	9	1	459	1271	813	0.0	715
dcc4cb88-e12a-4f4e-a505-3d71e76dc360	NR_180737.1	94.828	464	14	9	1	459	1249	791	0.0	715
dcc4cb88-e12a-4f4e-a505-3d71e76dc360	NR_181265.1	94.828	464	14	9	1	459	1275	817	0.0	715
3bea228f-d2c6-4b68-8bcf-78e2093ceb22	NR_042776.1	95.905	464	12	5	1	461	1043	1502	0.0	745
3bea228f-d2c6-4b68-8bcf-78e2093ceb22	NR_042777.1	95.905	464	12	5	1	461	1042	1501	0.0	745
3bea228f-d2c6-4b68-8bcf-78e2093ceb22	NR_042778.1	95.474	464	14	5	1	461	1043	1502	0.0	734
3bea228f-d2c6-4b68-8bcf-78e2093ceb22	NR_118998.1	95.474	464	14	5	1	461	1037	1496	0.0	734
3bea228f-d2c6-4b68-8bcf-78e2093ceb22	NR_197695.1	95.474	464	14	5	1	461	1042	1501	0.0	734
c3df1815-5578-4903-a41c-b75db65a25e5	NR_117694.1	95.534	918	28	12	1	908	916	2	0.0	1456
c3df1815-5578-4903-a41c-b75db65a25e5	NR_025892.1	94.118	918	40	13	1	908	941	28	0.0	1404
c3df1815-5578-4903-a41c-b75db65a25e5	NR_121687.1	94.342	919	37	15	1	908	936	22	0.0	1395
c3df1815-5578-4903-a41c-b75db65a25e5	NR_117692.1	93.587	920	42	15	1	908	916	2	0.0	1356
c3df1815-5578-4903-a41c-b75db65a25e5	NR_041989.1	94.647	878	32	14	1	867	874	1	0.0	1347
62671b98-6e3f-434c-a856-c16949095a47	NR_109720.1	98.093	1101	11	8	1	1094	185	1282	0.0	1908
62671b98-6e3f-434c-a856-c16949095a47	NR_115735.1	97.911	1101	13	8	1	1094	182	1279	0.0	1897
62671b98-6e3f-434c-a856-c16949095a47	NR_116211.1	97.911	1101	13	8	1	1094	114	1211	0.0	1897
62671b98-6e3f-434c-a856-c16949095a47	NR_036936.1	98.080	1094	11	8	8	1094	198	1288	0.0	1895
62671b98-6e3f-434c-a856-c16949095a47	NR_024842.1	97.729	1101	15	8	1	1094	206	1303	0.0	1890
a79466ea-7895-4941-90bb-de286539b8c2	NR_116905.1	89.714	768	45	22	1	751	737	1487	0.0	950
a79466ea-7895-4941-90bb-de286539b8c2	NR_114911.1	89.583	768	46	22	1	751	739	1489	0.0	944
a79466ea-7895-4941-90bb-de286539b8c2	NR_025549.1	89.467	769	45	22	1	751	718	1468	0.0	939
a79466ea-7895-4941-90bb-de286539b8c2	NR_104279.1	89.323	768	48	22	1	751	728	1478	0.0	933
a79466ea-7895-4941-90bb-de286539b8c2	NR_148764.1	89.323	768	48	22	1	751	736	1486	0.0	933
0c51337d-8aaa-4cc3-b763-1fb94e1f835b	NR_156986.1	95.802	1072	24	18	2	1060	1072	9	0.0	1711
0c51337d-8aaa-4cc3-b763-1fb94e1f835b	NR_178976.1	95.798	1071	24	18	2	1059	1063	1	0.0	1709
0c51337d-8aaa-4cc3-b763-1fb94e1f835b	NR_113600.1	95.709	1072	25	18	2	1060	1064	1	0.0	1707
0c51337d-8aaa-4cc3-b763-1fb94e1f835b	NR_156987.1	95.709	1072	25	18	2	1060	1072	9	0.0	1705
0c51337d-8aaa-4cc3-b763-1fb94e1f835b	NR_199514.1	95.709	1072	25	18	2	1060	1084	21	0.0	1705
64d970cd-76b0-4eca-af63-36144dbdc2f7	NR_152678.1	95.924	368	7	5	1	366	1134	1495	2.80e-168	590
64d970cd-76b0-4eca-af63-36144dbdc2f7	NR_025453.1	95.664	369	7	6	1	366	1114	1476	1.30e-166	584
64d970cd-76b0-4eca-af63-36144dbdc2f7	NR_028666.1	95.652	368	8	5	1	366	1138	1499	1.30e-166	584
64d970cd-76b0-4eca-af63-36144dbdc2f7	NR_028833.1	95.652	368	8	5	1	366	1141	1502	1.30e-166	584
64d970cd-76b0-4eca-af63-36144dbdc2f7	NR_029052.1	95.652	368	8	5	1	366	1102	1463	1.30e-166	584
9c2cd3fd-b1b7-4aa1-b586-dd2360fa5a3a	NR_036809.1	97.059	34	1	0	1	34	1302	1269	1.74e-09	58.4
9c2cd3fd-b1b7-4aa1-b586-dd2360fa5a3a	NR_026349.1	97.059	34	1	0	1	34	1310	1277	1.74e-09	58.4
9c2cd3fd-b1b7-4aa1-b586-dd2360fa5a3a	NR_024904.1	97.059	34	1	0	1	34	1349	1316	1.74e-09	58.4
9c2cd3fd-b1b7-4aa1-b586-dd2360fa5a3a	NR_024905.1	97.059	34	1	0	1	34	1334	1301	1.74e-09	58.4
9c2cd3fd-b1b7-4aa1-b586-dd2360fa5a3a	NR_028682.1	97.059	34	1	0	1	34	1345	1312	1.74e-09	58.4
a5a6a060-9627-46dd-985d-5276d200d125	NR_113570.1	88.606	1334	78	63	1	1285	182	1490	0.0	1554
a5a6a060-9627-46dd-985d-5276d200d125	NR_074980.1	88.522	1333	80	62	1	1285	202	1509	0.0	1546
a5a6a060-9627-46dd-985d-5276d200d125	NR_113031.1	88.522	1333	80	62	1	1285	202	1509	0.0	1546
a5a6a060-9627-46dd-985d-5276d200d125	NR_043332.1	88.447	1333	81	62	1	1285	175	1482	0.0	1543
a5a6a060-9627-46dd-985d-5276d200d125	NR_115355.1	88.306	1334	81	63	1	1285	175	1482	0.0	1530
06c21829-7a27-4b0b-b645-40baccb90b13	NR_024901.1	94.737	798	22	18	1	787	802	14	0.0	1223
06c21829-7a27-4b0b-b645-40baccb90b13	NR_024928.1	94.737	798	22	18	1	787	802	14	0.0	1223
06c21829-7a27-4b0b-b645-40baccb90b13	NR_113583.1	94.737	798	22	18	1	787	789	1	0.0	1223
06c21829-7a27-4b0b-b645-40baccb90b13	NR_114225.1	94.737	798	22	18	1	787	789	1	0.0	1223
06c21829-7a27-4b0b-b645-40baccb90b13	NR_156986.1	94.737	798	22	18	1	787	797	9	0.0	1223
9c0b1c0d-91f9-4f84-a00f-fd42c17d5995	NR_117694.1	96.372	441	7	6	1	437	436	1	0.0	717
9c0b1c0d-91f9-4f84-a00f-fd42c17d5995	NR_025892.1	94.260	453	16	7	1	449	462	16	0.0	691
9c0b1c0d-91f9-4f84-a00f-fd42c17d5995	NR_121687.1	93.612	454	17	10	1	449	456	10	0.0	667
9c0b1c0d-91f9-4f84-a00f-fd42c17d5995	NR_117692.1	94.064	438	17	7	4	437	433	1	0.0	656
9c0b1c0d-91f9-4f84-a00f-fd42c17d5995	NR_117717.1	93.049	446	21	8	8	449	450	11	0.0	643
b4a7300a-3380-4ffa-9e60-d001caf16947	NR_178515.1	96.962	1251	23	15	1	1246	1245	5	0.0	2085
b4a7300a-3380-4ffa-9e60-d001caf16947	NR_165737.1	96.882	1251	24	15	1	1246	1245	5	0.0	2080
b4a7300a-3380-4ffa-9e60-d001caf16947	NR_109720.1	95.917	1249	36	15	1	1244	1239	1	0.0	2010
b4a7300a-3380-4ffa-9e60-d001caf16947	NR_024842.1	95.527	1252	39	16	1	1246	1260	20	0.0	1989
b4a7300a-3380-4ffa-9e60-d001caf16947	NR_115241.1	95.527	1252	39	16	1	1246	1245	5	0.0	1989
6fc4e8bf-076f-4aa2-b028-bcabcd980110	NR_164626.1	97.484	318	2	5	1	317	313	1	8.75e-153	538
6fc4e8bf-076f-4aa2-b028-bcabcd980110	NR_024912.1	97.468	316	2	5	1	315	316	6	1.13e-151	534
6fc4e8bf-076f-4aa2-b028-bcabcd980110	NR_028706.1	97.468	316	2	5	1	315	324	14	1.13e-151	534
6fc4e8bf-076f-4aa2-b028-bcabcd980110	NR_037092.1	97.468	316	2	5	1	315	321	11	1.13e-151	534
6fc4e8bf-076f-4aa2-b028-bcabcd980110	NR_042939.1	97.468	316	2	5	1	315	322	12	1.13e-151	534
65826b90-7cdb-4eb6-8294-ebba4b637f4d	NR_024912.1	96.627	504	8	9	11	510	512	14	0.0	828
65826b90-7cdb-4eb6-8294-ebba4b637f4d	NR_037092.1	96.620	503	9	8	11	510	516	19	0.0	828
65826b90-7cdb-4eb6-8294-ebba4b637f4d	NR_042147.1	96.627	504	8	9	11	510	499	1	0.0	828
65826b90-7cdb-4eb6-8294-ebba4b637f4d	NR_156986.1	96.627	504	8	9	11	510	507	9	0.0	828
65826b90-7cdb-4eb6-8294-ebba4b637f4d	NR_178976.1	96.620	503	8	9	11	509	498	1	0.0	826
2fa38dbf-f33a-4635-9abb-70c2ee71e4ff	NR_024918.1	91.134	485	25	15	1	475	989	1465	0.0	641
2fa38dbf-f33a-4635-9abb-70c2ee71e4ff	NR_025227.1	91.134	485	25	15	1	475	972	1448	0.0	641
2fa38dbf-f33a-4635-9abb-70c2ee71e4ff	NR_043314.1	91.134	485	25	15	1	475	994	1470	0.0	641
2fa38dbf-f33a-4635-9abb-70c2ee71e4ff	NR_116899.1	91.134	485	25	15	1	475	963	1439	0.0	641
2fa38dbf-f33a-4635-9abb-70c2ee71e4ff	NR_178854.1	91.134	485	25	15	1	475	975	1451	0.0	641
a09bcc54-d47d-4297-94f5-617663eb9de4	NR_024912.1	90.025	1223	75	37	7	1201	1210	7	0.0	1539
a09bcc54-d47d-4297-94f5-617663eb9de4	NR_156986.1	90.025	1223	75	37	7	1201	1205	2	0.0	1539
a09bcc54-d47d-4297-94f5-617663eb9de4	NR_024928.1	89.943	1223	76	35	7	1201	1210	7	0.0	1533
a09bcc54-d47d-4297-94f5-617663eb9de4	NR_156987.1	89.943	1223	76	35	7	1201	1205	2	0.0	1533
a09bcc54-d47d-4297-94f5-617663eb9de4	NR_199513.1	89.943	1223	76	35	7	1201	1224	21	0.0	1533
df93457c-51d1-4550-84aa-56ef0fe07a02	NR_199513.1	95.274	1460	42	24	3	1444	1468	18	0.0	2289
df93457c-51d1-4550-84aa-56ef0fe07a02	NR_024928.1	95.271	1459	40	26	3	1442	1454	6	0.0	2287
df93457c-51d1-4550-84aa-56ef0fe07a02	NR_199514.1	95.271	1459	40	26	3	1442	1461	13	0.0	2285
df93457c-51d1-4550-84aa-56ef0fe07a02	NR_024901.1	95.202	1459	41	26	3	1442	1454	6	0.0	2279
df93457c-51d1-4550-84aa-56ef0fe07a02	NR_024927.1	95.199	1458	43	24	3	1442	1454	6	0.0	2279
0a6b7a0d-630e-4df5-b010-f751410ae7aa	NR_156986.1	95.238	1029	22	23	1	1007	1024	1	0.0	1604
0a6b7a0d-630e-4df5-b010-f751410ae7aa	NR_199513.1	95.141	1029	25	22	1	1008	1043	19	0.0	1600
0a6b7a0d-630e-4df5-b010-f751410ae7aa	NR_156987.1	95.141	1029	23	24	1	1007	1024	1	0.0	1598
0a6b7a0d-630e-4df5-b010-f751410ae7aa	NR_199514.1	95.141	1029	23	24	1	1007	1036	13	0.0	1598
0a6b7a0d-630e-4df5-b010-f751410ae7aa	NR_024901.1	95.044	1029	24	24	1	1007	1029	6	0.0	1592
bdc6770b-a14c-4b71-a068-9f2e54ed7416	NR_024912.1	97.826	552	7	5	1	550	22	570	0.0	948
bdc6770b-a14c-4b71-a068-9f2e54ed7416	NR_042147.1	97.826	552	7	5	1	550	9	557	0.0	948
bdc6770b-a14c-4b71-a068-9f2e54ed7416	NR_156986.1	97.826	552	7	5	1	550	17	565	0.0	948
bdc6770b-a14c-4b71-a068-9f2e54ed7416	NR_178976.1	97.826	552	7	5	1	550	8	556	0.0	948
bdc6770b-a14c-4b71-a068-9f2e54ed7416	NR_113600.1	97.645	552	8	5	1	550	9	557	0.0	944
a4382f64-3a41-4d5d-a604-98ac731cf5ad	NR_199513.1	93.832	1378	48	27	1	1361	138	1495	0.0	2039
a4382f64-3a41-4d5d-a604-98ac731cf5ad	NR_024928.1	93.691	1379	48	29	1	1361	124	1481	0.0	2030
a4382f64-3a41-4d5d-a604-98ac731cf5ad	NR_113600.1	93.809	1373	46	29	1	1355	111	1462	0.0	2030
a4382f64-3a41-4d5d-a604-98ac731cf5ad	NR_041953.1	93.687	1378	50	27	1	1361	111	1468	0.0	2028
a4382f64-3a41-4d5d-a604-98ac731cf5ad	NR_024901.1	93.619	1379	49	29	1	1361	124	1481	0.0	2023
4714371d-361e-45bf-904a-c00cfaa0ee78	NR_041989.1	97.654	810	11	6	1	810	473	1274	0.0	1384
4714371d-361e-45bf-904a-c00cfaa0ee78	NR_117694.1	97.531	810	12	6	1	810	515	1316	0.0	1378
4714371d-361e-45bf-904a-c00cfaa0ee78	NR_121687.1	97.284	810	14	6	1	810	535	1336	0.0	1367
4714371d-361e-45bf-904a-c00cfaa0ee78	NR_028900.1	96.914	810	17	6	1	810	473	1274	0.0	1351
4714371d-361e-45bf-904a-c00cfaa0ee78	NR_041988.1	96.914	810	17	6	1	810	473	1274	0.0	1351
b7d89dfb-d053-48a7-ad2e-921d17efe54a	NR_042776.1	98.638	661	4	3	1	656	72	732	0.0	1166
b7d89dfb-d053-48a7-ad2e-921d17efe54a	NR_042778.1	98.336	661	6	3	1	656	72	732	0.0	1155
b7d89dfb-d053-48a7-ad2e-921d17efe54a	NR_042777.1	98.185	661	6	4	1	656	72	731	0.0	1149
b7d89dfb-d053-48a7-ad2e-921d17efe54a	NR_197695.1	97.882	661	9	3	1	656	71	731	0.0	1138
b7d89dfb-d053-48a7-ad2e-921d17efe54a	NR_118998.1	97.731	661	10	3	1	656	67	727	0.0	1134
32ed300d-f236-4356-b3bf-13e96e30af2f	NR_156986.1	97.440	703	7	9	1	699	701	6	0.0	1188
32ed300d-f236-4356-b3bf-13e96e30af2f	NR_024901.1	97.297	703	8	9	1	699	706	11	0.0	1182
32ed300d-f236-4356-b3bf-13e96e30af2f	NR_024912.1	97.297	703	8	9	1	699	706	11	0.0	1182
32ed300d-f236-4356-b3bf-13e96e30af2f	NR_024928.1	97.297	703	8	9	1	699	706	11	0.0	1182
32ed300d-f236-4356-b3bf-13e96e30af2f	NR_156987.1	97.297	703	8	9	1	699	701	6	0.0	1182
ea57c59a-ce5e-4ca3-927a-fca42b893fd8	NR_024912.1	98.016	504	7	3	12	512	510	7	0.0	872
ea57c59a-ce5e-4ca3-927a-fca42b893fd8	NR_037092.1	98.012	503	8	2	12	512	514	12	0.0	872
ea57c59a-ce5e-4ca3-927a-fca42b893fd8	NR_156986.1	98.016	504	7	3	12	512	505	2	0.0	872
ea57c59a-ce5e-4ca3-927a-fca42b893fd8	NR_024901.1	97.817	504	8	3	12	512	510	7	0.0	867
ea57c59a-ce5e-4ca3-927a-fca42b893fd8	NR_024928.1	97.817	504	8	3	12	512	510	7	0.0	867
ed5c677d-a228-42a7-8bb9-0241cb3a5338	NR_199513.1	92.834	935	45	22	4	929	1015	94	0.0	1336
ed5c677d-a228-42a7-8bb9-0241cb3a5338	NR_041953.1	92.712	933	48	20	4	928	988	68	0.0	1328
ed5c677d-a228-42a7-8bb9-0241cb3a5338	NR_178447.1	92.712	933	48	20	4	928	922	2	0.0	1328
ed5c677d-a228-42a7-8bb9-0241cb3a5338	NR_181891.1	92.712	933	48	20	4	928	1011	91	0.0	1328
ed5c677d-a228-42a7-8bb9-0241cb3a5338	NR_179889.1	92.605	933	49	20	4	928	1015	95	0.0	1323
425218a7-16d6-4cf5-805b-38e14925f1cf	NR_028664.1	89.714	350	22	9	1	344	839	498	1.29e-121	435
425218a7-16d6-4cf5-805b-38e14925f1cf	NR_042927.1	89.714	350	22	9	1	344	818	477	1.29e-121	435
425218a7-16d6-4cf5-805b-38e14925f1cf	NR_042928.1	89.714	350	22	9	1	344	816	475	1.29e-121	435
425218a7-16d6-4cf5-805b-38e14925f1cf	NR_114413.1	89.714	350	22	9	1	344	841	500	1.29e-121	435
425218a7-16d6-4cf5-805b-38e14925f1cf	NR_115240.1	89.714	350	22	9	1	344	816	475	1.29e-121	435
17bfce91-ef0a-472b-b83e-52241765b891	NR_156986.1	87.650	1336	84	63	26	1319	1320	24	0.0	1478
17bfce91-ef0a-472b-b83e-52241765b891	NR_113600.1	87.575	1336	85	63	26	1319	1312	16	0.0	1474
17bfce91-ef0a-472b-b83e-52241765b891	NR_178976.1	87.575	1336	85	62	26	1319	1311	15	0.0	1474
17bfce91-ef0a-472b-b83e-52241765b891	NR_156987.1	87.575	1336	85	63	26	1319	1320	24	0.0	1472
17bfce91-ef0a-472b-b83e-52241765b891	NR_114225.1	87.500	1336	86	63	26	1319	1312	16	0.0	1469
5acd81ca-0f22-4289-8c50-7047f78e0d7f	NR_117694.1	94.741	1388	31	24	1	1361	95	1467	0.0	2121
5acd81ca-0f22-4289-8c50-7047f78e0d7f	NR_025892.1	93.632	1382	45	27	1	1355	121	1486	0.0	2050
5acd81ca-0f22-4289-8c50-7047f78e0d7f	NR_121687.1	93.804	1388	44	25	1	1361	115	1487	0.0	2049
5acd81ca-0f22-4289-8c50-7047f78e0d7f	NR_117692.1	93.593	1389	45	27	1	1361	95	1467	0.0	2032
5acd81ca-0f22-4289-8c50-7047f78e0d7f	NR_025902.1	93.381	1390	47	28	1	1361	72	1445	0.0	2015
7d40268b-ee48-40d9-adbd-59bc7c04df04	NR_181857.1	96.671	751	16	8	1	749	781	1524	0.0	1240
7d40268b-ee48-40d9-adbd-59bc7c04df04	NR_041799.1	96.538	751	17	8	1	749	723	1466	0.0	1234
7d40268b-ee48-40d9-adbd-59bc7c04df04	NR_117823.1	96.538	751	17	8	1	749	695	1438	0.0	1234
7d40268b-ee48-40d9-adbd-59bc7c04df04	NR_181265.1	96.538	751	17	8	1	749	750	1493	0.0	1234
7d40268b-ee48-40d9-adbd-59bc7c04df04	NR_181730.1	96.529	749	17	8	1	747	729	1470	0.0	1230
ee39c07f-7cd8-4f6c-a907-c9ea9a9e6ed5	NR_178515.1	89.978	449	21	18	1	435	1273	835	9.42e-159	558
ee39c07f-7cd8-4f6c-a907-c9ea9a9e6ed5	NR_180875.1	89.978	449	21	18	1	435	1252	814	9.42e-159	558
ee39c07f-7cd8-4f6c-a907-c9ea9a9e6ed5	NR_028664.1	89.755	449	22	18	1	435	1294	856	4.38e-157	553
ee39c07f-7cd8-4f6c-a907-c9ea9a9e6ed5	NR_042927.1	89.755	449	22	18	1	435	1273	835	4.38e-157	553
ee39c07f-7cd8-4f6c-a907-c9ea9a9e6ed5	NR_109720.1	89.755	449	22	18	1	435	1267	829	4.38e-157	553
34dff9e5-d7b6-4676-b6a5-1f4cd6a3794c	NR_041799.1	93.575	1105	42	24	7	1091	372	1467	0.0	1620
34dff9e5-d7b6-4676-b6a5-1f4cd6a3794c	NR_117823.1	93.575	1105	42	24	7	1091	344	1439	0.0	1620
34dff9e5-d7b6-4676-b6a5-1f4cd6a3794c	NR_029042.2	93.478	1104	45	22	7	1091	392	1487	0.0	1615
34dff9e5-d7b6-4676-b6a5-1f4cd6a3794c	NR_179889.1	93.472	1103	47	21	7	1091	399	1494	0.0	1615
34dff9e5-d7b6-4676-b6a5-1f4cd6a3794c	NR_199515.1	93.478	1104	45	22	7	1091	401	1496	0.0	1615
543e413f-fb2d-4e36-9134-47c348e907b1	NR_041953.1	88.547	1074	63	46	1	1033	410	1464	0.0	1247
543e413f-fb2d-4e36-9134-47c348e907b1	NR_042541.1	88.547	1074	63	46	1	1033	410	1464	0.0	1247
543e413f-fb2d-4e36-9134-47c348e907b1	NR_179889.1	88.547	1074	63	46	1	1033	437	1491	0.0	1247
543e413f-fb2d-4e36-9134-47c348e907b1	NR_181014.1	88.628	1064	65	43	1	1026	410	1455	0.0	1243
543e413f-fb2d-4e36-9134-47c348e907b1	NR_178854.1	88.454	1074	63	47	1	1033	410	1463	0.0	1240
27c51c23-daab-41d4-9c15-3a7c542e5f8a	NR_116168.1	92.424	462	24	9	1	456	470	14	0.0	649
27c51c23-daab-41d4-9c15-3a7c542e5f8a	NR_042878.1	91.850	454	26	9	1	448	449	1	7.47e-180	628
27c51c23-daab-41d4-9c15-3a7c542e5f8a	NR_118762.1	89.655	464	37	9	1	458	473	15	4.53e-172	603
27c51c23-daab-41d4-9c15-3a7c542e5f8a	NR_025423.1	89.716	457	34	12	3	451	452	1	1.28e-162	571
27c51c23-daab-41d4-9c15-3a7c542e5f8a	NR_118143.1	89.427	454	35	11	3	448	449	1	2.76e-159	560
893cf61e-62ef-4382-94f5-47357c2109e8	NR_199513.1	95.538	762	17	13	1	748	779	21	0.0	1203
893cf61e-62ef-4382-94f5-47357c2109e8	NR_024901.1	95.413	763	16	16	1	748	765	7	0.0	1197
893cf61e-62ef-4382-94f5-47357c2109e8	NR_024928.1	95.413	763	16	16	1	748	765	7	0.0	1197
893cf61e-62ef-4382-94f5-47357c2109e8	NR_156986.1	95.413	763	16	16	1	748	760	2	0.0	1197
893cf61e-62ef-4382-94f5-47357c2109e8	NR_156987.1	95.282	763	17	16	1	748	760	2	0.0	1192
365a4c43-ce4f-4b6a-9103-3fb57415b91c	NR_041989.1	92.784	291	10	8	1	283	1210	923	1.81e-114	411
365a4c43-ce4f-4b6a-9103-3fb57415b91c	NR_043458.1	92.440	291	11	8	1	283	1273	986	8.43e-113	405
365a4c43-ce4f-4b6a-9103-3fb57415b91c	NR_043459.1	92.440	291	11	8	1	283	1276	989	8.43e-113	405
365a4c43-ce4f-4b6a-9103-3fb57415b91c	NR_041988.1	92.440	291	11	7	1	283	1210	923	8.43e-113	405
365a4c43-ce4f-4b6a-9103-3fb57415b91c	NR_104947.1	92.440	291	11	8	1	283	1225	938	8.43e-113	405
c13114e8-b9b5-4620-b5e3-38c61f1de509	NR_178363.1	94.641	933	25	22	1	915	108	1033	0.0	1423
c13114e8-b9b5-4620-b5e3-38c61f1de509	NR_117839.1	94.427	933	27	22	1	915	136	1061	0.0	1413
c13114e8-b9b5-4620-b5e3-38c61f1de509	NR_117292.1	94.212	933	29	22	1	915	108	1033	0.0	1400
c13114e8-b9b5-4620-b5e3-38c61f1de509	NR_178362.1	93.676	933	34	22	1	915	108	1033	0.0	1373
c13114e8-b9b5-4620-b5e3-38c61f1de509	NR_113141.1	93.462	933	36	22	1	915	128	1053	0.0	1362
7e2f5a0a-0c4a-48d3-99bf-8208065bc222	NR_043314.1	94.769	497	13	10	10	497	992	1484	0.0	761
7e2f5a0a-0c4a-48d3-99bf-8208065bc222	NR_116899.1	94.769	497	13	10	10	497	961	1453	0.0	761
7e2f5a0a-0c4a-48d3-99bf-8208065bc222	NR_178854.1	94.769	497	13	10	10	497	973	1465	0.0	761
7e2f5a0a-0c4a-48d3-99bf-8208065bc222	NR_179889.1	94.769	497	13	10	10	497	1001	1493	0.0	761
7e2f5a0a-0c4a-48d3-99bf-8208065bc222	NR_114749.1	94.705	491	14	9	15	497	1000	1486	0.0	752
42aa171d-1f97-489d-8a14-21fd1d789cea	NR_117694.1	92.269	983	21	27	1	934	1206	230	0.0	1343
42aa171d-1f97-489d-8a14-21fd1d789cea	NR_121687.1	91.862	983	25	27	1	934	1226	250	0.0	1321
42aa171d-1f97-489d-8a14-21fd1d789cea	NR_041988.1	91.658	983	27	27	1	934	1164	188	0.0	1310
42aa171d-1f97-489d-8a14-21fd1d789cea	NR_025892.1	91.048	983	32	27	1	934	1231	256	0.0	1299
42aa171d-1f97-489d-8a14-21fd1d789cea	NR_104946.1	91.455	983	29	27	1	934	1169	193	0.0	1299
65e170b0-5dd5-4225-a9ed-555587d80359	NR_041989.1	94.131	443	11	10	8	438	440	1	0.0	660
65e170b0-5dd5-4225-a9ed-555587d80359	NR_117694.1	92.161	472	20	12	8	466	482	15	0.0	651
65e170b0-5dd5-4225-a9ed-555587d80359	NR_117717.1	91.525	472	23	11	8	466	503	36	0.0	634
65e170b0-5dd5-4225-a9ed-555587d80359	NR_117696.1	91.525	472	23	11	8	466	469	2	0.0	634
65e170b0-5dd5-4225-a9ed-555587d80359	NR_117701.1	91.525	472	23	11	8	466	482	15	0.0	634
4308478b-e0e8-47c2-aee7-f2ee607aee5d	NR_156986.1	98.571	980	7	6	1	976	989	13	0.0	1725
4308478b-e0e8-47c2-aee7-f2ee607aee5d	NR_178976.1	98.571	980	7	6	1	976	980	4	0.0	1725
4308478b-e0e8-47c2-aee7-f2ee607aee5d	NR_113600.1	98.469	980	8	6	1	976	981	5	0.0	1722
4308478b-e0e8-47c2-aee7-f2ee607aee5d	NR_156987.1	98.469	980	8	6	1	976	989	13	0.0	1720
4308478b-e0e8-47c2-aee7-f2ee607aee5d	NR_199514.1	98.469	980	8	6	1	976	1001	25	0.0	1720
a4d9c206-da12-4c97-9afe-757718da0386	NR_156072.1	88.889	252	17	10	1	244	1238	1486	3.53e-81	300
a4d9c206-da12-4c97-9afe-757718da0386	NR_158064.1	88.538	253	17	11	1	244	1240	1489	4.57e-80	296
a4d9c206-da12-4c97-9afe-757718da0386	NR_028665.1	88.492	252	18	10	1	244	1233	1481	1.64e-79	294
a4d9c206-da12-4c97-9afe-757718da0386	NR_104972.1	88.492	252	18	10	1	244	1218	1466	1.64e-79	294
a4d9c206-da12-4c97-9afe-757718da0386	NR_114172.1	88.492	252	18	10	1	244	1216	1464	1.64e-79	294
26d925f5-101d-40da-b2d1-8a5576abe136	NR_043716.1	91.835	1041	46	31	10	1026	414	1439	0.0	1415
26d925f5-101d-40da-b2d1-8a5576abe136	NR_197684.1	91.835	1041	46	31	10	1026	414	1439	0.0	1415
26d925f5-101d-40da-b2d1-8a5576abe136	NR_040798.1	91.538	1040	50	29	10	1026	452	1476	0.0	1410
26d925f5-101d-40da-b2d1-8a5576abe136	NR_197745.1	85.867	1026	101	38	28	1026	509	1517	0.0	1051
26d925f5-101d-40da-b2d1-8a5576abe136	NR_043790.1	85.385	1040	110	35	13	1026	464	1487	0.0	1040
f55349b6-a647-4c02-aeb8-72127713042a	NR_024912.1	94.349	407	19	4	103	505	414	8	1.39e-177	621
f55349b6-a647-4c02-aeb8-72127713042a	NR_028706.1	94.349	407	19	4	103	505	422	16	1.39e-177	621
f55349b6-a647-4c02-aeb8-72127713042a	NR_042939.1	94.349	407	19	4	103	505	420	14	1.39e-177	621
f55349b6-a647-4c02-aeb8-72127713042a	NR_114473.1	94.349	407	19	4	103	505	409	3	1.39e-177	621
f55349b6-a647-4c02-aeb8-72127713042a	NR_156986.1	94.349	407	19	4	103	505	409	3	1.39e-177	621
c8d670b9-7df2-4dbd-ab22-2676da5e2b74	NR_036998.1	98.507	268	3	1	1	267	1195	1462	7.68e-133	472
c8d670b9-7df2-4dbd-ab22-2676da5e2b74	NR_043314.1	98.507	268	3	1	1	267	1214	1481	7.68e-133	472
c8d670b9-7df2-4dbd-ab22-2676da5e2b74	NR_114793.1	98.507	268	3	1	1	267	1088	1355	7.68e-133	472
c8d670b9-7df2-4dbd-ab22-2676da5e2b74	NR_114749.1	98.507	268	3	1	1	267	1216	1483	7.68e-133	472
c8d670b9-7df2-4dbd-ab22-2676da5e2b74	NR_116899.1	98.507	268	3	1	1	267	1183	1450	7.68e-133	472
ce995d05-9fa5-4042-a464-ee83854d50d8	NR_117694.1	94.183	447	12	13	1	437	448	6	0.0	669
ce995d05-9fa5-4042-a464-ee83854d50d8	NR_025892.1	92.617	447	19	11	1	437	474	32	0.0	638
ce995d05-9fa5-4042-a464-ee83854d50d8	NR_121687.1	92.727	440	18	12	7	437	460	26	3.38e-178	623
ce995d05-9fa5-4042-a464-ee83854d50d8	NR_117692.1	92.483	439	21	10	7	437	440	6	1.57e-176	617
ce995d05-9fa5-4042-a464-ee83854d50d8	NR_025902.1	92.619	420	21	8	7	419	418	2	7.37e-170	595
aee53c98-ad22-4002-8e63-14d4664e9386	NR_117717.1	89.941	1352	64	53	14	1310	1348	14	0.0	1677
aee53c98-ad22-4002-8e63-14d4664e9386	NR_121688.1	89.933	1351	67	52	14	1310	1348	13	0.0	1677
aee53c98-ad22-4002-8e63-14d4664e9386	NR_117701.1	90.022	1343	65	52	14	1302	1328	1	0.0	1674
aee53c98-ad22-4002-8e63-14d4664e9386	NR_117696.1	90.060	1328	63	50	14	1288	1315	4	0.0	1657
aee53c98-ad22-4002-8e63-14d4664e9386	NR_104947.1	89.977	1317	63	50	14	1277	1301	1	0.0	1637
79bfa751-89a9-4195-b1d3-4aae3dc0d682	NR_179889.1	92.648	1333	44	42	1	1294	1470	153	0.0	1869
79bfa751-89a9-4195-b1d3-4aae3dc0d682	NR_199513.1	92.521	1337	46	41	1	1298	1470	149	0.0	1866
79bfa751-89a9-4195-b1d3-4aae3dc0d682	NR_041953.1	92.573	1333	45	42	1	1294	1443	126	0.0	1864
79bfa751-89a9-4195-b1d3-4aae3dc0d682	NR_042541.1	92.573	1333	45	42	1	1294	1443	126	0.0	1864
79bfa751-89a9-4195-b1d3-4aae3dc0d682	NR_181891.1	92.573	1333	45	41	1	1294	1466	149	0.0	1864
2abb482d-feb0-4882-b1b8-e8274a8dc176	NR_024912.1	97.108	415	3	5	1	407	103	516	0.0	691
2abb482d-feb0-4882-b1b8-e8274a8dc176	NR_042147.1	97.108	415	3	5	1	407	90	503	0.0	691
2abb482d-feb0-4882-b1b8-e8274a8dc176	NR_156986.1	97.108	415	3	5	1	407	98	511	0.0	691
2abb482d-feb0-4882-b1b8-e8274a8dc176	NR_178976.1	97.108	415	3	5	1	407	89	502	0.0	691
2abb482d-feb0-4882-b1b8-e8274a8dc176	NR_179365.1	97.108	415	3	5	1	407	69	482	0.0	691
af911b39-9cc2-4cec-855d-424fb0474975	NR_179889.1	94.475	1104	38	18	1	1095	402	1491	0.0	1679
af911b39-9cc2-4cec-855d-424fb0474975	NR_041953.1	94.384	1104	39	18	1	1095	375	1464	0.0	1674
af911b39-9cc2-4cec-855d-424fb0474975	NR_042541.1	94.384	1104	39	18	1	1095	375	1464	0.0	1674
af911b39-9cc2-4cec-855d-424fb0474975	NR_178854.1	94.384	1104	38	19	1	1095	375	1463	0.0	1674
af911b39-9cc2-4cec-855d-424fb0474975	NR_178447.1	94.293	1104	40	18	1	1095	309	1398	0.0	1668
300af209-ac20-4b97-83c9-7499b58edb9d	NR_074980.1	95.887	1094	26	13	5	1086	423	1509	0.0	1753
300af209-ac20-4b97-83c9-7499b58edb9d	NR_113031.1	95.887	1094	26	13	5	1086	423	1509	0.0	1753
300af209-ac20-4b97-83c9-7499b58edb9d	NR_043332.1	95.704	1094	28	13	5	1086	396	1482	0.0	1746
300af209-ac20-4b97-83c9-7499b58edb9d	NR_113570.1	95.708	1095	27	14	5	1086	403	1490	0.0	1744
300af209-ac20-4b97-83c9-7499b58edb9d	NR_119168.1	94.881	1094	37	14	5	1086	401	1487	0.0	1714
3536195a-7ae7-4a75-bfd9-83c50167cda7	NR_117694.1	97.349	830	6	14	1	815	829	1	0.0	1397
3536195a-7ae7-4a75-bfd9-83c50167cda7	NR_025892.1	95.823	838	18	14	1	823	854	19	0.0	1354
3536195a-7ae7-4a75-bfd9-83c50167cda7	NR_121687.1	95.709	839	18	16	1	823	849	13	0.0	1334
3536195a-7ae7-4a75-bfd9-83c50167cda7	NR_117692.1	95.312	832	19	17	1	815	829	1	0.0	1303
3536195a-7ae7-4a75-bfd9-83c50167cda7	NR_041989.1	96.320	788	13	15	1	774	787	2	0.0	1280
f04e5e9b-70a4-4642-866e-d046aa494002	NR_116899.1	88.140	860	51	40	1	840	622	1450	0.0	976
f04e5e9b-70a4-4642-866e-d046aa494002	NR_179889.1	88.140	860	51	40	1	840	662	1490	0.0	976
f04e5e9b-70a4-4642-866e-d046aa494002	NR_043314.1	88.037	861	51	41	1	840	652	1481	0.0	972
f04e5e9b-70a4-4642-866e-d046aa494002	NR_043422.1	88.023	860	51	41	1	840	653	1480	0.0	970
f04e5e9b-70a4-4642-866e-d046aa494002	NR_178854.1	88.023	860	51	41	1	840	635	1462	0.0	970
78799762-4de6-4f2d-aa59-7b2a36355985	NR_024901.1	90.177	733	35	28	1	709	730	11	0.0	920
78799762-4de6-4f2d-aa59-7b2a36355985	NR_024928.1	90.177	733	35	28	1	709	730	11	0.0	920
78799762-4de6-4f2d-aa59-7b2a36355985	NR_156986.1	90.177	733	35	28	1	709	725	6	0.0	920
78799762-4de6-4f2d-aa59-7b2a36355985	NR_113583.1	90.137	730	35	28	1	706	717	1	0.0	915
78799762-4de6-4f2d-aa59-7b2a36355985	NR_114225.1	90.137	730	35	28	1	706	717	1	0.0	915
91ca959d-cd98-415c-aaa1-22995f7db1e3	NR_117694.1	95.592	431	9	10	4	428	517	91	0.0	682
91ca959d-cd98-415c-aaa1-22995f7db1e3	NR_025892.1	93.735	431	17	10	4	428	543	117	0.0	652
91ca959d-cd98-415c-aaa1-22995f7db1e3	NR_041989.1	93.519	432	16	12	4	428	475	49	0.0	632
91ca959d-cd98-415c-aaa1-22995f7db1e3	NR_121687.1	92.824	432	19	12	4	428	537	111	5.43e-176	616
91ca959d-cd98-415c-aaa1-22995f7db1e3	NR_104946.1	92.841	433	17	14	4	428	480	54	5.43e-176	616
aaf057ff-e2bd-4c1e-9f86-a4cc359e6587	NR_113570.1	95.996	899	20	14	1	891	605	1495	0.0	1447
aaf057ff-e2bd-4c1e-9f86-a4cc359e6587	NR_043332.1	95.880	898	22	13	1	891	598	1487	0.0	1443
aaf057ff-e2bd-4c1e-9f86-a4cc359e6587	NR_074980.1	95.880	898	22	13	1	891	625	1514	0.0	1439
aaf057ff-e2bd-4c1e-9f86-a4cc359e6587	NR_113031.1	95.880	898	22	13	1	891	625	1514	0.0	1439
aaf057ff-e2bd-4c1e-9f86-a4cc359e6587	NR_115354.1	95.546	898	25	13	1	891	598	1487	0.0	1424
