43d19643-e067-46cc-b8eb-816745d58974	NR_041989.1	90.989	455	26	13	4	449	470	22	5.83e-171	599
43d19643-e067-46cc-b8eb-816745d58974	NR_117717.1	88.158	456	37	15	4	449	533	85	2.79e-149	527
43d19643-e067-46cc-b8eb-816745d58974	NR_121688.1	88.158	456	37	15	4	449	532	84	2.79e-149	527
43d19643-e067-46cc-b8eb-816745d58974	NR_117696.1	88.158	456	37	15	4	449	499	51	2.79e-149	527
43d19643-e067-46cc-b8eb-816745d58974	NR_117701.1	88.158	456	37	15	4	449	512	64	2.79e-149	527
648832b1-f768-4d18-ba89-7a1c9f277097	NR_041953.1	91.119	1385	72	36	3	1351	94	1463	0.0	1829
648832b1-f768-4d18-ba89-7a1c9f277097	NR_179889.1	91.126	1386	70	38	3	1351	121	1490	0.0	1829
648832b1-f768-4d18-ba89-7a1c9f277097	NR_024918.1	90.765	1386	75	38	3	1351	107	1476	0.0	1810
648832b1-f768-4d18-ba89-7a1c9f277097	NR_116899.1	90.693	1386	76	38	3	1351	81	1450	0.0	1796
648832b1-f768-4d18-ba89-7a1c9f277097	NR_029042.2	90.627	1387	75	41	3	1351	114	1483	0.0	1790
9519880b-a727-458e-a730-e9fd69ba5568	NR_199513.1	92.404	1119	47	25	17	1120	1113	18	0.0	1561
9519880b-a727-458e-a730-e9fd69ba5568	NR_156986.1	92.063	1134	49	25	1	1116	1113	3	0.0	1557
9519880b-a727-458e-a730-e9fd69ba5568	NR_156987.1	91.975	1134	50	25	1	1116	1113	3	0.0	1552
9519880b-a727-458e-a730-e9fd69ba5568	NR_024901.1	91.968	1133	48	27	3	1116	1116	8	0.0	1548
9519880b-a727-458e-a730-e9fd69ba5568	NR_024928.1	91.968	1133	48	27	3	1116	1116	8	0.0	1548
d1fed9c4-ee80-4ca3-941e-f52b8be0266e	NR_104897.1	92.073	984	35	33	17	976	494	1458	0.0	1345
d1fed9c4-ee80-4ca3-941e-f52b8be0266e	NR_165738.1	90.816	980	45	36	17	971	495	1454	0.0	1269
d1fed9c4-ee80-4ca3-941e-f52b8be0266e	NR_159181.1	88.355	979	71	34	17	971	494	1453	0.0	1136
d1fed9c4-ee80-4ca3-941e-f52b8be0266e	NR_114127.1	87.996	983	73	36	17	974	494	1456	0.0	1120
d1fed9c4-ee80-4ca3-941e-f52b8be0266e	NR_145594.1	87.525	986	77	37	17	976	494	1459	0.0	1098
d8465aa3-c066-440d-a044-cddaf53c3666	NR_199513.1	94.169	1372	46	24	1	1360	138	1487	0.0	2060
d8465aa3-c066-440d-a044-cddaf53c3666	NR_113600.1	93.955	1373	47	26	1	1360	111	1460	0.0	2045
d8465aa3-c066-440d-a044-cddaf53c3666	NR_179889.1	93.950	1372	49	24	1	1360	138	1487	0.0	2043
d8465aa3-c066-440d-a044-cddaf53c3666	NR_181891.1	93.950	1372	49	24	1	1360	134	1483	0.0	2043
d8465aa3-c066-440d-a044-cddaf53c3666	NR_024928.1	93.882	1373	48	26	1	1360	124	1473	0.0	2039
9f642b09-c1f3-41b5-aad1-7732991e2d1f	NR_104830.1	92.610	1448	74	29	4	1434	1437	6	0.0	2050
9f642b09-c1f3-41b5-aad1-7732991e2d1f	NR_156926.1	92.395	1407	74	30	5	1396	1389	1	0.0	1975
9f642b09-c1f3-41b5-aad1-7732991e2d1f	NR_181569.1	91.598	1452	84	34	1	1433	1447	15	0.0	1971
9f642b09-c1f3-41b5-aad1-7732991e2d1f	NR_157664.1	91.575	1448	86	32	4	1433	1442	13	0.0	1965
9f642b09-c1f3-41b5-aad1-7732991e2d1f	NR_025891.1	91.253	1452	89	34	1	1433	1451	19	0.0	1964
47734257-a66e-4a54-a972-f4c0b6e51e86	NR_178515.1	91.330	669	32	18	27	679	1201	543	0.0	891
47734257-a66e-4a54-a972-f4c0b6e51e86	NR_024841.1	91.181	669	33	19	27	679	1215	557	0.0	885
47734257-a66e-4a54-a972-f4c0b6e51e86	NR_024842.1	91.181	669	33	18	27	679	1216	558	0.0	885
47734257-a66e-4a54-a972-f4c0b6e51e86	NR_109720.1	91.181	669	33	18	27	679	1195	537	0.0	885
47734257-a66e-4a54-a972-f4c0b6e51e86	NR_113260.1	91.181	669	33	19	27	679	1201	543	0.0	885
eaa41299-e938-451c-ad85-9cfce0e61d7c	NR_156986.1	96.147	1116	22	19	14	1116	1108	1	0.0	1803
eaa41299-e938-451c-ad85-9cfce0e61d7c	NR_199514.1	96.061	1117	23	19	14	1117	1120	12	0.0	1799
eaa41299-e938-451c-ad85-9cfce0e61d7c	NR_156987.1	96.057	1116	23	19	14	1116	1108	1	0.0	1797
eaa41299-e938-451c-ad85-9cfce0e61d7c	NR_037092.1	96.050	1114	24	17	14	1117	1113	10	0.0	1796
eaa41299-e938-451c-ad85-9cfce0e61d7c	NR_024901.1	95.971	1117	24	19	14	1117	1113	5	0.0	1794
ab43c70c-6227-4a3e-a303-83029bae08ee	NR_181730.1	97.143	735	10	7	1	733	744	1469	0.0	1230
ab43c70c-6227-4a3e-a303-83029bae08ee	NR_041799.1	97.007	735	11	7	1	733	738	1463	0.0	1225
ab43c70c-6227-4a3e-a303-83029bae08ee	NR_117823.1	97.007	735	11	7	1	733	710	1435	0.0	1225
ab43c70c-6227-4a3e-a303-83029bae08ee	NR_180078.1	97.007	735	11	7	1	733	758	1483	0.0	1225
ab43c70c-6227-4a3e-a303-83029bae08ee	NR_181265.1	97.007	735	11	7	1	733	765	1490	0.0	1225
d7878931-9e0b-4e5d-94fd-07e4e60ba627	NR_028664.1	94.684	395	13	8	4	392	306	698	2.97e-173	606
d7878931-9e0b-4e5d-94fd-07e4e60ba627	NR_042927.1	94.684	395	13	8	4	392	285	677	2.97e-173	606
d7878931-9e0b-4e5d-94fd-07e4e60ba627	NR_042928.1	94.684	395	13	8	4	392	283	675	2.97e-173	606
d7878931-9e0b-4e5d-94fd-07e4e60ba627	NR_112026.1	94.684	395	13	8	4	392	266	658	2.97e-173	606
d7878931-9e0b-4e5d-94fd-07e4e60ba627	NR_114413.1	94.684	395	13	8	4	392	308	700	2.97e-173	606
92c19eb5-549f-4c4c-9b93-7cceef7aa74e	NR_115355.1	91.984	499	21	17	1	485	1356	863	0.0	682
92c19eb5-549f-4c4c-9b93-7cceef7aa74e	NR_163639.1	91.968	498	22	16	1	485	1371	879	0.0	682
92c19eb5-549f-4c4c-9b93-7cceef7aa74e	NR_179325.1	91.984	499	21	17	1	485	1330	837	0.0	682
92c19eb5-549f-4c4c-9b93-7cceef7aa74e	NR_041879.1	91.800	500	21	16	1	485	1314	820	0.0	678
92c19eb5-549f-4c4c-9b93-7cceef7aa74e	NR_119169.1	91.583	499	23	15	1	485	1361	868	0.0	675
19e7478e-8310-4f57-a490-d9dfd268b147	NR_136788.1	94.839	310	8	6	1	307	1447	1143	1.87e-134	477
19e7478e-8310-4f57-a490-d9dfd268b147	NR_026230.1	92.581	310	15	6	1	307	1425	1121	8.85e-123	438
19e7478e-8310-4f57-a490-d9dfd268b147	NR_113082.1	93.092	304	13	6	7	307	1441	1143	8.85e-123	438
19e7478e-8310-4f57-a490-d9dfd268b147	NR_136443.1	92.557	309	15	6	1	306	1409	1106	3.18e-122	436
19e7478e-8310-4f57-a490-d9dfd268b147	NR_026136.1	92.384	302	15	6	8	306	1422	1126	2.48e-118	424
82859ac3-21d5-476a-90a3-c9b7765e7ee0	NR_028666.1	93.671	316	13	6	1	311	1185	1498	4.17e-131	466
82859ac3-21d5-476a-90a3-c9b7765e7ee0	NR_028833.1	93.671	316	13	6	1	311	1188	1501	4.17e-131	466
82859ac3-21d5-476a-90a3-c9b7765e7ee0	NR_029052.1	93.671	316	13	6	1	311	1149	1462	4.17e-131	466
82859ac3-21d5-476a-90a3-c9b7765e7ee0	NR_036918.1	93.671	316	13	6	1	311	1178	1491	4.17e-131	466
82859ac3-21d5-476a-90a3-c9b7765e7ee0	NR_042771.1	93.671	316	13	6	1	311	1179	1492	4.17e-131	466
d41a568c-7280-43a9-9099-cfbf212ba867	NR_116168.1	93.028	545	19	18	15	546	553	15	0.0	778
d41a568c-7280-43a9-9099-cfbf212ba867	NR_042878.1	92.751	538	21	17	15	540	532	1	0.0	769
d41a568c-7280-43a9-9099-cfbf212ba867	NR_025423.1	91.328	542	29	17	15	543	537	1	0.0	725
d41a568c-7280-43a9-9099-cfbf212ba867	NR_118762.1	91.149	531	29	16	15	533	556	32	0.0	723
d41a568c-7280-43a9-9099-cfbf212ba867	NR_118143.1	90.167	539	35	16	15	540	534	1	0.0	688
e3e29403-2ad2-4200-a3c5-02a64c7bbf06	NR_117694.1	95.274	931	22	20	1	919	1319	399	0.0	1456
e3e29403-2ad2-4200-a3c5-02a64c7bbf06	NR_121687.1	94.737	931	27	20	1	919	1339	419	0.0	1428
e3e29403-2ad2-4200-a3c5-02a64c7bbf06	NR_025892.1	94.092	931	32	21	1	919	1344	425	0.0	1410
e3e29403-2ad2-4200-a3c5-02a64c7bbf06	NR_041988.1	94.307	931	31	20	1	919	1277	357	0.0	1406
e3e29403-2ad2-4200-a3c5-02a64c7bbf06	NR_041989.1	94.313	932	29	23	1	919	1277	357	0.0	1406
80ffda36-2c42-4f8f-ae6e-1b0b8d7e085d	NR_136788.1	96.358	604	11	8	1	595	1145	544	0.0	983
80ffda36-2c42-4f8f-ae6e-1b0b8d7e085d	NR_026230.1	93.709	604	27	8	1	595	1123	522	0.0	900
80ffda36-2c42-4f8f-ae6e-1b0b8d7e085d	NR_113082.1	93.719	605	25	10	1	595	1145	544	0.0	894
80ffda36-2c42-4f8f-ae6e-1b0b8d7e085d	NR_136443.1	89.324	562	49	8	43	595	1065	506	0.0	695
80ffda36-2c42-4f8f-ae6e-1b0b8d7e085d	NR_152035.1	86.995	569	51	19	43	595	1106	545	5.93e-177	619
f3ffbb29-70f7-436f-a1bd-f5ec31e281c9	NR_074980.1	92.215	1246	47	39	1	1214	1245	18	0.0	1718
f3ffbb29-70f7-436f-a1bd-f5ec31e281c9	NR_113031.1	92.215	1246	47	39	1	1214	1245	18	0.0	1718
f3ffbb29-70f7-436f-a1bd-f5ec31e281c9	NR_117759.1	92.090	1239	48	39	1	1207	1221	1	0.0	1701
f3ffbb29-70f7-436f-a1bd-f5ec31e281c9	NR_043332.1	91.990	1236	49	39	1	1204	1218	1	0.0	1692
f3ffbb29-70f7-436f-a1bd-f5ec31e281c9	NR_113570.1	91.881	1244	48	39	1	1210	1225	1	0.0	1688
ecfe4ec2-3224-4523-a745-707d59dd2492	NR_179385.1	91.873	283	10	11	1	277	294	19	3.77e-106	383
ecfe4ec2-3224-4523-a745-707d59dd2492	NR_199545.1	91.873	283	10	11	1	277	290	15	3.77e-106	383
ecfe4ec2-3224-4523-a745-707d59dd2492	NR_028664.1	91.489	282	13	10	1	277	293	18	1.76e-104	377
ecfe4ec2-3224-4523-a745-707d59dd2492	NR_165741.1	91.519	283	11	11	1	277	279	4	1.76e-104	377
ecfe4ec2-3224-4523-a745-707d59dd2492	NR_115240.1	92.803	264	12	7	1	260	270	10	6.32e-104	375
458de70c-85b4-40f4-b27d-5fcd085c26a6	NR_024912.1	94.403	536	17	11	1	529	539	10	0.0	811
458de70c-85b4-40f4-b27d-5fcd085c26a6	NR_156986.1	94.403	536	17	11	1	529	534	5	0.0	811
458de70c-85b4-40f4-b27d-5fcd085c26a6	NR_024901.1	94.216	536	18	11	1	529	539	10	0.0	806
458de70c-85b4-40f4-b27d-5fcd085c26a6	NR_024928.1	94.216	536	18	11	1	529	539	10	0.0	806
458de70c-85b4-40f4-b27d-5fcd085c26a6	NR_156987.1	94.216	536	18	11	1	529	534	5	0.0	806
5f4d06de-0037-48c9-b376-9a859e4e7ca3	NR_024704.1	91.988	337	12	12	1	329	958	1287	7.44e-129	459
5f4d06de-0037-48c9-b376-9a859e4e7ca3	NR_036909.1	91.988	337	12	12	1	329	968	1297	7.44e-129	459
5f4d06de-0037-48c9-b376-9a859e4e7ca3	NR_126220.1	91.988	337	12	12	1	329	956	1285	7.44e-129	459
5f4d06de-0037-48c9-b376-9a859e4e7ca3	NR_179483.1	91.988	337	12	12	1	329	853	1182	7.44e-129	459
5f4d06de-0037-48c9-b376-9a859e4e7ca3	NR_181838.1	91.988	337	12	12	1	329	973	1302	7.44e-129	459
cb33831e-d31e-4ba6-a7dd-f48a09ea89bf	NR_028706.1	91.363	822	32	28	11	808	18	824	0.0	1088
cb33831e-d31e-4ba6-a7dd-f48a09ea89bf	NR_114911.1	91.241	822	33	28	11	808	20	826	0.0	1083
cb33831e-d31e-4ba6-a7dd-f48a09ea89bf	NR_114473.1	91.065	817	44	20	11	808	5	811	0.0	1079
cb33831e-d31e-4ba6-a7dd-f48a09ea89bf	NR_156986.1	90.499	842	43	28	11	829	5	832	0.0	1077
cb33831e-d31e-4ba6-a7dd-f48a09ea89bf	NR_164626.1	91.065	817	44	20	11	808	7	813	0.0	1077
fe08742a-6513-42e1-925a-799f2b89c508	NR_043314.1	90.354	311	15	13	1	304	1240	938	1.91e-109	394
fe08742a-6513-42e1-925a-799f2b89c508	NR_116905.1	90.354	311	15	13	1	304	1243	941	1.91e-109	394
fe08742a-6513-42e1-925a-799f2b89c508	NR_116899.1	90.354	311	15	13	1	304	1209	907	1.91e-109	394
fe08742a-6513-42e1-925a-799f2b89c508	NR_118125.1	90.354	311	15	13	1	304	1229	927	1.91e-109	394
fe08742a-6513-42e1-925a-799f2b89c508	NR_137215.1	93.091	275	10	8	35	304	1197	927	1.91e-109	394
3a028927-ac71-44ff-87fc-a254bfd97b37	NR_043314.1	94.198	293	5	8	1	292	1203	1484	3.02e-122	436
3a028927-ac71-44ff-87fc-a254bfd97b37	NR_114749.1	94.198	293	5	8	1	292	1205	1486	3.02e-122	436
3a028927-ac71-44ff-87fc-a254bfd97b37	NR_116899.1	94.198	293	5	8	1	292	1172	1453	3.02e-122	436
3a028927-ac71-44ff-87fc-a254bfd97b37	NR_178854.1	94.198	293	5	8	1	292	1184	1465	3.02e-122	436
3a028927-ac71-44ff-87fc-a254bfd97b37	NR_179889.1	94.198	293	5	8	1	292	1212	1493	3.02e-122	436
98b0b978-98d8-4e2a-b558-b6d4d4ecdba1	NR_199545.1	91.905	1260	56	35	1	1230	1450	207	0.0	1720
98b0b978-98d8-4e2a-b558-b6d4d4ecdba1	NR_199544.1	91.879	1256	56	35	5	1230	1404	165	0.0	1712
98b0b978-98d8-4e2a-b558-b6d4d4ecdba1	NR_028664.1	91.799	1256	57	35	5	1230	1449	210	0.0	1707
98b0b978-98d8-4e2a-b558-b6d4d4ecdba1	NR_042927.1	91.799	1256	57	35	5	1230	1428	189	0.0	1707
98b0b978-98d8-4e2a-b558-b6d4d4ecdba1	NR_115240.1	91.799	1256	57	35	5	1230	1426	187	0.0	1707
6b3299c8-497b-4b5a-a021-d532aef1f845	NR_116899.1	96.078	918	23	10	3	911	537	1450	0.0	1483
6b3299c8-497b-4b5a-a021-d532aef1f845	NR_179889.1	96.083	919	21	12	3	911	577	1490	0.0	1483
6b3299c8-497b-4b5a-a021-d532aef1f845	NR_199515.1	96.083	919	21	12	3	911	579	1492	0.0	1483
6b3299c8-497b-4b5a-a021-d532aef1f845	NR_024918.1	95.969	918	24	11	3	911	563	1476	0.0	1478
6b3299c8-497b-4b5a-a021-d532aef1f845	NR_041799.1	95.974	919	22	12	3	911	550	1463	0.0	1478
c3ffebab-2d10-41dd-b9a9-7f5dcbf29d10	NR_024901.1	90.513	780	40	23	4	766	773	11	0.0	1000
c3ffebab-2d10-41dd-b9a9-7f5dcbf29d10	NR_024928.1	90.513	780	40	23	4	766	773	11	0.0	1000
c3ffebab-2d10-41dd-b9a9-7f5dcbf29d10	NR_156986.1	90.513	780	40	23	4	766	768	6	0.0	1000
c3ffebab-2d10-41dd-b9a9-7f5dcbf29d10	NR_113583.1	90.476	777	40	23	4	763	760	1	0.0	994
c3ffebab-2d10-41dd-b9a9-7f5dcbf29d10	NR_114225.1	90.476	777	40	23	4	763	760	1	0.0	994
ad396f53-7c55-4282-9f57-b3d2060b00f4	NR_043314.1	94.778	517	17	8	6	517	970	1481	0.0	797
ad396f53-7c55-4282-9f57-b3d2060b00f4	NR_042147.1	94.788	518	15	10	6	517	952	1463	0.0	797
ad396f53-7c55-4282-9f57-b3d2060b00f4	NR_116899.1	94.778	517	17	8	6	517	939	1450	0.0	797
ad396f53-7c55-4282-9f57-b3d2060b00f4	NR_178854.1	94.778	517	17	8	6	517	951	1462	0.0	797
ad396f53-7c55-4282-9f57-b3d2060b00f4	NR_179889.1	94.778	517	17	8	6	517	979	1490	0.0	797
101915b7-cd4c-476f-9107-7dd35c75caaa	NR_042541.1	91.564	1375	68	39	1	1349	111	1463	0.0	1853
101915b7-cd4c-476f-9107-7dd35c75caaa	NR_179889.1	91.564	1375	68	39	1	1349	138	1490	0.0	1853
101915b7-cd4c-476f-9107-7dd35c75caaa	NR_178854.1	91.491	1375	68	40	1	1349	111	1462	0.0	1845
101915b7-cd4c-476f-9107-7dd35c75caaa	NR_024918.1	91.127	1375	74	39	1	1349	124	1476	0.0	1829
101915b7-cd4c-476f-9107-7dd35c75caaa	NR_043314.1	91.213	1377	70	40	1	1349	128	1481	0.0	1825
9e1eb84c-086c-4f9d-b6e2-5848d6a8dbd4	NR_044873.1	94.324	599	16	13	1	588	870	1461	0.0	902
9e1eb84c-086c-4f9d-b6e2-5848d6a8dbd4	NR_074568.1	92.977	598	24	13	1	588	880	1469	0.0	856
9e1eb84c-086c-4f9d-b6e2-5848d6a8dbd4	NR_044712.2	92.437	595	27	13	1	585	889	1475	0.0	841
9e1eb84c-086c-4f9d-b6e2-5848d6a8dbd4	NR_025310.1	92.333	600	26	15	1	588	860	1451	0.0	835
9e1eb84c-086c-4f9d-b6e2-5848d6a8dbd4	NR_109752.1	92.321	599	28	13	1	588	891	1482	0.0	835
1df12925-d69a-41eb-b4f5-860c8c47ab26	NR_043314.1	98.086	418	3	5	8	423	1071	1485	0.0	723
1df12925-d69a-41eb-b4f5-860c8c47ab26	NR_114749.1	98.086	418	3	5	8	423	1073	1487	0.0	723
1df12925-d69a-41eb-b4f5-860c8c47ab26	NR_116899.1	98.086	418	3	5	8	423	1040	1454	0.0	723
1df12925-d69a-41eb-b4f5-860c8c47ab26	NR_178854.1	98.086	418	3	5	8	423	1052	1466	0.0	723
1df12925-d69a-41eb-b4f5-860c8c47ab26	NR_179889.1	98.086	418	3	5	8	423	1080	1494	0.0	723
5f2e44ee-8957-4139-9755-8bf72e33bc70	NR_178515.1	96.831	915	18	8	19	926	190	1100	0.0	1519
5f2e44ee-8957-4139-9755-8bf72e33bc70	NR_036936.1	96.220	926	23	9	9	926	179	1100	0.0	1506
5f2e44ee-8957-4139-9755-8bf72e33bc70	NR_165737.1	96.112	926	24	9	9	926	179	1100	0.0	1500
5f2e44ee-8957-4139-9755-8bf72e33bc70	NR_109720.1	96.004	926	25	9	9	926	173	1094	0.0	1495
5f2e44ee-8957-4139-9755-8bf72e33bc70	NR_115735.1	95.717	934	28	9	1	926	162	1091	0.0	1493
f9fac548-4d75-4d2e-bcc9-75faa54e23b1	NR_117694.1	90.815	1165	51	42	1	1132	1142	1	0.0	1507
f9fac548-4d75-4d2e-bcc9-75faa54e23b1	NR_121687.1	89.948	1164	63	41	1	1132	1162	21	0.0	1452
f9fac548-4d75-4d2e-bcc9-75faa54e23b1	NR_025892.1	89.605	1164	66	41	1	1132	1167	27	0.0	1448
f9fac548-4d75-4d2e-bcc9-75faa54e23b1	NR_041989.1	90.510	1117	52	41	1	1081	1100	2	0.0	1426
f9fac548-4d75-4d2e-bcc9-75faa54e23b1	NR_117692.1	89.451	1166	65	43	1	1132	1142	1	0.0	1419
93bb66d0-efcc-47ea-bca3-b8190ece1d65	NR_036998.1	96.226	265	6	3	1	263	1200	1462	1.27e-120	431
93bb66d0-efcc-47ea-bca3-b8190ece1d65	NR_043314.1	96.226	265	6	3	1	263	1219	1481	1.27e-120	431
93bb66d0-efcc-47ea-bca3-b8190ece1d65	NR_114793.1	96.226	265	6	3	1	263	1093	1355	1.27e-120	431
93bb66d0-efcc-47ea-bca3-b8190ece1d65	NR_114749.1	96.226	265	6	3	1	263	1221	1483	1.27e-120	431
93bb66d0-efcc-47ea-bca3-b8190ece1d65	NR_116899.1	96.226	265	6	3	1	263	1188	1450	1.27e-120	431
a576f43e-f116-4d1e-8e84-f10e2496fa4a	NR_117694.1	98.338	662	8	2	1	659	806	1467	0.0	1158
a576f43e-f116-4d1e-8e84-f10e2496fa4a	NR_117692.1	98.187	662	9	2	1	659	806	1467	0.0	1153
a576f43e-f116-4d1e-8e84-f10e2496fa4a	NR_025892.1	98.018	656	10	2	1	653	831	1486	0.0	1142
a576f43e-f116-4d1e-8e84-f10e2496fa4a	NR_025902.1	97.885	662	11	2	1	659	784	1445	0.0	1142
a576f43e-f116-4d1e-8e84-f10e2496fa4a	NR_043459.1	98.162	653	9	2	1	650	830	1482	0.0	1136
a374c827-169f-4ee4-a5bd-1c35774545e2	NR_116168.1	94.948	673	24	10	1	666	815	1484	0.0	1046
a374c827-169f-4ee4-a5bd-1c35774545e2	NR_118762.1	94.595	666	25	11	1	659	818	1479	0.0	1033
a374c827-169f-4ee4-a5bd-1c35774545e2	NR_025423.1	92.136	674	41	12	1	666	799	1468	0.0	941
a374c827-169f-4ee4-a5bd-1c35774545e2	NR_024897.1	92.000	675	40	14	1	666	814	1483	0.0	935
a374c827-169f-4ee4-a5bd-1c35774545e2	NR_181418.1	91.840	674	43	12	1	666	814	1483	0.0	929
bac7bee0-a6fd-44dc-9fe2-c1f9bd9ff4d2	NR_117694.1	92.556	403	18	10	3	400	396	1	1.46e-161	568
bac7bee0-a6fd-44dc-9fe2-c1f9bd9ff4d2	NR_025892.1	91.089	404	22	12	3	400	422	27	8.86e-154	542
bac7bee0-a6fd-44dc-9fe2-c1f9bd9ff4d2	NR_104830.1	90.617	405	23	13	3	400	411	15	3.21e-148	523
bac7bee0-a6fd-44dc-9fe2-c1f9bd9ff4d2	NR_121687.1	90.370	405	23	14	3	400	416	21	1.49e-146	518
bac7bee0-a6fd-44dc-9fe2-c1f9bd9ff4d2	NR_117717.1	89.578	403	30	10	3	400	417	22	1.50e-141	501
6856e306-31c0-4c11-8a4e-2139d7d8cddf	NR_042927.1	92.777	886	34	24	1	865	401	1277	0.0	1254
6856e306-31c0-4c11-8a4e-2139d7d8cddf	NR_042927.1	95.238	63	2	1	950	1011	1409	1471	5.96e-20	99.0
6856e306-31c0-4c11-8a4e-2139d7d8cddf	NR_114413.1	92.777	886	34	24	1	865	424	1300	0.0	1254
6856e306-31c0-4c11-8a4e-2139d7d8cddf	NR_115734.1	92.777	886	34	24	1	865	402	1278	0.0	1254
6856e306-31c0-4c11-8a4e-2139d7d8cddf	NR_115734.1	95.238	63	2	1	950	1011	1410	1472	5.96e-20	99.0
6856e306-31c0-4c11-8a4e-2139d7d8cddf	NR_116210.1	92.777	886	34	24	1	865	264	1140	0.0	1254
6856e306-31c0-4c11-8a4e-2139d7d8cddf	NR_179385.1	92.777	886	34	24	1	865	423	1299	0.0	1254
6856e306-31c0-4c11-8a4e-2139d7d8cddf	NR_179385.1	100.000	69	0	0	950	1018	1431	1499	7.61e-29	128
a17f7cf4-945c-454f-9e1d-ac549c43c9f8	NR_040859.1	92.077	1136	50	28	7	1122	360	1475	0.0	1563
a17f7cf4-945c-454f-9e1d-ac549c43c9f8	NR_104278.1	92.077	1136	50	28	7	1122	360	1475	0.0	1563
a17f7cf4-945c-454f-9e1d-ac549c43c9f8	NR_181354.1	91.366	1135	56	30	7	1122	375	1486	0.0	1515
a17f7cf4-945c-454f-9e1d-ac549c43c9f8	NR_118158.1	86.995	1138	101	36	8	1122	366	1479	0.0	1238
a17f7cf4-945c-454f-9e1d-ac549c43c9f8	NR_044836.2	84.182	1119	127	41	8	1102	379	1471	0.0	1064
b2a741a4-6409-4694-8113-a802148fe154	NR_024912.1	99.091	550	3	2	1	549	566	18	0.0	987
b2a741a4-6409-4694-8113-a802148fe154	NR_042147.1	99.091	550	3	2	1	549	553	5	0.0	987
b2a741a4-6409-4694-8113-a802148fe154	NR_156986.1	99.091	550	3	2	1	549	561	13	0.0	987
b2a741a4-6409-4694-8113-a802148fe154	NR_178976.1	99.091	550	3	2	1	549	552	4	0.0	987
b2a741a4-6409-4694-8113-a802148fe154	NR_113600.1	98.909	550	4	2	1	549	553	5	0.0	983
90b596ab-4432-41ac-955c-6bd4f6aa6436	NR_116168.1	96.890	611	7	10	1	603	620	14	0.0	1013
90b596ab-4432-41ac-955c-6bd4f6aa6436	NR_042878.1	96.186	603	11	10	1	595	599	1	0.0	985
90b596ab-4432-41ac-955c-6bd4f6aa6436	NR_118762.1	94.444	612	22	10	1	604	623	16	0.0	953
90b596ab-4432-41ac-955c-6bd4f6aa6436	NR_025423.1	93.914	608	23	12	1	598	604	1	0.0	905
90b596ab-4432-41ac-955c-6bd4f6aa6436	NR_118143.1	93.554	605	25	12	1	595	601	1	0.0	891
041a3a64-ae32-4654-b3d7-de70a0acf5a7	NR_179480.1	95.957	470	10	7	2	463	1174	706	0.0	754
041a3a64-ae32-4654-b3d7-de70a0acf5a7	NR_181857.1	95.957	470	10	7	2	463	1281	813	0.0	754
041a3a64-ae32-4654-b3d7-de70a0acf5a7	NR_179327.1	95.745	470	11	7	2	463	1196	728	0.0	750
041a3a64-ae32-4654-b3d7-de70a0acf5a7	NR_118155.1	95.745	470	11	7	2	463	1246	778	0.0	749
041a3a64-ae32-4654-b3d7-de70a0acf5a7	NR_169411.1	95.745	470	11	7	2	463	1243	775	0.0	749
102571e7-10bc-49cc-9ab4-3f41855b4610	NR_117694.1	96.433	813	17	8	2	807	660	1467	0.0	1330
102571e7-10bc-49cc-9ab4-3f41855b4610	NR_117692.1	96.064	813	20	8	2	807	660	1467	0.0	1314
102571e7-10bc-49cc-9ab4-3f41855b4610	NR_025892.1	96.035	807	20	8	2	801	685	1486	0.0	1308
102571e7-10bc-49cc-9ab4-3f41855b4610	NR_121687.1	95.941	813	21	8	2	807	680	1487	0.0	1308
102571e7-10bc-49cc-9ab4-3f41855b4610	NR_025902.1	95.818	813	22	8	2	807	638	1445	0.0	1303
38f52150-81ff-4cc8-bfd7-bc130b7ea42d	NR_181354.1	96.411	418	11	4	1	414	583	1000	0.0	686
38f52150-81ff-4cc8-bfd7-bc130b7ea42d	NR_024924.1	96.181	419	11	4	1	414	567	985	0.0	680
38f52150-81ff-4cc8-bfd7-bc130b7ea42d	NR_024951.1	96.181	419	11	4	1	414	572	990	0.0	680
38f52150-81ff-4cc8-bfd7-bc130b7ea42d	NR_102854.1	96.181	419	11	4	1	414	576	994	0.0	680
38f52150-81ff-4cc8-bfd7-bc130b7ea42d	NR_029042.2	96.181	419	11	4	1	414	576	994	0.0	680
8c0cd0f0-0124-4de9-8d68-525c1ed60552	NR_074980.1	90.181	1161	61	48	15	1149	1146	13	0.0	1463
8c0cd0f0-0124-4de9-8d68-525c1ed60552	NR_113031.1	90.181	1161	61	48	15	1149	1146	13	0.0	1463
8c0cd0f0-0124-4de9-8d68-525c1ed60552	NR_119168.1	90.009	1151	62	48	15	1139	1124	1	0.0	1445
8c0cd0f0-0124-4de9-8d68-525c1ed60552	NR_117759.1	89.991	1149	62	48	15	1137	1122	1	0.0	1437
8c0cd0f0-0124-4de9-8d68-525c1ed60552	NR_115355.1	89.965	1146	62	48	15	1134	1119	1	0.0	1434
689e0d04-d1ec-446c-bfc2-e5f553a88ffc	NR_179889.1	97.436	1248	21	9	1	1240	250	1494	0.0	2117
689e0d04-d1ec-446c-bfc2-e5f553a88ffc	NR_041953.1	97.356	1248	22	9	1	1240	223	1467	0.0	2111
689e0d04-d1ec-446c-bfc2-e5f553a88ffc	NR_042541.1	97.356	1248	22	9	1	1240	223	1467	0.0	2111
689e0d04-d1ec-446c-bfc2-e5f553a88ffc	NR_178854.1	97.356	1248	21	10	1	1240	223	1466	0.0	2111
689e0d04-d1ec-446c-bfc2-e5f553a88ffc	NR_178447.1	97.276	1248	23	9	1	1240	157	1401	0.0	2106
ec8a67e2-e8e1-40c3-a9ad-f7d8d553da41	NR_156986.1	96.816	691	12	9	4	688	687	1	0.0	1146
ec8a67e2-e8e1-40c3-a9ad-f7d8d553da41	NR_024901.1	96.671	691	13	9	4	688	692	6	0.0	1140
ec8a67e2-e8e1-40c3-a9ad-f7d8d553da41	NR_024912.1	96.671	691	13	9	4	688	692	6	0.0	1140
ec8a67e2-e8e1-40c3-a9ad-f7d8d553da41	NR_024928.1	96.671	691	13	9	4	688	692	6	0.0	1140
ec8a67e2-e8e1-40c3-a9ad-f7d8d553da41	NR_156987.1	96.671	691	13	9	4	688	687	1	0.0	1140
b5a276ad-2a67-49c2-9608-1778c5361300	NR_116168.1	96.850	508	8	7	6	508	983	1487	0.0	843
b5a276ad-2a67-49c2-9608-1778c5361300	NR_118762.1	96.414	502	10	7	6	502	985	1483	0.0	824
b5a276ad-2a67-49c2-9608-1778c5361300	NR_025423.1	94.071	506	20	9	6	505	967	1468	0.0	760
b5a276ad-2a67-49c2-9608-1778c5361300	NR_024897.1	93.529	510	21	11	6	508	982	1486	0.0	749
b5a276ad-2a67-49c2-9608-1778c5361300	NR_181418.1	93.320	509	24	9	6	508	982	1486	0.0	743
8c40d742-3f7c-42c6-bf86-5c7c664033f9	NR_156986.1	95.860	1401	29	24	1	1383	1390	1	0.0	2239
8c40d742-3f7c-42c6-bf86-5c7c664033f9	NR_156987.1	95.789	1401	30	24	1	1383	1390	1	0.0	2233
8c40d742-3f7c-42c6-bf86-5c7c664033f9	NR_024928.1	95.717	1401	31	24	1	1383	1395	6	0.0	2230
8c40d742-3f7c-42c6-bf86-5c7c664033f9	NR_199513.1	95.649	1402	34	22	1	1385	1409	18	0.0	2226
8c40d742-3f7c-42c6-bf86-5c7c664033f9	NR_178976.1	95.833	1392	29	24	1	1374	1381	1	0.0	2224
7be349c1-876c-44ee-99c4-b3983ac91c40	NR_029050.1	96.102	667	16	9	1	658	1297	632	0.0	1079
7be349c1-876c-44ee-99c4-b3983ac91c40	NR_041799.1	96.102	667	16	9	1	658	1329	664	0.0	1079
7be349c1-876c-44ee-99c4-b3983ac91c40	NR_114227.1	96.102	667	16	9	1	658	1329	664	0.0	1079
7be349c1-876c-44ee-99c4-b3983ac91c40	NR_114481.1	96.102	667	16	9	1	658	1338	673	0.0	1079
7be349c1-876c-44ee-99c4-b3983ac91c40	NR_114595.1	96.102	667	16	9	1	658	1349	684	0.0	1079
acd390f5-d821-44df-bf4b-45e148f55dd2	NR_043314.1	96.667	480	8	8	1	475	1005	1481	0.0	791
acd390f5-d821-44df-bf4b-45e148f55dd2	NR_114749.1	96.667	480	8	8	1	475	1007	1483	0.0	791
acd390f5-d821-44df-bf4b-45e148f55dd2	NR_116899.1	96.667	480	8	8	1	475	974	1450	0.0	791
acd390f5-d821-44df-bf4b-45e148f55dd2	NR_178854.1	96.667	480	8	8	1	475	986	1462	0.0	791
acd390f5-d821-44df-bf4b-45e148f55dd2	NR_179889.1	96.667	480	8	8	1	475	1014	1490	0.0	791
ceeb7d95-9166-4da2-a1b2-0e40f8f099ec	NR_043332.1	93.662	284	10	7	1	280	1203	1482	1.05e-116	418
ceeb7d95-9166-4da2-a1b2-0e40f8f099ec	NR_074980.1	93.662	284	10	7	1	280	1230	1509	1.05e-116	418
ceeb7d95-9166-4da2-a1b2-0e40f8f099ec	NR_113031.1	93.662	284	10	7	1	280	1230	1509	1.05e-116	418
ceeb7d95-9166-4da2-a1b2-0e40f8f099ec	NR_113570.1	93.333	285	10	8	1	280	1210	1490	4.89e-115	412
ceeb7d95-9166-4da2-a1b2-0e40f8f099ec	NR_119168.1	92.958	284	12	7	1	280	1208	1487	1.76e-114	411
cb666ae8-87df-44e8-9307-737a7ffa1aa2	NR_116899.1	94.403	947	36	14	1	943	517	1450	0.0	1439
cb666ae8-87df-44e8-9307-737a7ffa1aa2	NR_179889.1	94.403	947	36	14	1	943	557	1490	0.0	1439
cb666ae8-87df-44e8-9307-737a7ffa1aa2	NR_199515.1	94.403	947	36	14	1	943	559	1492	0.0	1439
cb666ae8-87df-44e8-9307-737a7ffa1aa2	NR_024918.1	94.298	947	37	14	1	943	543	1476	0.0	1434
cb666ae8-87df-44e8-9307-737a7ffa1aa2	NR_041953.1	94.298	947	37	14	1	943	530	1463	0.0	1434
6c43c655-85f6-4715-9edc-a8c55fff5d75	NR_165744.1	92.927	509	13	16	1	492	709	207	0.0	719
6c43c655-85f6-4715-9edc-a8c55fff5d75	NR_028664.1	92.731	509	14	16	1	492	723	221	0.0	713
6c43c655-85f6-4715-9edc-a8c55fff5d75	NR_115240.1	92.731	509	14	16	1	492	700	198	0.0	713
6c43c655-85f6-4715-9edc-a8c55fff5d75	NR_115732.1	92.731	509	14	16	1	492	702	200	0.0	713
6c43c655-85f6-4715-9edc-a8c55fff5d75	NR_116207.1	92.731	509	14	16	1	492	565	63	0.0	713
281d303b-042f-42fc-8609-76e421b5b21b	NR_074980.1	94.308	650	17	16	5	638	658	13	0.0	977
281d303b-042f-42fc-8609-76e421b5b21b	NR_113031.1	94.308	650	17	16	5	638	658	13	0.0	977
281d303b-042f-42fc-8609-76e421b5b21b	NR_119168.1	94.375	640	16	16	5	628	636	1	0.0	965
281d303b-042f-42fc-8609-76e421b5b21b	NR_163639.1	93.865	652	17	19	4	639	648	4	0.0	961
281d303b-042f-42fc-8609-76e421b5b21b	NR_119169.1	93.916	641	19	16	4	628	637	1	0.0	953
af2866cf-15f5-4bbc-9b43-ed2627b7cc1a	NR_117694.1	94.428	1023	32	24	1	1003	1018	1	0.0	1550
af2866cf-15f5-4bbc-9b43-ed2627b7cc1a	NR_025892.1	93.010	1030	48	23	1	1011	1043	19	0.0	1504
af2866cf-15f5-4bbc-9b43-ed2627b7cc1a	NR_121687.1	93.217	1032	43	26	1	1011	1038	13	0.0	1493
af2866cf-15f5-4bbc-9b43-ed2627b7cc1a	NR_117692.1	92.982	1026	41	29	1	1003	1018	1	0.0	1467
af2866cf-15f5-4bbc-9b43-ed2627b7cc1a	NR_041989.1	93.992	982	35	23	1	964	976	1	0.0	1465
5dc1c40e-4406-40c3-a410-dc319bfa7a01	NR_199513.1	94.452	1388	50	26	1	1376	118	1490	0.0	2111
5dc1c40e-4406-40c3-a410-dc319bfa7a01	NR_113600.1	94.380	1388	49	28	1	1375	91	1462	0.0	2106
5dc1c40e-4406-40c3-a410-dc319bfa7a01	NR_179889.1	94.380	1388	51	26	1	1376	118	1490	0.0	2106
5dc1c40e-4406-40c3-a410-dc319bfa7a01	NR_024928.1	94.312	1389	50	28	1	1376	104	1476	0.0	2102
5dc1c40e-4406-40c3-a410-dc319bfa7a01	NR_114225.1	94.308	1388	50	28	1	1375	91	1462	0.0	2100
ae134b3f-fbae-4311-96dc-1dc2329debb6	NR_156986.1	91.441	666	34	18	1	650	667	9	0.0	893
ae134b3f-fbae-4311-96dc-1dc2329debb6	NR_178976.1	91.429	665	34	18	1	649	658	1	0.0	891
ae134b3f-fbae-4311-96dc-1dc2329debb6	NR_113600.1	91.291	666	35	18	1	650	659	1	0.0	889
ae134b3f-fbae-4311-96dc-1dc2329debb6	NR_024901.1	91.291	666	35	18	1	650	672	14	0.0	887
ae134b3f-fbae-4311-96dc-1dc2329debb6	NR_024912.1	91.291	666	35	18	1	650	672	14	0.0	887
2d60992c-401e-4d5b-80f1-16df733ac38d	NR_164626.1	95.181	249	2	6	5	246	247	2	9.22e-107	385
2d60992c-401e-4d5b-80f1-16df733ac38d	NR_024912.1	95.161	248	2	6	5	245	250	6	3.32e-106	383
2d60992c-401e-4d5b-80f1-16df733ac38d	NR_025586.1	95.161	248	2	6	5	245	245	1	3.32e-106	383
2d60992c-401e-4d5b-80f1-16df733ac38d	NR_025587.1	95.161	248	2	6	5	245	245	1	3.32e-106	383
2d60992c-401e-4d5b-80f1-16df733ac38d	NR_028706.1	95.161	248	2	6	5	245	258	14	3.32e-106	383
dea1a6f8-9698-4744-b6bf-27bfda722110	NR_178447.1	94.253	870	28	17	1	857	1188	328	0.0	1310
dea1a6f8-9698-4744-b6bf-27bfda722110	NR_041953.1	94.138	870	29	17	1	857	1254	394	0.0	1304
dea1a6f8-9698-4744-b6bf-27bfda722110	NR_179889.1	94.138	870	29	17	1	857	1281	421	0.0	1304
dea1a6f8-9698-4744-b6bf-27bfda722110	NR_181891.1	94.138	870	29	17	1	857	1277	417	0.0	1304
dea1a6f8-9698-4744-b6bf-27bfda722110	NR_181014.1	94.131	869	29	17	2	857	1253	394	0.0	1303
efa76b9f-afda-4507-83c4-84dcd990aea9	NR_164626.1	97.059	374	6	4	1	372	372	2	7.75e-179	625
efa76b9f-afda-4507-83c4-84dcd990aea9	NR_024912.1	97.051	373	6	4	1	371	375	6	2.79e-178	623
efa76b9f-afda-4507-83c4-84dcd990aea9	NR_025174.1	97.051	373	6	5	1	371	370	1	2.79e-178	623
efa76b9f-afda-4507-83c4-84dcd990aea9	NR_028706.1	97.051	373	6	4	1	371	383	14	2.79e-178	623
efa76b9f-afda-4507-83c4-84dcd990aea9	NR_042939.1	97.051	373	6	4	1	371	381	12	2.79e-178	623
c081f0ad-3c19-470a-a5f3-7c147c451cdc	NR_044873.1	95.351	882	16	19	1	872	1209	343	0.0	1378
c081f0ad-3c19-470a-a5f3-7c147c451cdc	NR_074568.1	93.424	882	32	20	1	872	1219	354	0.0	1284
c081f0ad-3c19-470a-a5f3-7c147c451cdc	NR_044712.2	93.311	882	33	20	1	872	1228	363	0.0	1280
c081f0ad-3c19-470a-a5f3-7c147c451cdc	NR_109752.1	93.311	882	33	20	1	872	1230	365	0.0	1279
c081f0ad-3c19-470a-a5f3-7c147c451cdc	NR_043968.1	93.318	883	31	22	1	872	1177	312	0.0	1279
059ef7df-0208-41fc-bcf4-31e6a7c5e9df	NR_024901.1	88.471	850	51	36	1	821	837	6	0.0	983
059ef7df-0208-41fc-bcf4-31e6a7c5e9df	NR_156986.1	88.457	849	53	34	1	821	832	1	0.0	983
059ef7df-0208-41fc-bcf4-31e6a7c5e9df	NR_113583.1	88.599	842	51	35	1	815	824	1	0.0	981
059ef7df-0208-41fc-bcf4-31e6a7c5e9df	NR_114225.1	88.599	842	51	35	1	815	824	1	0.0	981
059ef7df-0208-41fc-bcf4-31e6a7c5e9df	NR_178976.1	88.571	840	53	33	1	814	823	1	0.0	979
a611ce3b-3e34-4ddb-86d5-586f90b5fce5	NR_156986.1	92.739	964	28	34	1	937	949	1	0.0	1354
a611ce3b-3e34-4ddb-86d5-586f90b5fce5	NR_156987.1	92.635	964	29	34	1	937	949	1	0.0	1349
a611ce3b-3e34-4ddb-86d5-586f90b5fce5	NR_199514.1	92.635	964	29	34	1	937	961	13	0.0	1349
a611ce3b-3e34-4ddb-86d5-586f90b5fce5	NR_024901.1	92.531	964	30	34	1	937	954	6	0.0	1343
a611ce3b-3e34-4ddb-86d5-586f90b5fce5	NR_024928.1	92.531	964	30	34	1	937	954	6	0.0	1343
90f1eae4-9d37-4c42-b4ee-ede022110dcc	NR_036936.1	94.872	897	24	13	1	877	1433	539	0.0	1382
90f1eae4-9d37-4c42-b4ee-ede022110dcc	NR_109720.1	94.760	897	25	13	1	877	1427	533	0.0	1376
90f1eae4-9d37-4c42-b4ee-ede022110dcc	NR_165737.1	94.760	897	25	13	1	877	1433	539	0.0	1376
90f1eae4-9d37-4c42-b4ee-ede022110dcc	NR_024842.1	94.643	896	26	13	2	877	1447	554	0.0	1369
90f1eae4-9d37-4c42-b4ee-ede022110dcc	NR_115735.1	94.643	896	26	13	2	877	1423	530	0.0	1369
55f32f1d-cb7f-48ec-b3ba-97c37797b061	NR_025689.1	96.087	230	8	1	1	229	1258	1487	1.85e-103	374
55f32f1d-cb7f-48ec-b3ba-97c37797b061	NR_025435.1	96.444	225	6	2	7	229	1273	1497	2.40e-102	370
55f32f1d-cb7f-48ec-b3ba-97c37797b061	NR_024817.1	95.652	230	9	1	1	229	1253	1482	2.40e-102	370
55f32f1d-cb7f-48ec-b3ba-97c37797b061	NR_042052.1	96.429	224	7	1	7	229	1177	1400	8.63e-102	368
55f32f1d-cb7f-48ec-b3ba-97c37797b061	NR_114642.1	96.429	224	7	1	7	229	1236	1459	8.63e-102	368
4376628b-8d3a-49a8-99fc-293682f2faee	NR_041799.1	96.810	815	15	9	1	806	655	1467	0.0	1351
4376628b-8d3a-49a8-99fc-293682f2faee	NR_116899.1	96.810	815	15	9	1	806	642	1454	0.0	1351
4376628b-8d3a-49a8-99fc-293682f2faee	NR_117823.1	96.810	815	15	9	1	806	627	1439	0.0	1351
4376628b-8d3a-49a8-99fc-293682f2faee	NR_179889.1	96.810	815	15	9	1	806	682	1494	0.0	1351
4376628b-8d3a-49a8-99fc-293682f2faee	NR_043314.1	96.691	816	15	10	1	806	672	1485	0.0	1347
e600d85a-95c5-4cea-b013-9b5e1c59344d	NR_113600.1	95.715	1377	38	16	1	1365	95	1462	0.0	2198
e600d85a-95c5-4cea-b013-9b5e1c59344d	NR_199513.1	95.652	1380	41	14	1	1369	122	1493	0.0	2198
e600d85a-95c5-4cea-b013-9b5e1c59344d	NR_042147.1	95.583	1381	40	16	1	1369	95	1466	0.0	2193
e600d85a-95c5-4cea-b013-9b5e1c59344d	NR_114225.1	95.643	1377	39	16	1	1365	95	1462	0.0	2193
e600d85a-95c5-4cea-b013-9b5e1c59344d	NR_024901.1	95.510	1381	41	16	1	1369	108	1479	0.0	2187
08d2ffe9-fe4b-4641-9cae-b4587479873b	NR_041989.1	94.073	928	29	17	1	909	433	1353	0.0	1386
08d2ffe9-fe4b-4641-9cae-b4587479873b	NR_117694.1	93.966	928	30	17	1	909	475	1395	0.0	1380
08d2ffe9-fe4b-4641-9cae-b4587479873b	NR_121687.1	93.858	928	31	17	1	909	495	1415	0.0	1375
08d2ffe9-fe4b-4641-9cae-b4587479873b	NR_041988.1	93.750	928	32	17	1	909	433	1353	0.0	1369
08d2ffe9-fe4b-4641-9cae-b4587479873b	NR_028900.1	93.534	928	34	17	1	909	433	1353	0.0	1358
7de54df5-601a-474a-9563-b58b67c336d6	NR_179541.1	92.099	443	17	13	85	523	441	13	1.12e-173	608
7de54df5-601a-474a-9563-b58b67c336d6	NR_114394.1	91.648	443	19	13	85	523	441	13	2.43e-170	597
7de54df5-601a-474a-9563-b58b67c336d6	NR_074440.1	91.196	443	21	13	85	523	441	13	5.27e-167	586
7de54df5-601a-474a-9563-b58b67c336d6	NR_025647.1	90.541	444	24	13	84	523	441	12	1.47e-162	571
7de54df5-601a-474a-9563-b58b67c336d6	NR_113161.1	90.541	444	24	13	84	523	442	13	1.47e-162	571
ce41b068-e07d-4b37-846f-742e30c5f7b4	NR_156986.1	93.810	1357	46	26	4	1339	1342	3	0.0	2006
ce41b068-e07d-4b37-846f-742e30c5f7b4	NR_156987.1	93.736	1357	47	26	4	1339	1342	3	0.0	2001
ce41b068-e07d-4b37-846f-742e30c5f7b4	NR_178976.1	94.277	1328	41	25	4	1313	1333	23	0.0	2001
ce41b068-e07d-4b37-846f-742e30c5f7b4	NR_199513.1	93.676	1360	49	26	4	1342	1361	18	0.0	2001
ce41b068-e07d-4b37-846f-742e30c5f7b4	NR_024928.1	93.662	1357	48	27	4	1339	1347	8	0.0	1997
d62f897d-2418-4fc2-ae06-dcf92b57b1db	NR_115355.1	95.806	1359	29	22	4	1348	1345	1	0.0	2172
d62f897d-2418-4fc2-ae06-dcf92b57b1db	NR_163639.1	95.567	1376	27	27	4	1364	1360	4	0.0	2172
d62f897d-2418-4fc2-ae06-dcf92b57b1db	NR_119169.1	95.601	1364	32	22	4	1353	1350	1	0.0	2169
d62f897d-2418-4fc2-ae06-dcf92b57b1db	NR_074980.1	95.197	1374	38	24	4	1363	1372	13	0.0	2146
d62f897d-2418-4fc2-ae06-dcf92b57b1db	NR_179325.1	95.946	1332	27	21	4	1321	1319	1	0.0	2135
9c3e5d23-4c32-4a56-a6be-e25ba2e42ece	NR_024842.1	92.154	1453	71	34	1	1421	1450	9	0.0	2015
9c3e5d23-4c32-4a56-a6be-e25ba2e42ece	NR_115241.1	92.116	1446	71	34	1	1414	1435	1	0.0	2002
9c3e5d23-4c32-4a56-a6be-e25ba2e42ece	NR_165737.1	92.080	1452	61	41	1	1414	1436	1	0.0	1995
9c3e5d23-4c32-4a56-a6be-e25ba2e42ece	NR_115735.1	92.136	1437	69	35	1	1404	1426	1	0.0	1988
9c3e5d23-4c32-4a56-a6be-e25ba2e42ece	NR_036936.1	91.868	1451	66	39	1	1414	1436	1	0.0	1978
98497b9c-986c-459d-87a6-ca1b0a2f72a8	NR_156986.1	94.754	934	21	23	10	929	920	1	0.0	1428
98497b9c-986c-459d-87a6-ca1b0a2f72a8	NR_024901.1	94.647	934	22	23	10	929	925	6	0.0	1423
98497b9c-986c-459d-87a6-ca1b0a2f72a8	NR_024928.1	94.647	934	22	23	10	929	925	6	0.0	1423
98497b9c-986c-459d-87a6-ca1b0a2f72a8	NR_156987.1	94.647	934	22	23	10	929	920	1	0.0	1423
98497b9c-986c-459d-87a6-ca1b0a2f72a8	NR_199514.1	94.647	934	22	23	10	929	932	13	0.0	1423
0baa2866-4344-4a26-979a-aa75ed34a7ed	NR_025174.1	94.815	405	14	5	55	455	414	13	9.62e-179	625
0baa2866-4344-4a26-979a-aa75ed34a7ed	NR_179337.1	94.815	405	14	5	55	455	410	9	9.62e-179	625
0baa2866-4344-4a26-979a-aa75ed34a7ed	NR_025164.1	92.906	437	18	11	26	455	435	5	3.46e-178	623
0baa2866-4344-4a26-979a-aa75ed34a7ed	NR_024911.1	94.568	405	15	5	55	455	419	18	4.48e-177	619
0baa2866-4344-4a26-979a-aa75ed34a7ed	NR_024912.1	94.568	405	15	5	55	455	419	18	4.48e-177	619
e8e56030-87c7-4e8d-863c-cfb13be29d36	NR_117694.1	91.126	586	31	17	1	573	615	38	0.0	774
e8e56030-87c7-4e8d-863c-cfb13be29d36	NR_025892.1	91.160	543	33	14	40	575	595	61	0.0	739
e8e56030-87c7-4e8d-863c-cfb13be29d36	NR_041989.1	89.519	582	38	19	1	568	573	1	0.0	715
e8e56030-87c7-4e8d-863c-cfb13be29d36	NR_121687.1	89.097	587	41	19	1	573	635	58	0.0	708
e8e56030-87c7-4e8d-863c-cfb13be29d36	NR_117692.1	88.908	586	44	17	1	573	615	38	0.0	702
36c57975-4d14-4dad-b910-d32efdcc0b12	NR_041880.1	91.163	215	10	7	1	213	737	944	3.03e-76	283
36c57975-4d14-4dad-b910-d32efdcc0b12	NR_025762.1	91.163	215	10	7	1	213	759	966	3.03e-76	283
36c57975-4d14-4dad-b910-d32efdcc0b12	NR_041879.1	91.163	215	10	7	1	213	738	945	3.03e-76	283
36c57975-4d14-4dad-b910-d32efdcc0b12	NR_042940.1	91.163	215	10	7	1	213	693	900	3.03e-76	283
36c57975-4d14-4dad-b910-d32efdcc0b12	NR_043332.1	91.163	215	10	7	1	213	781	988	3.03e-76	283
c2b64607-2b75-4efd-a246-5fc00978ec15	NR_156986.1	95.209	1127	26	20	1	1108	1118	1	0.0	1757
c2b64607-2b75-4efd-a246-5fc00978ec15	NR_024928.1	95.120	1127	27	20	1	1108	1123	6	0.0	1751
c2b64607-2b75-4efd-a246-5fc00978ec15	NR_156987.1	95.120	1127	27	20	1	1108	1118	1	0.0	1751
c2b64607-2b75-4efd-a246-5fc00978ec15	NR_199514.1	95.120	1127	27	20	1	1108	1130	13	0.0	1751
c2b64607-2b75-4efd-a246-5fc00978ec15	NR_199513.1	95.035	1128	30	18	1	1110	1137	18	0.0	1749
f0d369a9-8845-44f4-a7ae-17888108e52f	NR_199513.1	96.144	752	15	7	1	741	116	864	0.0	1216
f0d369a9-8845-44f4-a7ae-17888108e52f	NR_041953.1	95.745	752	18	7	1	741	89	837	0.0	1199
f0d369a9-8845-44f4-a7ae-17888108e52f	NR_178447.1	95.745	752	18	7	1	741	23	771	0.0	1199
f0d369a9-8845-44f4-a7ae-17888108e52f	NR_181891.1	95.745	752	18	7	1	741	112	860	0.0	1199
f0d369a9-8845-44f4-a7ae-17888108e52f	NR_199512.1	95.745	752	18	7	1	741	116	864	0.0	1199
12f039c2-e2da-4ac8-aff2-cec6b5ca2001	NR_179889.1	91.777	1058	55	27	1	1037	1145	99	0.0	1443
12f039c2-e2da-4ac8-aff2-cec6b5ca2001	NR_041953.1	91.682	1058	56	27	1	1037	1118	72	0.0	1437
12f039c2-e2da-4ac8-aff2-cec6b5ca2001	NR_178447.1	91.682	1058	56	27	1	1037	1052	6	0.0	1437
12f039c2-e2da-4ac8-aff2-cec6b5ca2001	NR_199513.1	91.479	1068	58	27	1	1045	1145	88	0.0	1437
12f039c2-e2da-4ac8-aff2-cec6b5ca2001	NR_178854.1	91.682	1058	55	28	1	1037	1117	72	0.0	1435
b87066e7-3ebb-4543-ab90-f26d5ecacb34	NR_074568.1	91.469	422	21	13	7	417	1420	1003	5.46e-161	566
b87066e7-3ebb-4543-ab90-f26d5ecacb34	NR_044712.2	91.232	422	22	13	7	417	1429	1012	7.07e-160	562
b87066e7-3ebb-4543-ab90-f26d5ecacb34	NR_044873.1	90.995	422	23	13	7	417	1410	993	1.18e-157	555
b87066e7-3ebb-4543-ab90-f26d5ecacb34	NR_043968.1	90.758	422	24	13	7	417	1378	961	5.50e-156	549
b87066e7-3ebb-4543-ab90-f26d5ecacb34	NR_025310.1	90.521	422	25	13	7	417	1400	983	2.56e-154	544
7344fde7-aefd-4152-bece-60f105b3da46	NR_026419.1	97.619	378	4	4	1	375	376	1	0.0	643
7344fde7-aefd-4152-bece-60f105b3da46	NR_025903.1	94.819	386	14	5	1	383	388	6	1.75e-170	597
7344fde7-aefd-4152-bece-60f105b3da46	NR_025904.1	94.560	386	15	5	1	383	387	5	8.16e-169	592
7344fde7-aefd-4152-bece-60f105b3da46	NR_036920.1	91.969	386	22	8	1	383	381	2	5.01e-151	532
7344fde7-aefd-4152-bece-60f105b3da46	NR_133753.1	94.783	345	12	5	1	342	342	1	5.01e-151	532
8b1e6148-ec7d-4cda-84d3-2331466c74d5	NR_024912.1	94.490	490	13	12	1	481	495	11	0.0	743
8b1e6148-ec7d-4cda-84d3-2331466c74d5	NR_156986.1	94.490	490	13	12	1	481	490	6	0.0	743
8b1e6148-ec7d-4cda-84d3-2331466c74d5	NR_024901.1	94.286	490	14	12	1	481	495	11	0.0	737
8b1e6148-ec7d-4cda-84d3-2331466c74d5	NR_024928.1	94.286	490	14	12	1	481	495	11	0.0	737
8b1e6148-ec7d-4cda-84d3-2331466c74d5	NR_042147.1	94.456	487	13	12	1	478	482	1	0.0	737
62ebdf86-2215-4151-ad81-1b956de0a731	NR_156986.1	95.960	693	15	10	5	688	693	5	0.0	1112
62ebdf86-2215-4151-ad81-1b956de0a731	NR_178976.1	97.143	665	8	8	5	661	684	23	0.0	1112
62ebdf86-2215-4151-ad81-1b956de0a731	NR_199513.1	95.954	692	17	9	5	688	712	24	0.0	1112
62ebdf86-2215-4151-ad81-1b956de0a731	NR_113600.1	96.992	665	9	8	5	661	685	24	0.0	1109
62ebdf86-2215-4151-ad81-1b956de0a731	NR_024901.1	95.815	693	16	10	5	688	698	10	0.0	1107
2d991c46-7a94-46a3-a447-0246bc495846	NR_164626.1	93.720	207	7	4	1	203	205	1	5.94e-83	305
2d991c46-7a94-46a3-a447-0246bc495846	NR_024901.1	93.659	205	7	4	1	201	208	6	7.68e-82	302
2d991c46-7a94-46a3-a447-0246bc495846	NR_024912.1	93.659	205	7	4	1	201	208	6	7.68e-82	302
2d991c46-7a94-46a3-a447-0246bc495846	NR_024928.1	93.659	205	7	4	1	201	208	6	7.68e-82	302
2d991c46-7a94-46a3-a447-0246bc495846	NR_025586.1	93.659	205	7	4	1	201	203	1	7.68e-82	302
203bc726-ec1a-4666-b514-4b1cff027f45	NR_041953.1	92.770	1314	59	28	9	1300	164	1463	0.0	1868
203bc726-ec1a-4666-b514-4b1cff027f45	NR_042541.1	92.770	1314	59	28	9	1300	164	1463	0.0	1868
203bc726-ec1a-4666-b514-4b1cff027f45	NR_179889.1	92.612	1313	63	26	9	1300	191	1490	0.0	1857
203bc726-ec1a-4666-b514-4b1cff027f45	NR_181891.1	92.612	1313	63	26	9	1300	187	1486	0.0	1857
203bc726-ec1a-4666-b514-4b1cff027f45	NR_199513.1	92.536	1313	64	26	9	1300	191	1490	0.0	1851
ef0147ee-588c-4dcc-8a28-f0759c401659	NR_199513.1	93.874	506	26	5	5	507	735	232	0.0	758
ef0147ee-588c-4dcc-8a28-f0759c401659	NR_041953.1	93.676	506	27	5	5	507	708	205	0.0	752
ef0147ee-588c-4dcc-8a28-f0759c401659	NR_152710.1	93.676	506	27	5	5	507	689	186	0.0	752
ef0147ee-588c-4dcc-8a28-f0759c401659	NR_178447.1	93.676	506	27	5	5	507	642	139	0.0	752
ef0147ee-588c-4dcc-8a28-f0759c401659	NR_181891.1	93.676	506	27	5	5	507	731	228	0.0	752
8f9f4ed4-165b-44b7-80b1-85b3c859d4a1	NR_042776.1	96.813	910	19	9	1	905	1016	112	0.0	1511
8f9f4ed4-165b-44b7-80b1-85b3c859d4a1	NR_042778.1	96.593	910	21	9	1	905	1016	112	0.0	1500
8f9f4ed4-165b-44b7-80b1-85b3c859d4a1	NR_042777.1	96.484	910	21	10	1	905	1015	112	0.0	1493
8f9f4ed4-165b-44b7-80b1-85b3c859d4a1	NR_197695.1	96.264	910	24	9	1	905	1015	111	0.0	1483
8f9f4ed4-165b-44b7-80b1-85b3c859d4a1	NR_118998.1	96.040	909	27	8	1	905	1010	107	0.0	1472
86d9bcc3-af5b-495b-800d-154f6778bd8d	NR_197706.1	92.308	845	38	23	1	828	1400	566	0.0	1175
86d9bcc3-af5b-495b-800d-154f6778bd8d	NR_024918.1	92.189	845	40	23	1	828	1387	552	0.0	1171
86d9bcc3-af5b-495b-800d-154f6778bd8d	NR_024951.1	92.189	845	40	23	1	828	1390	555	0.0	1171
86d9bcc3-af5b-495b-800d-154f6778bd8d	NR_181890.1	92.189	845	40	23	1	828	1397	562	0.0	1171
86d9bcc3-af5b-495b-800d-154f6778bd8d	NR_181354.1	92.171	843	40	23	1	828	1397	566	0.0	1168
c917469b-89ed-4bc9-b416-8c4efbdcb03e	NR_024912.1	94.426	305	9	7	8	305	323	20	5.25e-130	462
c917469b-89ed-4bc9-b416-8c4efbdcb03e	NR_025164.1	94.426	305	9	7	8	305	310	7	5.25e-130	462
c917469b-89ed-4bc9-b416-8c4efbdcb03e	NR_028706.1	94.426	305	9	7	8	305	331	28	5.25e-130	462
c917469b-89ed-4bc9-b416-8c4efbdcb03e	NR_037092.1	94.426	305	9	7	8	305	328	25	5.25e-130	462
c917469b-89ed-4bc9-b416-8c4efbdcb03e	NR_042147.1	94.426	305	9	7	8	305	310	7	5.25e-130	462
fb1ed457-7085-42fd-92a0-163c928682f4	NR_043314.1	93.537	557	25	10	1	552	936	1486	0.0	819
fb1ed457-7085-42fd-92a0-163c928682f4	NR_116899.1	93.537	557	25	10	1	552	905	1455	0.0	819
fb1ed457-7085-42fd-92a0-163c928682f4	NR_178854.1	93.537	557	25	10	1	552	917	1467	0.0	819
fb1ed457-7085-42fd-92a0-163c928682f4	NR_179889.1	93.537	557	25	10	1	552	945	1495	0.0	819
fb1ed457-7085-42fd-92a0-163c928682f4	NR_041799.1	93.357	557	26	10	1	552	918	1468	0.0	813
c4a5a424-79e5-4f76-b339-d946247bf06b	NR_040933.1	97.818	275	0	6	1	272	1380	1109	2.76e-132	470
c4a5a424-79e5-4f76-b339-d946247bf06b	NR_104947.1	97.818	275	0	6	1	272	1331	1060	2.76e-132	470
c4a5a424-79e5-4f76-b339-d946247bf06b	NR_114040.1	97.818	275	0	6	1	272	1359	1088	2.76e-132	470
c4a5a424-79e5-4f76-b339-d946247bf06b	NR_117717.1	97.818	275	0	6	1	272	1378	1107	2.76e-132	470
c4a5a424-79e5-4f76-b339-d946247bf06b	NR_121687.1	97.818	275	0	6	1	272	1378	1107	2.76e-132	470
5280c03c-a072-4850-b8d5-70ada8acf4a4	NR_040859.1	98.925	93	0	1	1	92	1383	1475	4.44e-41	165
5280c03c-a072-4850-b8d5-70ada8acf4a4	NR_028806.1	98.925	93	0	1	1	92	1390	1482	4.44e-41	165
5280c03c-a072-4850-b8d5-70ada8acf4a4	NR_040992.1	98.925	93	0	1	1	92	1391	1483	4.44e-41	165
5280c03c-a072-4850-b8d5-70ada8acf4a4	NR_025881.1	98.925	93	0	1	1	92	1389	1481	4.44e-41	165
5280c03c-a072-4850-b8d5-70ada8acf4a4	NR_026395.1	98.925	93	0	1	1	92	1391	1483	4.44e-41	165
25a5350c-6111-42be-8bbd-66c410bc7b96	NR_024842.1	97.059	170	4	1	1	170	176	8	6.40e-77	285
25a5350c-6111-42be-8bbd-66c410bc7b96	NR_115241.1	96.914	162	4	1	1	162	161	1	1.79e-72	270
25a5350c-6111-42be-8bbd-66c410bc7b96	NR_114413.1	95.210	167	7	1	4	170	181	16	3.00e-70	263
25a5350c-6111-42be-8bbd-66c410bc7b96	NR_179720.1	95.210	167	7	1	4	170	178	13	3.00e-70	263
25a5350c-6111-42be-8bbd-66c410bc7b96	NR_199956.1	95.210	167	7	1	4	170	178	13	3.00e-70	263
736127dd-fca2-4c9b-b97f-480e39928c05	NR_024912.1	92.035	226	11	5	1	224	273	53	1.45e-84	311
736127dd-fca2-4c9b-b97f-480e39928c05	NR_025102.1	92.035	226	11	5	1	224	252	32	1.45e-84	311
736127dd-fca2-4c9b-b97f-480e39928c05	NR_025164.1	92.035	226	11	5	1	224	260	40	1.45e-84	311
736127dd-fca2-4c9b-b97f-480e39928c05	NR_028706.1	92.035	226	11	5	1	224	281	61	1.45e-84	311
736127dd-fca2-4c9b-b97f-480e39928c05	NR_037092.1	92.035	226	11	5	1	224	278	58	1.45e-84	311
2ca99dac-dd22-4025-b989-84df747ccd55	NR_043314.1	92.115	279	12	7	1	274	1179	1452	1.14e-106	385
2ca99dac-dd22-4025-b989-84df747ccd55	NR_114225.1	92.115	279	12	7	1	274	1161	1434	1.14e-106	385
2ca99dac-dd22-4025-b989-84df747ccd55	NR_114749.1	92.115	279	12	7	1	274	1181	1454	1.14e-106	385
2ca99dac-dd22-4025-b989-84df747ccd55	NR_116899.1	92.115	279	12	7	1	274	1148	1421	1.14e-106	385
2ca99dac-dd22-4025-b989-84df747ccd55	NR_178854.1	92.115	279	12	7	1	274	1160	1433	1.14e-106	385
651d8d18-73f7-4427-9c95-5c621d0174ae	NR_043332.1	88.312	231	6	13	5	221	1262	1485	1.86e-68	257
651d8d18-73f7-4427-9c95-5c621d0174ae	NR_074980.1	88.312	231	6	13	5	221	1289	1512	1.86e-68	257
651d8d18-73f7-4427-9c95-5c621d0174ae	NR_113031.1	88.312	231	6	13	5	221	1289	1512	1.86e-68	257
651d8d18-73f7-4427-9c95-5c621d0174ae	NR_025046.1	87.879	231	7	14	5	221	1258	1481	8.67e-67	252
651d8d18-73f7-4427-9c95-5c621d0174ae	NR_113376.1	87.879	231	7	14	5	221	1289	1512	8.67e-67	252
45e133b3-c63b-44b2-9f92-e57ec93d993d	NR_125571.1	98.000	150	3	0	1	150	150	1	2.96e-70	263
45e133b3-c63b-44b2-9f92-e57ec93d993d	NR_029097.1	95.238	126	6	0	1	126	126	1	2.35e-51	200
45e133b3-c63b-44b2-9f92-e57ec93d993d	NR_125570.1	98.148	108	2	0	1	108	108	1	5.09e-48	189
45e133b3-c63b-44b2-9f92-e57ec93d993d	NR_156907.1	84.971	173	20	6	1	169	183	13	1.85e-42	171
45e133b3-c63b-44b2-9f92-e57ec93d993d	NR_179447.1	84.971	173	20	6	1	169	186	16	1.85e-42	171
e66c02cd-e835-49f9-acdd-83a451d51c51	NR_042776.1	94.203	207	7	2	1	203	223	18	1.29e-84	311
e66c02cd-e835-49f9-acdd-83a451d51c51	NR_042778.1	94.203	207	7	2	1	203	223	18	1.29e-84	311
e66c02cd-e835-49f9-acdd-83a451d51c51	NR_118998.1	93.237	207	9	2	1	203	218	13	7.77e-82	302
e66c02cd-e835-49f9-acdd-83a451d51c51	NR_042777.1	93.237	207	9	2	1	203	223	18	2.79e-81	300
e66c02cd-e835-49f9-acdd-83a451d51c51	NR_197695.1	91.787	207	12	2	1	203	222	17	2.81e-76	283
5fcdd8de-c871-4ae1-a9ed-c40e039db176	NR_037101.1	96.212	132	3	2	1	131	1344	1474	6.46e-56	215
5fcdd8de-c871-4ae1-a9ed-c40e039db176	NR_040821.1	96.212	132	3	2	1	131	1344	1474	6.46e-56	215
5fcdd8de-c871-4ae1-a9ed-c40e039db176	NR_025148.1	96.212	132	3	2	1	131	1364	1494	6.46e-56	215
5fcdd8de-c871-4ae1-a9ed-c40e039db176	NR_028664.1	96.212	132	3	2	1	131	1365	1495	6.46e-56	215
5fcdd8de-c871-4ae1-a9ed-c40e039db176	NR_028666.1	96.212	132	3	2	1	131	1368	1498	6.46e-56	215
1bb032c1-9a77-41f5-a1d3-7ec35b4a9f28	NR_112620.1	91.053	190	12	2	29	213	1305	1494	8.28e-67	252
1bb032c1-9a77-41f5-a1d3-7ec35b4a9f28	NR_025550.1	90.000	190	14	3	29	213	1281	1470	1.79e-63	241
1bb032c1-9a77-41f5-a1d3-7ec35b4a9f28	NR_042764.1	90.374	187	13	2	29	210	1251	1437	1.79e-63	241
1bb032c1-9a77-41f5-a1d3-7ec35b4a9f28	NR_025140.1	89.474	190	15	3	29	213	1281	1470	8.34e-62	235
1bb032c1-9a77-41f5-a1d3-7ec35b4a9f28	NR_043666.1	89.474	190	15	3	29	213	1303	1492	8.34e-62	235
54d28e9f-c424-442c-9841-24ea377e0e88	NR_133752.1	95.318	299	3	10	1	288	904	1202	1.37e-130	464
54d28e9f-c424-442c-9841-24ea377e0e88	NR_133753.1	95.318	299	3	10	1	288	933	1231	1.37e-130	464
54d28e9f-c424-442c-9841-24ea377e0e88	NR_025903.1	95.318	299	3	10	1	288	979	1277	1.37e-130	464
54d28e9f-c424-442c-9841-24ea377e0e88	NR_025904.1	94.983	299	4	10	1	288	978	1276	6.36e-129	459
54d28e9f-c424-442c-9841-24ea377e0e88	NR_026419.1	92.977	299	10	10	1	288	967	1265	6.45e-119	425
d922519c-593d-4828-8b82-848fe6683710	NR_170438.1	93.056	216	7	6	1	214	232	23	5.35e-84	309
d922519c-593d-4828-8b82-848fe6683710	NR_024901.1	93.023	215	7	6	1	213	236	28	1.93e-83	307
d922519c-593d-4828-8b82-848fe6683710	NR_024912.1	93.023	215	7	6	1	213	236	28	1.93e-83	307
d922519c-593d-4828-8b82-848fe6683710	NR_024928.1	93.023	215	7	6	1	213	236	28	1.93e-83	307
d922519c-593d-4828-8b82-848fe6683710	NR_025102.1	93.023	215	7	6	1	213	215	7	1.93e-83	307
9e4167b7-3179-4efa-97ac-be874088d314	NR_037101.1	97.110	173	3	2	1	173	1434	1264	1.41e-78	291
9e4167b7-3179-4efa-97ac-be874088d314	NR_040821.1	97.110	173	3	2	1	173	1434	1264	1.41e-78	291
9e4167b7-3179-4efa-97ac-be874088d314	NR_025148.1	97.110	173	3	2	1	173	1454	1284	1.41e-78	291
9e4167b7-3179-4efa-97ac-be874088d314	NR_037002.1	97.110	173	3	2	1	173	1454	1284	1.41e-78	291
9e4167b7-3179-4efa-97ac-be874088d314	NR_040820.1	97.110	173	3	2	1	173	1434	1264	1.41e-78	291
43a27480-6f24-462e-84f7-212876e78d21	NR_117694.1	93.907	279	8	9	18	288	278	1	5.08e-115	412
43a27480-6f24-462e-84f7-212876e78d21	NR_025892.1	93.548	279	9	9	18	288	304	27	6.57e-114	409
43a27480-6f24-462e-84f7-212876e78d21	NR_117717.1	91.039	279	16	9	18	288	299	22	1.11e-101	368
43a27480-6f24-462e-84f7-212876e78d21	NR_121687.1	91.071	280	14	11	18	288	298	21	1.11e-101	368
43a27480-6f24-462e-84f7-212876e78d21	NR_121688.1	91.039	279	16	9	18	288	298	21	1.11e-101	368
8818eb1b-35ed-4eb6-a13a-84d6db551736	NR_163639.1	92.500	160	5	4	1	153	4	163	4.44e-58	222
8818eb1b-35ed-4eb6-a13a-84d6db551736	NR_074980.1	92.453	159	5	4	2	153	13	171	1.60e-57	220
8818eb1b-35ed-4eb6-a13a-84d6db551736	NR_113031.1	92.453	159	5	4	2	153	13	171	1.60e-57	220
8818eb1b-35ed-4eb6-a13a-84d6db551736	NR_117759.1	93.878	147	2	4	14	153	1	147	7.43e-56	215
8818eb1b-35ed-4eb6-a13a-84d6db551736	NR_119168.1	93.878	147	2	4	14	153	3	149	7.43e-56	215
89dfa625-951d-499e-bdcb-23e026cacb0d	NR_117425.1	93.000	300	9	12	4	297	619	326	1.94e-119	427
89dfa625-951d-499e-bdcb-23e026cacb0d	NR_178515.1	93.000	300	9	12	4	297	616	323	1.94e-119	427
89dfa625-951d-499e-bdcb-23e026cacb0d	NR_024659.1	92.333	300	11	12	4	297	597	304	4.20e-116	416
89dfa625-951d-499e-bdcb-23e026cacb0d	NR_028833.1	92.333	300	11	12	4	297	643	350	4.20e-116	416
89dfa625-951d-499e-bdcb-23e026cacb0d	NR_116212.1	92.333	300	11	12	4	297	539	246	4.20e-116	416
1ad16e51-4672-40cb-ad94-5d8bfcf3126f	NR_024901.1	97.872	141	0	2	1	138	158	18	1.19e-63	241
1ad16e51-4672-40cb-ad94-5d8bfcf3126f	NR_024912.1	97.872	141	0	2	1	138	158	18	1.19e-63	241
1ad16e51-4672-40cb-ad94-5d8bfcf3126f	NR_024928.1	97.872	141	0	2	1	138	158	18	1.19e-63	241
1ad16e51-4672-40cb-ad94-5d8bfcf3126f	NR_025164.1	97.872	141	0	2	1	138	145	5	1.19e-63	241
1ad16e51-4672-40cb-ad94-5d8bfcf3126f	NR_025586.1	97.872	141	0	2	1	138	153	13	1.19e-63	241
2655e45e-ed69-46e0-92c8-e15440dff9e3	NR_025902.1	94.737	266	6	7	1	259	1181	1445	2.12e-113	407
2655e45e-ed69-46e0-92c8-e15440dff9e3	NR_040933.1	94.737	266	6	7	1	259	1225	1489	2.12e-113	407
2655e45e-ed69-46e0-92c8-e15440dff9e3	NR_117717.1	94.737	266	6	7	1	259	1223	1487	2.12e-113	407
2655e45e-ed69-46e0-92c8-e15440dff9e3	NR_121688.1	94.737	266	6	7	1	259	1223	1487	2.12e-113	407
2655e45e-ed69-46e0-92c8-e15440dff9e3	NR_117692.1	94.737	266	6	7	1	259	1203	1467	2.12e-113	407
550eccb4-e6e4-4e9b-8b61-5f3bf4076fed	NR_136445.1	96.209	211	5	3	5	212	1405	1195	4.75e-94	342
550eccb4-e6e4-4e9b-8b61-5f3bf4076fed	NR_041715.1	95.735	211	6	3	5	212	1393	1183	2.21e-92	337
550eccb4-e6e4-4e9b-8b61-5f3bf4076fed	NR_024704.1	95.735	211	6	3	5	212	1393	1183	2.21e-92	337
550eccb4-e6e4-4e9b-8b61-5f3bf4076fed	NR_024946.1	95.735	211	6	3	5	212	1393	1183	2.21e-92	337
550eccb4-e6e4-4e9b-8b61-5f3bf4076fed	NR_036909.1	95.735	211	6	3	5	212	1403	1193	2.21e-92	337
9f8cfa59-3703-43b4-9b2a-4603dc5e44b8	NR_104279.1	96.552	145	3	2	1	145	1333	1475	4.34e-63	239
9f8cfa59-3703-43b4-9b2a-4603dc5e44b8	NR_114911.1	96.552	145	3	2	1	145	1344	1486	4.34e-63	239
9f8cfa59-3703-43b4-9b2a-4603dc5e44b8	NR_040859.1	95.862	145	4	2	1	145	1333	1475	2.02e-61	233
9f8cfa59-3703-43b4-9b2a-4603dc5e44b8	NR_040992.1	95.862	145	4	2	1	145	1341	1483	2.02e-61	233
9f8cfa59-3703-43b4-9b2a-4603dc5e44b8	NR_025881.1	95.862	145	4	2	1	145	1339	1481	2.02e-61	233
682f88aa-a63b-4fee-bc65-1f1cdf5297fe	NR_170438.1	94.097	288	8	7	1	281	286	1	4.84e-120	429
682f88aa-a63b-4fee-bc65-1f1cdf5297fe	NR_025586.1	93.728	287	9	7	1	280	285	1	8.09e-118	422
682f88aa-a63b-4fee-bc65-1f1cdf5297fe	NR_025587.1	93.728	287	9	7	1	280	285	1	8.09e-118	422
682f88aa-a63b-4fee-bc65-1f1cdf5297fe	NR_164626.1	93.403	288	10	7	1	281	287	2	1.05e-116	418
682f88aa-a63b-4fee-bc65-1f1cdf5297fe	NR_024912.1	93.380	287	10	7	1	280	290	6	3.77e-116	416
e15056b0-e878-4a82-a488-502f9a72facb	NR_024842.1	95.385	130	0	2	1	125	1361	1489	4.68e-52	202
e15056b0-e878-4a82-a488-502f9a72facb	NR_041706.1	95.385	130	0	2	1	125	1356	1484	4.68e-52	202
e15056b0-e878-4a82-a488-502f9a72facb	NR_042052.1	95.385	130	0	2	1	125	1269	1397	4.68e-52	202
e15056b0-e878-4a82-a488-502f9a72facb	NR_025625.1	95.385	130	0	2	1	125	1355	1483	4.68e-52	202
e15056b0-e878-4a82-a488-502f9a72facb	NR_028705.1	95.385	130	0	2	1	125	1359	1487	4.68e-52	202
237d9f58-0e7e-41ef-b8e4-cf072779f358	NR_164626.1	97.101	138	2	2	1	137	137	1	6.53e-61	231
237d9f58-0e7e-41ef-b8e4-cf072779f358	NR_024901.1	97.761	134	2	1	1	133	140	7	2.35e-60	230
237d9f58-0e7e-41ef-b8e4-cf072779f358	NR_024911.1	97.761	134	2	1	1	133	140	7	2.35e-60	230
237d9f58-0e7e-41ef-b8e4-cf072779f358	NR_024912.1	97.761	134	2	1	1	133	140	7	2.35e-60	230
237d9f58-0e7e-41ef-b8e4-cf072779f358	NR_024928.1	97.761	134	2	1	1	133	140	7	2.35e-60	230
a020694f-1098-41fe-8278-8154d4128c4e	NR_040859.1	99.561	228	1	0	7	234	1248	1475	3.14e-116	416
a020694f-1098-41fe-8278-8154d4128c4e	NR_040992.1	99.561	228	1	0	7	234	1256	1483	3.14e-116	416
a020694f-1098-41fe-8278-8154d4128c4e	NR_025881.1	99.561	228	1	0	7	234	1254	1481	3.14e-116	416
a020694f-1098-41fe-8278-8154d4128c4e	NR_024662.1	99.561	228	1	0	7	234	1256	1483	3.14e-116	416
a020694f-1098-41fe-8278-8154d4128c4e	NR_024910.1	99.561	228	1	0	7	234	1247	1474	3.14e-116	416
e6edb8bc-b80f-4783-b2d1-6b8f6bb7322c	NR_074980.1	96.795	156	2	3	1	153	172	17	1.26e-68	257
e6edb8bc-b80f-4783-b2d1-6b8f6bb7322c	NR_113031.1	96.795	156	2	3	1	153	172	17	1.26e-68	257
e6edb8bc-b80f-4783-b2d1-6b8f6bb7322c	NR_163639.1	96.795	156	2	3	1	153	164	9	1.26e-68	257
e6edb8bc-b80f-4783-b2d1-6b8f6bb7322c	NR_119168.1	96.667	150	2	3	1	147	150	1	2.72e-65	246
e6edb8bc-b80f-4783-b2d1-6b8f6bb7322c	NR_119169.1	96.667	150	2	3	1	147	150	1	2.72e-65	246
dba7985f-3547-4a7d-91f0-2b7791553cb6	NR_164626.1	90.417	240	7	11	1	228	237	2	8.75e-82	302
dba7985f-3547-4a7d-91f0-2b7791553cb6	NR_170438.1	90.417	240	7	11	1	228	236	1	8.75e-82	302
dba7985f-3547-4a7d-91f0-2b7791553cb6	NR_024912.1	90.377	239	7	11	1	227	240	6	3.15e-81	300
dba7985f-3547-4a7d-91f0-2b7791553cb6	NR_025586.1	90.377	239	7	11	1	227	235	1	3.15e-81	300
dba7985f-3547-4a7d-91f0-2b7791553cb6	NR_025587.1	90.377	239	7	11	1	227	235	1	3.15e-81	300
d02c6f5c-4477-4bf4-9cd5-882b07961570	NR_199513.1	94.821	251	6	7	1	245	620	371	9.39e-107	385
d02c6f5c-4477-4bf4-9cd5-882b07961570	NR_040859.1	94.422	251	7	7	1	245	605	356	4.37e-105	379
d02c6f5c-4477-4bf4-9cd5-882b07961570	NR_037092.1	94.400	250	8	5	1	245	610	362	4.37e-105	379
d02c6f5c-4477-4bf4-9cd5-882b07961570	NR_041953.1	94.422	251	7	7	1	245	593	344	4.37e-105	379
d02c6f5c-4477-4bf4-9cd5-882b07961570	NR_104278.1	94.422	251	7	7	1	245	605	356	4.37e-105	379
2dd93aed-87c9-46c5-b527-147e92989d2f	NR_025902.1	98.113	53	0	1	1	52	1389	1441	3.73e-19	91.6
2dd93aed-87c9-46c5-b527-147e92989d2f	NR_028844.1	98.113	53	0	1	1	52	1420	1472	3.73e-19	91.6
2dd93aed-87c9-46c5-b527-147e92989d2f	NR_040933.1	98.113	53	0	1	1	52	1433	1485	3.73e-19	91.6
2dd93aed-87c9-46c5-b527-147e92989d2f	NR_114098.1	98.113	53	0	1	1	52	1409	1461	3.73e-19	91.6
2dd93aed-87c9-46c5-b527-147e92989d2f	NR_117717.1	98.113	53	0	1	1	52	1431	1483	3.73e-19	91.6
fdc9cab6-ce7b-4936-9c4b-24cc6a14a130	NR_117694.1	95.031	161	2	5	1	157	163	5	8.23e-66	248
fdc9cab6-ce7b-4936-9c4b-24cc6a14a130	NR_025892.1	94.410	161	3	5	1	157	189	31	3.83e-64	243
fdc9cab6-ce7b-4936-9c4b-24cc6a14a130	NR_104830.1	93.210	162	4	6	1	157	178	19	8.29e-61	231
fdc9cab6-ce7b-4936-9c4b-24cc6a14a130	NR_117717.1	93.125	160	7	3	1	157	184	26	8.29e-61	231
fdc9cab6-ce7b-4936-9c4b-24cc6a14a130	NR_121688.1	93.125	160	7	3	1	157	183	25	8.29e-61	231
191af260-6241-46c7-b8b4-58f8d491ca8f	NR_040821.1	93.411	258	16	1	1	257	1218	1475	1.28e-105	381
191af260-6241-46c7-b8b4-58f8d491ca8f	NR_024634.1	93.411	258	16	1	1	257	1229	1486	1.28e-105	381
191af260-6241-46c7-b8b4-58f8d491ca8f	NR_025148.1	93.411	258	16	1	1	257	1238	1495	1.28e-105	381
191af260-6241-46c7-b8b4-58f8d491ca8f	NR_040820.1	93.411	258	16	1	1	257	1218	1475	1.28e-105	381
191af260-6241-46c7-b8b4-58f8d491ca8f	NR_134817.1	93.411	258	15	2	1	257	1231	1487	1.28e-105	381
da4e4ccb-3573-4ab6-9f66-cd1bf6ac148f	NR_116904.1	91.724	145	6	5	1	139	999	1143	2.49e-50	196
da4e4ccb-3573-4ab6-9f66-cd1bf6ac148f	NR_026534.1	91.096	146	5	7	1	139	987	1131	1.16e-48	191
da4e4ccb-3573-4ab6-9f66-cd1bf6ac148f	NR_024734.1	91.096	146	5	7	1	139	987	1131	1.16e-48	191
da4e4ccb-3573-4ab6-9f66-cd1bf6ac148f	NR_024927.1	91.034	145	7	5	1	139	1000	1144	1.16e-48	191
da4e4ccb-3573-4ab6-9f66-cd1bf6ac148f	NR_024928.1	91.034	145	7	5	1	139	1000	1144	1.16e-48	191
6781748c-3454-4176-8bcc-799add2c3c33	NR_037092.1	92.742	248	11	6	4	244	529	282	9.36e-97	351
6781748c-3454-4176-8bcc-799add2c3c33	NR_040859.1	92.369	249	11	8	4	244	524	276	1.21e-95	348
6781748c-3454-4176-8bcc-799add2c3c33	NR_024901.1	92.369	249	11	8	4	244	525	277	1.21e-95	348
6781748c-3454-4176-8bcc-799add2c3c33	NR_024912.1	92.369	249	11	8	4	244	525	277	1.21e-95	348
6781748c-3454-4176-8bcc-799add2c3c33	NR_024928.1	92.369	249	11	8	4	244	525	277	1.21e-95	348
b4898210-c5ed-4801-99cf-12ff5f9cd245	NR_136788.1	93.697	238	10	4	1	234	1052	816	8.81e-97	351
b4898210-c5ed-4801-99cf-12ff5f9cd245	NR_113082.1	89.121	239	19	6	1	234	1052	816	1.95e-78	291
b4898210-c5ed-4801-99cf-12ff5f9cd245	NR_026230.1	88.655	238	22	4	1	234	1030	794	7.01e-78	289
b4898210-c5ed-4801-99cf-12ff5f9cd245	NR_025908.1	98.065	155	1	2	82	234	975	821	9.13e-72	268
b4898210-c5ed-4801-99cf-12ff5f9cd245	NR_136443.1	86.441	236	27	4	1	232	1014	780	2.56e-67	254
a124ee10-2da3-4029-b1ca-62c7a4b2cb38	NR_041989.1	93.678	174	5	6	1	172	190	21	5.15e-68	255
a124ee10-2da3-4029-b1ca-62c7a4b2cb38	NR_117694.1	93.678	174	5	6	1	172	232	63	5.15e-68	255
a124ee10-2da3-4029-b1ca-62c7a4b2cb38	NR_025892.1	92.529	174	7	6	1	172	258	89	3.10e-65	246
a124ee10-2da3-4029-b1ca-62c7a4b2cb38	NR_025893.1	90.419	167	10	6	1	165	256	94	8.75e-56	215
a124ee10-2da3-4029-b1ca-62c7a4b2cb38	NR_025902.1	89.080	174	14	5	1	172	210	40	1.13e-54	211
2cfec013-058e-4e5e-ac75-60fd3fbffb6c	NR_118155.1	97.287	258	5	2	1	256	1010	753	2.61e-122	436
2cfec013-058e-4e5e-ac75-60fd3fbffb6c	NR_169411.1	97.287	258	5	2	1	256	1007	750	2.61e-122	436
2cfec013-058e-4e5e-ac75-60fd3fbffb6c	NR_178340.1	97.287	258	5	2	1	256	655	398	2.61e-122	436
2cfec013-058e-4e5e-ac75-60fd3fbffb6c	NR_179168.1	97.287	258	5	2	1	256	1010	753	2.61e-122	436
2cfec013-058e-4e5e-ac75-60fd3fbffb6c	NR_179327.1	97.287	258	5	2	1	256	960	703	2.61e-122	436
50011309-f588-452d-8bed-46137763c5b1	NR_041989.1	92.424	132	4	5	1	128	224	95	2.06e-46	183
50011309-f588-452d-8bed-46137763c5b1	NR_117694.1	92.424	132	4	5	1	128	266	137	2.06e-46	183
50011309-f588-452d-8bed-46137763c5b1	NR_025902.1	90.698	129	6	5	1	125	244	118	2.08e-41	167
50011309-f588-452d-8bed-46137763c5b1	NR_104944.1	90.152	132	7	5	1	128	227	98	2.08e-41	167
50011309-f588-452d-8bed-46137763c5b1	NR_117692.1	90.698	129	6	5	1	125	266	140	2.08e-41	167
5779d989-41dc-4626-9264-8805423fc76c	NR_028665.1	95.307	277	8	4	1	274	1469	1195	1.03e-121	435
5779d989-41dc-4626-9264-8805423fc76c	NR_114172.1	95.307	277	8	4	1	274	1452	1178	1.03e-121	435
5779d989-41dc-4626-9264-8805423fc76c	NR_115239.1	95.307	277	8	4	1	274	1452	1178	1.03e-121	435
5779d989-41dc-4626-9264-8805423fc76c	NR_027214.1	95.307	277	8	4	1	274	1452	1178	1.03e-121	435
5779d989-41dc-4626-9264-8805423fc76c	NR_165741.1	95.307	277	8	4	1	274	1461	1187	1.03e-121	435
4b1e1d58-fd6c-45c9-9f50-32a717b67097	NR_024918.1	97.189	249	4	3	1	247	1233	1480	9.10e-117	418
4b1e1d58-fd6c-45c9-9f50-32a717b67097	NR_028986.1	97.189	249	4	3	1	247	1220	1467	9.10e-117	418
4b1e1d58-fd6c-45c9-9f50-32a717b67097	NR_036998.1	97.189	249	4	3	1	247	1219	1466	9.10e-117	418
4b1e1d58-fd6c-45c9-9f50-32a717b67097	NR_041799.1	97.189	249	4	3	1	247	1220	1467	9.10e-117	418
4b1e1d58-fd6c-45c9-9f50-32a717b67097	NR_043314.1	97.189	249	4	3	1	247	1238	1485	9.10e-117	418
2c1252b5-37d3-4f41-b0f0-36fc6c7a668e	NR_024924.1	89.189	222	12	11	1	215	824	608	3.00e-71	267
2c1252b5-37d3-4f41-b0f0-36fc6c7a668e	NR_025164.1	89.238	223	10	13	1	215	813	597	3.00e-71	267
2c1252b5-37d3-4f41-b0f0-36fc6c7a668e	NR_025174.1	89.238	223	10	13	1	215	821	605	3.00e-71	267
2c1252b5-37d3-4f41-b0f0-36fc6c7a668e	NR_028986.1	89.238	223	10	13	1	215	813	597	3.00e-71	267
2c1252b5-37d3-4f41-b0f0-36fc6c7a668e	NR_028987.1	89.238	223	10	13	1	215	813	597	3.00e-71	267
7aba9a16-57af-40c1-8edf-596c3c713223	NR_024912.1	87.372	293	12	19	1	275	508	223	5.06e-85	313
7aba9a16-57af-40c1-8edf-596c3c713223	NR_025228.1	87.372	293	12	19	1	275	491	206	5.06e-85	313
7aba9a16-57af-40c1-8edf-596c3c713223	NR_041953.1	87.372	293	12	19	1	275	495	210	5.06e-85	313
7aba9a16-57af-40c1-8edf-596c3c713223	NR_042147.1	87.372	293	12	19	1	275	495	210	5.06e-85	313
7aba9a16-57af-40c1-8edf-596c3c713223	NR_042541.1	87.372	293	12	19	1	275	495	210	5.06e-85	313
2ee928ff-b27d-4aa4-bd5e-d59b64cc9dff	NR_024704.1	94.397	232	5	8	7	231	1242	1012	3.12e-96	350
2ee928ff-b27d-4aa4-bd5e-d59b64cc9dff	NR_024946.1	94.397	232	5	8	7	231	1242	1012	3.12e-96	350
2ee928ff-b27d-4aa4-bd5e-d59b64cc9dff	NR_036909.1	94.397	232	5	8	7	231	1252	1022	3.12e-96	350
2ee928ff-b27d-4aa4-bd5e-d59b64cc9dff	NR_043314.1	94.397	232	5	7	7	231	1252	1022	3.12e-96	350
2ee928ff-b27d-4aa4-bd5e-d59b64cc9dff	NR_112077.1	94.397	232	5	8	7	231	1252	1022	3.12e-96	350
05845b87-ca54-408c-b9ec-9ba71a8187d8	NR_163639.1	89.825	285	13	13	1	273	284	4	1.04e-96	351
05845b87-ca54-408c-b9ec-9ba71a8187d8	NR_119168.1	90.741	270	10	12	1	258	270	4	4.85e-95	346
05845b87-ca54-408c-b9ec-9ba71a8187d8	NR_074980.1	89.437	284	14	13	1	272	292	13	1.75e-94	344
05845b87-ca54-408c-b9ec-9ba71a8187d8	NR_113031.1	89.437	284	14	13	1	272	292	13	1.75e-94	344
05845b87-ca54-408c-b9ec-9ba71a8187d8	NR_119169.1	90.370	270	11	12	1	258	270	4	6.28e-94	342
15b2f984-0478-42c1-bac2-6d85e3b4b1bc	NR_043314.1	96.667	180	6	0	1	180	1112	1291	2.50e-81	300
15b2f984-0478-42c1-bac2-6d85e3b4b1bc	NR_116905.1	96.667	180	6	0	1	180	1115	1294	2.50e-81	300
15b2f984-0478-42c1-bac2-6d85e3b4b1bc	NR_114749.1	96.667	180	6	0	1	180	1114	1293	2.50e-81	300
15b2f984-0478-42c1-bac2-6d85e3b4b1bc	NR_116899.1	96.667	180	6	0	1	180	1081	1260	2.50e-81	300
15b2f984-0478-42c1-bac2-6d85e3b4b1bc	NR_118125.1	96.667	180	6	0	1	180	1101	1280	2.50e-81	300
05155b63-34d8-446d-b414-ed6318ed89c4	NR_036870.1	100.000	48	0	0	4	51	1422	1469	1.09e-18	89.8
05155b63-34d8-446d-b414-ed6318ed89c4	NR_025359.1	98.000	50	1	0	2	51	1446	1495	3.91e-18	87.9
05155b63-34d8-446d-b414-ed6318ed89c4	NR_027217.1	98.000	50	1	0	2	51	1425	1474	3.91e-18	87.9
05155b63-34d8-446d-b414-ed6318ed89c4	NR_044741.1	98.000	50	1	0	2	51	1407	1456	3.91e-18	87.9
05155b63-34d8-446d-b414-ed6318ed89c4	NR_180040.1	98.000	50	1	0	2	51	1449	1498	3.91e-18	87.9
a0193b21-44ac-4799-aee5-07b2bd60689c	NR_041989.1	98.077	104	1	1	3	105	239	136	1.77e-45	180
a0193b21-44ac-4799-aee5-07b2bd60689c	NR_117694.1	98.077	104	1	1	3	105	281	178	1.77e-45	180
a0193b21-44ac-4799-aee5-07b2bd60689c	NR_025893.1	97.115	104	2	1	3	105	305	202	8.25e-44	174
a0193b21-44ac-4799-aee5-07b2bd60689c	NR_025902.1	97.115	104	2	1	3	105	259	156	8.25e-44	174
a0193b21-44ac-4799-aee5-07b2bd60689c	NR_104944.1	97.115	104	2	1	3	105	242	139	8.25e-44	174
8179fba6-96a3-47c4-866d-0b469496395e	NR_136788.1	95.595	227	4	4	1	224	1232	1009	5.29e-99	359
8179fba6-96a3-47c4-866d-0b469496395e	NR_113082.1	94.170	223	7	4	1	220	1232	1013	8.92e-92	335
8179fba6-96a3-47c4-866d-0b469496395e	NR_026230.1	94.144	222	7	4	1	219	1210	992	3.21e-91	333
8179fba6-96a3-47c4-866d-0b469496395e	NR_114305.1	89.091	220	18	4	1	217	1233	1017	9.17e-72	268
8179fba6-96a3-47c4-866d-0b469496395e	NR_116726.1	89.091	220	18	4	1	217	1213	997	9.17e-72	268
e819a5b6-0bd2-48e1-8743-915813a7e452	NR_024841.1	95.556	315	7	7	1	309	1172	859	1.46e-140	497
e819a5b6-0bd2-48e1-8743-915813a7e452	NR_028665.1	95.556	315	7	7	1	309	1173	860	1.46e-140	497
e819a5b6-0bd2-48e1-8743-915813a7e452	NR_042927.1	95.556	315	7	7	1	309	1158	845	1.46e-140	497
e819a5b6-0bd2-48e1-8743-915813a7e452	NR_112026.1	95.556	315	7	7	1	309	1138	825	1.46e-140	497
e819a5b6-0bd2-48e1-8743-915813a7e452	NR_113260.1	95.556	315	7	7	1	309	1158	845	1.46e-140	497
3f19b497-804d-41ad-9d1d-99e8d59cadca	NR_025892.1	97.585	207	2	2	1	204	226	20	2.15e-97	353
3f19b497-804d-41ad-9d1d-99e8d59cadca	NR_117694.1	98.500	200	0	2	1	197	200	1	2.78e-96	350
3f19b497-804d-41ad-9d1d-99e8d59cadca	NR_104830.1	93.780	209	9	3	3	207	213	5	1.31e-84	311
3f19b497-804d-41ad-9d1d-99e8d59cadca	NR_121687.1	93.750	208	8	4	1	204	220	14	1.70e-83	307
3f19b497-804d-41ad-9d1d-99e8d59cadca	NR_117692.1	94.500	200	8	2	1	197	200	1	6.10e-83	305
5ccaac49-c9a9-4f34-b7e0-e82e69e49650	NR_040859.1	94.581	203	4	5	1	200	969	771	1.64e-83	307
5ccaac49-c9a9-4f34-b7e0-e82e69e49650	NR_025881.1	94.581	203	4	5	1	200	975	777	1.64e-83	307
5ccaac49-c9a9-4f34-b7e0-e82e69e49650	NR_026532.1	94.581	203	4	5	1	200	959	761	1.64e-83	307
5ccaac49-c9a9-4f34-b7e0-e82e69e49650	NR_024662.1	94.581	203	4	5	1	200	977	779	1.64e-83	307
5ccaac49-c9a9-4f34-b7e0-e82e69e49650	NR_024910.1	94.581	203	4	5	1	200	968	770	1.64e-83	307
a977a900-89f9-4bd6-842d-de321f4a1112	NR_116168.1	97.980	99	1	1	1	98	120	22	1.06e-42	171
a977a900-89f9-4bd6-842d-de321f4a1112	NR_042878.1	96.970	99	2	1	1	98	99	1	1.36e-41	167
a977a900-89f9-4bd6-842d-de321f4a1112	NR_118762.1	94.949	99	4	1	1	98	123	25	8.22e-39	158
a977a900-89f9-4bd6-842d-de321f4a1112	NR_115214.1	93.939	99	5	1	1	98	99	1	1.37e-36	150
a977a900-89f9-4bd6-842d-de321f4a1112	NR_137345.1	94.845	97	4	1	1	96	101	5	1.37e-36	150
c279ac45-ff6c-4fde-aebd-7666cc8496e6	NR_024901.1	93.000	100	1	3	1	94	106	7	7.29e-34	141
c279ac45-ff6c-4fde-aebd-7666cc8496e6	NR_024911.1	93.000	100	1	3	1	94	106	7	7.29e-34	141
c279ac45-ff6c-4fde-aebd-7666cc8496e6	NR_024912.1	93.000	100	1	3	1	94	106	7	7.29e-34	141
c279ac45-ff6c-4fde-aebd-7666cc8496e6	NR_024927.1	93.000	100	1	3	1	94	106	7	7.29e-34	141
c279ac45-ff6c-4fde-aebd-7666cc8496e6	NR_024928.1	93.000	100	1	3	1	94	106	7	7.29e-34	141
496b8f2f-45da-4cda-87ec-f336cc11b9ba	NR_163639.1	89.516	124	5	7	3	121	123	3	1.62e-36	150
496b8f2f-45da-4cda-87ec-f336cc11b9ba	NR_074980.1	89.344	122	5	7	3	119	131	13	2.10e-35	147
496b8f2f-45da-4cda-87ec-f336cc11b9ba	NR_113031.1	89.344	122	5	7	3	119	131	13	2.10e-35	147
496b8f2f-45da-4cda-87ec-f336cc11b9ba	NR_113376.1	88.525	122	6	7	3	119	131	13	9.75e-34	141
496b8f2f-45da-4cda-87ec-f336cc11b9ba	NR_113377.1	88.525	122	6	6	3	119	131	13	9.75e-34	141
417b6d21-8db3-448f-9df1-89b4673e76b9	NR_115608.1	95.964	223	6	3	1	220	1224	1446	4.92e-99	359
417b6d21-8db3-448f-9df1-89b4673e76b9	NR_024918.1	95.516	223	7	3	1	220	1258	1480	2.29e-97	353
417b6d21-8db3-448f-9df1-89b4673e76b9	NR_025164.1	95.516	223	7	3	1	220	1245	1467	2.29e-97	353
417b6d21-8db3-448f-9df1-89b4673e76b9	NR_028986.1	95.516	223	7	3	1	220	1245	1467	2.29e-97	353
417b6d21-8db3-448f-9df1-89b4673e76b9	NR_036998.1	95.516	223	7	3	1	220	1244	1466	2.29e-97	353
7dfdd101-5fb7-479e-b379-a7fd1e9727f4	NR_040859.1	100.000	113	0	0	1	113	1363	1475	2.50e-54	209
7dfdd101-5fb7-479e-b379-a7fd1e9727f4	NR_028806.1	100.000	113	0	0	1	113	1370	1482	2.50e-54	209
7dfdd101-5fb7-479e-b379-a7fd1e9727f4	NR_040992.1	100.000	113	0	0	1	113	1371	1483	2.50e-54	209
7dfdd101-5fb7-479e-b379-a7fd1e9727f4	NR_025881.1	100.000	113	0	0	1	113	1369	1481	2.50e-54	209
7dfdd101-5fb7-479e-b379-a7fd1e9727f4	NR_026395.1	100.000	113	0	0	1	113	1371	1483	2.50e-54	209
1d8701e3-ae9c-425d-8e96-90afe519b1cb	NR_024842.1	95.302	298	6	7	9	300	1135	1430	3.94e-131	466
1d8701e3-ae9c-425d-8e96-90afe519b1cb	NR_115241.1	95.302	298	6	7	9	300	1120	1415	3.94e-131	466
1d8701e3-ae9c-425d-8e96-90afe519b1cb	NR_115735.1	95.302	298	6	7	9	300	1111	1406	3.94e-131	466
1d8701e3-ae9c-425d-8e96-90afe519b1cb	NR_117425.1	95.302	298	6	7	9	300	1123	1418	3.94e-131	466
1d8701e3-ae9c-425d-8e96-90afe519b1cb	NR_179720.1	95.302	298	6	7	9	300	1140	1435	3.94e-131	466
c4db7fac-2cdf-47e3-ae75-468498aefa2e	NR_136788.1	95.385	130	5	1	13	142	1345	1473	4.44e-53	206
c4db7fac-2cdf-47e3-ae75-468498aefa2e	NR_136443.1	94.400	125	5	2	13	137	1307	1429	1.24e-48	191
c4db7fac-2cdf-47e3-ae75-468498aefa2e	NR_026230.1	93.077	130	8	1	13	142	1323	1451	4.47e-48	189
c4db7fac-2cdf-47e3-ae75-468498aefa2e	NR_113076.1	90.769	130	11	1	13	142	1330	1458	4.50e-43	172
c4db7fac-2cdf-47e3-ae75-468498aefa2e	NR_165699.1	90.769	130	11	1	13	142	1342	1470	4.50e-43	172
3514599d-0db2-49cd-8713-ace369e00b54	NR_024901.1	97.414	116	2	1	12	127	125	11	2.26e-50	196
3514599d-0db2-49cd-8713-ace369e00b54	NR_024911.1	97.414	116	2	1	12	127	125	11	2.26e-50	196
3514599d-0db2-49cd-8713-ace369e00b54	NR_024912.1	97.414	116	2	1	12	127	125	11	2.26e-50	196
3514599d-0db2-49cd-8713-ace369e00b54	NR_024927.1	97.414	116	2	1	12	127	125	11	2.26e-50	196
3514599d-0db2-49cd-8713-ace369e00b54	NR_024928.1	97.414	116	2	1	12	127	125	11	2.26e-50	196
1e94d6a7-87c1-4979-ac3d-e38f85ea766b	NR_028665.1	96.350	137	3	2	2	136	146	10	1.09e-58	224
1e94d6a7-87c1-4979-ac3d-e38f85ea766b	NR_117719.1	96.350	137	3	2	2	136	149	13	1.09e-58	224
1e94d6a7-87c1-4979-ac3d-e38f85ea766b	NR_179383.1	96.350	137	3	2	2	136	156	20	1.09e-58	224
1e94d6a7-87c1-4979-ac3d-e38f85ea766b	NR_179540.1	96.350	137	3	2	2	136	149	13	1.09e-58	224
1e94d6a7-87c1-4979-ac3d-e38f85ea766b	NR_115560.1	95.683	139	4	2	2	138	149	11	3.93e-58	222
e5d5e22a-8d13-4bf9-acc6-821b166a91f3	NR_024704.1	92.015	263	15	4	1	259	1261	1001	1.27e-100	364
e5d5e22a-8d13-4bf9-acc6-821b166a91f3	NR_024946.1	92.015	263	15	4	1	259	1261	1001	1.27e-100	364
e5d5e22a-8d13-4bf9-acc6-821b166a91f3	NR_036909.1	92.015	263	15	4	1	259	1271	1011	1.27e-100	364
e5d5e22a-8d13-4bf9-acc6-821b166a91f3	NR_112077.1	92.015	263	15	4	1	259	1271	1011	1.27e-100	364
e5d5e22a-8d13-4bf9-acc6-821b166a91f3	NR_113578.1	92.015	263	15	4	1	259	1253	993	1.27e-100	364
f0f7b7e0-a89e-4d4c-9b75-9e09802011c7	NR_025902.1	95.758	165	4	3	1	163	593	430	2.98e-70	263
f0f7b7e0-a89e-4d4c-9b75-9e09802011c7	NR_028900.1	95.758	165	4	3	1	163	573	410	2.98e-70	263
f0f7b7e0-a89e-4d4c-9b75-9e09802011c7	NR_121687.1	95.758	165	4	3	1	163	635	472	2.98e-70	263
f0f7b7e0-a89e-4d4c-9b75-9e09802011c7	NR_041989.1	95.758	165	4	3	1	163	573	410	2.98e-70	263
f0f7b7e0-a89e-4d4c-9b75-9e09802011c7	NR_116766.1	95.758	165	4	3	1	163	615	452	2.98e-70	263
1647e13c-4458-4185-858a-0be6e89d43f8	NR_119168.1	95.954	173	3	3	1	170	181	10	1.11e-74	278
1647e13c-4458-4185-858a-0be6e89d43f8	NR_163639.1	95.954	173	3	3	1	170	195	24	1.11e-74	278
1647e13c-4458-4185-858a-0be6e89d43f8	NR_115355.1	95.376	173	4	3	1	170	176	5	3.98e-74	276
1647e13c-4458-4185-858a-0be6e89d43f8	NR_043332.1	96.429	168	2	3	6	170	171	5	1.43e-73	274
1647e13c-4458-4185-858a-0be6e89d43f8	NR_074980.1	96.429	168	2	3	6	170	198	32	1.43e-73	274
ec627b71-e52e-466b-a0a6-ac99817f06e1	NR_116206.1	94.054	185	7	3	1	181	69	253	3.22e-75	279
ec627b71-e52e-466b-a0a6-ac99817f06e1	NR_042928.1	94.054	185	7	3	1	181	144	328	1.16e-74	278
ec627b71-e52e-466b-a0a6-ac99817f06e1	NR_112026.1	94.054	185	7	3	1	181	127	311	1.16e-74	278
ec627b71-e52e-466b-a0a6-ac99817f06e1	NR_199547.1	93.514	185	8	3	1	181	124	308	5.39e-73	272
ec627b71-e52e-466b-a0a6-ac99817f06e1	NR_199541.1	92.973	185	9	3	1	181	122	306	2.51e-71	267
ab395db8-2792-4aad-a414-8174a8ec801d	NR_040859.1	93.846	195	7	4	4	195	1287	1479	5.71e-78	289
ab395db8-2792-4aad-a414-8174a8ec801d	NR_040992.1	93.846	195	7	4	4	195	1295	1487	5.71e-78	289
ab395db8-2792-4aad-a414-8174a8ec801d	NR_025881.1	93.846	195	7	4	4	195	1293	1485	5.71e-78	289
ab395db8-2792-4aad-a414-8174a8ec801d	NR_026395.1	93.846	195	7	4	4	195	1295	1487	5.71e-78	289
ab395db8-2792-4aad-a414-8174a8ec801d	NR_024662.1	93.846	195	7	4	4	195	1295	1487	5.71e-78	289
48ba72a9-8513-4ba1-9bce-4fd49ff815a9	NR_164626.1	98.039	204	3	1	1	204	204	2	2.10e-97	353
48ba72a9-8513-4ba1-9bce-4fd49ff815a9	NR_024901.1	98.030	203	3	1	1	203	207	6	7.56e-97	351
48ba72a9-8513-4ba1-9bce-4fd49ff815a9	NR_024912.1	98.030	203	3	1	1	203	207	6	7.56e-97	351
48ba72a9-8513-4ba1-9bce-4fd49ff815a9	NR_024928.1	98.030	203	3	1	1	203	207	6	7.56e-97	351
48ba72a9-8513-4ba1-9bce-4fd49ff815a9	NR_025586.1	98.030	203	3	1	1	203	202	1	7.56e-97	351
1e8110db-0aa2-4d47-aef6-cc2b68cf5a71	NR_109628.1	93.462	260	12	5	4	260	258	1	1.31e-105	381
1e8110db-0aa2-4d47-aef6-cc2b68cf5a71	NR_102895.1	92.509	267	15	5	4	267	285	21	1.70e-104	377
1e8110db-0aa2-4d47-aef6-cc2b68cf5a71	NR_113113.1	92.135	267	16	5	4	267	265	1	7.89e-103	372
1e8110db-0aa2-4d47-aef6-cc2b68cf5a71	NR_114305.1	91.760	267	17	5	4	267	277	13	3.67e-101	366
1e8110db-0aa2-4d47-aef6-cc2b68cf5a71	NR_042843.1	91.892	259	16	5	4	259	257	1	6.14e-99	359
82bf97b1-964e-4237-8306-880740ff047a	NR_114413.1	96.026	151	4	2	9	157	166	16	9.84e-65	244
82bf97b1-964e-4237-8306-880740ff047a	NR_199956.1	96.026	151	4	2	9	157	163	13	9.84e-65	244
82bf97b1-964e-4237-8306-880740ff047a	NR_199974.1	96.026	151	4	2	9	157	170	20	9.84e-65	244
82bf97b1-964e-4237-8306-880740ff047a	NR_152678.1	95.364	151	5	2	9	157	163	13	4.58e-63	239
82bf97b1-964e-4237-8306-880740ff047a	NR_156072.1	95.364	151	5	2	9	157	163	13	4.58e-63	239
bebff398-3e15-49bf-b09d-861f5155a0e8	NR_025892.1	100.000	100	0	0	1	100	1382	1283	3.50e-47	185
bebff398-3e15-49bf-b09d-861f5155a0e8	NR_025902.1	100.000	100	0	0	1	100	1335	1236	3.50e-47	185
bebff398-3e15-49bf-b09d-861f5155a0e8	NR_028899.1	100.000	100	0	0	1	100	1315	1216	3.50e-47	185
bebff398-3e15-49bf-b09d-861f5155a0e8	NR_028900.1	100.000	100	0	0	1	100	1315	1216	3.50e-47	185
bebff398-3e15-49bf-b09d-861f5155a0e8	NR_043459.1	100.000	100	0	0	1	100	1381	1282	3.50e-47	185
d003d9b5-faec-47b9-b02b-b9b26c6c95d6	NR_025521.1	100.000	30	0	0	1	30	1473	1444	4.04e-09	56.5
d003d9b5-faec-47b9-b02b-b9b26c6c95d6	NR_025523.1	100.000	30	0	0	1	30	1457	1428	4.04e-09	56.5
d003d9b5-faec-47b9-b02b-b9b26c6c95d6	NR_036792.1	100.000	30	0	0	1	30	1442	1413	4.04e-09	56.5
d003d9b5-faec-47b9-b02b-b9b26c6c95d6	NR_114395.1	100.000	30	0	0	1	30	1476	1447	4.04e-09	56.5
d003d9b5-faec-47b9-b02b-b9b26c6c95d6	NR_117410.1	100.000	30	0	0	1	30	1461	1432	4.04e-09	56.5
