a947ae35-e037-422a-8f5b-8e41504ab67c	NR_043314.1	98.507	402	3	3	1	400	1084	1484	0.0	706
a947ae35-e037-422a-8f5b-8e41504ab67c	NR_114749.1	98.507	402	3	3	1	400	1086	1486	0.0	706
a947ae35-e037-422a-8f5b-8e41504ab67c	NR_116899.1	98.507	402	3	3	1	400	1053	1453	0.0	706
a947ae35-e037-422a-8f5b-8e41504ab67c	NR_178854.1	98.507	402	3	3	1	400	1065	1465	0.0	706
a947ae35-e037-422a-8f5b-8e41504ab67c	NR_179889.1	98.507	402	3	3	1	400	1093	1493	0.0	706
59994566-12b4-42f7-a53e-961a8f432f06	NR_024918.1	94.170	892	33	17	1	882	594	1476	0.0	1341
59994566-12b4-42f7-a53e-961a8f432f06	NR_116899.1	94.170	892	33	17	1	882	568	1450	0.0	1341
59994566-12b4-42f7-a53e-961a8f432f06	NR_041799.1	94.065	893	32	19	1	882	581	1463	0.0	1336
59994566-12b4-42f7-a53e-961a8f432f06	NR_042541.1	94.058	892	34	17	1	882	581	1463	0.0	1336
59994566-12b4-42f7-a53e-961a8f432f06	NR_029042.2	94.058	892	34	17	1	882	601	1483	0.0	1336
c37fc9d7-28aa-43f5-9df9-33fac84bf359	NR_178976.1	96.024	1333	29	20	11	1324	1370	43	0.0	2148
c37fc9d7-28aa-43f5-9df9-33fac84bf359	NR_199513.1	96.426	1315	26	17	11	1307	1398	87	0.0	2148
c37fc9d7-28aa-43f5-9df9-33fac84bf359	NR_156986.1	96.024	1333	29	21	11	1324	1379	52	0.0	2146
c37fc9d7-28aa-43f5-9df9-33fac84bf359	NR_113600.1	95.949	1333	30	21	11	1324	1371	44	0.0	2143
c37fc9d7-28aa-43f5-9df9-33fac84bf359	NR_156987.1	95.949	1333	30	21	11	1324	1379	52	0.0	2141
ba12f1ea-7c55-47db-82ad-b807538eede1	NR_025903.1	95.568	519	9	9	1	507	979	1495	0.0	819
ba12f1ea-7c55-47db-82ad-b807538eede1	NR_025904.1	94.798	519	13	9	1	507	978	1494	0.0	797
ba12f1ea-7c55-47db-82ad-b807538eede1	NR_133752.1	95.758	495	8	8	1	483	904	1397	0.0	785
ba12f1ea-7c55-47db-82ad-b807538eede1	NR_133753.1	95.758	495	8	8	1	483	933	1426	0.0	785
ba12f1ea-7c55-47db-82ad-b807538eede1	NR_026419.1	94.027	519	18	8	1	507	967	1484	0.0	774
4b68a0cd-d74b-4099-b15c-035df8a449ed	NR_024912.1	98.107	581	7	4	1	580	595	18	0.0	1009
4b68a0cd-d74b-4099-b15c-035df8a449ed	NR_042147.1	98.107	581	7	4	1	580	582	5	0.0	1009
4b68a0cd-d74b-4099-b15c-035df8a449ed	NR_156986.1	98.107	581	7	4	1	580	590	13	0.0	1009
4b68a0cd-d74b-4099-b15c-035df8a449ed	NR_178976.1	98.107	581	7	4	1	580	581	4	0.0	1009
4b68a0cd-d74b-4099-b15c-035df8a449ed	NR_113600.1	97.935	581	8	4	1	580	582	5	0.0	1005
398958f6-01aa-4361-8055-25f3ef9a8692	NR_024912.1	97.840	324	3	4	5	326	327	6	2.49e-158	556
398958f6-01aa-4361-8055-25f3ef9a8692	NR_028706.1	97.840	324	3	4	5	326	335	14	2.49e-158	556
398958f6-01aa-4361-8055-25f3ef9a8692	NR_037092.1	97.840	324	3	4	5	326	332	11	2.49e-158	556
398958f6-01aa-4361-8055-25f3ef9a8692	NR_042939.1	97.840	324	3	4	5	326	333	12	2.49e-158	556
398958f6-01aa-4361-8055-25f3ef9a8692	NR_114473.1	97.840	324	3	4	5	326	322	1	2.49e-158	556
bfa393bc-0319-42f6-b054-1c884abed58e	NR_156986.1	95.921	858	14	18	7	850	851	1	0.0	1371
bfa393bc-0319-42f6-b054-1c884abed58e	NR_156987.1	95.804	858	15	18	7	850	851	1	0.0	1365
bfa393bc-0319-42f6-b054-1c884abed58e	NR_199514.1	95.804	858	15	18	7	850	863	13	0.0	1365
bfa393bc-0319-42f6-b054-1c884abed58e	NR_024901.1	95.688	858	16	18	7	850	856	6	0.0	1360
bfa393bc-0319-42f6-b054-1c884abed58e	NR_024928.1	95.688	858	16	18	7	850	856	6	0.0	1360
eced6d98-82f1-471c-8dc0-b9e89b70daea	NR_125571.1	95.923	883	20	11	5	878	876	1	0.0	1421
eced6d98-82f1-471c-8dc0-b9e89b70daea	NR_125570.1	95.709	839	21	10	5	834	834	2	0.0	1336
eced6d98-82f1-471c-8dc0-b9e89b70daea	NR_029097.1	94.302	860	31	13	5	854	852	1	0.0	1301
eced6d98-82f1-471c-8dc0-b9e89b70daea	NR_199415.1	87.253	910	87	24	5	896	899	1	0.0	1011
eced6d98-82f1-471c-8dc0-b9e89b70daea	NR_151895.1	87.211	907	91	22	5	896	898	2	0.0	1009
6d385c71-8122-4810-9b57-d85f278d527a	NR_043332.1	95.711	443	10	5	18	459	1048	1482	0.0	704
6d385c71-8122-4810-9b57-d85f278d527a	NR_074980.1	95.711	443	10	5	18	459	1075	1509	0.0	704
6d385c71-8122-4810-9b57-d85f278d527a	NR_113031.1	95.711	443	10	5	18	459	1075	1509	0.0	704
6d385c71-8122-4810-9b57-d85f278d527a	NR_113570.1	95.495	444	10	6	18	459	1055	1490	0.0	701
6d385c71-8122-4810-9b57-d85f278d527a	NR_115354.1	95.034	443	13	6	18	459	1048	1482	0.0	688
97e68dbd-9a0d-4d39-82bb-5be525483d3c	NR_165737.1	95.579	475	14	5	1	474	642	174	0.0	754
97e68dbd-9a0d-4d39-82bb-5be525483d3c	NR_178515.1	95.368	475	15	5	1	474	642	174	0.0	749
97e68dbd-9a0d-4d39-82bb-5be525483d3c	NR_109720.1	94.737	475	18	5	1	474	636	168	0.0	732
97e68dbd-9a0d-4d39-82bb-5be525483d3c	NR_117425.1	95.085	468	16	5	4	470	642	181	0.0	730
97e68dbd-9a0d-4d39-82bb-5be525483d3c	NR_024841.1	94.894	470	17	5	1	469	656	193	0.0	728
c80b816e-13bc-48ca-b305-839f744065b9	NR_043314.1	90.524	401	18	18	1	387	1026	1420	6.73e-145	512
c80b816e-13bc-48ca-b305-839f744065b9	NR_116905.1	90.524	401	18	18	1	387	1029	1423	6.73e-145	512
c80b816e-13bc-48ca-b305-839f744065b9	NR_114749.1	90.524	401	18	18	1	387	1028	1422	6.73e-145	512
c80b816e-13bc-48ca-b305-839f744065b9	NR_116899.1	90.524	401	18	18	1	387	995	1389	6.73e-145	512
c80b816e-13bc-48ca-b305-839f744065b9	NR_118125.1	90.524	401	18	18	1	387	1015	1409	6.73e-145	512
62b69185-fb53-4fce-9aa9-923653bbec4b	NR_115735.1	93.523	880	28	23	1	865	1242	377	0.0	1282
62b69185-fb53-4fce-9aa9-923653bbec4b	NR_116211.1	93.523	880	28	23	1	865	1174	309	0.0	1282
62b69185-fb53-4fce-9aa9-923653bbec4b	NR_024842.1	93.409	880	29	23	1	865	1266	401	0.0	1279
62b69185-fb53-4fce-9aa9-923653bbec4b	NR_178515.1	93.409	880	29	23	1	865	1251	386	0.0	1277
62b69185-fb53-4fce-9aa9-923653bbec4b	NR_115241.1	93.295	880	30	23	1	865	1251	386	0.0	1275
ae23a67a-d3e0-4c9f-a041-484cbcb65d53	NR_028664.1	95.491	377	11	6	6	377	391	16	1.72e-170	597
ae23a67a-d3e0-4c9f-a041-484cbcb65d53	NR_179383.1	95.225	377	12	6	6	377	395	20	8.00e-169	592
ae23a67a-d3e0-4c9f-a041-484cbcb65d53	NR_028665.1	94.960	377	13	6	6	377	385	10	1.03e-167	588
ae23a67a-d3e0-4c9f-a041-484cbcb65d53	NR_165741.1	94.960	377	13	6	6	377	377	2	3.72e-167	586
ae23a67a-d3e0-4c9f-a041-484cbcb65d53	NR_179385.1	94.960	377	13	6	6	377	392	17	3.72e-167	586
9d89df01-169a-416b-a4ea-1437c5cceff2	NR_156986.1	93.210	1134	42	28	1	1111	1152	31	0.0	1635
9d89df01-169a-416b-a4ea-1437c5cceff2	NR_113600.1	93.122	1134	43	28	1	1111	1144	23	0.0	1631
9d89df01-169a-416b-a4ea-1437c5cceff2	NR_199513.1	92.446	1165	52	29	1	1140	1171	18	0.0	1631
9d89df01-169a-416b-a4ea-1437c5cceff2	NR_156987.1	93.122	1134	43	28	1	1111	1152	31	0.0	1629
9d89df01-169a-416b-a4ea-1437c5cceff2	NR_178976.1	93.122	1134	43	28	1	1111	1143	22	0.0	1629
dc449252-1197-4397-a54e-e2d5755d2268	NR_074980.1	91.318	622	30	19	1	602	629	12	0.0	828
dc449252-1197-4397-a54e-e2d5755d2268	NR_113031.1	91.318	622	30	19	1	602	629	12	0.0	828
dc449252-1197-4397-a54e-e2d5755d2268	NR_119168.1	91.489	611	29	18	1	592	607	1	0.0	819
dc449252-1197-4397-a54e-e2d5755d2268	NR_163639.1	91.143	621	28	24	1	601	618	5	0.0	817
dc449252-1197-4397-a54e-e2d5755d2268	NR_113570.1	91.028	613	31	19	1	593	609	1	0.0	806
593c0c1d-4061-456b-99b6-b22a70f645cc	NR_074980.1	93.427	715	24	20	1	703	809	1512	0.0	1038
593c0c1d-4061-456b-99b6-b22a70f645cc	NR_113031.1	93.427	715	24	20	1	703	809	1512	0.0	1038
593c0c1d-4061-456b-99b6-b22a70f645cc	NR_043332.1	93.287	715	25	20	1	703	782	1485	0.0	1037
593c0c1d-4061-456b-99b6-b22a70f645cc	NR_113570.1	93.305	717	22	23	1	703	789	1493	0.0	1035
593c0c1d-4061-456b-99b6-b22a70f645cc	NR_115354.1	93.007	715	27	19	1	703	782	1485	0.0	1024
d74de81f-9f01-4d35-b269-bf0dd12e5d85	NR_026419.1	85.882	340	20	20	44	362	1152	1484	4.00e-92	337
d74de81f-9f01-4d35-b269-bf0dd12e5d85	NR_025903.1	84.412	340	24	23	44	362	1164	1495	3.13e-83	307
d74de81f-9f01-4d35-b269-bf0dd12e5d85	NR_025904.1	84.118	340	25	23	44	362	1163	1494	1.46e-81	302
d74de81f-9f01-4d35-b269-bf0dd12e5d85	NR_133752.1	84.810	316	22	18	44	340	1089	1397	2.44e-79	294
d74de81f-9f01-4d35-b269-bf0dd12e5d85	NR_133753.1	84.810	316	22	18	44	340	1118	1426	2.44e-79	294
0d573a54-da7e-4755-8460-f9127435bbec	NR_044091.1	96.644	298	3	5	1	294	1316	1022	8.39e-138	488
0d573a54-da7e-4755-8460-f9127435bbec	NR_043332.1	95.302	298	6	6	1	294	1401	1108	3.93e-131	466
0d573a54-da7e-4755-8460-f9127435bbec	NR_074980.1	95.302	298	6	6	1	294	1428	1135	3.93e-131	466
0d573a54-da7e-4755-8460-f9127435bbec	NR_113031.1	95.302	298	6	6	1	294	1428	1135	3.93e-131	466
0d573a54-da7e-4755-8460-f9127435bbec	NR_113570.1	95.302	298	6	6	1	294	1408	1115	3.93e-131	466
0c8c7993-dc73-4c4e-ba15-814a7619a063	NR_043314.1	90.015	651	44	17	1	637	838	1481	0.0	822
0c8c7993-dc73-4c4e-ba15-814a7619a063	NR_116899.1	90.015	651	44	17	1	637	807	1450	0.0	822
0c8c7993-dc73-4c4e-ba15-814a7619a063	NR_178854.1	90.015	651	44	17	1	637	819	1462	0.0	822
0c8c7993-dc73-4c4e-ba15-814a7619a063	NR_179889.1	90.015	651	44	17	1	637	847	1490	0.0	822
0c8c7993-dc73-4c4e-ba15-814a7619a063	NR_041799.1	89.862	651	45	17	1	637	820	1463	0.0	817
26b8ed04-744f-4338-b37d-225fec88a0d4	NR_036998.1	92.179	179	9	5	1	178	1166	1340	8.85e-66	248
26b8ed04-744f-4338-b37d-225fec88a0d4	NR_043314.1	92.179	179	9	5	1	178	1185	1359	8.85e-66	248
26b8ed04-744f-4338-b37d-225fec88a0d4	NR_114225.1	92.179	179	9	5	1	178	1167	1341	8.85e-66	248
26b8ed04-744f-4338-b37d-225fec88a0d4	NR_114793.1	92.179	179	9	5	1	178	1059	1233	8.85e-66	248
26b8ed04-744f-4338-b37d-225fec88a0d4	NR_116905.1	92.179	179	9	5	1	178	1188	1362	8.85e-66	248
41040333-5ed3-4636-bc17-1bd220dcf24c	NR_025891.1	93.750	144	3	6	15	154	1445	1304	1.01e-54	211
41040333-5ed3-4636-bc17-1bd220dcf24c	NR_025892.1	93.750	144	3	6	15	154	1444	1303	1.01e-54	211
41040333-5ed3-4636-bc17-1bd220dcf24c	NR_025902.1	93.750	144	3	6	15	154	1397	1256	1.01e-54	211
41040333-5ed3-4636-bc17-1bd220dcf24c	NR_028844.1	93.750	144	3	6	15	154	1428	1287	1.01e-54	211
41040333-5ed3-4636-bc17-1bd220dcf24c	NR_043459.1	93.750	144	3	6	15	154	1443	1302	1.01e-54	211
d54effb8-5d92-4088-abd3-cf40fcf865fb	NR_181891.1	90.097	414	26	13	65	474	1326	924	3.98e-148	523
d54effb8-5d92-4088-abd3-cf40fcf865fb	NR_043314.1	89.855	414	27	13	65	474	1321	919	1.85e-146	518
d54effb8-5d92-4088-abd3-cf40fcf865fb	NR_116905.1	89.855	414	27	13	65	474	1324	922	1.85e-146	518
d54effb8-5d92-4088-abd3-cf40fcf865fb	NR_116899.1	89.855	414	27	13	65	474	1290	888	1.85e-146	518
d54effb8-5d92-4088-abd3-cf40fcf865fb	NR_118125.1	89.855	414	27	13	65	474	1310	908	1.85e-146	518
ebca905c-3b93-41b5-b643-eec563df4f54	NR_042147.1	93.246	1377	42	40	9	1354	1357	1	0.0	1980
ebca905c-3b93-41b5-b643-eec563df4f54	NR_043195.1	92.847	1384	50	38	9	1362	1375	11	0.0	1964
ebca905c-3b93-41b5-b643-eec563df4f54	NR_137215.1	91.474	1384	67	39	9	1361	1364	1	0.0	1855
ebca905c-3b93-41b5-b643-eec563df4f54	NR_181474.1	90.837	1386	74	40	9	1362	1376	12	0.0	1807
ebca905c-3b93-41b5-b643-eec563df4f54	NR_181536.1	90.548	1386	80	38	9	1363	1380	15	0.0	1786
0b3e71cf-ce13-4f4f-8cb5-14a3dc670398	NR_117694.1	95.903	1367	34	19	1	1351	107	1467	0.0	2194
0b3e71cf-ce13-4f4f-8cb5-14a3dc670398	NR_121687.1	95.026	1367	46	19	1	1351	127	1487	0.0	2128
0b3e71cf-ce13-4f4f-8cb5-14a3dc670398	NR_025892.1	94.779	1360	50	19	1	1345	133	1486	0.0	2124
0b3e71cf-ce13-4f4f-8cb5-14a3dc670398	NR_117692.1	94.879	1367	48	18	1	1351	107	1467	0.0	2117
0b3e71cf-ce13-4f4f-8cb5-14a3dc670398	NR_025902.1	94.664	1368	50	19	1	1351	84	1445	0.0	2100
098de1d0-0a5e-431c-8cf0-93201889812b	NR_042147.1	92.884	1082	37	28	1	1056	1068	1	0.0	1535
098de1d0-0a5e-431c-8cf0-93201889812b	NR_024912.1	92.791	1082	38	28	1	1056	1081	14	0.0	1530
098de1d0-0a5e-431c-8cf0-93201889812b	NR_156986.1	92.692	1081	41	26	1	1056	1076	9	0.0	1524
098de1d0-0a5e-431c-8cf0-93201889812b	NR_178976.1	92.685	1080	41	26	1	1055	1067	1	0.0	1522
098de1d0-0a5e-431c-8cf0-93201889812b	NR_113600.1	92.599	1081	42	26	1	1056	1068	1	0.0	1520
dca5ca82-224a-416b-a8f2-897050930578	NR_028682.1	93.443	671	19	23	1	656	837	1497	0.0	972
dca5ca82-224a-416b-a8f2-897050930578	NR_025396.1	92.090	670	31	19	1	658	808	1467	0.0	924
dca5ca82-224a-416b-a8f2-897050930578	NR_113798.1	92.090	670	31	20	1	657	821	1481	0.0	924
dca5ca82-224a-416b-a8f2-897050930578	NR_040926.1	91.976	673	28	22	1	658	815	1476	0.0	920
dca5ca82-224a-416b-a8f2-897050930578	NR_119263.1	91.964	672	30	20	1	658	834	1495	0.0	920
5331407c-c451-4c04-b563-70ffa728a0f2	NR_043314.1	93.036	359	16	8	3	356	1127	1481	4.70e-146	516
5331407c-c451-4c04-b563-70ffa728a0f2	NR_114749.1	93.036	359	16	8	3	356	1129	1483	4.70e-146	516
5331407c-c451-4c04-b563-70ffa728a0f2	NR_116899.1	93.036	359	16	8	3	356	1096	1450	4.70e-146	516
5331407c-c451-4c04-b563-70ffa728a0f2	NR_178854.1	93.036	359	16	8	3	356	1108	1462	4.70e-146	516
5331407c-c451-4c04-b563-70ffa728a0f2	NR_179889.1	93.036	359	16	8	3	356	1136	1490	4.70e-146	516
841eafb9-6757-4236-b5e0-b72235752deb	NR_040859.1	96.721	61	1	1	1	61	371	430	8.19e-22	100
841eafb9-6757-4236-b5e0-b72235752deb	NR_028826.1	96.721	61	1	1	1	61	361	420	8.19e-22	100
841eafb9-6757-4236-b5e0-b72235752deb	NR_040992.1	96.721	61	1	1	1	61	379	438	8.19e-22	100
841eafb9-6757-4236-b5e0-b72235752deb	NR_041702.1	96.721	61	1	1	1	61	394	453	8.19e-22	100
841eafb9-6757-4236-b5e0-b72235752deb	NR_041715.1	96.721	61	1	1	1	61	367	426	8.19e-22	100
dcb67c84-3ccb-4a2f-ba82-d43c3ae50f73	NR_199513.1	94.393	1195	37	25	9	1183	1317	133	0.0	1808
dcb67c84-3ccb-4a2f-ba82-d43c3ae50f73	NR_178976.1	94.310	1195	38	25	9	1183	1289	105	0.0	1805
dcb67c84-3ccb-4a2f-ba82-d43c3ae50f73	NR_156986.1	94.310	1195	38	25	9	1183	1298	114	0.0	1803
dcb67c84-3ccb-4a2f-ba82-d43c3ae50f73	NR_178447.1	94.310	1195	38	25	9	1183	1224	40	0.0	1803
dcb67c84-3ccb-4a2f-ba82-d43c3ae50f73	NR_113600.1	94.226	1195	39	25	9	1183	1290	106	0.0	1799
ef72c316-c553-4a44-a101-be2132e1d260	NR_041722.2	94.972	179	8	1	161	339	1337	1514	6.33e-75	279
ef72c316-c553-4a44-a101-be2132e1d260	NR_041722.2	94.083	169	7	3	1	167	1489	1322	3.84e-67	254
ef72c316-c553-4a44-a101-be2132e1d260	NR_028665.1	94.972	179	8	1	161	339	1317	1494	6.33e-75	279
ef72c316-c553-4a44-a101-be2132e1d260	NR_028665.1	94.083	169	7	3	1	167	1469	1302	3.84e-67	254
ef72c316-c553-4a44-a101-be2132e1d260	NR_028736.1	94.972	179	8	1	161	339	1326	1503	6.33e-75	279
ef72c316-c553-4a44-a101-be2132e1d260	NR_028736.1	94.083	169	7	3	1	167	1478	1311	3.84e-67	254
ef72c316-c553-4a44-a101-be2132e1d260	NR_041721.1	94.972	179	8	1	161	339	1325	1502	6.33e-75	279
ef72c316-c553-4a44-a101-be2132e1d260	NR_041721.1	94.083	169	7	3	1	167	1477	1310	3.84e-67	254
ef72c316-c553-4a44-a101-be2132e1d260	NR_112704.1	94.972	179	8	1	161	339	1221	1398	6.33e-75	279
ef72c316-c553-4a44-a101-be2132e1d260	NR_112704.1	94.083	169	7	3	1	167	1373	1206	3.84e-67	254
2b4c6ec3-9e30-4c53-9dd8-0df66076fca3	NR_116899.1	92.920	1017	50	19	1	1003	442	1450	0.0	1459
2b4c6ec3-9e30-4c53-9dd8-0df66076fca3	NR_179889.1	92.920	1017	50	19	1	1003	482	1490	0.0	1459
2b4c6ec3-9e30-4c53-9dd8-0df66076fca3	NR_199515.1	92.920	1017	50	19	1	1003	484	1492	0.0	1459
2b4c6ec3-9e30-4c53-9dd8-0df66076fca3	NR_024918.1	92.822	1017	51	19	1	1003	468	1476	0.0	1454
2b4c6ec3-9e30-4c53-9dd8-0df66076fca3	NR_041799.1	92.829	1018	49	21	1	1003	455	1463	0.0	1454
0b2c3b92-4aba-469f-8e32-fecfb55884e2	NR_199513.1	95.382	996	25	14	15	995	1007	18	0.0	1565
0b2c3b92-4aba-469f-8e32-fecfb55884e2	NR_156986.1	95.464	992	22	16	18	993	985	1	0.0	1561
0b2c3b92-4aba-469f-8e32-fecfb55884e2	NR_156987.1	95.363	992	23	16	18	993	985	1	0.0	1555
0b2c3b92-4aba-469f-8e32-fecfb55884e2	NR_199514.1	95.363	992	23	16	18	993	997	13	0.0	1555
0b2c3b92-4aba-469f-8e32-fecfb55884e2	NR_024901.1	95.262	992	24	16	18	993	990	6	0.0	1550
bcedcda8-f83a-4181-b5e5-e747c9639f26	NR_117694.1	95.833	720	10	17	1	704	716	1	0.0	1146
bcedcda8-f83a-4181-b5e5-e747c9639f26	NR_025892.1	94.444	720	23	15	1	706	741	25	0.0	1110
bcedcda8-f83a-4181-b5e5-e747c9639f26	NR_121687.1	94.460	722	20	18	1	706	736	19	0.0	1094
bcedcda8-f83a-4181-b5e5-e747c9639f26	NR_117692.1	93.602	719	28	16	1	704	716	1	0.0	1057
bcedcda8-f83a-4181-b5e5-e747c9639f26	NR_117717.1	93.213	722	29	18	1	706	737	20	0.0	1044
121bca12-4969-4c5d-a543-02c0b32ad685	NR_178976.1	93.724	1195	43	27	1	1178	1202	23	0.0	1762
121bca12-4969-4c5d-a543-02c0b32ad685	NR_199513.1	93.719	1194	45	25	1	1178	1230	51	0.0	1762
121bca12-4969-4c5d-a543-02c0b32ad685	NR_156986.1	93.640	1195	44	27	1	1178	1211	32	0.0	1757
121bca12-4969-4c5d-a543-02c0b32ad685	NR_113600.1	93.556	1195	45	27	1	1178	1203	24	0.0	1753
121bca12-4969-4c5d-a543-02c0b32ad685	NR_024928.1	93.556	1195	45	27	1	1178	1216	37	0.0	1751
9326fb95-5c5b-48a0-983f-275008bed5d4	NR_156986.1	93.885	1161	36	31	9	1153	1142	1	0.0	1718
9326fb95-5c5b-48a0-983f-275008bed5d4	NR_024912.1	93.793	1160	39	29	9	1153	1147	6	0.0	1712
9326fb95-5c5b-48a0-983f-275008bed5d4	NR_156987.1	93.798	1161	37	31	9	1153	1142	1	0.0	1712
9326fb95-5c5b-48a0-983f-275008bed5d4	NR_042147.1	93.924	1152	37	29	9	1145	1134	1	0.0	1709
9326fb95-5c5b-48a0-983f-275008bed5d4	NR_199514.1	93.712	1161	38	31	9	1153	1154	13	0.0	1707
f8c1c718-4f92-4ff9-a762-c8609241edb6	NR_117719.1	92.194	474	22	11	1	462	174	644	0.0	656
f8c1c718-4f92-4ff9-a762-c8609241edb6	NR_028664.1	91.561	474	25	11	1	462	177	647	0.0	640
f8c1c718-4f92-4ff9-a762-c8609241edb6	NR_115240.1	91.561	474	25	11	1	462	154	624	0.0	640
f8c1c718-4f92-4ff9-a762-c8609241edb6	NR_115732.1	91.561	474	25	11	1	462	156	626	0.0	640
f8c1c718-4f92-4ff9-a762-c8609241edb6	NR_116207.1	91.561	474	25	11	1	462	19	489	0.0	640
f1041536-9fb9-4a92-b836-53c448854c23	NR_041879.1	94.911	393	12	6	1	387	77	467	8.17e-174	608
f1041536-9fb9-4a92-b836-53c448854c23	NR_044091.1	94.911	393	12	6	1	387	34	424	8.17e-174	608
f1041536-9fb9-4a92-b836-53c448854c23	NR_115355.1	94.656	393	13	6	1	387	120	510	1.06e-172	604
f1041536-9fb9-4a92-b836-53c448854c23	NR_113570.1	94.670	394	12	7	1	387	126	517	3.80e-172	603
f1041536-9fb9-4a92-b836-53c448854c23	NR_119168.1	94.656	393	13	6	1	387	125	515	3.80e-172	603
57e076f4-ead0-434b-afec-fda95a42375c	NR_024912.1	94.828	522	12	11	1	516	569	57	0.0	800
57e076f4-ead0-434b-afec-fda95a42375c	NR_042147.1	94.828	522	12	11	1	516	556	44	0.0	800
57e076f4-ead0-434b-afec-fda95a42375c	NR_156986.1	94.828	522	12	11	1	516	564	52	0.0	800
57e076f4-ead0-434b-afec-fda95a42375c	NR_178976.1	94.828	522	12	11	1	516	555	43	0.0	800
57e076f4-ead0-434b-afec-fda95a42375c	NR_113600.1	94.636	522	13	11	1	516	556	44	0.0	797
c194c9bd-32aa-4853-9c90-47c459c7c195	NR_156986.1	97.602	1001	15	8	4	997	999	1	0.0	1707
c194c9bd-32aa-4853-9c90-47c459c7c195	NR_199513.1	97.505	1002	18	6	4	999	1018	18	0.0	1705
c194c9bd-32aa-4853-9c90-47c459c7c195	NR_156987.1	97.502	1001	16	8	4	997	999	1	0.0	1701
c194c9bd-32aa-4853-9c90-47c459c7c195	NR_199514.1	97.502	1001	16	8	4	997	1011	13	0.0	1701
c194c9bd-32aa-4853-9c90-47c459c7c195	NR_024901.1	97.403	1001	17	8	4	997	1004	6	0.0	1696
4eba398c-c07c-4a53-ae3e-88b869fb165e	NR_178976.1	90.835	1233	66	37	7	1208	1217	1	0.0	1607
4eba398c-c07c-4a53-ae3e-88b869fb165e	NR_156986.1	90.769	1235	67	37	7	1210	1226	8	0.0	1605
4eba398c-c07c-4a53-ae3e-88b869fb165e	NR_024928.1	90.688	1235	68	37	7	1210	1231	13	0.0	1600
4eba398c-c07c-4a53-ae3e-88b869fb165e	NR_113600.1	90.681	1234	68	37	7	1209	1218	1	0.0	1600
4eba398c-c07c-4a53-ae3e-88b869fb165e	NR_156987.1	90.688	1235	68	37	7	1210	1226	8	0.0	1600
62a47796-4c89-42c7-9186-6e1e57642416	NR_116168.1	91.288	1320	68	42	1	1294	149	1447	0.0	1757
62a47796-4c89-42c7-9186-6e1e57642416	NR_118762.1	89.681	1318	92	40	1	1294	152	1449	0.0	1676
62a47796-4c89-42c7-9186-6e1e57642416	NR_042878.1	91.083	1256	65	42	1	1230	128	1362	0.0	1661
62a47796-4c89-42c7-9186-6e1e57642416	NR_025423.1	89.334	1322	92	43	1	1295	133	1432	0.0	1615
62a47796-4c89-42c7-9186-6e1e57642416	NR_118143.1	89.729	1256	82	42	1	1230	130	1364	0.0	1563
a7192be1-340c-4ae5-832b-b5bd1633fd60	NR_156986.1	97.197	999	19	8	2	994	999	4	0.0	1681
a7192be1-340c-4ae5-832b-b5bd1633fd60	NR_024912.1	97.097	999	20	8	2	994	1004	9	0.0	1676
a7192be1-340c-4ae5-832b-b5bd1633fd60	NR_156987.1	97.097	999	20	8	2	994	999	4	0.0	1676
a7192be1-340c-4ae5-832b-b5bd1633fd60	NR_199514.1	97.097	999	20	8	2	994	1011	16	0.0	1676
a7192be1-340c-4ae5-832b-b5bd1633fd60	NR_178976.1	97.180	993	19	8	2	988	990	1	0.0	1670
8d3a060d-c499-49d2-a39d-ba91f0bc43f9	NR_117694.1	94.751	381	6	10	7	379	377	3	1.79e-165	580
8d3a060d-c499-49d2-a39d-ba91f0bc43f9	NR_025892.1	93.112	392	12	10	7	390	403	19	3.87e-162	569
8d3a060d-c499-49d2-a39d-ba91f0bc43f9	NR_117717.1	92.602	392	14	11	7	390	398	14	5.05e-156	549
8d3a060d-c499-49d2-a39d-ba91f0bc43f9	NR_121688.1	92.602	392	14	11	7	390	397	13	5.05e-156	549
8d3a060d-c499-49d2-a39d-ba91f0bc43f9	NR_121687.1	92.366	393	13	13	7	390	397	13	2.35e-154	544
06376d23-6100-404a-a8e4-2c4806f48c58	NR_164626.1	95.960	297	5	6	1	293	294	1	6.39e-134	475
06376d23-6100-404a-a8e4-2c4806f48c58	NR_024912.1	95.932	295	5	6	1	291	297	6	8.26e-133	472
06376d23-6100-404a-a8e4-2c4806f48c58	NR_028706.1	95.932	295	5	6	1	291	305	14	8.26e-133	472
06376d23-6100-404a-a8e4-2c4806f48c58	NR_037092.1	95.932	295	5	6	1	291	302	11	8.26e-133	472
06376d23-6100-404a-a8e4-2c4806f48c58	NR_042939.1	95.932	295	5	6	1	291	303	12	8.26e-133	472
282ac21b-23bd-4afe-b978-004ca3be78d3	NR_199513.1	94.049	1109	46	18	5	1096	1124	19	0.0	1664
282ac21b-23bd-4afe-b978-004ca3be78d3	NR_156986.1	93.959	1109	45	20	5	1095	1105	1	0.0	1657
282ac21b-23bd-4afe-b978-004ca3be78d3	NR_156987.1	93.868	1109	46	20	5	1095	1105	1	0.0	1652
282ac21b-23bd-4afe-b978-004ca3be78d3	NR_199514.1	93.868	1109	46	20	5	1095	1117	13	0.0	1652
282ac21b-23bd-4afe-b978-004ca3be78d3	NR_024901.1	93.778	1109	47	20	5	1095	1110	6	0.0	1646
77978fed-cd84-481c-b23e-0d8e8063ff00	NR_116213.1	96.691	272	4	3	3	272	636	904	1.31e-125	448
77978fed-cd84-481c-b23e-0d8e8063ff00	NR_117719.1	96.691	272	4	3	3	272	731	999	1.31e-125	448
77978fed-cd84-481c-b23e-0d8e8063ff00	NR_027214.1	96.691	272	4	3	3	272	711	979	1.31e-125	448
77978fed-cd84-481c-b23e-0d8e8063ff00	NR_179540.1	96.691	272	4	3	3	272	731	999	1.31e-125	448
77978fed-cd84-481c-b23e-0d8e8063ff00	NR_180625.1	96.691	272	4	3	3	272	693	961	1.31e-125	448
2faf8e53-d2e0-4341-adc6-1fd7db6a1b30	NR_117694.1	93.528	958	30	26	20	962	527	1467	0.0	1397
2faf8e53-d2e0-4341-adc6-1fd7db6a1b30	NR_121687.1	93.111	958	34	26	20	962	547	1487	0.0	1375
2faf8e53-d2e0-4341-adc6-1fd7db6a1b30	NR_117692.1	93.111	958	34	26	20	962	527	1467	0.0	1375
2faf8e53-d2e0-4341-adc6-1fd7db6a1b30	NR_025902.1	92.902	958	36	26	20	962	505	1445	0.0	1363
2faf8e53-d2e0-4341-adc6-1fd7db6a1b30	NR_117696.1	92.902	958	36	26	20	962	514	1454	0.0	1363
7f720d7e-ba8b-49ab-81dc-c949ce51ea59	NR_136788.1	95.033	604	11	13	1	596	418	1010	0.0	931
7f720d7e-ba8b-49ab-81dc-c949ce51ea59	NR_026230.1	92.088	594	26	15	1	585	396	977	0.0	819
7f720d7e-ba8b-49ab-81dc-c949ce51ea59	NR_113082.1	91.878	591	27	15	1	582	418	996	0.0	806
7f720d7e-ba8b-49ab-81dc-c949ce51ea59	NR_113134.1	86.897	580	58	14	1	572	415	984	0.0	634
7f720d7e-ba8b-49ab-81dc-c949ce51ea59	NR_178264.1	86.724	580	59	13	1	572	415	984	9.87e-180	628
9129936b-fb55-450c-ba0a-8d6831913d27	NR_026419.1	95.374	562	12	11	1	550	560	1	0.0	881
9129936b-fb55-450c-ba0a-8d6831913d27	NR_025903.1	92.832	572	24	13	1	560	572	6	0.0	813
9129936b-fb55-450c-ba0a-8d6831913d27	NR_025904.1	91.638	574	27	16	1	560	571	5	0.0	774
9129936b-fb55-450c-ba0a-8d6831913d27	NR_133753.1	93.384	529	20	12	1	517	526	1	0.0	769
9129936b-fb55-450c-ba0a-8d6831913d27	NR_036920.1	89.842	571	40	14	1	560	565	2	0.0	717
53e863e1-820f-41a3-813d-8bf965247d82	NR_044091.1	94.915	590	10	17	8	585	1129	548	0.0	905
53e863e1-820f-41a3-813d-8bf965247d82	NR_042940.1	94.407	590	13	17	8	585	1127	546	0.0	889
53e863e1-820f-41a3-813d-8bf965247d82	NR_041879.1	94.237	590	14	17	8	585	1172	591	0.0	883
53e863e1-820f-41a3-813d-8bf965247d82	NR_025762.1	94.237	590	13	18	8	585	1192	612	0.0	881
53e863e1-820f-41a3-813d-8bf965247d82	NR_113570.1	94.237	590	13	18	8	585	1221	641	0.0	881
443f3bec-7d65-4e87-aa45-ebcda0ce3e30	NR_119168.1	93.730	638	22	17	1	626	639	8	0.0	941
443f3bec-7d65-4e87-aa45-ebcda0ce3e30	NR_074980.1	93.574	638	23	17	1	626	661	30	0.0	935
443f3bec-7d65-4e87-aa45-ebcda0ce3e30	NR_113031.1	93.574	638	23	17	1	626	661	30	0.0	935
443f3bec-7d65-4e87-aa45-ebcda0ce3e30	NR_043332.1	93.417	638	24	17	1	626	634	3	0.0	931
443f3bec-7d65-4e87-aa45-ebcda0ce3e30	NR_117759.1	93.417	638	24	17	1	626	637	6	0.0	931
03dcb78b-715c-455a-838c-e4f07a3e3b6c	NR_156986.1	92.790	846	34	22	1	827	838	1	0.0	1199
03dcb78b-715c-455a-838c-e4f07a3e3b6c	NR_156987.1	92.790	846	34	22	1	827	838	1	0.0	1199
03dcb78b-715c-455a-838c-e4f07a3e3b6c	NR_024901.1	92.671	846	35	22	1	827	843	6	0.0	1194
03dcb78b-715c-455a-838c-e4f07a3e3b6c	NR_024928.1	92.671	846	35	22	1	827	843	6	0.0	1194
03dcb78b-715c-455a-838c-e4f07a3e3b6c	NR_199514.1	92.671	846	35	22	1	827	850	13	0.0	1194
374e47bd-19c4-45e7-b1d1-be21f982fd4d	NR_115355.1	97.107	1037	19	8	6	1032	1036	1	0.0	1742
374e47bd-19c4-45e7-b1d1-be21f982fd4d	NR_119169.1	96.923	1040	21	8	6	1035	1041	3	0.0	1736
374e47bd-19c4-45e7-b1d1-be21f982fd4d	NR_163639.1	96.205	1054	21	15	6	1048	1051	6	0.0	1707
374e47bd-19c4-45e7-b1d1-be21f982fd4d	NR_119168.1	96.346	1040	27	8	6	1035	1041	3	0.0	1703
374e47bd-19c4-45e7-b1d1-be21f982fd4d	NR_113570.1	96.350	1041	26	9	6	1035	1043	4	0.0	1701
e0e3384c-6d55-416b-b4d9-10460a5333a1	NR_113600.1	89.097	642	27	31	1	614	16	642	0.0	760
e0e3384c-6d55-416b-b4d9-10460a5333a1	NR_024912.1	89.097	642	27	31	1	614	29	655	0.0	758
e0e3384c-6d55-416b-b4d9-10460a5333a1	NR_042147.1	89.097	642	27	31	1	614	16	642	0.0	758
e0e3384c-6d55-416b-b4d9-10460a5333a1	NR_119340.1	88.419	639	37	31	1	614	16	642	0.0	736
e0e3384c-6d55-416b-b4d9-10460a5333a1	NR_114473.1	88.281	640	36	30	1	614	24	650	0.0	730
8a43e45c-fa21-49c6-b74d-3adbd4558178	NR_074980.1	96.568	1486	33	15	1	1473	1492	12	0.0	2446
8a43e45c-fa21-49c6-b74d-3adbd4558178	NR_113031.1	96.568	1486	33	15	1	1473	1492	12	0.0	2446
8a43e45c-fa21-49c6-b74d-3adbd4558178	NR_043332.1	96.599	1470	32	15	1	1457	1465	1	0.0	2427
8a43e45c-fa21-49c6-b74d-3adbd4558178	NR_113570.1	96.547	1477	32	16	1	1463	1472	1	0.0	2427
8a43e45c-fa21-49c6-b74d-3adbd4558178	NR_115355.1	96.327	1470	36	15	1	1457	1465	1	0.0	2403
00ee7cd3-0693-431e-adbb-c73cf2cf7444	NR_156986.1	94.783	690	20	14	1	682	682	1	0.0	1061
00ee7cd3-0693-431e-adbb-c73cf2cf7444	NR_024901.1	94.638	690	21	14	1	682	687	6	0.0	1055
00ee7cd3-0693-431e-adbb-c73cf2cf7444	NR_024912.1	94.638	690	21	14	1	682	687	6	0.0	1055
00ee7cd3-0693-431e-adbb-c73cf2cf7444	NR_024928.1	94.638	690	21	14	1	682	687	6	0.0	1055
00ee7cd3-0693-431e-adbb-c73cf2cf7444	NR_156987.1	94.638	690	21	14	1	682	682	1	0.0	1055
1d1254d7-6381-4c2d-b80f-038f8a81ae35	NR_024912.1	98.016	504	6	4	1	501	508	6	0.0	872
1d1254d7-6381-4c2d-b80f-038f8a81ae35	NR_156986.1	98.016	504	6	4	1	501	503	1	0.0	872
1d1254d7-6381-4c2d-b80f-038f8a81ae35	NR_024901.1	97.817	504	7	4	1	501	508	6	0.0	867
1d1254d7-6381-4c2d-b80f-038f8a81ae35	NR_024928.1	97.817	504	7	4	1	501	508	6	0.0	867
1d1254d7-6381-4c2d-b80f-038f8a81ae35	NR_156987.1	97.817	504	7	4	1	501	503	1	0.0	867
4d317d66-3e16-4d19-b915-9518fd239113	NR_026419.1	92.425	1241	63	26	18	1234	1243	10	0.0	1742
4d317d66-3e16-4d19-b915-9518fd239113	NR_025903.1	91.169	1257	74	31	18	1248	1255	10	0.0	1672
4d317d66-3e16-4d19-b915-9518fd239113	NR_133753.1	91.797	1219	64	30	18	1210	1209	1	0.0	1664
4d317d66-3e16-4d19-b915-9518fd239113	NR_025904.1	90.707	1259	76	34	18	1248	1254	9	0.0	1639
4d317d66-3e16-4d19-b915-9518fd239113	NR_133752.1	91.513	1190	65	30	18	1181	1180	1	0.0	1605
83882488-d703-4489-8c0c-071a27a6fd18	NR_156986.1	94.913	865	23	17	1	852	862	6	0.0	1334
83882488-d703-4489-8c0c-071a27a6fd18	NR_156987.1	94.798	865	24	17	1	852	862	6	0.0	1328
83882488-d703-4489-8c0c-071a27a6fd18	NR_199514.1	94.798	865	24	17	1	852	874	18	0.0	1328
83882488-d703-4489-8c0c-071a27a6fd18	NR_178976.1	94.890	861	23	17	1	848	853	1	0.0	1327
83882488-d703-4489-8c0c-071a27a6fd18	NR_113600.1	94.780	862	24	17	1	849	854	1	0.0	1325
5ceb9c65-d825-4809-aef9-566a0953c275	NR_024912.1	96.782	435	7	5	1	433	474	45	0.0	719
5ceb9c65-d825-4809-aef9-566a0953c275	NR_037092.1	96.774	434	8	4	1	433	478	50	0.0	719
5ceb9c65-d825-4809-aef9-566a0953c275	NR_042147.1	96.782	435	7	5	1	433	461	32	0.0	719
5ceb9c65-d825-4809-aef9-566a0953c275	NR_156986.1	96.782	435	7	5	1	433	469	40	0.0	719
5ceb9c65-d825-4809-aef9-566a0953c275	NR_178976.1	96.782	435	7	5	1	433	460	31	0.0	719
7022f523-7df8-4c74-8a4a-06cf0d9e0175	NR_024912.1	97.525	606	7	8	3	603	608	6	0.0	1029
7022f523-7df8-4c74-8a4a-06cf0d9e0175	NR_156986.1	97.525	606	7	8	3	603	603	1	0.0	1029
7022f523-7df8-4c74-8a4a-06cf0d9e0175	NR_024901.1	97.360	606	8	8	3	603	608	6	0.0	1024
7022f523-7df8-4c74-8a4a-06cf0d9e0175	NR_024928.1	97.360	606	8	8	3	603	608	6	0.0	1024
7022f523-7df8-4c74-8a4a-06cf0d9e0175	NR_156987.1	97.360	606	8	8	3	603	603	1	0.0	1024
a2a6a7dd-4e63-4323-be3c-bdfba51e3c4b	NR_156986.1	95.712	653	15	12	15	658	649	1	0.0	1038
a2a6a7dd-4e63-4323-be3c-bdfba51e3c4b	NR_024901.1	95.427	656	17	12	15	661	654	3	0.0	1033
a2a6a7dd-4e63-4323-be3c-bdfba51e3c4b	NR_024912.1	95.427	656	17	12	15	661	654	3	0.0	1033
a2a6a7dd-4e63-4323-be3c-bdfba51e3c4b	NR_024928.1	95.427	656	17	12	15	661	654	3	0.0	1033
a2a6a7dd-4e63-4323-be3c-bdfba51e3c4b	NR_156987.1	95.559	653	16	12	15	658	649	1	0.0	1033
76a82a11-2fc8-4abe-b1cd-7b8c771a6834	NR_041953.1	92.827	962	36	27	24	965	519	1467	0.0	1363
76a82a11-2fc8-4abe-b1cd-7b8c771a6834	NR_116899.1	92.835	963	34	29	24	965	506	1454	0.0	1363
76a82a11-2fc8-4abe-b1cd-7b8c771a6834	NR_117826.1	92.827	962	36	27	24	965	491	1439	0.0	1363
76a82a11-2fc8-4abe-b1cd-7b8c771a6834	NR_024918.1	92.731	963	35	29	24	965	532	1480	0.0	1358
76a82a11-2fc8-4abe-b1cd-7b8c771a6834	NR_037135.1	92.723	962	37	27	24	965	499	1447	0.0	1358
e2a87cf1-264a-46ff-a742-f4b3ff090bee	NR_109628.1	96.137	1165	28	11	4	1163	311	1463	0.0	1886
e2a87cf1-264a-46ff-a742-f4b3ff090bee	NR_042843.1	96.052	1165	29	11	4	1163	310	1462	0.0	1881
e2a87cf1-264a-46ff-a742-f4b3ff090bee	NR_102895.1	96.052	1165	29	11	4	1163	338	1490	0.0	1881
e2a87cf1-264a-46ff-a742-f4b3ff090bee	NR_113113.1	96.052	1165	29	11	4	1163	318	1470	0.0	1881
e2a87cf1-264a-46ff-a742-f4b3ff090bee	NR_175509.1	96.052	1165	29	11	4	1163	330	1482	0.0	1881
d38b22bb-4dcf-48b6-b156-ab3e70b5a647	NR_041953.1	91.408	838	41	28	12	827	1243	415	0.0	1120
d38b22bb-4dcf-48b6-b156-ab3e70b5a647	NR_042541.1	91.289	838	42	28	12	827	1243	415	0.0	1114
d38b22bb-4dcf-48b6-b156-ab3e70b5a647	NR_178447.1	91.289	838	42	28	12	827	1177	349	0.0	1114
d38b22bb-4dcf-48b6-b156-ab3e70b5a647	NR_199513.1	91.289	838	42	28	12	827	1270	442	0.0	1114
d38b22bb-4dcf-48b6-b156-ab3e70b5a647	NR_178976.1	91.180	839	41	30	12	827	1242	414	0.0	1109
1c806a9d-5fb7-4bd9-acb3-4b429df38083	NR_042776.1	96.708	486	9	7	4	482	649	1134	0.0	802
1c806a9d-5fb7-4bd9-acb3-4b429df38083	NR_042777.1	96.708	486	9	7	4	482	648	1133	0.0	802
1c806a9d-5fb7-4bd9-acb3-4b429df38083	NR_042778.1	96.708	486	9	7	4	482	649	1134	0.0	802
1c806a9d-5fb7-4bd9-acb3-4b429df38083	NR_197695.1	96.296	486	11	7	4	482	648	1133	0.0	791
1c806a9d-5fb7-4bd9-acb3-4b429df38083	NR_118998.1	95.885	486	12	8	4	482	644	1128	0.0	780
e8963d18-c4e9-4a58-a6b8-26bff7ab9f65	NR_042776.1	93.033	933	39	19	1	915	293	1217	0.0	1339
e8963d18-c4e9-4a58-a6b8-26bff7ab9f65	NR_197695.1	93.033	933	39	19	1	915	292	1216	0.0	1339
e8963d18-c4e9-4a58-a6b8-26bff7ab9f65	NR_042778.1	92.926	933	40	20	1	915	293	1217	0.0	1334
e8963d18-c4e9-4a58-a6b8-26bff7ab9f65	NR_042777.1	92.926	933	39	20	1	915	293	1216	0.0	1332
e8963d18-c4e9-4a58-a6b8-26bff7ab9f65	NR_118998.1	92.176	933	46	21	1	915	288	1211	0.0	1293
c94e82b8-4f35-4899-ab25-74617a111968	NR_156986.1	94.232	1387	49	26	14	1377	1379	1	0.0	2089
c94e82b8-4f35-4899-ab25-74617a111968	NR_024928.1	94.160	1387	50	26	14	1377	1384	6	0.0	2085
c94e82b8-4f35-4899-ab25-74617a111968	NR_156987.1	94.160	1387	50	26	14	1377	1379	1	0.0	2084
c94e82b8-4f35-4899-ab25-74617a111968	NR_199513.1	94.092	1388	53	24	14	1379	1398	18	0.0	2082
c94e82b8-4f35-4899-ab25-74617a111968	NR_024901.1	94.088	1387	51	26	14	1377	1384	6	0.0	2078
b0ac5eea-b8cc-4531-8c17-4b5d666cdf9e	NR_137215.1	96.471	255	6	2	1	254	1212	960	9.99e-117	418
b0ac5eea-b8cc-4531-8c17-4b5d666cdf9e	NR_024927.1	96.078	255	7	2	1	254	1218	966	4.65e-115	412
b0ac5eea-b8cc-4531-8c17-4b5d666cdf9e	NR_024950.1	96.078	255	7	2	1	254	1221	969	4.65e-115	412
b0ac5eea-b8cc-4531-8c17-4b5d666cdf9e	NR_025550.1	96.078	255	7	2	1	254	1207	955	4.65e-115	412
b0ac5eea-b8cc-4531-8c17-4b5d666cdf9e	NR_029063.1	96.078	255	7	2	1	254	1226	974	4.65e-115	412
51e4ac08-c266-4ec7-9fe5-a15d5633dd64	NR_117719.1	96.739	644	15	5	10	650	653	13	0.0	1068
51e4ac08-c266-4ec7-9fe5-a15d5633dd64	NR_175455.1	96.719	640	16	4	10	646	641	4	0.0	1061
51e4ac08-c266-4ec7-9fe5-a15d5633dd64	NR_165747.1	95.906	635	21	4	10	641	633	1	0.0	1024
51e4ac08-c266-4ec7-9fe5-a15d5633dd64	NR_179383.1	95.497	644	23	5	10	650	660	20	0.0	1024
51e4ac08-c266-4ec7-9fe5-a15d5633dd64	NR_028664.1	95.342	644	24	5	10	650	656	16	0.0	1018
4b625505-e9c7-498d-8bc4-059d9cd8c16c	NR_024912.1	97.085	446	4	7	1	440	539	97	0.0	743
4b625505-e9c7-498d-8bc4-059d9cd8c16c	NR_042147.1	97.085	446	4	7	1	440	526	84	0.0	743
4b625505-e9c7-498d-8bc4-059d9cd8c16c	NR_156986.1	97.085	446	4	7	1	440	534	92	0.0	743
4b625505-e9c7-498d-8bc4-059d9cd8c16c	NR_178976.1	97.085	446	4	7	1	440	525	83	0.0	743
4b625505-e9c7-498d-8bc4-059d9cd8c16c	NR_179365.1	97.085	446	4	7	1	440	505	63	0.0	743
10cc73d3-eac7-4445-9260-0268576c0e5a	NR_041799.1	94.774	708	18	17	4	702	766	1463	0.0	1085
10cc73d3-eac7-4445-9260-0268576c0e5a	NR_117823.1	94.774	708	18	17	4	702	738	1435	0.0	1085
10cc73d3-eac7-4445-9260-0268576c0e5a	NR_181265.1	94.774	708	18	17	4	702	793	1490	0.0	1085
10cc73d3-eac7-4445-9260-0268576c0e5a	NR_181730.1	94.774	708	18	17	4	702	772	1469	0.0	1085
10cc73d3-eac7-4445-9260-0268576c0e5a	NR_114227.1	94.767	707	18	17	4	701	766	1462	0.0	1083
fb211c9f-b3f7-41d0-8103-fbf1d9070fa2	NR_025164.1	88.178	516	29	29	5	501	503	1	5.08e-167	586
fb211c9f-b3f7-41d0-8103-fbf1d9070fa2	NR_042199.1	88.201	517	27	31	5	501	503	1	5.08e-167	586
fb211c9f-b3f7-41d0-8103-fbf1d9070fa2	NR_169460.1	88.201	517	27	31	5	501	508	6	5.08e-167	586
fb211c9f-b3f7-41d0-8103-fbf1d9070fa2	NR_025174.1	87.938	514	34	26	5	501	511	9	2.36e-165	580
fb211c9f-b3f7-41d0-8103-fbf1d9070fa2	NR_028706.1	87.961	515	32	28	5	501	524	22	2.36e-165	580
2f8ae0b5-b8fb-48e6-8918-6dc7474a3efe	NR_024912.1	96.687	332	9	2	1	331	341	11	1.20e-156	551
2f8ae0b5-b8fb-48e6-8918-6dc7474a3efe	NR_028706.1	96.687	332	9	2	1	331	349	19	1.20e-156	551
2f8ae0b5-b8fb-48e6-8918-6dc7474a3efe	NR_037092.1	96.687	332	9	2	1	331	346	16	1.20e-156	551
2f8ae0b5-b8fb-48e6-8918-6dc7474a3efe	NR_042939.1	96.687	332	9	2	1	331	347	17	1.20e-156	551
2f8ae0b5-b8fb-48e6-8918-6dc7474a3efe	NR_114473.1	96.687	332	9	2	1	331	336	6	1.20e-156	551
b257e79a-6a72-4694-99de-39e2acdb3f31	NR_117694.1	96.784	1275	23	15	1	1266	198	1463	0.0	2111
b257e79a-6a72-4694-99de-39e2acdb3f31	NR_121687.1	96.314	1275	29	15	1	1266	218	1483	0.0	2078
b257e79a-6a72-4694-99de-39e2acdb3f31	NR_117692.1	96.088	1278	26	19	1	1266	198	1463	0.0	2061
b257e79a-6a72-4694-99de-39e2acdb3f31	NR_025902.1	95.931	1278	28	19	1	1266	176	1441	0.0	2050
b257e79a-6a72-4694-99de-39e2acdb3f31	NR_025892.1	95.604	1274	35	18	1	1264	224	1486	0.0	2045
e5e345f2-0093-4aad-a22e-9a38d38dd20b	NR_178515.1	95.624	617	15	5	2	607	815	200	0.0	979
e5e345f2-0093-4aad-a22e-9a38d38dd20b	NR_028833.1	95.300	617	17	5	2	607	842	227	0.0	968
e5e345f2-0093-4aad-a22e-9a38d38dd20b	NR_165737.1	95.300	617	17	5	2	607	815	200	0.0	968
e5e345f2-0093-4aad-a22e-9a38d38dd20b	NR_115241.1	95.138	617	18	5	2	607	815	200	0.0	963
e5e345f2-0093-4aad-a22e-9a38d38dd20b	NR_115735.1	95.138	617	18	5	2	607	806	191	0.0	963
1058e943-01e9-433a-a761-51b051de93c5	NR_156986.1	95.334	1393	40	22	1	1380	1381	1	0.0	2189
1058e943-01e9-433a-a761-51b051de93c5	NR_199513.1	95.265	1394	43	20	1	1382	1400	18	0.0	2187
1058e943-01e9-433a-a761-51b051de93c5	NR_156987.1	95.265	1394	39	22	1	1380	1381	1	0.0	2183
1058e943-01e9-433a-a761-51b051de93c5	NR_024928.1	95.194	1394	40	22	1	1380	1386	6	0.0	2180
1058e943-01e9-433a-a761-51b051de93c5	NR_043935.1	95.190	1393	42	22	1	1380	1394	14	0.0	2178
fa77eecd-70a2-44c7-a6ba-a0b86ac200ab	NR_181891.1	97.647	850	12	7	1	847	357	1201	0.0	1452
fa77eecd-70a2-44c7-a6ba-a0b86ac200ab	NR_199513.1	97.647	850	12	7	1	847	361	1205	0.0	1452
fa77eecd-70a2-44c7-a6ba-a0b86ac200ab	NR_041953.1	97.529	850	13	7	1	847	334	1178	0.0	1447
fa77eecd-70a2-44c7-a6ba-a0b86ac200ab	NR_178447.1	97.529	850	13	7	1	847	268	1112	0.0	1447
fa77eecd-70a2-44c7-a6ba-a0b86ac200ab	NR_042541.1	97.412	850	14	7	1	847	334	1178	0.0	1441
9ed68147-ede0-47e0-93b6-774c9401288e	NR_117694.1	95.448	1472	37	26	1	1461	20	1472	0.0	2320
9ed68147-ede0-47e0-93b6-774c9401288e	NR_117692.1	94.833	1471	48	23	1	1461	20	1472	0.0	2270
9ed68147-ede0-47e0-93b6-774c9401288e	NR_117696.1	94.630	1471	51	24	1	1461	7	1459	0.0	2254
9ed68147-ede0-47e0-93b6-774c9401288e	NR_025902.1	94.619	1468	50	24	5	1461	1	1450	0.0	2246
9ed68147-ede0-47e0-93b6-774c9401288e	NR_117717.1	94.562	1471	51	25	1	1461	41	1492	0.0	2246
aa56ca24-fae5-4be2-8d8c-8515d28179e9	NR_117694.1	96.778	931	16	11	1	925	1301	379	0.0	1541
aa56ca24-fae5-4be2-8d8c-8515d28179e9	NR_121687.1	96.348	931	20	11	1	925	1321	399	0.0	1519
aa56ca24-fae5-4be2-8d8c-8515d28179e9	NR_025892.1	96.022	930	24	11	1	925	1326	405	0.0	1517
aa56ca24-fae5-4be2-8d8c-8515d28179e9	NR_041988.1	96.133	931	22	12	1	925	1259	337	0.0	1507
aa56ca24-fae5-4be2-8d8c-8515d28179e9	NR_041989.1	95.923	932	22	13	1	925	1259	337	0.0	1496
37bc986f-dfce-4b1d-8c8d-36ee3e07a51a	NR_041989.1	92.693	739	18	16	1	707	1334	600	0.0	1033
37bc986f-dfce-4b1d-8c8d-36ee3e07a51a	NR_117694.1	92.558	739	19	16	1	707	1376	642	0.0	1027
37bc986f-dfce-4b1d-8c8d-36ee3e07a51a	NR_028900.1	92.412	738	20	16	1	706	1334	601	0.0	1020
37bc986f-dfce-4b1d-8c8d-36ee3e07a51a	NR_178369.1	92.412	738	20	16	1	706	1347	614	0.0	1020
37bc986f-dfce-4b1d-8c8d-36ee3e07a51a	NR_025892.1	92.152	739	22	16	1	707	1401	667	0.0	1016
06456b79-2c5e-4f0d-b9d2-593030a7fd9a	NR_024912.1	95.812	573	12	9	1	563	580	10	0.0	915
06456b79-2c5e-4f0d-b9d2-593030a7fd9a	NR_156986.1	95.812	573	12	9	1	563	575	5	0.0	915
06456b79-2c5e-4f0d-b9d2-593030a7fd9a	NR_037092.1	95.804	572	13	8	1	563	584	15	0.0	913
06456b79-2c5e-4f0d-b9d2-593030a7fd9a	NR_024901.1	95.637	573	13	9	1	563	580	10	0.0	909
06456b79-2c5e-4f0d-b9d2-593030a7fd9a	NR_024928.1	95.637	573	13	9	1	563	580	10	0.0	909
c747e1b5-3759-4612-ada8-2ce46e238a2d	NR_163639.1	90.821	414	21	16	1	402	412	4	1.13e-152	538
c747e1b5-3759-4612-ada8-2ce46e238a2d	NR_074980.1	90.602	415	21	17	1	401	423	13	1.46e-151	534
c747e1b5-3759-4612-ada8-2ce46e238a2d	NR_113031.1	90.602	415	21	17	1	401	423	13	1.46e-151	534
c747e1b5-3759-4612-ada8-2ce46e238a2d	NR_119168.1	91.457	398	18	15	1	386	401	8	5.26e-151	532
c747e1b5-3759-4612-ada8-2ce46e238a2d	NR_115355.1	91.206	398	19	15	1	386	396	3	1.89e-150	531
aa6ebae6-106a-4f4c-be59-310ee76425a5	NR_024841.1	96.501	1029	17	12	1	1018	1027	7	0.0	1683
aa6ebae6-106a-4f4c-be59-310ee76425a5	NR_113260.1	96.474	1021	17	12	1	1010	1013	1	0.0	1668
aa6ebae6-106a-4f4c-be59-310ee76425a5	NR_118234.1	95.150	1031	31	12	1	1020	1030	8	0.0	1609
aa6ebae6-106a-4f4c-be59-310ee76425a5	NR_115736.1	96.074	968	19	12	1	957	960	1	0.0	1563
aa6ebae6-106a-4f4c-be59-310ee76425a5	NR_179540.1	94.369	1030	35	15	1	1018	1031	13	0.0	1559
0e193d15-368f-4f08-b08d-8203a6e46d61	NR_116890.1	92.627	434	21	8	1	429	979	552	1.96e-175	614
0e193d15-368f-4f08-b08d-8203a6e46d61	NR_025862.1	92.396	434	22	8	1	429	990	563	7.06e-175	612
0e193d15-368f-4f08-b08d-8203a6e46d61	NR_026454.1	92.396	434	22	8	1	429	967	540	9.13e-174	608
0e193d15-368f-4f08-b08d-8203a6e46d61	NR_025360.1	92.593	432	19	10	4	429	975	551	9.13e-174	608
0e193d15-368f-4f08-b08d-8203a6e46d61	NR_041706.1	92.361	432	20	10	4	429	976	552	4.25e-172	603
18c782d5-01e1-4c89-af95-b95967a8737c	NR_041953.1	95.444	1295	38	15	1	1279	1382	93	0.0	2045
18c782d5-01e1-4c89-af95-b95967a8737c	NR_179889.1	95.444	1295	38	15	1	1279	1409	120	0.0	2045
18c782d5-01e1-4c89-af95-b95967a8737c	NR_178447.1	95.367	1295	39	15	1	1279	1316	27	0.0	2039
18c782d5-01e1-4c89-af95-b95967a8737c	NR_178854.1	95.367	1295	38	16	1	1279	1381	93	0.0	2039
18c782d5-01e1-4c89-af95-b95967a8737c	NR_181014.1	95.367	1295	39	15	1	1279	1382	93	0.0	2039
627e19e9-6c5a-40cd-b370-93b894201a8e	NR_199513.1	96.959	1381	25	14	1	1373	124	1495	0.0	2302
627e19e9-6c5a-40cd-b370-93b894201a8e	NR_179889.1	96.744	1382	26	17	1	1373	124	1495	0.0	2285
627e19e9-6c5a-40cd-b370-93b894201a8e	NR_181891.1	96.744	1382	26	16	1	1373	120	1491	0.0	2285
627e19e9-6c5a-40cd-b370-93b894201a8e	NR_024928.1	96.671	1382	27	17	1	1373	110	1481	0.0	2281
627e19e9-6c5a-40cd-b370-93b894201a8e	NR_113600.1	96.805	1377	23	19	1	1367	97	1462	0.0	2281
30e19afb-fd0e-4f35-b84e-c825266e10e4	NR_024912.1	92.230	592	20	22	32	609	607	28	0.0	815
30e19afb-fd0e-4f35-b84e-c825266e10e4	NR_042147.1	92.230	592	20	22	32	609	594	15	0.0	815
30e19afb-fd0e-4f35-b84e-c825266e10e4	NR_156986.1	92.230	592	20	22	32	609	602	23	0.0	815
30e19afb-fd0e-4f35-b84e-c825266e10e4	NR_178976.1	92.230	592	20	22	32	609	593	14	0.0	815
30e19afb-fd0e-4f35-b84e-c825266e10e4	NR_179365.1	92.599	581	19	20	32	600	573	5	0.0	813
6744549c-9f61-4012-8f75-37623e717a59	NR_117694.1	95.675	578	13	11	1	569	575	1	0.0	918
6744549c-9f61-4012-8f75-37623e717a59	NR_025892.1	94.369	586	21	10	1	577	601	19	0.0	902
6744549c-9f61-4012-8f75-37623e717a59	NR_121687.1	93.697	587	23	13	1	577	595	13	0.0	867
6744549c-9f61-4012-8f75-37623e717a59	NR_117692.1	93.253	578	27	11	1	569	575	1	0.0	841
6744549c-9f61-4012-8f75-37623e717a59	NR_117717.1	92.164	587	32	13	1	577	596	14	0.0	817
c0d0c67b-f65f-4fec-8747-35d0be698b59	NR_113114.1	96.959	559	10	4	1	553	205	762	0.0	931
c0d0c67b-f65f-4fec-8747-35d0be698b59	NR_043292.1	96.959	559	10	4	1	553	156	713	0.0	931
c0d0c67b-f65f-4fec-8747-35d0be698b59	NR_044629.1	87.120	559	64	6	2	553	213	770	0.0	634
c0d0c67b-f65f-4fec-8747-35d0be698b59	NR_113096.1	87.299	559	63	6	2	553	206	763	0.0	632
c0d0c67b-f65f-4fec-8747-35d0be698b59	NR_113093.1	86.988	561	59	11	3	553	207	763	5.48e-177	619
c4194eb0-6f5d-4e29-a5b8-bdc608fd5df0	NR_199513.1	90.767	1408	82	31	1	1370	98	1495	0.0	1836
c4194eb0-6f5d-4e29-a5b8-bdc608fd5df0	NR_179889.1	90.696	1408	83	31	1	1370	98	1495	0.0	1831
c4194eb0-6f5d-4e29-a5b8-bdc608fd5df0	NR_024928.1	90.638	1410	80	35	1	1370	84	1481	0.0	1827
c4194eb0-6f5d-4e29-a5b8-bdc608fd5df0	NR_113600.1	90.741	1404	78	35	1	1364	71	1462	0.0	1827
c4194eb0-6f5d-4e29-a5b8-bdc608fd5df0	NR_024927.1	90.625	1408	84	31	1	1370	84	1481	0.0	1825
713a07d5-6a2c-4603-929a-19abdbd5ed2e	NR_199513.1	97.521	242	5	1	8	249	639	399	4.34e-115	412
713a07d5-6a2c-4603-929a-19abdbd5ed2e	NR_041953.1	97.131	244	6	1	6	249	614	372	1.56e-114	411
713a07d5-6a2c-4603-929a-19abdbd5ed2e	NR_152710.1	97.107	242	6	1	8	249	593	353	2.02e-113	407
713a07d5-6a2c-4603-929a-19abdbd5ed2e	NR_178447.1	97.107	242	6	1	8	249	546	306	2.02e-113	407
713a07d5-6a2c-4603-929a-19abdbd5ed2e	NR_181891.1	97.107	242	6	1	8	249	635	395	2.02e-113	407
27a7999c-7c93-4f79-a21d-725e8f30bf21	NR_025863.1	96.233	292	8	2	1	289	1169	878	4.86e-135	479
27a7999c-7c93-4f79-a21d-725e8f30bf21	NR_137219.1	92.808	292	18	2	1	289	1120	829	2.99e-117	420
27a7999c-7c93-4f79-a21d-725e8f30bf21	NR_181481.1	92.808	292	18	2	1	289	1171	880	2.99e-117	420
27a7999c-7c93-4f79-a21d-725e8f30bf21	NR_181935.1	92.808	292	18	2	1	289	1178	887	2.99e-117	420
27a7999c-7c93-4f79-a21d-725e8f30bf21	NR_026471.1	92.466	292	19	2	1	289	1153	862	1.39e-115	414
32448001-305b-405f-b383-1f9b49a88417	NR_041953.1	90.893	1120	50	40	1	1087	277	1377	0.0	1456
32448001-305b-405f-b383-1f9b49a88417	NR_199513.1	90.893	1120	50	40	1	1087	304	1404	0.0	1456
32448001-305b-405f-b383-1f9b49a88417	NR_042541.1	90.804	1120	51	40	1	1087	277	1377	0.0	1450
32448001-305b-405f-b383-1f9b49a88417	NR_181014.1	90.804	1120	51	40	1	1087	277	1377	0.0	1450
32448001-305b-405f-b383-1f9b49a88417	NR_113600.1	90.723	1121	50	42	1	1087	277	1377	0.0	1445
18955193-5714-446f-86e1-8816c001bbb2	NR_181373.1	95.091	876	28	14	1	864	594	1466	0.0	1365
18955193-5714-446f-86e1-8816c001bbb2	NR_113247.1	94.977	876	29	14	1	864	590	1462	0.0	1360
18955193-5714-446f-86e1-8816c001bbb2	NR_118526.1	95.156	867	27	14	1	855	570	1433	0.0	1354
18955193-5714-446f-86e1-8816c001bbb2	NR_118513.1	93.187	866	44	14	2	855	572	1434	0.0	1258
18955193-5714-446f-86e1-8816c001bbb2	NR_043601.1	97.063	749	13	9	1	743	570	1315	0.0	1253
83318fd0-1e08-40ea-aca0-c9500c64a3d3	NR_024918.1	94.758	763	32	5	7	763	720	1480	0.0	1181
83318fd0-1e08-40ea-aca0-c9500c64a3d3	NR_042147.1	95.093	754	29	5	16	763	716	1467	0.0	1181
83318fd0-1e08-40ea-aca0-c9500c64a3d3	NR_116899.1	94.758	763	32	5	7	763	694	1454	0.0	1181
83318fd0-1e08-40ea-aca0-c9500c64a3d3	NR_164626.1	94.758	763	32	5	7	763	717	1477	0.0	1181
83318fd0-1e08-40ea-aca0-c9500c64a3d3	NR_043314.1	94.626	763	34	4	7	763	724	1485	0.0	1175
8168c83b-65d0-425d-b4b5-14968d56c0cd	NR_180652.1	83.123	1268	148	59	118	1351	240	1475	0.0	1096
8168c83b-65d0-425d-b4b5-14968d56c0cd	NR_112722.1	83.055	1257	154	50	127	1351	238	1467	0.0	1086
8168c83b-65d0-425d-b4b5-14968d56c0cd	NR_036889.1	82.962	1256	157	48	127	1351	238	1467	0.0	1083
8168c83b-65d0-425d-b4b5-14968d56c0cd	NR_026145.1	82.756	1270	158	52	115	1351	226	1467	0.0	1075
8168c83b-65d0-425d-b4b5-14968d56c0cd	NR_114928.1	82.478	1267	165	50	115	1351	214	1453	0.0	1057
e3e8b060-cfbd-4aac-a469-cacaa891c833	NR_116899.1	94.196	982	28	24	1	968	484	1450	0.0	1471
e3e8b060-cfbd-4aac-a469-cacaa891c833	NR_024918.1	94.094	982	29	24	1	968	510	1476	0.0	1465
e3e8b060-cfbd-4aac-a469-cacaa891c833	NR_041799.1	94.100	983	27	26	1	968	497	1463	0.0	1465
e3e8b060-cfbd-4aac-a469-cacaa891c833	NR_041953.1	94.094	982	29	24	1	968	497	1463	0.0	1465
e3e8b060-cfbd-4aac-a469-cacaa891c833	NR_042541.1	94.094	982	29	24	1	968	497	1463	0.0	1465
dc17645b-f657-48ac-a7de-24e57bd01a3b	NR_156986.1	96.616	1389	23	18	1	1372	1382	1	0.0	2283
dc17645b-f657-48ac-a7de-24e57bd01a3b	NR_156987.1	96.544	1389	24	18	1	1372	1382	1	0.0	2278
dc17645b-f657-48ac-a7de-24e57bd01a3b	NR_024928.1	96.472	1389	25	18	1	1372	1387	6	0.0	2274
dc17645b-f657-48ac-a7de-24e57bd01a3b	NR_199513.1	96.403	1390	28	16	1	1374	1401	18	0.0	2270
dc17645b-f657-48ac-a7de-24e57bd01a3b	NR_178976.1	96.594	1380	23	18	1	1363	1373	1	0.0	2268
633dc8ce-a386-4f29-944a-286c99ec3bc6	NR_117694.1	97.835	970	13	6	1	965	499	1465	0.0	1668
633dc8ce-a386-4f29-944a-286c99ec3bc6	NR_121687.1	97.423	970	17	6	1	965	519	1485	0.0	1646
633dc8ce-a386-4f29-944a-286c99ec3bc6	NR_117692.1	97.423	970	17	6	1	965	499	1465	0.0	1646
633dc8ce-a386-4f29-944a-286c99ec3bc6	NR_025902.1	97.216	970	19	6	1	965	477	1443	0.0	1635
633dc8ce-a386-4f29-944a-286c99ec3bc6	NR_117696.1	97.113	970	20	6	1	965	486	1452	0.0	1629
ac4a5ba1-609e-45f0-a75b-ec7f5da50ad1	NR_119168.1	93.526	726	28	16	1	712	763	43	0.0	1062
ac4a5ba1-609e-45f0-a75b-ec7f5da50ad1	NR_113570.1	93.629	722	26	17	1	707	765	49	0.0	1061
ac4a5ba1-609e-45f0-a75b-ec7f5da50ad1	NR_074980.1	93.388	726	29	16	1	712	785	65	0.0	1057
ac4a5ba1-609e-45f0-a75b-ec7f5da50ad1	NR_113031.1	93.388	726	29	16	1	712	785	65	0.0	1057
ac4a5ba1-609e-45f0-a75b-ec7f5da50ad1	NR_043332.1	93.251	726	30	16	1	712	758	38	0.0	1053
1c3857e6-660d-4847-9e24-ab6112427a6f	NR_114764.1	87.562	603	32	34	6	573	598	4	0.0	660
1c3857e6-660d-4847-9e24-ab6112427a6f	NR_118142.1	86.899	603	36	34	6	573	595	1	0.0	636
1c3857e6-660d-4847-9e24-ab6112427a6f	NR_044753.1	84.899	596	46	35	6	566	619	33	2.11e-166	584
1c3857e6-660d-4847-9e24-ab6112427a6f	NR_042869.1	84.539	608	50	35	1	573	599	1	5.92e-162	569
1c3857e6-660d-4847-9e24-ab6112427a6f	NR_118847.1	84.704	608	49	35	1	573	601	3	5.92e-162	569
41c62df1-5c41-4b3f-8ae3-69621b05ee42	NR_044091.1	88.440	1263	82	51	12	1228	1262	18	0.0	1465
41c62df1-5c41-4b3f-8ae3-69621b05ee42	NR_113570.1	87.965	1263	88	52	12	1228	1354	110	0.0	1432
41c62df1-5c41-4b3f-8ae3-69621b05ee42	NR_074980.1	87.648	1263	91	53	12	1228	1374	131	0.0	1408
41c62df1-5c41-4b3f-8ae3-69621b05ee42	NR_113031.1	87.648	1263	91	53	12	1228	1374	131	0.0	1408
41c62df1-5c41-4b3f-8ae3-69621b05ee42	NR_043332.1	87.569	1263	92	52	12	1228	1347	104	0.0	1404
541598f4-9ce8-4d31-bc69-33486cf759bd	NR_156986.1	90.492	915	30	37	1	880	901	9	0.0	1155
541598f4-9ce8-4d31-bc69-33486cf759bd	NR_178976.1	90.481	914	30	37	1	879	892	1	0.0	1153
541598f4-9ce8-4d31-bc69-33486cf759bd	NR_113600.1	90.383	915	31	37	1	880	893	1	0.0	1151
541598f4-9ce8-4d31-bc69-33486cf759bd	NR_156987.1	90.383	915	31	37	1	880	901	9	0.0	1149
541598f4-9ce8-4d31-bc69-33486cf759bd	NR_199514.1	90.383	915	31	37	1	880	913	21	0.0	1149
4b80fbe3-6d5d-4dbe-b4ff-762eb0fdc753	NR_042878.1	93.784	917	33	18	1	898	205	1116	0.0	1358
4b80fbe3-6d5d-4dbe-b4ff-762eb0fdc753	NR_116168.1	93.784	917	33	18	1	898	226	1137	0.0	1356
4b80fbe3-6d5d-4dbe-b4ff-762eb0fdc753	NR_118143.1	93.239	917	38	17	1	898	207	1118	0.0	1330
4b80fbe3-6d5d-4dbe-b4ff-762eb0fdc753	NR_118762.1	92.148	917	47	17	1	898	229	1139	0.0	1303
4b80fbe3-6d5d-4dbe-b4ff-762eb0fdc753	NR_025423.1	91.513	919	50	21	1	898	210	1121	0.0	1240
24bffada-17b6-47a8-b0e6-aedbfa386175	NR_024912.1	92.715	453	20	12	1	444	453	5	0.0	641
24bffada-17b6-47a8-b0e6-aedbfa386175	NR_042147.1	93.243	444	17	12	1	435	440	1	0.0	641
24bffada-17b6-47a8-b0e6-aedbfa386175	NR_156986.1	93.243	444	17	12	1	435	448	9	0.0	641
24bffada-17b6-47a8-b0e6-aedbfa386175	NR_178976.1	93.228	443	17	12	1	434	439	1	0.0	640
24bffada-17b6-47a8-b0e6-aedbfa386175	NR_113600.1	93.018	444	18	12	1	435	440	1	0.0	638
9f918ebf-b3d2-44cc-b457-a0ac34c0e5e1	NR_042776.1	94.609	371	12	7	1	366	385	18	1.30e-161	568
9f918ebf-b3d2-44cc-b457-a0ac34c0e5e1	NR_042777.1	94.609	371	12	7	1	366	385	18	1.30e-161	568
9f918ebf-b3d2-44cc-b457-a0ac34c0e5e1	NR_197695.1	94.609	371	12	6	1	366	384	17	1.30e-161	568
9f918ebf-b3d2-44cc-b457-a0ac34c0e5e1	NR_042778.1	94.340	371	13	7	1	366	385	18	6.06e-160	562
9f918ebf-b3d2-44cc-b457-a0ac34c0e5e1	NR_118998.1	93.531	371	16	7	1	366	380	13	1.70e-155	547
b03814a0-8f88-4324-8928-cce77b4f5809	NR_028986.1	98.637	1027	9	5	2	1025	444	1468	0.0	1814
b03814a0-8f88-4324-8928-cce77b4f5809	NR_042199.1	98.637	1027	9	5	2	1025	444	1468	0.0	1814
b03814a0-8f88-4324-8928-cce77b4f5809	NR_113600.1	98.825	1021	7	5	1	1018	443	1461	0.0	1814
b03814a0-8f88-4324-8928-cce77b4f5809	NR_179337.1	98.637	1027	9	5	2	1025	448	1472	0.0	1814
b03814a0-8f88-4324-8928-cce77b4f5809	NR_025164.1	98.539	1027	10	5	2	1025	444	1468	0.0	1808
e5618a16-6048-48ac-aa29-598dcca9406c	NR_024841.1	93.684	95	5	1	8	101	1445	1351	7.78e-34	141
e5618a16-6048-48ac-aa29-598dcca9406c	NR_041722.2	93.684	95	5	1	8	101	1466	1372	7.78e-34	141
e5618a16-6048-48ac-aa29-598dcca9406c	NR_028665.1	93.684	95	5	1	8	101	1446	1352	7.78e-34	141
e5618a16-6048-48ac-aa29-598dcca9406c	NR_028736.1	93.684	95	5	1	8	101	1455	1361	7.78e-34	141
e5618a16-6048-48ac-aa29-598dcca9406c	NR_041721.1	93.684	95	5	1	8	101	1454	1360	7.78e-34	141
c5ac302a-896f-4b93-9128-2f2d31b85c81	NR_025902.1	97.541	122	0	3	1	120	1315	1435	3.82e-53	206
c5ac302a-896f-4b93-9128-2f2d31b85c81	NR_028844.1	97.541	122	0	3	1	120	1346	1466	3.82e-53	206
c5ac302a-896f-4b93-9128-2f2d31b85c81	NR_040933.1	97.541	122	0	3	1	120	1359	1479	3.82e-53	206
c5ac302a-896f-4b93-9128-2f2d31b85c81	NR_114098.1	97.541	122	0	3	1	120	1335	1455	3.82e-53	206
c5ac302a-896f-4b93-9128-2f2d31b85c81	NR_117717.1	97.541	122	0	3	1	120	1357	1477	3.82e-53	206
cb937092-84a7-4a48-80e7-25c43c72866f	NR_024707.1	96.117	206	4	2	1	202	1087	882	2.87e-91	333
cb937092-84a7-4a48-80e7-25c43c72866f	NR_036830.1	96.117	206	4	2	1	202	1067	862	2.87e-91	333
cb937092-84a7-4a48-80e7-25c43c72866f	NR_115612.1	96.117	206	4	2	1	202	1065	860	2.87e-91	333
cb937092-84a7-4a48-80e7-25c43c72866f	NR_117822.1	96.117	206	4	2	1	202	1059	854	2.87e-91	333
cb937092-84a7-4a48-80e7-25c43c72866f	NR_118155.1	96.117	206	4	2	1	202	1108	903	2.87e-91	333
b04ebb8e-d935-43af-bd42-5d109c608d5d	NR_040859.1	97.191	178	2	2	1	178	1304	1478	8.89e-81	298
b04ebb8e-d935-43af-bd42-5d109c608d5d	NR_040992.1	97.191	178	2	2	1	178	1312	1486	8.89e-81	298
b04ebb8e-d935-43af-bd42-5d109c608d5d	NR_025881.1	97.191	178	2	2	1	178	1310	1484	8.89e-81	298
b04ebb8e-d935-43af-bd42-5d109c608d5d	NR_026395.1	97.191	178	2	2	1	178	1312	1486	8.89e-81	298
b04ebb8e-d935-43af-bd42-5d109c608d5d	NR_024662.1	97.191	178	2	2	1	178	1312	1486	8.89e-81	298
2e9196a9-9d2c-4ce5-b271-1455d7715265	NR_164626.1	94.595	222	7	4	5	224	219	1	6.54e-93	339
2e9196a9-9d2c-4ce5-b271-1455d7715265	NR_024901.1	94.545	220	7	4	5	222	222	6	8.46e-92	335
2e9196a9-9d2c-4ce5-b271-1455d7715265	NR_024911.1	94.521	219	9	3	5	222	222	6	8.46e-92	335
2e9196a9-9d2c-4ce5-b271-1455d7715265	NR_024912.1	94.545	220	7	4	5	222	222	6	8.46e-92	335
2e9196a9-9d2c-4ce5-b271-1455d7715265	NR_024928.1	94.545	220	7	4	5	222	222	6	8.46e-92	335
78fa55d8-c31a-4fe0-a378-75dbb3fd6184	NR_025892.1	99.371	159	1	0	1	159	177	19	4.55e-78	289
78fa55d8-c31a-4fe0-a378-75dbb3fd6184	NR_117694.1	100.000	151	0	0	1	151	151	1	2.74e-75	279
78fa55d8-c31a-4fe0-a378-75dbb3fd6184	NR_117717.1	98.113	159	3	0	1	159	172	14	9.85e-75	278
78fa55d8-c31a-4fe0-a378-75dbb3fd6184	NR_121688.1	98.113	159	3	0	1	159	171	13	9.85e-75	278
78fa55d8-c31a-4fe0-a378-75dbb3fd6184	NR_121687.1	97.484	159	4	0	1	159	171	13	4.58e-73	272
7d1ff924-c007-48e8-a289-b9cb7b59731d	NR_164626.1	97.070	273	4	4	11	281	271	1	2.21e-128	457
7d1ff924-c007-48e8-a289-b9cb7b59731d	NR_024901.1	97.048	271	4	4	11	279	274	6	2.86e-127	453
7d1ff924-c007-48e8-a289-b9cb7b59731d	NR_024912.1	97.048	271	4	4	11	279	274	6	2.86e-127	453
7d1ff924-c007-48e8-a289-b9cb7b59731d	NR_024928.1	97.048	271	4	4	11	279	274	6	2.86e-127	453
7d1ff924-c007-48e8-a289-b9cb7b59731d	NR_028706.1	97.048	271	4	4	11	279	282	14	2.86e-127	453
9b9b4204-af53-4519-86fc-3d968d152092	NR_028826.1	98.883	179	1	1	1	178	215	393	6.78e-87	318
9b9b4204-af53-4519-86fc-3d968d152092	NR_040992.1	98.883	179	1	1	1	178	233	411	6.78e-87	318
9b9b4204-af53-4519-86fc-3d968d152092	NR_026395.1	98.883	179	1	1	1	178	233	411	6.78e-87	318
9b9b4204-af53-4519-86fc-3d968d152092	NR_024707.1	98.883	179	1	1	1	178	215	393	6.78e-87	318
9b9b4204-af53-4519-86fc-3d968d152092	NR_024734.1	98.883	179	1	1	1	178	213	391	6.78e-87	318
91cd0e00-6a2a-4ebd-a94e-59c8c3c09752	NR_024901.1	98.125	160	3	0	1	160	170	11	2.86e-75	279
91cd0e00-6a2a-4ebd-a94e-59c8c3c09752	NR_024912.1	98.125	160	3	0	1	160	170	11	2.86e-75	279
91cd0e00-6a2a-4ebd-a94e-59c8c3c09752	NR_024928.1	98.125	160	3	0	1	160	170	11	2.86e-75	279
91cd0e00-6a2a-4ebd-a94e-59c8c3c09752	NR_025164.1	98.726	157	2	0	1	157	157	1	2.86e-75	279
91cd0e00-6a2a-4ebd-a94e-59c8c3c09752	NR_025586.1	98.125	160	3	0	1	160	165	6	2.86e-75	279
b7db004b-7cf8-4c5e-b11c-1aeb59cb305a	NR_164626.1	94.872	273	9	5	1	272	270	2	7.81e-118	422
b7db004b-7cf8-4c5e-b11c-1aeb59cb305a	NR_024912.1	94.853	272	9	5	1	271	273	6	2.81e-117	420
b7db004b-7cf8-4c5e-b11c-1aeb59cb305a	NR_028706.1	94.853	272	9	5	1	271	281	14	2.81e-117	420
b7db004b-7cf8-4c5e-b11c-1aeb59cb305a	NR_037092.1	94.853	272	9	5	1	271	278	11	2.81e-117	420
b7db004b-7cf8-4c5e-b11c-1aeb59cb305a	NR_042939.1	94.853	272	9	5	1	271	279	12	2.81e-117	420
5c37693f-1d94-460c-967b-0337773cb8ac	NR_028682.1	97.778	90	0	1	1	88	1295	1206	9.24e-38	154
5c37693f-1d94-460c-967b-0337773cb8ac	NR_025862.1	96.667	90	1	1	1	88	1294	1205	1.19e-36	150
5c37693f-1d94-460c-967b-0337773cb8ac	NR_026454.1	95.556	90	2	1	1	88	1271	1182	2.00e-34	143
5c37693f-1d94-460c-967b-0337773cb8ac	NR_025400.1	95.556	90	2	1	1	88	1277	1188	2.00e-34	143
5c37693f-1d94-460c-967b-0337773cb8ac	NR_179652.1	95.556	90	2	1	1	88	1298	1209	2.00e-34	143
b237eb57-158b-4f45-af60-2f64d198acd4	NR_028826.1	97.315	149	2	2	1	149	1224	1370	5.49e-67	252
b237eb57-158b-4f45-af60-2f64d198acd4	NR_024909.1	97.315	149	2	1	1	149	1234	1380	5.49e-67	252
b237eb57-158b-4f45-af60-2f64d198acd4	NR_024911.1	97.315	149	2	2	1	149	1234	1380	5.49e-67	252
b237eb57-158b-4f45-af60-2f64d198acd4	NR_024912.1	97.315	149	2	1	1	149	1234	1380	5.49e-67	252
b237eb57-158b-4f45-af60-2f64d198acd4	NR_024918.1	97.315	149	2	2	1	149	1234	1380	5.49e-67	252
f878dfd3-f894-4f2b-b95b-4eb34ed608c0	NR_040859.1	91.803	183	11	3	1	182	1296	1475	7.10e-67	252
f878dfd3-f894-4f2b-b95b-4eb34ed608c0	NR_040992.1	91.803	183	11	3	1	182	1304	1483	7.10e-67	252
f878dfd3-f894-4f2b-b95b-4eb34ed608c0	NR_025881.1	91.803	183	11	3	1	182	1302	1481	7.10e-67	252
f878dfd3-f894-4f2b-b95b-4eb34ed608c0	NR_026395.1	91.803	183	11	3	1	182	1304	1483	7.10e-67	252
f878dfd3-f894-4f2b-b95b-4eb34ed608c0	NR_024662.1	91.803	183	11	3	1	182	1304	1483	7.10e-67	252
b8665337-523a-466d-b965-2509d3e5b7e8	NR_181354.1	98.256	172	3	0	9	180	1083	912	7.00e-82	302
b8665337-523a-466d-b965-2509d3e5b7e8	NR_024707.1	99.394	165	1	0	9	173	1059	895	2.52e-81	300
b8665337-523a-466d-b965-2509d3e5b7e8	NR_036830.1	99.394	165	1	0	9	173	1039	875	2.52e-81	300
b8665337-523a-466d-b965-2509d3e5b7e8	NR_115612.1	99.394	165	1	0	9	173	1037	873	2.52e-81	300
b8665337-523a-466d-b965-2509d3e5b7e8	NR_117822.1	99.394	165	1	0	9	173	1031	867	2.52e-81	300
65254e32-fd28-4f37-b303-97634577af0c	NR_113082.1	98.876	89	1	0	1	89	101	13	1.88e-39	159
65254e32-fd28-4f37-b303-97634577af0c	NR_136788.1	98.876	89	1	0	1	89	101	13	1.88e-39	159
65254e32-fd28-4f37-b303-97634577af0c	NR_152035.1	98.876	89	1	0	1	89	102	14	1.88e-39	159
65254e32-fd28-4f37-b303-97634577af0c	NR_113015.1	96.629	89	3	0	1	89	101	13	4.06e-36	148
65254e32-fd28-4f37-b303-97634577af0c	NR_113064.1	96.629	89	3	0	1	89	101	13	4.06e-36	148
70fce4fe-e0b3-43de-9b96-368580eef36b	NR_041989.1	88.889	153	11	5	34	183	257	108	2.68e-46	183
70fce4fe-e0b3-43de-9b96-368580eef36b	NR_117694.1	88.889	153	11	5	34	183	299	150	2.68e-46	183
70fce4fe-e0b3-43de-9b96-368580eef36b	NR_025892.1	87.582	153	13	6	34	183	325	176	1.61e-43	174
70fce4fe-e0b3-43de-9b96-368580eef36b	NR_025902.1	87.582	153	13	5	34	183	277	128	5.79e-43	172
70fce4fe-e0b3-43de-9b96-368580eef36b	NR_104944.1	87.582	153	13	5	34	183	260	111	5.79e-43	172
3c093c54-e7ef-4b3c-96ea-68ca9d2fc777	NR_028893.1	83.168	101	9	8	24	118	99	1	4.68e-17	86.1
b3c88514-afd0-473f-b4bd-44013a614ad1	NR_041715.1	91.304	115	7	3	1	114	1274	1162	1.21e-37	154
b3c88514-afd0-473f-b4bd-44013a614ad1	NR_024704.1	91.304	115	7	3	1	114	1274	1162	1.21e-37	154
b3c88514-afd0-473f-b4bd-44013a614ad1	NR_024946.1	91.304	115	7	3	1	114	1274	1162	1.21e-37	154
b3c88514-afd0-473f-b4bd-44013a614ad1	NR_029050.1	91.304	115	7	3	1	114	1234	1122	1.21e-37	154
b3c88514-afd0-473f-b4bd-44013a614ad1	NR_036909.1	91.304	115	7	3	1	114	1284	1172	1.21e-37	154
db7ac9af-f45e-4e6c-8b51-6d2b999d14fc	NR_179385.1	93.750	160	6	3	1	159	172	16	1.66e-62	237
db7ac9af-f45e-4e6c-8b51-6d2b999d14fc	NR_199545.1	93.750	160	6	3	1	159	168	12	1.66e-62	237
db7ac9af-f45e-4e6c-8b51-6d2b999d14fc	NR_042771.1	93.125	160	7	3	1	159	168	12	7.72e-61	231
db7ac9af-f45e-4e6c-8b51-6d2b999d14fc	NR_165741.1	93.125	160	7	3	1	159	157	1	7.72e-61	231
db7ac9af-f45e-4e6c-8b51-6d2b999d14fc	NR_024841.1	92.593	162	6	5	1	159	164	6	9.99e-60	228
1155ae22-ca16-4c2b-83dc-20f544093e8a	NR_114395.1	87.417	302	25	11	1	294	1190	1486	1.16e-91	335
1155ae22-ca16-4c2b-83dc-20f544093e8a	NR_199531.1	87.043	301	27	10	1	294	1197	1492	5.42e-90	329
1155ae22-ca16-4c2b-83dc-20f544093e8a	NR_179535.1	87.000	300	25	12	1	294	1193	1484	7.01e-89	326
1155ae22-ca16-4c2b-83dc-20f544093e8a	NR_179528.1	87.285	291	25	11	1	284	1175	1460	9.07e-88	322
1155ae22-ca16-4c2b-83dc-20f544093e8a	NR_180159.1	86.379	301	29	11	1	294	1168	1463	1.17e-86	318
be6a685a-8722-49da-b093-218abea14bcf	NR_114481.1	89.781	137	10	4	6	138	145	9	4.33e-43	172
be6a685a-8722-49da-b093-218abea14bcf	NR_041799.1	89.630	135	10	4	6	136	136	2	5.60e-42	169
be6a685a-8722-49da-b093-218abea14bcf	NR_112076.1	89.630	135	10	4	6	136	136	2	5.60e-42	169
be6a685a-8722-49da-b093-218abea14bcf	NR_114227.1	89.630	135	10	4	6	136	136	2	5.60e-42	169
be6a685a-8722-49da-b093-218abea14bcf	NR_114595.1	88.276	145	11	6	6	145	156	13	5.60e-42	169
90530531-e36e-4ad7-b95f-0ad3b8e8e8a6	NR_044091.1	91.697	277	13	8	1	268	591	316	6.15e-104	375
90530531-e36e-4ad7-b95f-0ad3b8e8e8a6	NR_113570.1	90.975	277	15	8	1	268	684	409	1.33e-100	364
90530531-e36e-4ad7-b95f-0ad3b8e8e8a6	NR_043332.1	90.614	277	16	8	1	268	677	402	6.19e-99	359
90530531-e36e-4ad7-b95f-0ad3b8e8e8a6	NR_074980.1	90.614	277	16	8	1	268	704	429	6.19e-99	359
90530531-e36e-4ad7-b95f-0ad3b8e8e8a6	NR_113031.1	90.614	277	16	8	1	268	704	429	6.19e-99	359
2d47b04c-ede4-4aff-a9b0-cd4319fd5445	NR_117694.1	99.160	119	1	0	1	119	420	538	5.66e-56	215
2d47b04c-ede4-4aff-a9b0-cd4319fd5445	NR_025892.1	96.639	119	4	0	1	119	446	564	3.41e-53	206
2d47b04c-ede4-4aff-a9b0-cd4319fd5445	NR_041988.1	97.479	119	3	0	1	119	378	496	1.23e-52	204
2d47b04c-ede4-4aff-a9b0-cd4319fd5445	NR_121687.1	97.479	119	3	0	1	119	440	558	1.23e-52	204
2d47b04c-ede4-4aff-a9b0-cd4319fd5445	NR_104946.1	97.479	119	3	0	1	119	383	501	1.23e-52	204
14bb4342-07e0-4c42-a708-07dc54ca9ce0	NR_040859.1	100.000	90	0	0	1	90	1226	1137	1.12e-41	167
14bb4342-07e0-4c42-a708-07dc54ca9ce0	NR_028826.1	100.000	90	0	0	1	90	1217	1128	1.12e-41	167
14bb4342-07e0-4c42-a708-07dc54ca9ce0	NR_040992.1	100.000	90	0	0	1	90	1234	1145	1.12e-41	167
14bb4342-07e0-4c42-a708-07dc54ca9ce0	NR_041715.1	100.000	90	0	0	1	90	1222	1133	1.12e-41	167
14bb4342-07e0-4c42-a708-07dc54ca9ce0	NR_025934.1	100.000	90	0	0	1	90	1237	1148	1.12e-41	167
d6d71f91-6ccc-44b0-8457-f1d3c6477e6e	NR_164626.1	97.826	138	2	1	7	143	138	1	1.50e-62	237
d6d71f91-6ccc-44b0-8457-f1d3c6477e6e	NR_024901.1	97.794	136	2	1	7	141	141	6	1.94e-61	233
d6d71f91-6ccc-44b0-8457-f1d3c6477e6e	NR_024911.1	97.794	136	2	1	7	141	141	6	1.94e-61	233
d6d71f91-6ccc-44b0-8457-f1d3c6477e6e	NR_024912.1	97.794	136	2	1	7	141	141	6	1.94e-61	233
d6d71f91-6ccc-44b0-8457-f1d3c6477e6e	NR_024928.1	97.794	136	2	1	7	141	141	6	1.94e-61	233
9f6dec18-e64a-4f50-8e28-769edf0ab1ee	NR_117694.1	92.797	236	6	7	1	227	559	326	1.12e-90	331
9f6dec18-e64a-4f50-8e28-769edf0ab1ee	NR_025892.1	91.949	236	8	8	1	227	585	352	5.19e-89	326
9f6dec18-e64a-4f50-8e28-769edf0ab1ee	NR_121687.1	91.949	236	8	8	1	227	579	346	2.41e-87	320
9f6dec18-e64a-4f50-8e28-769edf0ab1ee	NR_041988.1	91.525	236	9	8	1	227	517	284	1.12e-85	315
9f6dec18-e64a-4f50-8e28-769edf0ab1ee	NR_104946.1	91.525	236	9	8	1	227	522	289	1.12e-85	315
7c2c13cc-88f5-49f5-8dfc-111da5efa412	NR_043458.1	97.627	295	4	3	1	293	1216	923	2.94e-142	503
7c2c13cc-88f5-49f5-8dfc-111da5efa412	NR_104947.1	97.627	295	4	3	1	293	1168	875	2.94e-142	503
7c2c13cc-88f5-49f5-8dfc-111da5efa412	NR_117717.1	97.627	295	4	3	1	293	1215	922	2.94e-142	503
7c2c13cc-88f5-49f5-8dfc-111da5efa412	NR_159079.1	97.627	295	4	3	1	293	1191	898	2.94e-142	503
7c2c13cc-88f5-49f5-8dfc-111da5efa412	NR_041989.1	97.627	295	4	3	1	293	1153	860	2.94e-142	503
4dd58409-8bdc-4b75-9518-3d31ee133a6f	NR_025893.1	97.321	112	1	2	1	111	533	643	3.12e-48	189
4dd58409-8bdc-4b75-9518-3d31ee133a6f	NR_025902.1	97.321	112	1	2	1	111	487	597	3.12e-48	189
4dd58409-8bdc-4b75-9518-3d31ee133a6f	NR_028900.1	97.321	112	1	2	1	111	467	577	3.12e-48	189
4dd58409-8bdc-4b75-9518-3d31ee133a6f	NR_044614.1	97.321	112	1	2	1	111	535	645	3.12e-48	189
4dd58409-8bdc-4b75-9518-3d31ee133a6f	NR_104944.1	97.321	112	1	2	1	111	470	580	3.12e-48	189
c4172601-ea77-465e-84a9-410cbcfa87e0	NR_040859.1	100.000	128	0	0	1	128	1348	1475	1.35e-62	237
c4172601-ea77-465e-84a9-410cbcfa87e0	NR_028806.1	100.000	128	0	0	1	128	1355	1482	1.35e-62	237
c4172601-ea77-465e-84a9-410cbcfa87e0	NR_040992.1	100.000	128	0	0	1	128	1356	1483	1.35e-62	237
c4172601-ea77-465e-84a9-410cbcfa87e0	NR_025881.1	100.000	128	0	0	1	128	1354	1481	1.35e-62	237
c4172601-ea77-465e-84a9-410cbcfa87e0	NR_026395.1	100.000	128	0	0	1	128	1356	1483	1.35e-62	237
088aa7f9-7205-4323-8a62-f2ced3ea99b9	NR_040859.1	89.744	156	6	8	1	150	1324	1475	1.24e-48	191
088aa7f9-7205-4323-8a62-f2ced3ea99b9	NR_028806.1	89.744	156	6	8	1	150	1331	1482	1.24e-48	191
088aa7f9-7205-4323-8a62-f2ced3ea99b9	NR_040992.1	89.744	156	6	8	1	150	1332	1483	1.24e-48	191
088aa7f9-7205-4323-8a62-f2ced3ea99b9	NR_025881.1	89.744	156	6	8	1	150	1330	1481	1.24e-48	191
088aa7f9-7205-4323-8a62-f2ced3ea99b9	NR_026395.1	89.744	156	6	8	1	150	1332	1483	1.24e-48	191
b53af52b-1a7e-40f0-9bac-339a6e33f357	NR_025902.1	97.872	141	3	0	1	141	1302	1442	8.97e-65	244
b53af52b-1a7e-40f0-9bac-339a6e33f357	NR_028844.1	97.872	141	3	0	1	141	1333	1473	8.97e-65	244
b53af52b-1a7e-40f0-9bac-339a6e33f357	NR_040933.1	97.872	141	3	0	1	141	1346	1486	8.97e-65	244
b53af52b-1a7e-40f0-9bac-339a6e33f357	NR_114098.1	97.872	141	3	0	1	141	1322	1462	8.97e-65	244
b53af52b-1a7e-40f0-9bac-339a6e33f357	NR_117717.1	97.872	141	3	0	1	141	1344	1484	8.97e-65	244
4abf4b8f-a903-411c-b980-da7fee9acdda	NR_024901.1	96.000	200	7	1	1	199	217	18	1.70e-88	324
4abf4b8f-a903-411c-b980-da7fee9acdda	NR_024912.1	96.000	200	7	1	1	199	217	18	1.70e-88	324
4abf4b8f-a903-411c-b980-da7fee9acdda	NR_024928.1	96.000	200	7	1	1	199	217	18	1.70e-88	324
4abf4b8f-a903-411c-b980-da7fee9acdda	NR_025164.1	96.000	200	7	1	1	199	204	5	1.70e-88	324
4abf4b8f-a903-411c-b980-da7fee9acdda	NR_025586.1	96.000	200	7	1	1	199	212	13	1.70e-88	324
58bae36c-a8a2-492c-9670-29d56b06208b	NR_042167.1	90.826	218	9	8	1	209	918	703	1.04e-75	281
58bae36c-a8a2-492c-9670-29d56b06208b	NR_119241.1	90.367	218	10	8	1	209	877	662	1.35e-74	278
58bae36c-a8a2-492c-9670-29d56b06208b	NR_181378.1	88.128	219	13	10	1	209	966	751	1.06e-65	248
58bae36c-a8a2-492c-9670-29d56b06208b	NR_025364.1	87.671	219	14	10	1	209	930	715	4.93e-64	243
58bae36c-a8a2-492c-9670-29d56b06208b	NR_025379.1	87.671	219	14	10	1	209	933	718	4.93e-64	243
56002ebb-7fce-47b0-83f1-e4757134ff2e	NR_026419.1	90.234	256	7	12	8	247	1459	1206	9.62e-87	318
56002ebb-7fce-47b0-83f1-e4757134ff2e	NR_025904.1	88.889	261	11	12	3	247	1475	1217	7.49e-83	305
56002ebb-7fce-47b0-83f1-e4757134ff2e	NR_025903.1	88.506	261	12	12	3	247	1476	1218	3.48e-81	300
56002ebb-7fce-47b0-83f1-e4757134ff2e	NR_133752.1	88.672	256	11	12	8	247	1396	1143	4.51e-80	296
56002ebb-7fce-47b0-83f1-e4757134ff2e	NR_133753.1	88.672	256	11	12	8	247	1425	1172	4.51e-80	296
8befdaf0-511f-42a6-80ad-12ad9ca6b171	NR_164626.1	91.346	104	7	2	25	128	102	1	1.04e-33	141
8befdaf0-511f-42a6-80ad-12ad9ca6b171	NR_180260.1	91.346	104	7	2	25	128	112	11	1.04e-33	141
8befdaf0-511f-42a6-80ad-12ad9ca6b171	NR_180878.1	91.346	104	7	2	25	128	112	11	1.04e-33	141
8befdaf0-511f-42a6-80ad-12ad9ca6b171	NR_181570.1	91.346	104	7	2	25	128	119	18	1.04e-33	141
8befdaf0-511f-42a6-80ad-12ad9ca6b171	NR_024901.1	91.176	102	7	2	25	126	105	6	1.35e-32	137
53441b55-2da2-48ba-8ef1-3aaef8e382e6	NR_199513.1	96.815	157	4	1	1	156	621	465	9.99e-70	261
53441b55-2da2-48ba-8ef1-3aaef8e382e6	NR_134794.1	96.226	159	5	1	1	158	557	399	3.59e-69	259
53441b55-2da2-48ba-8ef1-3aaef8e382e6	NR_040859.1	96.178	157	5	1	1	156	606	450	4.65e-68	255
53441b55-2da2-48ba-8ef1-3aaef8e382e6	NR_036908.1	96.178	157	5	1	1	156	613	457	4.65e-68	255
53441b55-2da2-48ba-8ef1-3aaef8e382e6	NR_041953.1	96.178	157	5	1	1	156	594	438	4.65e-68	255
c17f2363-f41e-43d2-b869-e096fe332e1d	NR_113082.1	99.194	124	1	0	1	124	136	13	9.89e-59	224
c17f2363-f41e-43d2-b869-e096fe332e1d	NR_136788.1	99.194	124	1	0	1	124	136	13	9.89e-59	224
c17f2363-f41e-43d2-b869-e096fe332e1d	NR_152035.1	99.174	121	1	0	4	124	134	14	4.60e-57	219
c17f2363-f41e-43d2-b869-e096fe332e1d	NR_074234.1	96.694	121	4	0	4	124	140	20	4.63e-52	202
c17f2363-f41e-43d2-b869-e096fe332e1d	NR_113086.1	96.694	121	4	0	4	124	133	13	4.63e-52	202
6c5214ce-0092-4c5e-b40b-3043b2f70704	NR_025892.1	95.522	134	5	1	1	134	871	739	2.34e-55	213
6c5214ce-0092-4c5e-b40b-3043b2f70704	NR_042976.1	95.522	134	5	1	1	134	854	722	2.34e-55	213
6c5214ce-0092-4c5e-b40b-3043b2f70704	NR_118697.1	95.522	134	5	1	1	134	869	737	2.34e-55	213
6c5214ce-0092-4c5e-b40b-3043b2f70704	NR_041989.1	95.522	134	5	1	1	134	804	672	2.34e-55	213
6c5214ce-0092-4c5e-b40b-3043b2f70704	NR_117694.1	95.522	134	5	1	1	134	846	714	2.34e-55	213
125738f7-ff3d-4b34-ace6-09fc86f88ade	NR_026419.1	93.778	225	7	6	2	220	1251	1028	1.12e-90	331
125738f7-ff3d-4b34-ace6-09fc86f88ade	NR_036920.1	92.411	224	10	6	3	220	1255	1033	4.06e-85	313
125738f7-ff3d-4b34-ace6-09fc86f88ade	NR_133752.1	92.377	223	10	6	4	220	1186	965	1.46e-84	311
125738f7-ff3d-4b34-ace6-09fc86f88ade	NR_133753.1	92.377	223	10	6	4	220	1215	994	1.46e-84	311
125738f7-ff3d-4b34-ace6-09fc86f88ade	NR_025904.1	92.377	223	10	6	4	220	1260	1039	1.46e-84	311
a25816e4-8839-4489-87c1-05467bf60347	NR_040859.1	92.638	163	5	5	1	158	1315	1475	1.01e-59	228
a25816e4-8839-4489-87c1-05467bf60347	NR_040992.1	92.638	163	5	5	1	158	1323	1483	1.01e-59	228
a25816e4-8839-4489-87c1-05467bf60347	NR_025881.1	92.638	163	5	5	1	158	1321	1481	1.01e-59	228
a25816e4-8839-4489-87c1-05467bf60347	NR_026395.1	92.638	163	5	5	1	158	1323	1483	1.01e-59	228
a25816e4-8839-4489-87c1-05467bf60347	NR_024662.1	92.638	163	5	5	1	158	1323	1483	1.01e-59	228
a889af77-5dec-4150-8ee4-a9caa21b44db	NR_040859.1	96.000	125	3	2	18	141	500	377	5.30e-52	202
a889af77-5dec-4150-8ee4-a9caa21b44db	NR_024901.1	96.000	125	3	2	18	141	501	378	5.30e-52	202
a889af77-5dec-4150-8ee4-a9caa21b44db	NR_024912.1	96.000	125	3	2	18	141	501	378	5.30e-52	202
a889af77-5dec-4150-8ee4-a9caa21b44db	NR_024928.1	96.000	125	3	2	18	141	501	378	5.30e-52	202
a889af77-5dec-4150-8ee4-a9caa21b44db	NR_025228.1	96.000	125	3	2	18	141	484	361	5.30e-52	202
b8cd5ee6-5518-401c-9f71-8610b2acda7d	NR_024901.1	96.364	110	0	4	1	107	29	137	6.46e-45	178
b8cd5ee6-5518-401c-9f71-8610b2acda7d	NR_024911.1	96.364	110	0	4	1	107	29	137	6.46e-45	178
b8cd5ee6-5518-401c-9f71-8610b2acda7d	NR_024912.1	96.364	110	0	4	1	107	29	137	6.46e-45	178
b8cd5ee6-5518-401c-9f71-8610b2acda7d	NR_024928.1	96.364	110	0	4	1	107	29	137	6.46e-45	178
b8cd5ee6-5518-401c-9f71-8610b2acda7d	NR_025102.1	96.364	110	0	4	1	107	8	116	6.46e-45	178
fb1fd3d7-911d-4e98-b0d0-f78caac0db0e	NR_164626.1	94.928	138	3	3	8	141	138	1	2.49e-55	213
fb1fd3d7-911d-4e98-b0d0-f78caac0db0e	NR_024901.1	94.853	136	3	3	8	139	141	6	3.22e-54	209
fb1fd3d7-911d-4e98-b0d0-f78caac0db0e	NR_024911.1	94.853	136	3	3	8	139	141	6	3.22e-54	209
fb1fd3d7-911d-4e98-b0d0-f78caac0db0e	NR_024912.1	94.853	136	3	3	8	139	141	6	3.22e-54	209
fb1fd3d7-911d-4e98-b0d0-f78caac0db0e	NR_024928.1	94.853	136	3	3	8	139	141	6	3.22e-54	209
d8216668-e919-4c56-87fd-c4abc1d73f2a	NR_025902.1	91.525	118	4	6	1	114	1333	1448	9.29e-39	158
d8216668-e919-4c56-87fd-c4abc1d73f2a	NR_028844.1	91.525	118	4	6	1	114	1364	1479	9.29e-39	158
d8216668-e919-4c56-87fd-c4abc1d73f2a	NR_040933.1	91.525	118	4	6	1	114	1377	1492	9.29e-39	158
d8216668-e919-4c56-87fd-c4abc1d73f2a	NR_117717.1	91.525	118	4	6	1	114	1375	1490	9.29e-39	158
d8216668-e919-4c56-87fd-c4abc1d73f2a	NR_121688.1	91.525	118	4	6	1	114	1375	1490	9.29e-39	158
74fa47a3-d22f-4a3d-94e1-3f25a8a57aad	NR_043332.1	96.479	142	3	2	1	140	1341	1482	1.89e-61	233
74fa47a3-d22f-4a3d-94e1-3f25a8a57aad	NR_074980.1	96.479	142	3	2	1	140	1368	1509	1.89e-61	233
74fa47a3-d22f-4a3d-94e1-3f25a8a57aad	NR_113031.1	96.479	142	3	2	1	140	1368	1509	1.89e-61	233
74fa47a3-d22f-4a3d-94e1-3f25a8a57aad	NR_115354.1	96.479	142	3	2	1	140	1341	1482	1.89e-61	233
74fa47a3-d22f-4a3d-94e1-3f25a8a57aad	NR_115355.1	96.479	142	3	2	1	140	1341	1482	1.89e-61	233
a28a24dd-24ba-40e0-8514-3cfaed7ca87d	NR_040859.1	98.462	195	3	0	1	195	1286	1480	1.21e-94	344
a28a24dd-24ba-40e0-8514-3cfaed7ca87d	NR_040992.1	98.462	195	3	0	1	195	1294	1488	1.21e-94	344
a28a24dd-24ba-40e0-8514-3cfaed7ca87d	NR_025881.1	98.462	195	3	0	1	195	1292	1486	1.21e-94	344
a28a24dd-24ba-40e0-8514-3cfaed7ca87d	NR_026395.1	98.462	195	3	0	1	195	1294	1488	1.21e-94	344
a28a24dd-24ba-40e0-8514-3cfaed7ca87d	NR_024662.1	98.462	195	3	0	1	195	1294	1488	1.21e-94	344
f46c11e5-ea0a-44e6-b4a5-d4d813ae0a00	NR_179567.1	94.309	123	4	3	6	125	1142	1264	4.62e-47	185
f46c11e5-ea0a-44e6-b4a5-d4d813ae0a00	NR_144744.1	92.126	127	5	4	4	125	1138	1264	1.00e-43	174
f46c11e5-ea0a-44e6-b4a5-d4d813ae0a00	NR_144747.1	93.333	120	5	3	9	125	1145	1264	1.00e-43	174
f46c11e5-ea0a-44e6-b4a5-d4d813ae0a00	NR_041278.1	93.333	120	5	3	9	125	1145	1264	1.00e-43	174
f46c11e5-ea0a-44e6-b4a5-d4d813ae0a00	NR_040864.1	92.000	125	7	3	4	125	1135	1259	3.60e-43	172
403618ed-a1fb-458e-b38c-3c498239d0f9	NR_037101.1	97.297	74	1	1	1	73	1343	1270	5.06e-29	124
403618ed-a1fb-458e-b38c-3c498239d0f9	NR_025609.1	97.297	74	1	1	1	73	1292	1219	5.06e-29	124
403618ed-a1fb-458e-b38c-3c498239d0f9	NR_040821.1	97.297	74	1	1	1	73	1343	1270	5.06e-29	124
403618ed-a1fb-458e-b38c-3c498239d0f9	NR_042052.1	97.297	74	1	1	1	73	1266	1193	5.06e-29	124
403618ed-a1fb-458e-b38c-3c498239d0f9	NR_025630.1	97.297	74	1	1	1	73	1342	1269	5.06e-29	124
40fcb6e7-70bc-4413-b81e-18e3078c2095	NR_163639.1	98.246	171	2	1	6	176	172	3	8.44e-81	298
40fcb6e7-70bc-4413-b81e-18e3078c2095	NR_074980.1	98.225	169	2	1	6	174	180	13	1.09e-79	294
40fcb6e7-70bc-4413-b81e-18e3078c2095	NR_113031.1	98.225	169	2	1	6	174	180	13	1.09e-79	294
40fcb6e7-70bc-4413-b81e-18e3078c2095	NR_117759.1	99.363	157	0	1	6	162	156	1	2.36e-76	283
40fcb6e7-70bc-4413-b81e-18e3078c2095	NR_119168.1	99.363	157	0	1	6	162	158	3	2.36e-76	283
67e7e34c-9d69-472b-af19-9774a21bdedc	NR_044873.1	95.736	258	7	3	1	255	848	592	4.42e-115	412
67e7e34c-9d69-472b-af19-9774a21bdedc	NR_074568.1	94.961	258	9	3	1	255	858	602	9.57e-112	401
67e7e34c-9d69-472b-af19-9774a21bdedc	NR_044712.2	94.961	258	9	3	1	255	867	611	9.57e-112	401
67e7e34c-9d69-472b-af19-9774a21bdedc	NR_043968.1	95.294	255	8	3	1	252	816	563	9.57e-112	401
67e7e34c-9d69-472b-af19-9774a21bdedc	NR_025665.1	95.276	254	8	3	1	251	837	585	3.44e-111	399
4364feb2-d71a-4933-a845-caf7b5775dbb	NR_025903.1	100.000	118	0	0	3	120	123	6	4.47e-57	219
4364feb2-d71a-4933-a845-caf7b5775dbb	NR_025904.1	98.305	118	2	0	3	120	122	5	9.67e-54	207
4364feb2-d71a-4933-a845-caf7b5775dbb	NR_026419.1	98.182	110	2	0	3	112	110	1	2.71e-49	193
4364feb2-d71a-4933-a845-caf7b5775dbb	NR_036920.1	94.068	118	5	2	3	120	117	2	7.58e-45	178
4364feb2-d71a-4933-a845-caf7b5775dbb	NR_179572.1	93.220	118	8	0	3	120	130	13	9.81e-44	174
387c0c82-da0d-4f7c-9ca8-6b32017084f0	NR_024842.1	91.908	173	6	5	13	183	179	13	7.24e-62	235
387c0c82-da0d-4f7c-9ca8-6b32017084f0	NR_115241.1	91.765	170	6	5	13	180	164	1	3.37e-60	230
387c0c82-da0d-4f7c-9ca8-6b32017084f0	NR_114413.1	89.820	167	9	5	19	183	181	21	1.58e-53	207
387c0c82-da0d-4f7c-9ca8-6b32017084f0	NR_165737.1	90.244	164	8	5	19	180	158	1	1.58e-53	207
387c0c82-da0d-4f7c-9ca8-6b32017084f0	NR_178515.1	90.244	164	8	5	19	180	158	1	1.58e-53	207
e3532c6f-3213-4ce6-b353-3677d6011dac	NR_044741.1	94.444	162	6	3	1	160	1296	1456	2.82e-65	246
e3532c6f-3213-4ce6-b353-3677d6011dac	NR_024897.1	93.827	162	7	3	1	160	1331	1491	1.31e-63	241
e3532c6f-3213-4ce6-b353-3677d6011dac	NR_116168.1	93.827	162	7	3	1	160	1332	1492	1.31e-63	241
e3532c6f-3213-4ce6-b353-3677d6011dac	NR_181418.1	93.827	162	7	3	1	160	1331	1491	1.31e-63	241
e3532c6f-3213-4ce6-b353-3677d6011dac	NR_074906.1	93.252	163	7	4	1	160	1339	1500	1.70e-62	237
7dbd9f3b-c43f-4eb6-b1b6-2b7942e09fb7	NR_029050.1	95.722	187	4	3	1	183	254	68	9.38e-81	298
7dbd9f3b-c43f-4eb6-b1b6-2b7942e09fb7	NR_041799.1	95.722	187	4	3	1	183	286	100	9.38e-81	298
7dbd9f3b-c43f-4eb6-b1b6-2b7942e09fb7	NR_112076.1	95.722	187	4	3	1	183	286	100	9.38e-81	298
7dbd9f3b-c43f-4eb6-b1b6-2b7942e09fb7	NR_114227.1	95.722	187	4	3	1	183	286	100	9.38e-81	298
7dbd9f3b-c43f-4eb6-b1b6-2b7942e09fb7	NR_114481.1	95.722	187	4	3	1	183	295	109	9.38e-81	298
ba3f40ca-0419-41d8-b76a-36481cbec66c	NR_164626.1	93.333	135	1	6	6	134	133	1	2.97e-49	193
ba3f40ca-0419-41d8-b76a-36481cbec66c	NR_181570.1	93.893	131	0	6	10	134	146	18	1.07e-48	191
ba3f40ca-0419-41d8-b76a-36481cbec66c	NR_024901.1	93.233	133	1	6	6	132	136	6	3.85e-48	189
ba3f40ca-0419-41d8-b76a-36481cbec66c	NR_024911.1	93.233	133	1	6	6	132	136	6	3.85e-48	189
ba3f40ca-0419-41d8-b76a-36481cbec66c	NR_024912.1	93.233	133	1	6	6	132	136	6	3.85e-48	189
2623fa49-1db8-44a7-9913-c3f1957073c6	NR_164626.1	90.071	282	16	8	1	272	280	1	8.04e-98	355
2623fa49-1db8-44a7-9913-c3f1957073c6	NR_024909.1	90.000	280	16	8	1	270	283	6	1.04e-96	351
2623fa49-1db8-44a7-9913-c3f1957073c6	NR_024912.1	90.000	280	16	8	1	270	283	6	1.04e-96	351
2623fa49-1db8-44a7-9913-c3f1957073c6	NR_028706.1	90.000	280	16	8	1	270	291	14	1.04e-96	351
2623fa49-1db8-44a7-9913-c3f1957073c6	NR_037092.1	90.000	280	16	8	1	270	288	11	1.04e-96	351
985a778b-09e9-4f88-ab71-41e000b0afd3	NR_041989.1	98.895	181	0	1	1	179	1165	985	5.11e-88	322
985a778b-09e9-4f88-ab71-41e000b0afd3	NR_117694.1	98.895	181	0	1	1	179	1207	1027	5.11e-88	322
985a778b-09e9-4f88-ab71-41e000b0afd3	NR_156926.1	98.895	181	0	1	1	179	1175	995	5.11e-88	322
985a778b-09e9-4f88-ab71-41e000b0afd3	NR_025892.1	98.343	181	1	1	1	179	1232	1052	6.61e-87	318
985a778b-09e9-4f88-ab71-41e000b0afd3	NR_028843.1	98.343	181	1	1	1	179	1209	1029	2.38e-86	316
58bd25e6-2514-4622-bf9a-45a22ee6f596	NR_040859.1	99.095	221	1	1	1	220	282	502	3.75e-110	396
58bd25e6-2514-4622-bf9a-45a22ee6f596	NR_024901.1	99.095	221	1	1	1	220	283	503	3.75e-110	396
58bd25e6-2514-4622-bf9a-45a22ee6f596	NR_024912.1	99.095	221	1	1	1	220	283	503	3.75e-110	396
58bd25e6-2514-4622-bf9a-45a22ee6f596	NR_024928.1	99.095	221	1	1	1	220	283	503	3.75e-110	396
58bd25e6-2514-4622-bf9a-45a22ee6f596	NR_025228.1	99.095	221	1	1	1	220	266	486	3.75e-110	396
b6f6fa09-54f8-4f99-aa50-4c4a2f7b7cbc	NR_145895.1	91.935	124	3	6	1	122	1453	1335	1.62e-41	167
b6f6fa09-54f8-4f99-aa50-4c4a2f7b7cbc	NR_040859.1	90.984	122	8	1	1	122	1484	1366	7.56e-40	161
b6f6fa09-54f8-4f99-aa50-4c4a2f7b7cbc	NR_028806.1	90.984	122	8	1	1	122	1491	1373	7.56e-40	161
b6f6fa09-54f8-4f99-aa50-4c4a2f7b7cbc	NR_040992.1	90.984	122	8	1	1	122	1492	1374	7.56e-40	161
b6f6fa09-54f8-4f99-aa50-4c4a2f7b7cbc	NR_025881.1	90.984	122	8	1	1	122	1490	1372	7.56e-40	161
a4ac81ad-e7b9-463a-ae6d-9528975883e7	NR_041722.2	98.333	60	1	0	1	60	1450	1509	1.55e-23	106
a4ac81ad-e7b9-463a-ae6d-9528975883e7	NR_028665.1	98.333	60	1	0	1	60	1430	1489	1.55e-23	106
a4ac81ad-e7b9-463a-ae6d-9528975883e7	NR_028736.1	98.333	60	1	0	1	60	1439	1498	1.55e-23	106
a4ac81ad-e7b9-463a-ae6d-9528975883e7	NR_041721.1	98.333	60	1	0	1	60	1438	1497	1.55e-23	106
a4ac81ad-e7b9-463a-ae6d-9528975883e7	NR_112704.1	98.333	60	1	0	1	60	1334	1393	1.55e-23	106
0f020aa8-0165-4344-9923-16096daf76ca	NR_029050.1	98.125	160	2	1	14	172	1174	1333	1.09e-74	278
0f020aa8-0165-4344-9923-16096daf76ca	NR_036998.1	98.125	160	2	1	14	172	1205	1364	1.09e-74	278
0f020aa8-0165-4344-9923-16096daf76ca	NR_043314.1	98.125	160	2	1	14	172	1224	1383	1.09e-74	278
0f020aa8-0165-4344-9923-16096daf76ca	NR_114225.1	98.125	160	2	1	14	172	1206	1365	1.09e-74	278
0f020aa8-0165-4344-9923-16096daf76ca	NR_114793.1	98.125	160	2	1	14	172	1098	1257	1.09e-74	278
8475e84c-020f-497b-956d-49fdad150f81	NR_043332.1	93.043	115	6	2	1	114	1341	1228	1.53e-41	167
8475e84c-020f-497b-956d-49fdad150f81	NR_074980.1	93.043	115	6	2	1	114	1368	1255	1.53e-41	167
8475e84c-020f-497b-956d-49fdad150f81	NR_113031.1	93.043	115	6	2	1	114	1368	1255	1.53e-41	167
8475e84c-020f-497b-956d-49fdad150f81	NR_113570.1	93.043	115	6	2	1	114	1348	1235	1.53e-41	167
8475e84c-020f-497b-956d-49fdad150f81	NR_117759.1	93.043	115	6	2	1	114	1344	1231	1.53e-41	167
06684dd7-fc2d-4b14-b24d-312898463a24	NR_029050.1	91.713	181	8	5	1	176	1293	1115	1.13e-64	244
06684dd7-fc2d-4b14-b24d-312898463a24	NR_043314.1	91.713	181	8	5	1	176	1343	1165	1.13e-64	244
06684dd7-fc2d-4b14-b24d-312898463a24	NR_114225.1	91.713	181	8	5	1	176	1325	1147	1.13e-64	244
06684dd7-fc2d-4b14-b24d-312898463a24	NR_116905.1	91.713	181	8	5	1	176	1346	1168	1.13e-64	244
06684dd7-fc2d-4b14-b24d-312898463a24	NR_114749.1	91.713	181	8	5	1	176	1345	1167	1.13e-64	244
b6f18c3e-c741-458e-8ba9-2a7e3d91dba2	NR_043314.1	97.865	281	3	3	1	279	1202	1481	3.66e-136	483
b6f18c3e-c741-458e-8ba9-2a7e3d91dba2	NR_114749.1	97.865	281	3	3	1	279	1204	1483	3.66e-136	483
b6f18c3e-c741-458e-8ba9-2a7e3d91dba2	NR_116899.1	97.865	281	3	3	1	279	1171	1450	3.66e-136	483
b6f18c3e-c741-458e-8ba9-2a7e3d91dba2	NR_178854.1	97.865	281	3	3	1	279	1183	1462	3.66e-136	483
b6f18c3e-c741-458e-8ba9-2a7e3d91dba2	NR_179889.1	97.865	281	3	3	1	279	1211	1490	3.66e-136	483
f438f491-1c36-4e40-89a8-5408bd4313e6	NR_117694.1	93.269	104	5	2	44	147	111	10	6.18e-37	152
f438f491-1c36-4e40-89a8-5408bd4313e6	NR_025892.1	92.308	104	6	2	44	147	137	36	2.88e-35	147
f438f491-1c36-4e40-89a8-5408bd4313e6	NR_104947.1	98.780	82	1	0	44	125	84	3	2.88e-35	147
f438f491-1c36-4e40-89a8-5408bd4313e6	NR_117717.1	92.308	104	6	2	44	147	132	31	2.88e-35	147
f438f491-1c36-4e40-89a8-5408bd4313e6	NR_121687.1	92.308	104	6	2	44	147	131	30	2.88e-35	147
26122b58-1bfd-4d9b-b980-8c6df0d58c0a	NR_163639.1	90.000	170	9	7	11	176	168	3	3.15e-55	213
26122b58-1bfd-4d9b-b980-8c6df0d58c0a	NR_074980.1	89.881	168	9	7	11	174	176	13	4.07e-54	209
26122b58-1bfd-4d9b-b980-8c6df0d58c0a	NR_113031.1	89.881	168	9	7	11	174	176	13	4.07e-54	209
26122b58-1bfd-4d9b-b980-8c6df0d58c0a	NR_043332.1	92.857	140	7	3	11	147	149	10	2.45e-51	200
26122b58-1bfd-4d9b-b980-8c6df0d58c0a	NR_115354.1	92.857	140	7	3	11	147	149	10	2.45e-51	200
71f2dd27-0bb5-4799-a075-5f136640f61c	NR_152710.1	94.937	158	5	3	1	155	546	389	9.63e-65	244
71f2dd27-0bb5-4799-a075-5f136640f61c	NR_178447.1	94.937	158	5	3	1	155	499	342	9.63e-65	244
71f2dd27-0bb5-4799-a075-5f136640f61c	NR_178854.1	94.937	158	5	3	1	155	565	408	9.63e-65	244
71f2dd27-0bb5-4799-a075-5f136640f61c	NR_179889.1	94.937	158	5	3	1	155	592	435	9.63e-65	244
71f2dd27-0bb5-4799-a075-5f136640f61c	NR_181891.1	94.937	158	5	3	1	155	588	431	9.63e-65	244
a3cf1855-4376-4593-80fd-e8bf2c135c96	NR_041715.1	97.980	99	1	1	1	98	1271	1173	9.55e-43	171
a3cf1855-4376-4593-80fd-e8bf2c135c96	NR_024704.1	97.980	99	1	1	1	98	1271	1173	9.55e-43	171
a3cf1855-4376-4593-80fd-e8bf2c135c96	NR_024946.1	97.980	99	1	1	1	98	1271	1173	9.55e-43	171
a3cf1855-4376-4593-80fd-e8bf2c135c96	NR_029050.1	97.980	99	1	1	1	98	1231	1133	9.55e-43	171
a3cf1855-4376-4593-80fd-e8bf2c135c96	NR_036909.1	97.980	99	1	1	1	98	1281	1183	9.55e-43	171
