90c3cc53-6d4e-4511-986e-033e5d187aab	NR_043314.1	96.250	480	10	7	1	475	1005	1481	0.0	780
90c3cc53-6d4e-4511-986e-033e5d187aab	NR_114749.1	96.250	480	10	7	1	475	1007	1483	0.0	780
90c3cc53-6d4e-4511-986e-033e5d187aab	NR_116899.1	96.250	480	10	7	1	475	974	1450	0.0	780
90c3cc53-6d4e-4511-986e-033e5d187aab	NR_178854.1	96.250	480	10	7	1	475	986	1462	0.0	780
90c3cc53-6d4e-4511-986e-033e5d187aab	NR_179889.1	96.250	480	10	7	1	475	1014	1490	0.0	780
eab15203-f15b-4e40-a3df-85113c8f8bb2	NR_117694.1	90.422	1326	62	53	1	1282	1305	1	0.0	1685
eab15203-f15b-4e40-a3df-85113c8f8bb2	NR_121687.1	89.963	1335	67	53	1	1290	1325	13	0.0	1661
eab15203-f15b-4e40-a3df-85113c8f8bb2	NR_025892.1	89.497	1333	76	52	1	1290	1330	19	0.0	1650
eab15203-f15b-4e40-a3df-85113c8f8bb2	NR_117692.1	89.442	1326	75	54	1	1282	1305	1	0.0	1613
eab15203-f15b-4e40-a3df-85113c8f8bb2	NR_026079.2	88.681	1334	86	53	1	1290	1332	20	0.0	1567
f5dab9be-2fd5-4a95-b16a-217fb4964937	NR_199515.1	94.766	726	25	12	4	720	1216	495	0.0	1118
f5dab9be-2fd5-4a95-b16a-217fb4964937	NR_024951.1	94.628	726	26	12	4	720	1203	482	0.0	1112
f5dab9be-2fd5-4a95-b16a-217fb4964937	NR_037135.1	94.628	726	26	12	4	720	1167	446	0.0	1112
f5dab9be-2fd5-4a95-b16a-217fb4964937	NR_041953.1	94.628	726	26	12	4	720	1187	466	0.0	1112
f5dab9be-2fd5-4a95-b16a-217fb4964937	NR_029042.2	94.628	726	26	12	4	720	1207	486	0.0	1112
12904f4c-8848-43bf-92cb-6fc476bf84fc	NR_024912.1	95.017	582	13	12	1	571	582	6	0.0	900
12904f4c-8848-43bf-92cb-6fc476bf84fc	NR_156986.1	95.017	582	13	12	1	571	577	1	0.0	900
12904f4c-8848-43bf-92cb-6fc476bf84fc	NR_037092.1	95.009	581	14	11	1	571	586	11	0.0	898
12904f4c-8848-43bf-92cb-6fc476bf84fc	NR_024901.1	94.845	582	14	12	1	571	582	6	0.0	894
12904f4c-8848-43bf-92cb-6fc476bf84fc	NR_024928.1	94.845	582	14	12	1	571	582	6	0.0	894
dcedf742-c648-4261-9161-00afd78b3c72	NR_024918.1	98.085	470	7	2	1	468	929	1398	0.0	817
dcedf742-c648-4261-9161-00afd78b3c72	NR_025227.1	98.085	470	7	2	1	468	912	1381	0.0	817
dcedf742-c648-4261-9161-00afd78b3c72	NR_043314.1	98.085	470	7	2	1	468	934	1403	0.0	817
dcedf742-c648-4261-9161-00afd78b3c72	NR_042147.1	98.085	470	7	2	1	468	916	1385	0.0	817
dcedf742-c648-4261-9161-00afd78b3c72	NR_116905.1	98.085	470	7	2	1	468	937	1406	0.0	817
156363c4-5d42-4e46-881c-19c6d6d8f293	NR_179889.1	97.123	1286	23	10	7	1284	211	1490	0.0	2158
156363c4-5d42-4e46-881c-19c6d6d8f293	NR_041953.1	97.045	1286	24	10	7	1284	184	1463	0.0	2152
156363c4-5d42-4e46-881c-19c6d6d8f293	NR_042541.1	97.045	1286	24	10	7	1284	184	1463	0.0	2152
156363c4-5d42-4e46-881c-19c6d6d8f293	NR_178854.1	97.045	1286	23	11	7	1284	184	1462	0.0	2150
156363c4-5d42-4e46-881c-19c6d6d8f293	NR_116899.1	96.967	1286	25	10	7	1284	171	1450	0.0	2146
fbd816c3-dc8e-47b8-8312-04f8e4918a9c	NR_024918.1	94.085	913	45	6	1	909	569	1476	0.0	1378
fbd816c3-dc8e-47b8-8312-04f8e4918a9c	NR_029042.2	93.976	913	46	6	1	909	576	1483	0.0	1373
fbd816c3-dc8e-47b8-8312-04f8e4918a9c	NR_117177.1	93.976	913	46	6	1	909	574	1481	0.0	1373
fbd816c3-dc8e-47b8-8312-04f8e4918a9c	NR_180948.1	93.976	913	46	6	1	909	576	1483	0.0	1373
fbd816c3-dc8e-47b8-8312-04f8e4918a9c	NR_199515.1	93.976	913	46	6	1	909	585	1492	0.0	1373
0b575776-22fd-4f48-aae3-21868c5ab3ac	NR_024659.1	89.691	388	19	15	1	370	542	926	8.26e-134	475
0b575776-22fd-4f48-aae3-21868c5ab3ac	NR_028664.1	89.691	388	19	15	1	370	582	966	8.26e-134	475
0b575776-22fd-4f48-aae3-21868c5ab3ac	NR_042927.1	89.691	388	19	15	1	370	561	945	8.26e-134	475
0b575776-22fd-4f48-aae3-21868c5ab3ac	NR_114413.1	89.691	388	19	15	1	370	584	968	8.26e-134	475
0b575776-22fd-4f48-aae3-21868c5ab3ac	NR_115240.1	89.691	388	19	15	1	370	559	943	8.26e-134	475
f63e2eee-ec32-439b-a7e8-68060656725f	NR_024912.1	99.304	575	3	1	7	580	594	20	0.0	1038
f63e2eee-ec32-439b-a7e8-68060656725f	NR_042147.1	99.304	575	3	1	7	580	581	7	0.0	1038
f63e2eee-ec32-439b-a7e8-68060656725f	NR_156986.1	99.304	575	3	1	7	580	589	15	0.0	1038
f63e2eee-ec32-439b-a7e8-68060656725f	NR_178976.1	99.304	575	3	1	7	580	580	6	0.0	1038
f63e2eee-ec32-439b-a7e8-68060656725f	NR_113600.1	99.130	575	4	1	7	580	581	7	0.0	1035
a3d30383-cdf9-4ddc-a452-2b2d93a4a418	NR_024912.1	98.272	463	5	3	1	462	471	11	0.0	808
a3d30383-cdf9-4ddc-a452-2b2d93a4a418	NR_156986.1	98.272	463	5	3	1	462	466	6	0.0	808
a3d30383-cdf9-4ddc-a452-2b2d93a4a418	NR_024901.1	98.056	463	6	3	1	462	471	11	0.0	802
a3d30383-cdf9-4ddc-a452-2b2d93a4a418	NR_024928.1	98.056	463	6	3	1	462	471	11	0.0	802
a3d30383-cdf9-4ddc-a452-2b2d93a4a418	NR_042147.1	98.261	460	5	3	1	459	458	1	0.0	802
7be9b7d2-2c2d-4fd4-8c63-8783f7ebc578	NR_117694.1	93.398	515	15	16	1	498	513	1	0.0	745
7be9b7d2-2c2d-4fd4-8c63-8783f7ebc578	NR_025892.1	91.969	523	23	16	1	506	539	19	0.0	728
7be9b7d2-2c2d-4fd4-8c63-8783f7ebc578	NR_121687.1	91.412	524	24	18	1	506	533	13	0.0	699
7be9b7d2-2c2d-4fd4-8c63-8783f7ebc578	NR_117692.1	90.680	515	29	16	1	498	513	1	0.0	667
7be9b7d2-2c2d-4fd4-8c63-8783f7ebc578	NR_117717.1	89.695	524	33	18	1	506	534	14	0.0	649
256edf3b-feb0-4ae6-ba59-fd9952b1f18f	NR_178515.1	95.652	529	9	11	1	519	605	1129	0.0	837
256edf3b-feb0-4ae6-ba59-fd9952b1f18f	NR_024842.1	95.463	529	10	11	1	519	620	1144	0.0	832
256edf3b-feb0-4ae6-ba59-fd9952b1f18f	NR_109720.1	95.463	529	10	11	1	519	599	1123	0.0	832
256edf3b-feb0-4ae6-ba59-fd9952b1f18f	NR_115735.1	95.463	529	10	11	1	519	596	1120	0.0	832
256edf3b-feb0-4ae6-ba59-fd9952b1f18f	NR_116211.1	95.463	529	10	11	1	519	528	1052	0.0	832
be34e56e-c17b-4b9c-bcc6-5a7f1d167b0d	NR_113570.1	96.994	1231	22	15	1	1224	268	1490	0.0	2054
be34e56e-c17b-4b9c-bcc6-5a7f1d167b0d	NR_043332.1	96.748	1230	26	14	1	1224	261	1482	0.0	2043
be34e56e-c17b-4b9c-bcc6-5a7f1d167b0d	NR_074980.1	96.829	1230	25	14	1	1224	288	1509	0.0	2043
be34e56e-c17b-4b9c-bcc6-5a7f1d167b0d	NR_113031.1	96.829	1230	25	14	1	1224	288	1509	0.0	2043
be34e56e-c17b-4b9c-bcc6-5a7f1d167b0d	NR_115355.1	96.423	1230	30	14	1	1224	261	1482	0.0	2015
abcdf27b-e791-450c-b6e2-8972480b8e97	NR_043314.1	94.990	479	9	15	5	474	1009	1481	0.0	737
abcdf27b-e791-450c-b6e2-8972480b8e97	NR_114749.1	94.990	479	9	15	5	474	1011	1483	0.0	737
abcdf27b-e791-450c-b6e2-8972480b8e97	NR_116899.1	94.990	479	9	15	5	474	978	1450	0.0	737
abcdf27b-e791-450c-b6e2-8972480b8e97	NR_178854.1	94.990	479	9	15	5	474	990	1462	0.0	737
abcdf27b-e791-450c-b6e2-8972480b8e97	NR_179889.1	94.990	479	9	15	5	474	1018	1490	0.0	737
6759cced-beb3-4138-89ef-88b4c9565ea4	NR_136788.1	91.714	350	19	7	1	345	1116	1460	2.23e-134	477
6759cced-beb3-4138-89ef-88b4c9565ea4	NR_026230.1	90.000	350	25	7	1	345	1094	1438	2.26e-124	444
6759cced-beb3-4138-89ef-88b4c9565ea4	NR_113082.1	89.736	341	25	7	1	336	1116	1451	2.28e-119	427
6759cced-beb3-4138-89ef-88b4c9565ea4	NR_136443.1	87.608	347	29	10	6	345	1083	1422	2.99e-108	390
6759cced-beb3-4138-89ef-88b4c9565ea4	NR_041464.1	87.059	340	34	7	6	340	1122	1456	8.37e-104	375
d9f87161-bc46-4c10-910d-ed5d04f887fa	NR_043314.1	88.279	401	12	23	1	379	1272	885	1.84e-125	448
d9f87161-bc46-4c10-910d-ed5d04f887fa	NR_116905.1	88.279	401	12	23	1	379	1275	888	1.84e-125	448
d9f87161-bc46-4c10-910d-ed5d04f887fa	NR_116899.1	88.279	401	12	23	1	379	1241	854	1.84e-125	448
d9f87161-bc46-4c10-910d-ed5d04f887fa	NR_118125.1	88.279	401	12	23	1	379	1261	874	1.84e-125	448
d9f87161-bc46-4c10-910d-ed5d04f887fa	NR_149822.1	88.279	401	12	23	1	379	1237	850	1.84e-125	448
38fde7fd-c2a0-4f8d-b9ca-dc4a598b39cf	NR_043314.1	93.067	476	15	16	1	467	1005	1471	0.0	680
38fde7fd-c2a0-4f8d-b9ca-dc4a598b39cf	NR_114749.1	93.067	476	15	16	1	467	1007	1473	0.0	680
38fde7fd-c2a0-4f8d-b9ca-dc4a598b39cf	NR_116899.1	93.067	476	15	16	1	467	974	1440	0.0	680
38fde7fd-c2a0-4f8d-b9ca-dc4a598b39cf	NR_178854.1	93.067	476	15	16	1	467	986	1452	0.0	680
38fde7fd-c2a0-4f8d-b9ca-dc4a598b39cf	NR_179889.1	93.067	476	15	16	1	467	1014	1480	0.0	680
c25c5a2f-b4a0-4da7-8195-73ac414904fe	NR_043422.1	88.485	330	25	13	1	324	1158	1480	3.52e-107	387
c25c5a2f-b4a0-4da7-8195-73ac414904fe	NR_025164.1	88.218	331	25	14	1	324	1140	1463	4.56e-106	383
c25c5a2f-b4a0-4da7-8195-73ac414904fe	NR_043314.1	88.218	331	25	14	1	324	1158	1481	4.56e-106	383
c25c5a2f-b4a0-4da7-8195-73ac414904fe	NR_114749.1	88.218	331	25	14	1	324	1160	1483	4.56e-106	383
c25c5a2f-b4a0-4da7-8195-73ac414904fe	NR_116899.1	88.218	331	25	14	1	324	1127	1450	4.56e-106	383
3d33ece4-475f-4705-9b07-0e9b649b5140	NR_117694.1	98.118	797	9	5	1	793	673	1467	0.0	1384
3d33ece4-475f-4705-9b07-0e9b649b5140	NR_025892.1	97.724	791	12	5	1	787	698	1486	0.0	1362
3d33ece4-475f-4705-9b07-0e9b649b5140	NR_121687.1	97.616	797	13	4	1	793	693	1487	0.0	1362
3d33ece4-475f-4705-9b07-0e9b649b5140	NR_117692.1	97.616	797	13	5	1	793	673	1467	0.0	1362
3d33ece4-475f-4705-9b07-0e9b649b5140	NR_025902.1	97.365	797	15	5	1	793	651	1445	0.0	1351
82902d44-4f4d-446d-9f3b-87f6bc682400	NR_024912.1	98.271	347	5	1	1	346	521	175	2.60e-173	606
82902d44-4f4d-446d-9f3b-87f6bc682400	NR_025228.1	98.271	347	5	1	1	346	504	158	2.60e-173	606
82902d44-4f4d-446d-9f3b-87f6bc682400	NR_041953.1	98.271	347	5	1	1	346	508	162	2.60e-173	606
82902d44-4f4d-446d-9f3b-87f6bc682400	NR_042147.1	98.271	347	5	1	1	346	508	162	2.60e-173	606
82902d44-4f4d-446d-9f3b-87f6bc682400	NR_042541.1	98.271	347	5	1	1	346	508	162	2.60e-173	606
b1e19e1d-63a3-44c0-bd9a-db29c7b93d6b	NR_043314.1	94.692	471	17	7	1	466	1014	1481	0.0	725
b1e19e1d-63a3-44c0-bd9a-db29c7b93d6b	NR_114749.1	94.692	471	17	7	1	466	1016	1483	0.0	725
b1e19e1d-63a3-44c0-bd9a-db29c7b93d6b	NR_116899.1	94.692	471	17	7	1	466	983	1450	0.0	725
b1e19e1d-63a3-44c0-bd9a-db29c7b93d6b	NR_178854.1	94.692	471	17	7	1	466	995	1462	0.0	725
b1e19e1d-63a3-44c0-bd9a-db29c7b93d6b	NR_179889.1	94.692	471	17	7	1	466	1023	1490	0.0	725
be918572-00a6-4f70-8674-9b426a8f91d9	NR_163639.1	94.865	370	7	5	1	370	1137	1494	1.34e-161	568
be918572-00a6-4f70-8674-9b426a8f91d9	NR_179325.1	94.865	370	7	5	1	370	1096	1453	1.34e-161	568
be918572-00a6-4f70-8674-9b426a8f91d9	NR_115355.1	94.837	368	7	5	3	370	1124	1479	1.73e-160	564
be918572-00a6-4f70-8674-9b426a8f91d9	NR_119169.1	94.565	368	8	5	3	370	1129	1484	8.04e-159	558
be918572-00a6-4f70-8674-9b426a8f91d9	NR_115354.1	94.324	370	9	5	1	370	1122	1479	2.89e-158	556
52f018c8-8f20-4daa-83f4-b9282ab82b35	NR_156986.1	91.439	1133	55	38	1	1105	1119	1	0.0	1517
52f018c8-8f20-4daa-83f4-b9282ab82b35	NR_024912.1	91.343	1132	58	36	1	1105	1124	6	0.0	1511
52f018c8-8f20-4daa-83f4-b9282ab82b35	NR_156987.1	91.350	1133	56	38	1	1105	1119	1	0.0	1511
52f018c8-8f20-4daa-83f4-b9282ab82b35	NR_199514.1	91.262	1133	57	38	1	1105	1131	13	0.0	1506
52f018c8-8f20-4daa-83f4-b9282ab82b35	NR_037092.1	91.247	1131	56	36	1	1105	1124	11	0.0	1500
b2ae7d9c-4e2f-4f27-8b40-30daa6c35e33	NR_024912.1	95.709	536	6	12	1	521	539	6	0.0	846
b2ae7d9c-4e2f-4f27-8b40-30daa6c35e33	NR_037092.1	95.701	535	7	11	1	521	543	11	0.0	846
b2ae7d9c-4e2f-4f27-8b40-30daa6c35e33	NR_156986.1	95.709	536	6	12	1	521	534	1	0.0	846
b2ae7d9c-4e2f-4f27-8b40-30daa6c35e33	NR_024901.1	95.522	536	7	12	1	521	539	6	0.0	841
b2ae7d9c-4e2f-4f27-8b40-30daa6c35e33	NR_024928.1	95.522	536	7	12	1	521	539	6	0.0	841
90873381-6980-4292-b2a7-65a6d9f5b253	NR_117692.1	95.718	724	14	13	9	720	752	1470	0.0	1149
90873381-6980-4292-b2a7-65a6d9f5b253	NR_117694.1	95.718	724	14	13	9	720	752	1470	0.0	1149
90873381-6980-4292-b2a7-65a6d9f5b253	NR_025902.1	95.442	724	16	14	9	720	730	1448	0.0	1138
90873381-6980-4292-b2a7-65a6d9f5b253	NR_025892.1	95.875	703	14	11	9	700	777	1475	0.0	1129
90873381-6980-4292-b2a7-65a6d9f5b253	NR_043459.1	96.017	703	13	11	9	700	776	1474	0.0	1129
9e1dfd73-644f-43e2-acba-34fe7a177f1f	NR_117717.1	91.018	501	23	19	10	496	995	1487	0.0	656
9e1dfd73-644f-43e2-acba-34fe7a177f1f	NR_117696.1	91.018	501	23	19	10	496	962	1454	0.0	656
9e1dfd73-644f-43e2-acba-34fe7a177f1f	NR_117694.1	90.818	501	24	19	10	496	975	1467	0.0	651
9e1dfd73-644f-43e2-acba-34fe7a177f1f	NR_121687.1	90.619	501	25	19	10	496	995	1487	0.0	645
9e1dfd73-644f-43e2-acba-34fe7a177f1f	NR_025892.1	90.303	495	26	19	10	490	1000	1486	0.0	632
b8db5d1f-f4c4-4b96-b497-98eb38b0aa2a	NR_024918.1	95.527	626	15	11	2	620	860	1479	0.0	989
b8db5d1f-f4c4-4b96-b497-98eb38b0aa2a	NR_043314.1	95.527	626	15	11	2	620	865	1484	0.0	989
b8db5d1f-f4c4-4b96-b497-98eb38b0aa2a	NR_042147.1	95.527	626	15	11	2	620	847	1466	0.0	989
b8db5d1f-f4c4-4b96-b497-98eb38b0aa2a	NR_116899.1	95.527	626	15	11	2	620	834	1453	0.0	989
b8db5d1f-f4c4-4b96-b497-98eb38b0aa2a	NR_164626.1	95.527	626	15	11	2	620	857	1476	0.0	989
bc59c535-910e-4058-92e7-97e5e563d880	NR_026419.1	96.226	477	8	9	1	471	120	592	0.0	773
bc59c535-910e-4058-92e7-97e5e563d880	NR_133753.1	94.130	477	17	10	1	471	87	558	0.0	715
bc59c535-910e-4058-92e7-97e5e563d880	NR_025903.1	94.130	477	17	10	1	471	133	604	0.0	715
bc59c535-910e-4058-92e7-97e5e563d880	NR_133752.1	93.501	477	20	10	1	471	58	529	0.0	699
bc59c535-910e-4058-92e7-97e5e563d880	NR_025904.1	92.292	480	20	15	1	471	132	603	0.0	665
6ab23246-e620-47b6-b254-10ea5b50f790	NR_117694.1	94.181	842	37	12	1	835	631	1467	0.0	1273
6ab23246-e620-47b6-b254-10ea5b50f790	NR_121687.1	93.824	842	40	12	1	835	651	1487	0.0	1256
6ab23246-e620-47b6-b254-10ea5b50f790	NR_117692.1	94.019	836	38	12	7	835	637	1467	0.0	1256
6ab23246-e620-47b6-b254-10ea5b50f790	NR_025892.1	93.780	836	40	12	1	829	656	1486	0.0	1251
6ab23246-e620-47b6-b254-10ea5b50f790	NR_025902.1	93.780	836	40	12	7	835	615	1445	0.0	1245
48044033-5876-4d58-88fc-cee97cdfbc63	NR_156986.1	91.524	1168	62	32	13	1157	1156	3	0.0	1574
48044033-5876-4d58-88fc-cee97cdfbc63	NR_113600.1	91.480	1162	62	32	13	1151	1148	1	0.0	1565
48044033-5876-4d58-88fc-cee97cdfbc63	NR_024912.1	91.353	1168	64	32	13	1157	1161	8	0.0	1563
48044033-5876-4d58-88fc-cee97cdfbc63	NR_042147.1	91.480	1162	62	32	13	1151	1148	1	0.0	1563
48044033-5876-4d58-88fc-cee97cdfbc63	NR_178976.1	91.473	1161	62	32	13	1150	1147	1	0.0	1561
0df96d3e-fee8-4a57-a6cb-85427267f113	NR_040859.1	94.393	535	12	12	4	530	425	949	0.0	806
0df96d3e-fee8-4a57-a6cb-85427267f113	NR_104278.1	94.393	535	12	12	4	530	425	949	0.0	806
0df96d3e-fee8-4a57-a6cb-85427267f113	NR_104280.1	94.393	535	12	12	4	530	425	949	0.0	806
0df96d3e-fee8-4a57-a6cb-85427267f113	NR_113855.1	94.393	535	12	12	4	530	413	937	0.0	806
0df96d3e-fee8-4a57-a6cb-85427267f113	NR_113856.1	94.393	535	12	12	4	530	413	937	0.0	806
d9c98cf6-2514-46c7-b547-5efd1f53ea34	NR_181354.1	94.034	989	26	23	5	971	509	1486	0.0	1469
d9c98cf6-2514-46c7-b547-5efd1f53ea34	NR_114595.1	94.148	957	24	23	5	937	502	1450	0.0	1428
d9c98cf6-2514-46c7-b547-5efd1f53ea34	NR_118158.1	89.045	995	75	25	1	971	495	1479	0.0	1203
d9c98cf6-2514-46c7-b547-5efd1f53ea34	NR_043109.1	87.412	993	91	24	4	971	510	1493	0.0	1110
d9c98cf6-2514-46c7-b547-5efd1f53ea34	NR_044836.2	86.373	976	95	29	1	950	508	1471	0.0	1055
7cd8a57c-97ce-474d-a8f7-93859e3e7c46	NR_043314.1	96.099	282	7	3	1	282	1204	1481	2.27e-128	457
7cd8a57c-97ce-474d-a8f7-93859e3e7c46	NR_114749.1	96.099	282	7	3	1	282	1206	1483	2.27e-128	457
7cd8a57c-97ce-474d-a8f7-93859e3e7c46	NR_116899.1	96.099	282	7	3	1	282	1173	1450	2.27e-128	457
7cd8a57c-97ce-474d-a8f7-93859e3e7c46	NR_178854.1	96.099	282	7	3	1	282	1185	1462	2.27e-128	457
7cd8a57c-97ce-474d-a8f7-93859e3e7c46	NR_179889.1	96.099	282	7	3	1	282	1213	1490	2.27e-128	457
678a5950-527c-4e80-8487-b1bff87bbcf5	NR_178680.1	91.612	763	46	13	3	753	739	1495	0.0	1038
678a5950-527c-4e80-8487-b1bff87bbcf5	NR_027564.1	90.551	762	54	14	3	753	708	1462	0.0	992
678a5950-527c-4e80-8487-b1bff87bbcf5	NR_181566.1	90.933	750	50	15	14	753	751	1492	0.0	992
678a5950-527c-4e80-8487-b1bff87bbcf5	NR_178930.1	91.563	723	46	10	3	714	686	1404	0.0	983
678a5950-527c-4e80-8487-b1bff87bbcf5	NR_164618.1	90.183	764	55	14	3	753	735	1491	0.0	977
216dab9b-4460-4b81-a3a2-e8ec5c11b3d0	NR_118155.1	90.976	1086	61	28	1	1064	420	1490	0.0	1428
216dab9b-4460-4b81-a3a2-e8ec5c11b3d0	NR_041799.1	90.892	1087	60	30	1	1064	397	1467	0.0	1423
216dab9b-4460-4b81-a3a2-e8ec5c11b3d0	NR_117823.1	90.892	1087	60	30	1	1064	369	1439	0.0	1423
216dab9b-4460-4b81-a3a2-e8ec5c11b3d0	NR_114227.1	90.943	1082	59	30	1	1059	397	1462	0.0	1419
216dab9b-4460-4b81-a3a2-e8ec5c11b3d0	NR_115613.1	90.717	1088	60	31	1	1064	383	1453	0.0	1415
9e5e7643-908e-498f-b48c-20eaf5f3d0e3	NR_199545.1	97.155	703	11	4	1	697	81	780	0.0	1179
9e5e7643-908e-498f-b48c-20eaf5f3d0e3	NR_180629.1	97.151	702	11	4	2	697	44	742	0.0	1177
9e5e7643-908e-498f-b48c-20eaf5f3d0e3	NR_179385.1	97.013	703	12	4	1	697	85	784	0.0	1173
9e5e7643-908e-498f-b48c-20eaf5f3d0e3	NR_028664.1	97.009	702	12	4	2	697	85	783	0.0	1171
9e5e7643-908e-498f-b48c-20eaf5f3d0e3	NR_115240.1	97.009	702	12	4	2	697	62	760	0.0	1171
b77d823f-7275-4aa7-8459-e6f52321eeb5	NR_179385.1	92.782	665	30	13	4	657	839	1496	0.0	946
b77d823f-7275-4aa7-8459-e6f52321eeb5	NR_199545.1	92.782	665	30	13	4	657	835	1492	0.0	946
b77d823f-7275-4aa7-8459-e6f52321eeb5	NR_028665.1	92.632	665	31	13	4	657	832	1489	0.0	941
b77d823f-7275-4aa7-8459-e6f52321eeb5	NR_115239.1	93.077	650	28	12	4	642	815	1458	0.0	935
b77d823f-7275-4aa7-8459-e6f52321eeb5	NR_165741.1	93.077	650	28	12	4	642	824	1467	0.0	935
a2528b77-5cf6-4976-ac4e-ed748e9ab39c	NR_024704.1	94.714	454	8	9	10	459	1029	1470	0.0	691
a2528b77-5cf6-4976-ac4e-ed748e9ab39c	NR_113578.1	94.714	454	8	9	10	459	1021	1462	0.0	691
a2528b77-5cf6-4976-ac4e-ed748e9ab39c	NR_148763.1	94.714	454	8	9	10	459	1041	1482	0.0	691
a2528b77-5cf6-4976-ac4e-ed748e9ab39c	NR_181838.1	94.714	454	8	9	10	459	1044	1485	0.0	691
a2528b77-5cf6-4976-ac4e-ed748e9ab39c	NR_148764.1	94.493	454	9	9	10	459	1041	1482	0.0	686
468707c0-1356-4db4-8ba4-bb122f130ea4	NR_156986.1	94.286	1400	46	27	1	1376	1390	1	0.0	2111
468707c0-1356-4db4-8ba4-bb122f130ea4	NR_156987.1	94.214	1400	47	27	1	1376	1390	1	0.0	2106
468707c0-1356-4db4-8ba4-bb122f130ea4	NR_199513.1	94.139	1399	52	23	1	1377	1409	19	0.0	2102
468707c0-1356-4db4-8ba4-bb122f130ea4	NR_024928.1	94.143	1400	48	27	1	1376	1395	6	0.0	2100
468707c0-1356-4db4-8ba4-bb122f130ea4	NR_024901.1	94.071	1400	49	27	1	1376	1395	6	0.0	2095
6106e496-3c20-4407-8968-756466e748a5	NR_199513.1	94.488	1143	34	24	13	1136	1160	28	0.0	1735
6106e496-3c20-4407-8968-756466e748a5	NR_178976.1	94.226	1143	35	26	13	1135	1132	1	0.0	1716
6106e496-3c20-4407-8968-756466e748a5	NR_041953.1	94.138	1143	38	23	13	1136	1133	1	0.0	1712
6106e496-3c20-4407-8968-756466e748a5	NR_156986.1	94.143	1144	36	26	13	1136	1141	9	0.0	1712
6106e496-3c20-4407-8968-756466e748a5	NR_113600.1	94.056	1144	37	26	13	1136	1133	1	0.0	1709
1db0c203-cc48-47d6-8494-72854cb1f1e6	NR_156986.1	89.169	794	45	34	1	771	776	1	0.0	952
1db0c203-cc48-47d6-8494-72854cb1f1e6	NR_199514.1	89.169	794	45	34	1	771	788	13	0.0	952
1db0c203-cc48-47d6-8494-72854cb1f1e6	NR_199513.1	89.057	795	46	32	1	772	795	19	0.0	948
1db0c203-cc48-47d6-8494-72854cb1f1e6	NR_024901.1	89.043	794	46	34	1	771	781	6	0.0	946
1db0c203-cc48-47d6-8494-72854cb1f1e6	NR_024928.1	89.043	794	46	34	1	771	781	6	0.0	946
498c6e1b-2f5d-4e92-a770-30252c64700b	NR_042199.1	92.330	1395	54	39	1	1357	89	1468	0.0	1934
498c6e1b-2f5d-4e92-a770-30252c64700b	NR_197706.1	92.324	1394	55	38	1	1357	116	1494	0.0	1934
498c6e1b-2f5d-4e92-a770-30252c64700b	NR_178481.1	92.369	1389	55	37	1	1352	79	1453	0.0	1930
498c6e1b-2f5d-4e92-a770-30252c64700b	NR_181354.1	92.247	1393	55	38	1	1357	116	1491	0.0	1925
498c6e1b-2f5d-4e92-a770-30252c64700b	NR_024662.1	91.966	1394	61	38	1	1357	109	1488	0.0	1906
995da7f0-0db9-48b4-992a-ff15c57905d3	NR_114225.1	96.142	337	5	7	1	331	1355	1021	5.49e-155	545
995da7f0-0db9-48b4-992a-ff15c57905d3	NR_024911.1	96.142	337	5	7	1	331	1368	1034	1.98e-154	544
995da7f0-0db9-48b4-992a-ff15c57905d3	NR_024918.1	96.142	337	5	7	1	331	1368	1034	1.98e-154	544
995da7f0-0db9-48b4-992a-ff15c57905d3	NR_025174.1	96.142	337	5	7	1	331	1361	1027	1.98e-154	544
995da7f0-0db9-48b4-992a-ff15c57905d3	NR_025227.1	96.142	337	5	7	1	331	1351	1017	1.98e-154	544
f8cabc55-ad74-4603-b371-75ff525a3020	NR_040933.1	97.134	314	4	5	1	311	1463	1152	6.69e-149	525
f8cabc55-ad74-4603-b371-75ff525a3020	NR_104947.1	97.134	314	4	5	1	311	1414	1103	6.69e-149	525
f8cabc55-ad74-4603-b371-75ff525a3020	NR_117717.1	97.134	314	4	5	1	311	1461	1150	6.69e-149	525
f8cabc55-ad74-4603-b371-75ff525a3020	NR_121688.1	97.134	314	4	5	1	311	1461	1150	6.69e-149	525
f8cabc55-ad74-4603-b371-75ff525a3020	NR_117696.1	97.134	314	4	5	1	311	1428	1117	6.69e-149	525
c41023d7-7410-4b43-819c-c6dcaf81cf1c	NR_041799.1	95.169	828	19	15	5	817	645	1466	0.0	1288
c41023d7-7410-4b43-819c-c6dcaf81cf1c	NR_042939.1	95.157	826	23	13	5	817	665	1486	0.0	1288
c41023d7-7410-4b43-819c-c6dcaf81cf1c	NR_116899.1	95.169	828	19	15	5	817	632	1453	0.0	1288
c41023d7-7410-4b43-819c-c6dcaf81cf1c	NR_117823.1	95.169	828	19	15	5	817	617	1438	0.0	1288
c41023d7-7410-4b43-819c-c6dcaf81cf1c	NR_178854.1	95.048	828	19	16	5	817	645	1465	0.0	1282
0ba48f2c-f76f-4d94-9f42-d43c831672dc	NR_156986.1	90.828	1014	57	29	1	993	999	1	0.0	1325
0ba48f2c-f76f-4d94-9f42-d43c831672dc	NR_024912.1	90.730	1014	58	29	1	993	1004	6	0.0	1319
0ba48f2c-f76f-4d94-9f42-d43c831672dc	NR_156987.1	90.730	1014	58	29	1	993	999	1	0.0	1319
0ba48f2c-f76f-4d94-9f42-d43c831672dc	NR_178976.1	91.082	998	55	27	1	978	990	7	0.0	1319
0ba48f2c-f76f-4d94-9f42-d43c831672dc	NR_199514.1	90.730	1014	58	29	1	993	1011	13	0.0	1319
57fd024e-0cad-451b-b505-36c415555a8c	NR_024918.1	97.148	526	5	8	1	525	960	1476	0.0	880
57fd024e-0cad-451b-b505-36c415555a8c	NR_043314.1	97.148	526	5	8	1	525	965	1481	0.0	880
57fd024e-0cad-451b-b505-36c415555a8c	NR_042147.1	97.148	526	5	8	1	525	947	1463	0.0	880
57fd024e-0cad-451b-b505-36c415555a8c	NR_116899.1	97.148	526	5	8	1	525	934	1450	0.0	880
57fd024e-0cad-451b-b505-36c415555a8c	NR_164626.1	97.148	526	5	8	1	525	957	1473	0.0	880
1862529e-dc9a-4874-a3e1-64de93f49ed3	NR_028664.1	97.196	642	10	7	1	639	858	1494	0.0	1079
1862529e-dc9a-4874-a3e1-64de93f49ed3	NR_115240.1	97.188	640	10	7	1	637	835	1469	0.0	1075
1862529e-dc9a-4874-a3e1-64de93f49ed3	NR_165737.1	97.188	640	10	7	1	637	837	1471	0.0	1075
1862529e-dc9a-4874-a3e1-64de93f49ed3	NR_042927.1	97.031	640	11	7	1	637	837	1471	0.0	1070
1862529e-dc9a-4874-a3e1-64de93f49ed3	NR_115734.1	97.031	640	11	7	1	637	838	1472	0.0	1070
604aa483-9c28-49d5-a10b-005bfc8932e6	NR_026419.1	95.760	566	10	11	1	561	931	1487	0.0	900
604aa483-9c28-49d5-a10b-005bfc8932e6	NR_025904.1	94.170	566	18	12	1	561	942	1497	0.0	848
604aa483-9c28-49d5-a10b-005bfc8932e6	NR_025903.1	94.170	566	18	12	1	561	943	1498	0.0	848
604aa483-9c28-49d5-a10b-005bfc8932e6	NR_133752.1	94.249	539	17	11	1	534	868	1397	0.0	811
604aa483-9c28-49d5-a10b-005bfc8932e6	NR_133753.1	94.249	539	17	11	1	534	897	1426	0.0	811
18905cf4-9881-47e1-9355-426dbb26d45c	NR_125570.1	92.593	405	12	14	4	399	592	987	5.15e-161	566
18905cf4-9881-47e1-9355-426dbb26d45c	NR_029097.1	91.852	405	15	14	4	399	610	1005	5.19e-156	549
18905cf4-9881-47e1-9355-426dbb26d45c	NR_125571.1	91.852	405	15	14	4	399	634	1029	5.19e-156	549
18905cf4-9881-47e1-9355-426dbb26d45c	NR_181885.1	87.901	405	31	14	4	399	654	1049	2.50e-129	460
18905cf4-9881-47e1-9355-426dbb26d45c	NR_042008.1	87.192	406	32	16	4	399	660	1055	2.52e-124	444
3e686ffc-9907-4a47-873c-4ed9bb75f76a	NR_024918.1	93.659	552	17	16	16	562	935	1473	0.0	809
3e686ffc-9907-4a47-873c-4ed9bb75f76a	NR_043314.1	93.659	552	17	16	16	562	940	1478	0.0	809
3e686ffc-9907-4a47-873c-4ed9bb75f76a	NR_042147.1	93.659	552	17	16	16	562	922	1460	0.0	809
3e686ffc-9907-4a47-873c-4ed9bb75f76a	NR_116899.1	93.659	552	17	16	16	562	909	1447	0.0	809
3e686ffc-9907-4a47-873c-4ed9bb75f76a	NR_164626.1	93.659	552	17	16	16	562	932	1470	0.0	809
4b8d647c-ad3f-4c00-bf11-797b380ee469	NR_041953.1	93.574	1136	44	23	1	1117	341	1466	0.0	1666
4b8d647c-ad3f-4c00-bf11-797b380ee469	NR_178447.1	93.486	1136	45	23	1	1117	275	1400	0.0	1661
4b8d647c-ad3f-4c00-bf11-797b380ee469	NR_179889.1	93.486	1136	45	23	1	1117	368	1493	0.0	1661
4b8d647c-ad3f-4c00-bf11-797b380ee469	NR_042541.1	93.398	1136	46	23	1	1117	341	1466	0.0	1655
4b8d647c-ad3f-4c00-bf11-797b380ee469	NR_178854.1	93.398	1136	45	24	1	1117	341	1465	0.0	1655
d95c0def-f081-4f1d-abae-a4f38af70b90	NR_199513.1	94.112	1002	30	23	4	986	1015	24	0.0	1496
d95c0def-f081-4f1d-abae-a4f38af70b90	NR_199513.1	92.439	820	39	19	1112	1919	827	19	0.0	1149
d95c0def-f081-4f1d-abae-a4f38af70b90	NR_024901.1	93.924	1004	28	27	4	986	1001	10	0.0	1485
d95c0def-f081-4f1d-abae-a4f38af70b90	NR_024901.1	92.796	819	36	19	1112	1918	813	6	0.0	1164
d95c0def-f081-4f1d-abae-a4f38af70b90	NR_024928.1	93.924	1004	28	27	4	986	1001	10	0.0	1485
d95c0def-f081-4f1d-abae-a4f38af70b90	NR_024928.1	92.674	819	37	19	1112	1918	813	6	0.0	1158
d95c0def-f081-4f1d-abae-a4f38af70b90	NR_156986.1	93.924	1004	28	27	4	986	996	5	0.0	1485
d95c0def-f081-4f1d-abae-a4f38af70b90	NR_156986.1	92.796	819	36	19	1112	1918	808	1	0.0	1164
d95c0def-f081-4f1d-abae-a4f38af70b90	NR_024912.1	93.825	1004	29	27	4	986	1001	10	0.0	1480
d95c0def-f081-4f1d-abae-a4f38af70b90	NR_024912.1	92.552	819	38	19	1112	1918	813	6	0.0	1153
2cf99160-28cf-4478-be29-ccaa0895595b	NR_041799.1	92.277	997	46	22	4	984	482	1463	0.0	1386
2cf99160-28cf-4478-be29-ccaa0895595b	NR_117823.1	92.277	997	46	22	4	984	454	1435	0.0	1386
2cf99160-28cf-4478-be29-ccaa0895595b	NR_114227.1	92.269	996	46	22	4	983	482	1462	0.0	1384
2cf99160-28cf-4478-be29-ccaa0895595b	NR_116899.1	92.177	997	47	21	4	984	469	1450	0.0	1380
2cf99160-28cf-4478-be29-ccaa0895595b	NR_042541.1	92.076	997	48	21	4	984	482	1463	0.0	1375
fb613c1a-44e1-4fec-b3ef-c1dbf1ba169c	NR_199512.1	91.064	940	46	36	3	918	959	34	0.0	1236
fb613c1a-44e1-4fec-b3ef-c1dbf1ba169c	NR_156986.1	90.996	944	39	39	3	918	940	15	0.0	1230
fb613c1a-44e1-4fec-b3ef-c1dbf1ba169c	NR_178976.1	90.996	944	39	39	3	918	931	6	0.0	1230
fb613c1a-44e1-4fec-b3ef-c1dbf1ba169c	NR_113600.1	90.890	944	40	39	3	918	932	7	0.0	1227
fb613c1a-44e1-4fec-b3ef-c1dbf1ba169c	NR_156987.1	90.890	944	40	39	3	918	940	15	0.0	1225
36fbbba1-9e2f-48cf-a46d-e3b653d1a45a	NR_028665.1	97.219	755	11	9	1	745	740	1494	0.0	1269
36fbbba1-9e2f-48cf-a46d-e3b653d1a45a	NR_117719.1	97.222	756	10	9	1	745	743	1498	0.0	1269
36fbbba1-9e2f-48cf-a46d-e3b653d1a45a	NR_027214.1	97.587	746	8	9	1	736	723	1468	0.0	1269
36fbbba1-9e2f-48cf-a46d-e3b653d1a45a	NR_179385.1	97.219	755	11	9	1	745	747	1501	0.0	1269
36fbbba1-9e2f-48cf-a46d-e3b653d1a45a	NR_199545.1	97.219	755	11	9	1	745	743	1497	0.0	1269
6f6644f7-1cb7-4965-b9cd-bb1f2678ac0f	NR_041989.1	92.327	404	8	12	1	387	1077	680	3.93e-157	553
6f6644f7-1cb7-4965-b9cd-bb1f2678ac0f	NR_028900.1	92.079	404	9	12	1	387	1077	680	1.83e-155	547
6f6644f7-1cb7-4965-b9cd-bb1f2678ac0f	NR_117694.1	92.079	404	9	12	1	387	1119	722	1.83e-155	547
6f6644f7-1cb7-4965-b9cd-bb1f2678ac0f	NR_178369.1	92.079	404	9	12	1	387	1090	693	1.83e-155	547
6f6644f7-1cb7-4965-b9cd-bb1f2678ac0f	NR_043459.1	91.832	404	10	12	1	387	1143	746	8.52e-154	542
c05ec1c4-92f3-48f5-b030-6774a17ba2c6	NR_043314.1	94.118	476	16	10	10	482	1015	1481	0.0	713
c05ec1c4-92f3-48f5-b030-6774a17ba2c6	NR_114749.1	94.118	476	16	10	10	482	1017	1483	0.0	713
c05ec1c4-92f3-48f5-b030-6774a17ba2c6	NR_116899.1	94.118	476	16	10	10	482	984	1450	0.0	713
c05ec1c4-92f3-48f5-b030-6774a17ba2c6	NR_178854.1	94.118	476	16	10	10	482	996	1462	0.0	713
c05ec1c4-92f3-48f5-b030-6774a17ba2c6	NR_179889.1	94.118	476	16	10	10	482	1024	1490	0.0	713
7f031e41-7399-4503-a2c0-e7891defc247	NR_116899.1	93.649	929	30	22	1	916	538	1450	0.0	1362
7f031e41-7399-4503-a2c0-e7891defc247	NR_179889.1	93.649	929	30	22	1	916	578	1490	0.0	1362
7f031e41-7399-4503-a2c0-e7891defc247	NR_181891.1	93.649	929	30	22	1	916	574	1486	0.0	1362
7f031e41-7399-4503-a2c0-e7891defc247	NR_041799.1	93.548	930	29	25	1	916	551	1463	0.0	1356
7f031e41-7399-4503-a2c0-e7891defc247	NR_042541.1	93.541	929	31	22	1	916	551	1463	0.0	1356
04667c20-3a76-423c-8e66-6adc1a2f0f59	NR_116899.1	92.620	962	44	20	1	942	499	1453	0.0	1358
04667c20-3a76-423c-8e66-6adc1a2f0f59	NR_179889.1	92.620	962	44	20	1	942	539	1493	0.0	1358
04667c20-3a76-423c-8e66-6adc1a2f0f59	NR_199515.1	92.620	962	44	20	1	942	541	1495	0.0	1358
04667c20-3a76-423c-8e66-6adc1a2f0f59	NR_024918.1	92.516	962	45	20	1	942	525	1479	0.0	1352
04667c20-3a76-423c-8e66-6adc1a2f0f59	NR_041799.1	92.523	963	43	22	1	942	512	1466	0.0	1352
328f2eed-ac8d-43a0-8894-4ead9546ae86	NR_156986.1	91.756	1395	55	38	1	1357	1373	1	0.0	1884
328f2eed-ac8d-43a0-8894-4ead9546ae86	NR_199513.1	91.691	1396	58	34	1	1359	1392	18	0.0	1882
328f2eed-ac8d-43a0-8894-4ead9546ae86	NR_156987.1	91.685	1395	56	38	1	1357	1373	1	0.0	1879
328f2eed-ac8d-43a0-8894-4ead9546ae86	NR_178976.1	91.884	1380	55	36	1	1342	1364	4	0.0	1877
328f2eed-ac8d-43a0-8894-4ead9546ae86	NR_024928.1	91.613	1395	57	38	1	1357	1378	6	0.0	1875
5f3b6149-ade2-4b94-be17-01fd342f9fdc	NR_116609.1	84.711	641	68	23	6	631	830	1455	2.93e-175	614
5f3b6149-ade2-4b94-be17-01fd342f9fdc	NR_178335.1	84.399	641	70	24	6	631	846	1471	6.34e-172	603
5f3b6149-ade2-4b94-be17-01fd342f9fdc	NR_169415.1	84.689	627	69	23	6	620	829	1440	2.28e-171	601
5f3b6149-ade2-4b94-be17-01fd342f9fdc	NR_134024.1	84.370	627	71	22	6	620	844	1455	4.94e-168	590
5f3b6149-ade2-4b94-be17-01fd342f9fdc	NR_044117.1	85.542	581	61	19	6	575	813	1381	6.39e-167	586
b87bfb5b-8c04-4d96-aaaf-ebd2c11f827a	NR_029097.1	96.855	318	5	4	1	318	783	1095	1.91e-149	527
b87bfb5b-8c04-4d96-aaaf-ebd2c11f827a	NR_125570.1	96.226	318	7	4	1	318	765	1077	4.13e-146	516
b87bfb5b-8c04-4d96-aaaf-ebd2c11f827a	NR_125571.1	95.912	318	8	4	1	318	807	1119	1.92e-144	510
b87bfb5b-8c04-4d96-aaaf-ebd2c11f827a	NR_042008.1	91.456	316	21	6	4	318	836	1146	5.53e-120	429
b87bfb5b-8c04-4d96-aaaf-ebd2c11f827a	NR_074809.1	91.139	316	22	6	4	318	846	1156	2.57e-118	424
9d17c646-e424-434c-841b-c2d46a6c7e00	NR_116899.1	95.425	918	23	13	1	903	540	1453	0.0	1445
9d17c646-e424-434c-841b-c2d46a6c7e00	NR_024918.1	95.316	918	24	13	1	903	566	1479	0.0	1439
9d17c646-e424-434c-841b-c2d46a6c7e00	NR_041953.1	95.316	918	24	13	1	903	553	1466	0.0	1439
9d17c646-e424-434c-841b-c2d46a6c7e00	NR_042541.1	95.316	918	24	13	1	903	553	1466	0.0	1439
9d17c646-e424-434c-841b-c2d46a6c7e00	NR_117826.1	95.316	918	24	13	1	903	525	1438	0.0	1439
a0e0a863-05d8-424c-bc4b-8e2263e41f19	NR_114595.1	94.271	384	7	11	1	370	675	1057	2.87e-163	573
a0e0a863-05d8-424c-bc4b-8e2263e41f19	NR_040859.1	94.010	384	8	11	1	370	667	1049	1.34e-161	568
a0e0a863-05d8-424c-bc4b-8e2263e41f19	NR_024662.1	94.010	384	8	11	1	370	675	1057	1.34e-161	568
a0e0a863-05d8-424c-bc4b-8e2263e41f19	NR_024910.1	94.010	384	8	11	1	370	666	1048	1.34e-161	568
a0e0a863-05d8-424c-bc4b-8e2263e41f19	NR_181354.1	93.995	383	9	10	1	370	682	1063	1.34e-161	568
8d690391-df87-4b28-a890-b1532da9175a	NR_179480.1	96.118	541	12	7	1	537	692	1227	0.0	874
8d690391-df87-4b28-a890-b1532da9175a	NR_181857.1	96.118	541	12	7	1	537	799	1334	0.0	874
8d690391-df87-4b28-a890-b1532da9175a	NR_041799.1	95.933	541	13	7	1	537	741	1276	0.0	869
8d690391-df87-4b28-a890-b1532da9175a	NR_114227.1	95.933	541	13	7	1	537	741	1276	0.0	869
8d690391-df87-4b28-a890-b1532da9175a	NR_114481.1	95.933	541	13	7	1	537	750	1285	0.0	869
506eda4a-5c4d-4ce2-aa8e-ab5b0da25705	NR_116212.1	88.636	308	18	16	5	300	992	1294	6.88e-99	359
506eda4a-5c4d-4ce2-aa8e-ab5b0da25705	NR_024842.1	88.312	308	19	16	5	300	1084	1386	3.20e-97	353
506eda4a-5c4d-4ce2-aa8e-ab5b0da25705	NR_036936.1	88.312	308	19	16	5	300	1069	1371	3.20e-97	353
506eda4a-5c4d-4ce2-aa8e-ab5b0da25705	NR_036918.1	88.312	308	19	16	5	300	1086	1388	3.20e-97	353
506eda4a-5c4d-4ce2-aa8e-ab5b0da25705	NR_042776.1	88.312	308	19	16	5	300	1094	1396	3.20e-97	353
e018df31-100f-4d94-aee4-0e43a0060eae	NR_179889.1	94.690	1243	38	18	1	1227	265	1495	0.0	1905
e018df31-100f-4d94-aee4-0e43a0060eae	NR_041953.1	94.610	1243	39	18	1	1227	238	1468	0.0	1899
e018df31-100f-4d94-aee4-0e43a0060eae	NR_042541.1	94.610	1243	39	18	1	1227	238	1468	0.0	1899
e018df31-100f-4d94-aee4-0e43a0060eae	NR_178854.1	94.610	1243	38	19	1	1227	238	1467	0.0	1897
e018df31-100f-4d94-aee4-0e43a0060eae	NR_178447.1	94.529	1243	40	18	1	1227	172	1402	0.0	1893
c29d28f8-f0c0-4cc0-8194-89f88b1b97a6	NR_199513.1	95.664	1107	29	17	5	1095	1122	19	0.0	1760
c29d28f8-f0c0-4cc0-8194-89f88b1b97a6	NR_156986.1	95.574	1107	28	19	5	1094	1103	1	0.0	1753
c29d28f8-f0c0-4cc0-8194-89f88b1b97a6	NR_156987.1	95.483	1107	29	19	5	1094	1103	1	0.0	1748
c29d28f8-f0c0-4cc0-8194-89f88b1b97a6	NR_199514.1	95.483	1107	29	19	5	1094	1115	13	0.0	1748
c29d28f8-f0c0-4cc0-8194-89f88b1b97a6	NR_024901.1	95.393	1107	30	19	5	1094	1108	6	0.0	1742
444055fe-b66d-4777-8344-3efe2aa7c1a6	NR_117694.1	98.091	838	8	6	1	835	611	1443	0.0	1452
444055fe-b66d-4777-8344-3efe2aa7c1a6	NR_025892.1	97.613	838	12	6	1	835	636	1468	0.0	1435
444055fe-b66d-4777-8344-3efe2aa7c1a6	NR_104947.1	97.733	838	11	6	1	835	584	1416	0.0	1435
444055fe-b66d-4777-8344-3efe2aa7c1a6	NR_117692.1	97.733	838	11	6	1	835	611	1443	0.0	1435
444055fe-b66d-4777-8344-3efe2aa7c1a6	NR_117696.1	97.733	838	11	6	1	835	598	1430	0.0	1435
be2d332e-264f-4959-831d-f6df74eb0ff1	NR_043422.1	84.532	278	20	19	8	273	1218	1484	3.05e-67	254
be2d332e-264f-4959-831d-f6df74eb0ff1	NR_036998.1	84.229	279	20	20	8	273	1199	1466	3.95e-66	250
be2d332e-264f-4959-831d-f6df74eb0ff1	NR_043314.1	84.229	279	20	20	8	273	1218	1485	3.95e-66	250
be2d332e-264f-4959-831d-f6df74eb0ff1	NR_114793.1	84.229	279	20	20	8	273	1092	1359	3.95e-66	250
be2d332e-264f-4959-831d-f6df74eb0ff1	NR_115608.1	84.286	280	18	22	8	273	1179	1446	3.95e-66	250
04e96fc0-7eb2-482f-aace-b35b99bf80cf	NR_199513.1	90.609	1001	45	38	1	963	1010	21	0.0	1282
04e96fc0-7eb2-482f-aace-b35b99bf80cf	NR_156986.1	90.519	1002	44	42	1	963	991	2	0.0	1277
04e96fc0-7eb2-482f-aace-b35b99bf80cf	NR_024901.1	90.419	1002	45	42	1	963	996	7	0.0	1271
04e96fc0-7eb2-482f-aace-b35b99bf80cf	NR_024928.1	90.419	1002	45	42	1	963	996	7	0.0	1271
04e96fc0-7eb2-482f-aace-b35b99bf80cf	NR_156987.1	90.419	1002	45	42	1	963	991	2	0.0	1271
ed0af68f-a822-4f48-9d5b-26c419b2f06c	NR_044873.1	93.425	1019	35	27	1	1000	1376	371	0.0	1482
ed0af68f-a822-4f48-9d5b-26c419b2f06c	NR_074568.1	91.945	1018	51	26	1	1000	1386	382	0.0	1397
ed0af68f-a822-4f48-9d5b-26c419b2f06c	NR_044712.2	91.847	1018	52	26	1	1000	1395	391	0.0	1393
ed0af68f-a822-4f48-9d5b-26c419b2f06c	NR_109752.1	91.552	1018	55	26	1	1000	1397	393	0.0	1375
ed0af68f-a822-4f48-9d5b-26c419b2f06c	NR_178360.1	91.552	1018	55	26	1	1000	1353	349	0.0	1375
0367ea59-c012-458b-8497-4e024e58f006	NR_159102.1	92.377	1115	31	33	1	1080	356	1451	0.0	1539
0367ea59-c012-458b-8497-4e024e58f006	NR_114803.1	90.966	1118	44	38	1	1080	365	1463	0.0	1452
0367ea59-c012-458b-8497-4e024e58f006	NR_179493.1	90.934	1114	48	35	1	1080	382	1476	0.0	1448
0367ea59-c012-458b-8497-4e024e58f006	NR_159323.1	89.488	1113	63	38	1	1080	361	1452	0.0	1358
0367ea59-c012-458b-8497-4e024e58f006	NR_156959.1	90.018	1082	52	38	1	1045	367	1429	0.0	1349
dfbcf5f8-7c77-4837-9e53-78953aa18d7a	NR_117694.1	93.449	1328	42	33	1	1307	159	1462	0.0	1929
dfbcf5f8-7c77-4837-9e53-78953aa18d7a	NR_121687.1	93.046	1323	48	32	6	1307	183	1482	0.0	1893
dfbcf5f8-7c77-4837-9e53-78953aa18d7a	NR_025892.1	92.313	1327	56	34	1	1306	185	1486	0.0	1868
dfbcf5f8-7c77-4837-9e53-78953aa18d7a	NR_117692.1	92.620	1328	53	33	1	1307	159	1462	0.0	1868
dfbcf5f8-7c77-4837-9e53-78953aa18d7a	NR_025902.1	92.470	1328	55	33	1	1307	137	1440	0.0	1857
ad4118d2-acae-452d-89e3-f074d38e394b	NR_117694.1	94.331	1376	47	30	1	1360	107	1467	0.0	2080
ad4118d2-acae-452d-89e3-f074d38e394b	NR_025892.1	93.407	1365	59	30	1	1349	133	1482	0.0	2015
ad4118d2-acae-452d-89e3-f074d38e394b	NR_121687.1	93.246	1377	60	32	1	1360	127	1487	0.0	1997
ad4118d2-acae-452d-89e3-f074d38e394b	NR_117692.1	92.961	1378	62	33	1	1360	107	1467	0.0	1975
ad4118d2-acae-452d-89e3-f074d38e394b	NR_104946.1	93.230	1359	59	33	1	1341	70	1413	0.0	1969
dcc496e7-bcca-415e-8d03-47c65c9bade1	NR_028665.1	95.862	580	10	11	4	571	1444	867	0.0	926
dcc496e7-bcca-415e-8d03-47c65c9bade1	NR_115239.1	95.862	580	10	11	4	571	1427	850	0.0	926
dcc496e7-bcca-415e-8d03-47c65c9bade1	NR_165741.1	95.862	580	10	11	4	571	1436	859	0.0	926
dcc496e7-bcca-415e-8d03-47c65c9bade1	NR_179385.1	95.862	580	10	11	4	571	1451	874	0.0	926
dcc496e7-bcca-415e-8d03-47c65c9bade1	NR_199545.1	95.862	580	10	11	4	571	1447	870	0.0	926
727918b8-f181-4259-a935-32d9a24800b5	NR_025174.1	95.842	457	6	9	1	452	449	1	0.0	726
727918b8-f181-4259-a935-32d9a24800b5	NR_028706.1	95.624	457	7	9	1	452	462	14	0.0	721
727918b8-f181-4259-a935-32d9a24800b5	NR_114911.1	95.624	457	7	9	1	452	464	16	0.0	721
727918b8-f181-4259-a935-32d9a24800b5	NR_179384.1	95.624	457	7	9	1	452	454	6	0.0	721
727918b8-f181-4259-a935-32d9a24800b5	NR_179337.1	95.806	453	6	9	1	448	445	1	0.0	719
6fc11a5c-cb19-4519-9dad-5e572410a50c	NR_164626.1	97.235	217	2	3	1	217	213	1	1.04e-100	364
6fc11a5c-cb19-4519-9dad-5e572410a50c	NR_024901.1	97.209	215	2	4	1	215	216	6	1.35e-99	361
6fc11a5c-cb19-4519-9dad-5e572410a50c	NR_024912.1	97.209	215	2	4	1	215	216	6	1.35e-99	361
6fc11a5c-cb19-4519-9dad-5e572410a50c	NR_024928.1	97.209	215	2	4	1	215	216	6	1.35e-99	361
6fc11a5c-cb19-4519-9dad-5e572410a50c	NR_025586.1	97.209	215	2	4	1	215	211	1	1.35e-99	361
0f3efef2-3450-4e86-999b-4f4edbd49e80	NR_024912.1	95.882	340	5	8	1	334	350	14	7.38e-154	542
0f3efef2-3450-4e86-999b-4f4edbd49e80	NR_025164.1	95.882	340	5	8	1	334	337	1	7.38e-154	542
0f3efef2-3450-4e86-999b-4f4edbd49e80	NR_028706.1	95.882	340	5	8	1	334	358	22	7.38e-154	542
0f3efef2-3450-4e86-999b-4f4edbd49e80	NR_037092.1	95.882	340	5	8	1	334	355	19	7.38e-154	542
0f3efef2-3450-4e86-999b-4f4edbd49e80	NR_042147.1	95.882	340	5	8	1	334	337	1	7.38e-154	542
ab902b73-9684-4dac-a8f5-ef16d03dd7bd	NR_137215.1	94.426	305	7	7	3	304	910	1207	1.87e-129	460
ab902b73-9684-4dac-a8f5-ef16d03dd7bd	NR_024927.1	94.098	305	8	7	3	304	916	1213	8.69e-128	455
ab902b73-9684-4dac-a8f5-ef16d03dd7bd	NR_025550.1	94.098	305	8	7	3	304	905	1202	8.69e-128	455
ab902b73-9684-4dac-a8f5-ef16d03dd7bd	NR_029050.1	94.098	305	8	7	3	304	871	1168	8.69e-128	455
ab902b73-9684-4dac-a8f5-ef16d03dd7bd	NR_029063.1	94.098	305	8	7	3	304	924	1221	8.69e-128	455
d700edf5-d0d3-4729-a70e-079f9f9c7990	NR_156986.1	90.618	842	31	39	6	816	827	3	0.0	1074
d700edf5-d0d3-4729-a70e-079f9f9c7990	NR_178976.1	91.909	791	27	30	6	775	818	44	0.0	1072
d700edf5-d0d3-4729-a70e-079f9f9c7990	NR_113600.1	91.783	791	28	30	6	775	819	45	0.0	1068
d700edf5-d0d3-4729-a70e-079f9f9c7990	NR_156987.1	90.499	842	32	39	6	816	827	3	0.0	1068
d700edf5-d0d3-4729-a70e-079f9f9c7990	NR_199514.1	90.499	842	32	39	6	816	839	15	0.0	1068
a05eca95-d1c5-4d8b-a4b4-6907eb3cb8d8	NR_169411.1	95.844	409	6	7	1	398	782	1190	0.0	651
a05eca95-d1c5-4d8b-a4b4-6907eb3cb8d8	NR_179168.1	95.844	409	6	7	1	398	785	1193	0.0	651
a05eca95-d1c5-4d8b-a4b4-6907eb3cb8d8	NR_180737.1	95.844	409	6	7	1	398	763	1171	0.0	651
a05eca95-d1c5-4d8b-a4b4-6907eb3cb8d8	NR_181265.1	95.844	409	6	7	1	398	789	1197	0.0	651
a05eca95-d1c5-4d8b-a4b4-6907eb3cb8d8	NR_181427.1	95.844	409	6	7	1	398	789	1197	0.0	651
0aa87cfc-9cc2-4309-8fae-9fd662e61b5a	NR_178976.1	96.195	1130	26	13	1	1122	1131	11	0.0	1832
0aa87cfc-9cc2-4309-8fae-9fd662e61b5a	NR_156986.1	95.656	1151	29	16	1	1142	1140	2	0.0	1829
0aa87cfc-9cc2-4309-8fae-9fd662e61b5a	NR_113600.1	96.018	1130	28	13	1	1122	1132	12	0.0	1823
0aa87cfc-9cc2-4309-8fae-9fd662e61b5a	NR_156987.1	95.569	1151	30	16	1	1142	1140	2	0.0	1823
0aa87cfc-9cc2-4309-8fae-9fd662e61b5a	NR_199514.1	95.569	1151	30	16	1	1142	1152	14	0.0	1823
c4cab450-8ac0-4bd4-b086-4578edbe1eb0	NR_028664.1	97.357	227	3	3	1	225	1271	1496	3.02e-106	383
c4cab450-8ac0-4bd4-b086-4578edbe1eb0	NR_028666.1	97.357	227	3	3	1	225	1274	1499	3.02e-106	383
c4cab450-8ac0-4bd4-b086-4578edbe1eb0	NR_028833.1	97.357	227	3	3	1	225	1277	1502	3.02e-106	383
c4cab450-8ac0-4bd4-b086-4578edbe1eb0	NR_029052.1	97.357	227	3	3	1	225	1238	1463	3.02e-106	383
c4cab450-8ac0-4bd4-b086-4578edbe1eb0	NR_036918.1	97.357	227	3	3	1	225	1267	1492	3.02e-106	383
e6f12f1a-300f-4b43-881e-3da933ca45b1	NR_025894.1	90.154	325	17	11	1	322	1177	1489	7.52e-114	409
e6f12f1a-300f-4b43-881e-3da933ca45b1	NR_134119.1	88.788	330	22	12	1	327	1117	1434	2.72e-108	390
e6f12f1a-300f-4b43-881e-3da933ca45b1	NR_113699.1	87.538	329	26	12	1	326	1145	1461	3.55e-102	370
e6f12f1a-300f-4b43-881e-3da933ca45b1	NR_040895.1	87.576	330	26	12	1	327	1168	1485	1.28e-101	368
e6f12f1a-300f-4b43-881e-3da933ca45b1	NR_148648.1	87.273	330	27	11	1	327	1152	1469	5.94e-100	363
e5176f88-4481-4fab-b55b-7f450876b8db	NR_114225.1	91.429	1400	77	34	1	1372	1385	1	0.0	1882
e5176f88-4481-4fab-b55b-7f450876b8db	NR_043422.1	91.071	1400	81	35	1	1372	1402	19	0.0	1855
e5176f88-4481-4fab-b55b-7f450876b8db	NR_181891.1	90.864	1401	83	35	1	1372	1408	24	0.0	1836
e5176f88-4481-4fab-b55b-7f450876b8db	NR_178854.1	90.792	1401	83	36	1	1372	1384	1	0.0	1831
e5176f88-4481-4fab-b55b-7f450876b8db	NR_179889.1	90.799	1402	82	37	1	1372	1412	28	0.0	1831
ed056176-eb6b-4b84-9eae-07dc9b191b6e	NR_024912.1	95.604	1456	37	24	1	1438	1452	6	0.0	2309
ed056176-eb6b-4b84-9eae-07dc9b191b6e	NR_024928.1	95.536	1456	38	24	1	1438	1452	6	0.0	2305
ed056176-eb6b-4b84-9eae-07dc9b191b6e	NR_199514.1	95.536	1456	38	24	1	1438	1459	13	0.0	2303
ed056176-eb6b-4b84-9eae-07dc9b191b6e	NR_113600.1	95.649	1448	36	24	1	1430	1439	1	0.0	2302
ed056176-eb6b-4b84-9eae-07dc9b191b6e	NR_042147.1	95.649	1448	36	24	1	1430	1439	1	0.0	2300
339abef6-5768-4dac-8840-094e4243212e	NR_024918.1	96.026	931	18	12	6	923	552	1476	0.0	1496
339abef6-5768-4dac-8840-094e4243212e	NR_029042.2	95.918	931	19	12	6	923	559	1483	0.0	1491
339abef6-5768-4dac-8840-094e4243212e	NR_117177.1	95.918	931	19	12	6	923	557	1481	0.0	1491
339abef6-5768-4dac-8840-094e4243212e	NR_180948.1	95.918	931	19	12	6	923	559	1483	0.0	1491
339abef6-5768-4dac-8840-094e4243212e	NR_199515.1	95.918	931	19	12	6	923	568	1492	0.0	1491
c6b67567-dcad-4328-8699-ea86ff1d3371	NR_025903.1	88.324	531	26	26	1	507	979	1497	1.40e-172	604
c6b67567-dcad-4328-8699-ea86ff1d3371	NR_133752.1	88.889	504	22	24	1	480	904	1397	3.92e-168	590
c6b67567-dcad-4328-8699-ea86ff1d3371	NR_133753.1	88.889	504	22	24	1	480	933	1426	3.92e-168	590
c6b67567-dcad-4328-8699-ea86ff1d3371	NR_025904.1	87.759	531	29	26	1	507	978	1496	1.41e-167	588
c6b67567-dcad-4328-8699-ea86ff1d3371	NR_026419.1	87.194	531	33	26	1	507	967	1486	1.42e-162	571
f55e5708-5409-4cb9-bc35-6772358398f0	NR_178976.1	93.918	1118	33	30	1	1093	1111	4	0.0	1655
f55e5708-5409-4cb9-bc35-6772358398f0	NR_156986.1	93.828	1118	34	30	1	1093	1120	13	0.0	1650
f55e5708-5409-4cb9-bc35-6772358398f0	NR_113600.1	93.739	1118	35	30	1	1093	1112	5	0.0	1646
f55e5708-5409-4cb9-bc35-6772358398f0	NR_024928.1	93.739	1118	35	30	1	1093	1125	18	0.0	1644
f55e5708-5409-4cb9-bc35-6772358398f0	NR_156987.1	93.739	1118	35	30	1	1093	1120	13	0.0	1644
29eefa81-23cf-45a6-8be8-22f2cb2b9c8b	NR_179540.1	97.868	1032	17	5	1	1031	1040	13	0.0	1779
29eefa81-23cf-45a6-8be8-22f2cb2b9c8b	NR_118234.1	96.914	1037	23	8	1	1033	1039	8	0.0	1729
29eefa81-23cf-45a6-8be8-22f2cb2b9c8b	NR_028664.1	96.805	1033	26	7	1	1031	1043	16	0.0	1718
29eefa81-23cf-45a6-8be8-22f2cb2b9c8b	NR_117719.1	96.805	1033	26	7	1	1031	1040	13	0.0	1718
29eefa81-23cf-45a6-8be8-22f2cb2b9c8b	NR_179383.1	96.805	1033	26	7	1	1031	1047	20	0.0	1718
82158cea-5b25-4453-9a70-c4757b5a9c70	NR_024912.1	98.361	305	0	3	2	305	308	8	1.42e-150	531
82158cea-5b25-4453-9a70-c4757b5a9c70	NR_028706.1	98.361	305	0	3	2	305	316	16	1.42e-150	531
82158cea-5b25-4453-9a70-c4757b5a9c70	NR_037092.1	98.361	305	0	3	2	305	313	13	1.42e-150	531
82158cea-5b25-4453-9a70-c4757b5a9c70	NR_042939.1	98.361	305	0	3	2	305	314	14	1.42e-150	531
82158cea-5b25-4453-9a70-c4757b5a9c70	NR_114473.1	98.361	305	0	3	2	305	303	3	1.42e-150	531
f41edd7f-74f9-4114-b592-3cc17cafc8da	NR_042928.1	96.064	1321	23	25	1	1305	161	1468	0.0	2124
f41edd7f-74f9-4114-b592-3cc17cafc8da	NR_117719.1	95.858	1328	27	24	1	1312	181	1496	0.0	2122
f41edd7f-74f9-4114-b592-3cc17cafc8da	NR_175455.1	95.777	1326	27	25	4	1312	172	1485	0.0	2111
f41edd7f-74f9-4114-b592-3cc17cafc8da	NR_179540.1	96.174	1307	23	23	21	1312	201	1495	0.0	2111
f41edd7f-74f9-4114-b592-3cc17cafc8da	NR_042927.1	96.154	1300	24	22	21	1305	183	1471	0.0	2100
e381d0f9-2a22-4d69-8ccc-c1c29e2c90de	NR_036936.1	96.831	284	4	3	4	282	345	628	3.04e-132	470
e381d0f9-2a22-4d69-8ccc-c1c29e2c90de	NR_109720.1	96.831	284	4	3	4	282	339	622	3.04e-132	470
e381d0f9-2a22-4d69-8ccc-c1c29e2c90de	NR_179385.1	96.831	284	4	3	4	282	367	650	3.04e-132	470
e381d0f9-2a22-4d69-8ccc-c1c29e2c90de	NR_028664.1	96.479	284	5	3	4	282	366	649	1.41e-130	464
e381d0f9-2a22-4d69-8ccc-c1c29e2c90de	NR_028666.1	96.479	284	5	3	4	282	369	652	1.41e-130	464
3d294026-dd72-45d7-9087-92943c6d0850	NR_117694.1	97.135	1117	20	10	15	1121	1115	1	0.0	1875
3d294026-dd72-45d7-9087-92943c6d0850	NR_025892.1	95.733	1125	35	11	15	1129	1140	19	0.0	1825
3d294026-dd72-45d7-9087-92943c6d0850	NR_121687.1	96.092	1126	30	12	15	1129	1135	13	0.0	1823
3d294026-dd72-45d7-9087-92943c6d0850	NR_117692.1	95.434	1117	39	11	15	1121	1115	1	0.0	1770
3d294026-dd72-45d7-9087-92943c6d0850	NR_041989.1	96.375	1076	25	12	15	1079	1073	1	0.0	1759
b934311a-7e9c-4d2b-9cb2-d9238bec3d38	NR_024928.1	94.830	1470	48	23	1	1455	25	1481	0.0	2270
b934311a-7e9c-4d2b-9cb2-d9238bec3d38	NR_113600.1	94.945	1464	46	24	1	1449	12	1462	0.0	2270
b934311a-7e9c-4d2b-9cb2-d9238bec3d38	NR_199513.1	94.826	1469	50	21	1	1455	39	1495	0.0	2268
b934311a-7e9c-4d2b-9cb2-d9238bec3d38	NR_114225.1	94.877	1464	47	23	1	1449	12	1462	0.0	2265
b934311a-7e9c-4d2b-9cb2-d9238bec3d38	NR_024901.1	94.762	1470	49	23	1	1455	25	1481	0.0	2263
598a5ec9-b69d-4cf1-926d-ac07cac923d3	NR_179385.1	96.565	262	7	2	1	262	281	22	3.57e-121	433
598a5ec9-b69d-4cf1-926d-ac07cac923d3	NR_199545.1	96.565	262	7	2	1	262	277	18	3.57e-121	433
598a5ec9-b69d-4cf1-926d-ac07cac923d3	NR_165741.1	96.183	262	8	2	1	262	266	7	1.66e-119	427
598a5ec9-b69d-4cf1-926d-ac07cac923d3	NR_028664.1	95.420	262	10	2	1	262	280	21	3.59e-116	416
598a5ec9-b69d-4cf1-926d-ac07cac923d3	NR_179383.1	95.420	262	10	2	1	262	284	25	3.59e-116	416
19a7c82f-1d5d-4d56-95ad-e4dc6b88f2ee	NR_136788.1	93.893	524	17	12	3	514	953	1473	0.0	776
19a7c82f-1d5d-4d56-95ad-e4dc6b88f2ee	NR_026230.1	90.267	524	36	12	3	514	931	1451	0.0	675
19a7c82f-1d5d-4d56-95ad-e4dc6b88f2ee	NR_113082.1	90.457	503	31	14	3	492	953	1451	0.0	647
19a7c82f-1d5d-4d56-95ad-e4dc6b88f2ee	NR_136443.1	86.948	521	48	18	3	509	915	1429	1.89e-161	568
19a7c82f-1d5d-4d56-95ad-e4dc6b88f2ee	NR_152035.1	86.338	527	51	19	3	514	956	1476	1.47e-157	555
a9b2441d-9d00-4b5f-aa22-bbefa4db0b2e	NR_040859.1	89.837	246	10	9	35	267	1226	1469	1.06e-81	302
a9b2441d-9d00-4b5f-aa22-bbefa4db0b2e	NR_040992.1	89.837	246	10	9	35	267	1234	1477	1.06e-81	302
a9b2441d-9d00-4b5f-aa22-bbefa4db0b2e	NR_025881.1	89.837	246	10	9	35	267	1232	1475	1.06e-81	302
a9b2441d-9d00-4b5f-aa22-bbefa4db0b2e	NR_024662.1	89.837	246	10	9	35	267	1234	1477	1.06e-81	302
a9b2441d-9d00-4b5f-aa22-bbefa4db0b2e	NR_024909.1	89.837	246	10	9	35	267	1227	1470	1.06e-81	302
da8f2839-adc9-4ea8-82b6-e8e081cb52a8	NR_117694.1	94.045	806	24	19	1	788	800	1	0.0	1201
da8f2839-adc9-4ea8-82b6-e8e081cb52a8	NR_121687.1	92.883	815	32	21	1	796	820	13	0.0	1160
da8f2839-adc9-4ea8-82b6-e8e081cb52a8	NR_025892.1	92.383	814	37	20	1	796	825	19	0.0	1155
da8f2839-adc9-4ea8-82b6-e8e081cb52a8	NR_041989.1	94.228	745	27	15	1	736	758	21	0.0	1123
da8f2839-adc9-4ea8-82b6-e8e081cb52a8	NR_117692.1	91.965	809	35	23	1	788	800	1	0.0	1107
1af52c71-13aa-4f2b-a856-3504aa29400c	NR_024912.1	92.361	432	19	10	1	423	453	27	4.38e-172	603
1af52c71-13aa-4f2b-a856-3504aa29400c	NR_042147.1	92.361	432	19	10	1	423	440	14	4.38e-172	603
1af52c71-13aa-4f2b-a856-3504aa29400c	NR_156986.1	92.361	432	19	10	1	423	448	22	4.38e-172	603
1af52c71-13aa-4f2b-a856-3504aa29400c	NR_178976.1	92.361	432	19	10	1	423	439	13	4.38e-172	603
1af52c71-13aa-4f2b-a856-3504aa29400c	NR_113600.1	92.130	432	20	10	1	423	440	14	5.67e-171	599
f29fd914-c2ee-4a78-ace4-70c62360a4a2	NR_115608.1	91.677	829	62	7	26	850	617	1442	0.0	1144
f29fd914-c2ee-4a78-ace4-70c62360a4a2	NR_036998.1	91.677	829	61	8	26	850	638	1462	0.0	1142
f29fd914-c2ee-4a78-ace4-70c62360a4a2	NR_114793.1	91.677	829	61	8	26	850	531	1355	0.0	1142
f29fd914-c2ee-4a78-ace4-70c62360a4a2	NR_108461.1	91.315	829	65	7	26	850	645	1470	0.0	1125
f29fd914-c2ee-4a78-ace4-70c62360a4a2	NR_116899.1	91.315	829	65	7	26	850	625	1450	0.0	1125
90b48413-4aa4-44c4-957d-e1fb0156ecbb	NR_043314.1	97.490	478	7	4	1	478	1006	1478	0.0	811
90b48413-4aa4-44c4-957d-e1fb0156ecbb	NR_114749.1	97.490	478	7	4	1	478	1008	1480	0.0	811
90b48413-4aa4-44c4-957d-e1fb0156ecbb	NR_116899.1	97.490	478	7	4	1	478	975	1447	0.0	811
90b48413-4aa4-44c4-957d-e1fb0156ecbb	NR_178854.1	97.490	478	7	4	1	478	987	1459	0.0	811
90b48413-4aa4-44c4-957d-e1fb0156ecbb	NR_179889.1	97.490	478	7	4	1	478	1015	1487	0.0	811
dc900e9f-e36a-48da-b1d4-98bf9807f3c6	NR_175455.1	96.958	263	8	0	1	263	265	3	5.93e-124	442
dc900e9f-e36a-48da-b1d4-98bf9807f3c6	NR_117719.1	96.604	265	9	0	1	265	277	13	2.13e-123	440
dc900e9f-e36a-48da-b1d4-98bf9807f3c6	NR_199545.1	96.226	265	10	0	1	265	277	13	9.92e-122	435
dc900e9f-e36a-48da-b1d4-98bf9807f3c6	NR_179385.1	95.849	265	11	0	1	265	281	17	4.61e-120	429
dc900e9f-e36a-48da-b1d4-98bf9807f3c6	NR_165741.1	95.472	265	12	0	1	265	266	2	2.15e-118	424
bdb6b825-df0c-41da-9b53-e8627e1ee7ef	NR_181730.1	95.238	798	22	14	1	788	678	1469	0.0	1249
bdb6b825-df0c-41da-9b53-e8627e1ee7ef	NR_041799.1	95.113	798	23	14	1	788	672	1463	0.0	1243
bdb6b825-df0c-41da-9b53-e8627e1ee7ef	NR_116899.1	95.113	798	23	14	1	788	659	1450	0.0	1243
bdb6b825-df0c-41da-9b53-e8627e1ee7ef	NR_117823.1	95.113	798	23	14	1	788	644	1435	0.0	1243
bdb6b825-df0c-41da-9b53-e8627e1ee7ef	NR_179889.1	95.113	798	23	14	1	788	699	1490	0.0	1243
55f4da32-7cee-4d6f-953c-e1a0b6809754	NR_043314.1	95.455	352	8	7	14	362	1139	1485	1.00e-157	555
55f4da32-7cee-4d6f-953c-e1a0b6809754	NR_114749.1	95.455	352	8	7	14	362	1141	1487	1.00e-157	555
55f4da32-7cee-4d6f-953c-e1a0b6809754	NR_116899.1	95.455	352	8	7	14	362	1108	1454	1.00e-157	555
55f4da32-7cee-4d6f-953c-e1a0b6809754	NR_178854.1	95.455	352	8	7	14	362	1120	1466	1.00e-157	555
55f4da32-7cee-4d6f-953c-e1a0b6809754	NR_179889.1	95.455	352	8	7	14	362	1148	1494	1.00e-157	555
b7383669-663e-49fc-b201-f44d4acc287b	NR_036998.1	93.978	465	12	10	1	453	1006	1466	0.0	689
b7383669-663e-49fc-b201-f44d4acc287b	NR_043314.1	93.991	466	11	12	1	453	1024	1485	0.0	689
b7383669-663e-49fc-b201-f44d4acc287b	NR_114749.1	93.991	466	11	12	1	453	1026	1487	0.0	689
b7383669-663e-49fc-b201-f44d4acc287b	NR_116899.1	93.991	466	11	12	1	453	993	1454	0.0	689
b7383669-663e-49fc-b201-f44d4acc287b	NR_178854.1	93.991	466	11	12	1	453	1005	1466	0.0	689
8acf0449-a170-4e9b-b383-d256d2c316f7	NR_179482.1	95.902	122	3	2	13	133	344	464	2.38e-50	196
8acf0449-a170-4e9b-b383-d256d2c316f7	NR_179871.1	98.198	111	2	0	13	123	461	571	8.57e-50	195
8acf0449-a170-4e9b-b383-d256d2c316f7	NR_152710.1	93.846	130	5	3	5	133	415	542	3.08e-49	193
8acf0449-a170-4e9b-b383-d256d2c316f7	NR_178447.1	93.846	130	5	3	5	133	368	495	3.08e-49	193
8acf0449-a170-4e9b-b383-d256d2c316f7	NR_178854.1	93.846	130	5	3	5	133	434	561	3.08e-49	193
186586c2-34a3-4698-8e17-b7707a146dd5	NR_164626.1	95.205	438	10	10	5	436	433	1	0.0	682
186586c2-34a3-4698-8e17-b7707a146dd5	NR_024912.1	95.195	437	10	10	4	434	437	6	0.0	680
186586c2-34a3-4698-8e17-b7707a146dd5	NR_037092.1	95.183	436	11	9	4	434	441	11	0.0	680
186586c2-34a3-4698-8e17-b7707a146dd5	NR_156986.1	95.195	437	10	10	4	434	432	1	0.0	680
186586c2-34a3-4698-8e17-b7707a146dd5	NR_042939.1	95.183	436	10	10	5	434	442	12	0.0	678
e3665a42-283e-4fcb-8028-21f02f69fc9e	NR_104947.1	93.578	109	5	2	1	107	688	580	6.65e-40	161
e3665a42-283e-4fcb-8028-21f02f69fc9e	NR_117717.1	93.578	109	5	2	1	107	736	628	6.65e-40	161
e3665a42-283e-4fcb-8028-21f02f69fc9e	NR_121687.1	93.578	109	5	2	1	107	735	627	6.65e-40	161
e3665a42-283e-4fcb-8028-21f02f69fc9e	NR_121688.1	93.578	109	5	2	1	107	735	627	6.65e-40	161
e3665a42-283e-4fcb-8028-21f02f69fc9e	NR_041989.1	93.578	109	5	2	1	107	673	565	6.65e-40	161
a90182be-86b6-4f64-b44d-5a9467cb83b1	NR_116899.1	97.610	795	10	7	1	790	660	1450	0.0	1354
a90182be-86b6-4f64-b44d-5a9467cb83b1	NR_179889.1	97.610	795	10	7	1	790	700	1490	0.0	1354
a90182be-86b6-4f64-b44d-5a9467cb83b1	NR_043314.1	97.487	796	10	8	1	790	690	1481	0.0	1351
a90182be-86b6-4f64-b44d-5a9467cb83b1	NR_042541.1	97.484	795	11	7	1	790	673	1463	0.0	1349
a90182be-86b6-4f64-b44d-5a9467cb83b1	NR_043935.1	97.484	795	11	7	1	790	694	1484	0.0	1349
8279122b-2ecf-4cc0-99f3-10bcd01a7dc0	NR_117719.1	95.723	865	25	11	1	859	871	13	0.0	1382
8279122b-2ecf-4cc0-99f3-10bcd01a7dc0	NR_175455.1	95.481	863	27	11	1	857	859	3	0.0	1367
8279122b-2ecf-4cc0-99f3-10bcd01a7dc0	NR_165747.1	95.423	852	28	10	1	847	851	6	0.0	1347
8279122b-2ecf-4cc0-99f3-10bcd01a7dc0	NR_179540.1	94.919	866	30	13	1	859	871	13	0.0	1343
8279122b-2ecf-4cc0-99f3-10bcd01a7dc0	NR_042928.1	95.193	853	28	11	1	847	851	6	0.0	1336
6bdd437a-9d7d-41ad-8e93-55964c55373d	NR_043314.1	92.929	495	17	14	1	482	982	1471	0.0	704
6bdd437a-9d7d-41ad-8e93-55964c55373d	NR_042939.1	92.915	494	19	14	1	482	984	1473	0.0	704
6bdd437a-9d7d-41ad-8e93-55964c55373d	NR_116899.1	92.929	495	17	14	1	482	951	1440	0.0	704
6bdd437a-9d7d-41ad-8e93-55964c55373d	NR_178854.1	92.929	495	17	14	1	482	963	1452	0.0	704
6bdd437a-9d7d-41ad-8e93-55964c55373d	NR_179889.1	92.929	495	17	14	1	482	991	1480	0.0	704
764633e5-43bb-4e65-b612-555ceb75a9ba	NR_025174.1	95.272	973	19	18	1	954	965	1	0.0	1517
764633e5-43bb-4e65-b612-555ceb75a9ba	NR_179337.1	95.253	969	19	18	1	950	961	1	0.0	1509
764633e5-43bb-4e65-b612-555ceb75a9ba	NR_025586.1	95.067	973	21	18	1	954	965	1	0.0	1506
764633e5-43bb-4e65-b612-555ceb75a9ba	NR_028986.1	95.233	965	19	18	1	946	957	1	0.0	1502
764633e5-43bb-4e65-b612-555ceb75a9ba	NR_028987.1	95.233	965	19	18	1	946	957	1	0.0	1502
27839058-c3fd-4082-b7ac-7e325926eabc	NR_024842.1	91.065	582	29	21	1	568	700	1272	0.0	765
27839058-c3fd-4082-b7ac-7e325926eabc	NR_115735.1	91.065	582	29	21	1	568	676	1248	0.0	765
27839058-c3fd-4082-b7ac-7e325926eabc	NR_116211.1	91.065	582	29	21	1	568	608	1180	0.0	765
27839058-c3fd-4082-b7ac-7e325926eabc	NR_178515.1	91.065	582	29	21	1	568	685	1257	0.0	765
27839058-c3fd-4082-b7ac-7e325926eabc	NR_115241.1	90.893	582	30	21	1	568	685	1257	0.0	761
4f1a4712-91e1-48a4-b589-8cc4782ea382	NR_117717.1	92.257	607	26	19	17	609	621	22	0.0	841
4f1a4712-91e1-48a4-b589-8cc4782ea382	NR_117701.1	92.257	607	26	19	17	609	600	1	0.0	841
4f1a4712-91e1-48a4-b589-8cc4782ea382	NR_121688.1	91.928	607	28	19	17	609	620	21	0.0	830
4f1a4712-91e1-48a4-b589-8cc4782ea382	NR_117696.1	92.088	594	26	19	17	596	587	1	0.0	817
4f1a4712-91e1-48a4-b589-8cc4782ea382	NR_104947.1	92.228	579	24	19	17	581	573	2	0.0	800
866c223e-a43c-4615-8103-58ea24ccf2e7	NR_117717.1	96.962	395	10	2	7	400	1099	1492	0.0	662
866c223e-a43c-4615-8103-58ea24ccf2e7	NR_121688.1	96.962	395	10	2	7	400	1099	1492	0.0	662
866c223e-a43c-4615-8103-58ea24ccf2e7	NR_117696.1	96.962	395	10	2	7	400	1066	1459	0.0	662
866c223e-a43c-4615-8103-58ea24ccf2e7	NR_117701.1	96.962	395	10	2	7	400	1079	1472	0.0	662
866c223e-a43c-4615-8103-58ea24ccf2e7	NR_025902.1	96.709	395	11	2	7	400	1057	1450	0.0	656
45c285be-15e0-4774-bd9f-f931bd5f7228	NR_024918.1	96.168	548	10	6	4	542	931	1476	0.0	885
45c285be-15e0-4774-bd9f-f931bd5f7228	NR_043314.1	96.168	548	10	6	4	542	936	1481	0.0	885
45c285be-15e0-4774-bd9f-f931bd5f7228	NR_042147.1	96.168	548	10	6	4	542	918	1463	0.0	885
45c285be-15e0-4774-bd9f-f931bd5f7228	NR_116899.1	96.168	548	10	6	4	542	905	1450	0.0	885
45c285be-15e0-4774-bd9f-f931bd5f7228	NR_164626.1	96.168	548	10	6	4	542	928	1473	0.0	885
48e24692-a468-46f7-8640-6b97182c2c2c	NR_179540.1	97.385	650	9	7	3	649	848	1492	0.0	1099
48e24692-a468-46f7-8640-6b97182c2c2c	NR_117719.1	97.231	650	11	6	3	649	848	1493	0.0	1094
48e24692-a468-46f7-8640-6b97182c2c2c	NR_175455.1	97.077	650	13	5	3	649	836	1482	0.0	1090
48e24692-a468-46f7-8640-6b97182c2c2c	NR_028664.1	97.077	650	12	6	3	649	851	1496	0.0	1088
48e24692-a468-46f7-8640-6b97182c2c2c	NR_179383.1	97.077	650	12	6	3	649	855	1500	0.0	1088
1d626ca1-792d-4db5-97d3-d399ec11e266	NR_024901.1	96.429	728	14	10	1	723	728	8	0.0	1190
1d626ca1-792d-4db5-97d3-d399ec11e266	NR_024928.1	96.429	728	14	10	1	723	728	8	0.0	1190
1d626ca1-792d-4db5-97d3-d399ec11e266	NR_156986.1	96.552	725	13	10	4	723	720	3	0.0	1190
1d626ca1-792d-4db5-97d3-d399ec11e266	NR_113583.1	96.537	722	13	10	1	717	715	1	0.0	1184
1d626ca1-792d-4db5-97d3-d399ec11e266	NR_114225.1	96.537	722	13	10	1	717	715	1	0.0	1184
94a6d7bf-852f-4483-8d23-dde4f31cdcfc	NR_028664.1	86.625	643	35	38	3	605	647	16	0.0	664
94a6d7bf-852f-4483-8d23-dde4f31cdcfc	NR_117719.1	86.449	642	38	36	3	605	644	13	0.0	658
94a6d7bf-852f-4483-8d23-dde4f31cdcfc	NR_115240.1	86.614	635	35	37	3	598	624	1	0.0	656
94a6d7bf-852f-4483-8d23-dde4f31cdcfc	NR_118234.1	86.335	644	37	39	3	605	643	10	0.0	654
94a6d7bf-852f-4483-8d23-dde4f31cdcfc	NR_115732.1	86.385	639	35	39	3	602	626	1	0.0	651
10f5a84f-7f72-41a9-b893-cd0754b142a0	NR_074568.1	94.675	338	12	6	19	352	348	13	3.57e-147	520
10f5a84f-7f72-41a9-b893-cd0754b142a0	NR_044712.2	93.787	338	15	6	19	352	357	22	7.72e-144	508
10f5a84f-7f72-41a9-b893-cd0754b142a0	NR_044873.1	92.308	338	20	6	19	352	337	2	7.83e-134	475
10f5a84f-7f72-41a9-b893-cd0754b142a0	NR_024785.1	92.208	308	17	7	19	322	305	1	6.19e-120	429
10f5a84f-7f72-41a9-b893-cd0754b142a0	NR_179993.1	89.118	340	30	7	19	353	349	12	4.82e-116	416
8cf5ae4d-97f5-4bb0-be14-4445a1b2bf56	NR_044091.1	93.870	783	22	15	1	762	567	1344	0.0	1157
8cf5ae4d-97f5-4bb0-be14-4445a1b2bf56	NR_113570.1	92.052	843	28	23	1	818	660	1488	0.0	1149
8cf5ae4d-97f5-4bb0-be14-4445a1b2bf56	NR_043332.1	91.924	842	30	22	1	818	653	1480	0.0	1147
8cf5ae4d-97f5-4bb0-be14-4445a1b2bf56	NR_074980.1	91.924	842	30	22	1	818	680	1507	0.0	1144
8cf5ae4d-97f5-4bb0-be14-4445a1b2bf56	NR_113031.1	91.924	842	30	22	1	818	680	1507	0.0	1144
4af229b1-b93b-4331-afa1-46ce9fbc74b8	NR_179889.1	96.970	1188	18	10	1	1174	310	1493	0.0	1978
4af229b1-b93b-4331-afa1-46ce9fbc74b8	NR_041953.1	96.886	1188	19	10	1	1174	283	1466	0.0	1973
4af229b1-b93b-4331-afa1-46ce9fbc74b8	NR_042541.1	96.886	1188	19	10	1	1174	283	1466	0.0	1973
4af229b1-b93b-4331-afa1-46ce9fbc74b8	NR_178854.1	96.886	1188	18	11	1	1174	283	1465	0.0	1971
4af229b1-b93b-4331-afa1-46ce9fbc74b8	NR_178447.1	96.801	1188	20	10	1	1174	217	1400	0.0	1967
f9d0934b-c0ea-4c57-b1a1-563be39c80c6	NR_036918.1	92.638	489	24	8	1	478	1413	926	0.0	693
f9d0934b-c0ea-4c57-b1a1-563be39c80c6	NR_104972.1	92.623	488	26	7	1	478	1396	909	0.0	693
f9d0934b-c0ea-4c57-b1a1-563be39c80c6	NR_115737.1	92.638	489	24	8	1	478	1399	912	0.0	693
f9d0934b-c0ea-4c57-b1a1-563be39c80c6	NR_158064.1	92.623	488	26	7	1	478	1418	931	0.0	693
f9d0934b-c0ea-4c57-b1a1-563be39c80c6	NR_178262.1	92.638	489	24	8	1	478	1290	803	0.0	693
bd538c0a-51a1-4de4-9e68-e3270366b9f9	NR_041953.1	95.991	923	21	14	1	915	1133	219	0.0	1485
bd538c0a-51a1-4de4-9e68-e3270366b9f9	NR_041953.1	84.136	914	77	42	893	1759	219	1111	0.0	822
bd538c0a-51a1-4de4-9e68-e3270366b9f9	NR_178447.1	95.991	923	21	14	1	915	1067	153	0.0	1485
bd538c0a-51a1-4de4-9e68-e3270366b9f9	NR_178447.1	84.136	914	77	42	893	1759	153	1045	0.0	822
bd538c0a-51a1-4de4-9e68-e3270366b9f9	NR_179889.1	95.991	923	21	14	1	915	1160	246	0.0	1485
bd538c0a-51a1-4de4-9e68-e3270366b9f9	NR_179889.1	84.026	914	78	42	893	1759	246	1138	0.0	817
bd538c0a-51a1-4de4-9e68-e3270366b9f9	NR_181014.1	95.991	923	21	14	1	915	1133	219	0.0	1485
bd538c0a-51a1-4de4-9e68-e3270366b9f9	NR_181014.1	83.917	914	79	42	893	1759	219	1111	0.0	811
bd538c0a-51a1-4de4-9e68-e3270366b9f9	NR_025228.1	95.883	923	22	14	1	915	1129	215	0.0	1480
bd538c0a-51a1-4de4-9e68-e3270366b9f9	NR_025228.1	83.698	914	81	42	893	1759	215	1107	0.0	800
da266474-b029-4d40-9cae-f93b888a49e4	NR_117694.1	94.086	372	12	8	1	363	371	1	2.88e-158	556
da266474-b029-4d40-9cae-f93b888a49e4	NR_041989.1	93.636	330	11	8	1	321	329	1	1.38e-136	484
da266474-b029-4d40-9cae-f93b888a49e4	NR_114101.1	87.936	373	34	8	1	363	372	1	2.34e-124	444
da266474-b029-4d40-9cae-f93b888a49e4	NR_041821.1	87.936	373	34	8	1	363	372	1	3.02e-123	440
da266474-b029-4d40-9cae-f93b888a49e4	NR_026477.1	86.352	381	36	13	1	371	375	1	1.43e-111	401
7acf1876-bc6e-40db-87e9-0cd84346438d	NR_043314.1	94.074	540	19	12	1	530	1400	864	0.0	808
7acf1876-bc6e-40db-87e9-0cd84346438d	NR_114795.1	94.063	539	20	11	1	530	1274	739	0.0	808
7acf1876-bc6e-40db-87e9-0cd84346438d	NR_116905.1	94.074	540	19	12	1	530	1403	867	0.0	808
7acf1876-bc6e-40db-87e9-0cd84346438d	NR_116899.1	94.074	540	19	12	1	530	1369	833	0.0	808
7acf1876-bc6e-40db-87e9-0cd84346438d	NR_118125.1	94.074	540	19	12	1	530	1389	853	0.0	808
96777170-a2b5-428d-94c8-789f7ec9a572	NR_024909.1	85.387	349	21	24	4	333	352	15	1.34e-91	335
96777170-a2b5-428d-94c8-789f7ec9a572	NR_028826.1	84.104	346	27	22	4	332	341	7	8.10e-84	309
96777170-a2b5-428d-94c8-789f7ec9a572	NR_040992.1	83.714	350	25	26	4	333	359	22	1.36e-81	302
96777170-a2b5-428d-94c8-789f7ec9a572	NR_026395.1	83.476	351	24	27	4	333	359	22	6.31e-80	296
96777170-a2b5-428d-94c8-789f7ec9a572	NR_024734.1	83.429	350	26	26	4	333	339	2	6.31e-80	296
8924d8ea-5661-45dd-bc77-d9a87bc796a6	NR_041799.1	91.048	849	47	22	1	826	591	1433	0.0	1120
8924d8ea-5661-45dd-bc77-d9a87bc796a6	NR_114227.1	91.048	849	47	22	1	826	591	1433	0.0	1120
8924d8ea-5661-45dd-bc77-d9a87bc796a6	NR_114481.1	91.048	849	47	22	1	826	600	1442	0.0	1120
8924d8ea-5661-45dd-bc77-d9a87bc796a6	NR_117823.1	91.048	849	47	22	1	826	563	1405	0.0	1120
8924d8ea-5661-45dd-bc77-d9a87bc796a6	NR_043314.1	90.931	849	49	21	1	826	608	1451	0.0	1116
d3bc61a8-3e49-422f-991c-2bd6a57f563b	NR_043332.1	95.299	234	6	4	25	254	1251	1483	3.51e-101	366
d3bc61a8-3e49-422f-991c-2bd6a57f563b	NR_074980.1	95.299	234	6	4	25	254	1278	1510	3.51e-101	366
d3bc61a8-3e49-422f-991c-2bd6a57f563b	NR_113031.1	95.299	234	6	4	25	254	1278	1510	3.51e-101	366
d3bc61a8-3e49-422f-991c-2bd6a57f563b	NR_119168.1	95.299	234	6	4	25	254	1256	1488	3.51e-101	366
d3bc61a8-3e49-422f-991c-2bd6a57f563b	NR_113570.1	94.894	235	6	5	25	254	1258	1491	4.53e-100	363
854ecaeb-27bf-486d-8712-1a8ae9f1110b	NR_041989.1	94.141	495	13	11	1	482	975	484	0.0	739
854ecaeb-27bf-486d-8712-1a8ae9f1110b	NR_117694.1	93.939	495	14	11	1	482	1017	526	0.0	734
854ecaeb-27bf-486d-8712-1a8ae9f1110b	NR_121687.1	93.737	495	15	11	1	482	1037	546	0.0	728
854ecaeb-27bf-486d-8712-1a8ae9f1110b	NR_028900.1	93.333	495	17	11	1	482	975	484	0.0	717
854ecaeb-27bf-486d-8712-1a8ae9f1110b	NR_025892.1	92.915	494	20	11	1	482	1042	552	0.0	712
07c65424-96b4-46e7-a795-02fa552a78b9	NR_156986.1	97.781	676	5	9	1	672	670	1	0.0	1157
07c65424-96b4-46e7-a795-02fa552a78b9	NR_024901.1	97.633	676	6	9	1	672	675	6	0.0	1151
07c65424-96b4-46e7-a795-02fa552a78b9	NR_024912.1	97.633	676	6	9	1	672	675	6	0.0	1151
07c65424-96b4-46e7-a795-02fa552a78b9	NR_024928.1	97.633	676	6	9	1	672	675	6	0.0	1151
07c65424-96b4-46e7-a795-02fa552a78b9	NR_156987.1	97.633	676	6	9	1	672	670	1	0.0	1151
128f3966-b41d-42f1-b19c-c294c5c04cd5	NR_024842.1	92.157	153	5	5	1	151	450	303	3.46e-54	209
128f3966-b41d-42f1-b19c-c294c5c04cd5	NR_036936.1	92.157	153	5	5	1	151	435	288	3.46e-54	209
128f3966-b41d-42f1-b19c-c294c5c04cd5	NR_028664.1	92.157	153	5	5	1	151	456	309	3.46e-54	209
128f3966-b41d-42f1-b19c-c294c5c04cd5	NR_029052.1	92.157	153	5	5	1	151	423	276	3.46e-54	209
128f3966-b41d-42f1-b19c-c294c5c04cd5	NR_042771.1	92.157	153	5	5	1	151	453	306	3.46e-54	209
8f47ab1d-e6d0-47d1-b197-84c38951c6f5	NR_116168.1	94.241	382	14	8	1	377	392	14	2.25e-164	577
8f47ab1d-e6d0-47d1-b197-84c38951c6f5	NR_042878.1	93.316	374	17	8	1	369	371	1	1.05e-157	555
8f47ab1d-e6d0-47d1-b197-84c38951c6f5	NR_118762.1	90.885	384	27	8	1	379	395	15	2.29e-149	527
8f47ab1d-e6d0-47d1-b197-84c38951c6f5	NR_118749.1	90.933	386	25	10	1	379	399	17	1.79e-145	514
8f47ab1d-e6d0-47d1-b197-84c38951c6f5	NR_025423.1	91.293	379	23	10	1	372	376	1	8.31e-144	508
44898f70-6ccf-4205-83ed-e17b8fc4e22e	NR_156986.1	95.896	1194	33	13	1	1184	1196	9	0.0	1919
44898f70-6ccf-4205-83ed-e17b8fc4e22e	NR_113600.1	95.812	1194	34	13	1	1184	1188	1	0.0	1916
44898f70-6ccf-4205-83ed-e17b8fc4e22e	NR_156987.1	95.812	1194	34	13	1	1184	1196	9	0.0	1914
44898f70-6ccf-4205-83ed-e17b8fc4e22e	NR_178976.1	95.809	1193	34	13	1	1183	1187	1	0.0	1912
44898f70-6ccf-4205-83ed-e17b8fc4e22e	NR_042147.1	95.729	1194	35	13	1	1184	1188	1	0.0	1908
872da986-eb2e-4254-97d4-1ba109df5b4c	NR_024911.1	97.273	330	6	2	9	338	1150	1476	2.62e-158	556
872da986-eb2e-4254-97d4-1ba109df5b4c	NR_025174.1	97.273	330	6	2	9	338	1143	1469	2.62e-158	556
872da986-eb2e-4254-97d4-1ba109df5b4c	NR_043314.1	97.273	330	6	2	9	338	1155	1481	2.62e-158	556
872da986-eb2e-4254-97d4-1ba109df5b4c	NR_041953.1	97.273	330	6	2	9	338	1137	1463	2.62e-158	556
872da986-eb2e-4254-97d4-1ba109df5b4c	NR_114749.1	97.273	330	6	2	9	338	1157	1483	2.62e-158	556
723ccd47-6777-4298-9e22-bb42b3649994	NR_116168.1	95.902	244	7	2	1	243	1250	1491	5.41e-109	392
723ccd47-6777-4298-9e22-bb42b3649994	NR_118762.1	96.154	234	6	2	1	233	1252	1483	4.22e-105	379
723ccd47-6777-4298-9e22-bb42b3649994	NR_044741.1	96.507	229	5	2	16	243	1229	1455	5.45e-104	375
723ccd47-6777-4298-9e22-bb42b3649994	NR_024897.1	96.053	228	6	2	17	243	1265	1490	9.12e-102	368
723ccd47-6777-4298-9e22-bb42b3649994	NR_181418.1	96.053	228	6	2	17	243	1265	1490	9.12e-102	368
13736ebe-9eab-47fb-bf38-fac41b2117b6	NR_118155.1	93.267	401	18	9	1	396	1113	717	5.10e-166	582
13736ebe-9eab-47fb-bf38-fac41b2117b6	NR_169411.1	93.017	401	19	9	1	396	1110	714	2.37e-164	577
13736ebe-9eab-47fb-bf38-fac41b2117b6	NR_179168.1	93.017	401	19	9	1	396	1113	717	2.37e-164	577
13736ebe-9eab-47fb-bf38-fac41b2117b6	NR_179327.1	93.017	401	19	9	1	396	1063	667	2.37e-164	577
13736ebe-9eab-47fb-bf38-fac41b2117b6	NR_179451.1	93.017	401	19	8	1	396	1060	664	2.37e-164	577
7bb1e43b-269a-48bc-b405-496735a52ba1	NR_024928.1	95.676	1457	33	23	1	1436	1453	6	0.0	2316
7bb1e43b-269a-48bc-b405-496735a52ba1	NR_199513.1	95.610	1458	34	23	1	1437	1467	19	0.0	2311
7bb1e43b-269a-48bc-b405-496735a52ba1	NR_024901.1	95.607	1457	34	23	1	1436	1453	6	0.0	2309
7bb1e43b-269a-48bc-b405-496735a52ba1	NR_024912.1	95.539	1457	35	23	1	1436	1453	6	0.0	2303
7bb1e43b-269a-48bc-b405-496735a52ba1	NR_199514.1	95.536	1456	37	21	1	1436	1460	13	0.0	2303
8c78cabb-8df8-4c29-96f2-2497ba4f2dec	NR_181730.1	95.380	671	17	12	8	670	805	1469	0.0	1055
8c78cabb-8df8-4c29-96f2-2497ba4f2dec	NR_041799.1	95.231	671	18	12	8	670	799	1463	0.0	1050
8c78cabb-8df8-4c29-96f2-2497ba4f2dec	NR_117823.1	95.231	671	18	12	8	670	771	1435	0.0	1050
8c78cabb-8df8-4c29-96f2-2497ba4f2dec	NR_181265.1	95.231	671	18	12	8	670	826	1490	0.0	1050
8c78cabb-8df8-4c29-96f2-2497ba4f2dec	NR_114227.1	95.224	670	18	12	8	669	799	1462	0.0	1048
134c9777-d322-4661-a3ec-a6f4d55e5f28	NR_118155.1	93.046	302	10	5	1	294	990	692	1.44e-120	431
134c9777-d322-4661-a3ec-a6f4d55e5f28	NR_026532.1	92.384	302	12	5	1	294	969	671	3.12e-117	420
134c9777-d322-4661-a3ec-a6f4d55e5f28	NR_042764.1	92.384	302	12	5	1	294	939	641	3.12e-117	420
134c9777-d322-4661-a3ec-a6f4d55e5f28	NR_114482.1	92.384	302	12	5	1	294	977	679	3.12e-117	420
134c9777-d322-4661-a3ec-a6f4d55e5f28	NR_117824.1	92.384	302	12	5	1	294	941	643	3.12e-117	420
52fe122c-93c8-4019-abdb-34e68e745ac7	NR_156986.1	96.559	930	12	17	4	924	919	1	0.0	1522
52fe122c-93c8-4019-abdb-34e68e745ac7	NR_156987.1	96.452	930	13	18	4	924	919	1	0.0	1517
52fe122c-93c8-4019-abdb-34e68e745ac7	NR_199514.1	96.452	930	13	17	4	924	931	13	0.0	1517
52fe122c-93c8-4019-abdb-34e68e745ac7	NR_199513.1	96.344	930	16	15	4	925	938	19	0.0	1513
52fe122c-93c8-4019-abdb-34e68e745ac7	NR_024901.1	96.344	930	14	18	4	924	924	6	0.0	1511
c213ab30-4e71-4745-92ba-71923bf5b9f7	NR_199513.1	95.098	1428	40	24	1	1409	1434	18	0.0	2222
c213ab30-4e71-4745-92ba-71923bf5b9f7	NR_156986.1	95.025	1427	39	26	1	1407	1415	1	0.0	2213
c213ab30-4e71-4745-92ba-71923bf5b9f7	NR_156987.1	94.954	1427	40	26	1	1407	1415	1	0.0	2207
c213ab30-4e71-4745-92ba-71923bf5b9f7	NR_024928.1	94.884	1427	41	26	1	1407	1420	6	0.0	2204
c213ab30-4e71-4745-92ba-71923bf5b9f7	NR_199514.1	94.884	1427	41	27	1	1407	1427	13	0.0	2202
643f780e-1a65-4a17-8ad2-1572099ec098	NR_117719.1	91.329	1257	60	45	1	1225	253	1492	0.0	1672
643f780e-1a65-4a17-8ad2-1572099ec098	NR_179540.1	91.329	1257	59	46	1	1225	253	1491	0.0	1672
643f780e-1a65-4a17-8ad2-1572099ec098	NR_179383.1	91.249	1257	61	45	1	1225	260	1499	0.0	1666
643f780e-1a65-4a17-8ad2-1572099ec098	NR_175455.1	91.176	1258	61	46	1	1225	241	1481	0.0	1663
643f780e-1a65-4a17-8ad2-1572099ec098	NR_028664.1	91.169	1257	62	45	1	1225	256	1495	0.0	1661
bfdb49f8-a38a-482f-96e4-3f30de29d46b	NR_117694.1	96.241	1064	19	18	1	1053	414	1467	0.0	1724
bfdb49f8-a38a-482f-96e4-3f30de29d46b	NR_121687.1	95.677	1064	25	18	1	1053	434	1487	0.0	1690
bfdb49f8-a38a-482f-96e4-3f30de29d46b	NR_025892.1	95.180	1058	29	18	1	1047	440	1486	0.0	1668
bfdb49f8-a38a-482f-96e4-3f30de29d46b	NR_117692.1	95.216	1066	26	21	1	1053	414	1467	0.0	1663
bfdb49f8-a38a-482f-96e4-3f30de29d46b	NR_025902.1	95.028	1066	28	21	1	1053	392	1445	0.0	1652
cdb86531-b0a0-4464-89ef-c62cf184629f	NR_024912.1	96.424	727	8	14	1	719	2	718	0.0	1182
cdb86531-b0a0-4464-89ef-c62cf184629f	NR_199513.1	96.424	727	8	12	1	719	16	732	0.0	1182
cdb86531-b0a0-4464-89ef-c62cf184629f	NR_024901.1	96.286	727	9	14	1	719	2	718	0.0	1177
cdb86531-b0a0-4464-89ef-c62cf184629f	NR_024928.1	96.286	727	9	14	1	719	2	718	0.0	1177
cdb86531-b0a0-4464-89ef-c62cf184629f	NR_199514.1	96.286	727	9	14	1	719	9	725	0.0	1177
270a7e57-e5f3-4a02-9b6a-6fb52938d18d	NR_179540.1	93.360	1265	38	33	10	1246	246	1492	0.0	1829
270a7e57-e5f3-4a02-9b6a-6fb52938d18d	NR_117719.1	92.970	1266	42	34	10	1246	246	1493	0.0	1801
270a7e57-e5f3-4a02-9b6a-6fb52938d18d	NR_028664.1	92.897	1267	41	36	10	1246	249	1496	0.0	1796
270a7e57-e5f3-4a02-9b6a-6fb52938d18d	NR_042927.1	92.948	1262	42	34	10	1242	228	1471	0.0	1794
270a7e57-e5f3-4a02-9b6a-6fb52938d18d	NR_199547.1	93.031	1234	40	33	10	1215	206	1421	0.0	1760
51a1cb66-4993-4e37-a407-87ecfb2cb756	NR_028758.1	97.959	49	0	1	1	49	58	11	4.72e-17	84.2
51a1cb66-4993-4e37-a407-87ecfb2cb756	NR_028781.1	97.959	49	0	1	1	49	58	11	4.72e-17	84.2
51a1cb66-4993-4e37-a407-87ecfb2cb756	NR_041763.1	97.959	49	0	1	1	49	58	11	4.72e-17	84.2
51a1cb66-4993-4e37-a407-87ecfb2cb756	NR_041765.1	97.959	49	0	1	1	49	58	11	4.72e-17	84.2
51a1cb66-4993-4e37-a407-87ecfb2cb756	NR_041822.1	97.959	49	0	1	1	49	58	11	4.72e-17	84.2
6d2dd910-5584-47ba-bda5-2c05e01d5a0b	NR_156986.1	94.024	1439	48	25	3	1414	1428	1	0.0	2146
6d2dd910-5584-47ba-bda5-2c05e01d5a0b	NR_113600.1	94.068	1433	47	25	1	1406	1422	1	0.0	2143
6d2dd910-5584-47ba-bda5-2c05e01d5a0b	NR_156987.1	93.954	1439	49	25	3	1414	1428	1	0.0	2141
6d2dd910-5584-47ba-bda5-2c05e01d5a0b	NR_114225.1	93.999	1433	48	25	1	1406	1422	1	0.0	2137
6d2dd910-5584-47ba-bda5-2c05e01d5a0b	NR_178976.1	93.994	1432	48	25	1	1405	1421	1	0.0	2135
729feece-59c5-45ef-81da-9e7d3460c646	NR_116168.1	92.416	712	28	20	11	698	1447	738	0.0	992
729feece-59c5-45ef-81da-9e7d3460c646	NR_118762.1	91.011	712	37	21	11	698	1449	741	0.0	950
729feece-59c5-45ef-81da-9e7d3460c646	NR_025423.1	90.323	713	41	23	11	698	1431	722	0.0	909
729feece-59c5-45ef-81da-9e7d3460c646	NR_024899.1	90.382	707	40	23	17	698	1440	737	0.0	904
729feece-59c5-45ef-81da-9e7d3460c646	NR_115138.1	90.028	712	45	21	11	698	1432	723	0.0	898
0fdc47ea-23cb-43bd-a58e-ffacfde8658d	NR_179168.1	91.304	529	21	19	5	515	1270	749	0.0	699
0fdc47ea-23cb-43bd-a58e-ffacfde8658d	NR_180737.1	91.304	529	21	19	5	515	1248	727	0.0	699
0fdc47ea-23cb-43bd-a58e-ffacfde8658d	NR_181265.1	91.304	529	21	19	5	515	1274	753	0.0	699
0fdc47ea-23cb-43bd-a58e-ffacfde8658d	NR_169411.1	91.115	529	22	19	5	515	1267	746	0.0	693
0fdc47ea-23cb-43bd-a58e-ffacfde8658d	NR_179480.1	91.115	529	22	19	5	515	1198	677	0.0	693
b06fdd03-13cd-4d7d-9386-4efa1d87705b	NR_199513.1	93.532	1376	42	36	1	1343	1412	51	0.0	2004
b06fdd03-13cd-4d7d-9386-4efa1d87705b	NR_178976.1	93.810	1357	41	35	1	1329	1384	43	0.0	2002
b06fdd03-13cd-4d7d-9386-4efa1d87705b	NR_156986.1	93.810	1357	41	35	1	1329	1393	52	0.0	2001
b06fdd03-13cd-4d7d-9386-4efa1d87705b	NR_024928.1	93.736	1357	42	35	1	1329	1398	57	0.0	1997
b06fdd03-13cd-4d7d-9386-4efa1d87705b	NR_113600.1	93.736	1357	42	35	1	1329	1385	44	0.0	1997
fe67ab1b-9ad8-4947-ac5e-60c924966840	NR_036936.1	95.455	1232	26	24	1	1217	255	1471	0.0	1938
fe67ab1b-9ad8-4947-ac5e-60c924966840	NR_028664.1	95.246	1241	29	24	1	1226	276	1501	0.0	1938
fe67ab1b-9ad8-4947-ac5e-60c924966840	NR_179383.1	95.165	1241	30	24	1	1226	280	1505	0.0	1932
fe67ab1b-9ad8-4947-ac5e-60c924966840	NR_115735.1	95.304	1235	27	25	1	1220	246	1464	0.0	1930
fe67ab1b-9ad8-4947-ac5e-60c924966840	NR_024842.1	95.499	1222	27	22	18	1226	288	1494	0.0	1929
8ccddd7d-ed8a-4010-925a-805b336ddc8a	NR_074568.1	90.218	1421	87	43	20	1402	1419	13	0.0	1807
8ccddd7d-ed8a-4010-925a-805b336ddc8a	NR_044712.2	89.937	1421	91	43	20	1402	1428	22	0.0	1794
8ccddd7d-ed8a-4010-925a-805b336ddc8a	NR_044873.1	88.264	1440	113	46	5	1402	1427	2	0.0	1672
8ccddd7d-ed8a-4010-925a-805b336ddc8a	NR_024785.1	88.864	1356	96	46	56	1374	1338	1	0.0	1616
8ccddd7d-ed8a-4010-925a-805b336ddc8a	NR_025310.1	87.190	1413	130	43	20	1395	1399	1	0.0	1559
ad9efe74-1c3c-4e01-9ad9-5b4ecc22cda9	NR_026419.1	96.029	277	8	2	1	275	276	1	1.35e-125	448
ad9efe74-1c3c-4e01-9ad9-5b4ecc22cda9	NR_025903.1	92.143	280	18	3	1	278	288	11	6.39e-109	392
ad9efe74-1c3c-4e01-9ad9-5b4ecc22cda9	NR_025904.1	91.786	280	19	3	1	278	287	10	2.97e-107	387
ad9efe74-1c3c-4e01-9ad9-5b4ecc22cda9	NR_133753.1	92.623	244	14	3	1	242	242	1	1.40e-95	348
ad9efe74-1c3c-4e01-9ad9-5b4ecc22cda9	NR_036920.1	88.214	280	27	5	1	278	282	7	5.08e-90	329
9cf8be51-ba94-44dd-ad45-6d280fa73558	NR_024918.1	93.037	991	52	12	1	980	492	1476	0.0	1432
9cf8be51-ba94-44dd-ad45-6d280fa73558	NR_029042.2	92.936	991	53	12	1	980	499	1483	0.0	1426
9cf8be51-ba94-44dd-ad45-6d280fa73558	NR_117177.1	92.936	991	53	12	1	980	497	1481	0.0	1426
9cf8be51-ba94-44dd-ad45-6d280fa73558	NR_116899.1	92.936	991	53	12	1	980	466	1450	0.0	1426
9cf8be51-ba94-44dd-ad45-6d280fa73558	NR_179889.1	92.936	991	53	12	1	980	506	1490	0.0	1426
f94d1448-eed8-4568-9f84-30f64b3ebce1	NR_041953.1	94.172	1184	46	18	1	1173	296	1467	0.0	1783
f94d1448-eed8-4568-9f84-30f64b3ebce1	NR_042541.1	94.172	1184	46	18	1	1173	296	1467	0.0	1783
f94d1448-eed8-4568-9f84-30f64b3ebce1	NR_181891.1	94.088	1184	47	18	1	1173	319	1490	0.0	1777
f94d1448-eed8-4568-9f84-30f64b3ebce1	NR_199513.1	94.003	1184	48	18	1	1173	323	1494	0.0	1772
f94d1448-eed8-4568-9f84-30f64b3ebce1	NR_040859.1	93.919	1184	49	18	1	1173	308	1479	0.0	1766
a95966c6-4954-4a3f-8936-a7fb08cf595e	NR_114305.1	86.000	250	27	8	1	247	1140	1384	1.62e-69	261
a95966c6-4954-4a3f-8936-a7fb08cf595e	NR_109628.1	86.000	250	27	8	1	247	1121	1365	1.62e-69	261
a95966c6-4954-4a3f-8936-a7fb08cf595e	NR_116726.1	86.000	250	27	8	1	247	1120	1364	1.62e-69	261
a95966c6-4954-4a3f-8936-a7fb08cf595e	NR_113105.1	85.600	250	28	8	1	247	1128	1372	7.55e-68	255
a95966c6-4954-4a3f-8936-a7fb08cf595e	NR_044407.1	85.600	250	28	8	1	247	1120	1364	7.55e-68	255
e8bd6cd0-cf60-42c6-a083-295be78c9c37	NR_113570.1	90.627	1291	57	51	72	1315	222	1495	0.0	1655
e8bd6cd0-cf60-42c6-a083-295be78c9c37	NR_043332.1	90.465	1290	60	50	72	1315	215	1487	0.0	1648
e8bd6cd0-cf60-42c6-a083-295be78c9c37	NR_074980.1	90.543	1290	59	50	72	1315	242	1514	0.0	1648
e8bd6cd0-cf60-42c6-a083-295be78c9c37	NR_113031.1	90.543	1290	59	50	72	1315	242	1514	0.0	1648
e8bd6cd0-cf60-42c6-a083-295be78c9c37	NR_119168.1	89.922	1290	67	50	72	1315	220	1492	0.0	1626
10f48afc-2314-432e-b84b-a96e7b8cacc0	NR_028682.1	86.387	1381	120	60	25	1365	1378	26	0.0	1447
10f48afc-2314-432e-b84b-a96e7b8cacc0	NR_025862.1	84.308	1402	139	73	25	1380	1377	11	0.0	1304
10f48afc-2314-432e-b84b-a96e7b8cacc0	NR_026454.1	83.177	1385	153	72	25	1360	1354	1	0.0	1194
10f48afc-2314-432e-b84b-a96e7b8cacc0	NR_152056.1	83.283	1322	142	68	25	1299	1360	71	0.0	1146
10f48afc-2314-432e-b84b-a96e7b8cacc0	NR_042060.1	83.258	1320	146	64	25	1299	1345	56	0.0	1144
8543687d-a30f-48ed-9d9b-7b22db0a5df8	NR_199513.1	96.734	1378	26	17	4	1371	119	1487	0.0	2278
8543687d-a30f-48ed-9d9b-7b22db0a5df8	NR_113600.1	96.664	1379	25	19	4	1371	92	1460	0.0	2274
8543687d-a30f-48ed-9d9b-7b22db0a5df8	NR_179889.1	96.662	1378	27	17	4	1371	119	1487	0.0	2272
8543687d-a30f-48ed-9d9b-7b22db0a5df8	NR_024928.1	96.592	1379	26	19	4	1371	105	1473	0.0	2268
8543687d-a30f-48ed-9d9b-7b22db0a5df8	NR_114225.1	96.592	1379	26	19	4	1371	92	1460	0.0	2268
d624ef0c-206f-4142-90f1-e83e8bddcf34	NR_042940.1	89.396	613	33	21	13	601	1254	650	0.0	743
d624ef0c-206f-4142-90f1-e83e8bddcf34	NR_044091.1	89.216	612	36	19	13	601	1256	652	0.0	737
d624ef0c-206f-4142-90f1-e83e8bddcf34	NR_025762.1	89.216	612	35	20	13	601	1319	716	0.0	736
d624ef0c-206f-4142-90f1-e83e8bddcf34	NR_028839.1	88.871	611	40	18	13	601	1305	701	0.0	726
d624ef0c-206f-4142-90f1-e83e8bddcf34	NR_041879.1	88.889	612	38	19	13	601	1299	695	0.0	726
08653a72-db3a-40ed-b433-890ada185ef3	NR_156986.1	91.173	827	41	29	1	803	831	13	0.0	1094
08653a72-db3a-40ed-b433-890ada185ef3	NR_178976.1	91.173	827	41	29	1	803	822	4	0.0	1094
08653a72-db3a-40ed-b433-890ada185ef3	NR_113600.1	91.052	827	42	29	1	803	823	5	0.0	1090
08653a72-db3a-40ed-b433-890ada185ef3	NR_156987.1	91.052	827	42	29	1	803	831	13	0.0	1088
08653a72-db3a-40ed-b433-890ada185ef3	NR_199514.1	91.052	827	42	29	1	803	843	25	0.0	1088
0b091824-667e-4daa-aead-c49a6ea5c20a	NR_117694.1	88.965	1024	61	44	8	996	461	1467	0.0	1218
0b091824-667e-4daa-aead-c49a6ea5c20a	NR_117692.1	88.867	1024	62	44	8	996	461	1467	0.0	1212
0b091824-667e-4daa-aead-c49a6ea5c20a	NR_025902.1	88.672	1024	64	44	8	996	439	1445	0.0	1201
0b091824-667e-4daa-aead-c49a6ea5c20a	NR_121687.1	88.574	1024	65	44	8	996	481	1487	0.0	1195
0b091824-667e-4daa-aead-c49a6ea5c20a	NR_117696.1	88.563	1023	67	42	8	996	448	1454	0.0	1195
d9ac4544-a139-40fc-8288-7764e5adf319	NR_024909.1	92.715	302	11	7	5	299	1179	1476	6.74e-119	425
d9ac4544-a139-40fc-8288-7764e5adf319	NR_024912.1	92.715	302	11	7	5	299	1179	1476	6.74e-119	425
d9ac4544-a139-40fc-8288-7764e5adf319	NR_024927.1	92.715	302	11	7	5	299	1179	1476	6.74e-119	425
d9ac4544-a139-40fc-8288-7764e5adf319	NR_025588.1	92.715	302	11	7	5	299	1174	1471	6.74e-119	425
d9ac4544-a139-40fc-8288-7764e5adf319	NR_028987.1	92.715	302	11	7	5	299	1166	1463	6.74e-119	425
cc2657f9-ae3b-4d1f-86db-59252cf4d886	NR_041953.1	95.149	1340	37	20	12	1331	133	1464	0.0	2089
cc2657f9-ae3b-4d1f-86db-59252cf4d886	NR_199513.1	94.878	1347	41	20	5	1331	153	1491	0.0	2080
cc2657f9-ae3b-4d1f-86db-59252cf4d886	NR_113600.1	94.799	1346	40	22	5	1329	126	1462	0.0	2073
cc2657f9-ae3b-4d1f-86db-59252cf4d886	NR_040859.1	94.851	1340	41	20	12	1331	145	1476	0.0	2067
cc2657f9-ae3b-4d1f-86db-59252cf4d886	NR_104278.1	94.851	1340	41	20	12	1331	145	1476	0.0	2067
a7ddf486-88b9-4cb6-8302-759eb8519247	NR_043314.1	95.319	470	11	8	2	461	1005	1473	0.0	736
a7ddf486-88b9-4cb6-8302-759eb8519247	NR_114749.1	95.319	470	11	8	2	461	1007	1475	0.0	736
a7ddf486-88b9-4cb6-8302-759eb8519247	NR_116899.1	95.319	470	11	8	2	461	974	1442	0.0	736
a7ddf486-88b9-4cb6-8302-759eb8519247	NR_178854.1	95.319	470	11	8	2	461	986	1454	0.0	736
a7ddf486-88b9-4cb6-8302-759eb8519247	NR_179889.1	95.319	470	11	8	2	461	1014	1482	0.0	736
a0f12dda-d687-4cab-adb0-5213afbfdb84	NR_113600.1	94.258	1428	47	29	3	1406	1440	24	0.0	2152
a0f12dda-d687-4cab-adb0-5213afbfdb84	NR_114225.1	94.188	1428	48	28	3	1406	1440	24	0.0	2146
a0f12dda-d687-4cab-adb0-5213afbfdb84	NR_042147.1	94.118	1428	49	29	3	1406	1440	24	0.0	2139
a0f12dda-d687-4cab-adb0-5213afbfdb84	NR_113583.1	94.118	1428	49	28	3	1406	1440	24	0.0	2139
a0f12dda-d687-4cab-adb0-5213afbfdb84	NR_164626.1	94.114	1427	51	26	3	1406	1450	34	0.0	2139
9dc714ec-ee78-4fa3-941b-38ffeb42995f	NR_043314.1	92.191	461	17	15	1	449	1006	1459	0.0	634
9dc714ec-ee78-4fa3-941b-38ffeb42995f	NR_114749.1	92.191	461	17	15	1	449	1008	1461	0.0	634
9dc714ec-ee78-4fa3-941b-38ffeb42995f	NR_116899.1	92.191	461	17	15	1	449	975	1428	0.0	634
9dc714ec-ee78-4fa3-941b-38ffeb42995f	NR_178854.1	92.191	461	17	15	1	449	987	1440	0.0	634
9dc714ec-ee78-4fa3-941b-38ffeb42995f	NR_179889.1	92.191	461	17	15	1	449	1015	1468	0.0	634
77b98276-c5dd-4ab3-b57a-2dc8249c64ae	NR_117717.1	92.927	509	21	13	1	499	989	1492	0.0	726
77b98276-c5dd-4ab3-b57a-2dc8249c64ae	NR_117696.1	92.927	509	21	13	1	499	956	1459	0.0	726
77b98276-c5dd-4ab3-b57a-2dc8249c64ae	NR_159079.1	92.731	509	22	13	1	499	965	1468	0.0	721
77b98276-c5dd-4ab3-b57a-2dc8249c64ae	NR_117694.1	92.731	509	22	13	1	499	969	1472	0.0	721
77b98276-c5dd-4ab3-b57a-2dc8249c64ae	NR_025902.1	92.534	509	23	13	1	499	947	1450	0.0	715
