305d76e1-2f84-42db-814a-cc1641f972c3	NR_116168.1	95.543	359	6	9	1	350	1178	821	4.56e-161	566
305d76e1-2f84-42db-814a-cc1641f972c3	NR_042878.1	95.265	359	7	9	1	350	1157	800	5.90e-160	562
305d76e1-2f84-42db-814a-cc1641f972c3	NR_118143.1	94.986	359	8	9	1	350	1159	802	9.87e-158	555
305d76e1-2f84-42db-814a-cc1641f972c3	NR_118762.1	93.315	359	13	10	1	350	1180	824	4.62e-151	532
305d76e1-2f84-42db-814a-cc1641f972c3	NR_025423.1	93.315	359	14	9	1	350	1162	805	1.00e-147	521
e0db4d63-08e1-4314-8539-f1d855fa70c1	NR_028664.1	95.556	315	9	4	1	310	1182	1496	4.07e-141	499
e0db4d63-08e1-4314-8539-f1d855fa70c1	NR_117719.1	95.556	315	9	4	1	310	1179	1493	4.07e-141	499
e0db4d63-08e1-4314-8539-f1d855fa70c1	NR_179383.1	95.556	315	9	4	1	310	1186	1500	4.07e-141	499
e0db4d63-08e1-4314-8539-f1d855fa70c1	NR_175455.1	95.253	316	9	5	1	310	1167	1482	5.27e-140	496
e0db4d63-08e1-4314-8539-f1d855fa70c1	NR_028666.1	95.238	315	10	4	1	310	1185	1499	1.89e-139	494
1db2d7f5-0e2f-4a02-bd6e-c394d243177a	NR_181857.1	90.685	730	41	21	4	714	800	1521	0.0	946
1db2d7f5-0e2f-4a02-bd6e-c394d243177a	NR_041799.1	90.548	730	42	21	4	714	742	1463	0.0	941
1db2d7f5-0e2f-4a02-bd6e-c394d243177a	NR_117823.1	90.548	730	42	21	4	714	714	1435	0.0	941
1db2d7f5-0e2f-4a02-bd6e-c394d243177a	NR_181265.1	90.548	730	42	21	4	714	769	1490	0.0	941
1db2d7f5-0e2f-4a02-bd6e-c394d243177a	NR_181730.1	90.548	730	42	21	4	714	748	1469	0.0	941
28e66805-1256-4380-a721-827028181de9	NR_024912.1	91.333	450	15	21	8	439	522	79	2.61e-169	593
28e66805-1256-4380-a721-827028181de9	NR_042147.1	91.333	450	15	21	8	439	509	66	2.61e-169	593
28e66805-1256-4380-a721-827028181de9	NR_156986.1	91.333	450	15	21	8	439	517	74	2.61e-169	593
28e66805-1256-4380-a721-827028181de9	NR_178976.1	91.333	450	15	21	8	439	508	65	2.61e-169	593
28e66805-1256-4380-a721-827028181de9	NR_179365.1	91.333	450	15	21	8	439	488	45	2.61e-169	593
5f03ab0c-f836-446b-9437-02267c7cd518	NR_115736.1	86.031	1174	106	50	1	1143	216	1362	0.0	1208
5f03ab0c-f836-446b-9437-02267c7cd518	NR_024841.1	86.031	1174	106	50	1	1143	283	1429	0.0	1206
5f03ab0c-f836-446b-9437-02267c7cd518	NR_113260.1	86.031	1174	106	50	1	1143	269	1415	0.0	1206
5f03ab0c-f836-446b-9437-02267c7cd518	NR_111994.1	85.801	1155	113	43	1	1128	215	1345	0.0	1177
5f03ab0c-f836-446b-9437-02267c7cd518	NR_042147.1	82.533	1208	160	41	6	1185	262	1446	0.0	1014
956fe803-c22c-4122-9a65-c97738fd036f	NR_156986.1	94.085	1437	53	29	2	1415	1428	1	0.0	2154
956fe803-c22c-4122-9a65-c97738fd036f	NR_156987.1	94.015	1437	54	29	2	1415	1428	1	0.0	2148
956fe803-c22c-4122-9a65-c97738fd036f	NR_113600.1	93.986	1430	54	29	1	1407	1421	1	0.0	2137
956fe803-c22c-4122-9a65-c97738fd036f	NR_024928.1	93.811	1438	57	29	1	1415	1434	6	0.0	2135
956fe803-c22c-4122-9a65-c97738fd036f	NR_024901.1	93.811	1438	57	29	1	1415	1434	6	0.0	2134
40de5582-0c5f-47ba-ba77-290bcbe85606	NR_042776.1	92.958	781	23	27	6	767	732	1499	0.0	1109
40de5582-0c5f-47ba-ba77-290bcbe85606	NR_042777.1	92.958	781	23	27	6	767	731	1498	0.0	1109
40de5582-0c5f-47ba-ba77-290bcbe85606	NR_042778.1	92.702	781	25	27	6	767	732	1499	0.0	1098
40de5582-0c5f-47ba-ba77-290bcbe85606	NR_197695.1	92.446	781	27	27	6	767	731	1498	0.0	1086
40de5582-0c5f-47ba-ba77-290bcbe85606	NR_118998.1	92.061	781	29	28	6	767	727	1493	0.0	1068
fc7420d6-c192-4233-90c6-a7f7b1fed85d	NR_136788.1	94.769	497	13	10	1	490	986	1476	0.0	761
fc7420d6-c192-4233-90c6-a7f7b1fed85d	NR_026230.1	91.348	497	30	10	1	490	964	1454	0.0	669
fc7420d6-c192-4233-90c6-a7f7b1fed85d	NR_113082.1	92.360	445	22	9	27	465	1013	1451	3.76e-178	623
fc7420d6-c192-4233-90c6-a7f7b1fed85d	NR_136443.1	89.462	465	31	16	27	482	974	1429	1.38e-162	571
fc7420d6-c192-4233-90c6-a7f7b1fed85d	NR_152035.1	87.174	499	47	15	1	490	989	1479	1.80e-156	551
4040fa47-aca7-4fe8-ad7c-ebfb2297f4fc	NR_118155.1	96.018	678	14	13	6	674	669	1342	0.0	1090
4040fa47-aca7-4fe8-ad7c-ebfb2297f4fc	NR_029050.1	95.864	677	17	11	6	674	614	1287	0.0	1085
4040fa47-aca7-4fe8-ad7c-ebfb2297f4fc	NR_126220.1	95.870	678	15	13	6	674	652	1325	0.0	1085
4040fa47-aca7-4fe8-ad7c-ebfb2297f4fc	NR_179451.1	95.870	678	15	13	6	674	616	1289	0.0	1085
4040fa47-aca7-4fe8-ad7c-ebfb2297f4fc	NR_179483.1	95.870	678	15	13	6	674	549	1222	0.0	1085
760caf7d-826f-4adb-83d6-193a5048e942	NR_028665.1	94.366	355	13	5	1	349	1138	1491	9.70e-153	538
760caf7d-826f-4adb-83d6-193a5048e942	NR_179385.1	94.366	355	13	5	1	349	1145	1498	9.70e-153	538
760caf7d-826f-4adb-83d6-193a5048e942	NR_199545.1	94.366	355	13	5	1	349	1141	1494	9.70e-153	538
760caf7d-826f-4adb-83d6-193a5048e942	NR_041722.2	94.085	355	14	5	1	349	1158	1511	4.51e-151	532
760caf7d-826f-4adb-83d6-193a5048e942	NR_028736.1	94.085	355	14	5	1	349	1147	1500	4.51e-151	532
415bea4d-e94e-4d42-85e4-507d0839ede6	NR_156986.1	92.166	1251	54	35	5	1232	1232	3	0.0	1727
415bea4d-e94e-4d42-85e4-507d0839ede6	NR_024912.1	92.086	1251	55	35	5	1232	1237	8	0.0	1722
415bea4d-e94e-4d42-85e4-507d0839ede6	NR_156987.1	92.086	1251	55	35	5	1232	1232	3	0.0	1722
415bea4d-e94e-4d42-85e4-507d0839ede6	NR_199514.1	92.086	1251	55	35	5	1232	1244	15	0.0	1722
415bea4d-e94e-4d42-85e4-507d0839ede6	NR_178976.1	92.203	1244	53	35	5	1225	1223	1	0.0	1720
8f232a28-8e06-46c6-a839-fd67705f4f04	NR_156986.1	94.272	646	22	13	1	637	640	1	0.0	974
8f232a28-8e06-46c6-a839-fd67705f4f04	NR_024901.1	94.118	646	23	13	1	637	645	6	0.0	968
8f232a28-8e06-46c6-a839-fd67705f4f04	NR_024912.1	94.118	646	23	13	1	637	645	6	0.0	968
8f232a28-8e06-46c6-a839-fd67705f4f04	NR_024928.1	94.118	646	23	13	1	637	645	6	0.0	968
8f232a28-8e06-46c6-a839-fd67705f4f04	NR_156987.1	94.118	646	23	13	1	637	640	1	0.0	968
b888ee44-169c-4f4b-96e8-c72304343064	NR_042843.1	96.354	576	9	8	1	569	885	1455	0.0	937
b888ee44-169c-4f4b-96e8-c72304343064	NR_102895.1	96.354	576	9	8	1	569	913	1483	0.0	937
b888ee44-169c-4f4b-96e8-c72304343064	NR_113113.1	96.354	576	9	8	1	569	893	1463	0.0	937
b888ee44-169c-4f4b-96e8-c72304343064	NR_109628.1	96.181	576	10	8	1	569	886	1456	0.0	931
b888ee44-169c-4f4b-96e8-c72304343064	NR_113124.1	95.833	576	12	8	1	569	905	1475	0.0	920
704ad5fa-dc18-47f7-8580-1f37066b17d4	NR_199545.1	92.219	1298	60	32	1	1276	1291	13	0.0	1799
704ad5fa-dc18-47f7-8580-1f37066b17d4	NR_028664.1	91.834	1298	65	32	1	1276	1294	16	0.0	1772
704ad5fa-dc18-47f7-8580-1f37066b17d4	NR_115240.1	91.984	1285	63	31	1	1263	1271	5	0.0	1766
704ad5fa-dc18-47f7-8580-1f37066b17d4	NR_118234.1	91.635	1303	64	36	1	1278	1290	8	0.0	1760
704ad5fa-dc18-47f7-8580-1f37066b17d4	NR_115732.1	91.907	1285	63	32	1	1263	1273	8	0.0	1759
64daa3d9-ad93-4956-a000-77d406140b2a	NR_074980.1	88.736	435	26	19	1	418	441	13	2.58e-144	510
64daa3d9-ad93-4956-a000-77d406140b2a	NR_113031.1	88.736	435	26	19	1	418	441	13	2.58e-144	510
64daa3d9-ad93-4956-a000-77d406140b2a	NR_163639.1	88.330	437	25	22	1	420	430	3	1.55e-141	501
64daa3d9-ad93-4956-a000-77d406140b2a	NR_119168.1	88.706	425	25	19	1	408	419	1	2.01e-140	497
64daa3d9-ad93-4956-a000-77d406140b2a	NR_119169.1	88.235	425	27	19	1	408	419	1	3.36e-138	490
44b9a17f-1438-4c63-ae1a-18cd7751698d	NR_024928.1	92.558	430	5	12	1	407	1442	1017	2.46e-169	593
44b9a17f-1438-4c63-ae1a-18cd7751698d	NR_181730.1	92.575	431	5	12	1	408	1435	1009	2.46e-169	593
44b9a17f-1438-4c63-ae1a-18cd7751698d	NR_181891.1	92.575	431	5	12	1	408	1452	1026	2.46e-169	593
44b9a17f-1438-4c63-ae1a-18cd7751698d	NR_024927.1	92.558	430	5	12	1	407	1442	1017	8.83e-169	592
44b9a17f-1438-4c63-ae1a-18cd7751698d	NR_181810.1	92.343	431	6	12	1	408	1446	1020	1.14e-167	588
b909bfad-0346-4d27-a201-c339a288adb1	NR_156986.1	96.828	725	11	11	19	737	719	1	0.0	1201
b909bfad-0346-4d27-a201-c339a288adb1	NR_024901.1	96.690	725	12	11	19	737	724	6	0.0	1195
b909bfad-0346-4d27-a201-c339a288adb1	NR_024912.1	96.690	725	12	11	19	737	724	6	0.0	1195
b909bfad-0346-4d27-a201-c339a288adb1	NR_024928.1	96.690	725	12	11	19	737	724	6	0.0	1195
b909bfad-0346-4d27-a201-c339a288adb1	NR_156987.1	96.690	725	12	11	19	737	719	1	0.0	1195
169d995c-9575-436f-a3bb-b23f129c8a47	NR_028826.1	98.611	144	2	0	1	144	1247	1390	4.08e-68	255
169d995c-9575-436f-a3bb-b23f129c8a47	NR_024911.1	98.611	144	2	0	1	144	1257	1400	4.08e-68	255
169d995c-9575-436f-a3bb-b23f129c8a47	NR_024918.1	98.611	144	2	0	1	144	1257	1400	4.08e-68	255
169d995c-9575-436f-a3bb-b23f129c8a47	NR_025164.1	98.611	144	2	0	1	144	1244	1387	4.08e-68	255
169d995c-9575-436f-a3bb-b23f129c8a47	NR_025174.1	98.611	144	2	0	1	144	1250	1393	4.08e-68	255
da296344-16c4-4658-97b1-0b8dfec3c386	NR_024951.1	95.408	196	3	3	3	194	664	471	1.59e-83	307
da296344-16c4-4658-97b1-0b8dfec3c386	NR_029042.2	95.408	196	3	3	3	194	668	475	1.59e-83	307
da296344-16c4-4658-97b1-0b8dfec3c386	NR_178342.1	95.408	196	3	3	3	194	648	455	1.59e-83	307
da296344-16c4-4658-97b1-0b8dfec3c386	NR_178482.1	95.408	196	3	3	3	194	638	445	1.59e-83	307
da296344-16c4-4658-97b1-0b8dfec3c386	NR_179482.1	95.408	196	3	3	3	194	551	358	1.59e-83	307
2c2e9dd2-5595-4b63-ba89-3c04487d4245	NR_040859.1	100.000	83	0	0	1	83	1393	1475	8.10e-38	154
2c2e9dd2-5595-4b63-ba89-3c04487d4245	NR_028806.1	100.000	83	0	0	1	83	1400	1482	8.10e-38	154
2c2e9dd2-5595-4b63-ba89-3c04487d4245	NR_040992.1	100.000	83	0	0	1	83	1401	1483	8.10e-38	154
2c2e9dd2-5595-4b63-ba89-3c04487d4245	NR_025881.1	100.000	83	0	0	1	83	1399	1481	8.10e-38	154
2c2e9dd2-5595-4b63-ba89-3c04487d4245	NR_026395.1	100.000	83	0	0	1	83	1401	1483	8.10e-38	154
4101d7ab-a500-4694-8140-5bce680b4e79	NR_042878.1	94.359	195	8	3	1	195	116	307	7.38e-82	302
4101d7ab-a500-4694-8140-5bce680b4e79	NR_116168.1	94.872	195	7	3	1	195	137	328	7.38e-82	302
4101d7ab-a500-4694-8140-5bce680b4e79	NR_118762.1	93.333	195	10	3	1	195	140	331	1.60e-78	291
4101d7ab-a500-4694-8140-5bce680b4e79	NR_025423.1	92.308	195	12	3	1	195	121	312	1.61e-73	274
4101d7ab-a500-4694-8140-5bce680b4e79	NR_042876.1	91.795	195	13	3	1	195	116	307	7.49e-72	268
53acf159-594f-4334-8546-884e4f6ef82a	NR_025902.1	94.118	119	1	6	13	127	1329	1445	2.86e-44	176
53acf159-594f-4334-8546-884e4f6ef82a	NR_028844.1	94.118	119	1	6	13	127	1360	1476	2.86e-44	176
53acf159-594f-4334-8546-884e4f6ef82a	NR_040933.1	94.118	119	1	6	13	127	1373	1489	2.86e-44	176
53acf159-594f-4334-8546-884e4f6ef82a	NR_117717.1	94.118	119	1	6	13	127	1371	1487	2.86e-44	176
53acf159-594f-4334-8546-884e4f6ef82a	NR_121688.1	94.118	119	1	6	13	127	1371	1487	2.86e-44	176
9d702a43-6cb9-436d-ab9a-8e6b756aaf9c	NR_164626.1	88.889	171	10	8	1	165	168	1	6.37e-52	202
9d702a43-6cb9-436d-ab9a-8e6b756aaf9c	NR_024901.1	88.757	169	10	8	1	163	171	6	8.23e-51	198
9d702a43-6cb9-436d-ab9a-8e6b756aaf9c	NR_024912.1	88.757	169	10	8	1	163	171	6	8.23e-51	198
9d702a43-6cb9-436d-ab9a-8e6b756aaf9c	NR_024928.1	88.757	169	10	8	1	163	171	6	8.23e-51	198
9d702a43-6cb9-436d-ab9a-8e6b756aaf9c	NR_025586.1	88.757	169	10	8	1	163	166	1	8.23e-51	198
7c9a7414-08c5-454d-9ebc-201614b7cc31	NR_025981.1	94.783	115	4	1	4	116	822	708	7.06e-45	178
7c9a7414-08c5-454d-9ebc-201614b7cc31	NR_025525.1	97.980	99	0	1	20	116	802	704	1.18e-42	171
7c9a7414-08c5-454d-9ebc-201614b7cc31	NR_102893.1	97.980	99	0	1	20	116	835	737	1.18e-42	171
7c9a7414-08c5-454d-9ebc-201614b7cc31	NR_029185.1	97.959	98	0	1	20	115	834	737	4.25e-42	169
7c9a7414-08c5-454d-9ebc-201614b7cc31	NR_179173.1	94.444	108	4	1	11	116	813	706	5.49e-41	165
46d6e0fc-645e-478f-a2bf-f17ab40e086c	NR_114040.1	97.656	128	1	2	3	128	1339	1466	4.86e-57	219
46d6e0fc-645e-478f-a2bf-f17ab40e086c	NR_025902.1	96.923	130	1	3	3	129	1316	1445	6.29e-56	215
46d6e0fc-645e-478f-a2bf-f17ab40e086c	NR_028844.1	96.923	130	1	3	3	129	1347	1476	6.29e-56	215
46d6e0fc-645e-478f-a2bf-f17ab40e086c	NR_040933.1	96.923	130	1	3	3	129	1360	1489	6.29e-56	215
46d6e0fc-645e-478f-a2bf-f17ab40e086c	NR_117717.1	96.923	130	1	3	3	129	1358	1487	6.29e-56	215
7c2360c6-deeb-4604-89b3-fc7e19d05806	NR_040859.1	95.364	302	4	9	4	300	964	668	8.48e-133	472
7c2360c6-deeb-4604-89b3-fc7e19d05806	NR_025947.1	95.364	302	4	9	4	300	972	676	8.48e-133	472
7c2360c6-deeb-4604-89b3-fc7e19d05806	NR_024662.1	95.364	302	4	9	4	300	972	676	8.48e-133	472
7c2360c6-deeb-4604-89b3-fc7e19d05806	NR_024910.1	95.364	302	4	9	4	300	963	667	8.48e-133	472
7c2360c6-deeb-4604-89b3-fc7e19d05806	NR_024924.1	95.364	302	4	9	4	300	963	667	8.48e-133	472
9db3bba4-4788-4071-a3cf-f42fe62ae11c	NR_042878.1	90.055	181	9	8	1	175	733	556	4.02e-59	226
9db3bba4-4788-4071-a3cf-f42fe62ae11c	NR_116168.1	90.055	181	9	8	1	175	754	577	4.02e-59	226
9db3bba4-4788-4071-a3cf-f42fe62ae11c	NR_159347.1	89.503	181	10	8	1	175	759	582	5.19e-58	222
9db3bba4-4788-4071-a3cf-f42fe62ae11c	NR_026030.1	89.503	181	10	8	1	175	737	560	1.87e-57	220
9db3bba4-4788-4071-a3cf-f42fe62ae11c	NR_042871.1	89.503	181	10	8	1	175	735	558	1.87e-57	220
c6e8c582-585f-47c5-b07e-fa5e5385a7b1	NR_025902.1	94.406	143	4	3	1	140	1304	1445	1.91e-56	217
c6e8c582-585f-47c5-b07e-fa5e5385a7b1	NR_028844.1	94.406	143	4	3	1	140	1335	1476	1.91e-56	217
c6e8c582-585f-47c5-b07e-fa5e5385a7b1	NR_040933.1	94.406	143	4	3	1	140	1348	1489	1.91e-56	217
c6e8c582-585f-47c5-b07e-fa5e5385a7b1	NR_117717.1	94.406	143	4	3	1	140	1346	1487	1.91e-56	217
c6e8c582-585f-47c5-b07e-fa5e5385a7b1	NR_121688.1	94.406	143	4	3	1	140	1346	1487	1.91e-56	217
28b22cc8-c401-4745-89b0-aaadb7486269	NR_025892.1	96.053	152	2	4	8	156	905	755	9.77e-65	244
28b22cc8-c401-4745-89b0-aaadb7486269	NR_028900.1	96.053	152	2	4	8	156	838	688	9.77e-65	244
28b22cc8-c401-4745-89b0-aaadb7486269	NR_042976.1	96.053	152	2	4	8	156	888	738	9.77e-65	244
28b22cc8-c401-4745-89b0-aaadb7486269	NR_118697.1	96.053	152	2	4	8	156	903	753	9.77e-65	244
28b22cc8-c401-4745-89b0-aaadb7486269	NR_041989.1	96.053	152	2	4	8	156	838	688	9.77e-65	244
d2f106a5-e911-4da5-bc8c-aa2d4aaeff5f	NR_134190.1	97.845	232	4	1	1	231	1423	1192	3.07e-111	399
d2f106a5-e911-4da5-bc8c-aa2d4aaeff5f	NR_156072.1	97.845	232	4	1	1	231	1464	1233	3.07e-111	399
d2f106a5-e911-4da5-bc8c-aa2d4aaeff5f	NR_158064.1	97.425	233	4	2	1	231	1467	1235	3.98e-110	396
d2f106a5-e911-4da5-bc8c-aa2d4aaeff5f	NR_028665.1	97.414	232	5	1	1	231	1459	1228	1.43e-109	394
d2f106a5-e911-4da5-bc8c-aa2d4aaeff5f	NR_104972.1	97.414	232	5	1	1	231	1444	1213	1.43e-109	394
6edb9a43-0f74-4b3d-8e87-c374bfc43855	NR_040859.1	90.000	230	8	13	1	217	519	292	3.42e-76	283
6edb9a43-0f74-4b3d-8e87-c374bfc43855	NR_024901.1	90.000	230	8	13	1	217	520	293	3.42e-76	283
6edb9a43-0f74-4b3d-8e87-c374bfc43855	NR_024912.1	90.000	230	8	13	1	217	520	293	3.42e-76	283
6edb9a43-0f74-4b3d-8e87-c374bfc43855	NR_024928.1	90.000	230	8	13	1	217	520	293	3.42e-76	283
6edb9a43-0f74-4b3d-8e87-c374bfc43855	NR_025228.1	90.000	230	8	13	1	217	503	276	3.42e-76	283
0b7c85f7-4f82-4495-afaa-2a480e57ee8a	NR_040859.1	91.011	89	5	3	1	87	1177	1090	1.08e-26	117
0b7c85f7-4f82-4495-afaa-2a480e57ee8a	NR_040992.1	91.011	89	5	3	1	87	1185	1098	1.08e-26	117
0b7c85f7-4f82-4495-afaa-2a480e57ee8a	NR_041702.1	91.011	89	5	3	1	87	1200	1113	1.08e-26	117
0b7c85f7-4f82-4495-afaa-2a480e57ee8a	NR_041715.1	91.011	89	5	3	1	87	1173	1086	1.08e-26	117
0b7c85f7-4f82-4495-afaa-2a480e57ee8a	NR_025881.1	91.011	89	5	3	1	87	1183	1096	1.08e-26	117
9bbf69da-9882-4868-ad7d-db1da98f0ecc	NR_025902.1	97.222	108	0	2	1	105	1338	1445	1.84e-45	180
9bbf69da-9882-4868-ad7d-db1da98f0ecc	NR_028844.1	97.222	108	0	2	1	105	1369	1476	1.84e-45	180
9bbf69da-9882-4868-ad7d-db1da98f0ecc	NR_040933.1	97.222	108	0	2	1	105	1382	1489	1.84e-45	180
9bbf69da-9882-4868-ad7d-db1da98f0ecc	NR_117717.1	97.222	108	0	2	1	105	1380	1487	1.84e-45	180
9bbf69da-9882-4868-ad7d-db1da98f0ecc	NR_121688.1	97.222	108	0	2	1	105	1380	1487	1.84e-45	180
79d1e40c-6b5b-43f9-b8ae-4ffc0a05ef93	NR_116168.1	89.943	875	60	23	1	860	995	134	0.0	1103
79d1e40c-6b5b-43f9-b8ae-4ffc0a05ef93	NR_042878.1	89.714	875	62	23	1	860	974	113	0.0	1099
79d1e40c-6b5b-43f9-b8ae-4ffc0a05ef93	NR_118762.1	87.973	873	80	20	1	860	997	137	0.0	1038
79d1e40c-6b5b-43f9-b8ae-4ffc0a05ef93	NR_118143.1	88.343	875	74	23	1	860	976	115	0.0	1027
79d1e40c-6b5b-43f9-b8ae-4ffc0a05ef93	NR_025423.1	87.799	877	75	27	1	860	979	118	0.0	998
06fa68c8-04c3-411b-929d-f872cb4364d0	NR_028665.1	99.060	638	3	2	1	636	853	1489	0.0	1142
06fa68c8-04c3-411b-929d-f872cb4364d0	NR_027214.1	99.211	634	2	2	1	632	836	1468	0.0	1140
06fa68c8-04c3-411b-929d-f872cb4364d0	NR_179385.1	99.057	636	3	2	3	636	862	1496	0.0	1138
06fa68c8-04c3-411b-929d-f872cb4364d0	NR_199545.1	99.057	636	3	2	3	636	858	1492	0.0	1138
06fa68c8-04c3-411b-929d-f872cb4364d0	NR_165744.1	99.209	632	2	2	3	632	847	1477	0.0	1136
51487594-17c1-4b25-a14c-cda13aab1a61	NR_199513.1	95.726	1006	24	14	2	993	1018	18	0.0	1602
51487594-17c1-4b25-a14c-cda13aab1a61	NR_156986.1	95.622	1005	23	15	2	991	999	1	0.0	1592
51487594-17c1-4b25-a14c-cda13aab1a61	NR_024901.1	95.522	1005	24	15	2	991	1004	6	0.0	1587
51487594-17c1-4b25-a14c-cda13aab1a61	NR_024928.1	95.522	1005	24	15	2	991	1004	6	0.0	1587
51487594-17c1-4b25-a14c-cda13aab1a61	NR_156987.1	95.522	1005	24	15	2	991	999	1	0.0	1587
5da8ff2d-25dd-4b7a-a3bf-b944044955a4	NR_074980.1	98.667	300	2	2	1	299	798	500	1.41e-150	531
5da8ff2d-25dd-4b7a-a3bf-b944044955a4	NR_113031.1	98.667	300	2	2	1	299	798	500	1.41e-150	531
5da8ff2d-25dd-4b7a-a3bf-b944044955a4	NR_113570.1	98.667	300	2	2	1	299	778	480	1.41e-150	531
5da8ff2d-25dd-4b7a-a3bf-b944044955a4	NR_119168.1	98.667	300	2	2	1	299	776	478	1.41e-150	531
5da8ff2d-25dd-4b7a-a3bf-b944044955a4	NR_044091.1	98.667	300	2	2	1	299	685	387	1.41e-150	531
a1d2f4e7-7ecb-4814-9bd8-bc4673852055	NR_199513.1	97.106	1002	20	9	1	994	1018	18	0.0	1681
a1d2f4e7-7ecb-4814-9bd8-bc4673852055	NR_156986.1	97.103	1001	18	11	1	992	999	1	0.0	1677
a1d2f4e7-7ecb-4814-9bd8-bc4673852055	NR_024901.1	97.003	1001	19	11	1	992	1004	6	0.0	1672
a1d2f4e7-7ecb-4814-9bd8-bc4673852055	NR_024928.1	97.003	1001	19	11	1	992	1004	6	0.0	1672
a1d2f4e7-7ecb-4814-9bd8-bc4673852055	NR_156987.1	97.003	1001	19	11	1	992	999	1	0.0	1672
a716a820-e99e-478d-a651-56006ac47e78	NR_043935.1	94.422	1488	38	38	1	1456	10	1484	0.0	2246
a716a820-e99e-478d-a651-56006ac47e78	NR_024928.1	94.351	1487	41	36	1	1456	2	1476	0.0	2242
a716a820-e99e-478d-a651-56006ac47e78	NR_024927.1	94.347	1486	43	34	1	1456	2	1476	0.0	2241
a716a820-e99e-478d-a651-56006ac47e78	NR_024901.1	94.284	1487	42	36	1	1456	2	1476	0.0	2235
a716a820-e99e-478d-a651-56006ac47e78	NR_042939.1	94.220	1488	42	37	1	1456	8	1483	0.0	2231
c1b9c137-c336-4214-899f-4390b3dd5416	NR_117692.1	90.178	957	68	19	1	937	517	1467	0.0	1223
c1b9c137-c336-4214-899f-4390b3dd5416	NR_117694.1	90.073	957	69	18	1	937	517	1467	0.0	1218
c1b9c137-c336-4214-899f-4390b3dd5416	NR_025902.1	89.969	957	70	19	1	937	495	1445	0.0	1212
c1b9c137-c336-4214-899f-4390b3dd5416	NR_121687.1	89.864	957	71	19	1	937	537	1487	0.0	1206
c1b9c137-c336-4214-899f-4390b3dd5416	NR_025892.1	89.579	950	74	17	1	931	543	1486	0.0	1194
6559a495-e622-4aed-9330-375b151f3882	NR_199513.1	93.469	980	28	30	4	962	1015	51	0.0	1423
6559a495-e622-4aed-9330-375b151f3882	NR_041953.1	93.381	982	25	33	4	962	988	24	0.0	1417
6559a495-e622-4aed-9330-375b151f3882	NR_181014.1	93.272	981	28	32	4	962	988	24	0.0	1411
6559a495-e622-4aed-9330-375b151f3882	NR_181891.1	93.177	982	27	33	4	962	1011	47	0.0	1406
6559a495-e622-4aed-9330-375b151f3882	NR_199512.1	93.163	980	31	30	4	962	1015	51	0.0	1406
72e0b855-e995-4cfc-8f15-95668b67dd01	NR_199545.1	97.386	306	5	3	1	304	78	382	1.09e-146	518
72e0b855-e995-4cfc-8f15-95668b67dd01	NR_199544.1	97.368	304	6	2	2	304	38	340	3.93e-146	516
72e0b855-e995-4cfc-8f15-95668b67dd01	NR_179385.1	97.360	303	6	2	1	302	82	383	1.41e-145	514
72e0b855-e995-4cfc-8f15-95668b67dd01	NR_042927.1	97.659	299	5	2	7	304	67	364	5.08e-145	512
72e0b855-e995-4cfc-8f15-95668b67dd01	NR_114413.1	97.659	299	5	2	7	304	90	387	5.08e-145	512
ee669475-ca51-4f2f-b5fe-d6680d486841	NR_043314.1	96.422	559	7	9	2	555	915	1465	0.0	909
ee669475-ca51-4f2f-b5fe-d6680d486841	NR_116899.1	96.422	559	7	9	2	555	884	1434	0.0	909
ee669475-ca51-4f2f-b5fe-d6680d486841	NR_178854.1	96.422	559	7	9	2	555	896	1446	0.0	909
ee669475-ca51-4f2f-b5fe-d6680d486841	NR_179889.1	96.422	559	7	9	2	555	924	1474	0.0	909
ee669475-ca51-4f2f-b5fe-d6680d486841	NR_041799.1	96.243	559	8	9	2	555	897	1447	0.0	904
15b3bd9e-cf6f-48a3-b44e-1c328c9ea2ba	NR_024912.1	97.561	451	6	5	1	450	452	6	0.0	767
15b3bd9e-cf6f-48a3-b44e-1c328c9ea2ba	NR_156986.1	97.561	451	6	5	1	450	447	1	0.0	767
15b3bd9e-cf6f-48a3-b44e-1c328c9ea2ba	NR_024901.1	97.339	451	7	5	1	450	452	6	0.0	761
15b3bd9e-cf6f-48a3-b44e-1c328c9ea2ba	NR_024928.1	97.339	451	7	5	1	450	452	6	0.0	761
15b3bd9e-cf6f-48a3-b44e-1c328c9ea2ba	NR_043425.1	97.339	451	7	5	1	450	457	11	0.0	761
c0b73810-c7c4-4812-ba0e-f7642dbc8a88	NR_024901.1	94.519	748	21	18	1	736	766	27	0.0	1136
c0b73810-c7c4-4812-ba0e-f7642dbc8a88	NR_024928.1	94.519	748	21	18	1	736	766	27	0.0	1136
c0b73810-c7c4-4812-ba0e-f7642dbc8a88	NR_113583.1	94.519	748	21	18	1	736	753	14	0.0	1136
c0b73810-c7c4-4812-ba0e-f7642dbc8a88	NR_114225.1	94.519	748	21	18	1	736	753	14	0.0	1136
c0b73810-c7c4-4812-ba0e-f7642dbc8a88	NR_156986.1	94.519	748	21	17	1	736	761	22	0.0	1136
97479fe5-6e1c-43fb-afe5-d85836c2a194	NR_024912.1	97.521	484	5	7	1	481	485	6	0.0	821
97479fe5-6e1c-43fb-afe5-d85836c2a194	NR_156986.1	97.521	484	5	7	1	481	480	1	0.0	821
97479fe5-6e1c-43fb-afe5-d85836c2a194	NR_024901.1	97.314	484	6	7	1	481	485	6	0.0	815
97479fe5-6e1c-43fb-afe5-d85836c2a194	NR_024928.1	97.314	484	6	7	1	481	485	6	0.0	815
97479fe5-6e1c-43fb-afe5-d85836c2a194	NR_156987.1	97.314	484	6	7	1	481	480	1	0.0	815
c9405293-068c-448e-9e7f-a429372c9eb4	NR_116168.1	93.976	581	14	12	1	568	586	14	0.0	859
c9405293-068c-448e-9e7f-a429372c9eb4	NR_042878.1	93.194	573	18	12	1	560	565	1	0.0	832
c9405293-068c-448e-9e7f-a429372c9eb4	NR_118762.1	91.595	583	28	12	1	570	589	15	0.0	806
c9405293-068c-448e-9e7f-a429372c9eb4	NR_025423.1	91.463	574	26	14	5	563	566	1	0.0	767
c9405293-068c-448e-9e7f-a429372c9eb4	NR_118143.1	91.304	575	27	16	1	560	567	1	0.0	765
a47bbfe4-238c-40d4-8219-b350a880e4a5	NR_199515.1	96.673	1022	15	15	60	1071	483	1495	0.0	1681
a47bbfe4-238c-40d4-8219-b350a880e4a5	NR_024918.1	96.575	1022	16	15	60	1071	467	1479	0.0	1676
a47bbfe4-238c-40d4-8219-b350a880e4a5	NR_041799.1	96.579	1023	14	17	60	1071	454	1466	0.0	1676
a47bbfe4-238c-40d4-8219-b350a880e4a5	NR_041953.1	96.575	1022	16	15	60	1071	454	1466	0.0	1676
a47bbfe4-238c-40d4-8219-b350a880e4a5	NR_042541.1	96.575	1022	16	15	60	1071	454	1466	0.0	1676
bf38f8e2-f4bd-4774-80b0-bb99f6ca15b6	NR_026419.1	96.667	1230	26	12	1	1226	1224	6	0.0	2030
bf38f8e2-f4bd-4774-80b0-bb99f6ca15b6	NR_025903.1	95.311	1237	41	14	1	1232	1236	12	0.0	1947
bf38f8e2-f4bd-4774-80b0-bb99f6ca15b6	NR_133753.1	95.736	1196	37	11	1	1192	1190	5	0.0	1914
bf38f8e2-f4bd-4774-80b0-bb99f6ca15b6	NR_025904.1	94.754	1239	44	17	1	1232	1235	11	0.0	1908
bf38f8e2-f4bd-4774-80b0-bb99f6ca15b6	NR_133752.1	95.389	1171	40	11	1	1167	1161	1	0.0	1851
685368ff-1fa2-4b29-9506-5aaeb793f002	NR_044091.1	92.514	521	23	12	1	511	1127	613	0.0	732
685368ff-1fa2-4b29-9506-5aaeb793f002	NR_042940.1	91.939	521	26	12	1	511	1125	611	0.0	715
685368ff-1fa2-4b29-9506-5aaeb793f002	NR_041879.1	91.747	521	27	12	1	511	1170	656	0.0	710
685368ff-1fa2-4b29-9506-5aaeb793f002	NR_025762.1	91.747	521	26	13	1	511	1190	677	0.0	708
685368ff-1fa2-4b29-9506-5aaeb793f002	NR_113570.1	91.747	521	26	13	1	511	1219	706	0.0	708
9f34c02f-8515-4088-a2e6-11306044a971	NR_028881.1	95.745	47	1	1	1	47	79	34	3.14e-14	75.0
9f34c02f-8515-4088-a2e6-11306044a971	NR_126319.1	93.878	49	2	1	1	49	59	12	1.13e-13	73.1
9f34c02f-8515-4088-a2e6-11306044a971	NR_042053.1	92.157	51	3	1	1	51	66	17	4.07e-13	71.3
9f34c02f-8515-4088-a2e6-11306044a971	NR_114472.1	92.157	51	3	1	2	52	51	2	4.07e-13	71.3
9f34c02f-8515-4088-a2e6-11306044a971	NR_114479.1	92.157	51	3	1	2	52	58	9	4.07e-13	71.3
022be225-6ffa-45e1-b166-ee171c470310	NR_117694.1	95.045	222	4	7	10	225	231	11	5.28e-94	342
022be225-6ffa-45e1-b166-ee171c470310	NR_025892.1	93.694	222	7	7	10	225	257	37	1.48e-89	327
022be225-6ffa-45e1-b166-ee171c470310	NR_121687.1	91.928	223	9	9	10	225	251	31	2.49e-82	303
022be225-6ffa-45e1-b166-ee171c470310	NR_117692.1	91.855	221	13	5	10	225	231	11	2.49e-82	303
022be225-6ffa-45e1-b166-ee171c470310	NR_104830.1	90.583	223	13	8	10	225	246	25	6.98e-78	289
ec5d1f85-8703-414d-9365-a7e68d77babd	NR_025892.1	92.611	203	8	7	3	198	661	863	7.52e-77	285
ec5d1f85-8703-414d-9365-a7e68d77babd	NR_041989.1	92.611	203	8	7	3	198	594	796	7.52e-77	285
ec5d1f85-8703-414d-9365-a7e68d77babd	NR_117694.1	92.611	203	8	7	3	198	636	838	7.52e-77	285
ec5d1f85-8703-414d-9365-a7e68d77babd	NR_041988.1	91.626	203	10	7	3	198	594	796	1.63e-73	274
ec5d1f85-8703-414d-9365-a7e68d77babd	NR_042976.1	91.626	203	10	7	3	198	644	846	1.63e-73	274
ebb15589-c3c9-4ee0-9637-aa7f98c33884	NR_179385.1	94.737	228	10	2	1	227	243	17	2.38e-97	353
ebb15589-c3c9-4ee0-9637-aa7f98c33884	NR_199545.1	94.737	228	10	2	1	227	239	13	2.38e-97	353
ebb15589-c3c9-4ee0-9637-aa7f98c33884	NR_165741.1	94.298	228	11	2	1	227	228	2	1.11e-95	348
ebb15589-c3c9-4ee0-9637-aa7f98c33884	NR_115560.1	93.450	229	13	2	1	228	239	12	6.67e-93	339
ebb15589-c3c9-4ee0-9637-aa7f98c33884	NR_028664.1	93.421	228	13	2	1	227	242	16	2.40e-92	337
7d0f7938-5601-413e-9686-9771f5ad77a8	NR_028664.1	94.515	237	6	7	1	233	1263	1496	5.44e-99	359
7d0f7938-5601-413e-9686-9771f5ad77a8	NR_117719.1	94.515	237	6	7	1	233	1260	1493	5.44e-99	359
7d0f7938-5601-413e-9686-9771f5ad77a8	NR_179383.1	94.515	237	6	7	1	233	1267	1500	5.44e-99	359
7d0f7938-5601-413e-9686-9771f5ad77a8	NR_024842.1	94.492	236	5	7	2	233	1258	1489	1.96e-98	357
7d0f7938-5601-413e-9686-9771f5ad77a8	NR_028666.1	94.492	236	6	7	2	233	1267	1499	1.96e-98	357
6c5dbc8e-f392-4537-a581-4cdc949f9fd1	NR_042928.1	97.391	115	3	0	1	115	2	116	1.99e-50	196
6c5dbc8e-f392-4537-a581-4cdc949f9fd1	NR_179385.1	97.391	115	3	0	1	115	26	140	1.99e-50	196
6c5dbc8e-f392-4537-a581-4cdc949f9fd1	NR_199545.1	97.391	115	3	0	1	115	22	136	1.99e-50	196
6c5dbc8e-f392-4537-a581-4cdc949f9fd1	NR_024841.1	96.581	117	2	2	1	115	16	132	2.57e-49	193
6c5dbc8e-f392-4537-a581-4cdc949f9fd1	NR_036936.1	97.368	114	1	2	4	115	5	118	2.57e-49	193
c6a63efd-3dd8-4d78-bed5-138a3a75a97b	NR_037101.1	94.253	87	2	1	1	84	1389	1475	1.41e-30	130
c6a63efd-3dd8-4d78-bed5-138a3a75a97b	NR_024842.1	94.186	86	3	1	1	84	1404	1489	1.41e-30	130
c6a63efd-3dd8-4d78-bed5-138a3a75a97b	NR_040821.1	94.253	87	2	1	1	84	1389	1475	1.41e-30	130
c6a63efd-3dd8-4d78-bed5-138a3a75a97b	NR_041706.1	94.186	86	3	1	1	84	1399	1484	1.41e-30	130
c6a63efd-3dd8-4d78-bed5-138a3a75a97b	NR_042052.1	94.186	86	3	1	1	84	1312	1397	1.41e-30	130
d2c0359d-60c2-4bbd-a3c7-14c4d7eb0bc1	NR_117719.1	90.795	239	14	6	1	232	36	273	4.12e-85	313
d2c0359d-60c2-4bbd-a3c7-14c4d7eb0bc1	NR_175455.1	90.377	239	15	6	1	232	24	261	1.92e-83	307
d2c0359d-60c2-4bbd-a3c7-14c4d7eb0bc1	NR_024659.1	90.295	237	15	6	3	232	1	236	2.48e-82	303
d2c0359d-60c2-4bbd-a3c7-14c4d7eb0bc1	NR_114537.1	90.041	241	14	8	1	232	3	242	2.48e-82	303
d2c0359d-60c2-4bbd-a3c7-14c4d7eb0bc1	NR_042928.1	89.958	239	16	6	1	232	16	253	8.92e-82	302
a6a27484-0f26-429f-a2b5-a40f6cea32f0	NR_028682.1	93.427	213	10	4	1	210	1269	1480	4.08e-85	313
a6a27484-0f26-429f-a2b5-a40f6cea32f0	NR_025435.1	91.228	228	14	6	4	226	1268	1494	6.83e-83	305
a6a27484-0f26-429f-a2b5-a40f6cea32f0	NR_024817.1	90.830	229	17	4	1	226	1252	1479	6.83e-83	305
a6a27484-0f26-429f-a2b5-a40f6cea32f0	NR_025445.1	90.435	230	17	5	1	226	1260	1488	1.14e-80	298
a6a27484-0f26-429f-a2b5-a40f6cea32f0	NR_025211.1	91.364	220	14	4	1	216	1259	1477	4.11e-80	296
63406c9e-c16a-4741-b8a9-760532ceb240	NR_040859.1	93.970	199	4	6	14	208	257	451	1.32e-79	294
63406c9e-c16a-4741-b8a9-760532ceb240	NR_024901.1	93.970	199	4	6	14	208	258	452	1.32e-79	294
63406c9e-c16a-4741-b8a9-760532ceb240	NR_024912.1	93.970	199	4	6	14	208	258	452	1.32e-79	294
63406c9e-c16a-4741-b8a9-760532ceb240	NR_024928.1	93.970	199	4	6	14	208	258	452	1.32e-79	294
63406c9e-c16a-4741-b8a9-760532ceb240	NR_025228.1	93.970	199	4	6	14	208	241	435	1.32e-79	294
3b602819-4c71-4026-bdf7-c11a4317b189	NR_164626.1	95.200	250	4	6	3	247	248	2	7.13e-108	388
3b602819-4c71-4026-bdf7-c11a4317b189	NR_024912.1	95.181	249	4	6	3	246	251	6	2.56e-107	387
3b602819-4c71-4026-bdf7-c11a4317b189	NR_025586.1	95.181	249	4	6	3	246	246	1	2.56e-107	387
3b602819-4c71-4026-bdf7-c11a4317b189	NR_025587.1	95.181	249	4	6	3	246	246	1	2.56e-107	387
3b602819-4c71-4026-bdf7-c11a4317b189	NR_028706.1	95.181	249	4	6	3	246	259	14	2.56e-107	387
1b04f2a8-db6c-4d0e-9d84-e17cc8303c92	NR_114479.1	97.351	151	1	1	1	148	1328	1478	1.55e-67	254
1b04f2a8-db6c-4d0e-9d84-e17cc8303c92	NR_199514.1	99.286	140	1	0	1	140	1332	1471	1.55e-67	254
1b04f2a8-db6c-4d0e-9d84-e17cc8303c92	NR_040859.1	99.281	139	1	0	1	139	1324	1462	5.58e-67	252
1b04f2a8-db6c-4d0e-9d84-e17cc8303c92	NR_040992.1	99.281	139	1	0	1	139	1332	1470	5.58e-67	252
1b04f2a8-db6c-4d0e-9d84-e17cc8303c92	NR_025881.1	99.281	139	1	0	1	139	1330	1468	5.58e-67	252
c54ae0eb-f348-41a0-be28-e6b51a847f24	NR_024842.1	91.250	160	4	8	1	153	300	456	3.51e-54	209
c54ae0eb-f348-41a0-be28-e6b51a847f24	NR_036936.1	91.250	160	4	8	1	153	285	441	3.51e-54	209
c54ae0eb-f348-41a0-be28-e6b51a847f24	NR_028664.1	91.250	160	4	8	1	153	306	462	3.51e-54	209
c54ae0eb-f348-41a0-be28-e6b51a847f24	NR_029052.1	91.250	160	4	8	1	153	273	429	3.51e-54	209
c54ae0eb-f348-41a0-be28-e6b51a847f24	NR_042771.1	91.250	160	4	8	1	153	303	459	3.51e-54	209
06864464-523c-4d1d-9169-a032c75a18b1	NR_036830.1	96.269	134	2	1	1	134	969	1099	1.80e-56	217
06864464-523c-4d1d-9169-a032c75a18b1	NR_179482.1	96.269	134	2	1	1	134	890	1020	1.80e-56	217
06864464-523c-4d1d-9169-a032c75a18b1	NR_180078.1	96.269	134	2	1	1	134	1007	1137	1.80e-56	217
06864464-523c-4d1d-9169-a032c75a18b1	NR_181891.1	96.269	134	2	1	1	134	1010	1140	1.80e-56	217
06864464-523c-4d1d-9169-a032c75a18b1	NR_181810.1	96.269	134	2	1	1	134	1004	1134	1.80e-56	217
3ec610ef-3c9a-4a63-8efa-ca7ed7df3c29	NR_074980.1	88.757	169	7	9	5	163	180	14	2.92e-50	196
3ec610ef-3c9a-4a63-8efa-ca7ed7df3c29	NR_113031.1	88.757	169	7	9	5	163	180	14	2.92e-50	196
3ec610ef-3c9a-4a63-8efa-ca7ed7df3c29	NR_163639.1	88.757	169	7	9	5	163	172	6	2.92e-50	196
3ec610ef-3c9a-4a63-8efa-ca7ed7df3c29	NR_119168.1	88.750	160	7	8	5	155	158	1	6.32e-47	185
3ec610ef-3c9a-4a63-8efa-ca7ed7df3c29	NR_119169.1	88.750	160	7	8	5	155	158	1	6.32e-47	185
c1ce4f94-26c9-4d37-bc35-2b1dbe988f41	NR_024918.1	94.685	508	16	9	12	516	561	1060	0.0	778
c1ce4f94-26c9-4d37-bc35-2b1dbe988f41	NR_037135.1	94.685	508	16	9	12	516	528	1027	0.0	778
c1ce4f94-26c9-4d37-bc35-2b1dbe988f41	NR_041953.1	94.685	508	16	9	12	516	548	1047	0.0	778
c1ce4f94-26c9-4d37-bc35-2b1dbe988f41	NR_042543.1	94.685	508	16	9	12	516	548	1047	0.0	778
c1ce4f94-26c9-4d37-bc35-2b1dbe988f41	NR_028929.1	94.685	508	16	9	12	516	565	1064	0.0	778
e75e36fb-7689-4598-b254-63999052a1e5	NR_199513.1	94.189	1394	46	28	1	1374	1400	22	0.0	2093
e75e36fb-7689-4598-b254-63999052a1e5	NR_156986.1	94.122	1395	45	29	1	1374	1381	3	0.0	2087
e75e36fb-7689-4598-b254-63999052a1e5	NR_024912.1	94.046	1394	48	29	1	1374	1386	8	0.0	2082
e75e36fb-7689-4598-b254-63999052a1e5	NR_156987.1	94.050	1395	46	29	1	1374	1381	3	0.0	2082
e75e36fb-7689-4598-b254-63999052a1e5	NR_024928.1	93.978	1395	47	29	1	1374	1386	8	0.0	2078
ab9f7f87-7704-45b6-b111-359e4b0e43bf	NR_024912.1	91.966	473	15	19	16	475	475	13	0.0	641
ab9f7f87-7704-45b6-b111-359e4b0e43bf	NR_156986.1	91.966	473	15	19	16	475	470	8	0.0	641
ab9f7f87-7704-45b6-b111-359e4b0e43bf	NR_042147.1	91.949	472	15	19	16	474	462	1	0.0	640
ab9f7f87-7704-45b6-b111-359e4b0e43bf	NR_178976.1	92.094	468	15	18	16	471	461	4	0.0	640
ab9f7f87-7704-45b6-b111-359e4b0e43bf	NR_024901.1	91.755	473	16	19	16	475	475	13	0.0	636
820fd3ba-3f64-47e8-802f-628ffbca0dab	NR_117694.1	95.756	589	15	7	1	581	591	5	0.0	941
820fd3ba-3f64-47e8-802f-628ffbca0dab	NR_025892.1	94.567	589	21	9	1	581	616	31	0.0	915
820fd3ba-3f64-47e8-802f-628ffbca0dab	NR_121687.1	93.729	590	25	9	1	581	611	25	0.0	874
820fd3ba-3f64-47e8-802f-628ffbca0dab	NR_117692.1	93.379	589	29	7	1	581	591	5	0.0	863
820fd3ba-3f64-47e8-802f-628ffbca0dab	NR_041989.1	94.918	551	17	8	1	542	549	1	0.0	852
cf0cd7ad-b2e9-4d61-9316-dd3df8496499	NR_117694.1	92.913	381	15	10	1	374	1095	1470	2.25e-154	544
cf0cd7ad-b2e9-4d61-9316-dd3df8496499	NR_040933.1	92.651	381	16	10	1	374	1117	1492	1.04e-152	538
cf0cd7ad-b2e9-4d61-9316-dd3df8496499	NR_117717.1	92.651	381	16	10	1	374	1115	1490	1.04e-152	538
cf0cd7ad-b2e9-4d61-9316-dd3df8496499	NR_121688.1	92.651	381	16	10	1	374	1115	1490	1.04e-152	538
cf0cd7ad-b2e9-4d61-9316-dd3df8496499	NR_117696.1	92.651	381	16	10	1	374	1082	1457	1.04e-152	538
e16f004e-4019-4b13-8798-866a2a2d61a8	NR_024912.1	95.290	276	5	7	4	272	443	169	1.30e-120	431
e16f004e-4019-4b13-8798-866a2a2d61a8	NR_025228.1	95.290	276	5	7	4	272	426	152	1.30e-120	431
e16f004e-4019-4b13-8798-866a2a2d61a8	NR_043314.1	95.290	276	5	7	4	272	447	173	1.30e-120	431
e16f004e-4019-4b13-8798-866a2a2d61a8	NR_041953.1	95.290	276	5	7	4	272	430	156	1.30e-120	431
e16f004e-4019-4b13-8798-866a2a2d61a8	NR_042147.1	95.290	276	5	7	4	272	430	156	1.30e-120	431
5f20dbb3-f0a4-410c-bd11-2bbf2751ac43	NR_156986.1	92.116	964	40	28	1	952	940	1	0.0	1327
5f20dbb3-f0a4-410c-bd11-2bbf2751ac43	NR_178976.1	93.407	910	35	20	1	900	931	37	0.0	1325
5f20dbb3-f0a4-410c-bd11-2bbf2751ac43	NR_113600.1	93.297	910	36	20	1	900	932	38	0.0	1321
5f20dbb3-f0a4-410c-bd11-2bbf2751ac43	NR_156987.1	92.012	964	41	28	1	952	940	1	0.0	1321
5f20dbb3-f0a4-410c-bd11-2bbf2751ac43	NR_199514.1	92.012	964	41	28	1	952	952	13	0.0	1321
e4ba0c84-3273-4541-b51c-c97b68d88196	NR_041799.1	93.061	807	42	13	7	807	652	1450	0.0	1168
e4ba0c84-3273-4541-b51c-c97b68d88196	NR_114227.1	93.061	807	42	13	7	807	652	1450	0.0	1168
e4ba0c84-3273-4541-b51c-c97b68d88196	NR_114481.1	93.061	807	42	13	7	807	661	1459	0.0	1168
e4ba0c84-3273-4541-b51c-c97b68d88196	NR_116899.1	93.061	807	42	13	7	807	639	1437	0.0	1168
e4ba0c84-3273-4541-b51c-c97b68d88196	NR_117823.1	93.061	807	42	13	7	807	624	1422	0.0	1168
1873f3be-c6c0-4914-bd58-43513883c8b9	NR_042927.1	96.860	605	10	8	1	601	677	1276	0.0	1003
1873f3be-c6c0-4914-bd58-43513883c8b9	NR_114413.1	96.860	605	10	8	1	601	700	1299	0.0	1003
1873f3be-c6c0-4914-bd58-43513883c8b9	NR_115734.1	96.860	605	10	8	1	601	678	1277	0.0	1003
1873f3be-c6c0-4914-bd58-43513883c8b9	NR_116210.1	96.860	605	10	8	1	601	540	1139	0.0	1003
1873f3be-c6c0-4914-bd58-43513883c8b9	NR_179385.1	96.860	605	10	8	1	601	699	1298	0.0	1003
657e0a42-6461-4069-8b82-d1c5e52bc9f7	NR_043314.1	97.487	557	12	2	1	555	928	1484	0.0	950
657e0a42-6461-4069-8b82-d1c5e52bc9f7	NR_116899.1	97.487	557	12	2	1	555	897	1453	0.0	950
657e0a42-6461-4069-8b82-d1c5e52bc9f7	NR_178854.1	97.487	557	12	2	1	555	909	1465	0.0	950
657e0a42-6461-4069-8b82-d1c5e52bc9f7	NR_179889.1	97.487	557	12	2	1	555	937	1493	0.0	950
657e0a42-6461-4069-8b82-d1c5e52bc9f7	NR_041799.1	97.307	557	13	2	1	555	910	1466	0.0	944
654706e3-ba43-4f37-997e-b392eaaa2cc7	NR_043314.1	94.142	478	12	5	1	463	1005	1481	0.0	713
654706e3-ba43-4f37-997e-b392eaaa2cc7	NR_114749.1	94.142	478	12	5	1	463	1007	1483	0.0	713
654706e3-ba43-4f37-997e-b392eaaa2cc7	NR_116899.1	94.142	478	12	5	1	463	974	1450	0.0	713
654706e3-ba43-4f37-997e-b392eaaa2cc7	NR_178854.1	94.142	478	12	5	1	463	986	1462	0.0	713
654706e3-ba43-4f37-997e-b392eaaa2cc7	NR_179889.1	94.142	478	12	5	1	463	1014	1490	0.0	713
05131523-aea6-45bd-a663-5b6c9fca382a	NR_041799.1	96.841	823	9	10	1	812	650	1466	0.0	1360
05131523-aea6-45bd-a663-5b6c9fca382a	NR_181265.1	96.719	823	10	10	1	812	677	1493	0.0	1354
05131523-aea6-45bd-a663-5b6c9fca382a	NR_114227.1	96.825	819	9	10	1	808	650	1462	0.0	1352
05131523-aea6-45bd-a663-5b6c9fca382a	NR_169411.1	96.598	823	11	10	1	812	670	1486	0.0	1349
05131523-aea6-45bd-a663-5b6c9fca382a	NR_179168.1	96.598	823	11	10	1	812	673	1489	0.0	1349
220d320e-6790-4aba-8ae3-e46973939ccc	NR_044873.1	88.719	1046	59	43	3	1006	376	1404	0.0	1223
220d320e-6790-4aba-8ae3-e46973939ccc	NR_109752.1	87.380	1046	72	43	3	1006	398	1425	0.0	1146
220d320e-6790-4aba-8ae3-e46973939ccc	NR_178360.1	87.380	1046	72	43	3	1006	354	1381	0.0	1146
220d320e-6790-4aba-8ae3-e46973939ccc	NR_043968.1	86.347	1106	78	52	3	1054	345	1431	0.0	1138
220d320e-6790-4aba-8ae3-e46973939ccc	NR_025310.1	87.202	1047	72	46	3	1006	367	1394	0.0	1134
bd9705ae-e780-4498-bff7-46e6d8310b32	NR_043314.1	97.244	508	9	3	1	508	982	1484	0.0	856
bd9705ae-e780-4498-bff7-46e6d8310b32	NR_116899.1	97.244	508	9	3	1	508	951	1453	0.0	856
bd9705ae-e780-4498-bff7-46e6d8310b32	NR_178854.1	97.244	508	9	3	1	508	963	1465	0.0	856
bd9705ae-e780-4498-bff7-46e6d8310b32	NR_179889.1	97.244	508	9	3	1	508	991	1493	0.0	856
bd9705ae-e780-4498-bff7-46e6d8310b32	NR_041799.1	97.047	508	10	3	1	508	964	1466	0.0	850
315a65c9-1df6-4547-a388-5837c36114e5	NR_180078.1	98.113	424	4	4	1	421	742	1164	0.0	736
315a65c9-1df6-4547-a388-5837c36114e5	NR_118155.1	97.877	424	5	4	1	421	745	1167	0.0	730
315a65c9-1df6-4547-a388-5837c36114e5	NR_169411.1	97.877	424	5	4	1	421	742	1164	0.0	730
315a65c9-1df6-4547-a388-5837c36114e5	NR_179168.1	97.877	424	5	4	1	421	745	1167	0.0	730
315a65c9-1df6-4547-a388-5837c36114e5	NR_180737.1	97.877	424	5	4	1	421	723	1145	0.0	730
225b07ed-bd86-40a5-8e0a-237763cd0213	NR_156994.1	84.750	400	41	17	1	386	4	397	5.37e-106	383
225b07ed-bd86-40a5-8e0a-237763cd0213	NR_156998.1	84.635	397	40	18	5	386	1	391	8.99e-104	375
225b07ed-bd86-40a5-8e0a-237763cd0213	NR_114550.1	84.289	401	41	18	1	386	22	415	3.23e-103	374
225b07ed-bd86-40a5-8e0a-237763cd0213	NR_114428.1	84.080	402	41	18	1	386	24	418	4.18e-102	370
225b07ed-bd86-40a5-8e0a-237763cd0213	NR_156996.1	83.541	401	44	18	1	386	24	417	3.26e-98	357
4b0a80ce-0f1b-446b-aa15-a3d280ecd1b0	NR_156986.1	96.112	1003	23	15	4	996	997	1	0.0	1622
4b0a80ce-0f1b-446b-aa15-a3d280ecd1b0	NR_199513.1	96.016	1004	26	13	4	998	1016	18	0.0	1620
4b0a80ce-0f1b-446b-aa15-a3d280ecd1b0	NR_156987.1	96.012	1003	24	15	4	996	997	1	0.0	1616
4b0a80ce-0f1b-446b-aa15-a3d280ecd1b0	NR_199514.1	96.012	1003	24	15	4	996	1009	13	0.0	1616
4b0a80ce-0f1b-446b-aa15-a3d280ecd1b0	NR_024901.1	95.912	1003	25	15	4	996	1002	6	0.0	1611
09d5669a-8d2f-43d7-8544-42a713cdda5e	NR_156986.1	94.952	1050	23	22	1	1029	1041	1	0.0	1618
09d5669a-8d2f-43d7-8544-42a713cdda5e	NR_199513.1	94.867	1052	26	20	1	1032	1060	17	0.0	1618
09d5669a-8d2f-43d7-8544-42a713cdda5e	NR_024901.1	94.777	1053	25	22	1	1032	1046	3	0.0	1613
09d5669a-8d2f-43d7-8544-42a713cdda5e	NR_024928.1	94.777	1053	25	22	1	1032	1046	3	0.0	1613
09d5669a-8d2f-43d7-8544-42a713cdda5e	NR_156987.1	94.857	1050	24	22	1	1029	1041	1	0.0	1613
cb776c4e-c6ec-4987-a3e1-13f3b050c707	NR_165737.1	97.472	791	9	10	1	785	686	1471	0.0	1339
cb776c4e-c6ec-4987-a3e1-13f3b050c707	NR_024842.1	97.233	795	10	11	1	789	701	1489	0.0	1336
cb776c4e-c6ec-4987-a3e1-13f3b050c707	NR_115735.1	97.229	794	10	11	1	788	677	1464	0.0	1334
cb776c4e-c6ec-4987-a3e1-13f3b050c707	NR_036936.1	97.219	791	11	10	1	785	686	1471	0.0	1328
cb776c4e-c6ec-4987-a3e1-13f3b050c707	NR_156072.1	96.981	795	12	10	1	789	706	1494	0.0	1325
db348b66-496d-4bcc-aac5-d7712fb207d3	NR_024928.1	96.215	1453	34	18	3	1440	1454	8	0.0	2361
db348b66-496d-4bcc-aac5-d7712fb207d3	NR_113600.1	96.268	1447	33	18	3	1434	1441	1	0.0	2355
db348b66-496d-4bcc-aac5-d7712fb207d3	NR_114225.1	96.268	1447	33	18	3	1434	1441	1	0.0	2355
db348b66-496d-4bcc-aac5-d7712fb207d3	NR_024901.1	96.146	1453	35	18	3	1440	1454	8	0.0	2353
db348b66-496d-4bcc-aac5-d7712fb207d3	NR_199514.1	96.146	1453	35	18	3	1440	1461	15	0.0	2353
d496f676-25d3-4d79-8621-607a632363c8	NR_029050.1	94.933	375	8	4	1	364	1371	997	2.15e-164	577
d496f676-25d3-4d79-8621-607a632363c8	NR_043314.1	94.933	375	8	4	1	364	1421	1047	2.15e-164	577
d496f676-25d3-4d79-8621-607a632363c8	NR_116905.1	94.933	375	8	4	1	364	1424	1050	2.15e-164	577
d496f676-25d3-4d79-8621-607a632363c8	NR_114749.1	94.933	375	8	4	1	364	1423	1049	2.15e-164	577
d496f676-25d3-4d79-8621-607a632363c8	NR_116899.1	94.933	375	8	4	1	364	1390	1016	2.15e-164	577
41178580-c91d-4d61-8696-8ab1c8ca196c	NR_024901.1	96.614	443	8	5	1	440	451	13	0.0	728
41178580-c91d-4d61-8696-8ab1c8ca196c	NR_024912.1	96.614	443	8	5	1	440	451	13	0.0	728
41178580-c91d-4d61-8696-8ab1c8ca196c	NR_024928.1	96.614	443	8	5	1	440	451	13	0.0	728
41178580-c91d-4d61-8696-8ab1c8ca196c	NR_043425.1	96.614	443	8	5	1	440	456	18	0.0	728
41178580-c91d-4d61-8696-8ab1c8ca196c	NR_156986.1	96.614	443	8	5	1	440	446	8	0.0	728
93352407-1ade-4429-816f-7041defd87fc	NR_024912.1	92.254	284	14	7	57	335	294	14	6.12e-110	396
93352407-1ade-4429-816f-7041defd87fc	NR_025164.1	92.254	284	14	7	57	335	281	1	6.12e-110	396
93352407-1ade-4429-816f-7041defd87fc	NR_028706.1	92.254	284	14	7	57	335	302	22	6.12e-110	396
93352407-1ade-4429-816f-7041defd87fc	NR_037092.1	92.254	284	14	7	57	335	299	19	6.12e-110	396
93352407-1ade-4429-816f-7041defd87fc	NR_042147.1	92.254	284	14	7	57	335	281	1	6.12e-110	396
a7e5c193-d791-4325-b3ab-ac53a0912d1c	NR_024841.1	91.163	215	10	5	11	217	1225	1012	3.18e-76	283
a7e5c193-d791-4325-b3ab-ac53a0912d1c	NR_036936.1	91.163	215	10	5	11	217	1211	998	3.18e-76	283
a7e5c193-d791-4325-b3ab-ac53a0912d1c	NR_028665.1	91.163	215	10	5	11	217	1226	1013	3.18e-76	283
a7e5c193-d791-4325-b3ab-ac53a0912d1c	NR_042927.1	91.163	215	10	5	11	217	1211	998	3.18e-76	283
a7e5c193-d791-4325-b3ab-ac53a0912d1c	NR_109720.1	91.163	215	10	5	11	217	1205	992	3.18e-76	283
26c29a08-e09d-464a-bdf1-c1ebfe5a2eb2	NR_028664.1	92.416	1134	34	42	1	1095	376	1496	0.0	1570
26c29a08-e09d-464a-bdf1-c1ebfe5a2eb2	NR_179383.1	92.416	1134	34	42	1	1095	380	1500	0.0	1570
26c29a08-e09d-464a-bdf1-c1ebfe5a2eb2	NR_042927.1	92.478	1130	33	42	1	1091	355	1471	0.0	1568
26c29a08-e09d-464a-bdf1-c1ebfe5a2eb2	NR_115734.1	92.478	1130	33	42	1	1091	356	1472	0.0	1568
26c29a08-e09d-464a-bdf1-c1ebfe5a2eb2	NR_179540.1	92.416	1134	33	43	1	1095	373	1492	0.0	1568
d44924aa-e554-4b62-bfd3-6e5e525e91f0	NR_156986.1	95.979	1169	26	18	1	1155	1162	1	0.0	1879
d44924aa-e554-4b62-bfd3-6e5e525e91f0	NR_024928.1	95.894	1169	27	18	1	1155	1167	6	0.0	1873
d44924aa-e554-4b62-bfd3-6e5e525e91f0	NR_156987.1	95.894	1169	27	18	1	1155	1162	1	0.0	1873
d44924aa-e554-4b62-bfd3-6e5e525e91f0	NR_199514.1	95.894	1169	27	18	1	1155	1174	13	0.0	1873
d44924aa-e554-4b62-bfd3-6e5e525e91f0	NR_199513.1	95.812	1170	30	16	1	1157	1181	18	0.0	1871
12c24dc2-957d-491d-a0cb-3f6bd8a60bd7	NR_024918.1	92.197	487	26	10	1	475	990	1476	0.0	678
12c24dc2-957d-491d-a0cb-3f6bd8a60bd7	NR_043314.1	92.197	487	26	10	1	475	995	1481	0.0	678
12c24dc2-957d-491d-a0cb-3f6bd8a60bd7	NR_042147.1	92.197	487	26	10	1	475	977	1463	0.0	678
12c24dc2-957d-491d-a0cb-3f6bd8a60bd7	NR_116899.1	92.197	487	26	10	1	475	964	1450	0.0	678
12c24dc2-957d-491d-a0cb-3f6bd8a60bd7	NR_164626.1	92.197	487	26	10	1	475	987	1473	0.0	678
c219aa98-2a28-4313-b534-931fd4a88ac0	NR_114413.1	84.006	719	84	22	1	696	725	15	0.0	662
c219aa98-2a28-4313-b534-931fd4a88ac0	NR_042927.1	91.546	485	31	9	1	478	702	221	0.0	660
c219aa98-2a28-4313-b534-931fd4a88ac0	NR_042928.1	84.225	710	79	23	1	687	700	1	0.0	660
c219aa98-2a28-4313-b534-931fd4a88ac0	NR_112026.1	91.546	485	31	9	1	478	683	202	0.0	660
c219aa98-2a28-4313-b534-931fd4a88ac0	NR_115734.1	91.546	485	31	9	1	478	703	222	0.0	660
64f2ab02-4fdb-4522-8060-b342652376a0	NR_117692.1	93.675	664	30	10	1	658	810	1467	0.0	983
64f2ab02-4fdb-4522-8060-b342652376a0	NR_117694.1	93.675	664	30	11	1	658	810	1467	0.0	983
64f2ab02-4fdb-4522-8060-b342652376a0	NR_025902.1	93.373	664	32	10	1	658	788	1445	0.0	972
64f2ab02-4fdb-4522-8060-b342652376a0	NR_025892.1	93.313	658	32	11	1	652	835	1486	0.0	966
64f2ab02-4fdb-4522-8060-b342652376a0	NR_121687.1	93.233	665	31	12	1	658	830	1487	0.0	966
c20b79a0-a735-4fdd-afb5-de73957c70f0	NR_116899.1	97.696	955	14	5	13	961	498	1450	0.0	1635
c20b79a0-a735-4fdd-afb5-de73957c70f0	NR_024918.1	97.592	955	15	5	13	961	524	1476	0.0	1629
c20b79a0-a735-4fdd-afb5-de73957c70f0	NR_041953.1	97.592	955	15	5	13	961	511	1463	0.0	1629
c20b79a0-a735-4fdd-afb5-de73957c70f0	NR_042541.1	97.592	955	15	5	13	961	511	1463	0.0	1629
c20b79a0-a735-4fdd-afb5-de73957c70f0	NR_117826.1	97.592	955	15	5	13	961	483	1435	0.0	1629
0c139288-4e8d-4b51-b59e-197feef8d9f4	NR_117717.1	93.633	534	24	10	1	529	964	1492	0.0	789
0c139288-4e8d-4b51-b59e-197feef8d9f4	NR_117696.1	93.633	534	24	10	1	529	931	1459	0.0	789
0c139288-4e8d-4b51-b59e-197feef8d9f4	NR_159079.1	93.446	534	25	10	1	529	940	1468	0.0	784
0c139288-4e8d-4b51-b59e-197feef8d9f4	NR_117694.1	93.446	534	25	10	1	529	944	1472	0.0	784
0c139288-4e8d-4b51-b59e-197feef8d9f4	NR_025902.1	93.258	534	26	10	1	529	922	1450	0.0	778
829c3860-8d35-49a4-a4fb-a318cc4771a8	NR_024912.1	95.775	568	12	9	4	563	569	6	0.0	905
829c3860-8d35-49a4-a4fb-a318cc4771a8	NR_156986.1	95.775	568	12	9	4	563	564	1	0.0	905
829c3860-8d35-49a4-a4fb-a318cc4771a8	NR_024901.1	95.599	568	13	9	4	563	569	6	0.0	900
829c3860-8d35-49a4-a4fb-a318cc4771a8	NR_024928.1	95.599	568	13	9	4	563	569	6	0.0	900
829c3860-8d35-49a4-a4fb-a318cc4771a8	NR_156987.1	95.599	568	13	9	4	563	564	1	0.0	900
07297655-2ed2-44a9-aa18-74219fa77b92	NR_024912.1	95.788	546	13	9	3	543	561	21	0.0	872
07297655-2ed2-44a9-aa18-74219fa77b92	NR_042147.1	95.788	546	13	9	3	543	548	8	0.0	872
07297655-2ed2-44a9-aa18-74219fa77b92	NR_156986.1	95.788	546	13	9	3	543	556	16	0.0	872
07297655-2ed2-44a9-aa18-74219fa77b92	NR_178976.1	95.788	546	13	9	3	543	547	7	0.0	872
07297655-2ed2-44a9-aa18-74219fa77b92	NR_037092.1	95.780	545	14	8	3	543	565	26	0.0	870
68a971bb-a062-4190-9e66-18e2710439ed	NR_181566.1	85.561	838	75	31	8	820	645	1461	0.0	835
68a971bb-a062-4190-9e66-18e2710439ed	NR_137384.1	85.544	837	76	32	8	820	625	1440	0.0	833
68a971bb-a062-4190-9e66-18e2710439ed	NR_116657.1	85.203	838	78	32	8	820	625	1441	0.0	822
68a971bb-a062-4190-9e66-18e2710439ed	NR_027192.1	84.964	838	80	32	8	820	635	1451	0.0	808
68a971bb-a062-4190-9e66-18e2710439ed	NR_041021.1	84.935	843	77	35	17	831	650	1470	0.0	808
27444e0b-5ff4-4cba-a1a3-e58b75ad78cc	NR_041989.1	96.075	1325	33	18	1	1313	1318	1	0.0	2141
27444e0b-5ff4-4cba-a1a3-e58b75ad78cc	NR_117692.1	94.531	1353	55	18	1	1341	1360	15	0.0	2071
27444e0b-5ff4-4cba-a1a3-e58b75ad78cc	NR_117696.1	94.383	1353	57	18	1	1341	1347	2	0.0	2060
27444e0b-5ff4-4cba-a1a3-e58b75ad78cc	NR_117717.1	94.305	1352	59	17	1	1341	1380	36	0.0	2054
27444e0b-5ff4-4cba-a1a3-e58b75ad78cc	NR_117701.1	94.235	1353	59	18	1	1341	1360	15	0.0	2049
fd6a9ad4-039f-48a4-8df8-dc296d07a367	NR_156072.1	95.374	281	8	4	1	280	1221	1497	6.16e-124	442
fd6a9ad4-039f-48a4-8df8-dc296d07a367	NR_158064.1	95.035	282	8	5	1	280	1223	1500	7.97e-123	438
fd6a9ad4-039f-48a4-8df8-dc296d07a367	NR_028665.1	95.018	281	9	4	1	280	1216	1492	2.87e-122	436
fd6a9ad4-039f-48a4-8df8-dc296d07a367	NR_104972.1	95.018	281	9	4	1	280	1201	1477	2.87e-122	436
fd6a9ad4-039f-48a4-8df8-dc296d07a367	NR_179385.1	95.018	281	9	4	1	280	1223	1499	2.87e-122	436
20a81f36-9bd0-4c41-b7f6-ac1fcf6868f7	NR_041989.1	96.679	271	7	2	1	270	1151	882	3.59e-126	449
20a81f36-9bd0-4c41-b7f6-ac1fcf6868f7	NR_028900.1	96.310	271	8	2	1	270	1151	882	1.67e-124	444
20a81f36-9bd0-4c41-b7f6-ac1fcf6868f7	NR_043458.1	96.310	271	8	2	1	270	1214	945	1.67e-124	444
20a81f36-9bd0-4c41-b7f6-ac1fcf6868f7	NR_043459.1	96.310	271	8	2	1	270	1217	948	1.67e-124	444
20a81f36-9bd0-4c41-b7f6-ac1fcf6868f7	NR_104947.1	96.310	271	8	2	1	270	1166	897	1.67e-124	444
368ff178-81a4-44e1-83c7-2055696753f4	NR_024924.1	96.981	265	4	3	1	261	601	865	5.85e-124	442
368ff178-81a4-44e1-83c7-2055696753f4	NR_102854.1	96.981	265	4	3	1	261	610	874	5.85e-124	442
368ff178-81a4-44e1-83c7-2055696753f4	NR_115336.1	96.981	265	4	3	1	261	596	860	5.85e-124	442
368ff178-81a4-44e1-83c7-2055696753f4	NR_134794.1	96.981	265	4	3	1	261	553	817	5.85e-124	442
368ff178-81a4-44e1-83c7-2055696753f4	NR_135703.1	96.981	265	4	3	1	261	622	886	5.85e-124	442
efb91eac-381d-4101-895a-6d297988ed6f	NR_043314.1	96.501	343	9	3	12	352	1140	1481	1.63e-160	564
efb91eac-381d-4101-895a-6d297988ed6f	NR_114749.1	96.501	343	9	3	12	352	1142	1483	1.63e-160	564
efb91eac-381d-4101-895a-6d297988ed6f	NR_116899.1	96.501	343	9	3	12	352	1109	1450	1.63e-160	564
efb91eac-381d-4101-895a-6d297988ed6f	NR_178854.1	96.501	343	9	3	12	352	1121	1462	1.63e-160	564
efb91eac-381d-4101-895a-6d297988ed6f	NR_179889.1	96.501	343	9	3	12	352	1149	1490	1.63e-160	564
b3274c30-42c5-4ffc-85c1-a22c415a6ebb	NR_156986.1	96.020	980	20	18	1	967	975	2	0.0	1576
b3274c30-42c5-4ffc-85c1-a22c415a6ebb	NR_178976.1	96.193	972	18	18	1	959	966	1	0.0	1572
b3274c30-42c5-4ffc-85c1-a22c415a6ebb	NR_113600.1	96.095	973	19	18	1	960	967	1	0.0	1570
b3274c30-42c5-4ffc-85c1-a22c415a6ebb	NR_156987.1	95.918	980	21	18	1	967	975	2	0.0	1570
b3274c30-42c5-4ffc-85c1-a22c415a6ebb	NR_199514.1	95.918	980	21	18	1	967	987	14	0.0	1570
7d73f512-93d8-4421-8287-4aff5999a971	NR_117694.1	96.396	444	9	6	1	441	1028	1467	0.0	725
7d73f512-93d8-4421-8287-4aff5999a971	NR_040933.1	96.171	444	10	6	1	441	1050	1489	0.0	719
7d73f512-93d8-4421-8287-4aff5999a971	NR_117717.1	96.171	444	10	6	1	441	1048	1487	0.0	719
7d73f512-93d8-4421-8287-4aff5999a971	NR_121688.1	96.171	444	10	6	1	441	1048	1487	0.0	719
7d73f512-93d8-4421-8287-4aff5999a971	NR_117696.1	96.171	444	10	6	1	441	1015	1454	0.0	719
87db2a63-aa13-4c28-abbe-f585813a3b67	NR_156986.1	97.438	1054	16	10	11	1058	1049	1	0.0	1786
87db2a63-aa13-4c28-abbe-f585813a3b67	NR_156987.1	97.343	1054	17	10	11	1058	1049	1	0.0	1781
87db2a63-aa13-4c28-abbe-f585813a3b67	NR_199514.1	97.343	1054	17	10	11	1058	1061	13	0.0	1781
87db2a63-aa13-4c28-abbe-f585813a3b67	NR_199513.1	97.249	1054	20	8	11	1059	1068	19	0.0	1777
87db2a63-aa13-4c28-abbe-f585813a3b67	NR_024901.1	97.249	1054	18	10	11	1058	1054	6	0.0	1775
4563ef8e-f5f4-4847-b1e6-a5098f2b9f59	NR_024842.1	94.677	526	8	12	1	514	1312	795	0.0	798
4563ef8e-f5f4-4847-b1e6-a5098f2b9f59	NR_036799.1	85.444	529	49	25	1	514	1290	775	1.14e-148	525
4563ef8e-f5f4-4847-b1e6-a5098f2b9f59	NR_112214.1	85.444	529	49	25	1	514	1286	771	1.14e-148	525
4563ef8e-f5f4-4847-b1e6-a5098f2b9f59	NR_113764.1	85.444	529	49	25	1	514	1288	773	1.14e-148	525
4563ef8e-f5f4-4847-b1e6-a5098f2b9f59	NR_036798.1	85.255	529	50	25	1	514	1290	775	5.30e-147	520
4d2e7dd2-a62c-4368-b48e-62866468ff5b	NR_043314.1	91.000	300	18	6	1	295	1184	1479	5.27e-110	396
4d2e7dd2-a62c-4368-b48e-62866468ff5b	NR_114225.1	91.000	300	18	6	1	295	1166	1461	5.27e-110	396
4d2e7dd2-a62c-4368-b48e-62866468ff5b	NR_114749.1	91.000	300	18	6	1	295	1186	1481	5.27e-110	396
4d2e7dd2-a62c-4368-b48e-62866468ff5b	NR_116899.1	91.000	300	18	6	1	295	1153	1448	5.27e-110	396
4d2e7dd2-a62c-4368-b48e-62866468ff5b	NR_178854.1	91.000	300	18	6	1	295	1165	1460	5.27e-110	396
90814389-e6f3-4106-8f4b-afa21299792c	NR_136788.1	96.245	1225	24	17	1	1216	265	1476	0.0	1988
90814389-e6f3-4106-8f4b-afa21299792c	NR_026230.1	92.985	1226	62	19	1	1216	243	1454	0.0	1773
90814389-e6f3-4106-8f4b-afa21299792c	NR_113082.1	92.845	1202	60	21	1	1191	265	1451	0.0	1720
90814389-e6f3-4106-8f4b-afa21299792c	NR_136443.1	88.452	1221	111	24	1	1208	226	1429	0.0	1447
90814389-e6f3-4106-8f4b-afa21299792c	NR_025052.1	87.094	1232	125	28	1	1216	241	1454	0.0	1363
4cc18e56-76e4-43aa-ac03-da759d1c0918	NR_115608.1	90.224	491	32	13	6	485	957	1442	8.08e-180	628
4cc18e56-76e4-43aa-ac03-da759d1c0918	NR_024918.1	90.795	478	28	13	6	472	991	1463	1.04e-178	625
4cc18e56-76e4-43aa-ac03-da759d1c0918	NR_025227.1	90.795	478	28	13	6	472	974	1446	1.04e-178	625
4cc18e56-76e4-43aa-ac03-da759d1c0918	NR_043314.1	90.795	478	28	13	6	472	996	1468	1.04e-178	625
4cc18e56-76e4-43aa-ac03-da759d1c0918	NR_042147.1	90.795	478	28	13	6	472	978	1450	1.04e-178	625
27fddb87-c02d-47b5-86e7-01d72fd018f7	NR_024918.1	88.913	460	26	22	1	443	1025	1476	2.70e-154	544
27fddb87-c02d-47b5-86e7-01d72fd018f7	NR_028986.1	88.913	460	26	22	1	443	1012	1463	2.70e-154	544
27fddb87-c02d-47b5-86e7-01d72fd018f7	NR_042199.1	88.913	460	26	22	1	443	1012	1463	2.70e-154	544
27fddb87-c02d-47b5-86e7-01d72fd018f7	NR_117821.1	88.913	460	26	22	1	443	984	1435	2.70e-154	544
27fddb87-c02d-47b5-86e7-01d72fd018f7	NR_164626.1	88.913	460	26	22	1	443	1022	1473	2.70e-154	544
38fcb575-f2b8-41bc-a60e-df83ea3b8432	NR_037092.1	92.253	981	43	24	2	961	980	12	0.0	1360
38fcb575-f2b8-41bc-a60e-df83ea3b8432	NR_156986.1	92.183	985	41	26	2	961	975	2	0.0	1360
38fcb575-f2b8-41bc-a60e-df83ea3b8432	NR_024901.1	92.081	985	42	28	2	961	980	7	0.0	1354
38fcb575-f2b8-41bc-a60e-df83ea3b8432	NR_024928.1	92.081	985	42	28	2	961	980	7	0.0	1354
38fcb575-f2b8-41bc-a60e-df83ea3b8432	NR_156987.1	92.081	985	42	26	2	961	975	2	0.0	1354
22ec7631-6570-4c9b-91d0-f3b84b6ed3c7	NR_179889.1	95.022	1125	31	21	1	1104	370	1490	0.0	1744
22ec7631-6570-4c9b-91d0-f3b84b6ed3c7	NR_041953.1	94.933	1125	32	21	1	1104	343	1463	0.0	1738
22ec7631-6570-4c9b-91d0-f3b84b6ed3c7	NR_042541.1	94.933	1125	32	21	1	1104	343	1463	0.0	1738
22ec7631-6570-4c9b-91d0-f3b84b6ed3c7	NR_178854.1	94.933	1125	31	22	1	1104	343	1462	0.0	1738
22ec7631-6570-4c9b-91d0-f3b84b6ed3c7	NR_178447.1	94.844	1125	33	21	1	1104	277	1397	0.0	1733
a9d86a8e-c8e8-481c-853f-8fb98e803799	NR_028664.1	94.857	350	8	9	3	345	362	16	9.64e-153	538
a9d86a8e-c8e8-481c-853f-8fb98e803799	NR_179383.1	94.857	350	8	9	3	345	366	20	9.64e-153	538
a9d86a8e-c8e8-481c-853f-8fb98e803799	NR_165744.1	94.302	351	10	9	3	346	348	1	5.80e-150	529
a9d86a8e-c8e8-481c-853f-8fb98e803799	NR_165747.1	95.029	342	7	9	3	337	339	1	5.80e-150	529
a9d86a8e-c8e8-481c-853f-8fb98e803799	NR_117719.1	94.286	350	10	9	3	345	359	13	2.09e-149	527
c39e12be-6508-482e-8c9d-d6c8b3f1051d	NR_104972.1	93.569	311	18	2	1	311	1126	1434	6.02e-130	462
c39e12be-6508-482e-8c9d-d6c8b3f1051d	NR_036936.1	96.739	276	7	2	1	276	1126	1399	7.79e-129	459
c39e12be-6508-482e-8c9d-d6c8b3f1051d	NR_025453.1	96.739	276	7	2	1	276	1126	1399	7.79e-129	459
c39e12be-6508-482e-8c9d-d6c8b3f1051d	NR_028666.1	96.739	276	7	2	1	276	1150	1423	7.79e-129	459
c39e12be-6508-482e-8c9d-d6c8b3f1051d	NR_028833.1	96.739	276	7	2	1	276	1153	1426	7.79e-129	459
57943547-c6a0-46e2-8e05-3c7443979147	NR_164626.1	91.943	422	22	8	1	419	413	1	2.49e-165	580
57943547-c6a0-46e2-8e05-3c7443979147	NR_024909.1	91.905	420	22	8	1	417	416	6	3.23e-164	577
57943547-c6a0-46e2-8e05-3c7443979147	NR_024912.1	91.905	420	22	8	1	417	416	6	3.23e-164	577
57943547-c6a0-46e2-8e05-3c7443979147	NR_028706.1	91.905	420	22	8	1	417	424	14	3.23e-164	577
57943547-c6a0-46e2-8e05-3c7443979147	NR_042939.1	91.905	420	22	8	1	417	422	12	3.23e-164	577
265c3ef4-79ed-48f5-9ae6-ae55a79fa2e1	NR_117694.1	95.878	1213	20	22	4	1197	1366	165	0.0	1936
265c3ef4-79ed-48f5-9ae6-ae55a79fa2e1	NR_121687.1	95.458	1211	27	20	4	1196	1386	186	0.0	1906
265c3ef4-79ed-48f5-9ae6-ae55a79fa2e1	NR_041989.1	95.218	1213	28	22	4	1197	1324	123	0.0	1892
265c3ef4-79ed-48f5-9ae6-ae55a79fa2e1	NR_041988.1	95.045	1211	32	20	4	1196	1324	124	0.0	1879
265c3ef4-79ed-48f5-9ae6-ae55a79fa2e1	NR_117692.1	94.897	1215	28	25	4	1197	1366	165	0.0	1869
93f1347f-4f9e-472f-a077-d2cdad2fbe63	NR_041989.1	94.776	536	12	13	1	525	531	1	0.0	821
93f1347f-4f9e-472f-a077-d2cdad2fbe63	NR_117694.1	92.055	579	24	19	1	563	573	1	0.0	795
93f1347f-4f9e-472f-a077-d2cdad2fbe63	NR_121688.1	91.096	584	32	18	1	569	593	15	0.0	773
93f1347f-4f9e-472f-a077-d2cdad2fbe63	NR_117717.1	90.925	584	33	18	1	569	594	16	0.0	767
93f1347f-4f9e-472f-a077-d2cdad2fbe63	NR_117692.1	91.003	578	32	17	1	563	573	1	0.0	761
93472ee7-aa42-4139-99e5-47ca606b832c	NR_043332.1	89.773	264	18	6	2	263	1203	1459	5.24e-90	329
93472ee7-aa42-4139-99e5-47ca606b832c	NR_074980.1	89.773	264	18	6	2	263	1230	1486	5.24e-90	329
93472ee7-aa42-4139-99e5-47ca606b832c	NR_113031.1	89.773	264	18	6	2	263	1230	1486	5.24e-90	329
93472ee7-aa42-4139-99e5-47ca606b832c	NR_113570.1	89.773	264	18	6	2	263	1210	1466	5.24e-90	329
93472ee7-aa42-4139-99e5-47ca606b832c	NR_117299.1	91.880	234	15	3	56	289	1204	1433	2.44e-88	324
37f5d951-75d8-43e9-97dc-692be62ecb21	NR_042878.1	93.699	365	14	8	1	356	938	574	2.76e-153	540
37f5d951-75d8-43e9-97dc-692be62ecb21	NR_116168.1	93.699	365	14	8	1	356	959	595	9.94e-153	538
37f5d951-75d8-43e9-97dc-692be62ecb21	NR_118143.1	93.388	363	15	8	1	354	940	578	5.98e-150	529
37f5d951-75d8-43e9-97dc-692be62ecb21	NR_042871.1	93.113	363	16	8	1	354	940	578	2.78e-148	523
37f5d951-75d8-43e9-97dc-692be62ecb21	NR_118142.1	93.113	363	16	8	1	354	938	576	2.78e-148	523
ca3a4f98-904c-444a-aef4-345e512143cb	NR_044873.1	90.803	1196	44	51	1	1151	291	1465	0.0	1539
ca3a4f98-904c-444a-aef4-345e512143cb	NR_074568.1	89.408	1199	62	51	1	1156	302	1478	0.0	1450
ca3a4f98-904c-444a-aef4-345e512143cb	NR_109752.1	89.000	1200	67	50	1	1156	313	1491	0.0	1424
ca3a4f98-904c-444a-aef4-345e512143cb	NR_044871.1	88.926	1201	66	52	1	1156	291	1469	0.0	1419
ca3a4f98-904c-444a-aef4-345e512143cb	NR_044712.2	89.048	1187	65	51	1	1144	311	1475	0.0	1419
409e9a93-cebd-4266-a3fe-77af1047d6de	NR_199513.1	97.297	740	12	7	7	741	870	134	0.0	1249
409e9a93-cebd-4266-a3fe-77af1047d6de	NR_156986.1	97.166	741	11	9	7	741	851	115	0.0	1243
409e9a93-cebd-4266-a3fe-77af1047d6de	NR_178976.1	97.166	741	11	9	7	741	842	106	0.0	1243
409e9a93-cebd-4266-a3fe-77af1047d6de	NR_113600.1	97.031	741	12	9	7	741	843	107	0.0	1240
409e9a93-cebd-4266-a3fe-77af1047d6de	NR_156987.1	97.031	741	12	9	7	741	851	115	0.0	1238
1850a768-e94d-48dd-8d66-834b9d4db751	NR_024918.1	94.400	375	9	9	10	379	1112	1479	4.87e-161	566
1850a768-e94d-48dd-8d66-834b9d4db751	NR_028986.1	94.400	375	9	9	10	379	1099	1466	4.87e-161	566
1850a768-e94d-48dd-8d66-834b9d4db751	NR_043314.1	94.400	375	9	9	10	379	1117	1484	4.87e-161	566
1850a768-e94d-48dd-8d66-834b9d4db751	NR_042199.1	94.400	375	9	9	10	379	1099	1466	4.87e-161	566
1850a768-e94d-48dd-8d66-834b9d4db751	NR_117821.1	94.400	375	9	9	10	379	1071	1438	4.87e-161	566
db437218-9ee0-450a-a021-3a5eb4a39fdb	NR_024918.1	97.451	510	12	1	9	517	967	1476	0.0	869
db437218-9ee0-450a-a021-3a5eb4a39fdb	NR_043314.1	97.451	510	12	1	9	517	972	1481	0.0	869
db437218-9ee0-450a-a021-3a5eb4a39fdb	NR_042147.1	97.451	510	12	1	9	517	954	1463	0.0	869
db437218-9ee0-450a-a021-3a5eb4a39fdb	NR_116899.1	97.451	510	12	1	9	517	941	1450	0.0	869
db437218-9ee0-450a-a021-3a5eb4a39fdb	NR_164626.1	97.451	510	12	1	9	517	964	1473	0.0	869
