fec20f42-c4da-481d-aced-42fafcb09764	NR_026419.1	96.850	127	2	2	1	127	1374	1250	7.99e-55	211
fec20f42-c4da-481d-aced-42fafcb09764	NR_133752.1	95.968	124	3	2	1	124	1311	1190	1.73e-51	200
fec20f42-c4da-481d-aced-42fafcb09764	NR_133753.1	95.968	124	3	2	1	124	1340	1219	1.73e-51	200
fec20f42-c4da-481d-aced-42fafcb09764	NR_025903.1	95.968	124	3	2	1	124	1386	1265	1.73e-51	200
fec20f42-c4da-481d-aced-42fafcb09764	NR_026469.1	97.414	116	2	1	2	117	1375	1261	2.24e-50	196
45136b9c-f164-45f4-9996-9b06fe30cb7b	NR_043314.1	92.857	266	5	10	1	256	1373	1112	2.20e-103	374
45136b9c-f164-45f4-9996-9b06fe30cb7b	NR_116905.1	92.857	266	5	10	1	256	1376	1115	2.20e-103	374
45136b9c-f164-45f4-9996-9b06fe30cb7b	NR_114749.1	92.857	266	5	10	1	256	1375	1114	2.20e-103	374
45136b9c-f164-45f4-9996-9b06fe30cb7b	NR_116899.1	92.857	266	5	10	1	256	1342	1081	2.20e-103	374
45136b9c-f164-45f4-9996-9b06fe30cb7b	NR_118125.1	92.857	266	5	10	1	256	1362	1101	2.20e-103	374
9695f4e7-f5fc-455c-835f-b3b4515a9c87	NR_028665.1	97.484	159	3	1	4	161	168	10	1.68e-72	270
9695f4e7-f5fc-455c-835f-b3b4515a9c87	NR_117719.1	97.484	159	3	1	4	161	171	13	1.68e-72	270
9695f4e7-f5fc-455c-835f-b3b4515a9c87	NR_179383.1	97.484	159	3	1	4	161	178	20	1.68e-72	270
9695f4e7-f5fc-455c-835f-b3b4515a9c87	NR_179540.1	97.484	159	3	1	4	161	171	13	1.68e-72	270
9695f4e7-f5fc-455c-835f-b3b4515a9c87	NR_115560.1	96.875	160	4	1	4	162	171	12	2.18e-71	267
ad04acd9-64d2-415e-b81b-6e5ed388f107	NR_024909.1	90.756	238	13	8	2	233	240	6	5.43e-84	309
ad04acd9-64d2-415e-b81b-6e5ed388f107	NR_024912.1	90.336	238	14	7	2	233	240	6	2.53e-82	303
ad04acd9-64d2-415e-b81b-6e5ed388f107	NR_024946.1	90.254	236	18	4	2	233	235	1	2.53e-82	303
ad04acd9-64d2-415e-b81b-6e5ed388f107	NR_025164.1	90.000	230	14	7	2	225	227	1	7.08e-78	289
ad04acd9-64d2-415e-b81b-6e5ed388f107	NR_025102.1	90.090	222	14	6	2	218	219	1	1.18e-75	281
837a7ced-71a9-4105-818c-291d6a28be84	NR_044510.1	100.000	79	0	0	1	79	1279	1201	1.27e-35	147
837a7ced-71a9-4105-818c-291d6a28be84	NR_189252.1	100.000	79	0	0	1	79	1223	1145	1.27e-35	147
837a7ced-71a9-4105-818c-291d6a28be84	NR_200009.1	100.000	78	0	0	1	78	1336	1259	4.57e-35	145
837a7ced-71a9-4105-818c-291d6a28be84	NR_025615.1	100.000	76	0	0	1	76	1314	1239	5.91e-34	141
837a7ced-71a9-4105-818c-291d6a28be84	NR_036769.1	98.734	79	1	0	1	79	1340	1262	5.91e-34	141
f3a2c8f6-59c8-4523-af52-9270117582d6	NR_104947.1	90.110	273	14	12	1	263	486	217	7.41e-94	342
f3a2c8f6-59c8-4523-af52-9270117582d6	NR_117717.1	90.110	273	14	12	1	263	534	265	7.41e-94	342
f3a2c8f6-59c8-4523-af52-9270117582d6	NR_121688.1	90.110	273	14	12	1	263	533	264	7.41e-94	342
f3a2c8f6-59c8-4523-af52-9270117582d6	NR_117696.1	90.110	273	14	12	1	263	500	231	7.41e-94	342
f3a2c8f6-59c8-4523-af52-9270117582d6	NR_117701.1	90.110	273	14	12	1	263	513	244	7.41e-94	342
533faa5d-5dba-4e48-b413-9a9726388b20	NR_028839.1	94.231	156	3	5	1	152	1136	983	2.12e-61	233
533faa5d-5dba-4e48-b413-9a9726388b20	NR_044091.1	94.231	156	3	5	1	152	1087	934	2.12e-61	233
533faa5d-5dba-4e48-b413-9a9726388b20	NR_042940.1	93.590	156	4	5	1	152	1085	932	9.84e-60	228
533faa5d-5dba-4e48-b413-9a9726388b20	NR_041879.1	91.667	156	7	5	1	152	1130	977	9.91e-55	211
533faa5d-5dba-4e48-b413-9a9726388b20	NR_041880.1	91.667	156	6	6	1	152	1128	976	3.56e-54	209
891293ad-e9e6-4183-a65a-ecd2131f6bad	NR_165737.1	97.000	200	5	1	1	199	200	1	7.87e-92	335
891293ad-e9e6-4183-a65a-ecd2131f6bad	NR_178515.1	96.000	200	7	1	1	199	200	1	1.70e-88	324
891293ad-e9e6-4183-a65a-ecd2131f6bad	NR_114413.1	93.301	209	13	1	1	208	223	15	1.71e-83	307
891293ad-e9e6-4183-a65a-ecd2131f6bad	NR_024842.1	92.857	210	12	3	1	208	215	7	7.98e-82	302
891293ad-e9e6-4183-a65a-ecd2131f6bad	NR_042927.1	93.000	200	13	1	1	199	200	1	1.73e-78	291
e10299ee-3e7c-4dea-9da3-d73e29f5efd1	NR_044873.1	86.735	196	10	14	4	189	193	4	2.08e-52	204
e10299ee-3e7c-4dea-9da3-d73e29f5efd1	NR_074568.1	86.735	196	10	14	4	189	204	15	2.08e-52	204
e10299ee-3e7c-4dea-9da3-d73e29f5efd1	NR_044712.2	86.735	196	10	14	4	189	213	24	2.08e-52	204
e10299ee-3e7c-4dea-9da3-d73e29f5efd1	NR_024785.1	87.195	164	12	7	4	162	161	2	1.26e-44	178
e10299ee-3e7c-4dea-9da3-d73e29f5efd1	NR_181669.1	83.077	195	17	13	5	189	202	14	3.53e-40	163
0eb2fe74-fbfc-469f-b25e-9aada3b11e7b	NR_199513.1	98.942	189	2	0	1	189	643	455	5.40e-93	339
0eb2fe74-fbfc-469f-b25e-9aada3b11e7b	NR_041953.1	98.930	187	2	0	3	189	614	428	6.98e-92	335
0eb2fe74-fbfc-469f-b25e-9aada3b11e7b	NR_152710.1	98.413	189	3	0	1	189	597	409	2.51e-91	333
0eb2fe74-fbfc-469f-b25e-9aada3b11e7b	NR_178447.1	98.413	189	3	0	1	189	550	362	2.51e-91	333
0eb2fe74-fbfc-469f-b25e-9aada3b11e7b	NR_181891.1	98.413	189	3	0	1	189	639	451	2.51e-91	333
bbbf4645-f38e-4e87-a80c-70db14f751fa	NR_025862.1	97.191	356	4	6	1	353	745	393	4.54e-171	599
bbbf4645-f38e-4e87-a80c-70db14f751fa	NR_180652.1	95.833	360	8	7	1	356	735	379	7.64e-164	575
bbbf4645-f38e-4e87-a80c-70db14f751fa	NR_026467.1	95.556	360	9	7	1	356	727	371	3.56e-162	569
bbbf4645-f38e-4e87-a80c-70db14f751fa	NR_181558.1	95.556	360	9	7	1	356	744	388	3.56e-162	569
bbbf4645-f38e-4e87-a80c-70db14f751fa	NR_025360.1	95.278	360	10	7	1	356	733	377	1.65e-160	564
633644df-14a8-4423-be0b-7d77c643e241	NR_116168.1	96.000	300	5	6	12	305	1386	1088	1.46e-135	481
633644df-14a8-4423-be0b-7d77c643e241	NR_042878.1	95.960	297	5	6	15	305	1362	1067	6.79e-134	475
633644df-14a8-4423-be0b-7d77c643e241	NR_118762.1	95.333	300	7	6	12	305	1388	1090	2.44e-133	473
633644df-14a8-4423-be0b-7d77c643e241	NR_025073.1	93.667	300	12	6	12	305	1388	1090	6.89e-124	442
633644df-14a8-4423-be0b-7d77c643e241	NR_118143.1	93.939	297	11	6	15	305	1364	1069	6.89e-124	442
92622a6a-2f7f-4566-9933-3ed39b281907	NR_117694.1	94.839	155	4	3	13	164	154	1	5.09e-63	239
92622a6a-2f7f-4566-9933-3ed39b281907	NR_025892.1	94.194	155	5	3	13	164	180	27	2.37e-61	233
92622a6a-2f7f-4566-9933-3ed39b281907	NR_117717.1	94.194	155	5	3	13	164	175	22	2.37e-61	233
92622a6a-2f7f-4566-9933-3ed39b281907	NR_121688.1	94.194	155	5	3	13	164	174	21	2.37e-61	233
92622a6a-2f7f-4566-9933-3ed39b281907	NR_117701.1	94.194	155	5	3	13	164	154	1	2.37e-61	233
b0243703-f6d5-4507-ac17-b7f0f4e3a8d0	NR_163639.1	91.613	155	7	6	1	152	155	4	3.46e-54	209
b0243703-f6d5-4507-ac17-b7f0f4e3a8d0	NR_074980.1	91.558	154	7	6	1	151	163	13	1.24e-53	207
b0243703-f6d5-4507-ac17-b7f0f4e3a8d0	NR_113031.1	91.558	154	7	6	1	151	163	13	1.24e-53	207
b0243703-f6d5-4507-ac17-b7f0f4e3a8d0	NR_119168.1	90.972	144	7	6	1	141	141	1	4.51e-48	189
b0243703-f6d5-4507-ac17-b7f0f4e3a8d0	NR_119169.1	90.972	144	7	6	1	141	141	1	4.51e-48	189
9a6a4ab0-c0cb-4e72-8f4f-64981da629a3	NR_028826.1	97.753	178	1	3	1	175	1360	1183	1.83e-82	303
9a6a4ab0-c0cb-4e72-8f4f-64981da629a3	NR_024911.1	97.753	178	1	3	1	175	1370	1193	1.83e-82	303
9a6a4ab0-c0cb-4e72-8f4f-64981da629a3	NR_024918.1	97.753	178	1	3	1	175	1370	1193	1.83e-82	303
9a6a4ab0-c0cb-4e72-8f4f-64981da629a3	NR_025174.1	97.753	178	1	3	1	175	1363	1186	1.83e-82	303
9a6a4ab0-c0cb-4e72-8f4f-64981da629a3	NR_025227.1	97.753	178	1	3	1	175	1353	1176	1.83e-82	303
4bd6e8c2-245a-449e-be72-41206fecc89a	NR_117694.1	94.886	176	4	3	6	176	176	1	1.96e-72	270
4bd6e8c2-245a-449e-be72-41206fecc89a	NR_025892.1	93.443	183	7	3	6	183	202	20	2.54e-71	267
4bd6e8c2-245a-449e-be72-41206fecc89a	NR_117717.1	91.803	183	10	3	6	183	197	15	2.55e-66	250
4bd6e8c2-245a-449e-be72-41206fecc89a	NR_121688.1	91.803	183	10	3	6	183	196	14	2.55e-66	250
4bd6e8c2-245a-449e-be72-41206fecc89a	NR_117701.1	92.614	176	8	3	6	176	176	1	9.19e-66	248
484bb5fe-1c9c-4638-b6a2-7a2dff191506	NR_043332.1	94.545	275	10	4	1	270	1208	1482	2.81e-117	420
484bb5fe-1c9c-4638-b6a2-7a2dff191506	NR_074980.1	94.545	275	10	4	1	270	1235	1509	2.81e-117	420
484bb5fe-1c9c-4638-b6a2-7a2dff191506	NR_113031.1	94.545	275	10	4	1	270	1235	1509	2.81e-117	420
484bb5fe-1c9c-4638-b6a2-7a2dff191506	NR_113570.1	94.203	276	10	5	1	270	1215	1490	3.63e-116	416
484bb5fe-1c9c-4638-b6a2-7a2dff191506	NR_119168.1	93.818	275	12	4	1	270	1213	1487	4.70e-115	412
e7bc2730-798b-47af-b193-4ef0d8b4a8dd	NR_040859.1	96.825	126	1	3	1	124	1226	1102	1.01e-53	207
e7bc2730-798b-47af-b193-4ef0d8b4a8dd	NR_024662.1	96.825	126	1	3	1	124	1234	1110	1.01e-53	207
e7bc2730-798b-47af-b193-4ef0d8b4a8dd	NR_024924.1	96.825	126	1	3	1	124	1225	1101	1.01e-53	207
e7bc2730-798b-47af-b193-4ef0d8b4a8dd	NR_024927.1	96.825	126	1	3	1	124	1227	1103	1.01e-53	207
e7bc2730-798b-47af-b193-4ef0d8b4a8dd	NR_024928.1	96.825	126	1	3	1	124	1227	1103	1.01e-53	207
d6810f2d-3e24-4bd7-9a1a-539166bc5c7c	NR_040859.1	92.126	127	6	4	7	129	1284	1158	2.86e-44	176
d6810f2d-3e24-4bd7-9a1a-539166bc5c7c	NR_040992.1	92.126	127	6	4	7	129	1292	1166	2.86e-44	176
d6810f2d-3e24-4bd7-9a1a-539166bc5c7c	NR_026532.1	92.126	127	6	4	7	129	1274	1148	2.86e-44	176
d6810f2d-3e24-4bd7-9a1a-539166bc5c7c	NR_024662.1	92.126	127	6	4	7	129	1292	1166	2.86e-44	176
d6810f2d-3e24-4bd7-9a1a-539166bc5c7c	NR_024707.1	92.126	127	6	4	7	129	1274	1148	2.86e-44	176
e58badca-9e8d-43fd-9733-0a2e9d91d36c	NR_036998.1	85.714	273	23	15	1	264	1195	1460	2.31e-73	274
e58badca-9e8d-43fd-9733-0a2e9d91d36c	NR_043314.1	85.714	273	23	15	1	264	1214	1479	2.31e-73	274
e58badca-9e8d-43fd-9733-0a2e9d91d36c	NR_114225.1	85.714	273	23	15	1	264	1196	1461	2.31e-73	274
e58badca-9e8d-43fd-9733-0a2e9d91d36c	NR_114793.1	85.714	273	23	15	1	264	1088	1353	2.31e-73	274
e58badca-9e8d-43fd-9733-0a2e9d91d36c	NR_114749.1	85.714	273	23	15	1	264	1216	1481	2.31e-73	274
3f41b0bf-ed3e-4ff6-bebb-a98a9c50f676	NR_133752.1	98.630	73	1	0	39	111	758	830	1.90e-30	130
3f41b0bf-ed3e-4ff6-bebb-a98a9c50f676	NR_133753.1	98.630	73	1	0	39	111	787	859	1.90e-30	130
3f41b0bf-ed3e-4ff6-bebb-a98a9c50f676	NR_025904.1	98.630	73	1	0	39	111	832	904	1.90e-30	130
3f41b0bf-ed3e-4ff6-bebb-a98a9c50f676	NR_026419.1	98.630	73	1	0	39	111	821	893	1.90e-30	130
3f41b0bf-ed3e-4ff6-bebb-a98a9c50f676	NR_025903.1	98.630	73	1	0	39	111	833	905	1.90e-30	130
9d07bd93-99ea-428b-b946-8a7c685dbd40	NR_117694.1	92.308	91	5	1	1	91	521	433	5.37e-30	128
9d07bd93-99ea-428b-b946-8a7c685dbd40	NR_043459.1	96.000	75	3	0	1	75	545	471	2.50e-28	122
9d07bd93-99ea-428b-b946-8a7c685dbd40	NR_026079.2	91.209	91	6	1	1	91	548	460	2.50e-28	122
9d07bd93-99ea-428b-b946-8a7c685dbd40	NR_041988.1	90.110	91	7	1	1	91	479	391	1.16e-26	117
9d07bd93-99ea-428b-b946-8a7c685dbd40	NR_121687.1	90.110	91	7	1	1	91	541	453	1.16e-26	117
2e882e49-95e6-4b86-92ee-f16a84b8dbbb	NR_024901.1	98.673	226	1	2	1	224	231	6	2.96e-111	399
2e882e49-95e6-4b86-92ee-f16a84b8dbbb	NR_024912.1	98.673	226	1	2	1	224	231	6	2.96e-111	399
2e882e49-95e6-4b86-92ee-f16a84b8dbbb	NR_024928.1	98.673	226	1	2	1	224	231	6	2.96e-111	399
2e882e49-95e6-4b86-92ee-f16a84b8dbbb	NR_025586.1	98.673	226	1	2	1	224	226	1	2.96e-111	399
2e882e49-95e6-4b86-92ee-f16a84b8dbbb	NR_025587.1	98.673	226	1	2	1	224	226	1	2.96e-111	399
e6ee1876-923b-47ca-a0b4-d441a0b3dc83	NR_116168.1	95.455	242	7	4	1	242	1250	1487	3.33e-106	383
e6ee1876-923b-47ca-a0b4-d441a0b3dc83	NR_118762.1	95.339	236	7	4	1	236	1252	1483	7.21e-103	372
e6ee1876-923b-47ca-a0b4-d441a0b3dc83	NR_115136.1	94.538	238	9	4	1	238	1235	1468	1.21e-100	364
e6ee1876-923b-47ca-a0b4-d441a0b3dc83	NR_115137.1	94.538	238	9	4	1	238	1235	1468	1.21e-100	364
e6ee1876-923b-47ca-a0b4-d441a0b3dc83	NR_115138.1	94.538	238	9	4	1	238	1235	1468	1.21e-100	364
fb2aa32a-81ca-4c05-84fb-aed2ddda6740	NR_024901.1	97.248	109	2	1	1	108	169	61	1.40e-46	183
fb2aa32a-81ca-4c05-84fb-aed2ddda6740	NR_024912.1	97.248	109	2	1	1	108	169	61	1.40e-46	183
fb2aa32a-81ca-4c05-84fb-aed2ddda6740	NR_024928.1	97.248	109	2	1	1	108	169	61	1.40e-46	183
fb2aa32a-81ca-4c05-84fb-aed2ddda6740	NR_025102.1	97.248	109	2	1	1	108	148	40	1.40e-46	183
fb2aa32a-81ca-4c05-84fb-aed2ddda6740	NR_025103.1	97.248	109	2	1	1	108	148	40	1.40e-46	183
49b0f329-8090-4032-bb6a-b9a32dd3af94	NR_028682.1	95.331	257	6	6	7	258	1245	1500	2.75e-112	403
49b0f329-8090-4032-bb6a-b9a32dd3af94	NR_025435.1	94.071	253	9	6	7	255	1242	1492	4.64e-105	379
49b0f329-8090-4032-bb6a-b9a32dd3af94	NR_024817.1	94.024	251	12	3	7	255	1228	1477	4.64e-105	379
49b0f329-8090-4032-bb6a-b9a32dd3af94	NR_042357.1	93.976	249	14	1	8	255	1214	1462	6.00e-104	375
49b0f329-8090-4032-bb6a-b9a32dd3af94	NR_036793.2	93.651	252	12	4	7	255	1253	1503	2.16e-103	374
f44586d1-f01a-4921-af3b-70e8f283708d	NR_028844.1	97.706	218	3	2	3	218	1264	1481	1.76e-103	374
f44586d1-f01a-4921-af3b-70e8f283708d	NR_025902.1	97.273	220	3	3	1	218	1232	1450	2.27e-102	370
f44586d1-f01a-4921-af3b-70e8f283708d	NR_117717.1	97.273	220	3	3	1	218	1274	1492	2.27e-102	370
f44586d1-f01a-4921-af3b-70e8f283708d	NR_121688.1	97.273	220	3	3	1	218	1274	1492	2.27e-102	370
f44586d1-f01a-4921-af3b-70e8f283708d	NR_026079.2	97.273	220	3	3	1	218	1281	1499	2.27e-102	370
acd920f0-330b-4a91-a660-ad68dbe68a59	NR_024901.1	94.595	148	6	2	3	149	157	11	9.69e-60	228
acd920f0-330b-4a91-a660-ad68dbe68a59	NR_024911.1	94.595	148	6	2	3	149	157	11	9.69e-60	228
acd920f0-330b-4a91-a660-ad68dbe68a59	NR_024912.1	94.595	148	6	2	3	149	157	11	9.69e-60	228
acd920f0-330b-4a91-a660-ad68dbe68a59	NR_024928.1	94.595	148	6	2	3	149	157	11	9.69e-60	228
acd920f0-330b-4a91-a660-ad68dbe68a59	NR_025174.1	94.595	148	6	2	3	149	152	6	9.69e-60	228
30e06ea6-e040-44e9-8419-7bfce80e97c1	NR_024841.1	97.382	191	3	2	1	189	197	7	1.53e-88	324
30e06ea6-e040-44e9-8419-7bfce80e97c1	NR_113260.1	98.864	176	1	1	1	175	183	8	3.31e-85	313
30e06ea6-e040-44e9-8419-7bfce80e97c1	NR_118234.1	95.833	192	6	2	1	190	200	9	4.28e-84	309
30e06ea6-e040-44e9-8419-7bfce80e97c1	NR_042771.1	95.028	181	6	3	10	189	191	13	9.34e-76	281
30e06ea6-e040-44e9-8419-7bfce80e97c1	NR_179540.1	95.055	182	4	4	10	189	191	13	9.34e-76	281
b9d8622c-5f0e-4625-a705-0884a47960e4	NR_026095.1	92.308	260	14	5	1	255	1059	1317	1.27e-100	364
b9d8622c-5f0e-4625-a705-0884a47960e4	NR_113564.1	92.308	260	14	5	1	255	1059	1317	1.27e-100	364
b9d8622c-5f0e-4625-a705-0884a47960e4	NR_074505.1	91.154	260	17	5	1	255	1059	1317	1.28e-95	348
b9d8622c-5f0e-4625-a705-0884a47960e4	NR_113563.1	91.154	260	17	5	1	255	1059	1317	1.28e-95	348
b9d8622c-5f0e-4625-a705-0884a47960e4	NR_165677.1	91.154	260	17	5	1	255	1065	1323	1.28e-95	348
d71675ce-7ec8-4e4b-b842-ff8eccac3c27	NR_041715.1	99.248	133	0	1	1	132	1315	1183	3.77e-63	239
d71675ce-7ec8-4e4b-b842-ff8eccac3c27	NR_024704.1	99.248	133	0	1	1	132	1315	1183	3.77e-63	239
d71675ce-7ec8-4e4b-b842-ff8eccac3c27	NR_024946.1	99.248	133	0	1	1	132	1315	1183	3.77e-63	239
d71675ce-7ec8-4e4b-b842-ff8eccac3c27	NR_036909.1	99.248	133	0	1	1	132	1325	1193	3.77e-63	239
d71675ce-7ec8-4e4b-b842-ff8eccac3c27	NR_043314.1	99.248	133	0	1	1	132	1325	1193	3.77e-63	239
32511916-33f1-44a9-92b8-3e2da42a69c8	NR_041983.1	100.000	96	0	0	3	98	130	225	5.71e-45	178
32511916-33f1-44a9-92b8-3e2da42a69c8	NR_114395.1	100.000	96	0	0	3	98	162	257	5.71e-45	178
32511916-33f1-44a9-92b8-3e2da42a69c8	NR_119102.1	98.958	96	1	0	3	98	131	226	2.65e-43	172
32511916-33f1-44a9-92b8-3e2da42a69c8	NR_029286.1	96.875	96	3	0	3	98	156	251	5.75e-40	161
32511916-33f1-44a9-92b8-3e2da42a69c8	NR_026182.1	94.792	96	5	0	3	98	158	253	1.24e-36	150
c870962e-c76c-481f-993f-92b85d15afb5	NR_024924.1	95.082	244	11	1	1	243	1469	1226	3.30e-106	383
c870962e-c76c-481f-993f-92b85d15afb5	NR_134794.1	95.082	244	11	1	1	243	1421	1178	3.30e-106	383
c870962e-c76c-481f-993f-92b85d15afb5	NR_180102.1	95.082	244	11	1	1	243	1478	1235	3.30e-106	383
c870962e-c76c-481f-993f-92b85d15afb5	NR_102854.1	94.672	244	12	1	1	243	1478	1235	1.54e-104	377
c870962e-c76c-481f-993f-92b85d15afb5	NR_115336.1	94.672	244	12	1	1	243	1464	1221	1.54e-104	377
e597a0fd-e77f-43d8-8f4e-b1af8650b9e3	NR_036998.1	87.685	203	8	11	1	188	1373	1173	2.04e-57	220
e597a0fd-e77f-43d8-8f4e-b1af8650b9e3	NR_043314.1	87.685	203	8	11	1	188	1392	1192	2.04e-57	220
e597a0fd-e77f-43d8-8f4e-b1af8650b9e3	NR_114225.1	87.685	203	8	11	1	188	1374	1174	2.04e-57	220
e597a0fd-e77f-43d8-8f4e-b1af8650b9e3	NR_114793.1	87.685	203	8	11	1	188	1266	1066	2.04e-57	220
e597a0fd-e77f-43d8-8f4e-b1af8650b9e3	NR_116905.1	87.685	203	8	11	1	188	1395	1195	2.04e-57	220
36bc3ffd-511f-45c3-a504-0385b476dad8	NR_025902.1	95.489	266	5	5	1	260	1437	1173	9.70e-117	418
36bc3ffd-511f-45c3-a504-0385b476dad8	NR_040933.1	95.489	266	5	5	1	260	1481	1217	9.70e-117	418
36bc3ffd-511f-45c3-a504-0385b476dad8	NR_117717.1	95.489	266	5	5	1	260	1479	1215	9.70e-117	418
36bc3ffd-511f-45c3-a504-0385b476dad8	NR_121688.1	95.489	266	5	5	1	260	1479	1215	9.70e-117	418
36bc3ffd-511f-45c3-a504-0385b476dad8	NR_116766.1	95.489	266	5	5	1	260	1459	1195	9.70e-117	418
942413cc-49a2-46dc-a918-8a6c423c2dfa	NR_024901.1	96.923	130	3	1	1	129	139	10	1.76e-56	217
942413cc-49a2-46dc-a918-8a6c423c2dfa	NR_024911.1	96.923	130	3	1	1	129	139	10	1.76e-56	217
942413cc-49a2-46dc-a918-8a6c423c2dfa	NR_024912.1	96.923	130	3	1	1	129	139	10	1.76e-56	217
942413cc-49a2-46dc-a918-8a6c423c2dfa	NR_024928.1	96.923	130	3	1	1	129	139	10	1.76e-56	217
942413cc-49a2-46dc-a918-8a6c423c2dfa	NR_025174.1	96.923	130	3	1	1	129	134	5	1.76e-56	217
61f523aa-0e95-4189-bbe8-87b0f5afbed7	NR_117694.1	93.426	289	9	7	1	284	284	1	3.00e-117	420
61f523aa-0e95-4189-bbe8-87b0f5afbed7	NR_025892.1	93.103	290	10	7	1	285	310	26	1.08e-116	418
61f523aa-0e95-4189-bbe8-87b0f5afbed7	NR_121687.1	91.409	291	13	9	1	285	304	20	8.46e-108	388
61f523aa-0e95-4189-bbe8-87b0f5afbed7	NR_117692.1	91.349	289	15	8	1	284	284	1	3.04e-107	387
61f523aa-0e95-4189-bbe8-87b0f5afbed7	NR_104830.1	90.722	291	16	8	1	285	299	14	1.83e-104	377
851e335b-74d1-4f28-94a2-caa3c3a3c2dc	NR_043332.1	96.610	118	3	1	1	118	1344	1228	7.68e-50	195
851e335b-74d1-4f28-94a2-caa3c3a3c2dc	NR_074980.1	96.610	118	3	1	1	118	1371	1255	7.68e-50	195
851e335b-74d1-4f28-94a2-caa3c3a3c2dc	NR_113031.1	96.610	118	3	1	1	118	1371	1255	7.68e-50	195
851e335b-74d1-4f28-94a2-caa3c3a3c2dc	NR_113570.1	96.610	118	3	1	1	118	1351	1235	7.68e-50	195
851e335b-74d1-4f28-94a2-caa3c3a3c2dc	NR_119168.1	96.610	118	3	1	1	118	1349	1233	7.68e-50	195
ab800103-8a94-422b-a306-ab8571f6d48c	NR_136788.1	90.769	195	7	8	8	196	1287	1476	2.79e-66	250
ab800103-8a94-422b-a306-ab8571f6d48c	NR_026230.1	89.744	195	9	8	8	196	1265	1454	6.04e-63	239
ab800103-8a94-422b-a306-ab8571f6d48c	NR_136443.1	89.894	188	7	9	7	188	1248	1429	1.01e-60	231
ab800103-8a94-422b-a306-ab8571f6d48c	NR_041464.1	87.179	195	14	8	8	196	1288	1477	1.32e-54	211
ab800103-8a94-422b-a306-ab8571f6d48c	NR_041343.1	87.179	195	14	8	8	196	1288	1477	1.32e-54	211
958d7b94-fcf8-49d4-9d1c-3eef5f67d0aa	NR_164626.1	97.790	181	1	2	1	180	180	2	4.00e-84	309
958d7b94-fcf8-49d4-9d1c-3eef5f67d0aa	NR_024901.1	97.778	180	1	2	1	179	183	6	1.44e-83	307
958d7b94-fcf8-49d4-9d1c-3eef5f67d0aa	NR_024912.1	97.778	180	1	2	1	179	183	6	1.44e-83	307
958d7b94-fcf8-49d4-9d1c-3eef5f67d0aa	NR_024928.1	97.778	180	1	2	1	179	183	6	1.44e-83	307
958d7b94-fcf8-49d4-9d1c-3eef5f67d0aa	NR_025586.1	97.778	180	1	2	1	179	178	1	1.44e-83	307
2521ff43-a9da-4f9e-be0d-efe48b195990	NR_028664.1	95.185	270	6	5	1	267	1231	1496	2.79e-117	420
2521ff43-a9da-4f9e-be0d-efe48b195990	NR_117719.1	95.185	270	6	5	1	267	1228	1493	2.79e-117	420
2521ff43-a9da-4f9e-be0d-efe48b195990	NR_179383.1	95.185	270	6	5	1	267	1235	1500	2.79e-117	420
2521ff43-a9da-4f9e-be0d-efe48b195990	NR_175455.1	94.834	271	6	6	1	267	1216	1482	3.61e-116	416
2521ff43-a9da-4f9e-be0d-efe48b195990	NR_028666.1	94.815	270	7	5	1	267	1234	1499	1.30e-115	414
66e0e052-2ff9-4ade-bc19-a05451fcd265	NR_116611.1	84.043	94	8	6	1	90	1406	1316	1.14e-16	84.2
b500ef87-4f8d-4e37-874c-5fa98e67da43	NR_074568.1	91.241	137	7	4	1	133	146	11	6.44e-46	182
b500ef87-4f8d-4e37-874c-5fa98e67da43	NR_044712.2	91.241	137	7	4	1	133	155	20	6.44e-46	182
b500ef87-4f8d-4e37-874c-5fa98e67da43	NR_044873.1	90.441	136	8	4	1	132	135	1	1.08e-43	174
b500ef87-4f8d-4e37-874c-5fa98e67da43	NR_025310.1	92.373	118	5	3	3	117	124	8	6.48e-41	165
b500ef87-4f8d-4e37-874c-5fa98e67da43	NR_109752.1	89.552	134	9	4	3	132	154	22	6.48e-41	165
ceb96c75-93cb-4c21-b21f-b4673216ecd8	NR_041989.1	95.098	102	2	2	3	101	69	170	7.92e-39	158
ceb96c75-93cb-4c21-b21f-b4673216ecd8	NR_117694.1	95.098	102	2	2	3	101	111	212	7.92e-39	158
ceb96c75-93cb-4c21-b21f-b4673216ecd8	NR_025892.1	94.118	102	3	2	3	101	137	238	1.02e-37	154
ceb96c75-93cb-4c21-b21f-b4673216ecd8	NR_025893.1	91.176	102	6	2	3	101	135	236	3.71e-32	135
ceb96c75-93cb-4c21-b21f-b4673216ecd8	NR_178369.1	89.320	103	6	4	3	101	82	183	8.03e-29	124
f8a5f95f-c2b6-4643-860b-47ea8fa314de	NR_040859.1	98.830	171	2	0	1	171	1305	1475	5.05e-83	305
f8a5f95f-c2b6-4643-860b-47ea8fa314de	NR_040992.1	98.830	171	2	0	1	171	1313	1483	5.05e-83	305
f8a5f95f-c2b6-4643-860b-47ea8fa314de	NR_025881.1	98.830	171	2	0	1	171	1311	1481	5.05e-83	305
f8a5f95f-c2b6-4643-860b-47ea8fa314de	NR_026395.1	98.830	171	2	0	1	171	1313	1483	5.05e-83	305
f8a5f95f-c2b6-4643-860b-47ea8fa314de	NR_024662.1	98.830	171	2	0	1	171	1313	1483	5.05e-83	305
51931f78-b95e-4b2a-bacc-a7853d7bb257	NR_169411.1	92.116	241	10	5	7	239	1051	812	1.18e-90	331
51931f78-b95e-4b2a-bacc-a7853d7bb257	NR_178340.1	92.116	241	10	5	7	239	699	460	1.18e-90	331
51931f78-b95e-4b2a-bacc-a7853d7bb257	NR_179168.1	92.116	241	10	5	7	239	1054	815	1.18e-90	331
51931f78-b95e-4b2a-bacc-a7853d7bb257	NR_179327.1	92.116	241	10	5	7	239	1004	765	1.18e-90	331
51931f78-b95e-4b2a-bacc-a7853d7bb257	NR_179480.1	92.116	241	10	5	7	239	982	743	1.18e-90	331
4918412a-d3fe-4be2-b9ab-51ab6dbed550	NR_156072.1	93.478	276	7	10	1	267	1218	1491	3.60e-111	399
4918412a-d3fe-4be2-b9ab-51ab6dbed550	NR_158064.1	93.141	277	7	11	1	267	1220	1494	4.66e-110	396
4918412a-d3fe-4be2-b9ab-51ab6dbed550	NR_028665.1	93.116	276	8	10	1	267	1213	1486	1.68e-109	394
4918412a-d3fe-4be2-b9ab-51ab6dbed550	NR_104972.1	93.116	276	8	10	1	267	1198	1471	1.68e-109	394
4918412a-d3fe-4be2-b9ab-51ab6dbed550	NR_114172.1	93.116	276	8	10	1	267	1196	1469	1.68e-109	394
a6d2da33-d17a-43a0-b69b-761af8bd9cec	NR_025762.1	92.035	226	12	6	3	223	1061	837	3.96e-85	313
a6d2da33-d17a-43a0-b69b-761af8bd9cec	NR_041879.1	92.035	226	12	6	3	223	1040	816	3.96e-85	313
a6d2da33-d17a-43a0-b69b-761af8bd9cec	NR_113570.1	92.035	226	12	6	3	223	1090	866	3.96e-85	313
a6d2da33-d17a-43a0-b69b-761af8bd9cec	NR_115355.1	92.035	226	12	6	3	223	1083	859	3.96e-85	313
a6d2da33-d17a-43a0-b69b-761af8bd9cec	NR_119169.1	92.035	226	12	6	3	223	1088	864	3.96e-85	313
6772222d-cec4-4d19-817e-c342832ddefb	NR_042928.1	90.556	180	11	4	3	178	4	181	2.45e-61	233
6772222d-cec4-4d19-817e-c342832ddefb	NR_117719.1	90.556	180	11	4	3	178	24	201	2.45e-61	233
6772222d-cec4-4d19-817e-c342832ddefb	NR_175455.1	90.556	180	11	4	3	178	12	189	2.45e-61	233
6772222d-cec4-4d19-817e-c342832ddefb	NR_179385.1	95.172	145	4	2	3	144	28	172	4.09e-59	226
6772222d-cec4-4d19-817e-c342832ddefb	NR_199545.1	95.172	145	4	2	3	144	24	168	4.09e-59	226
ab50e399-ec2c-4952-80e4-67e124f38596	NR_040859.1	98.324	179	1	1	17	195	714	890	3.51e-85	313
ab50e399-ec2c-4952-80e4-67e124f38596	NR_025947.1	98.324	179	1	1	17	195	722	898	3.51e-85	313
ab50e399-ec2c-4952-80e4-67e124f38596	NR_024662.1	98.324	179	1	1	17	195	722	898	3.51e-85	313
ab50e399-ec2c-4952-80e4-67e124f38596	NR_024910.1	98.324	179	1	1	17	195	713	889	3.51e-85	313
ab50e399-ec2c-4952-80e4-67e124f38596	NR_024924.1	98.324	179	1	1	17	195	713	889	3.51e-85	313
4b3cc58f-8fe6-4ac0-94d9-216471296360	NR_036998.1	97.154	246	4	3	1	243	1217	1462	4.21e-115	412
4b3cc58f-8fe6-4ac0-94d9-216471296360	NR_043314.1	97.154	246	4	3	1	243	1236	1481	4.21e-115	412
4b3cc58f-8fe6-4ac0-94d9-216471296360	NR_114793.1	97.154	246	4	3	1	243	1110	1355	4.21e-115	412
4b3cc58f-8fe6-4ac0-94d9-216471296360	NR_114749.1	97.154	246	4	3	1	243	1238	1483	4.21e-115	412
4b3cc58f-8fe6-4ac0-94d9-216471296360	NR_116899.1	97.154	246	4	3	1	243	1205	1450	4.21e-115	412
c2bd5eeb-7d13-4a0d-ae4c-b816823da5a8	NR_036998.1	95.699	279	6	5	4	277	1188	1465	1.71e-124	444
c2bd5eeb-7d13-4a0d-ae4c-b816823da5a8	NR_043314.1	95.390	282	7	5	1	277	1204	1484	1.71e-124	444
c2bd5eeb-7d13-4a0d-ae4c-b816823da5a8	NR_114793.1	95.699	279	6	5	4	277	1081	1358	1.71e-124	444
c2bd5eeb-7d13-4a0d-ae4c-b816823da5a8	NR_114749.1	95.390	282	7	5	1	277	1206	1486	1.71e-124	444
c2bd5eeb-7d13-4a0d-ae4c-b816823da5a8	NR_116899.1	95.390	282	7	5	1	277	1173	1453	1.71e-124	444
57f85e14-af73-4de0-8197-bcfba8335f00	NR_179676.1	95.098	102	1	2	1	98	1144	1043	7.43e-39	158
57f85e14-af73-4de0-8197-bcfba8335f00	NR_040859.1	94.118	102	2	2	1	98	1136	1035	3.46e-37	152
57f85e14-af73-4de0-8197-bcfba8335f00	NR_041702.1	94.118	102	2	2	1	98	1159	1058	3.46e-37	152
57f85e14-af73-4de0-8197-bcfba8335f00	NR_025881.1	94.118	102	2	2	1	98	1142	1041	3.46e-37	152
57f85e14-af73-4de0-8197-bcfba8335f00	NR_026534.1	94.118	102	2	2	1	98	1124	1023	3.46e-37	152
ae8839da-5355-4649-8230-98ae8ef06159	NR_104685.1	92.386	197	4	4	1	187	1260	1065	2.03e-72	270
ae8839da-5355-4649-8230-98ae8ef06159	NR_044658.2	92.386	197	4	4	1	187	1260	1065	2.03e-72	270
ae8839da-5355-4649-8230-98ae8ef06159	NR_041989.1	92.386	197	4	4	1	187	1197	1002	2.03e-72	270
ae8839da-5355-4649-8230-98ae8ef06159	NR_116766.1	92.386	197	4	4	1	187	1239	1044	2.03e-72	270
ae8839da-5355-4649-8230-98ae8ef06159	NR_116767.1	92.386	197	4	4	1	187	1239	1044	2.03e-72	270
b3711030-839b-434d-bf08-aeff37a78d5c	NR_074980.1	99.338	151	1	0	31	181	163	13	1.48e-73	274
b3711030-839b-434d-bf08-aeff37a78d5c	NR_113031.1	99.338	151	1	0	31	181	163	13	1.48e-73	274
b3711030-839b-434d-bf08-aeff37a78d5c	NR_163639.1	99.338	151	1	0	31	181	155	5	1.48e-73	274
b3711030-839b-434d-bf08-aeff37a78d5c	NR_119168.1	99.291	141	1	0	31	171	141	1	5.36e-68	255
b3711030-839b-434d-bf08-aeff37a78d5c	NR_119169.1	99.291	141	1	0	31	171	141	1	5.36e-68	255
bcd5ba74-ba28-46c2-aa83-5014aaf0ab12	NR_044091.1	93.891	311	7	10	1	300	1065	756	6.69e-129	459
bcd5ba74-ba28-46c2-aa83-5014aaf0ab12	NR_042940.1	92.926	311	10	10	1	300	1063	754	6.74e-124	442
bcd5ba74-ba28-46c2-aa83-5014aaf0ab12	NR_041879.1	92.605	311	11	10	1	300	1108	799	3.14e-122	436
bcd5ba74-ba28-46c2-aa83-5014aaf0ab12	NR_025762.1	92.605	311	10	11	1	300	1128	820	1.13e-121	435
bcd5ba74-ba28-46c2-aa83-5014aaf0ab12	NR_113570.1	92.605	311	10	11	1	300	1157	849	1.13e-121	435
1b0ebaf5-0f43-4f2c-8a40-793df4b923a5	NR_024912.1	97.441	469	7	4	1	467	471	6	0.0	795
1b0ebaf5-0f43-4f2c-8a40-793df4b923a5	NR_156986.1	97.441	469	7	4	1	467	466	1	0.0	795
1b0ebaf5-0f43-4f2c-8a40-793df4b923a5	NR_024901.1	97.228	469	8	4	1	467	471	6	0.0	789
1b0ebaf5-0f43-4f2c-8a40-793df4b923a5	NR_024928.1	97.228	469	8	4	1	467	471	6	0.0	789
1b0ebaf5-0f43-4f2c-8a40-793df4b923a5	NR_156987.1	97.228	469	8	4	1	467	466	1	0.0	789
8bfc2bf4-8a7c-4efd-9c85-4f1da56cce35	NR_042876.1	96.309	569	12	8	3	565	1157	592	0.0	926
8bfc2bf4-8a7c-4efd-9c85-4f1da56cce35	NR_116167.1	96.309	569	12	8	3	565	1178	613	0.0	926
8bfc2bf4-8a7c-4efd-9c85-4f1da56cce35	NR_180040.1	96.309	569	12	8	3	565	1184	619	0.0	926
8bfc2bf4-8a7c-4efd-9c85-4f1da56cce35	NR_181946.1	96.309	569	12	8	3	565	1163	598	0.0	926
8bfc2bf4-8a7c-4efd-9c85-4f1da56cce35	NR_180065.1	96.134	569	13	9	3	565	1177	612	0.0	920
81224fa6-a425-4412-8dc8-13b0b91dcd42	NR_042771.1	96.163	1329	21	27	2	1306	1336	14	0.0	2145
81224fa6-a425-4412-8dc8-13b0b91dcd42	NR_115274.1	96.218	1322	21	26	2	1300	1316	1	0.0	2137
81224fa6-a425-4412-8dc8-13b0b91dcd42	NR_112025.1	95.721	1332	27	27	2	1309	1336	11	0.0	2124
81224fa6-a425-4412-8dc8-13b0b91dcd42	NR_103943.1	94.378	1334	37	32	2	1306	1344	20	0.0	2013
81224fa6-a425-4412-8dc8-13b0b91dcd42	NR_109720.1	94.541	1319	39	30	2	1294	1312	1	0.0	2006
c5e3cb40-0b05-4298-99eb-47cebda334dd	NR_156986.1	96.416	1116	21	19	5	1107	1122	13	0.0	1821
c5e3cb40-0b05-4298-99eb-47cebda334dd	NR_113600.1	96.326	1116	22	19	5	1107	1114	5	0.0	1818
c5e3cb40-0b05-4298-99eb-47cebda334dd	NR_156987.1	96.326	1116	22	19	5	1107	1122	13	0.0	1816
c5e3cb40-0b05-4298-99eb-47cebda334dd	NR_178976.1	96.326	1116	22	19	5	1107	1113	4	0.0	1816
c5e3cb40-0b05-4298-99eb-47cebda334dd	NR_042147.1	96.237	1116	23	19	5	1107	1114	5	0.0	1810
d530b56f-9e8e-4eef-9a1b-397a4a6b7d6a	NR_181857.1	92.450	755	33	18	1	744	780	1521	0.0	1057
d530b56f-9e8e-4eef-9a1b-397a4a6b7d6a	NR_041799.1	92.308	754	36	18	1	744	722	1463	0.0	1051
d530b56f-9e8e-4eef-9a1b-397a4a6b7d6a	NR_117823.1	92.308	754	36	18	1	744	694	1435	0.0	1051
d530b56f-9e8e-4eef-9a1b-397a4a6b7d6a	NR_181265.1	92.318	755	34	18	1	744	749	1490	0.0	1051
d530b56f-9e8e-4eef-9a1b-397a4a6b7d6a	NR_181730.1	92.318	755	34	18	1	744	728	1469	0.0	1051
7d5b9934-6bcf-48f5-a191-307c14e1c9d8	NR_199513.1	90.066	604	27	23	1	592	610	28	0.0	752
7d5b9934-6bcf-48f5-a191-307c14e1c9d8	NR_041953.1	89.421	605	29	25	1	592	583	1	0.0	730
7d5b9934-6bcf-48f5-a191-307c14e1c9d8	NR_104278.1	88.907	604	34	23	1	592	595	13	0.0	713
7d5b9934-6bcf-48f5-a191-307c14e1c9d8	NR_104280.1	88.907	604	34	23	1	592	595	13	0.0	713
7d5b9934-6bcf-48f5-a191-307c14e1c9d8	NR_113855.1	88.907	604	34	23	1	592	583	1	0.0	713
ef0dd754-de99-452b-b5e1-f89492d86450	NR_041989.1	92.678	519	14	16	1	500	976	463	0.0	726
ef0dd754-de99-452b-b5e1-f89492d86450	NR_117694.1	92.486	519	15	16	1	500	1018	505	0.0	721
ef0dd754-de99-452b-b5e1-f89492d86450	NR_121687.1	92.293	519	16	16	1	500	1038	525	0.0	715
ef0dd754-de99-452b-b5e1-f89492d86450	NR_041988.1	92.100	519	17	16	1	500	976	463	0.0	710
ef0dd754-de99-452b-b5e1-f89492d86450	NR_028900.1	91.908	519	18	16	1	500	976	463	0.0	704
ae0573dc-8aef-46e0-9332-e1677393071f	NR_164626.1	98.771	407	0	5	1	403	406	1	0.0	719
ae0573dc-8aef-46e0-9332-e1677393071f	NR_024912.1	98.765	405	0	5	1	401	409	6	0.0	715
ae0573dc-8aef-46e0-9332-e1677393071f	NR_028706.1	98.765	405	0	5	1	401	417	14	0.0	715
ae0573dc-8aef-46e0-9332-e1677393071f	NR_037092.1	98.762	404	1	4	1	401	413	11	0.0	715
ae0573dc-8aef-46e0-9332-e1677393071f	NR_042939.1	98.765	405	0	5	1	401	415	12	0.0	715
e751fca4-5cfb-4426-9eca-f268bf62330a	NR_113600.1	92.992	1427	46	38	5	1390	49	1462	0.0	2034
e751fca4-5cfb-4426-9eca-f268bf62330a	NR_114225.1	92.922	1427	47	38	5	1390	49	1462	0.0	2028
e751fca4-5cfb-4426-9eca-f268bf62330a	NR_024928.1	92.802	1431	49	38	5	1394	62	1479	0.0	2025
e751fca4-5cfb-4426-9eca-f268bf62330a	NR_024901.1	92.802	1431	49	38	5	1394	62	1479	0.0	2023
e751fca4-5cfb-4426-9eca-f268bf62330a	NR_199513.1	92.852	1427	50	36	8	1394	79	1493	0.0	2023
13e7e125-f5e7-46a4-b326-8109aa206fde	NR_112076.1	92.694	657	32	16	12	657	1365	714	0.0	950
13e7e125-f5e7-46a4-b326-8109aa206fde	NR_028619.1	93.161	658	26	17	12	657	1385	735	0.0	948
13e7e125-f5e7-46a4-b326-8109aa206fde	NR_148570.1	89.555	651	45	21	12	647	1389	747	0.0	804
13e7e125-f5e7-46a4-b326-8109aa206fde	NR_044896.1	88.537	663	54	19	12	661	1356	703	0.0	784
13e7e125-f5e7-46a4-b326-8109aa206fde	NR_036810.1	88.386	663	55	19	12	661	1356	703	0.0	778
95123dc3-7c18-4477-9fc1-1a82af12f2fb	NR_042776.1	93.685	1061	41	19	5	1050	453	1502	0.0	1565
95123dc3-7c18-4477-9fc1-1a82af12f2fb	NR_042777.1	93.591	1061	41	20	5	1050	453	1501	0.0	1557
95123dc3-7c18-4477-9fc1-1a82af12f2fb	NR_042778.1	93.402	1061	44	19	5	1050	453	1502	0.0	1548
95123dc3-7c18-4477-9fc1-1a82af12f2fb	NR_197695.1	93.308	1061	45	19	5	1050	452	1501	0.0	1543
95123dc3-7c18-4477-9fc1-1a82af12f2fb	NR_118998.1	92.944	1063	44	22	5	1050	448	1496	0.0	1519
1b98cd06-5d45-49ef-a467-1430dfc6f413	NR_041953.1	93.173	1040	38	23	1	1014	223	1255	0.0	1496
1b98cd06-5d45-49ef-a467-1430dfc6f413	NR_199513.1	93.147	1036	39	22	1	1011	250	1278	0.0	1491
1b98cd06-5d45-49ef-a467-1430dfc6f413	NR_040859.1	92.754	1035	43	22	1	1010	235	1262	0.0	1467
1b98cd06-5d45-49ef-a467-1430dfc6f413	NR_104278.1	92.754	1035	43	22	1	1010	235	1262	0.0	1467
1b98cd06-5d45-49ef-a467-1430dfc6f413	NR_104280.1	92.754	1035	43	22	1	1010	235	1262	0.0	1467
e0294911-7127-4b2c-b9db-87cda6492124	NR_024918.1	96.624	622	8	9	1	612	861	1479	0.0	1020
e0294911-7127-4b2c-b9db-87cda6492124	NR_043314.1	96.624	622	8	9	1	612	866	1484	0.0	1020
e0294911-7127-4b2c-b9db-87cda6492124	NR_042147.1	96.624	622	8	9	1	612	848	1466	0.0	1020
e0294911-7127-4b2c-b9db-87cda6492124	NR_116899.1	96.624	622	8	9	1	612	835	1453	0.0	1020
e0294911-7127-4b2c-b9db-87cda6492124	NR_164626.1	96.624	622	8	9	1	612	858	1476	0.0	1020
eadf0e3e-ad10-4239-a999-d540b3a45ee5	NR_179168.1	92.190	653	31	16	1	641	1397	753	0.0	905
eadf0e3e-ad10-4239-a999-d540b3a45ee5	NR_180737.1	92.190	653	31	16	1	641	1375	731	0.0	905
eadf0e3e-ad10-4239-a999-d540b3a45ee5	NR_181265.1	92.190	653	31	16	1	641	1401	757	0.0	905
eadf0e3e-ad10-4239-a999-d540b3a45ee5	NR_181730.1	92.190	653	31	16	1	641	1380	736	0.0	905
eadf0e3e-ad10-4239-a999-d540b3a45ee5	NR_169411.1	92.037	653	32	16	1	641	1394	750	0.0	900
b9bb977c-a223-4147-8bf9-a85093a39238	NR_036936.1	95.455	198	9	0	1	198	198	1	7.84e-87	318
b9bb977c-a223-4147-8bf9-a85093a39238	NR_114537.1	95.676	185	8	0	1	185	185	1	1.02e-80	298
b9bb977c-a223-4147-8bf9-a85093a39238	NR_042928.1	93.846	195	10	2	4	198	193	1	4.75e-79	292
b9bb977c-a223-4147-8bf9-a85093a39238	NR_179385.1	92.611	203	13	2	4	206	217	17	1.71e-78	291
b9bb977c-a223-4147-8bf9-a85093a39238	NR_199545.1	92.611	203	13	2	4	206	213	13	1.71e-78	291
a8e93199-b499-4b19-88ff-53ba534cd7ef	NR_113570.1	94.169	686	22	15	1	671	801	1483	0.0	1029
a8e93199-b499-4b19-88ff-53ba534cd7ef	NR_043332.1	93.878	686	24	15	1	671	794	1476	0.0	1022
a8e93199-b499-4b19-88ff-53ba534cd7ef	NR_074980.1	93.878	686	24	15	1	671	821	1503	0.0	1018
a8e93199-b499-4b19-88ff-53ba534cd7ef	NR_113031.1	93.878	686	24	15	1	671	821	1503	0.0	1018
a8e93199-b499-4b19-88ff-53ba534cd7ef	NR_115355.1	93.586	686	26	15	1	671	794	1476	0.0	1007
506e83fb-b07e-44c0-965f-440aba4971e3	NR_040859.1	93.069	202	8	5	1	197	1275	1475	1.63e-78	291
506e83fb-b07e-44c0-965f-440aba4971e3	NR_040992.1	93.069	202	8	5	1	197	1283	1483	1.63e-78	291
506e83fb-b07e-44c0-965f-440aba4971e3	NR_025881.1	93.069	202	8	5	1	197	1281	1481	1.63e-78	291
506e83fb-b07e-44c0-965f-440aba4971e3	NR_026395.1	93.069	202	8	5	1	197	1283	1483	1.63e-78	291
506e83fb-b07e-44c0-965f-440aba4971e3	NR_024662.1	93.069	202	8	5	1	197	1283	1483	1.63e-78	291
084cebc7-50d7-4da7-a3ed-a72aac146b71	NR_113600.1	91.234	1426	64	51	1	1373	39	1456	0.0	1886
084cebc7-50d7-4da7-a3ed-a72aac146b71	NR_199514.1	91.024	1426	67	51	1	1373	59	1476	0.0	1868
084cebc7-50d7-4da7-a3ed-a72aac146b71	NR_178976.1	91.298	1402	63	50	1	1351	38	1431	0.0	1860
084cebc7-50d7-4da7-a3ed-a72aac146b71	NR_037092.1	90.941	1424	67	51	1	1373	57	1469	0.0	1858
084cebc7-50d7-4da7-a3ed-a72aac146b71	NR_179227.1	90.743	1426	71	51	1	1373	59	1476	0.0	1845
54475685-562c-4de8-b283-db2ac5496dc6	NR_024901.1	92.916	734	22	24	21	735	729	7	0.0	1040
54475685-562c-4de8-b283-db2ac5496dc6	NR_199513.1	92.643	734	24	23	21	735	743	21	0.0	1029
54475685-562c-4de8-b283-db2ac5496dc6	NR_181891.1	91.168	736	31	26	21	735	739	17	0.0	968
54475685-562c-4de8-b283-db2ac5496dc6	NR_041953.1	91.346	728	31	25	21	728	716	1	0.0	966
54475685-562c-4de8-b283-db2ac5496dc6	NR_181014.1	91.209	728	32	25	21	728	716	1	0.0	961
3b37e13c-8146-4d2b-a79c-4920397b04d2	NR_178515.1	94.444	396	12	8	1	390	1200	809	1.38e-171	601
3b37e13c-8146-4d2b-a79c-4920397b04d2	NR_024842.1	94.192	396	13	8	1	390	1215	824	6.41e-170	595
3b37e13c-8146-4d2b-a79c-4920397b04d2	NR_115735.1	94.192	396	13	8	1	390	1191	800	6.41e-170	595
3b37e13c-8146-4d2b-a79c-4920397b04d2	NR_116211.1	94.192	396	13	8	1	390	1123	732	6.41e-170	595
3b37e13c-8146-4d2b-a79c-4920397b04d2	NR_156072.1	94.192	396	13	8	1	390	1220	829	6.41e-170	595
e0c24504-ac31-4b26-b709-c9cb0b4aad7f	NR_025862.1	85.448	591	61	22	11	592	587	13	2.77e-170	597
e0c24504-ac31-4b26-b709-c9cb0b4aad7f	NR_028682.1	84.899	596	65	22	6	592	592	13	1.00e-164	579
e0c24504-ac31-4b26-b709-c9cb0b4aad7f	NR_074980.1	81.729	613	76	25	1	592	610	13	1.05e-134	479
e0c24504-ac31-4b26-b709-c9cb0b4aad7f	NR_113031.1	81.729	613	76	25	1	592	610	13	1.05e-134	479
e0c24504-ac31-4b26-b709-c9cb0b4aad7f	NR_043332.1	81.544	596	76	24	1	575	583	1	1.05e-129	462
a76a57e5-dfea-4401-a4b9-4424bf9b29c2	NR_074980.1	94.608	816	23	14	1	801	700	1509	0.0	1243
a76a57e5-dfea-4401-a4b9-4424bf9b29c2	NR_113031.1	94.608	816	23	14	1	801	700	1509	0.0	1243
a76a57e5-dfea-4401-a4b9-4424bf9b29c2	NR_043332.1	94.363	816	25	14	1	801	673	1482	0.0	1236
a76a57e5-dfea-4401-a4b9-4424bf9b29c2	NR_113570.1	94.247	817	25	15	1	801	680	1490	0.0	1229
a76a57e5-dfea-4401-a4b9-4424bf9b29c2	NR_115354.1	94.118	816	27	14	1	801	673	1482	0.0	1223
82335086-a4e3-4b1c-8777-e3ac7926ff79	NR_113570.1	96.353	850	15	12	1	841	648	1490	0.0	1384
82335086-a4e3-4b1c-8777-e3ac7926ff79	NR_043332.1	96.231	849	17	11	1	841	641	1482	0.0	1380
82335086-a4e3-4b1c-8777-e3ac7926ff79	NR_074980.1	96.231	849	17	11	1	841	668	1509	0.0	1376
82335086-a4e3-4b1c-8777-e3ac7926ff79	NR_113031.1	96.231	849	17	11	1	841	668	1509	0.0	1376
82335086-a4e3-4b1c-8777-e3ac7926ff79	NR_115355.1	95.995	849	19	11	1	841	641	1482	0.0	1365
65ac6209-7c95-4fe0-96c3-0038e2cf944d	NR_025862.1	98.990	198	2	0	1	198	357	554	1.80e-98	357
65ac6209-7c95-4fe0-96c3-0038e2cf944d	NR_157692.1	96.970	198	6	0	1	198	365	562	3.03e-91	333
65ac6209-7c95-4fe0-96c3-0038e2cf944d	NR_158022.1	96.465	198	7	0	1	198	347	544	1.41e-89	327
65ac6209-7c95-4fe0-96c3-0038e2cf944d	NR_179157.1	96.465	198	7	0	1	198	346	543	1.41e-89	327
65ac6209-7c95-4fe0-96c3-0038e2cf944d	NR_116287.1	95.960	198	8	0	1	198	309	506	6.55e-88	322
9d816c8a-fb2e-4b36-be14-1834ac939de3	NR_041989.1	96.737	613	9	9	1	608	1276	670	0.0	1011
9d816c8a-fb2e-4b36-be14-1834ac939de3	NR_117694.1	96.574	613	10	9	1	608	1318	712	0.0	1005
9d816c8a-fb2e-4b36-be14-1834ac939de3	NR_178369.1	96.574	613	10	9	1	608	1289	683	0.0	1005
9d816c8a-fb2e-4b36-be14-1834ac939de3	NR_025892.1	96.085	613	13	9	1	608	1343	737	0.0	994
9d816c8a-fb2e-4b36-be14-1834ac939de3	NR_028900.1	96.248	613	12	9	1	608	1276	670	0.0	994
bd867b84-aae6-4811-8e3b-5d506c55dba4	NR_156986.1	96.296	999	20	17	1	988	999	7	0.0	1624
bd867b84-aae6-4811-8e3b-5d506c55dba4	NR_178976.1	96.643	983	19	14	1	975	990	14	0.0	1620
bd867b84-aae6-4811-8e3b-5d506c55dba4	NR_156987.1	96.196	999	21	17	1	988	999	7	0.0	1618
bd867b84-aae6-4811-8e3b-5d506c55dba4	NR_199513.1	96.192	998	23	15	1	988	1018	26	0.0	1618
bd867b84-aae6-4811-8e3b-5d506c55dba4	NR_199514.1	96.196	999	21	17	1	988	1011	19	0.0	1618
90f4b4c9-d4f1-49da-a26d-1fb92f93123f	NR_043314.1	92.600	473	18	15	11	473	1016	1481	0.0	664
90f4b4c9-d4f1-49da-a26d-1fb92f93123f	NR_114749.1	92.600	473	18	15	11	473	1018	1483	0.0	664
90f4b4c9-d4f1-49da-a26d-1fb92f93123f	NR_116899.1	92.600	473	18	15	11	473	985	1450	0.0	664
90f4b4c9-d4f1-49da-a26d-1fb92f93123f	NR_178854.1	92.600	473	18	15	11	473	997	1462	0.0	664
90f4b4c9-d4f1-49da-a26d-1fb92f93123f	NR_179889.1	92.600	473	18	15	11	473	1025	1490	0.0	664
9ea0cd63-0839-41fb-af9e-723065be8657	NR_037092.1	96.277	376	4	8	7	375	384	12	7.94e-174	608
9ea0cd63-0839-41fb-af9e-723065be8657	NR_024912.1	96.021	377	4	9	7	375	380	7	3.69e-172	603
9ea0cd63-0839-41fb-af9e-723065be8657	NR_028706.1	96.021	377	4	9	7	375	388	15	3.69e-172	603
9ea0cd63-0839-41fb-af9e-723065be8657	NR_042939.1	96.021	377	4	9	7	375	386	13	3.69e-172	603
9ea0cd63-0839-41fb-af9e-723065be8657	NR_114473.1	96.021	377	4	9	7	375	375	2	3.69e-172	603
a0b906e9-1f9b-468f-8bf6-a0f47399f717	NR_180743.1	88.749	1191	92	32	15	1181	282	1454	0.0	1419
a0b906e9-1f9b-468f-8bf6-a0f47399f717	NR_041799.1	88.333	1200	94	36	15	1188	281	1460	0.0	1399
a0b906e9-1f9b-468f-8bf6-a0f47399f717	NR_114227.1	88.333	1200	94	36	15	1188	281	1460	0.0	1399
a0b906e9-1f9b-468f-8bf6-a0f47399f717	NR_117823.1	88.333	1200	94	36	15	1188	253	1432	0.0	1399
a0b906e9-1f9b-468f-8bf6-a0f47399f717	NR_180078.1	88.147	1198	100	32	15	1188	301	1480	0.0	1387
1da85d81-d2a3-445c-a5ed-57dc4a7d4867	NR_024928.1	95.238	1407	29	28	4	1389	1395	6	0.0	2194
1da85d81-d2a3-445c-a5ed-57dc4a7d4867	NR_156986.1	95.235	1406	31	26	4	1389	1390	1	0.0	2193
1da85d81-d2a3-445c-a5ed-57dc4a7d4867	NR_199513.1	95.170	1408	32	26	4	1391	1409	18	0.0	2191
1da85d81-d2a3-445c-a5ed-57dc4a7d4867	NR_024901.1	95.167	1407	30	28	4	1389	1395	6	0.0	2187
1da85d81-d2a3-445c-a5ed-57dc4a7d4867	NR_156987.1	95.164	1406	32	26	4	1389	1390	1	0.0	2187
54c61575-81fb-4ef9-9e22-75251220944b	NR_199512.1	90.608	756	40	28	1	736	113	857	0.0	974
54c61575-81fb-4ef9-9e22-75251220944b	NR_040859.1	90.476	756	41	28	1	736	98	842	0.0	968
54c61575-81fb-4ef9-9e22-75251220944b	NR_104278.1	90.476	756	41	28	1	736	98	842	0.0	968
54c61575-81fb-4ef9-9e22-75251220944b	NR_104280.1	90.476	756	41	28	1	736	98	842	0.0	968
54c61575-81fb-4ef9-9e22-75251220944b	NR_113855.1	90.476	756	41	28	1	736	86	830	0.0	968
4ecf1a1a-2e5c-4174-8b81-3577440ba0fd	NR_117694.1	93.064	1384	53	38	1	1352	95	1467	0.0	1984
4ecf1a1a-2e5c-4174-8b81-3577440ba0fd	NR_025892.1	92.229	1377	65	37	1	1346	121	1486	0.0	1938
4ecf1a1a-2e5c-4174-8b81-3577440ba0fd	NR_121687.1	92.263	1383	66	38	1	1352	115	1487	0.0	1923
4ecf1a1a-2e5c-4174-8b81-3577440ba0fd	NR_117692.1	91.769	1385	69	40	1	1352	95	1467	0.0	1884
4ecf1a1a-2e5c-4174-8b81-3577440ba0fd	NR_104946.1	92.026	1367	68	37	1	1336	58	1414	0.0	1882
e92bb4ff-d4fe-442e-9eff-dd25b040167a	NR_028665.1	97.778	225	1	4	19	241	1264	1486	9.31e-107	385
e92bb4ff-d4fe-442e-9eff-dd25b040167a	NR_114172.1	97.778	225	1	4	19	241	1247	1469	9.31e-107	385
e92bb4ff-d4fe-442e-9eff-dd25b040167a	NR_156072.1	97.778	225	1	4	19	241	1269	1491	9.31e-107	385
e92bb4ff-d4fe-442e-9eff-dd25b040167a	NR_179385.1	97.778	225	1	4	19	241	1271	1493	9.31e-107	385
e92bb4ff-d4fe-442e-9eff-dd25b040167a	NR_199545.1	97.778	225	1	4	19	241	1267	1489	9.31e-107	385
47c5e672-b8e7-46d3-898d-673d8b0304ee	NR_043314.1	97.527	364	3	4	7	365	1119	1481	1.29e-176	617
47c5e672-b8e7-46d3-898d-673d8b0304ee	NR_114749.1	97.527	364	3	4	7	365	1121	1483	1.29e-176	617
47c5e672-b8e7-46d3-898d-673d8b0304ee	NR_116899.1	97.527	364	3	4	7	365	1088	1450	1.29e-176	617
47c5e672-b8e7-46d3-898d-673d8b0304ee	NR_178854.1	97.527	364	3	4	7	365	1100	1462	1.29e-176	617
47c5e672-b8e7-46d3-898d-673d8b0304ee	NR_179889.1	97.527	364	3	4	7	365	1128	1490	1.29e-176	617
6922bf54-8416-4b37-b4cc-7410479ea67e	NR_024912.1	96.258	481	9	4	13	491	479	6	0.0	780
6922bf54-8416-4b37-b4cc-7410479ea67e	NR_156986.1	96.258	481	9	4	13	491	474	1	0.0	780
6922bf54-8416-4b37-b4cc-7410479ea67e	NR_024901.1	96.050	481	10	4	13	491	479	6	0.0	774
6922bf54-8416-4b37-b4cc-7410479ea67e	NR_024928.1	96.050	481	10	4	13	491	479	6	0.0	774
6922bf54-8416-4b37-b4cc-7410479ea67e	NR_156987.1	96.050	481	10	4	13	491	474	1	0.0	774
fd5b9774-1295-4369-9731-62adc0878e86	NR_024842.1	97.463	670	9	7	1	668	829	1492	0.0	1136
fd5b9774-1295-4369-9731-62adc0878e86	NR_152678.1	97.463	670	10	6	1	668	834	1498	0.0	1136
fd5b9774-1295-4369-9731-62adc0878e86	NR_165737.1	97.738	663	8	6	1	661	814	1471	0.0	1134
fd5b9774-1295-4369-9731-62adc0878e86	NR_028664.1	97.590	664	9	6	7	668	841	1499	0.0	1131
fd5b9774-1295-4369-9731-62adc0878e86	NR_156072.1	97.313	670	10	7	1	668	834	1497	0.0	1131
bde4fe91-d211-477c-b1f1-d41b1eb9770b	NR_043314.1	96.423	643	13	8	5	641	843	1481	0.0	1051
bde4fe91-d211-477c-b1f1-d41b1eb9770b	NR_116899.1	96.423	643	13	8	5	641	812	1450	0.0	1051
bde4fe91-d211-477c-b1f1-d41b1eb9770b	NR_178854.1	96.423	643	13	8	5	641	824	1462	0.0	1051
bde4fe91-d211-477c-b1f1-d41b1eb9770b	NR_179889.1	96.423	643	13	8	5	641	852	1490	0.0	1051
bde4fe91-d211-477c-b1f1-d41b1eb9770b	NR_041799.1	96.267	643	14	8	5	641	825	1463	0.0	1046
90552be1-9182-4a25-b911-213a74a0177f	NR_178976.1	92.596	1121	43	31	1	1100	1105	4	0.0	1574
90552be1-9182-4a25-b911-213a74a0177f	NR_199513.1	92.589	1120	45	29	1	1100	1133	32	0.0	1574
90552be1-9182-4a25-b911-213a74a0177f	NR_156986.1	92.576	1118	43	31	4	1100	1111	13	0.0	1568
90552be1-9182-4a25-b911-213a74a0177f	NR_113600.1	92.487	1118	44	31	4	1100	1103	5	0.0	1565
90552be1-9182-4a25-b911-213a74a0177f	NR_024928.1	92.404	1119	49	28	1	1100	1119	18	0.0	1563
63397f2f-bca4-4a7b-a2d6-0aeb00b76099	NR_104930.1	95.154	908	31	11	4	905	572	1472	0.0	1421
63397f2f-bca4-4a7b-a2d6-0aeb00b76099	NR_174301.1	94.580	904	36	11	4	901	566	1462	0.0	1386
63397f2f-bca4-4a7b-a2d6-0aeb00b76099	NR_180040.1	94.273	908	39	11	4	905	593	1493	0.0	1376
63397f2f-bca4-4a7b-a2d6-0aeb00b76099	NR_181946.1	94.163	908	40	11	4	905	572	1472	0.0	1371
63397f2f-bca4-4a7b-a2d6-0aeb00b76099	NR_114764.1	93.943	908	38	13	3	902	568	1466	0.0	1362
7164e845-51c9-46da-82a3-df33dc3d6bec	NR_029050.1	90.679	987	60	25	56	1022	430	1404	0.0	1284
7164e845-51c9-46da-82a3-df33dc3d6bec	NR_041799.1	90.310	1001	63	27	56	1034	462	1450	0.0	1280
7164e845-51c9-46da-82a3-df33dc3d6bec	NR_114227.1	90.310	1001	63	27	56	1034	462	1450	0.0	1280
7164e845-51c9-46da-82a3-df33dc3d6bec	NR_114481.1	90.310	1001	63	27	56	1034	471	1459	0.0	1280
7164e845-51c9-46da-82a3-df33dc3d6bec	NR_117823.1	90.310	1001	63	27	56	1034	434	1422	0.0	1280
64290335-b498-4b92-b972-8f321a3362ff	NR_024901.1	96.226	795	16	12	1	791	790	6	0.0	1290
64290335-b498-4b92-b972-8f321a3362ff	NR_024928.1	96.226	795	16	12	1	791	790	6	0.0	1290
64290335-b498-4b92-b972-8f321a3362ff	NR_156986.1	96.226	795	16	12	1	791	785	1	0.0	1290
64290335-b498-4b92-b972-8f321a3362ff	NR_199513.1	96.106	796	19	10	1	793	804	18	0.0	1288
64290335-b498-4b92-b972-8f321a3362ff	NR_156987.1	96.101	795	17	12	1	791	785	1	0.0	1284
993be721-5c60-4830-926e-7a088dadc3c7	NR_117717.1	94.096	542	18	10	1	538	962	1493	0.0	811
993be721-5c60-4830-926e-7a088dadc3c7	NR_117696.1	94.096	542	18	10	1	538	929	1460	0.0	811
993be721-5c60-4830-926e-7a088dadc3c7	NR_159079.1	93.911	542	19	10	1	538	938	1469	0.0	806
993be721-5c60-4830-926e-7a088dadc3c7	NR_117694.1	93.911	542	19	10	1	538	942	1473	0.0	806
993be721-5c60-4830-926e-7a088dadc3c7	NR_025902.1	93.727	542	20	10	1	538	920	1451	0.0	800
1f6a9464-3d08-4861-867a-30bee8bcecad	NR_040859.1	87.966	349	21	14	10	340	1129	1474	7.89e-109	392
1f6a9464-3d08-4861-867a-30bee8bcecad	NR_137412.1	86.857	350	23	16	10	340	1103	1448	3.70e-102	370
1f6a9464-3d08-4861-867a-30bee8bcecad	NR_074359.1	86.571	350	24	17	10	340	1134	1479	1.72e-100	364
1f6a9464-3d08-4861-867a-30bee8bcecad	NR_114390.1	85.673	349	29	14	10	340	1113	1458	1.73e-95	348
1f6a9464-3d08-4861-867a-30bee8bcecad	NR_044554.1	83.046	348	41	13	10	340	1100	1446	4.92e-81	300
af3264ec-34a0-4edb-acf5-d49baa003afd	NR_024918.1	94.872	273	5	7	1	267	1453	1184	1.01e-116	418
af3264ec-34a0-4edb-acf5-d49baa003afd	NR_025227.1	94.872	273	5	7	1	267	1436	1167	1.01e-116	418
af3264ec-34a0-4edb-acf5-d49baa003afd	NR_028986.1	94.872	273	5	7	1	267	1440	1171	1.01e-116	418
af3264ec-34a0-4edb-acf5-d49baa003afd	NR_041799.1	94.872	273	5	7	1	267	1440	1171	1.01e-116	418
af3264ec-34a0-4edb-acf5-d49baa003afd	NR_043314.1	94.853	272	7	5	1	267	1458	1189	1.01e-116	418
6d6db188-b0b3-47a9-8d0b-67c2c58be9ee	NR_028664.1	88.366	1444	100	57	3	1413	88	1496	0.0	1674
6d6db188-b0b3-47a9-8d0b-67c2c58be9ee	NR_115240.1	88.333	1440	100	57	3	1409	65	1469	0.0	1666
6d6db188-b0b3-47a9-8d0b-67c2c58be9ee	NR_118234.1	88.421	1425	99	55	2	1394	83	1473	0.0	1657
6d6db188-b0b3-47a9-8d0b-67c2c58be9ee	NR_042927.1	88.194	1440	102	57	3	1409	67	1471	0.0	1655
6d6db188-b0b3-47a9-8d0b-67c2c58be9ee	NR_115734.1	88.194	1440	102	57	3	1409	68	1472	0.0	1655
79b3e89c-05f9-4667-a1e9-67085a988916	NR_114795.1	96.619	562	11	6	1	555	1171	611	0.0	926
79b3e89c-05f9-4667-a1e9-67085a988916	NR_041799.1	96.448	563	11	7	1	555	1279	718	0.0	920
79b3e89c-05f9-4667-a1e9-67085a988916	NR_114227.1	96.448	563	11	7	1	555	1279	718	0.0	920
79b3e89c-05f9-4667-a1e9-67085a988916	NR_114481.1	96.448	563	11	7	1	555	1288	727	0.0	920
79b3e89c-05f9-4667-a1e9-67085a988916	NR_114595.1	96.448	563	11	7	1	555	1299	738	0.0	920
b81a1a23-4c97-4bcf-a9d3-83cf11cd0fd7	NR_115355.1	95.600	500	10	11	21	512	496	1	0.0	795
b81a1a23-4c97-4bcf-a9d3-83cf11cd0fd7	NR_119168.1	95.618	502	10	11	21	514	501	4	0.0	795
b81a1a23-4c97-4bcf-a9d3-83cf11cd0fd7	NR_119169.1	95.418	502	11	11	21	514	501	4	0.0	793
b81a1a23-4c97-4bcf-a9d3-83cf11cd0fd7	NR_074980.1	95.088	509	13	11	21	521	523	19	0.0	791
b81a1a23-4c97-4bcf-a9d3-83cf11cd0fd7	NR_113031.1	95.088	509	13	11	21	521	523	19	0.0	791
cd7ae90d-64a2-4b58-9ad6-4b215d21b861	NR_043314.1	91.616	656	37	15	1	647	838	1484	0.0	891
cd7ae90d-64a2-4b58-9ad6-4b215d21b861	NR_116899.1	91.616	656	37	15	1	647	807	1453	0.0	891
cd7ae90d-64a2-4b58-9ad6-4b215d21b861	NR_178854.1	91.616	656	37	15	1	647	819	1465	0.0	891
cd7ae90d-64a2-4b58-9ad6-4b215d21b861	NR_179889.1	91.616	656	37	15	1	647	847	1493	0.0	891
cd7ae90d-64a2-4b58-9ad6-4b215d21b861	NR_181730.1	91.590	654	37	15	1	645	826	1470	0.0	887
5843cd09-69b5-4979-b473-f2c55f85bc7e	NR_104708.1	87.131	746	52	34	4	717	741	1474	0.0	808
5843cd09-69b5-4979-b473-f2c55f85bc7e	NR_043443.1	87.273	715	48	33	4	686	716	1419	0.0	778
5843cd09-69b5-4979-b473-f2c55f85bc7e	NR_118723.2	86.216	740	58	35	4	711	768	1495	0.0	776
5843cd09-69b5-4979-b473-f2c55f85bc7e	NR_029337.1	86.309	745	60	33	4	718	771	1503	0.0	773
5843cd09-69b5-4979-b473-f2c55f85bc7e	NR_179292.1	85.399	726	61	36	4	695	709	1423	0.0	712
b502daa3-fd8b-4f4f-9b2d-b04578ed36fa	NR_074980.1	95.302	1426	43	18	80	1492	1427	13	0.0	2241
b502daa3-fd8b-4f4f-9b2d-b04578ed36fa	NR_113031.1	95.302	1426	43	18	80	1492	1427	13	0.0	2241
b502daa3-fd8b-4f4f-9b2d-b04578ed36fa	NR_113570.1	95.346	1418	42	19	80	1484	1407	1	0.0	2231
b502daa3-fd8b-4f4f-9b2d-b04578ed36fa	NR_043332.1	95.319	1410	44	16	80	1477	1400	1	0.0	2224
b502daa3-fd8b-4f4f-9b2d-b04578ed36fa	NR_119168.1	94.763	1413	52	16	80	1480	1405	3	0.0	2202
2b147984-5114-43da-b43f-cd957c455f26	NR_113570.1	92.176	1227	48	37	1	1192	281	1494	0.0	1690
2b147984-5114-43da-b43f-cd957c455f26	NR_074980.1	92.088	1226	50	36	1	1192	301	1513	0.0	1683
2b147984-5114-43da-b43f-cd957c455f26	NR_113031.1	92.088	1226	50	36	1	1192	301	1513	0.0	1683
2b147984-5114-43da-b43f-cd957c455f26	NR_043332.1	92.007	1226	51	36	1	1192	274	1486	0.0	1679
2b147984-5114-43da-b43f-cd957c455f26	NR_115355.1	91.843	1226	53	36	1	1192	274	1486	0.0	1666
a3636ca9-99ef-4a07-a25e-62b2c6490b28	NR_164626.1	96.515	373	7	6	1	368	372	1	5.98e-175	612
a3636ca9-99ef-4a07-a25e-62b2c6490b28	NR_024912.1	96.496	371	7	6	1	366	375	6	7.74e-174	608
a3636ca9-99ef-4a07-a25e-62b2c6490b28	NR_028706.1	96.496	371	7	6	1	366	383	14	7.74e-174	608
a3636ca9-99ef-4a07-a25e-62b2c6490b28	NR_042939.1	96.496	371	7	6	1	366	381	12	7.74e-174	608
a3636ca9-99ef-4a07-a25e-62b2c6490b28	NR_114473.1	96.496	371	7	6	1	366	370	1	7.74e-174	608
cf36deed-0f4e-4afe-9290-e410cc7c719a	NR_024842.1	93.718	987	42	18	4	984	980	8	0.0	1465
cf36deed-0f4e-4afe-9290-e410cc7c719a	NR_115241.1	93.871	979	40	18	4	976	965	1	0.0	1458
cf36deed-0f4e-4afe-9290-e410cc7c719a	NR_178515.1	93.667	979	42	18	4	976	965	1	0.0	1447
cf36deed-0f4e-4afe-9290-e410cc7c719a	NR_115735.1	93.808	969	40	18	4	965	956	1	0.0	1439
cf36deed-0f4e-4afe-9290-e410cc7c719a	NR_165737.1	93.463	979	44	18	4	976	965	1	0.0	1435
56cc29a9-fe35-4619-a206-541389c84652	NR_179889.1	93.607	1220	44	28	1	1198	283	1490	0.0	1790
56cc29a9-fe35-4619-a206-541389c84652	NR_181891.1	93.607	1220	44	28	1	1198	279	1486	0.0	1790
56cc29a9-fe35-4619-a206-541389c84652	NR_041953.1	93.525	1220	45	28	1	1198	256	1463	0.0	1784
56cc29a9-fe35-4619-a206-541389c84652	NR_042541.1	93.525	1220	45	28	1	1198	256	1463	0.0	1784
56cc29a9-fe35-4619-a206-541389c84652	NR_199513.1	93.525	1220	45	28	1	1198	283	1490	0.0	1784
a0988bf8-4629-42da-bfc1-01a760cdba4b	NR_136788.1	93.803	355	15	7	1	353	1127	1476	2.14e-149	527
a0988bf8-4629-42da-bfc1-01a760cdba4b	NR_026230.1	91.831	355	22	7	1	353	1105	1454	1.01e-137	488
a0988bf8-4629-42da-bfc1-01a760cdba4b	NR_113082.1	92.097	329	20	6	1	327	1127	1451	7.91e-129	459
a0988bf8-4629-42da-bfc1-01a760cdba4b	NR_136443.1	92.405	316	19	5	24	337	1111	1423	6.16e-125	446
a0988bf8-4629-42da-bfc1-01a760cdba4b	NR_026137.1	89.458	332	29	6	24	353	1130	1457	4.83e-116	416
f12c896d-f40e-4128-948f-44bd9c41e140	NR_043314.1	93.388	484	14	12	1	473	1005	1481	0.0	701
f12c896d-f40e-4128-948f-44bd9c41e140	NR_114749.1	93.388	484	14	12	1	473	1007	1483	0.0	701
f12c896d-f40e-4128-948f-44bd9c41e140	NR_116899.1	93.388	484	14	12	1	473	974	1450	0.0	701
f12c896d-f40e-4128-948f-44bd9c41e140	NR_178854.1	93.388	484	14	12	1	473	986	1462	0.0	701
f12c896d-f40e-4128-948f-44bd9c41e140	NR_179889.1	93.388	484	14	12	1	473	1014	1490	0.0	701
1439d9a9-8083-4be4-b846-8929dcb45ba7	NR_043314.1	96.436	477	10	7	4	476	1008	1481	0.0	780
1439d9a9-8083-4be4-b846-8929dcb45ba7	NR_114749.1	96.436	477	10	7	4	476	1010	1483	0.0	780
1439d9a9-8083-4be4-b846-8929dcb45ba7	NR_116899.1	96.436	477	10	7	4	476	977	1450	0.0	780
1439d9a9-8083-4be4-b846-8929dcb45ba7	NR_178854.1	96.436	477	10	7	4	476	989	1462	0.0	780
1439d9a9-8083-4be4-b846-8929dcb45ba7	NR_179889.1	96.436	477	10	7	4	476	1017	1490	0.0	780
1783d78e-e38b-4bf8-a53f-47711ed2fe4f	NR_025862.1	90.774	336	16	13	39	368	335	9	1.07e-122	438
1783d78e-e38b-4bf8-a53f-47711ed2fe4f	NR_028682.1	88.889	333	24	11	39	366	336	12	1.82e-110	398
1783d78e-e38b-4bf8-a53f-47711ed2fe4f	NR_026454.1	84.591	318	34	15	39	349	310	1	1.47e-81	302
1783d78e-e38b-4bf8-a53f-47711ed2fe4f	NR_025863.1	82.558	344	34	24	39	368	340	9	1.91e-75	281
1783d78e-e38b-4bf8-a53f-47711ed2fe4f	NR_180911.1	81.711	339	37	25	39	365	326	1	8.95e-69	259
30662115-d01e-4094-88c0-5063cde1aca5	NR_179889.1	96.023	1383	33	17	4	1382	129	1493	0.0	2230
30662115-d01e-4094-88c0-5063cde1aca5	NR_199513.1	96.023	1383	33	17	4	1382	129	1493	0.0	2230
30662115-d01e-4094-88c0-5063cde1aca5	NR_024928.1	95.954	1384	32	19	4	1382	115	1479	0.0	2226
30662115-d01e-4094-88c0-5063cde1aca5	NR_113600.1	96.014	1380	31	19	4	1378	102	1462	0.0	2224
30662115-d01e-4094-88c0-5063cde1aca5	NR_178854.1	95.951	1383	33	18	4	1382	102	1465	0.0	2222
d5003b1c-3058-4577-9e1f-a6f0d1a6696f	NR_025892.1	96.829	473	10	3	3	474	488	20	0.0	795
d5003b1c-3058-4577-9e1f-a6f0d1a6696f	NR_117694.1	97.639	466	6	3	3	467	462	1	0.0	795
d5003b1c-3058-4577-9e1f-a6f0d1a6696f	NR_121687.1	95.570	474	14	5	3	474	482	14	0.0	752
d5003b1c-3058-4577-9e1f-a6f0d1a6696f	NR_117692.1	94.635	466	20	3	3	467	462	1	0.0	717
d5003b1c-3058-4577-9e1f-a6f0d1a6696f	NR_104830.1	95.682	440	13	5	37	474	443	8	0.0	702
852e908a-f7b8-4180-8fe6-df3a0daed437	NR_156986.1	98.200	1000	11	7	1	996	1000	4	0.0	1740
852e908a-f7b8-4180-8fe6-df3a0daed437	NR_178976.1	98.385	991	10	6	1	987	991	3	0.0	1736
852e908a-f7b8-4180-8fe6-df3a0daed437	NR_156987.1	98.100	1000	12	7	1	996	1000	4	0.0	1735
852e908a-f7b8-4180-8fe6-df3a0daed437	NR_199513.1	98.098	999	14	5	1	996	1019	23	0.0	1735
852e908a-f7b8-4180-8fe6-df3a0daed437	NR_199514.1	98.100	1000	12	7	1	996	1012	16	0.0	1735
bf53fe0d-f14c-4855-9a1c-58e5ae80d689	NR_024928.1	95.833	1152	17	19	3	1135	1145	6	0.0	1832
bf53fe0d-f14c-4855-9a1c-58e5ae80d689	NR_156986.1	95.830	1151	19	17	3	1135	1140	1	0.0	1832
bf53fe0d-f14c-4855-9a1c-58e5ae80d689	NR_199514.1	95.830	1151	19	18	3	1135	1152	13	0.0	1832
bf53fe0d-f14c-4855-9a1c-58e5ae80d689	NR_178976.1	95.884	1142	18	17	3	1126	1131	1	0.0	1821
bf53fe0d-f14c-4855-9a1c-58e5ae80d689	NR_199513.1	95.577	1153	22	17	3	1137	1159	18	0.0	1820
9e3241a5-c905-428e-82f1-7087eae77155	NR_043604.1	90.799	576	28	21	1	563	564	1	0.0	747
9e3241a5-c905-428e-82f1-7087eae77155	NR_118512.1	90.799	576	28	21	1	563	564	1	0.0	747
9e3241a5-c905-428e-82f1-7087eae77155	NR_115710.1	89.223	566	37	21	10	563	554	1	0.0	686
9e3241a5-c905-428e-82f1-7087eae77155	NR_028698.1	88.811	572	40	21	10	569	575	16	0.0	680
9e3241a5-c905-428e-82f1-7087eae77155	NR_115704.1	88.869	566	39	21	10	563	554	1	0.0	675
2e311849-8775-40e6-bfe2-b89b92f8471b	NR_117694.1	94.621	818	24	16	1	804	661	1472	0.0	1249
2e311849-8775-40e6-bfe2-b89b92f8471b	NR_117692.1	94.254	818	27	16	1	804	661	1472	0.0	1232
2e311849-8775-40e6-bfe2-b89b92f8471b	NR_121687.1	94.132	818	28	16	1	804	681	1492	0.0	1227
2e311849-8775-40e6-bfe2-b89b92f8471b	NR_025892.1	94.300	807	26	16	1	793	686	1486	0.0	1223
2e311849-8775-40e6-bfe2-b89b92f8471b	NR_025902.1	94.010	818	29	16	1	804	639	1450	0.0	1221
02489e35-819d-411e-9d29-cae82653cd51	NR_199513.1	93.175	674	27	13	1	660	686	18	0.0	972
02489e35-819d-411e-9d29-cae82653cd51	NR_181891.1	91.420	676	35	17	1	660	682	14	0.0	905
02489e35-819d-411e-9d29-cae82653cd51	NR_041953.1	91.754	667	30	19	1	650	659	1	0.0	904
02489e35-819d-411e-9d29-cae82653cd51	NR_181014.1	91.604	667	31	19	1	650	659	1	0.0	898
02489e35-819d-411e-9d29-cae82653cd51	NR_179889.1	91.124	676	37	17	1	660	686	18	0.0	894
4b389eee-797e-4d39-adfc-b4f0ca3c3316	NR_164626.1	96.750	400	6	5	1	395	399	2	0.0	660
4b389eee-797e-4d39-adfc-b4f0ca3c3316	NR_024912.1	96.742	399	6	5	1	394	402	6	0.0	658
4b389eee-797e-4d39-adfc-b4f0ca3c3316	NR_028706.1	96.742	399	6	5	1	394	410	14	0.0	658
4b389eee-797e-4d39-adfc-b4f0ca3c3316	NR_042939.1	96.742	399	6	5	1	394	408	12	0.0	658
4b389eee-797e-4d39-adfc-b4f0ca3c3316	NR_114473.1	96.742	399	6	5	1	394	397	1	0.0	658
50b63642-9f69-49f2-ba48-7061526b9f9d	NR_144750.1	84.833	1200	134	38	1	1173	303	1481	0.0	1164
50b63642-9f69-49f2-ba48-7061526b9f9d	NR_118334.1	84.577	1193	135	40	1	1164	283	1455	0.0	1138
50b63642-9f69-49f2-ba48-7061526b9f9d	NR_041307.1	83.943	1202	141	43	1	1173	296	1474	0.0	1103
50b63642-9f69-49f2-ba48-7061526b9f9d	NR_112932.1	83.472	1204	143	44	1	1173	290	1468	0.0	1070
50b63642-9f69-49f2-ba48-7061526b9f9d	NR_112893.1	83.333	1200	152	38	1	1173	280	1458	0.0	1064
63af8d51-794f-4c3a-9fa2-907c2c2df5ee	NR_117694.1	91.549	355	20	8	4	352	351	1	1.71e-135	481
63af8d51-794f-4c3a-9fa2-907c2c2df5ee	NR_117717.1	90.582	361	24	9	4	358	372	16	3.71e-132	470
63af8d51-794f-4c3a-9fa2-907c2c2df5ee	NR_121688.1	90.582	361	24	9	4	358	371	15	3.71e-132	470
63af8d51-794f-4c3a-9fa2-907c2c2df5ee	NR_025892.1	90.028	361	26	8	4	358	377	21	4.80e-131	466
63af8d51-794f-4c3a-9fa2-907c2c2df5ee	NR_104830.1	90.028	361	27	8	4	358	366	9	8.03e-129	459
68f3a146-3913-412d-a8ce-b4d15279335c	NR_041953.1	95.298	319	7	7	13	326	437	752	4.27e-141	499
68f3a146-3913-412d-a8ce-b4d15279335c	NR_181014.1	95.298	319	7	7	13	326	437	752	4.27e-141	499
68f3a146-3913-412d-a8ce-b4d15279335c	NR_199513.1	95.298	319	7	7	13	326	464	779	4.27e-141	499
68f3a146-3913-412d-a8ce-b4d15279335c	NR_042541.1	94.984	319	8	7	13	326	437	752	1.99e-139	494
68f3a146-3913-412d-a8ce-b4d15279335c	NR_152710.1	94.984	319	8	7	13	326	418	733	1.99e-139	494
3d43cbe5-c53b-41a8-8f3e-0ae03a3b3474	NR_117717.1	94.714	454	17	7	19	468	476	26	0.0	699
3d43cbe5-c53b-41a8-8f3e-0ae03a3b3474	NR_117701.1	94.714	454	17	7	19	468	455	5	0.0	699
3d43cbe5-c53b-41a8-8f3e-0ae03a3b3474	NR_121688.1	94.493	454	18	7	19	468	475	25	0.0	693
3d43cbe5-c53b-41a8-8f3e-0ae03a3b3474	NR_117696.1	94.831	445	16	7	19	459	442	1	0.0	688
3d43cbe5-c53b-41a8-8f3e-0ae03a3b3474	NR_104947.1	94.664	431	16	7	19	445	428	1	0.0	662
6451d262-a988-40bb-9ec8-01224d4cd09a	NR_024918.1	93.682	554	18	13	1	543	929	1476	0.0	813
6451d262-a988-40bb-9ec8-01224d4cd09a	NR_043314.1	93.682	554	18	13	1	543	934	1481	0.0	813
6451d262-a988-40bb-9ec8-01224d4cd09a	NR_042147.1	93.682	554	18	13	1	543	916	1463	0.0	813
6451d262-a988-40bb-9ec8-01224d4cd09a	NR_116899.1	93.682	554	18	13	1	543	903	1450	0.0	813
6451d262-a988-40bb-9ec8-01224d4cd09a	NR_164626.1	93.682	554	18	13	1	543	926	1473	0.0	813
2d877554-8637-4ae1-87f7-b048d586c407	NR_117694.1	90.349	860	49	29	1	844	631	1472	0.0	1098
2d877554-8637-4ae1-87f7-b048d586c407	NR_121687.1	90.000	860	52	29	1	844	651	1492	0.0	1081
2d877554-8637-4ae1-87f7-b048d586c407	NR_026079.2	89.675	862	51	31	1	844	658	1499	0.0	1064
2d877554-8637-4ae1-87f7-b048d586c407	NR_117696.1	89.651	860	55	29	1	844	618	1459	0.0	1064
2d877554-8637-4ae1-87f7-b048d586c407	NR_117692.1	89.639	859	55	29	2	844	632	1472	0.0	1062
0e852778-15e0-43b0-beb7-8c53d0c6e1a1	NR_156986.1	91.610	882	44	25	1	862	874	3	0.0	1192
0e852778-15e0-43b0-beb7-8c53d0c6e1a1	NR_156987.1	91.497	882	45	25	1	862	874	3	0.0	1186
0e852778-15e0-43b0-beb7-8c53d0c6e1a1	NR_199514.1	91.497	882	45	25	1	862	886	15	0.0	1186
0e852778-15e0-43b0-beb7-8c53d0c6e1a1	NR_178976.1	91.657	875	43	25	1	855	865	1	0.0	1184
0e852778-15e0-43b0-beb7-8c53d0c6e1a1	NR_113600.1	91.553	876	44	25	1	856	866	1	0.0	1182
474d317b-66e7-483e-85f4-e1f54773a66f	NR_136788.1	92.756	566	13	22	1	550	1333	780	0.0	793
474d317b-66e7-483e-85f4-e1f54773a66f	NR_026230.1	89.929	566	29	22	1	550	1311	758	0.0	706
474d317b-66e7-483e-85f4-e1f54773a66f	NR_113082.1	89.771	567	28	24	1	550	1333	780	0.0	699
474d317b-66e7-483e-85f4-e1f54773a66f	NR_152035.1	85.062	569	53	25	1	550	1336	781	2.10e-156	551
474d317b-66e7-483e-85f4-e1f54773a66f	NR_025052.1	84.534	569	56	25	1	550	1311	756	2.12e-151	534
6a75db5d-ed48-41e3-87d2-67499acaabba	NR_114395.1	96.682	211	4	2	9	217	1282	1491	1.05e-95	348
6a75db5d-ed48-41e3-87d2-67499acaabba	NR_025521.1	96.209	211	5	2	9	217	1279	1488	4.88e-94	342
6a75db5d-ed48-41e3-87d2-67499acaabba	NR_180159.1	96.172	209	8	0	9	217	1260	1468	4.88e-94	342
6a75db5d-ed48-41e3-87d2-67499acaabba	NR_117410.1	95.735	211	7	2	9	217	1266	1476	6.31e-93	339
6a75db5d-ed48-41e3-87d2-67499acaabba	NR_179535.1	96.172	209	4	2	9	217	1285	1489	6.31e-93	339
7e4a5596-4703-4eba-9118-84d444fc22e7	NR_044091.1	96.452	310	4	5	1	306	1271	965	8.60e-143	505
7e4a5596-4703-4eba-9118-84d444fc22e7	NR_043332.1	95.161	310	7	6	1	306	1356	1051	4.03e-136	483
7e4a5596-4703-4eba-9118-84d444fc22e7	NR_074980.1	95.161	310	7	6	1	306	1383	1078	4.03e-136	483
7e4a5596-4703-4eba-9118-84d444fc22e7	NR_113031.1	95.161	310	7	6	1	306	1383	1078	4.03e-136	483
7e4a5596-4703-4eba-9118-84d444fc22e7	NR_113570.1	95.161	310	7	6	1	306	1363	1058	4.03e-136	483
3a15fefd-7c17-4d31-8f66-6092ff100b9b	NR_117694.1	96.184	1389	29	22	1	1379	93	1467	0.0	2250
3a15fefd-7c17-4d31-8f66-6092ff100b9b	NR_025892.1	95.080	1382	44	22	1	1373	119	1485	0.0	2178
3a15fefd-7c17-4d31-8f66-6092ff100b9b	NR_121687.1	95.101	1388	42	24	3	1379	115	1487	0.0	2163
3a15fefd-7c17-4d31-8f66-6092ff100b9b	NR_117692.1	94.824	1391	44	26	1	1379	93	1467	0.0	2145
3a15fefd-7c17-4d31-8f66-6092ff100b9b	NR_025902.1	94.612	1392	46	27	1	1379	70	1445	0.0	2128
f09b4178-4753-4f1a-8223-b7511806b63d	NR_116899.1	91.723	882	38	28	1	859	584	1453	0.0	1192
f09b4178-4753-4f1a-8223-b7511806b63d	NR_024927.1	91.610	882	39	28	1	859	610	1479	0.0	1186
f09b4178-4753-4f1a-8223-b7511806b63d	NR_042541.1	91.610	882	39	28	1	859	597	1466	0.0	1186
f09b4178-4753-4f1a-8223-b7511806b63d	NR_043314.1	91.497	882	41	27	1	859	614	1484	0.0	1182
f09b4178-4753-4f1a-8223-b7511806b63d	NR_040859.1	91.497	882	40	31	1	859	609	1478	0.0	1181
863209e5-1fa3-402c-8ee0-05c1cc69c39c	NR_199513.1	96.088	1406	37	13	10	1407	98	1493	0.0	2276
863209e5-1fa3-402c-8ee0-05c1cc69c39c	NR_024928.1	96.020	1407	36	15	10	1407	84	1479	0.0	2272
863209e5-1fa3-402c-8ee0-05c1cc69c39c	NR_041953.1	96.017	1406	38	15	10	1407	71	1466	0.0	2270
863209e5-1fa3-402c-8ee0-05c1cc69c39c	NR_113600.1	96.080	1403	35	17	10	1403	71	1462	0.0	2270
863209e5-1fa3-402c-8ee0-05c1cc69c39c	NR_179889.1	96.017	1406	38	13	10	1407	98	1493	0.0	2270
8643c2ef-cfe9-43f5-88db-5acf01a2f311	NR_025902.1	98.246	171	2	1	1	171	1276	1445	8.44e-81	298
8643c2ef-cfe9-43f5-88db-5acf01a2f311	NR_028844.1	98.246	171	2	1	1	171	1307	1476	8.44e-81	298
8643c2ef-cfe9-43f5-88db-5acf01a2f311	NR_040933.1	98.246	171	2	1	1	171	1320	1489	8.44e-81	298
8643c2ef-cfe9-43f5-88db-5acf01a2f311	NR_117717.1	98.246	171	2	1	1	171	1318	1487	8.44e-81	298
8643c2ef-cfe9-43f5-88db-5acf01a2f311	NR_121688.1	98.246	171	2	1	1	171	1318	1487	8.44e-81	298
24429434-94e5-4ecc-b653-6d7b21cad596	NR_164626.1	99.718	354	0	1	1	353	355	2	0.0	647
24429434-94e5-4ecc-b653-6d7b21cad596	NR_024912.1	99.717	353	0	1	1	352	358	6	0.0	645
24429434-94e5-4ecc-b653-6d7b21cad596	NR_028706.1	99.717	353	0	1	1	352	366	14	0.0	645
24429434-94e5-4ecc-b653-6d7b21cad596	NR_037092.1	99.717	353	0	1	1	352	363	11	0.0	645
24429434-94e5-4ecc-b653-6d7b21cad596	NR_042939.1	99.717	353	0	1	1	352	364	12	0.0	645
bbf23b6b-b231-4696-8265-98f622de5106	NR_156986.1	91.782	1083	46	37	11	1066	1067	1	0.0	1467
bbf23b6b-b231-4696-8265-98f622de5106	NR_199513.1	91.697	1084	49	35	11	1068	1086	18	0.0	1465
bbf23b6b-b231-4696-8265-98f622de5106	NR_024901.1	91.690	1083	47	37	11	1066	1072	6	0.0	1461
bbf23b6b-b231-4696-8265-98f622de5106	NR_024928.1	91.690	1083	47	37	11	1066	1072	6	0.0	1461
bbf23b6b-b231-4696-8265-98f622de5106	NR_156987.1	91.690	1083	47	37	11	1066	1067	1	0.0	1461
5c1b0aaa-9596-456d-a734-29dc61253f8b	NR_199545.1	96.667	1350	17	21	1	1335	1361	25	0.0	2218
5c1b0aaa-9596-456d-a734-29dc61253f8b	NR_179385.1	96.593	1350	18	21	1	1335	1365	29	0.0	2213
5c1b0aaa-9596-456d-a734-29dc61253f8b	NR_028664.1	96.370	1350	21	21	1	1335	1364	28	0.0	2196
5c1b0aaa-9596-456d-a734-29dc61253f8b	NR_115240.1	96.370	1350	21	21	1	1335	1341	5	0.0	2196
5c1b0aaa-9596-456d-a734-29dc61253f8b	NR_179383.1	96.370	1350	21	21	1	1335	1368	32	0.0	2196
e5c98165-fcf5-4979-a34a-f2aaae2fcdd3	NR_114413.1	94.604	834	31	12	1	828	840	15	0.0	1279
e5c98165-fcf5-4979-a34a-f2aaae2fcdd3	NR_042927.1	94.756	820	30	11	1	814	817	5	0.0	1264
e5c98165-fcf5-4979-a34a-f2aaae2fcdd3	NR_042928.1	94.628	819	31	11	1	814	815	5	0.0	1256
e5c98165-fcf5-4979-a34a-f2aaae2fcdd3	NR_115734.1	94.512	820	32	11	1	814	818	6	0.0	1256
e5c98165-fcf5-4979-a34a-f2aaae2fcdd3	NR_165747.1	94.505	819	32	11	1	814	815	5	0.0	1251
47665329-c18b-4bca-a093-57f3bf9c81f7	NR_040859.1	96.646	477	13	3	1	476	428	902	0.0	789
47665329-c18b-4bca-a093-57f3bf9c81f7	NR_104278.1	96.646	477	13	3	1	476	428	902	0.0	789
47665329-c18b-4bca-a093-57f3bf9c81f7	NR_104280.1	96.646	477	13	3	1	476	428	902	0.0	789
47665329-c18b-4bca-a093-57f3bf9c81f7	NR_113855.1	96.646	477	13	3	1	476	416	890	0.0	789
47665329-c18b-4bca-a093-57f3bf9c81f7	NR_113856.1	96.646	477	13	3	1	476	416	890	0.0	789
85b6b0af-8ea1-4fce-ba06-598eaccd48c9	NR_117694.1	94.379	676	22	14	1	668	668	1	0.0	1024
85b6b0af-8ea1-4fce-ba06-598eaccd48c9	NR_025892.1	92.544	684	34	15	1	676	693	19	0.0	985
85b6b0af-8ea1-4fce-ba06-598eaccd48c9	NR_121687.1	92.993	685	30	16	1	676	688	13	0.0	983
85b6b0af-8ea1-4fce-ba06-598eaccd48c9	NR_117692.1	92.012	676	38	14	1	668	668	1	0.0	935
85b6b0af-8ea1-4fce-ba06-598eaccd48c9	NR_117717.1	91.533	685	40	16	1	676	689	14	0.0	928
7f863168-30fa-4a72-8aad-c53255d8695f	NR_024912.1	96.026	604	8	14	5	596	606	7	0.0	968
7f863168-30fa-4a72-8aad-c53255d8695f	NR_156986.1	96.026	604	8	14	5	596	601	2	0.0	968
7f863168-30fa-4a72-8aad-c53255d8695f	NR_024901.1	95.861	604	9	14	5	596	606	7	0.0	963
7f863168-30fa-4a72-8aad-c53255d8695f	NR_024928.1	95.861	604	9	14	5	596	606	7	0.0	963
7f863168-30fa-4a72-8aad-c53255d8695f	NR_156987.1	95.861	604	9	14	5	596	601	2	0.0	963
276b4f0c-77d9-4d3d-b90b-fbdcc19e8570	NR_165747.1	96.847	444	6	8	1	438	641	200	0.0	736
276b4f0c-77d9-4d3d-b90b-fbdcc19e8570	NR_199541.1	96.847	444	6	8	1	438	619	178	0.0	736
276b4f0c-77d9-4d3d-b90b-fbdcc19e8570	NR_199544.1	96.847	444	6	8	1	438	619	178	0.0	736
276b4f0c-77d9-4d3d-b90b-fbdcc19e8570	NR_028664.1	96.622	444	7	8	1	438	664	223	0.0	730
276b4f0c-77d9-4d3d-b90b-fbdcc19e8570	NR_042927.1	96.622	444	7	8	1	438	643	202	0.0	730
75aa5633-7372-444d-8db1-059f7c7cfa0e	NR_152710.1	96.011	376	6	5	5	373	174	547	3.64e-172	603
75aa5633-7372-444d-8db1-059f7c7cfa0e	NR_178447.1	96.011	376	6	5	5	373	127	500	3.64e-172	603
75aa5633-7372-444d-8db1-059f7c7cfa0e	NR_178854.1	96.011	376	6	5	5	373	193	566	3.64e-172	603
75aa5633-7372-444d-8db1-059f7c7cfa0e	NR_179889.1	96.011	376	6	5	5	373	220	593	3.64e-172	603
75aa5633-7372-444d-8db1-059f7c7cfa0e	NR_181891.1	96.011	376	6	5	5	373	216	589	3.64e-172	603
ad41f4e8-f6a8-462a-a3b5-4fd13d62cbb4	NR_199513.1	92.744	441	18	12	11	444	658	225	9.42e-179	625
ad41f4e8-f6a8-462a-a3b5-4fd13d62cbb4	NR_041953.1	92.517	441	19	12	11	444	631	198	4.38e-177	619
ad41f4e8-f6a8-462a-a3b5-4fd13d62cbb4	NR_152710.1	92.517	441	19	12	11	444	612	179	4.38e-177	619
ad41f4e8-f6a8-462a-a3b5-4fd13d62cbb4	NR_178447.1	92.517	441	19	12	11	444	565	132	4.38e-177	619
ad41f4e8-f6a8-462a-a3b5-4fd13d62cbb4	NR_181891.1	92.517	441	19	12	11	444	654	221	4.38e-177	619
64a3bce4-ec73-4854-8941-7e7b502e5dd0	NR_113260.1	96.115	1467	28	19	11	1454	1	1461	0.0	2366
64a3bce4-ec73-4854-8941-7e7b502e5dd0	NR_024841.1	96.085	1456	28	19	7	1439	11	1460	0.0	2346
64a3bce4-ec73-4854-8941-7e7b502e5dd0	NR_115736.1	96.386	1411	30	17	59	1454	4	1408	0.0	2307
64a3bce4-ec73-4854-8941-7e7b502e5dd0	NR_199545.1	94.490	1470	52	20	7	1454	17	1479	0.0	2239
64a3bce4-ec73-4854-8941-7e7b502e5dd0	NR_179385.1	94.422	1470	53	20	7	1454	21	1483	0.0	2233
b8316def-42c4-4d43-8f34-c6bd6e8f45e1	NR_041799.1	92.918	819	39	15	11	820	655	1463	0.0	1173
b8316def-42c4-4d43-8f34-c6bd6e8f45e1	NR_116899.1	92.918	819	39	15	11	820	642	1450	0.0	1173
b8316def-42c4-4d43-8f34-c6bd6e8f45e1	NR_117823.1	92.918	819	39	15	11	820	627	1435	0.0	1173
b8316def-42c4-4d43-8f34-c6bd6e8f45e1	NR_179889.1	92.918	819	39	15	11	820	682	1490	0.0	1173
b8316def-42c4-4d43-8f34-c6bd6e8f45e1	NR_114227.1	92.910	818	39	15	11	819	655	1462	0.0	1171
fadaed9d-3a3e-4426-bc61-3d44751122d7	NR_024924.1	96.042	379	5	7	7	378	854	479	7.99e-174	608
fadaed9d-3a3e-4426-bc61-3d44751122d7	NR_102854.1	96.042	379	5	7	7	378	863	488	7.99e-174	608
fadaed9d-3a3e-4426-bc61-3d44751122d7	NR_115336.1	96.042	379	5	7	7	378	849	474	7.99e-174	608
fadaed9d-3a3e-4426-bc61-3d44751122d7	NR_134794.1	96.042	379	5	7	7	378	806	431	7.99e-174	608
fadaed9d-3a3e-4426-bc61-3d44751122d7	NR_135703.1	96.042	379	5	7	7	378	875	500	7.99e-174	608
1ad81da5-98a7-4b1e-bbc9-17e4eb200a04	NR_164626.1	90.553	434	24	12	1	428	424	2	9.26e-159	558
1ad81da5-98a7-4b1e-bbc9-17e4eb200a04	NR_024912.1	90.531	433	24	12	1	427	427	6	3.33e-158	556
1ad81da5-98a7-4b1e-bbc9-17e4eb200a04	NR_025174.1	90.531	433	24	12	1	427	422	1	3.33e-158	556
1ad81da5-98a7-4b1e-bbc9-17e4eb200a04	NR_028706.1	90.531	433	24	12	1	427	435	14	3.33e-158	556
1ad81da5-98a7-4b1e-bbc9-17e4eb200a04	NR_042939.1	90.531	433	24	12	1	427	433	12	3.33e-158	556
76536427-95e7-48c8-9daa-ec757c8ce2be	NR_156986.1	94.507	892	33	16	4	886	885	1	0.0	1362
76536427-95e7-48c8-9daa-ec757c8ce2be	NR_156987.1	94.395	892	34	16	4	886	885	1	0.0	1356
76536427-95e7-48c8-9daa-ec757c8ce2be	NR_199514.1	94.395	892	34	16	4	886	897	13	0.0	1356
76536427-95e7-48c8-9daa-ec757c8ce2be	NR_024901.1	94.283	892	35	16	4	886	890	6	0.0	1351
76536427-95e7-48c8-9daa-ec757c8ce2be	NR_024928.1	94.283	892	35	16	4	886	890	6	0.0	1351
37449408-7bc3-4aa4-9987-68c8610db16c	NR_156986.1	91.489	940	42	33	4	916	937	9	0.0	1258
37449408-7bc3-4aa4-9987-68c8610db16c	NR_178976.1	91.480	939	42	33	4	915	928	1	0.0	1256
37449408-7bc3-4aa4-9987-68c8610db16c	NR_113600.1	91.383	940	43	33	4	916	929	1	0.0	1254
37449408-7bc3-4aa4-9987-68c8610db16c	NR_024912.1	91.383	940	43	33	4	916	942	14	0.0	1253
37449408-7bc3-4aa4-9987-68c8610db16c	NR_042147.1	91.383	940	43	33	4	916	929	1	0.0	1253
9a53be32-8556-450f-b6d4-81de0115debc	NR_043314.1	96.482	398	10	3	10	406	1380	986	0.0	654
9a53be32-8556-450f-b6d4-81de0115debc	NR_116905.1	96.482	398	10	3	10	406	1383	989	0.0	654
9a53be32-8556-450f-b6d4-81de0115debc	NR_116899.1	96.482	398	10	3	10	406	1349	955	0.0	654
9a53be32-8556-450f-b6d4-81de0115debc	NR_118125.1	96.482	398	10	3	10	406	1369	975	0.0	654
9a53be32-8556-450f-b6d4-81de0115debc	NR_137215.1	96.482	398	10	3	10	406	1369	975	0.0	654
2fb4e956-1b0c-4d98-9727-8d1296603834	NR_025904.1	97.181	1135	20	12	4	1128	1136	4	0.0	1908
2fb4e956-1b0c-4d98-9727-8d1296603834	NR_025903.1	95.602	1137	34	15	4	1128	1137	5	0.0	1808
2fb4e956-1b0c-4d98-9727-8d1296603834	NR_026419.1	95.402	1131	31	18	4	1119	1125	1	0.0	1781
2fb4e956-1b0c-4d98-9727-8d1296603834	NR_133753.1	95.616	1095	32	15	4	1086	1091	1	0.0	1742
2fb4e956-1b0c-4d98-9727-8d1296603834	NR_133752.1	95.779	1066	30	14	4	1058	1062	1	0.0	1705
77399edd-85ed-46ff-b110-adc7afe32c7d	NR_104897.1	97.368	228	6	0	7	234	1228	1455	6.91e-108	388
77399edd-85ed-46ff-b110-adc7afe32c7d	NR_165738.1	96.018	226	9	0	7	232	1229	1454	9.00e-102	368
77399edd-85ed-46ff-b110-adc7afe32c7d	NR_043227.1	94.298	228	13	0	7	234	1196	1423	3.26e-96	350
77399edd-85ed-46ff-b110-adc7afe32c7d	NR_144576.1	94.298	228	13	0	7	234	1240	1467	3.26e-96	350
77399edd-85ed-46ff-b110-adc7afe32c7d	NR_132681.1	94.248	226	13	0	7	232	1228	1453	4.22e-95	346
c3da605d-4727-4280-a171-764dd607f6a9	NR_024912.1	88.338	686	46	26	19	679	682	6	0.0	793
c3da605d-4727-4280-a171-764dd607f6a9	NR_156986.1	88.192	686	47	26	19	679	677	1	0.0	787
c3da605d-4727-4280-a171-764dd607f6a9	NR_024901.1	88.047	686	48	26	19	679	682	6	0.0	782
c3da605d-4727-4280-a171-764dd607f6a9	NR_024928.1	88.047	686	48	26	19	679	682	6	0.0	782
c3da605d-4727-4280-a171-764dd607f6a9	NR_156987.1	88.047	686	48	26	19	679	677	1	0.0	782
4ed31a19-05c4-4677-9c7c-2582600f20fe	NR_117694.1	95.839	1418	20	26	1	1386	1415	5	0.0	2255
4ed31a19-05c4-4677-9c7c-2582600f20fe	NR_025892.1	94.574	1419	35	29	1	1386	1440	31	0.0	2180
4ed31a19-05c4-4677-9c7c-2582600f20fe	NR_121687.1	94.856	1419	32	28	1	1386	1435	25	0.0	2178
4ed31a19-05c4-4677-9c7c-2582600f20fe	NR_117692.1	94.581	1421	32	31	1	1386	1415	5	0.0	2156
4ed31a19-05c4-4677-9c7c-2582600f20fe	NR_041989.1	95.235	1364	24	28	19	1350	1355	1	0.0	2121
39ddd66a-48e6-4e90-9d9d-553bb2e3d624	NR_041953.1	91.509	424	28	8	1	419	222	642	2.52e-164	577
39ddd66a-48e6-4e90-9d9d-553bb2e3d624	NR_199513.1	91.509	424	28	8	1	419	249	669	2.52e-164	577
39ddd66a-48e6-4e90-9d9d-553bb2e3d624	NR_042541.1	91.274	424	29	8	1	419	222	642	1.17e-162	571
39ddd66a-48e6-4e90-9d9d-553bb2e3d624	NR_152710.1	91.274	424	29	8	1	419	203	623	1.17e-162	571
39ddd66a-48e6-4e90-9d9d-553bb2e3d624	NR_178447.1	91.274	424	29	8	1	419	156	576	1.17e-162	571
d76c43ba-8c83-4f52-aef0-ba8773fe4c53	NR_156986.1	95.526	1408	40	18	4	1399	1405	9	0.0	2230
d76c43ba-8c83-4f52-aef0-ba8773fe4c53	NR_178976.1	95.522	1407	40	18	4	1398	1396	1	0.0	2230
d76c43ba-8c83-4f52-aef0-ba8773fe4c53	NR_113600.1	95.455	1408	41	18	4	1399	1397	1	0.0	2226
d76c43ba-8c83-4f52-aef0-ba8773fe4c53	NR_156987.1	95.455	1408	41	18	4	1399	1405	9	0.0	2224
d76c43ba-8c83-4f52-aef0-ba8773fe4c53	NR_024928.1	95.384	1408	42	18	4	1399	1410	14	0.0	2220
70caa0bd-c5b7-4b7b-9637-866329990617	NR_156986.1	90.173	692	35	28	11	681	714	35	0.0	870
70caa0bd-c5b7-4b7b-9637-866329990617	NR_178976.1	90.173	692	35	28	11	681	705	26	0.0	870
70caa0bd-c5b7-4b7b-9637-866329990617	NR_113600.1	90.029	692	36	28	11	681	706	27	0.0	867
70caa0bd-c5b7-4b7b-9637-866329990617	NR_024901.1	90.029	692	36	28	11	681	719	40	0.0	865
70caa0bd-c5b7-4b7b-9637-866329990617	NR_024912.1	90.029	692	36	28	11	681	719	40	0.0	865
39b1d164-4ffe-4813-92fa-c6b0708b2e6b	NR_044873.1	94.599	1333	32	33	1	1305	141	1461	0.0	2026
39b1d164-4ffe-4813-92fa-c6b0708b2e6b	NR_074568.1	93.088	1331	53	33	1	1305	152	1469	0.0	1912
39b1d164-4ffe-4813-92fa-c6b0708b2e6b	NR_044712.2	92.545	1328	60	33	1	1302	161	1475	0.0	1881
39b1d164-4ffe-4813-92fa-c6b0708b2e6b	NR_109752.1	92.487	1331	62	34	2	1305	163	1482	0.0	1869
39b1d164-4ffe-4813-92fa-c6b0708b2e6b	NR_178360.1	92.540	1327	61	34	2	1301	119	1434	0.0	1868
8c720925-5826-4684-b7d1-4225ce37d3fe	NR_125571.1	97.009	468	6	7	26	487	971	1436	0.0	780
8c720925-5826-4684-b7d1-4225ce37d3fe	NR_125570.1	96.368	468	9	8	26	487	930	1395	0.0	763
8c720925-5826-4684-b7d1-4225ce37d3fe	NR_029097.1	96.729	428	9	5	26	450	948	1373	0.0	708
8c720925-5826-4684-b7d1-4225ce37d3fe	NR_024993.1	90.506	474	32	7	27	489	1008	1479	2.26e-175	614
8c720925-5826-4684-b7d1-4225ce37d3fe	NR_114315.1	88.845	502	40	12	1	489	968	1466	1.05e-173	608
7a94e49c-3fcc-4bf7-946c-6eb3ed18eede	NR_118941.1	85.060	1158	123	41	6	1132	196	1334	0.0	1195
7a94e49c-3fcc-4bf7-946c-6eb3ed18eede	NR_118937.1	85.579	1158	117	41	6	1132	196	1334	0.0	1192
7a94e49c-3fcc-4bf7-946c-6eb3ed18eede	NR_118933.1	85.185	1161	116	44	6	1132	196	1334	0.0	1170
7a94e49c-3fcc-4bf7-946c-6eb3ed18eede	NR_042897.1	84.339	1226	127	54	6	1193	237	1435	0.0	1144
7a94e49c-3fcc-4bf7-946c-6eb3ed18eede	NR_118935.1	83.969	1154	139	39	6	1130	196	1332	0.0	1109
3e63efbc-8781-43be-91e4-240111f70e92	NR_163639.1	94.638	373	7	11	6	372	1137	1502	4.79e-161	566
3e63efbc-8781-43be-91e4-240111f70e92	NR_179325.1	94.638	373	7	11	6	372	1096	1461	4.79e-161	566
3e63efbc-8781-43be-91e4-240111f70e92	NR_115355.1	94.609	371	7	11	8	372	1124	1487	6.20e-160	562
3e63efbc-8781-43be-91e4-240111f70e92	NR_119169.1	94.609	371	7	11	8	372	1129	1492	6.20e-160	562
3e63efbc-8781-43be-91e4-240111f70e92	NR_115354.1	94.102	373	9	11	6	372	1122	1487	1.04e-157	555
79c0e81d-fe0e-4703-8822-97b763dd77c4	NR_117719.1	96.569	612	11	7	1	602	1071	460	0.0	1005
79c0e81d-fe0e-4703-8822-97b763dd77c4	NR_180625.1	96.569	612	11	7	1	602	1033	422	0.0	1005
79c0e81d-fe0e-4703-8822-97b763dd77c4	NR_180629.1	96.569	612	11	7	1	602	1033	422	0.0	1005
79c0e81d-fe0e-4703-8822-97b763dd77c4	NR_199541.1	96.569	612	11	7	1	602	1029	418	0.0	1005
79c0e81d-fe0e-4703-8822-97b763dd77c4	NR_116213.1	96.405	612	12	7	1	602	976	365	0.0	1000
247e82a3-9900-45d4-aebc-b75e77a08a49	NR_024912.1	92.308	481	20	12	1	465	487	8	0.0	667
247e82a3-9900-45d4-aebc-b75e77a08a49	NR_156986.1	92.308	481	20	12	1	465	482	3	0.0	667
247e82a3-9900-45d4-aebc-b75e77a08a49	NR_037092.1	91.892	481	21	13	1	465	491	13	0.0	656
247e82a3-9900-45d4-aebc-b75e77a08a49	NR_024909.1	90.041	482	29	14	1	465	487	8	3.57e-173	606
247e82a3-9900-45d4-aebc-b75e77a08a49	NR_042939.1	90.041	482	29	14	1	465	493	14	3.57e-173	606
8a9e41ad-15c5-4ec3-b738-6d93682310c0	NR_199544.1	98.665	1124	10	5	1	1122	1192	72	0.0	1988
8a9e41ad-15c5-4ec3-b738-6d93682310c0	NR_199545.1	98.665	1124	10	5	1	1122	1234	114	0.0	1988
8a9e41ad-15c5-4ec3-b738-6d93682310c0	NR_028664.1	98.577	1124	11	5	1	1122	1237	117	0.0	1982
8a9e41ad-15c5-4ec3-b738-6d93682310c0	NR_115240.1	98.577	1124	11	5	1	1122	1214	94	0.0	1982
8a9e41ad-15c5-4ec3-b738-6d93682310c0	NR_115732.1	98.577	1124	11	5	1	1122	1216	96	0.0	1982
d95bddbf-dc88-47af-83f9-6f57f0b62d76	NR_024912.1	98.734	474	0	5	4	474	481	11	0.0	837
d95bddbf-dc88-47af-83f9-6f57f0b62d76	NR_156986.1	98.734	474	0	5	4	474	476	6	0.0	837
d95bddbf-dc88-47af-83f9-6f57f0b62d76	NR_024901.1	98.523	474	1	5	4	474	481	11	0.0	832
d95bddbf-dc88-47af-83f9-6f57f0b62d76	NR_024928.1	98.523	474	1	5	4	474	481	11	0.0	832
d95bddbf-dc88-47af-83f9-6f57f0b62d76	NR_042147.1	98.726	471	0	5	4	471	468	1	0.0	832
93e3fc61-74df-4df8-9074-98c607f6203f	NR_024912.1	96.353	329	1	10	1	323	341	18	1.50e-150	531
93e3fc61-74df-4df8-9074-98c607f6203f	NR_025164.1	96.353	329	1	10	1	323	328	5	1.50e-150	531
93e3fc61-74df-4df8-9074-98c607f6203f	NR_028706.1	96.353	329	1	10	1	323	349	26	1.50e-150	531
93e3fc61-74df-4df8-9074-98c607f6203f	NR_037092.1	96.353	329	1	10	1	323	346	23	1.50e-150	531
93e3fc61-74df-4df8-9074-98c607f6203f	NR_042147.1	96.353	329	1	10	1	323	328	5	1.50e-150	531
ba89e5d5-bafe-4809-9a06-29ca5a15ceec	NR_117694.1	92.066	1273	62	34	1	1249	1320	63	0.0	1755
ba89e5d5-bafe-4809-9a06-29ca5a15ceec	NR_117692.1	90.667	1275	76	38	1	1249	1320	63	0.0	1655
ba89e5d5-bafe-4809-9a06-29ca5a15ceec	NR_025902.1	90.439	1276	78	39	1	1249	1298	40	0.0	1640
ba89e5d5-bafe-4809-9a06-29ca5a15ceec	NR_104947.1	89.961	1275	85	38	1	1249	1293	36	0.0	1605
ba89e5d5-bafe-4809-9a06-29ca5a15ceec	NR_117696.1	89.961	1275	85	38	1	1249	1307	50	0.0	1605
7aaa2461-023b-4b20-91da-fac65e56d702	NR_117694.1	96.004	1126	31	10	1	1117	148	1268	0.0	1818
7aaa2461-023b-4b20-91da-fac65e56d702	NR_121687.1	96.239	1090	28	9	36	1117	204	1288	0.0	1773
7aaa2461-023b-4b20-91da-fac65e56d702	NR_041989.1	95.297	1127	37	12	1	1117	106	1226	0.0	1773
7aaa2461-023b-4b20-91da-fac65e56d702	NR_041988.1	95.872	1090	32	9	36	1117	142	1226	0.0	1751
7aaa2461-023b-4b20-91da-fac65e56d702	NR_117692.1	94.938	1126	43	10	1	1117	148	1268	0.0	1751
41e818c7-ebb6-4f5e-983b-fd6fae84ed83	NR_024918.1	90.295	948	47	36	1	925	459	1384	0.0	1199
41e818c7-ebb6-4f5e-983b-fd6fae84ed83	NR_181890.1	90.295	948	47	36	1	925	469	1394	0.0	1199
41e818c7-ebb6-4f5e-983b-fd6fae84ed83	NR_025227.1	90.190	948	48	37	1	925	442	1367	0.0	1194
41e818c7-ebb6-4f5e-983b-fd6fae84ed83	NR_041953.1	90.190	948	48	36	1	925	446	1371	0.0	1194
41e818c7-ebb6-4f5e-983b-fd6fae84ed83	NR_028929.1	90.190	948	48	36	1	925	463	1388	0.0	1194
