e5242116-84c8-4777-afd4-50aee35b0f58	NR_024912.1	87.389	1015	69	45	3	974	1004	6	0.0	1110
e5242116-84c8-4777-afd4-50aee35b0f58	NR_156986.1	87.205	1016	69	47	3	974	999	1	0.0	1099
e5242116-84c8-4777-afd4-50aee35b0f58	NR_024901.1	87.094	1015	72	45	3	974	1004	6	0.0	1094
e5242116-84c8-4777-afd4-50aee35b0f58	NR_024928.1	87.094	1015	72	45	3	974	1004	6	0.0	1094
e5242116-84c8-4777-afd4-50aee35b0f58	NR_156987.1	87.106	1016	70	47	3	974	999	1	0.0	1094
f31d5c9a-08a3-4a46-8574-85220162fe8a	NR_178976.1	95.160	1157	28	24	1	1137	1153	5	0.0	1801
f31d5c9a-08a3-4a46-8574-85220162fe8a	NR_156986.1	95.073	1157	29	24	1	1137	1162	14	0.0	1796
f31d5c9a-08a3-4a46-8574-85220162fe8a	NR_113600.1	94.987	1157	30	24	1	1137	1154	6	0.0	1792
f31d5c9a-08a3-4a46-8574-85220162fe8a	NR_024928.1	94.987	1157	30	24	1	1137	1167	19	0.0	1790
f31d5c9a-08a3-4a46-8574-85220162fe8a	NR_042147.1	94.987	1157	30	24	1	1137	1154	6	0.0	1790
8ebad873-8a81-46f7-9826-c64adfb5eb84	NR_113260.1	93.043	1150	42	33	6	1135	339	1470	0.0	1646
8ebad873-8a81-46f7-9826-c64adfb5eb84	NR_115736.1	92.963	1151	43	33	6	1136	286	1418	0.0	1644
8ebad873-8a81-46f7-9826-c64adfb5eb84	NR_024842.1	92.573	1158	48	33	6	1143	354	1493	0.0	1629
8ebad873-8a81-46f7-9826-c64adfb5eb84	NR_036936.1	92.702	1151	45	34	6	1135	339	1471	0.0	1624
8ebad873-8a81-46f7-9826-c64adfb5eb84	NR_115735.1	92.628	1153	47	33	6	1138	330	1464	0.0	1624
14dc2d13-ead8-4910-a3cb-f87454278ffc	NR_113570.1	94.400	500	18	9	1	493	727	231	0.0	760
14dc2d13-ead8-4910-a3cb-f87454278ffc	NR_044091.1	94.400	500	18	9	1	493	634	138	0.0	760
14dc2d13-ead8-4910-a3cb-f87454278ffc	NR_074980.1	94.200	500	19	9	1	493	747	251	0.0	754
14dc2d13-ead8-4910-a3cb-f87454278ffc	NR_113031.1	94.200	500	19	9	1	493	747	251	0.0	754
14dc2d13-ead8-4910-a3cb-f87454278ffc	NR_119168.1	94.200	500	19	9	1	493	725	229	0.0	754
bf870831-1bbb-4813-8247-1ed4c8123367	NR_179889.1	93.352	1053	45	21	1	1046	351	1385	0.0	1533
bf870831-1bbb-4813-8247-1ed4c8123367	NR_025228.1	93.257	1053	46	22	1	1046	320	1354	0.0	1528
bf870831-1bbb-4813-8247-1ed4c8123367	NR_041953.1	93.257	1053	46	22	1	1046	324	1358	0.0	1528
bf870831-1bbb-4813-8247-1ed4c8123367	NR_178854.1	93.257	1053	45	22	1	1046	324	1357	0.0	1528
bf870831-1bbb-4813-8247-1ed4c8123367	NR_042541.1	93.162	1053	47	22	1	1046	324	1358	0.0	1522
04016735-4a37-4fd9-a17c-342f020cd776	NR_179325.1	94.049	857	20	21	3	836	607	1455	0.0	1271
04016735-4a37-4fd9-a17c-342f020cd776	NR_115355.1	93.939	858	19	23	3	836	633	1481	0.0	1266
04016735-4a37-4fd9-a17c-342f020cd776	NR_163639.1	93.932	857	20	24	3	836	649	1496	0.0	1266
04016735-4a37-4fd9-a17c-342f020cd776	NR_115354.1	93.692	856	23	21	4	836	634	1481	0.0	1254
04016735-4a37-4fd9-a17c-342f020cd776	NR_119169.1	93.590	858	22	23	3	836	638	1486	0.0	1253
159f397c-de4d-41ab-b941-e217b59a8149	NR_041799.1	90.053	754	56	18	2	746	725	1468	0.0	959
159f397c-de4d-41ab-b941-e217b59a8149	NR_117823.1	90.053	754	56	18	2	746	697	1440	0.0	959
159f397c-de4d-41ab-b941-e217b59a8149	NR_116899.1	89.920	754	57	18	2	746	712	1455	0.0	953
159f397c-de4d-41ab-b941-e217b59a8149	NR_178854.1	89.920	754	57	18	2	746	724	1467	0.0	953
159f397c-de4d-41ab-b941-e217b59a8149	NR_179889.1	89.920	754	57	18	2	746	752	1495	0.0	953
dc796917-185c-458f-9877-6b1f29f5ff1a	NR_036936.1	92.180	601	32	13	1	592	595	1	0.0	837
dc796917-185c-458f-9877-6b1f29f5ff1a	NR_109720.1	92.101	595	33	12	1	587	589	1	0.0	826
dc796917-185c-458f-9877-6b1f29f5ff1a	NR_042928.1	91.765	595	35	12	1	588	593	6	0.0	815
dc796917-185c-458f-9877-6b1f29f5ff1a	NR_114537.1	92.020	589	32	13	1	580	583	1	0.0	813
dc796917-185c-458f-9877-6b1f29f5ff1a	NR_165747.1	91.261	595	38	13	1	588	593	6	0.0	798
5220099e-dcb1-42a5-b79f-d7570a8b3ff7	NR_199513.1	92.514	1269	48	35	1	1238	1270	18	0.0	1773
5220099e-dcb1-42a5-b79f-d7570a8b3ff7	NR_156986.1	92.508	1268	46	36	1	1236	1251	1	0.0	1770
5220099e-dcb1-42a5-b79f-d7570a8b3ff7	NR_024928.1	92.429	1268	47	36	1	1236	1256	6	0.0	1764
5220099e-dcb1-42a5-b79f-d7570a8b3ff7	NR_156987.1	92.429	1268	47	36	1	1236	1251	1	0.0	1764
5220099e-dcb1-42a5-b79f-d7570a8b3ff7	NR_199514.1	92.429	1268	47	36	1	1236	1263	13	0.0	1764
d6a0577f-327f-400d-b0b3-aa73446254af	NR_199513.1	91.789	682	23	28	1	659	759	88	0.0	918
d6a0577f-327f-400d-b0b3-aa73446254af	NR_024901.1	91.362	683	24	30	1	659	745	74	0.0	902
d6a0577f-327f-400d-b0b3-aa73446254af	NR_024928.1	91.362	683	24	30	1	659	745	74	0.0	902
d6a0577f-327f-400d-b0b3-aa73446254af	NR_113583.1	91.362	683	24	30	1	659	732	61	0.0	902
d6a0577f-327f-400d-b0b3-aa73446254af	NR_114225.1	91.362	683	24	30	1	659	732	61	0.0	902
a3689e8f-e251-4ce0-90e8-d4321999161c	NR_199513.1	89.278	1399	89	46	9	1378	1393	27	0.0	1696
a3689e8f-e251-4ce0-90e8-d4321999161c	NR_041953.1	89.071	1400	88	50	9	1377	1366	1	0.0	1677
a3689e8f-e251-4ce0-90e8-d4321999161c	NR_181014.1	89.000	1400	89	50	9	1377	1366	1	0.0	1672
a3689e8f-e251-4ce0-90e8-d4321999161c	NR_179889.1	88.865	1401	91	50	9	1378	1393	27	0.0	1663
a3689e8f-e251-4ce0-90e8-d4321999161c	NR_042541.1	88.714	1400	93	50	9	1377	1366	1	0.0	1652
