1a8e520b-de18-4143-b8bb-9ee2c40230c1	NR_024912.1	95.975	323	9	4	1	320	332	11	9.11e-148	521
1a8e520b-de18-4143-b8bb-9ee2c40230c1	NR_025174.1	95.975	323	9	4	1	320	327	6	9.11e-148	521
1a8e520b-de18-4143-b8bb-9ee2c40230c1	NR_028706.1	95.975	323	9	4	1	320	340	19	9.11e-148	521
1a8e520b-de18-4143-b8bb-9ee2c40230c1	NR_037092.1	95.975	323	9	4	1	320	337	16	9.11e-148	521
1a8e520b-de18-4143-b8bb-9ee2c40230c1	NR_042939.1	95.975	323	9	4	1	320	338	17	9.11e-148	521
f01deda8-d110-4b7a-a64e-27817203cc76	NR_121753.2	90.119	587	28	24	7	571	599	21	0.0	736
f01deda8-d110-4b7a-a64e-27817203cc76	NR_104898.1	90.000	580	28	24	7	564	572	1	0.0	723
f01deda8-d110-4b7a-a64e-27817203cc76	NR_119167.1	90.104	576	27	24	7	560	571	4	0.0	721
f01deda8-d110-4b7a-a64e-27817203cc76	NR_027201.1	87.759	580	42	23	7	564	573	1	0.0	651
f01deda8-d110-4b7a-a64e-27817203cc76	NR_121721.1	87.331	592	44	25	1	571	598	17	0.0	649
fb623104-e956-4522-ac9d-0e727ef31cd0	NR_156986.1	96.825	693	10	9	1	687	687	1	0.0	1147
fb623104-e956-4522-ac9d-0e727ef31cd0	NR_199513.1	96.686	694	13	7	1	689	706	18	0.0	1146
fb623104-e956-4522-ac9d-0e727ef31cd0	NR_024901.1	96.681	693	11	9	1	687	692	6	0.0	1142
fb623104-e956-4522-ac9d-0e727ef31cd0	NR_024912.1	96.681	693	11	9	1	687	692	6	0.0	1142
fb623104-e956-4522-ac9d-0e727ef31cd0	NR_024928.1	96.681	693	11	9	1	687	692	6	0.0	1142
6e0c913b-1823-45a0-9968-5ee824ee37a4	NR_116168.1	96.330	981	22	13	8	983	516	1487	0.0	1600
6e0c913b-1823-45a0-9968-5ee824ee37a4	NR_118762.1	95.077	975	33	14	8	977	519	1483	0.0	1541
6e0c913b-1823-45a0-9968-5ee824ee37a4	NR_114764.1	93.667	979	46	15	8	980	498	1466	0.0	1454
6e0c913b-1823-45a0-9968-5ee824ee37a4	NR_025423.1	93.463	979	48	15	8	980	500	1468	0.0	1439
6e0c913b-1823-45a0-9968-5ee824ee37a4	NR_181418.1	93.388	983	47	17	8	983	515	1486	0.0	1439
1b531347-c822-4a54-9679-937c8a02509d	NR_040859.1	92.486	173	9	4	1	171	1305	1475	1.11e-64	244
1b531347-c822-4a54-9679-937c8a02509d	NR_040992.1	92.486	173	9	4	1	171	1313	1483	1.11e-64	244
1b531347-c822-4a54-9679-937c8a02509d	NR_025881.1	92.486	173	9	4	1	171	1311	1481	1.11e-64	244
1b531347-c822-4a54-9679-937c8a02509d	NR_026395.1	92.486	173	9	4	1	171	1313	1483	1.11e-64	244
1b531347-c822-4a54-9679-937c8a02509d	NR_024662.1	92.486	173	9	4	1	171	1313	1483	1.11e-64	244
e9707c1f-03a9-4d8c-bc23-073c77fc6053	NR_163639.1	93.548	341	13	6	9	344	340	4	4.52e-141	499
e9707c1f-03a9-4d8c-bc23-073c77fc6053	NR_074980.1	93.235	340	14	6	9	343	348	13	7.57e-139	492
e9707c1f-03a9-4d8c-bc23-073c77fc6053	NR_113031.1	93.235	340	14	6	9	343	348	13	7.57e-139	492
e9707c1f-03a9-4d8c-bc23-073c77fc6053	NR_119168.1	93.921	329	12	5	9	333	326	2	2.72e-138	490
e9707c1f-03a9-4d8c-bc23-073c77fc6053	NR_119169.1	93.617	329	13	5	9	333	326	2	3.52e-137	486
2447625c-886e-49a0-a5ab-e46c962e5b5c	NR_104897.1	92.515	334	9	14	1	324	1118	791	1.56e-130	464
2447625c-886e-49a0-a5ab-e46c962e5b5c	NR_165738.1	90.719	334	15	14	1	324	1119	792	1.58e-120	431
2447625c-886e-49a0-a5ab-e46c962e5b5c	NR_042610.1	90.448	335	14	18	1	324	1130	803	7.37e-119	425
2447625c-886e-49a0-a5ab-e46c962e5b5c	NR_108871.1	90.448	335	14	18	1	324	1115	788	7.37e-119	425
2447625c-886e-49a0-a5ab-e46c962e5b5c	NR_044508.1	90.448	335	14	18	1	324	1091	764	7.37e-119	425
d43ac94e-236d-43a3-9cb8-b776cb45009a	NR_156986.1	96.619	1390	24	18	1	1376	1381	1	0.0	2285
d43ac94e-236d-43a3-9cb8-b776cb45009a	NR_156987.1	96.547	1390	25	18	1	1376	1381	1	0.0	2279
d43ac94e-236d-43a3-9cb8-b776cb45009a	NR_024928.1	96.339	1393	28	18	1	1379	1386	3	0.0	2270
d43ac94e-236d-43a3-9cb8-b776cb45009a	NR_178976.1	96.597	1381	24	18	1	1367	1372	1	0.0	2270
d43ac94e-236d-43a3-9cb8-b776cb45009a	NR_024901.1	96.339	1393	28	18	1	1379	1386	3	0.0	2268
06046da8-9904-4194-96fe-d6c5702a5a12	NR_024912.1	95.018	281	9	4	1	276	293	13	2.89e-122	436
06046da8-9904-4194-96fe-d6c5702a5a12	NR_028706.1	95.018	281	9	4	1	276	301	21	2.89e-122	436
06046da8-9904-4194-96fe-d6c5702a5a12	NR_037092.1	95.018	281	9	4	1	276	298	18	2.89e-122	436
06046da8-9904-4194-96fe-d6c5702a5a12	NR_042939.1	95.018	281	9	4	1	276	299	19	2.89e-122	436
06046da8-9904-4194-96fe-d6c5702a5a12	NR_114473.1	95.018	281	9	4	1	276	288	8	2.89e-122	436
4509e61d-d4f1-4c55-8944-98f82aefb210	NR_037092.1	92.021	376	17	13	7	371	392	19	5.01e-146	516
4509e61d-d4f1-4c55-8944-98f82aefb210	NR_024912.1	91.777	377	17	14	7	371	388	14	6.48e-145	512
4509e61d-d4f1-4c55-8944-98f82aefb210	NR_025164.1	91.777	377	17	14	7	371	375	1	6.48e-145	512
4509e61d-d4f1-4c55-8944-98f82aefb210	NR_028706.1	91.777	377	17	14	7	371	396	22	6.48e-145	512
4509e61d-d4f1-4c55-8944-98f82aefb210	NR_042147.1	91.777	377	17	14	7	371	375	1	6.48e-145	512
53f6261b-0adb-4e25-a53e-4d22eeb749c0	NR_125570.1	93.694	333	11	8	17	343	1067	1395	2.78e-138	490
53f6261b-0adb-4e25-a53e-4d22eeb749c0	NR_125571.1	93.353	331	15	5	17	343	1109	1436	4.65e-136	483
53f6261b-0adb-4e25-a53e-4d22eeb749c0	NR_029097.1	93.426	289	13	4	17	301	1085	1371	2.86e-118	424
53f6261b-0adb-4e25-a53e-4d22eeb749c0	NR_104899.1	88.462	338	27	9	17	345	1123	1457	1.73e-110	398
53f6261b-0adb-4e25-a53e-4d22eeb749c0	NR_042832.1	88.323	334	27	9	17	341	1126	1456	2.90e-108	390
ad25d45e-2a12-4d08-879f-0abce6e8ef14	NR_156986.1	94.714	681	18	15	1	672	17	688	0.0	1042
ad25d45e-2a12-4d08-879f-0abce6e8ef14	NR_178976.1	94.714	681	18	15	1	672	8	679	0.0	1042
ad25d45e-2a12-4d08-879f-0abce6e8ef14	NR_199513.1	94.706	680	20	13	1	672	36	707	0.0	1042
ad25d45e-2a12-4d08-879f-0abce6e8ef14	NR_113600.1	94.567	681	19	15	1	672	9	680	0.0	1038
ad25d45e-2a12-4d08-879f-0abce6e8ef14	NR_024901.1	94.567	681	19	15	1	672	22	693	0.0	1037
fb7002e6-18e8-499e-a640-efe7b3e991d8	NR_156986.1	93.096	956	34	26	1	933	949	3	0.0	1371
fb7002e6-18e8-499e-a640-efe7b3e991d8	NR_156987.1	92.992	956	35	26	1	933	949	3	0.0	1365
fb7002e6-18e8-499e-a640-efe7b3e991d8	NR_199514.1	92.992	956	35	26	1	933	961	15	0.0	1365
fb7002e6-18e8-499e-a640-efe7b3e991d8	NR_178976.1	93.143	948	34	25	1	925	940	1	0.0	1362
fb7002e6-18e8-499e-a640-efe7b3e991d8	NR_024901.1	92.887	956	36	26	1	933	954	8	0.0	1360
19e87525-2912-4a85-a1d6-dfa4fb54492b	NR_199545.1	93.559	1242	54	22	34	1264	1239	13	0.0	1827
19e87525-2912-4a85-a1d6-dfa4fb54492b	NR_179385.1	93.478	1242	55	22	34	1264	1243	17	0.0	1821
19e87525-2912-4a85-a1d6-dfa4fb54492b	NR_028664.1	93.237	1242	58	22	34	1264	1242	16	0.0	1805
19e87525-2912-4a85-a1d6-dfa4fb54492b	NR_179383.1	93.237	1242	58	22	34	1264	1246	20	0.0	1805
19e87525-2912-4a85-a1d6-dfa4fb54492b	NR_165741.1	93.156	1242	59	22	34	1264	1228	2	0.0	1799
adbda73d-2307-4296-b979-714cc1977e87	NR_043314.1	90.311	289	12	15	7	287	1201	1481	1.43e-100	364
adbda73d-2307-4296-b979-714cc1977e87	NR_114749.1	90.311	289	12	15	7	287	1203	1483	1.43e-100	364
adbda73d-2307-4296-b979-714cc1977e87	NR_116899.1	90.311	289	12	15	7	287	1170	1450	1.43e-100	364
adbda73d-2307-4296-b979-714cc1977e87	NR_178854.1	90.311	289	12	15	7	287	1182	1462	1.43e-100	364
adbda73d-2307-4296-b979-714cc1977e87	NR_179889.1	90.311	289	12	15	7	287	1210	1490	1.43e-100	364
f0d26ed2-165d-4ffa-b91c-3c0da0449edf	NR_116899.1	93.647	1212	47	24	1	1196	253	1450	0.0	1784
f0d26ed2-165d-4ffa-b91c-3c0da0449edf	NR_041953.1	93.564	1212	48	24	1	1196	266	1463	0.0	1779
f0d26ed2-165d-4ffa-b91c-3c0da0449edf	NR_042541.1	93.564	1212	48	24	1	1196	266	1463	0.0	1779
f0d26ed2-165d-4ffa-b91c-3c0da0449edf	NR_024918.1	93.399	1212	50	23	1	1196	279	1476	0.0	1777
f0d26ed2-165d-4ffa-b91c-3c0da0449edf	NR_024927.1	93.482	1212	49	24	1	1196	279	1476	0.0	1773
74823c34-992b-4326-9d5f-3493993ab8e7	NR_024951.1	95.089	672	17	13	1	661	485	1151	0.0	1044
74823c34-992b-4326-9d5f-3493993ab8e7	NR_197706.1	95.089	672	17	13	1	661	496	1162	0.0	1044
74823c34-992b-4326-9d5f-3493993ab8e7	NR_024918.1	94.940	672	18	13	1	661	482	1148	0.0	1038
74823c34-992b-4326-9d5f-3493993ab8e7	NR_028906.1	94.940	672	18	13	1	661	508	1174	0.0	1038
74823c34-992b-4326-9d5f-3493993ab8e7	NR_029042.2	94.940	672	18	13	1	661	489	1155	0.0	1038
f1c0f8ce-6412-48ee-a6e6-a639ebe802f5	NR_199513.1	94.466	506	14	12	1	497	649	149	0.0	767
f1c0f8ce-6412-48ee-a6e6-a639ebe802f5	NR_024912.1	94.758	496	13	11	11	497	626	135	0.0	760
f1c0f8ce-6412-48ee-a6e6-a639ebe802f5	NR_042147.1	94.758	496	13	11	11	497	613	122	0.0	760
f1c0f8ce-6412-48ee-a6e6-a639ebe802f5	NR_156986.1	94.758	496	13	11	11	497	621	130	0.0	760
f1c0f8ce-6412-48ee-a6e6-a639ebe802f5	NR_178976.1	94.758	496	13	11	11	497	612	121	0.0	760
23aaa085-9db8-4bfd-831a-eaa3966bbd39	NR_114395.1	92.676	355	5	11	1	339	364	15	7.47e-139	492
23aaa085-9db8-4bfd-831a-eaa3966bbd39	NR_029286.1	91.268	355	10	11	1	339	358	9	1.63e-130	464
23aaa085-9db8-4bfd-831a-eaa3966bbd39	NR_041983.1	92.285	337	5	11	1	321	332	1	7.58e-129	459
23aaa085-9db8-4bfd-831a-eaa3966bbd39	NR_179528.1	90.598	351	12	12	1	333	348	1	5.90e-125	446
23aaa085-9db8-4bfd-831a-eaa3966bbd39	NR_119102.1	91.369	336	8	11	1	320	333	3	2.75e-123	440
c0e8da96-8d09-490f-a4e4-625b7328bfbb	NR_044091.1	95.500	1000	20	19	5	990	45	1033	0.0	1574
c0e8da96-8d09-490f-a4e4-625b7328bfbb	NR_113570.1	94.789	1017	26	21	5	1005	137	1142	0.0	1559
c0e8da96-8d09-490f-a4e4-625b7328bfbb	NR_041879.1	94.494	1017	29	20	5	1005	88	1093	0.0	1543
c0e8da96-8d09-490f-a4e4-625b7328bfbb	NR_119168.1	94.395	1017	29	23	5	1005	136	1140	0.0	1543
c0e8da96-8d09-490f-a4e4-625b7328bfbb	NR_044153.1	94.390	1016	31	20	5	1005	131	1135	0.0	1539
5f8c74cf-f78e-4ed6-9763-96e4d011f701	NR_028664.1	95.170	352	11	6	1	347	371	21	1.26e-156	551
5f8c74cf-f78e-4ed6-9763-96e4d011f701	NR_115240.1	95.129	349	11	6	1	344	348	1	5.85e-155	545
5f8c74cf-f78e-4ed6-9763-96e4d011f701	NR_115732.1	94.828	348	13	5	1	344	350	4	9.79e-153	538
5f8c74cf-f78e-4ed6-9763-96e4d011f701	NR_114172.1	94.556	349	13	6	1	344	348	1	1.27e-151	534
5f8c74cf-f78e-4ed6-9763-96e4d011f701	NR_027214.1	94.556	349	13	6	1	344	348	1	1.27e-151	534
2ba8dff3-ca3b-4d36-8de8-73e934715125	NR_117694.1	95.111	859	23	17	1	846	1227	375	0.0	1336
2ba8dff3-ca3b-4d36-8de8-73e934715125	NR_121687.1	94.645	859	27	17	1	846	1247	395	0.0	1314
2ba8dff3-ca3b-4d36-8de8-73e934715125	NR_025892.1	93.830	859	33	18	1	846	1252	401	0.0	1291
2ba8dff3-ca3b-4d36-8de8-73e934715125	NR_041988.1	94.179	859	31	17	1	846	1185	333	0.0	1291
2ba8dff3-ca3b-4d36-8de8-73e934715125	NR_041989.1	94.186	860	29	19	1	846	1185	333	0.0	1291
44c01daf-e643-46e0-b82c-dbb0486b186e	NR_040933.1	95.768	449	13	4	47	490	1039	1486	0.0	719
44c01daf-e643-46e0-b82c-dbb0486b186e	NR_117717.1	95.768	449	13	4	47	490	1037	1484	0.0	719
44c01daf-e643-46e0-b82c-dbb0486b186e	NR_121688.1	95.768	449	13	4	47	490	1037	1484	0.0	719
44c01daf-e643-46e0-b82c-dbb0486b186e	NR_117694.1	95.768	449	13	4	47	490	1017	1464	0.0	719
44c01daf-e643-46e0-b82c-dbb0486b186e	NR_117696.1	95.768	449	13	4	47	490	1004	1451	0.0	719
f360abe7-5eef-4976-8c33-6669ad52a0de	NR_156986.1	93.478	644	21	17	1	634	641	9	0.0	937
f360abe7-5eef-4976-8c33-6669ad52a0de	NR_178976.1	93.468	643	21	17	1	633	632	1	0.0	935
f360abe7-5eef-4976-8c33-6669ad52a0de	NR_113600.1	93.323	644	22	17	1	634	633	1	0.0	933
f360abe7-5eef-4976-8c33-6669ad52a0de	NR_024901.1	93.323	644	22	17	1	634	646	14	0.0	931
f360abe7-5eef-4976-8c33-6669ad52a0de	NR_024912.1	93.323	644	22	17	1	634	646	14	0.0	931
2e9a8bad-813d-4cc4-9226-1c76c57f46c3	NR_178363.1	95.508	1358	29	23	1	1331	76	1428	0.0	2141
2e9a8bad-813d-4cc4-9226-1c76c57f46c3	NR_117292.1	95.214	1358	33	23	1	1331	76	1428	0.0	2119
2e9a8bad-813d-4cc4-9226-1c76c57f46c3	NR_113141.1	94.567	1362	42	23	1	1335	96	1452	0.0	2076
2e9a8bad-813d-4cc4-9226-1c76c57f46c3	NR_178362.1	94.624	1358	41	23	1	1331	76	1428	0.0	2074
2e9a8bad-813d-4cc4-9226-1c76c57f46c3	NR_117288.1	94.477	1358	43	23	1	1331	76	1428	0.0	2063
87a3189a-e7dc-4653-9186-14b232a7a499	NR_113600.1	96.195	1419	34	17	1	1407	52	1462	0.0	2305
87a3189a-e7dc-4653-9186-14b232a7a499	NR_024928.1	96.127	1420	35	17	1	1408	65	1476	0.0	2302
87a3189a-e7dc-4653-9186-14b232a7a499	NR_199513.1	96.315	1411	34	15	9	1408	87	1490	0.0	2302
87a3189a-e7dc-4653-9186-14b232a7a499	NR_114225.1	96.124	1419	35	17	1	1407	52	1462	0.0	2300
87a3189a-e7dc-4653-9186-14b232a7a499	NR_024901.1	96.056	1420	36	17	1	1408	65	1476	0.0	2294
7733c316-d904-4156-ac75-95f82d19db2a	NR_024912.1	95.833	600	8	13	9	600	627	37	0.0	953
7733c316-d904-4156-ac75-95f82d19db2a	NR_042147.1	95.833	600	8	13	9	600	614	24	0.0	953
7733c316-d904-4156-ac75-95f82d19db2a	NR_156986.1	95.833	600	8	13	9	600	622	32	0.0	953
7733c316-d904-4156-ac75-95f82d19db2a	NR_178976.1	95.833	600	8	13	9	600	613	23	0.0	953
7733c316-d904-4156-ac75-95f82d19db2a	NR_113600.1	95.667	600	9	13	9	600	614	24	0.0	950
4b28e46a-46d0-4403-96e5-acd62085207e	NR_199513.1	90.314	795	39	26	4	772	801	19	0.0	1007
4b28e46a-46d0-4403-96e5-acd62085207e	NR_024901.1	90.063	795	39	27	4	771	787	6	0.0	994
4b28e46a-46d0-4403-96e5-acd62085207e	NR_024928.1	90.063	795	39	27	4	771	787	6	0.0	994
4b28e46a-46d0-4403-96e5-acd62085207e	NR_156986.1	90.063	795	39	27	4	771	782	1	0.0	994
4b28e46a-46d0-4403-96e5-acd62085207e	NR_156987.1	89.937	795	40	27	4	771	782	1	0.0	989
a60da6e5-4d90-4a67-bd23-647957dc3b54	NR_179889.1	97.670	1030	18	4	1	1024	464	1493	0.0	1764
a60da6e5-4d90-4a67-bd23-647957dc3b54	NR_041953.1	97.573	1030	19	4	1	1024	437	1466	0.0	1759
a60da6e5-4d90-4a67-bd23-647957dc3b54	NR_042541.1	97.573	1030	19	4	1	1024	437	1466	0.0	1759
a60da6e5-4d90-4a67-bd23-647957dc3b54	NR_024918.1	97.752	1023	17	4	8	1024	457	1479	0.0	1757
a60da6e5-4d90-4a67-bd23-647957dc3b54	NR_178854.1	97.573	1030	18	5	1	1024	437	1465	0.0	1757
ef865b74-c60d-416d-b8d2-e5a5689099ba	NR_117694.1	92.062	1411	60	47	20	1404	1426	42	0.0	1938
ef865b74-c60d-416d-b8d2-e5a5689099ba	NR_121687.1	91.566	1411	67	45	20	1404	1446	62	0.0	1899
ef865b74-c60d-416d-b8d2-e5a5689099ba	NR_025892.1	91.070	1411	73	47	20	1404	1451	68	0.0	1882
ef865b74-c60d-416d-b8d2-e5a5689099ba	NR_104946.1	91.070	1411	74	45	20	1404	1389	5	0.0	1860
ef865b74-c60d-416d-b8d2-e5a5689099ba	NR_026079.2	90.787	1411	78	45	20	1404	1453	69	0.0	1838
86147deb-5be0-401f-8881-a725467e5913	NR_164626.1	92.293	519	23	14	9	517	513	2	0.0	721
86147deb-5be0-401f-8881-a725467e5913	NR_042939.1	92.278	518	23	14	9	516	522	12	0.0	719
86147deb-5be0-401f-8881-a725467e5913	NR_114473.1	92.278	518	23	14	9	516	511	1	0.0	719
86147deb-5be0-401f-8881-a725467e5913	NR_028706.1	92.085	518	24	14	9	516	524	14	0.0	713
86147deb-5be0-401f-8881-a725467e5913	NR_043935.1	92.085	518	24	14	9	516	524	14	0.0	713
9543a096-c5e5-460f-ac6f-c4ee03b1d65f	NR_117694.1	96.262	963	21	15	8	963	513	1467	0.0	1565
9543a096-c5e5-460f-ac6f-c4ee03b1d65f	NR_117692.1	95.950	963	24	15	8	963	513	1467	0.0	1548
9543a096-c5e5-460f-ac6f-c4ee03b1d65f	NR_121687.1	95.846	963	25	15	8	963	533	1487	0.0	1543
9543a096-c5e5-460f-ac6f-c4ee03b1d65f	NR_025902.1	95.742	963	26	15	8	963	491	1445	0.0	1537
9543a096-c5e5-460f-ac6f-c4ee03b1d65f	NR_025892.1	95.502	956	29	14	8	957	539	1486	0.0	1526
da64b412-3447-4398-a23c-4739227c4a3d	NR_179889.1	95.153	1341	32	25	16	1340	1473	150	0.0	2085
da64b412-3447-4398-a23c-4739227c4a3d	NR_041953.1	95.082	1342	31	28	16	1340	1446	123	0.0	2080
da64b412-3447-4398-a23c-4739227c4a3d	NR_042541.1	95.082	1342	31	28	16	1340	1446	123	0.0	2080
da64b412-3447-4398-a23c-4739227c4a3d	NR_113600.1	95.019	1345	29	30	16	1341	1446	121	0.0	2080
da64b412-3447-4398-a23c-4739227c4a3d	NR_178854.1	95.078	1341	32	26	16	1340	1445	123	0.0	2080
fcdbc50c-53db-4bc9-a63b-cd0d46ebd51f	NR_041799.1	95.778	758	21	10	1	752	711	1463	0.0	1212
fcdbc50c-53db-4bc9-a63b-cd0d46ebd51f	NR_117823.1	95.778	758	21	10	1	752	683	1435	0.0	1212
fcdbc50c-53db-4bc9-a63b-cd0d46ebd51f	NR_181730.1	95.778	758	21	10	1	752	717	1469	0.0	1212
fcdbc50c-53db-4bc9-a63b-cd0d46ebd51f	NR_114227.1	95.773	757	21	10	1	751	711	1462	0.0	1210
fcdbc50c-53db-4bc9-a63b-cd0d46ebd51f	NR_181265.1	95.646	758	22	10	1	752	738	1490	0.0	1206
3900269d-def0-4763-8a2b-28cd6eca8571	NR_024918.1	93.362	467	14	12	1	461	1021	1476	0.0	675
3900269d-def0-4763-8a2b-28cd6eca8571	NR_028986.1	93.362	467	14	12	1	461	1008	1463	0.0	675
3900269d-def0-4763-8a2b-28cd6eca8571	NR_043314.1	93.362	467	14	12	1	461	1026	1481	0.0	675
3900269d-def0-4763-8a2b-28cd6eca8571	NR_042199.1	93.362	467	14	12	1	461	1008	1463	0.0	675
3900269d-def0-4763-8a2b-28cd6eca8571	NR_114225.1	93.348	466	14	12	1	460	1008	1462	0.0	675
a839c217-2d1c-4970-8f31-c7f2eef31cbb	NR_113600.1	92.032	1393	67	35	1	1369	90	1462	0.0	1919
a839c217-2d1c-4970-8f31-c7f2eef31cbb	NR_114225.1	91.966	1394	66	39	1	1369	90	1462	0.0	1914
a839c217-2d1c-4970-8f31-c7f2eef31cbb	NR_041953.1	91.888	1393	71	33	1	1370	90	1463	0.0	1908
a839c217-2d1c-4970-8f31-c7f2eef31cbb	NR_179889.1	91.894	1394	69	37	1	1370	117	1490	0.0	1908
a839c217-2d1c-4970-8f31-c7f2eef31cbb	NR_199513.1	91.888	1393	71	33	1	1370	117	1490	0.0	1908
337fde27-9fa2-43ed-83cb-7ebfd09944cb	NR_043314.1	94.545	330	8	9	2	326	1162	1486	1.19e-141	501
337fde27-9fa2-43ed-83cb-7ebfd09944cb	NR_114749.1	94.545	330	8	9	2	326	1164	1488	1.19e-141	501
337fde27-9fa2-43ed-83cb-7ebfd09944cb	NR_116899.1	94.545	330	8	9	2	326	1131	1455	1.19e-141	501
337fde27-9fa2-43ed-83cb-7ebfd09944cb	NR_178854.1	94.545	330	8	9	2	326	1143	1467	1.19e-141	501
337fde27-9fa2-43ed-83cb-7ebfd09944cb	NR_179889.1	94.545	330	8	9	2	326	1171	1495	1.19e-141	501
88227364-8bf4-43cc-a742-b29cdd7b6d44	NR_074980.1	94.714	454	15	9	1	451	460	13	0.0	697
88227364-8bf4-43cc-a742-b29cdd7b6d44	NR_113031.1	94.714	454	15	9	1	451	460	13	0.0	697
88227364-8bf4-43cc-a742-b29cdd7b6d44	NR_163639.1	94.286	455	14	11	1	452	449	4	0.0	686
88227364-8bf4-43cc-a742-b29cdd7b6d44	NR_119168.1	94.820	444	14	9	1	441	438	1	0.0	684
88227364-8bf4-43cc-a742-b29cdd7b6d44	NR_119169.1	94.595	444	15	9	1	441	438	1	0.0	682
f9abbeb9-a05b-4dd4-a730-070b855502f7	NR_179540.1	95.294	510	16	7	1	503	175	683	0.0	802
f9abbeb9-a05b-4dd4-a730-070b855502f7	NR_165747.1	96.516	488	10	6	22	503	177	663	0.0	800
f9abbeb9-a05b-4dd4-a730-070b855502f7	NR_199544.1	96.516	488	10	6	22	503	155	641	0.0	800
f9abbeb9-a05b-4dd4-a730-070b855502f7	NR_118234.1	95.783	498	14	6	12	503	186	682	0.0	797
f9abbeb9-a05b-4dd4-a730-070b855502f7	NR_028664.1	96.311	488	11	6	22	503	200	686	0.0	795
b549585a-643c-4cfb-9ca8-51ae3984b57e	NR_115735.1	92.815	1197	45	31	3	1171	102	1285	0.0	1696
b549585a-643c-4cfb-9ca8-51ae3984b57e	NR_116211.1	92.815	1197	45	31	3	1171	34	1217	0.0	1696
b549585a-643c-4cfb-9ca8-51ae3984b57e	NR_024842.1	92.648	1197	47	31	3	1171	126	1309	0.0	1688
b549585a-643c-4cfb-9ca8-51ae3984b57e	NR_115241.1	92.648	1197	47	31	3	1171	111	1294	0.0	1688
b549585a-643c-4cfb-9ca8-51ae3984b57e	NR_178515.1	92.732	1197	44	33	4	1171	112	1294	0.0	1688
a190b586-0201-4e39-ab63-00a69aac694d	NR_115735.1	95.856	1279	28	20	2	1264	193	1462	0.0	2045
a190b586-0201-4e39-ab63-00a69aac694d	NR_165737.1	95.922	1275	28	20	5	1263	205	1471	0.0	2045
a190b586-0201-4e39-ab63-00a69aac694d	NR_024842.1	95.700	1279	30	20	2	1264	217	1486	0.0	2037
a190b586-0201-4e39-ab63-00a69aac694d	NR_115241.1	95.618	1278	31	20	2	1263	202	1470	0.0	2032
a190b586-0201-4e39-ab63-00a69aac694d	NR_036936.1	95.608	1275	32	20	5	1263	205	1471	0.0	2023
b1ae998e-660f-465e-b3b2-861c26d1b178	NR_024924.1	93.308	523	20	15	1	513	489	1006	0.0	758
b1ae998e-660f-465e-b3b2-861c26d1b178	NR_102854.1	93.308	523	20	15	1	513	498	1015	0.0	758
b1ae998e-660f-465e-b3b2-861c26d1b178	NR_115336.1	93.308	523	20	15	1	513	484	1001	0.0	758
b1ae998e-660f-465e-b3b2-861c26d1b178	NR_134794.1	93.308	523	20	15	1	513	441	958	0.0	758
b1ae998e-660f-465e-b3b2-861c26d1b178	NR_135703.1	93.308	523	20	15	1	513	510	1027	0.0	758
64cfac89-7093-40fb-bcde-e69550cdafb6	NR_118155.1	94.751	381	11	5	1	378	1041	667	1.34e-166	584
64cfac89-7093-40fb-bcde-e69550cdafb6	NR_169411.1	94.488	381	12	5	1	378	1038	664	6.23e-165	579
64cfac89-7093-40fb-bcde-e69550cdafb6	NR_178340.1	94.488	381	12	5	1	378	686	312	6.23e-165	579
64cfac89-7093-40fb-bcde-e69550cdafb6	NR_179168.1	94.488	381	12	5	1	378	1041	667	6.23e-165	579
64cfac89-7093-40fb-bcde-e69550cdafb6	NR_179327.1	94.488	381	12	5	1	378	991	617	6.23e-165	579
f643b96c-5cf7-47a8-a0e6-be8bb8e13656	NR_117694.1	97.943	632	5	7	5	634	842	1467	0.0	1088
f643b96c-5cf7-47a8-a0e6-be8bb8e13656	NR_117717.1	97.785	632	6	7	5	634	862	1487	0.0	1083
f643b96c-5cf7-47a8-a0e6-be8bb8e13656	NR_159079.1	97.785	632	6	7	5	634	838	1463	0.0	1083
f643b96c-5cf7-47a8-a0e6-be8bb8e13656	NR_117696.1	97.785	632	6	7	5	634	829	1454	0.0	1083
f643b96c-5cf7-47a8-a0e6-be8bb8e13656	NR_025902.1	97.627	632	7	7	5	634	820	1445	0.0	1077
e82c3500-a971-4047-800f-f95a998ae7da	NR_113570.1	87.955	880	61	30	1	848	617	1483	0.0	996
e82c3500-a971-4047-800f-f95a998ae7da	NR_043332.1	87.755	882	63	30	1	850	610	1478	0.0	992
e82c3500-a971-4047-800f-f95a998ae7da	NR_115355.1	87.528	882	65	30	1	850	610	1478	0.0	977
e82c3500-a971-4047-800f-f95a998ae7da	NR_179325.1	87.415	882	66	30	1	850	584	1452	0.0	972
e82c3500-a971-4047-800f-f95a998ae7da	NR_044091.1	88.355	833	57	26	1	805	524	1344	0.0	965
f355975b-8727-4b83-9b06-f9a756ea3ab6	NR_024912.1	93.593	359	10	8	7	355	520	165	2.78e-148	523
f355975b-8727-4b83-9b06-f9a756ea3ab6	NR_025228.1	93.593	359	10	8	7	355	503	148	2.78e-148	523
f355975b-8727-4b83-9b06-f9a756ea3ab6	NR_037092.1	93.575	358	11	7	7	355	524	170	2.78e-148	523
f355975b-8727-4b83-9b06-f9a756ea3ab6	NR_041953.1	93.593	359	10	8	7	355	507	152	2.78e-148	523
f355975b-8727-4b83-9b06-f9a756ea3ab6	NR_042147.1	93.593	359	10	8	7	355	507	152	2.78e-148	523
340148c5-9bea-4b77-9a98-622652193dbb	NR_199513.1	93.333	705	20	19	1	682	827	127	0.0	1016
340148c5-9bea-4b77-9a98-622652193dbb	NR_024901.1	92.918	706	21	21	1	682	813	113	0.0	1000
340148c5-9bea-4b77-9a98-622652193dbb	NR_024928.1	92.918	706	21	21	1	682	813	113	0.0	1000
340148c5-9bea-4b77-9a98-622652193dbb	NR_113583.1	92.918	706	21	21	1	682	800	100	0.0	1000
340148c5-9bea-4b77-9a98-622652193dbb	NR_114225.1	92.918	706	21	21	1	682	800	100	0.0	1000
67798dfc-0636-42bc-90d6-74116e745afa	NR_156986.1	92.078	972	37	31	11	954	972	13	0.0	1332
67798dfc-0636-42bc-90d6-74116e745afa	NR_178976.1	92.078	972	37	31	11	954	963	4	0.0	1332
67798dfc-0636-42bc-90d6-74116e745afa	NR_113600.1	91.975	972	38	31	11	954	964	5	0.0	1328
67798dfc-0636-42bc-90d6-74116e745afa	NR_156987.1	91.967	971	40	30	11	954	972	13	0.0	1327
67798dfc-0636-42bc-90d6-74116e745afa	NR_199514.1	91.975	972	38	31	11	954	984	25	0.0	1327
ada3b7eb-e5b9-477b-8390-246e307369c1	NR_199513.1	88.878	1052	66	44	1	1022	1048	18	0.0	1247
ada3b7eb-e5b9-477b-8390-246e307369c1	NR_156986.1	88.868	1051	64	47	1	1020	1029	1	0.0	1243
ada3b7eb-e5b9-477b-8390-246e307369c1	NR_178976.1	89.489	1018	59	42	1	990	1020	23	0.0	1243
ada3b7eb-e5b9-477b-8390-246e307369c1	NR_113600.1	89.391	1018	60	42	1	990	1021	24	0.0	1240
ada3b7eb-e5b9-477b-8390-246e307369c1	NR_156987.1	88.773	1051	65	47	1	1020	1029	1	0.0	1238
5bd4a4f5-0564-4f8a-958e-86c1efb32519	NR_117694.1	95.338	858	20	13	1	847	619	1467	0.0	1345
5bd4a4f5-0564-4f8a-958e-86c1efb32519	NR_121687.1	94.872	858	24	13	1	847	639	1487	0.0	1323
5bd4a4f5-0564-4f8a-958e-86c1efb32519	NR_117692.1	94.755	858	25	13	1	847	619	1467	0.0	1317
5bd4a4f5-0564-4f8a-958e-86c1efb32519	NR_117696.1	94.639	858	26	13	1	847	606	1454	0.0	1312
5bd4a4f5-0564-4f8a-958e-86c1efb32519	NR_025902.1	94.522	858	27	13	1	847	597	1445	0.0	1306
d7162027-0cf5-41f1-a794-3800e5b0baf4	NR_043314.1	92.975	484	22	9	1	479	1005	1481	0.0	695
d7162027-0cf5-41f1-a794-3800e5b0baf4	NR_114749.1	92.975	484	22	9	1	479	1007	1483	0.0	695
d7162027-0cf5-41f1-a794-3800e5b0baf4	NR_116899.1	92.975	484	22	9	1	479	974	1450	0.0	695
d7162027-0cf5-41f1-a794-3800e5b0baf4	NR_178854.1	92.975	484	22	9	1	479	986	1462	0.0	695
d7162027-0cf5-41f1-a794-3800e5b0baf4	NR_179889.1	92.975	484	22	9	1	479	1014	1490	0.0	695
e108b4cc-75cb-4364-8ffa-438377a38952	NR_117694.1	93.866	1027	28	26	41	1042	451	1467	0.0	1515
e108b4cc-75cb-4364-8ffa-438377a38952	NR_121687.1	93.671	1027	30	26	41	1042	471	1487	0.0	1504
e108b4cc-75cb-4364-8ffa-438377a38952	NR_117692.1	93.671	1027	30	25	41	1042	451	1467	0.0	1504
e108b4cc-75cb-4364-8ffa-438377a38952	NR_025902.1	93.476	1027	32	25	41	1042	429	1445	0.0	1493
e108b4cc-75cb-4364-8ffa-438377a38952	NR_026079.2	93.385	1028	33	27	40	1042	477	1494	0.0	1489
