d431178a-1816-4c1e-9dc5-e0f91fec9225	NR_025453.1	93.056	144	1	5	1	140	1245	1107	5.39e-52	202
d431178a-1816-4c1e-9dc5-e0f91fec9225	NR_041780.1	93.056	144	1	5	1	140	1256	1118	5.39e-52	202
d431178a-1816-4c1e-9dc5-e0f91fec9225	NR_043173.1	93.056	144	1	5	1	140	1245	1107	5.39e-52	202
d431178a-1816-4c1e-9dc5-e0f91fec9225	NR_134190.1	93.056	144	1	5	1	140	1224	1086	5.39e-52	202
d431178a-1816-4c1e-9dc5-e0f91fec9225	NR_152678.1	93.056	144	1	5	1	140	1265	1127	5.39e-52	202
46d1ec2e-5482-49ed-b504-5d9aa4c635f6	NR_043314.1	94.362	603	18	13	1	592	884	1481	0.0	911
46d1ec2e-5482-49ed-b504-5d9aa4c635f6	NR_116899.1	94.362	603	18	13	1	592	853	1450	0.0	911
46d1ec2e-5482-49ed-b504-5d9aa4c635f6	NR_178854.1	94.362	603	18	13	1	592	865	1462	0.0	911
46d1ec2e-5482-49ed-b504-5d9aa4c635f6	NR_179889.1	94.362	603	18	13	1	592	893	1490	0.0	911
46d1ec2e-5482-49ed-b504-5d9aa4c635f6	NR_041799.1	94.196	603	19	13	1	592	866	1463	0.0	905
5ea73211-8c22-40ab-af22-fd0a0bb6b86d	NR_028664.1	97.605	501	8	4	1	498	1043	544	0.0	856
5ea73211-8c22-40ab-af22-fd0a0bb6b86d	NR_042927.1	97.605	501	8	4	1	498	1022	523	0.0	856
5ea73211-8c22-40ab-af22-fd0a0bb6b86d	NR_114413.1	97.605	501	8	4	1	498	1045	546	0.0	856
5ea73211-8c22-40ab-af22-fd0a0bb6b86d	NR_115240.1	97.605	501	8	4	1	498	1020	521	0.0	856
5ea73211-8c22-40ab-af22-fd0a0bb6b86d	NR_115732.1	97.605	501	8	4	1	498	1022	523	0.0	856
abf9d129-9968-40b4-8dae-9af2a15904ef	NR_199513.1	97.498	1119	17	8	1	1111	1133	18	0.0	1901
abf9d129-9968-40b4-8dae-9af2a15904ef	NR_156986.1	97.489	1115	15	9	4	1109	1111	1	0.0	1892
abf9d129-9968-40b4-8dae-9af2a15904ef	NR_024928.1	97.317	1118	17	9	1	1109	1119	6	0.0	1886
abf9d129-9968-40b4-8dae-9af2a15904ef	NR_156987.1	97.399	1115	16	9	4	1109	1111	1	0.0	1886
abf9d129-9968-40b4-8dae-9af2a15904ef	NR_199514.1	97.399	1115	16	9	4	1109	1123	13	0.0	1886
a3847391-7934-4fe9-bd25-2823bdb0a9f3	NR_117694.1	98.567	698	8	2	1	696	768	1465	0.0	1232
a3847391-7934-4fe9-bd25-2823bdb0a9f3	NR_117692.1	98.424	698	9	2	1	696	768	1465	0.0	1227
a3847391-7934-4fe9-bd25-2823bdb0a9f3	NR_025902.1	98.138	698	11	2	1	696	746	1443	0.0	1216
a3847391-7934-4fe9-bd25-2823bdb0a9f3	NR_025892.1	98.127	694	11	2	1	692	793	1486	0.0	1214
a3847391-7934-4fe9-bd25-2823bdb0a9f3	NR_043459.1	98.408	691	9	2	1	689	792	1482	0.0	1214
071d8031-9092-404a-983b-5455ead665ec	NR_041799.1	94.103	390	10	11	1	385	1437	1056	1.77e-165	580
071d8031-9092-404a-983b-5455ead665ec	NR_043314.1	94.103	390	10	10	1	385	1455	1074	1.77e-165	580
071d8031-9092-404a-983b-5455ead665ec	NR_042541.1	94.103	390	10	11	1	385	1437	1056	1.77e-165	580
071d8031-9092-404a-983b-5455ead665ec	NR_114227.1	94.103	390	10	11	1	385	1437	1056	1.77e-165	580
071d8031-9092-404a-983b-5455ead665ec	NR_114481.1	94.103	390	10	11	1	385	1446	1065	1.77e-165	580
19958e05-54c5-46d3-952d-43974299fa0a	NR_156986.1	92.744	1392	61	35	9	1373	1384	6	0.0	1975
19958e05-54c5-46d3-952d-43974299fa0a	NR_156987.1	92.672	1392	62	33	9	1373	1384	6	0.0	1969
19958e05-54c5-46d3-952d-43974299fa0a	NR_178976.1	92.723	1388	61	33	9	1369	1375	1	0.0	1969
19958e05-54c5-46d3-952d-43974299fa0a	NR_024928.1	92.601	1392	63	33	9	1373	1389	11	0.0	1965
19958e05-54c5-46d3-952d-43974299fa0a	NR_113600.1	92.657	1389	62	35	9	1370	1376	1	0.0	1965
5f2f42c0-a627-40fc-9641-008f4597e3e7	NR_156986.1	96.037	656	9	12	1	649	647	2	0.0	1051
5f2f42c0-a627-40fc-9641-008f4597e3e7	NR_024901.1	95.751	659	11	12	1	652	652	4	0.0	1046
5f2f42c0-a627-40fc-9641-008f4597e3e7	NR_024912.1	95.751	659	11	12	1	652	652	4	0.0	1046
5f2f42c0-a627-40fc-9641-008f4597e3e7	NR_024928.1	95.751	659	11	12	1	652	652	4	0.0	1046
5f2f42c0-a627-40fc-9641-008f4597e3e7	NR_156987.1	95.884	656	10	12	1	649	647	2	0.0	1046
9e7d113c-67e4-499d-9bda-4e437318d6bf	NR_156986.1	95.225	1110	26	23	6	1097	1106	6	0.0	1731
9e7d113c-67e4-499d-9bda-4e437318d6bf	NR_199514.1	94.987	1117	28	23	1	1097	1126	18	0.0	1727
9e7d113c-67e4-499d-9bda-4e437318d6bf	NR_156987.1	95.135	1110	27	23	6	1097	1106	6	0.0	1725
9e7d113c-67e4-499d-9bda-4e437318d6bf	NR_178976.1	95.208	1106	26	23	6	1093	1097	1	0.0	1724
9e7d113c-67e4-499d-9bda-4e437318d6bf	NR_199513.1	94.897	1117	31	22	6	1105	1125	18	0.0	1724
