65faf6b4-35e8-4c6a-83b7-384fa7e8ec29	NR_179889.1	96.379	856	15	10	6	848	641	1493	0.0	1395
65faf6b4-35e8-4c6a-83b7-384fa7e8ec29	NR_116899.1	96.266	857	16	10	5	848	600	1453	0.0	1391
65faf6b4-35e8-4c6a-83b7-384fa7e8ec29	NR_043935.1	96.262	856	16	10	6	848	635	1487	0.0	1389
65faf6b4-35e8-4c6a-83b7-384fa7e8ec29	NR_178854.1	96.262	856	15	11	6	848	614	1465	0.0	1387
65faf6b4-35e8-4c6a-83b7-384fa7e8ec29	NR_043314.1	96.257	855	15	11	8	848	633	1484	0.0	1386
19cfe1f8-15f0-4cc4-89ba-316cc37e724d	NR_024928.1	95.901	1488	39	21	4	1483	6	1479	0.0	2392
19cfe1f8-15f0-4cc4-89ba-316cc37e724d	NR_113600.1	96.138	1476	35	21	12	1479	1	1462	0.0	2392
19cfe1f8-15f0-4cc4-89ba-316cc37e724d	NR_024901.1	95.901	1488	39	21	4	1483	6	1479	0.0	2390
19cfe1f8-15f0-4cc4-89ba-316cc37e724d	NR_024912.1	95.901	1488	39	21	4	1483	6	1479	0.0	2390
19cfe1f8-15f0-4cc4-89ba-316cc37e724d	NR_042147.1	96.014	1480	37	21	12	1483	1	1466	0.0	2386
81a1a0a9-dc22-4bc1-8832-42df997df822	NR_024924.1	93.573	389	16	8	7	390	908	524	1.09e-162	571
81a1a0a9-dc22-4bc1-8832-42df997df822	NR_102854.1	93.573	389	16	8	7	390	917	533	1.09e-162	571
81a1a0a9-dc22-4bc1-8832-42df997df822	NR_115336.1	93.573	389	16	8	7	390	903	519	1.09e-162	571
81a1a0a9-dc22-4bc1-8832-42df997df822	NR_134794.1	93.573	389	16	8	7	390	860	476	1.09e-162	571
81a1a0a9-dc22-4bc1-8832-42df997df822	NR_135703.1	93.573	389	16	8	7	390	929	545	1.09e-162	571
11722c59-f91d-4ebf-8b5f-0d86f04714e0	NR_041953.1	87.171	912	61	44	1	872	155	1050	0.0	985
11722c59-f91d-4ebf-8b5f-0d86f04714e0	NR_042541.1	87.061	912	62	44	1	872	155	1050	0.0	979
11722c59-f91d-4ebf-8b5f-0d86f04714e0	NR_199513.1	87.061	912	62	44	1	872	182	1077	0.0	979
11722c59-f91d-4ebf-8b5f-0d86f04714e0	NR_199512.1	86.623	912	66	44	1	872	182	1077	0.0	957
11722c59-f91d-4ebf-8b5f-0d86f04714e0	NR_040859.1	86.513	912	67	44	1	872	167	1062	0.0	952
77a1fbed-10a2-46e9-9c96-53dc97363516	NR_178515.1	98.092	891	12	5	1	887	1245	356	0.0	1546
77a1fbed-10a2-46e9-9c96-53dc97363516	NR_165737.1	97.755	891	15	5	1	887	1245	356	0.0	1530
77a1fbed-10a2-46e9-9c96-53dc97363516	NR_109720.1	97.959	882	13	5	1	878	1239	359	0.0	1524
77a1fbed-10a2-46e9-9c96-53dc97363516	NR_036936.1	97.846	882	14	5	1	878	1245	365	0.0	1519
77a1fbed-10a2-46e9-9c96-53dc97363516	NR_115735.1	97.846	882	14	5	1	878	1236	356	0.0	1519
d0ff8650-1332-4528-ad41-087ebd84f1a4	NR_028664.1	96.241	266	3	7	1	262	1164	902	4.50e-120	429
d0ff8650-1332-4528-ad41-087ebd84f1a4	NR_042928.1	96.241	266	3	7	1	262	1141	879	4.50e-120	429
d0ff8650-1332-4528-ad41-087ebd84f1a4	NR_115240.1	96.241	266	3	7	1	262	1141	879	4.50e-120	429
d0ff8650-1332-4528-ad41-087ebd84f1a4	NR_115560.1	96.241	266	3	7	1	262	1161	899	4.50e-120	429
d0ff8650-1332-4528-ad41-087ebd84f1a4	NR_115732.1	96.241	266	3	7	1	262	1143	881	4.50e-120	429
6f0fe4eb-6263-4155-8d56-bafaa3a2c52f	NR_117719.1	93.187	411	16	6	1	401	421	13	2.38e-169	593
6f0fe4eb-6263-4155-8d56-bafaa3a2c52f	NR_036936.1	93.317	404	15	5	1	393	403	1	1.11e-167	588
6f0fe4eb-6263-4155-8d56-bafaa3a2c52f	NR_175455.1	92.927	410	18	5	1	401	409	2	3.98e-167	586
6f0fe4eb-6263-4155-8d56-bafaa3a2c52f	NR_042928.1	93.035	402	18	4	1	393	401	1	6.67e-165	579
6f0fe4eb-6263-4155-8d56-bafaa3a2c52f	NR_165747.1	92.786	402	19	4	1	393	401	1	3.10e-163	573
fac4c996-cf68-41b9-ac26-6329c40a04b4	NR_041799.1	86.909	825	70	31	3	807	657	1463	0.0	891
fac4c996-cf68-41b9-ac26-6329c40a04b4	NR_116899.1	86.909	825	70	31	3	807	644	1450	0.0	891
fac4c996-cf68-41b9-ac26-6329c40a04b4	NR_117823.1	86.909	825	70	31	3	807	629	1435	0.0	891
fac4c996-cf68-41b9-ac26-6329c40a04b4	NR_179889.1	86.909	825	70	31	3	807	684	1490	0.0	891
fac4c996-cf68-41b9-ac26-6329c40a04b4	NR_114227.1	86.893	824	70	31	3	806	657	1462	0.0	889
746a8766-2a61-4e11-bb2c-3fdb4ccc857b	NR_043314.1	93.294	343	15	7	6	342	1141	1481	4.54e-141	499
746a8766-2a61-4e11-bb2c-3fdb4ccc857b	NR_114749.1	93.294	343	15	7	6	342	1143	1483	4.54e-141	499
746a8766-2a61-4e11-bb2c-3fdb4ccc857b	NR_116899.1	93.294	343	15	7	6	342	1110	1450	4.54e-141	499
746a8766-2a61-4e11-bb2c-3fdb4ccc857b	NR_178854.1	93.294	343	15	7	6	342	1122	1462	4.54e-141	499
746a8766-2a61-4e11-bb2c-3fdb4ccc857b	NR_179889.1	93.294	343	15	7	6	342	1150	1490	4.54e-141	499
8a323172-49b8-4da5-aed3-01bf790585b1	NR_024918.1	94.765	554	14	11	1	546	930	1476	0.0	848
8a323172-49b8-4da5-aed3-01bf790585b1	NR_043314.1	94.765	554	14	11	1	546	935	1481	0.0	848
8a323172-49b8-4da5-aed3-01bf790585b1	NR_116899.1	94.765	554	14	11	1	546	904	1450	0.0	848
8a323172-49b8-4da5-aed3-01bf790585b1	NR_164626.1	94.765	554	14	11	1	546	927	1473	0.0	848
8a323172-49b8-4da5-aed3-01bf790585b1	NR_178854.1	94.765	554	14	11	1	546	916	1462	0.0	848
ca19f2ce-4540-4330-b558-89a5c876face	NR_024912.1	92.054	516	20	16	8	511	512	6	0.0	706
ca19f2ce-4540-4330-b558-89a5c876face	NR_156986.1	92.054	516	20	16	8	511	507	1	0.0	706
ca19f2ce-4540-4330-b558-89a5c876face	NR_024901.1	91.860	516	21	16	8	511	512	6	0.0	701
ca19f2ce-4540-4330-b558-89a5c876face	NR_024928.1	91.860	516	21	16	8	511	512	6	0.0	701
ca19f2ce-4540-4330-b558-89a5c876face	NR_156987.1	91.860	516	21	16	8	511	507	1	0.0	701
5561a1eb-8507-4097-8638-482ffde9b722	NR_041989.1	90.424	637	34	20	6	627	1185	561	0.0	813
5561a1eb-8507-4097-8638-482ffde9b722	NR_117694.1	90.267	637	35	20	6	627	1227	603	0.0	808
5561a1eb-8507-4097-8638-482ffde9b722	NR_121687.1	90.110	637	36	21	6	627	1247	623	0.0	802
5561a1eb-8507-4097-8638-482ffde9b722	NR_025892.1	89.639	637	39	20	6	627	1252	628	0.0	791
5561a1eb-8507-4097-8638-482ffde9b722	NR_041988.1	89.796	637	38	20	6	627	1185	561	0.0	791
ff729daf-3792-49f4-b956-b20ec195853f	NR_043314.1	93.865	326	8	10	1	318	1158	1479	1.53e-135	481
ff729daf-3792-49f4-b956-b20ec195853f	NR_114225.1	93.865	326	8	10	1	318	1140	1461	1.53e-135	481
ff729daf-3792-49f4-b956-b20ec195853f	NR_114749.1	93.865	326	8	10	1	318	1160	1481	1.53e-135	481
ff729daf-3792-49f4-b956-b20ec195853f	NR_116899.1	93.865	326	8	10	1	318	1127	1448	1.53e-135	481
ff729daf-3792-49f4-b956-b20ec195853f	NR_178854.1	93.865	326	8	10	1	318	1139	1460	1.53e-135	481
a97b34cb-a312-4807-af53-6893c5840b70	NR_043314.1	85.200	500	39	30	1	483	1005	1486	2.35e-135	481
a97b34cb-a312-4807-af53-6893c5840b70	NR_148764.1	85.200	500	39	30	1	483	1007	1488	2.35e-135	481
a97b34cb-a312-4807-af53-6893c5840b70	NR_114749.1	85.200	500	39	30	1	483	1007	1488	2.35e-135	481
a97b34cb-a312-4807-af53-6893c5840b70	NR_116899.1	85.200	500	39	30	1	483	974	1455	2.35e-135	481
a97b34cb-a312-4807-af53-6893c5840b70	NR_178854.1	85.200	500	39	30	1	483	986	1467	2.35e-135	481
c4529a2a-0f1e-4775-a1dd-f8a74be82444	NR_041953.1	92.518	1096	43	32	1	1063	1170	81	0.0	1533
c4529a2a-0f1e-4775-a1dd-f8a74be82444	NR_178447.1	92.518	1096	43	32	1	1063	1104	15	0.0	1533
c4529a2a-0f1e-4775-a1dd-f8a74be82444	NR_181014.1	92.518	1096	43	32	1	1063	1170	81	0.0	1533
c4529a2a-0f1e-4775-a1dd-f8a74be82444	NR_199518.1	92.518	1096	43	32	1	1063	1114	25	0.0	1533
c4529a2a-0f1e-4775-a1dd-f8a74be82444	NR_042147.1	92.434	1097	42	33	1	1063	1170	81	0.0	1528
d48324f9-cacc-4c7b-bb06-8a30dcaf47b4	NR_116168.1	96.288	1266	32	14	1	1257	232	1491	0.0	2063
d48324f9-cacc-4c7b-bb06-8a30dcaf47b4	NR_118762.1	94.900	1255	49	14	1	1247	235	1482	0.0	1982
d48324f9-cacc-4c7b-bb06-8a30dcaf47b4	NR_025423.1	93.889	1260	60	16	1	1250	216	1468	0.0	1884
d48324f9-cacc-4c7b-bb06-8a30dcaf47b4	NR_042878.1	96.200	1158	30	13	1	1150	211	1362	0.0	1884
d48324f9-cacc-4c7b-bb06-8a30dcaf47b4	NR_115546.2	92.593	1269	75	18	1	1258	241	1501	0.0	1805
fbf46020-f913-4910-a3ac-333732ff3648	NR_117694.1	89.791	431	23	19	1	425	552	137	5.62e-151	532
fbf46020-f913-4910-a3ac-333732ff3648	NR_025892.1	87.935	431	31	19	1	425	578	163	4.41e-142	503
fbf46020-f913-4910-a3ac-333732ff3648	NR_121687.1	88.399	431	29	19	1	425	572	157	5.70e-141	499
fbf46020-f913-4910-a3ac-333732ff3648	NR_104946.1	88.372	430	27	21	3	425	513	100	7.38e-140	496
fbf46020-f913-4910-a3ac-333732ff3648	NR_025902.1	88.318	428	29	19	1	422	530	118	2.65e-139	494
8f4a8a0f-a913-414c-a2cc-e2990a798582	NR_197735.1	90.683	483	23	16	1	464	1007	1486	3.54e-178	623
8f4a8a0f-a913-414c-a2cc-e2990a798582	NR_159253.1	88.613	483	32	18	1	464	1010	1488	6.05e-161	566
8f4a8a0f-a913-414c-a2cc-e2990a798582	NR_025116.1	87.578	483	37	21	1	464	1013	1491	1.32e-152	538
8f4a8a0f-a913-414c-a2cc-e2990a798582	NR_181611.1	87.397	484	37	19	1	464	1018	1497	1.71e-151	534
8f4a8a0f-a913-414c-a2cc-e2990a798582	NR_108299.1	87.190	484	38	20	1	464	1012	1491	7.94e-150	529
be81656c-d136-49cc-a51e-e77dc7430abd	NR_028986.1	97.552	858	12	6	1	858	615	1463	0.0	1459
be81656c-d136-49cc-a51e-e77dc7430abd	NR_042199.1	97.552	858	12	6	1	858	615	1463	0.0	1459
be81656c-d136-49cc-a51e-e77dc7430abd	NR_179337.1	97.552	858	12	6	1	858	619	1467	0.0	1459
be81656c-d136-49cc-a51e-e77dc7430abd	NR_113600.1	97.550	857	12	6	1	857	615	1462	0.0	1458
be81656c-d136-49cc-a51e-e77dc7430abd	NR_025164.1	97.436	858	13	6	1	858	615	1463	0.0	1454
ec89d91c-926f-4a57-a990-b565eb01ed6a	NR_199513.1	94.532	1463	39	28	1	1435	1472	23	0.0	2220
ec89d91c-926f-4a57-a990-b565eb01ed6a	NR_113600.1	94.570	1455	36	29	1	1426	1445	5	0.0	2211
ec89d91c-926f-4a57-a990-b565eb01ed6a	NR_024928.1	94.262	1464	41	29	1	1435	1458	9	0.0	2200
ec89d91c-926f-4a57-a990-b565eb01ed6a	NR_114225.1	94.433	1455	38	29	1	1426	1445	5	0.0	2200
ec89d91c-926f-4a57-a990-b565eb01ed6a	NR_041953.1	94.360	1454	41	30	1	1426	1445	5	0.0	2193
3dcbb583-6177-4c27-ad45-2aa5bb702ee4	NR_040859.1	93.167	1200	60	20	5	1191	285	1475	0.0	1742
3dcbb583-6177-4c27-ad45-2aa5bb702ee4	NR_104278.1	93.167	1200	60	20	5	1191	285	1475	0.0	1742
3dcbb583-6177-4c27-ad45-2aa5bb702ee4	NR_104280.1	93.167	1200	60	20	5	1191	285	1475	0.0	1742
3dcbb583-6177-4c27-ad45-2aa5bb702ee4	NR_113856.1	93.161	1199	60	20	5	1190	273	1462	0.0	1740
3dcbb583-6177-4c27-ad45-2aa5bb702ee4	NR_113855.1	93.078	1199	61	20	5	1190	273	1462	0.0	1736
af4ce966-5302-4399-a34f-045e7b5330a7	NR_025588.1	91.188	1010	50	31	1	992	989	1	0.0	1336
af4ce966-5302-4399-a34f-045e7b5330a7	NR_116651.1	90.792	1010	54	30	1	992	1001	13	0.0	1315
af4ce966-5302-4399-a34f-045e7b5330a7	NR_044569.1	90.227	1013	56	32	1	993	1000	11	0.0	1282
af4ce966-5302-4399-a34f-045e7b5330a7	NR_179871.1	89.536	1013	61	37	1	992	1001	13	0.0	1242
af4ce966-5302-4399-a34f-045e7b5330a7	NR_179201.1	87.983	957	74	34	21	957	936	1	0.0	1092
cd863db3-9903-49c1-9504-deeac6f5c4c8	NR_024912.1	92.457	464	17	14	13	461	508	48	0.0	647
cd863db3-9903-49c1-9504-deeac6f5c4c8	NR_042147.1	92.457	464	17	14	13	461	495	35	0.0	647
cd863db3-9903-49c1-9504-deeac6f5c4c8	NR_156986.1	92.457	464	17	14	13	461	503	43	0.0	647
cd863db3-9903-49c1-9504-deeac6f5c4c8	NR_178976.1	92.457	464	17	14	13	461	494	34	0.0	647
cd863db3-9903-49c1-9504-deeac6f5c4c8	NR_037092.1	92.441	463	18	13	13	461	512	53	0.0	645
a844d7a3-a2ec-46ea-8f10-0a05592948da	NR_043332.1	89.247	93	6	2	3	93	1392	1482	1.61e-25	113
a844d7a3-a2ec-46ea-8f10-0a05592948da	NR_074980.1	89.247	93	6	2	3	93	1419	1509	1.61e-25	113
a844d7a3-a2ec-46ea-8f10-0a05592948da	NR_113031.1	89.247	93	6	2	3	93	1419	1509	1.61e-25	113
a844d7a3-a2ec-46ea-8f10-0a05592948da	NR_115354.1	89.247	93	6	2	3	93	1392	1482	1.61e-25	113
a844d7a3-a2ec-46ea-8f10-0a05592948da	NR_115355.1	89.247	93	6	2	3	93	1392	1482	1.61e-25	113
3ba298dd-dbf2-4bf5-8acd-05f8e592e062	NR_164626.1	95.873	315	6	5	1	310	314	2	3.11e-142	503
3ba298dd-dbf2-4bf5-8acd-05f8e592e062	NR_024912.1	95.860	314	6	5	1	309	317	6	1.12e-141	501
3ba298dd-dbf2-4bf5-8acd-05f8e592e062	NR_028706.1	95.860	314	6	5	1	309	325	14	1.12e-141	501
3ba298dd-dbf2-4bf5-8acd-05f8e592e062	NR_037092.1	95.860	314	6	5	1	309	322	11	1.12e-141	501
3ba298dd-dbf2-4bf5-8acd-05f8e592e062	NR_042939.1	95.860	314	6	5	1	309	323	12	1.12e-141	501
dfbcf7bd-6587-4412-91ab-5c105f353d84	NR_043422.1	88.615	325	28	7	1	318	1158	1480	3.40e-107	387
dfbcf7bd-6587-4412-91ab-5c105f353d84	NR_043314.1	88.344	326	28	8	1	318	1158	1481	4.40e-106	383
dfbcf7bd-6587-4412-91ab-5c105f353d84	NR_024918.1	88.037	326	29	8	1	318	1153	1476	2.05e-104	377
dfbcf7bd-6587-4412-91ab-5c105f353d84	NR_025164.1	88.037	326	29	8	1	318	1140	1463	2.05e-104	377
dfbcf7bd-6587-4412-91ab-5c105f353d84	NR_028986.1	88.037	326	29	8	1	318	1140	1463	2.05e-104	377
a72e9d27-fbab-48f7-8d6d-567c122b7755	NR_074980.1	96.690	423	9	5	9	429	432	13	0.0	699
a72e9d27-fbab-48f7-8d6d-567c122b7755	NR_113031.1	96.690	423	9	5	9	429	432	13	0.0	699
a72e9d27-fbab-48f7-8d6d-567c122b7755	NR_119168.1	97.990	398	6	2	9	406	410	15	0.0	689
a72e9d27-fbab-48f7-8d6d-567c122b7755	NR_115355.1	97.739	398	7	2	9	406	405	10	0.0	688
a72e9d27-fbab-48f7-8d6d-567c122b7755	NR_163639.1	96.226	424	8	8	9	430	421	4	0.0	688
15336f15-72db-400c-9508-f51d0253e938	NR_165737.1	96.330	327	10	2	1	326	326	1	3.34e-152	536
15336f15-72db-400c-9508-f51d0253e938	NR_178515.1	95.719	327	12	2	1	326	326	1	7.23e-149	525
15336f15-72db-400c-9508-f51d0253e938	NR_114413.1	93.731	335	19	2	1	334	349	16	1.22e-141	501
15336f15-72db-400c-9508-f51d0253e938	NR_024842.1	92.857	336	20	4	1	334	341	8	3.41e-137	486
15336f15-72db-400c-9508-f51d0253e938	NR_042927.1	93.578	327	19	2	1	326	326	1	3.41e-137	486
59d8f082-2eed-48b9-8b94-1fb3c3b75eff	NR_041889.1	76.747	1002	178	49	101	1071	1023	46	2.75e-143	508
59d8f082-2eed-48b9-8b94-1fb3c3b75eff	NR_118650.1	76.723	1001	178	51	101	1071	1027	52	2.75e-143	508
59d8f082-2eed-48b9-8b94-1fb3c3b75eff	NR_025245.1	76.663	1007	180	48	97	1072	1038	56	9.90e-143	507
59d8f082-2eed-48b9-8b94-1fb3c3b75eff	NR_181829.1	76.564	1007	181	48	97	1072	1061	79	4.61e-141	501
59d8f082-2eed-48b9-8b94-1fb3c3b75eff	NR_116837.1	76.465	1007	182	48	97	1072	1058	76	2.14e-139	496
9020bbe4-4ef9-4168-9095-72a15f6d095c	NR_117719.1	89.792	1156	47	56	1	1107	365	1498	0.0	1415
9020bbe4-4ef9-4168-9095-72a15f6d095c	NR_179540.1	89.784	1155	48	55	1	1107	365	1497	0.0	1415
9020bbe4-4ef9-4168-9095-72a15f6d095c	NR_179383.1	89.706	1156	48	56	1	1107	372	1505	0.0	1410
9020bbe4-4ef9-4168-9095-72a15f6d095c	NR_175455.1	89.628	1157	48	57	1	1107	353	1487	0.0	1406
9020bbe4-4ef9-4168-9095-72a15f6d095c	NR_028664.1	89.619	1156	49	56	1	1107	368	1501	0.0	1404
4663383d-84da-42db-86dc-22afd1028417	NR_179451.1	92.551	886	30	23	1	864	1335	464	0.0	1238
4663383d-84da-42db-86dc-22afd1028417	NR_024918.1	92.334	887	30	23	1	864	1378	507	0.0	1227
4663383d-84da-42db-86dc-22afd1028417	NR_029050.1	92.325	886	32	23	1	864	1333	462	0.0	1227
4663383d-84da-42db-86dc-22afd1028417	NR_041799.1	92.325	886	32	23	1	864	1365	494	0.0	1227
4663383d-84da-42db-86dc-22afd1028417	NR_114227.1	92.325	886	32	23	1	864	1365	494	0.0	1227
48641364-d3ef-4bfb-99ec-b0c56dafb576	NR_024918.1	92.841	880	35	19	1	856	604	1479	0.0	1251
48641364-d3ef-4bfb-99ec-b0c56dafb576	NR_042541.1	92.727	880	36	19	1	856	591	1466	0.0	1245
48641364-d3ef-4bfb-99ec-b0c56dafb576	NR_116899.1	92.727	880	36	19	1	856	578	1453	0.0	1245
48641364-d3ef-4bfb-99ec-b0c56dafb576	NR_156815.1	92.727	880	36	19	1	856	620	1495	0.0	1245
48641364-d3ef-4bfb-99ec-b0c56dafb576	NR_181570.1	92.727	880	36	19	1	856	618	1493	0.0	1245
6d9562cf-6e12-4c50-a434-6a384b66f188	NR_024924.1	96.927	423	9	2	1	421	469	889	0.0	706
6d9562cf-6e12-4c50-a434-6a384b66f188	NR_102854.1	96.927	423	9	2	1	421	478	898	0.0	706
6d9562cf-6e12-4c50-a434-6a384b66f188	NR_115336.1	96.927	423	9	2	1	421	464	884	0.0	706
6d9562cf-6e12-4c50-a434-6a384b66f188	NR_134794.1	96.927	423	9	2	1	421	421	841	0.0	706
6d9562cf-6e12-4c50-a434-6a384b66f188	NR_135703.1	96.927	423	9	2	1	421	490	910	0.0	706
469310d5-b939-423f-b90b-e2b9d0dc44b2	NR_136788.1	89.825	1317	74	49	4	1286	187	1477	0.0	1635
469310d5-b939-423f-b90b-e2b9d0dc44b2	NR_113082.1	88.571	1260	84	49	20	1247	205	1436	0.0	1474
469310d5-b939-423f-b90b-e2b9d0dc44b2	NR_026230.1	87.769	1300	99	47	20	1286	183	1455	0.0	1472
469310d5-b939-423f-b90b-e2b9d0dc44b2	NR_117913.1	82.474	1261	158	54	22	1249	197	1427	0.0	1046
469310d5-b939-423f-b90b-e2b9d0dc44b2	NR_109439.1	82.432	1258	158	54	22	1246	205	1432	0.0	1040
de08f85a-bc0a-4ce1-a99a-0b05fdea3171	NR_116168.1	96.797	718	8	12	1	711	1480	771	0.0	1184
de08f85a-bc0a-4ce1-a99a-0b05fdea3171	NR_118762.1	95.404	718	17	13	1	711	1482	774	0.0	1144
de08f85a-bc0a-4ce1-a99a-0b05fdea3171	NR_025423.1	94.298	719	24	15	1	711	1464	755	0.0	1085
de08f85a-bc0a-4ce1-a99a-0b05fdea3171	NR_024897.1	94.011	718	28	13	1	711	1479	770	0.0	1074
de08f85a-bc0a-4ce1-a99a-0b05fdea3171	NR_024898.1	94.011	718	28	13	1	711	1479	770	0.0	1074
7cacf969-64fc-4d7e-8208-9cd78c97a1a9	NR_040859.1	100.000	198	0	0	1	198	1281	1478	2.61e-101	366
7cacf969-64fc-4d7e-8208-9cd78c97a1a9	NR_040992.1	100.000	198	0	0	1	198	1289	1486	2.61e-101	366
7cacf969-64fc-4d7e-8208-9cd78c97a1a9	NR_025881.1	100.000	198	0	0	1	198	1287	1484	2.61e-101	366
7cacf969-64fc-4d7e-8208-9cd78c97a1a9	NR_026395.1	100.000	198	0	0	1	198	1289	1486	2.61e-101	366
7cacf969-64fc-4d7e-8208-9cd78c97a1a9	NR_024662.1	100.000	198	0	0	1	198	1289	1486	2.61e-101	366
b5ee84af-8464-4555-a6f8-8a2ab5ba8511	NR_156986.1	96.694	1331	26	18	1	1322	1330	9	0.0	2198
b5ee84af-8464-4555-a6f8-8a2ab5ba8511	NR_178976.1	96.692	1330	26	18	1	1321	1321	1	0.0	2198
b5ee84af-8464-4555-a6f8-8a2ab5ba8511	NR_113600.1	96.619	1331	27	18	1	1322	1322	1	0.0	2194
b5ee84af-8464-4555-a6f8-8a2ab5ba8511	NR_156987.1	96.619	1331	27	18	1	1322	1330	9	0.0	2193
b5ee84af-8464-4555-a6f8-8a2ab5ba8511	NR_199513.1	96.617	1330	29	16	1	1322	1349	28	0.0	2193
33ae982e-907f-456f-9542-45db50435c99	NR_042541.1	94.746	1142	33	18	1	1128	340	1468	0.0	1751
33ae982e-907f-456f-9542-45db50435c99	NR_041953.1	94.658	1142	34	18	1	1128	340	1468	0.0	1746
33ae982e-907f-456f-9542-45db50435c99	NR_179889.1	94.658	1142	34	18	1	1128	367	1495	0.0	1746
33ae982e-907f-456f-9542-45db50435c99	NR_178854.1	94.571	1142	34	20	1	1128	340	1467	0.0	1740
33ae982e-907f-456f-9542-45db50435c99	NR_113600.1	94.630	1136	34	18	1	1122	340	1462	0.0	1735
a192db9a-edc9-49f2-af1a-52517dfac463	NR_024918.1	92.155	1007	41	26	1	978	482	1479	0.0	1387
a192db9a-edc9-49f2-af1a-52517dfac463	NR_029042.2	92.155	1007	41	27	1	978	489	1486	0.0	1387
a192db9a-edc9-49f2-af1a-52517dfac463	NR_116899.1	92.155	1007	41	27	1	978	456	1453	0.0	1387
a192db9a-edc9-49f2-af1a-52517dfac463	NR_179889.1	92.155	1007	41	27	1	978	496	1493	0.0	1387
a192db9a-edc9-49f2-af1a-52517dfac463	NR_199515.1	92.155	1007	41	27	1	978	498	1495	0.0	1387
4b7f8a5d-0d1b-4774-bc1d-a94eddc0f16b	NR_156986.1	94.774	995	30	16	4	986	985	1	0.0	1530
4b7f8a5d-0d1b-4774-bc1d-a94eddc0f16b	NR_199513.1	94.595	999	34	13	1	988	1007	18	0.0	1528
4b7f8a5d-0d1b-4774-bc1d-a94eddc0f16b	NR_113600.1	94.828	986	30	15	4	977	977	1	0.0	1520
4b7f8a5d-0d1b-4774-bc1d-a94eddc0f16b	NR_041953.1	94.135	989	37	16	1	977	980	1	0.0	1485
4b7f8a5d-0d1b-4774-bc1d-a94eddc0f16b	NR_181891.1	93.794	999	42	15	1	988	1003	14	0.0	1483
4d1c3e89-ca5b-46ed-a92a-f89c9518c24d	NR_024901.1	89.304	776	45	33	2	755	766	7	0.0	939
4d1c3e89-ca5b-46ed-a92a-f89c9518c24d	NR_024928.1	89.304	776	45	33	2	755	766	7	0.0	939
4d1c3e89-ca5b-46ed-a92a-f89c9518c24d	NR_156986.1	89.304	776	45	32	2	755	761	2	0.0	939
4d1c3e89-ca5b-46ed-a92a-f89c9518c24d	NR_024927.1	89.175	776	46	32	2	755	766	7	0.0	933
4d1c3e89-ca5b-46ed-a92a-f89c9518c24d	NR_156987.1	89.175	776	46	33	2	755	761	2	0.0	933
a673d6a4-8365-428d-b0e1-db9fee280f55	NR_117694.1	95.814	1266	28	20	1	1253	1258	5	0.0	2021
a673d6a4-8365-428d-b0e1-db9fee280f55	NR_025892.1	94.708	1266	41	22	1	1253	1283	31	0.0	1969
a673d6a4-8365-428d-b0e1-db9fee280f55	NR_121687.1	94.712	1267	40	23	1	1253	1278	25	0.0	1943
a673d6a4-8365-428d-b0e1-db9fee280f55	NR_117692.1	94.243	1268	44	24	1	1253	1258	5	0.0	1910
a673d6a4-8365-428d-b0e1-db9fee280f55	NR_041989.1	95.037	1229	34	22	1	1215	1216	1	0.0	1906
d5719e51-679e-4835-a943-133105117bf4	NR_041799.1	94.530	841	28	13	6	836	631	1463	0.0	1282
d5719e51-679e-4835-a943-133105117bf4	NR_116899.1	94.530	841	28	13	6	836	618	1450	0.0	1282
d5719e51-679e-4835-a943-133105117bf4	NR_117823.1	94.530	841	28	13	6	836	603	1435	0.0	1282
d5719e51-679e-4835-a943-133105117bf4	NR_179889.1	94.530	841	28	13	6	836	658	1490	0.0	1282
d5719e51-679e-4835-a943-133105117bf4	NR_114227.1	94.524	840	28	13	6	835	631	1462	0.0	1280
e46d9933-16e7-48a6-8ef7-7207f395f60e	NR_199513.1	92.507	1388	61	36	3	1360	1468	94	0.0	1947
e46d9933-16e7-48a6-8ef7-7207f395f60e	NR_041953.1	91.921	1411	68	39	3	1383	1441	47	0.0	1932
e46d9933-16e7-48a6-8ef7-7207f395f60e	NR_113600.1	91.597	1428	74	39	3	1400	1441	30	0.0	1932
e46d9933-16e7-48a6-8ef7-7207f395f60e	NR_042541.1	91.603	1429	72	41	3	1400	1441	30	0.0	1930
e46d9933-16e7-48a6-8ef7-7207f395f60e	NR_181891.1	91.603	1429	72	41	3	1400	1464	53	0.0	1930
40045b9b-a319-4c06-8a37-51faf4b80e56	NR_041799.1	96.324	789	20	9	1	784	679	1463	0.0	1288
40045b9b-a319-4c06-8a37-51faf4b80e56	NR_116899.1	96.324	789	20	9	1	784	666	1450	0.0	1288
40045b9b-a319-4c06-8a37-51faf4b80e56	NR_117823.1	96.324	789	20	9	1	784	651	1435	0.0	1288
40045b9b-a319-4c06-8a37-51faf4b80e56	NR_179889.1	96.324	789	20	9	1	784	706	1490	0.0	1288
40045b9b-a319-4c06-8a37-51faf4b80e56	NR_114227.1	96.320	788	20	9	1	783	679	1462	0.0	1286
3928b05b-a8b5-43a4-a053-5f952641696a	NR_104930.1	95.429	350	6	8	1	342	1125	1472	4.45e-156	549
3928b05b-a8b5-43a4-a053-5f952641696a	NR_174301.1	95.376	346	6	8	1	338	1119	1462	7.45e-154	542
3928b05b-a8b5-43a4-a053-5f952641696a	NR_118744.1	94.395	339	9	8	1	331	1143	1479	1.26e-146	518
3928b05b-a8b5-43a4-a053-5f952641696a	NR_116167.1	93.429	350	13	8	1	342	1140	1487	2.10e-144	510
3928b05b-a8b5-43a4-a053-5f952641696a	NR_156997.1	93.103	348	14	8	1	340	1113	1458	1.27e-141	501
bfc1cbcf-a5c0-4bff-8e5c-ed6b387a598b	NR_179889.1	94.940	1324	36	25	3	1310	185	1493	0.0	2045
bfc1cbcf-a5c0-4bff-8e5c-ed6b387a598b	NR_181891.1	94.940	1324	36	25	3	1310	181	1489	0.0	2045
bfc1cbcf-a5c0-4bff-8e5c-ed6b387a598b	NR_041953.1	94.864	1324	37	25	3	1310	158	1466	0.0	2039
bfc1cbcf-a5c0-4bff-8e5c-ed6b387a598b	NR_042541.1	94.864	1324	37	25	3	1310	158	1466	0.0	2039
bfc1cbcf-a5c0-4bff-8e5c-ed6b387a598b	NR_178854.1	94.864	1324	36	26	3	1310	158	1465	0.0	2039
b2fe4c0b-c7ad-49fe-b481-dc2574251df4	NR_117694.1	97.162	740	6	9	7	736	735	1	0.0	1236
b2fe4c0b-c7ad-49fe-b481-dc2574251df4	NR_025892.1	95.315	747	19	10	7	743	760	20	0.0	1192
b2fe4c0b-c7ad-49fe-b481-dc2574251df4	NR_121687.1	95.588	748	16	11	7	743	755	14	0.0	1182
b2fe4c0b-c7ad-49fe-b481-dc2574251df4	NR_117692.1	94.858	739	25	7	7	736	735	1	0.0	1142
b2fe4c0b-c7ad-49fe-b481-dc2574251df4	NR_117717.1	94.385	748	25	12	7	743	756	15	0.0	1133
abc3c28c-4ed5-4512-8e8d-ac26d3213f03	NR_169411.1	97.662	385	6	3	1	382	1087	703	0.0	658
abc3c28c-4ed5-4512-8e8d-ac26d3213f03	NR_178340.1	97.662	385	6	3	1	382	735	351	0.0	658
abc3c28c-4ed5-4512-8e8d-ac26d3213f03	NR_179168.1	97.662	385	6	3	1	382	1090	706	0.0	658
abc3c28c-4ed5-4512-8e8d-ac26d3213f03	NR_179327.1	97.662	385	6	3	1	382	1040	656	0.0	658
abc3c28c-4ed5-4512-8e8d-ac26d3213f03	NR_179480.1	97.662	385	6	3	1	382	1018	634	0.0	658
ba47325d-33d2-43af-afce-d4a2e98e3a7c	NR_024912.1	90.202	347	20	11	1	337	350	8	2.72e-123	440
ba47325d-33d2-43af-afce-d4a2e98e3a7c	NR_025174.1	90.202	347	20	11	1	337	345	3	2.72e-123	440
ba47325d-33d2-43af-afce-d4a2e98e3a7c	NR_028706.1	90.202	347	20	11	1	337	358	16	2.72e-123	440
ba47325d-33d2-43af-afce-d4a2e98e3a7c	NR_037092.1	90.202	347	20	11	1	337	355	13	2.72e-123	440
ba47325d-33d2-43af-afce-d4a2e98e3a7c	NR_042939.1	90.202	347	20	11	1	337	356	14	2.72e-123	440
cbefd006-bdb6-427b-8498-8b7ec25853e0	NR_043314.1	93.918	1266	41	29	58	1299	1263	10	0.0	1879
cbefd006-bdb6-427b-8498-8b7ec25853e0	NR_199512.1	93.908	1264	46	24	58	1300	1272	19	0.0	1879
cbefd006-bdb6-427b-8498-8b7ec25853e0	NR_116651.1	93.740	1262	50	22	58	1299	1265	13	0.0	1868
cbefd006-bdb6-427b-8498-8b7ec25853e0	NR_040859.1	93.676	1265	45	26	58	1299	1257	5	0.0	1860
cbefd006-bdb6-427b-8498-8b7ec25853e0	NR_104278.1	93.676	1265	45	27	58	1299	1257	5	0.0	1860
9f55df5d-e8e4-458a-92f4-c53f16675c20	NR_036936.1	96.846	1078	21	8	21	1093	402	1471	0.0	1790
9f55df5d-e8e4-458a-92f4-c53f16675c20	NR_115735.1	96.762	1081	21	9	21	1096	393	1464	0.0	1790
9f55df5d-e8e4-458a-92f4-c53f16675c20	NR_165737.1	96.846	1078	21	8	21	1093	402	1471	0.0	1790
9f55df5d-e8e4-458a-92f4-c53f16675c20	NR_024842.1	96.673	1082	22	9	21	1097	417	1489	0.0	1788
9f55df5d-e8e4-458a-92f4-c53f16675c20	NR_028664.1	96.676	1083	21	10	21	1097	423	1496	0.0	1786
57f189b2-6374-4cb8-a0bd-b7e3bf22bdfe	NR_113570.1	96.217	1348	29	19	1	1335	152	1490	0.0	2187
57f189b2-6374-4cb8-a0bd-b7e3bf22bdfe	NR_044091.1	97.063	1294	22	14	1	1286	59	1344	0.0	2165
57f189b2-6374-4cb8-a0bd-b7e3bf22bdfe	NR_043332.1	95.843	1347	35	18	1	1335	145	1482	0.0	2163
57f189b2-6374-4cb8-a0bd-b7e3bf22bdfe	NR_074980.1	95.917	1347	34	18	1	1335	172	1509	0.0	2163
57f189b2-6374-4cb8-a0bd-b7e3bf22bdfe	NR_113031.1	95.917	1347	34	18	1	1335	172	1509	0.0	2163
7cbf6d91-35b7-4857-8054-d3fc0c9b6b31	NR_043314.1	96.476	454	8	6	1	453	1035	1481	0.0	743
7cbf6d91-35b7-4857-8054-d3fc0c9b6b31	NR_114749.1	96.476	454	8	6	1	453	1037	1483	0.0	743
7cbf6d91-35b7-4857-8054-d3fc0c9b6b31	NR_116899.1	96.476	454	8	6	1	453	1004	1450	0.0	743
7cbf6d91-35b7-4857-8054-d3fc0c9b6b31	NR_178854.1	96.476	454	8	6	1	453	1016	1462	0.0	743
7cbf6d91-35b7-4857-8054-d3fc0c9b6b31	NR_179889.1	96.476	454	8	6	1	453	1044	1490	0.0	743
32115589-3fed-435a-a9f0-7015fb2bc8f9	NR_029050.1	94.231	624	17	13	1	613	1305	690	0.0	935
32115589-3fed-435a-a9f0-7015fb2bc8f9	NR_041799.1	94.231	624	17	13	1	613	1337	722	0.0	935
32115589-3fed-435a-a9f0-7015fb2bc8f9	NR_114227.1	94.231	624	17	13	1	613	1337	722	0.0	935
32115589-3fed-435a-a9f0-7015fb2bc8f9	NR_114481.1	94.231	624	17	13	1	613	1346	731	0.0	935
32115589-3fed-435a-a9f0-7015fb2bc8f9	NR_117823.1	94.231	624	17	13	1	613	1309	694	0.0	935
6e758789-68fb-4f9d-9591-95b98adcbd77	NR_179365.1	95.561	428	7	10	1	423	451	31	0.0	675
6e758789-68fb-4f9d-9591-95b98adcbd77	NR_024912.1	92.693	479	11	14	1	462	485	14	0.0	669
6e758789-68fb-4f9d-9591-95b98adcbd77	NR_042147.1	92.693	479	11	14	1	462	472	1	0.0	669
6e758789-68fb-4f9d-9591-95b98adcbd77	NR_156986.1	92.693	479	11	14	1	462	480	9	0.0	669
6e758789-68fb-4f9d-9591-95b98adcbd77	NR_178976.1	95.327	428	8	10	1	423	471	51	0.0	669
ee7b77fd-21f3-4e47-8a50-2aa7f7a05442	NR_165737.1	97.241	725	12	5	1	718	748	1471	0.0	1221
ee7b77fd-21f3-4e47-8a50-2aa7f7a05442	NR_036936.1	97.103	725	13	5	1	718	748	1471	0.0	1216
ee7b77fd-21f3-4e47-8a50-2aa7f7a05442	NR_152678.1	96.845	729	15	5	1	722	768	1495	0.0	1212
ee7b77fd-21f3-4e47-8a50-2aa7f7a05442	NR_028664.1	96.433	729	18	5	1	722	769	1496	0.0	1195
ee7b77fd-21f3-4e47-8a50-2aa7f7a05442	NR_179383.1	96.296	729	19	5	1	722	773	1500	0.0	1190
b74b5ab4-a533-419c-b7bb-b915f54f6008	NR_117694.1	96.370	909	19	10	1	903	567	1467	0.0	1483
b74b5ab4-a533-419c-b7bb-b915f54f6008	NR_025902.1	95.930	909	23	11	1	903	545	1445	0.0	1461
b74b5ab4-a533-419c-b7bb-b915f54f6008	NR_121687.1	95.930	909	23	10	1	903	587	1487	0.0	1461
b74b5ab4-a533-419c-b7bb-b915f54f6008	NR_117692.1	95.930	909	23	10	1	903	567	1467	0.0	1461
b74b5ab4-a533-419c-b7bb-b915f54f6008	NR_117696.1	95.710	909	25	11	1	903	554	1454	0.0	1450
7eb86b79-859d-4b9a-ad2b-4bb7d7ee4d05	NR_024912.1	92.788	513	19	14	1	501	520	14	0.0	726
7eb86b79-859d-4b9a-ad2b-4bb7d7ee4d05	NR_042147.1	92.788	513	19	14	1	501	507	1	0.0	726
7eb86b79-859d-4b9a-ad2b-4bb7d7ee4d05	NR_156986.1	92.788	513	19	14	1	501	515	9	0.0	726
7eb86b79-859d-4b9a-ad2b-4bb7d7ee4d05	NR_178976.1	92.773	512	19	14	1	500	506	1	0.0	725
7eb86b79-859d-4b9a-ad2b-4bb7d7ee4d05	NR_113600.1	92.593	513	20	14	1	501	507	1	0.0	723
40626d89-914e-4581-a858-d4db8fa9d583	NR_024901.1	91.759	813	33	28	17	799	814	6	0.0	1099
40626d89-914e-4581-a858-d4db8fa9d583	NR_024928.1	91.759	813	33	28	17	799	814	6	0.0	1099
40626d89-914e-4581-a858-d4db8fa9d583	NR_156986.1	91.759	813	33	28	17	799	809	1	0.0	1099
40626d89-914e-4581-a858-d4db8fa9d583	NR_156987.1	91.636	813	34	28	17	799	809	1	0.0	1094
40626d89-914e-4581-a858-d4db8fa9d583	NR_199514.1	91.636	813	34	28	17	799	821	13	0.0	1094
c6f24bb0-5a0f-457f-a65f-034bc7188ddc	NR_074980.1	90.909	913	31	45	1	888	627	1512	0.0	1179
c6f24bb0-5a0f-457f-a65f-034bc7188ddc	NR_113031.1	90.909	913	31	45	1	888	627	1512	0.0	1179
c6f24bb0-5a0f-457f-a65f-034bc7188ddc	NR_043332.1	90.800	913	32	46	1	888	600	1485	0.0	1173
c6f24bb0-5a0f-457f-a65f-034bc7188ddc	NR_113570.1	91.030	903	30	45	1	879	607	1482	0.0	1171
c6f24bb0-5a0f-457f-a65f-034bc7188ddc	NR_115354.1	90.471	913	35	46	1	888	600	1485	0.0	1157
e8952a25-636a-4067-a1fd-889a38b0e78a	NR_024918.1	92.922	551	17	14	1	544	941	1476	0.0	782
e8952a25-636a-4067-a1fd-889a38b0e78a	NR_043314.1	92.922	551	17	14	1	544	946	1481	0.0	782
e8952a25-636a-4067-a1fd-889a38b0e78a	NR_042147.1	92.922	551	17	14	1	544	928	1463	0.0	782
e8952a25-636a-4067-a1fd-889a38b0e78a	NR_116899.1	92.922	551	17	14	1	544	915	1450	0.0	782
e8952a25-636a-4067-a1fd-889a38b0e78a	NR_164626.1	92.922	551	17	14	1	544	938	1473	0.0	782
52d0aec1-64a1-4db3-86aa-c5179ec53b09	NR_042927.1	91.294	1275	68	37	1	1249	214	1471	0.0	1700
52d0aec1-64a1-4db3-86aa-c5179ec53b09	NR_115734.1	91.294	1275	68	37	1	1249	215	1472	0.0	1700
52d0aec1-64a1-4db3-86aa-c5179ec53b09	NR_179540.1	91.158	1278	71	36	1	1253	232	1492	0.0	1696
52d0aec1-64a1-4db3-86aa-c5179ec53b09	NR_042928.1	91.130	1274	71	36	1	1249	212	1468	0.0	1688
52d0aec1-64a1-4db3-86aa-c5179ec53b09	NR_199547.1	91.193	1249	64	39	1	1222	192	1421	0.0	1655
5e76600d-4ae0-417d-a21a-52e980f7d5dc	NR_199513.1	99.609	256	1	0	5	260	456	711	9.58e-132	468
5e76600d-4ae0-417d-a21a-52e980f7d5dc	NR_041953.1	99.219	256	2	0	5	260	429	684	4.46e-130	462
5e76600d-4ae0-417d-a21a-52e980f7d5dc	NR_152710.1	99.219	256	2	0	5	260	410	665	4.46e-130	462
5e76600d-4ae0-417d-a21a-52e980f7d5dc	NR_178447.1	99.219	256	2	0	5	260	363	618	4.46e-130	462
5e76600d-4ae0-417d-a21a-52e980f7d5dc	NR_181891.1	99.219	256	2	0	5	260	452	707	4.46e-130	462
fdcd00f0-ff5c-4004-8b0c-27bce04063c5	NR_044091.1	92.391	460	19	13	1	451	705	1157	0.0	641
fdcd00f0-ff5c-4004-8b0c-27bce04063c5	NR_042940.1	91.957	460	21	13	1	451	703	1155	2.05e-180	630
fdcd00f0-ff5c-4004-8b0c-27bce04063c5	NR_179325.1	91.739	460	21	14	1	451	765	1216	3.43e-178	623
fdcd00f0-ff5c-4004-8b0c-27bce04063c5	NR_041879.1	91.522	460	23	13	1	451	748	1200	4.44e-177	619
fdcd00f0-ff5c-4004-8b0c-27bce04063c5	NR_041880.1	91.522	460	22	14	1	451	747	1198	1.60e-176	617
73580899-c12f-41a1-8c2a-6e943350e8df	NR_156986.1	92.531	723	25	20	1	708	717	9	0.0	1009
73580899-c12f-41a1-8c2a-6e943350e8df	NR_178976.1	92.521	722	25	20	1	707	708	1	0.0	1007
73580899-c12f-41a1-8c2a-6e943350e8df	NR_113600.1	92.393	723	26	20	1	708	709	1	0.0	1005
73580899-c12f-41a1-8c2a-6e943350e8df	NR_024901.1	92.393	723	26	20	1	708	722	14	0.0	1003
73580899-c12f-41a1-8c2a-6e943350e8df	NR_024912.1	92.393	723	26	20	1	708	722	14	0.0	1003
fa43db28-cc00-49d6-88c7-ab0633e02798	NR_117694.1	94.084	1217	35	30	1	1191	262	1467	0.0	1814
fa43db28-cc00-49d6-88c7-ab0633e02798	NR_121687.1	93.755	1217	39	30	1	1191	282	1487	0.0	1792
fa43db28-cc00-49d6-88c7-ab0633e02798	NR_117692.1	93.519	1219	38	33	1	1191	262	1467	0.0	1775
fa43db28-cc00-49d6-88c7-ab0633e02798	NR_025892.1	93.223	1210	46	29	1	1185	288	1486	0.0	1770
fa43db28-cc00-49d6-88c7-ab0633e02798	NR_025902.1	93.355	1219	40	33	1	1191	240	1445	0.0	1764
862b6165-73a7-467d-8433-b52cafe4ac07	NR_041953.1	92.892	1224	45	33	4	1203	262	1467	0.0	1740
862b6165-73a7-467d-8433-b52cafe4ac07	NR_042541.1	92.892	1224	45	33	4	1203	262	1467	0.0	1740
862b6165-73a7-467d-8433-b52cafe4ac07	NR_179889.1	92.810	1224	46	33	4	1203	289	1494	0.0	1735
862b6165-73a7-467d-8433-b52cafe4ac07	NR_178447.1	92.729	1224	47	34	4	1203	196	1401	0.0	1729
862b6165-73a7-467d-8433-b52cafe4ac07	NR_181891.1	92.729	1224	47	34	4	1203	285	1490	0.0	1729
387e2de6-c525-4a9e-8758-bd62abc6df8a	NR_156986.1	95.000	660	13	16	1	645	667	13	0.0	1018
387e2de6-c525-4a9e-8758-bd62abc6df8a	NR_178976.1	95.000	660	13	16	1	645	658	4	0.0	1018
387e2de6-c525-4a9e-8758-bd62abc6df8a	NR_113600.1	94.848	660	14	16	1	645	659	5	0.0	1014
387e2de6-c525-4a9e-8758-bd62abc6df8a	NR_024901.1	94.848	660	14	16	1	645	672	18	0.0	1013
387e2de6-c525-4a9e-8758-bd62abc6df8a	NR_024912.1	94.848	660	14	16	1	645	672	18	0.0	1013
889ce931-5d8f-49a1-9925-c85c68ea0b4c	NR_024928.1	95.499	1444	36	25	13	1442	51	1479	0.0	2281
889ce931-5d8f-49a1-9925-c85c68ea0b4c	NR_113600.1	95.556	1440	35	25	13	1438	38	1462	0.0	2279
889ce931-5d8f-49a1-9925-c85c68ea0b4c	NR_024901.1	95.429	1444	37	25	13	1442	51	1479	0.0	2274
889ce931-5d8f-49a1-9925-c85c68ea0b4c	NR_114225.1	95.486	1440	36	25	13	1438	38	1462	0.0	2274
889ce931-5d8f-49a1-9925-c85c68ea0b4c	NR_199513.1	95.426	1443	39	23	13	1442	65	1493	0.0	2274
9522c9d7-8ec0-4b88-85a3-769a7be45cfc	NR_025903.1	89.655	464	23	19	3	457	455	8	1.66e-161	568
9522c9d7-8ec0-4b88-85a3-769a7be45cfc	NR_133753.1	90.291	412	19	16	3	405	409	10	4.71e-147	520
9522c9d7-8ec0-4b88-85a3-769a7be45cfc	NR_026419.1	87.118	458	33	20	4	451	442	1	7.94e-140	496
9522c9d7-8ec0-4b88-85a3-769a7be45cfc	NR_025904.1	86.928	459	33	21	9	457	448	7	3.70e-138	490
9522c9d7-8ec0-4b88-85a3-769a7be45cfc	NR_133752.1	90.691	376	16	14	6	372	377	12	6.19e-136	483
0d66d1b4-089e-4455-b885-448406000564	NR_116168.1	94.521	511	16	12	4	507	982	1487	0.0	778
0d66d1b4-089e-4455-b885-448406000564	NR_118762.1	94.059	505	18	12	4	501	984	1483	0.0	760
0d66d1b4-089e-4455-b885-448406000564	NR_024897.1	94.468	470	17	9	43	507	1021	1486	0.0	715
0d66d1b4-089e-4455-b885-448406000564	NR_025423.1	92.126	508	28	12	4	504	966	1468	0.0	706
0d66d1b4-089e-4455-b885-448406000564	NR_181418.1	94.043	470	19	9	43	507	1021	1486	0.0	704
5278ff5a-9eed-47ff-9fb5-369348aaeb36	NR_164626.1	97.964	393	2	6	8	395	393	2	0.0	676
5278ff5a-9eed-47ff-9fb5-369348aaeb36	NR_024912.1	97.959	392	2	6	8	394	396	6	0.0	675
5278ff5a-9eed-47ff-9fb5-369348aaeb36	NR_028706.1	97.959	392	2	6	8	394	404	14	0.0	675
5278ff5a-9eed-47ff-9fb5-369348aaeb36	NR_042939.1	97.959	392	2	6	8	394	402	12	0.0	675
5278ff5a-9eed-47ff-9fb5-369348aaeb36	NR_114473.1	97.959	392	2	6	8	394	391	1	0.0	675
22f71790-609c-4de9-8493-c468b9220ff4	NR_114413.1	93.417	714	27	18	1	709	716	18	0.0	1040
22f71790-609c-4de9-8493-c468b9220ff4	NR_042927.1	93.362	708	27	18	1	703	693	1	0.0	1029
22f71790-609c-4de9-8493-c468b9220ff4	NR_115734.1	93.079	708	29	18	1	703	694	2	0.0	1022
22f71790-609c-4de9-8493-c468b9220ff4	NR_028664.1	92.157	714	34	20	1	709	714	18	0.0	989
22f71790-609c-4de9-8493-c468b9220ff4	NR_199545.1	92.157	714	34	20	1	709	711	15	0.0	989
fa5dd4e4-e098-4f63-94a5-7bd521edd208	NR_117694.1	90.617	810	43	28	5	794	47	843	0.0	1044
fa5dd4e4-e098-4f63-94a5-7bd521edd208	NR_025892.1	89.370	809	54	27	5	794	73	868	0.0	1009
fa5dd4e4-e098-4f63-94a5-7bd521edd208	NR_041989.1	89.519	811	50	30	5	794	5	801	0.0	994
fa5dd4e4-e098-4f63-94a5-7bd521edd208	NR_121687.1	90.873	756	41	26	55	794	120	863	0.0	989
fa5dd4e4-e098-4f63-94a5-7bd521edd208	NR_041988.1	90.344	756	45	26	55	794	58	801	0.0	966
2b739bb3-251c-4cd4-b9f5-4f0bbad60447	NR_117694.1	90.696	1322	63	52	13	1297	1317	19	0.0	1705
2b739bb3-251c-4cd4-b9f5-4f0bbad60447	NR_121687.1	90.325	1323	66	53	13	1297	1337	39	0.0	1677
2b739bb3-251c-4cd4-b9f5-4f0bbad60447	NR_025892.1	89.553	1321	79	50	13	1297	1342	45	0.0	1646
2b739bb3-251c-4cd4-b9f5-4f0bbad60447	NR_041989.1	89.992	1299	68	54	13	1273	1275	1	0.0	1622
2b739bb3-251c-4cd4-b9f5-4f0bbad60447	NR_041988.1	89.684	1299	72	53	13	1273	1275	1	0.0	1600
3f6798d8-d30c-4af6-90c4-2396c044a6ee	NR_029050.1	94.489	744	21	16	13	748	1301	570	0.0	1129
3f6798d8-d30c-4af6-90c4-2396c044a6ee	NR_116899.1	94.482	743	23	14	13	748	1320	589	0.0	1129
3f6798d8-d30c-4af6-90c4-2396c044a6ee	NR_180743.1	94.482	743	23	14	13	748	1334	603	0.0	1129
3f6798d8-d30c-4af6-90c4-2396c044a6ee	NR_181891.1	94.482	743	23	14	13	748	1356	625	0.0	1129
3f6798d8-d30c-4af6-90c4-2396c044a6ee	NR_118155.1	94.587	739	22	14	13	744	1356	629	0.0	1127
6a82b4ab-b3ae-449c-9c28-33737e09f154	NR_178515.1	95.894	682	16	11	1	675	681	5	0.0	1094
6a82b4ab-b3ae-449c-9c28-33737e09f154	NR_165737.1	95.601	682	18	11	1	675	681	5	0.0	1083
6a82b4ab-b3ae-449c-9c28-33737e09f154	NR_114413.1	93.813	695	29	12	1	688	704	17	0.0	1033
6a82b4ab-b3ae-449c-9c28-33737e09f154	NR_042927.1	94.135	682	28	11	1	675	681	5	0.0	1027
6a82b4ab-b3ae-449c-9c28-33737e09f154	NR_115734.1	94.092	677	28	11	1	670	682	11	0.0	1020
6f18a0a9-26dc-4135-8fb1-5187b463f282	NR_041953.1	92.161	893	46	20	1	874	1198	311	0.0	1240
6f18a0a9-26dc-4135-8fb1-5187b463f282	NR_178447.1	92.161	893	46	20	1	874	1132	245	0.0	1240
6f18a0a9-26dc-4135-8fb1-5187b463f282	NR_181014.1	92.161	893	46	20	1	874	1198	311	0.0	1240
6f18a0a9-26dc-4135-8fb1-5187b463f282	NR_042541.1	92.049	893	47	20	1	874	1198	311	0.0	1234
6f18a0a9-26dc-4135-8fb1-5187b463f282	NR_179889.1	92.049	893	47	20	1	874	1225	338	0.0	1234
5bcc6a93-6831-458b-8bb3-5a069b218f29	NR_199513.1	92.441	979	33	23	134	1079	994	24	0.0	1360
5bcc6a93-6831-458b-8bb3-5a069b218f29	NR_199512.1	88.774	1158	42	41	1	1079	1172	24	0.0	1338
5bcc6a93-6831-458b-8bb3-5a069b218f29	NR_041953.1	88.841	1156	37	41	1	1075	1145	1	0.0	1336
5bcc6a93-6831-458b-8bb3-5a069b218f29	NR_181891.1	88.678	1157	45	37	1	1079	1168	20	0.0	1332
5bcc6a93-6831-458b-8bb3-5a069b218f29	NR_040859.1	88.630	1161	38	45	1	1079	1157	9	0.0	1327
ac07b149-628b-495b-acc6-bb7bf62e5200	NR_041989.1	92.178	473	17	19	10	474	461	1	0.0	651
ac07b149-628b-495b-acc6-bb7bf62e5200	NR_117694.1	90.854	492	23	21	10	492	503	25	0.0	640
ac07b149-628b-495b-acc6-bb7bf62e5200	NR_025892.1	89.206	491	31	21	11	492	528	51	5.23e-172	603
ac07b149-628b-495b-acc6-bb7bf62e5200	NR_117692.1	89.409	491	32	19	10	492	503	25	1.88e-171	601
ac07b149-628b-495b-acc6-bb7bf62e5200	NR_025902.1	89.228	492	32	20	10	492	481	2	8.75e-170	595
ba017f1b-33e1-4a26-9aa9-75d15484c1b6	NR_025862.1	89.267	1351	70	53	14	1308	1343	12	0.0	1633
ba017f1b-33e1-4a26-9aa9-75d15484c1b6	NR_028682.1	88.109	1354	79	60	14	1307	1344	13	0.0	1533
ba017f1b-33e1-4a26-9aa9-75d15484c1b6	NR_116890.1	86.105	1353	100	60	14	1299	1332	1	0.0	1376
ba017f1b-33e1-4a26-9aa9-75d15484c1b6	NR_044706.2	85.251	1356	119	59	14	1307	1356	20	0.0	1354
ba017f1b-33e1-4a26-9aa9-75d15484c1b6	NR_036895.1	85.588	1360	112	56	14	1307	1353	12	0.0	1349
e825a631-91cf-4a7b-b920-95b2bd266e7d	NR_156986.1	88.489	973	51	49	5	935	959	6	0.0	1120
e825a631-91cf-4a7b-b920-95b2bd266e7d	NR_156987.1	88.386	973	52	49	5	935	959	6	0.0	1114
e825a631-91cf-4a7b-b920-95b2bd266e7d	NR_199514.1	88.386	973	52	49	5	935	971	18	0.0	1114
e825a631-91cf-4a7b-b920-95b2bd266e7d	NR_178976.1	88.442	969	51	49	5	931	950	1	0.0	1112
e825a631-91cf-4a7b-b920-95b2bd266e7d	NR_113600.1	88.351	970	52	49	5	932	951	1	0.0	1110
8999ad34-062e-42bb-a72a-5f5a1487f5b2	NR_041799.1	90.819	403	22	13	1	389	1066	1467	8.48e-149	525
8999ad34-062e-42bb-a72a-5f5a1487f5b2	NR_042541.1	90.819	403	22	13	1	389	1066	1467	8.48e-149	525
8999ad34-062e-42bb-a72a-5f5a1487f5b2	NR_043935.1	90.819	403	22	13	1	389	1087	1488	8.48e-149	525
8999ad34-062e-42bb-a72a-5f5a1487f5b2	NR_117823.1	90.819	403	22	13	1	389	1038	1439	8.48e-149	525
8999ad34-062e-42bb-a72a-5f5a1487f5b2	NR_024928.1	90.571	403	23	13	1	389	1079	1480	1.10e-147	521
1cf6cf1a-a465-4a8d-9551-1652b2a03d49	NR_117694.1	97.126	835	13	7	7	836	644	1472	0.0	1399
1cf6cf1a-a465-4a8d-9551-1652b2a03d49	NR_117692.1	96.659	838	17	7	4	836	641	1472	0.0	1382
1cf6cf1a-a465-4a8d-9551-1652b2a03d49	NR_121687.1	96.647	835	17	7	7	836	664	1492	0.0	1376
1cf6cf1a-a465-4a8d-9551-1652b2a03d49	NR_025892.1	96.845	824	15	7	7	825	669	1486	0.0	1373
1cf6cf1a-a465-4a8d-9551-1652b2a03d49	NR_025902.1	96.420	838	19	7	4	836	619	1450	0.0	1371
0f32e5a5-4f7c-4401-a519-f41f9d15cec9	NR_043314.1	93.632	424	13	7	5	425	1069	1481	1.16e-177	621
0f32e5a5-4f7c-4401-a519-f41f9d15cec9	NR_114749.1	93.632	424	13	7	5	425	1071	1483	1.16e-177	621
0f32e5a5-4f7c-4401-a519-f41f9d15cec9	NR_116899.1	93.632	424	13	7	5	425	1038	1450	1.16e-177	621
0f32e5a5-4f7c-4401-a519-f41f9d15cec9	NR_178854.1	93.632	424	13	7	5	425	1050	1462	1.16e-177	621
0f32e5a5-4f7c-4401-a519-f41f9d15cec9	NR_179889.1	93.632	424	13	7	5	425	1078	1490	1.16e-177	621
56e73e68-b729-4722-9c07-e3d9b66c0de6	NR_028664.1	94.113	1240	36	28	1	1212	271	1501	0.0	1851
56e73e68-b729-4722-9c07-e3d9b66c0de6	NR_115240.1	94.309	1230	33	28	1	1202	248	1468	0.0	1849
56e73e68-b729-4722-9c07-e3d9b66c0de6	NR_179383.1	94.032	1240	37	28	1	1212	275	1505	0.0	1845
56e73e68-b729-4722-9c07-e3d9b66c0de6	NR_175455.1	94.223	1229	34	28	1	1201	256	1475	0.0	1842
56e73e68-b729-4722-9c07-e3d9b66c0de6	NR_165744.1	93.984	1230	36	29	1	1202	257	1476	0.0	1827
9d35b2df-a99f-46f7-ab15-d8654658c3b3	NR_156986.1	97.328	711	9	10	8	712	714	8	0.0	1199
9d35b2df-a99f-46f7-ab15-d8654658c3b3	NR_024901.1	96.940	719	11	11	1	712	727	13	0.0	1195
9d35b2df-a99f-46f7-ab15-d8654658c3b3	NR_024928.1	96.940	719	11	11	1	712	727	13	0.0	1195
9d35b2df-a99f-46f7-ab15-d8654658c3b3	NR_178976.1	97.320	709	9	10	8	710	705	1	0.0	1195
9d35b2df-a99f-46f7-ab15-d8654658c3b3	NR_024912.1	97.187	711	10	10	8	712	719	13	0.0	1194
9103e069-c81a-46d2-85fa-768cc4f38ffa	NR_116899.1	96.646	984	19	13	7	982	476	1453	0.0	1622
9103e069-c81a-46d2-85fa-768cc4f38ffa	NR_179889.1	96.646	984	19	13	7	982	516	1493	0.0	1622
9103e069-c81a-46d2-85fa-768cc4f38ffa	NR_199515.1	96.646	984	19	13	7	982	518	1495	0.0	1622
9103e069-c81a-46d2-85fa-768cc4f38ffa	NR_024918.1	96.545	984	20	13	7	982	502	1479	0.0	1616
9103e069-c81a-46d2-85fa-768cc4f38ffa	NR_041799.1	96.548	985	18	15	7	982	489	1466	0.0	1616
f467b20a-f19b-4da0-9ed2-d5ce19c0112b	NR_024928.1	94.032	1441	48	30	1	1422	1484	63	0.0	2152
f467b20a-f19b-4da0-9ed2-d5ce19c0112b	NR_199513.1	94.019	1438	50	28	1	1420	1498	79	0.0	2146
f467b20a-f19b-4da0-9ed2-d5ce19c0112b	NR_024901.1	93.963	1441	49	30	1	1422	1484	63	0.0	2145
f467b20a-f19b-4da0-9ed2-d5ce19c0112b	NR_042147.1	93.963	1441	49	30	1	1422	1471	50	0.0	2145
f467b20a-f19b-4da0-9ed2-d5ce19c0112b	NR_024912.1	93.902	1443	46	34	1	1422	1484	63	0.0	2139
