8bb61e8e-39c5-43a9-85da-47f17578c384	NR_117694.1	91.003	289	10	12	1	278	284	1	6.64e-104	375
8bb61e8e-39c5-43a9-85da-47f17578c384	NR_025892.1	89.965	289	13	13	1	278	310	27	1.86e-99	361
8bb61e8e-39c5-43a9-85da-47f17578c384	NR_117692.1	89.619	289	14	10	1	278	284	1	3.11e-97	353
8bb61e8e-39c5-43a9-85da-47f17578c384	NR_121687.1	88.235	289	18	12	1	278	304	21	1.46e-90	331
8bb61e8e-39c5-43a9-85da-47f17578c384	NR_117717.1	87.889	289	19	12	1	278	305	22	6.78e-89	326
bf287f8b-f829-447f-8297-e3d953d73a46	NR_042778.1	91.800	439	25	9	3	433	458	23	1.55e-171	601
bf287f8b-f829-447f-8297-e3d953d73a46	NR_042776.1	91.610	441	26	9	1	433	460	23	5.56e-171	599
bf287f8b-f829-447f-8297-e3d953d73a46	NR_042777.1	91.156	441	28	9	1	433	460	23	1.20e-167	588
bf287f8b-f829-447f-8297-e3d953d73a46	NR_197695.1	90.930	441	29	9	1	433	459	22	5.60e-166	582
bf287f8b-f829-447f-8297-e3d953d73a46	NR_118998.1	90.888	439	29	9	3	433	453	18	2.01e-165	580
56445f28-5365-423d-945e-44572db588d1	NR_044777.1	91.150	1017	49	34	1	987	424	1429	0.0	1343
56445f28-5365-423d-945e-44572db588d1	NR_119228.1	90.980	1020	51	34	1	990	409	1417	0.0	1336
56445f28-5365-423d-945e-44572db588d1	NR_113368.1	90.583	1030	56	34	1	1000	446	1464	0.0	1327
56445f28-5365-423d-945e-44572db588d1	NR_026094.1	90.579	1019	55	34	1	989	446	1453	0.0	1312
56445f28-5365-423d-945e-44572db588d1	NR_199446.1	85.054	1017	107	39	17	1000	467	1471	0.0	994
eed90ca3-08c2-4f55-bc7c-c142326da0f3	NR_164626.1	89.109	303	18	10	4	298	296	1	5.28e-100	363
eed90ca3-08c2-4f55-bc7c-c142326da0f3	NR_024909.1	89.037	301	18	10	4	296	299	6	6.83e-99	359
eed90ca3-08c2-4f55-bc7c-c142326da0f3	NR_024912.1	89.037	301	18	10	4	296	299	6	6.83e-99	359
eed90ca3-08c2-4f55-bc7c-c142326da0f3	NR_028706.1	89.037	301	18	10	4	296	307	14	6.83e-99	359
eed90ca3-08c2-4f55-bc7c-c142326da0f3	NR_037092.1	89.037	301	18	10	4	296	304	11	6.83e-99	359
9e590c5f-9b10-4b9b-acd7-4d6983567504	NR_116168.1	91.412	524	23	17	1	509	542	26	0.0	699
9e590c5f-9b10-4b9b-acd7-4d6983567504	NR_042878.1	90.840	524	26	17	1	509	521	5	0.0	689
9e590c5f-9b10-4b9b-acd7-4d6983567504	NR_118762.1	89.635	521	32	17	1	506	545	32	0.0	662
9e590c5f-9b10-4b9b-acd7-4d6983567504	NR_025423.1	89.924	526	29	19	1	509	526	8	0.0	656
9e590c5f-9b10-4b9b-acd7-4d6983567504	NR_118143.1	88.783	526	35	19	1	509	523	5	1.12e-178	625
d2a90561-df4b-4f0c-af88-4ea2e393ad65	NR_179540.1	93.053	619	19	19	10	614	91	699	0.0	883
d2a90561-df4b-4f0c-af88-4ea2e393ad65	NR_118234.1	92.569	619	22	19	10	614	90	698	0.0	867
d2a90561-df4b-4f0c-af88-4ea2e393ad65	NR_042771.1	92.407	619	23	20	10	614	91	699	0.0	861
d2a90561-df4b-4f0c-af88-4ea2e393ad65	NR_115274.1	92.407	619	23	20	10	614	71	679	0.0	861
d2a90561-df4b-4f0c-af88-4ea2e393ad65	NR_116204.1	92.508	614	23	19	14	614	1	604	0.0	857
a1e0d56a-c5cd-4be0-9b27-bdb83d62b27e	NR_024912.1	93.285	551	25	11	2	542	31	579	0.0	802
a1e0d56a-c5cd-4be0-9b27-bdb83d62b27e	NR_042147.1	93.285	551	25	11	2	542	18	566	0.0	802
a1e0d56a-c5cd-4be0-9b27-bdb83d62b27e	NR_156986.1	93.285	551	25	11	2	542	26	574	0.0	802
a1e0d56a-c5cd-4be0-9b27-bdb83d62b27e	NR_178976.1	93.285	551	25	11	2	542	17	565	0.0	802
a1e0d56a-c5cd-4be0-9b27-bdb83d62b27e	NR_113600.1	93.103	551	26	11	2	542	18	566	0.0	798
f125b996-97ff-4b98-bcf7-332fd60cb865	NR_199513.1	92.119	1383	62	41	9	1374	138	1490	0.0	1906
f125b996-97ff-4b98-bcf7-332fd60cb865	NR_113600.1	92.041	1382	63	41	9	1373	111	1462	0.0	1901
f125b996-97ff-4b98-bcf7-332fd60cb865	NR_024928.1	91.974	1383	64	41	9	1374	124	1476	0.0	1897
f125b996-97ff-4b98-bcf7-332fd60cb865	NR_114225.1	91.968	1382	64	41	9	1373	111	1462	0.0	1895
f125b996-97ff-4b98-bcf7-332fd60cb865	NR_024901.1	91.902	1383	65	41	9	1374	124	1476	0.0	1890
