9cfb28be-2a20-4cb2-8f1a-e00080e2791f	NR_116992.1	88.212	1247	86	48	66	1284	146	1359	0.0	1432
9cfb28be-2a20-4cb2-8f1a-e00080e2791f	NR_169334.1	87.959	1254	88	50	61	1284	193	1413	0.0	1421
9cfb28be-2a20-4cb2-8f1a-e00080e2791f	NR_113578.1	86.053	1391	107	64	13	1355	111	1462	0.0	1417
9cfb28be-2a20-4cb2-8f1a-e00080e2791f	NR_043421.1	87.410	1255	92	53	61	1284	189	1408	0.0	1386
9cfb28be-2a20-4cb2-8f1a-e00080e2791f	NR_113649.1	87.092	1255	97	53	61	1284	171	1391	0.0	1384
d155124d-7fe9-464f-be3f-c9a1deef92a5	NR_156986.1	90.182	1375	47	44	27	1339	1349	1	0.0	1711
d155124d-7fe9-464f-be3f-c9a1deef92a5	NR_199513.1	90.051	1377	49	43	27	1341	1368	18	0.0	1703
d155124d-7fe9-464f-be3f-c9a1deef92a5	NR_178976.1	90.117	1366	47	44	27	1330	1340	1	0.0	1696
d155124d-7fe9-464f-be3f-c9a1deef92a5	NR_113600.1	90.051	1367	48	44	27	1331	1341	1	0.0	1692
d155124d-7fe9-464f-be3f-c9a1deef92a5	NR_041953.1	89.343	1370	52	48	27	1331	1341	1	0.0	1635
56903363-6e84-44d3-af40-9a371b35724b	NR_024912.1	96.629	623	13	8	13	628	627	6	0.0	1027
56903363-6e84-44d3-af40-9a371b35724b	NR_156986.1	96.629	623	13	8	13	628	622	1	0.0	1027
56903363-6e84-44d3-af40-9a371b35724b	NR_024901.1	96.469	623	14	8	13	628	627	6	0.0	1022
56903363-6e84-44d3-af40-9a371b35724b	NR_024928.1	96.469	623	14	8	13	628	627	6	0.0	1022
56903363-6e84-44d3-af40-9a371b35724b	NR_156987.1	96.469	623	14	8	13	628	622	1	0.0	1022
730e4d13-5f95-4bc0-b51c-b5a9d5c57cf9	NR_026419.1	95.431	963	25	10	1	950	117	1073	0.0	1517
730e4d13-5f95-4bc0-b51c-b5a9d5c57cf9	NR_133753.1	94.496	963	33	11	1	950	84	1039	0.0	1467
730e4d13-5f95-4bc0-b51c-b5a9d5c57cf9	NR_025903.1	94.496	963	33	11	1	950	130	1085	0.0	1467
730e4d13-5f95-4bc0-b51c-b5a9d5c57cf9	NR_133752.1	94.393	963	34	11	1	950	55	1010	0.0	1461
730e4d13-5f95-4bc0-b51c-b5a9d5c57cf9	NR_025904.1	93.782	965	36	14	1	950	129	1084	0.0	1428
98ed9088-067b-4656-89a3-5428913b2628	NR_156986.1	95.876	679	9	12	1	672	667	1	0.0	1081
98ed9088-067b-4656-89a3-5428913b2628	NR_024901.1	95.729	679	10	12	1	672	672	6	0.0	1075
98ed9088-067b-4656-89a3-5428913b2628	NR_024912.1	95.729	679	10	12	1	672	672	6	0.0	1075
98ed9088-067b-4656-89a3-5428913b2628	NR_024928.1	95.729	679	10	12	1	672	672	6	0.0	1075
98ed9088-067b-4656-89a3-5428913b2628	NR_156987.1	95.729	679	10	12	1	672	667	1	0.0	1075
01866466-4257-43ed-aabb-fd07e4c52fa9	NR_041953.1	96.621	1302	33	9	3	1295	169	1468	0.0	2150
01866466-4257-43ed-aabb-fd07e4c52fa9	NR_042541.1	96.621	1302	33	9	3	1295	169	1468	0.0	2150
01866466-4257-43ed-aabb-fd07e4c52fa9	NR_179889.1	96.544	1302	34	9	3	1295	196	1495	0.0	2145
01866466-4257-43ed-aabb-fd07e4c52fa9	NR_181891.1	96.544	1302	34	9	3	1295	192	1491	0.0	2145
01866466-4257-43ed-aabb-fd07e4c52fa9	NR_178854.1	96.467	1302	34	10	3	1295	169	1467	0.0	2139
9917b3da-d2f9-4665-bf1d-b149b8bda731	NR_117694.1	96.954	394	8	3	5	394	498	105	0.0	658
9917b3da-d2f9-4665-bf1d-b149b8bda731	NR_025892.1	95.685	394	13	3	5	394	524	131	0.0	640
9917b3da-d2f9-4665-bf1d-b149b8bda731	NR_041989.1	94.684	395	15	5	5	394	456	63	8.41e-174	608
9917b3da-d2f9-4665-bf1d-b149b8bda731	NR_121687.1	94.177	395	17	5	5	394	518	125	1.82e-170	597
9917b3da-d2f9-4665-bf1d-b149b8bda731	NR_104946.1	94.192	396	15	7	5	394	461	68	1.82e-170	597
3cc0fea2-3b5f-4e68-9a58-76410dcca0eb	NR_156986.1	91.964	672	18	20	1	651	658	2	0.0	909
3cc0fea2-3b5f-4e68-9a58-76410dcca0eb	NR_024901.1	91.815	672	19	20	1	651	663	7	0.0	904
3cc0fea2-3b5f-4e68-9a58-76410dcca0eb	NR_024912.1	91.815	672	19	20	1	651	663	7	0.0	904
3cc0fea2-3b5f-4e68-9a58-76410dcca0eb	NR_024928.1	91.815	672	19	20	1	651	663	7	0.0	904
3cc0fea2-3b5f-4e68-9a58-76410dcca0eb	NR_156987.1	91.815	672	19	20	1	651	658	2	0.0	904
1401e6a8-8962-4aa5-a272-edc0fb64a418	NR_024912.1	93.226	620	20	18	1	602	626	11	0.0	893
1401e6a8-8962-4aa5-a272-edc0fb64a418	NR_156986.1	93.226	620	20	18	1	602	621	6	0.0	893
1401e6a8-8962-4aa5-a272-edc0fb64a418	NR_037092.1	93.215	619	21	17	1	602	630	16	0.0	891
1401e6a8-8962-4aa5-a272-edc0fb64a418	NR_024901.1	93.065	620	21	18	1	602	626	11	0.0	887
1401e6a8-8962-4aa5-a272-edc0fb64a418	NR_024928.1	93.065	620	21	18	1	602	626	11	0.0	887
2999005f-cbe8-4b61-89b7-fb5f799a5bd1	NR_117694.1	95.880	1432	31	23	13	1425	45	1467	0.0	2292
2999005f-cbe8-4b61-89b7-fb5f799a5bd1	NR_121687.1	95.045	1433	41	24	13	1425	65	1487	0.0	2226
2999005f-cbe8-4b61-89b7-fb5f799a5bd1	NR_025892.1	94.670	1426	47	23	13	1419	71	1486	0.0	2211
2999005f-cbe8-4b61-89b7-fb5f799a5bd1	NR_117692.1	94.693	1432	48	24	13	1425	45	1467	0.0	2198
2999005f-cbe8-4b61-89b7-fb5f799a5bd1	NR_025902.1	94.487	1433	50	25	13	1425	22	1445	0.0	2182
6c420499-6b1e-48e5-b430-daa83f0578f4	NR_156986.1	97.475	713	7	9	4	712	714	9	0.0	1206
6c420499-6b1e-48e5-b430-daa83f0578f4	NR_178976.1	97.472	712	7	9	4	711	705	1	0.0	1205
6c420499-6b1e-48e5-b430-daa83f0578f4	NR_113600.1	97.335	713	8	9	4	712	706	1	0.0	1203
6c420499-6b1e-48e5-b430-daa83f0578f4	NR_024901.1	97.335	713	8	9	4	712	719	14	0.0	1201
6c420499-6b1e-48e5-b430-daa83f0578f4	NR_024912.1	97.335	713	8	9	4	712	719	14	0.0	1201
49b30390-7fde-4c23-b609-e86731db5511	NR_125570.1	97.479	1190	19	8	1	1181	208	1395	0.0	2021
49b30390-7fde-4c23-b609-e86731db5511	NR_029097.1	98.084	1148	13	6	1	1141	226	1371	0.0	1989
49b30390-7fde-4c23-b609-e86731db5511	NR_125571.1	96.723	1190	27	9	1	1181	250	1436	0.0	1971
49b30390-7fde-4c23-b609-e86731db5511	NR_042832.1	91.363	1181	80	16	1	1164	265	1440	0.0	1598
49b30390-7fde-4c23-b609-e86731db5511	NR_025127.1	92.018	1140	72	15	1	1127	280	1413	0.0	1583
4f66d550-d888-46c2-889c-2b5467c8d633	NR_199515.1	96.519	948	21	12	1	943	532	1472	0.0	1557
4f66d550-d888-46c2-889c-2b5467c8d633	NR_024918.1	96.414	948	22	12	1	943	516	1456	0.0	1552
4f66d550-d888-46c2-889c-2b5467c8d633	NR_041953.1	96.414	948	22	12	1	943	503	1443	0.0	1552
4f66d550-d888-46c2-889c-2b5467c8d633	NR_042541.1	96.414	948	22	12	1	943	503	1443	0.0	1552
4f66d550-d888-46c2-889c-2b5467c8d633	NR_029042.2	96.414	948	22	12	1	943	523	1463	0.0	1552
110622dc-c623-41e9-90ac-817b30adf311	NR_156986.1	94.901	1059	34	18	5	1047	1076	22	0.0	1639
110622dc-c623-41e9-90ac-817b30adf311	NR_178976.1	94.901	1059	34	18	5	1047	1067	13	0.0	1639
110622dc-c623-41e9-90ac-817b30adf311	NR_113600.1	94.806	1059	35	18	5	1047	1068	14	0.0	1635
110622dc-c623-41e9-90ac-817b30adf311	NR_156987.1	94.806	1059	35	18	5	1047	1076	22	0.0	1633
110622dc-c623-41e9-90ac-817b30adf311	NR_199514.1	94.806	1059	35	18	5	1047	1088	34	0.0	1633
259bc5e3-be1c-4cfa-b147-453ed8985c31	NR_156986.1	92.581	930	40	24	2	909	923	1	0.0	1308
259bc5e3-be1c-4cfa-b147-453ed8985c31	NR_156987.1	92.473	930	41	24	2	909	923	1	0.0	1303
259bc5e3-be1c-4cfa-b147-453ed8985c31	NR_199514.1	92.473	930	41	24	2	909	935	13	0.0	1303
259bc5e3-be1c-4cfa-b147-453ed8985c31	NR_024901.1	92.366	930	42	24	2	909	928	6	0.0	1297
259bc5e3-be1c-4cfa-b147-453ed8985c31	NR_024928.1	92.366	930	42	24	2	909	928	6	0.0	1297
f5056f2d-6fe8-4cd2-ba32-684566cd8220	NR_125571.1	96.328	354	8	4	1	351	352	1	1.66e-165	580
f5056f2d-6fe8-4cd2-ba32-684566cd8220	NR_125570.1	96.795	312	5	4	1	309	310	1	4.74e-146	516
f5056f2d-6fe8-4cd2-ba32-684566cd8220	NR_029097.1	94.242	330	14	4	1	327	328	1	4.78e-141	499
f5056f2d-6fe8-4cd2-ba32-684566cd8220	NR_159147.1	84.469	367	48	9	1	361	372	9	3.93e-97	353
f5056f2d-6fe8-4cd2-ba32-684566cd8220	NR_028740.1	84.469	367	45	11	1	361	376	16	1.41e-96	351
0e383b59-72cf-44e8-beac-ba3a45ee0690	NR_117694.1	96.240	1383	27	17	1	1368	95	1467	0.0	2242
0e383b59-72cf-44e8-beac-ba3a45ee0690	NR_025892.1	95.207	1377	40	18	1	1362	121	1486	0.0	2178
0e383b59-72cf-44e8-beac-ba3a45ee0690	NR_121687.1	95.155	1383	42	17	1	1368	115	1487	0.0	2159
0e383b59-72cf-44e8-beac-ba3a45ee0690	NR_117692.1	95.090	1385	39	20	1	1368	95	1467	0.0	2154
0e383b59-72cf-44e8-beac-ba3a45ee0690	NR_104946.1	95.249	1368	38	19	1	1352	58	1414	0.0	2141
1ab4cd0e-f856-412d-b7d3-256b773e2629	NR_074980.1	94.865	1071	28	23	1	1055	1072	13	0.0	1648
1ab4cd0e-f856-412d-b7d3-256b773e2629	NR_113031.1	94.865	1071	28	23	1	1055	1072	13	0.0	1648
1ab4cd0e-f856-412d-b7d3-256b773e2629	NR_119168.1	94.910	1061	27	23	1	1045	1050	1	0.0	1639
1ab4cd0e-f856-412d-b7d3-256b773e2629	NR_113570.1	94.732	1063	28	24	1	1046	1052	1	0.0	1628
1ab4cd0e-f856-412d-b7d3-256b773e2629	NR_117759.1	94.712	1059	29	23	1	1043	1048	1	0.0	1624
e28a5efb-1d55-4bf5-91ac-45b622725126	NR_117694.1	97.880	566	4	7	123	683	567	5	0.0	972
e28a5efb-1d55-4bf5-91ac-45b622725126	NR_025892.1	95.760	566	16	7	123	683	593	31	0.0	922
e28a5efb-1d55-4bf5-91ac-45b622725126	NR_121687.1	95.414	567	16	9	123	683	587	25	0.0	894
e28a5efb-1d55-4bf5-91ac-45b622725126	NR_117692.1	95.230	566	19	7	123	683	567	5	0.0	889
e28a5efb-1d55-4bf5-91ac-45b622725126	NR_117717.1	94.356	567	22	9	123	683	588	26	0.0	861
1d1220c1-9610-4bd2-90d3-442a42e01ab0	NR_156986.1	97.033	1146	20	13	1	1139	1139	1	0.0	1916
1d1220c1-9610-4bd2-90d3-442a42e01ab0	NR_178976.1	97.271	1136	19	11	1	1130	1130	1	0.0	1916
1d1220c1-9610-4bd2-90d3-442a42e01ab0	NR_024928.1	96.946	1146	21	13	1	1139	1144	6	0.0	1910
1d1220c1-9610-4bd2-90d3-442a42e01ab0	NR_156987.1	96.946	1146	21	13	1	1139	1139	1	0.0	1910
1d1220c1-9610-4bd2-90d3-442a42e01ab0	NR_199514.1	96.946	1146	21	13	1	1139	1151	13	0.0	1910
73e4840a-cc22-45ac-a5fe-351da08e2d7f	NR_024918.1	94.097	847	25	20	1	830	641	1479	0.0	1264
73e4840a-cc22-45ac-a5fe-351da08e2d7f	NR_116899.1	94.097	847	25	20	1	830	615	1453	0.0	1264
73e4840a-cc22-45ac-a5fe-351da08e2d7f	NR_164626.1	94.097	847	25	20	1	830	638	1476	0.0	1264
73e4840a-cc22-45ac-a5fe-351da08e2d7f	NR_043314.1	93.986	848	25	21	1	830	645	1484	0.0	1260
73e4840a-cc22-45ac-a5fe-351da08e2d7f	NR_178854.1	93.979	847	25	21	1	830	628	1465	0.0	1258
f147c937-9902-4ac0-85b6-ca1a7973b2b8	NR_156987.1	92.096	873	28	36	8	850	867	6	0.0	1192
f147c937-9902-4ac0-85b6-ca1a7973b2b8	NR_024901.1	91.982	873	29	36	8	850	872	11	0.0	1186
f147c937-9902-4ac0-85b6-ca1a7973b2b8	NR_024928.1	91.982	873	29	36	8	850	872	11	0.0	1186
f147c937-9902-4ac0-85b6-ca1a7973b2b8	NR_156986.1	91.982	873	29	36	8	850	867	6	0.0	1186
f147c937-9902-4ac0-85b6-ca1a7973b2b8	NR_113600.1	92.218	861	27	35	8	839	859	10	0.0	1184
c70f0b30-2042-4c39-95d6-7324b710f950	NR_179889.1	96.433	897	20	9	4	895	390	1279	0.0	1469
c70f0b30-2042-4c39-95d6-7324b710f950	NR_041953.1	96.321	897	21	9	4	895	363	1252	0.0	1463
c70f0b30-2042-4c39-95d6-7324b710f950	NR_178447.1	96.321	897	21	9	4	895	297	1186	0.0	1463
c70f0b30-2042-4c39-95d6-7324b710f950	NR_178854.1	96.321	897	20	10	4	895	363	1251	0.0	1461
c70f0b30-2042-4c39-95d6-7324b710f950	NR_042541.1	96.210	897	22	9	4	895	363	1252	0.0	1458
eccb1ecd-7e5b-4533-baba-30a6762e197d	NR_156986.1	95.962	1263	21	23	1	1243	1253	1	0.0	2023
eccb1ecd-7e5b-4533-baba-30a6762e197d	NR_156987.1	95.883	1263	22	23	1	1243	1253	1	0.0	2017
eccb1ecd-7e5b-4533-baba-30a6762e197d	NR_199513.1	95.807	1264	25	20	1	1245	1272	18	0.0	2015
eccb1ecd-7e5b-4533-baba-30a6762e197d	NR_199514.1	95.804	1263	23	23	1	1243	1265	13	0.0	2012
eccb1ecd-7e5b-4533-baba-30a6762e197d	NR_113600.1	95.936	1255	21	23	1	1235	1245	1	0.0	2010
a2ea5175-52ac-4499-b8f9-13162223ca54	NR_179889.1	95.663	1245	32	18	1	1234	262	1495	0.0	1980
a2ea5175-52ac-4499-b8f9-13162223ca54	NR_041953.1	95.582	1245	33	18	1	1234	235	1468	0.0	1975
a2ea5175-52ac-4499-b8f9-13162223ca54	NR_042541.1	95.582	1245	33	18	1	1234	235	1468	0.0	1975
a2ea5175-52ac-4499-b8f9-13162223ca54	NR_178854.1	95.582	1245	32	19	1	1234	235	1467	0.0	1973
a2ea5175-52ac-4499-b8f9-13162223ca54	NR_178447.1	95.502	1245	34	18	1	1234	169	1402	0.0	1969
76c72996-3399-42e2-a0b8-62df880adfb3	NR_109628.1	91.243	571	30	15	4	563	562	1	0.0	760
76c72996-3399-42e2-a0b8-62df880adfb3	NR_102895.1	90.706	581	34	17	1	570	592	21	0.0	756
76c72996-3399-42e2-a0b8-62df880adfb3	NR_113113.1	90.534	581	35	17	1	570	572	1	0.0	750
76c72996-3399-42e2-a0b8-62df880adfb3	NR_114305.1	89.965	578	38	17	4	570	581	13	0.0	728
76c72996-3399-42e2-a0b8-62df880adfb3	NR_116726.1	89.825	570	38	17	4	562	561	1	0.0	713
55544b75-03a6-47d4-bae6-20715c51f47e	NR_156986.1	96.608	914	16	13	28	932	920	13	0.0	1502
55544b75-03a6-47d4-bae6-20715c51f47e	NR_178976.1	96.608	914	16	13	28	932	911	4	0.0	1502
55544b75-03a6-47d4-bae6-20715c51f47e	NR_113600.1	96.499	914	17	13	28	932	912	5	0.0	1498
55544b75-03a6-47d4-bae6-20715c51f47e	NR_024901.1	96.499	914	17	13	28	932	925	18	0.0	1496
55544b75-03a6-47d4-bae6-20715c51f47e	NR_024928.1	96.499	914	17	13	28	932	925	18	0.0	1496
5f1dde64-992b-41aa-aaf9-906438b51086	NR_156986.1	96.733	857	18	9	3	853	862	10	0.0	1419
5f1dde64-992b-41aa-aaf9-906438b51086	NR_178976.1	96.733	857	18	9	3	853	853	1	0.0	1419
5f1dde64-992b-41aa-aaf9-906438b51086	NR_113600.1	96.616	857	19	9	3	853	854	2	0.0	1415
5f1dde64-992b-41aa-aaf9-906438b51086	NR_156987.1	96.616	857	19	9	3	853	862	10	0.0	1413
5f1dde64-992b-41aa-aaf9-906438b51086	NR_199514.1	96.616	857	19	9	3	853	874	22	0.0	1413
3e325683-18b2-470e-ba2e-7b81d2da15d2	NR_156986.1	95.956	989	17	19	1	978	984	8	0.0	1583
3e325683-18b2-470e-ba2e-7b81d2da15d2	NR_178976.1	95.947	987	17	19	1	976	975	1	0.0	1580
3e325683-18b2-470e-ba2e-7b81d2da15d2	NR_113600.1	95.850	988	18	19	1	977	976	1	0.0	1578
3e325683-18b2-470e-ba2e-7b81d2da15d2	NR_156987.1	95.854	989	18	19	1	978	984	8	0.0	1578
3e325683-18b2-470e-ba2e-7b81d2da15d2	NR_199514.1	95.854	989	18	19	1	978	996	20	0.0	1578
24f96bb8-e38f-42ee-bb05-efe45745fb07	NR_117694.1	92.273	440	16	14	1	426	436	1	9.24e-174	608
24f96bb8-e38f-42ee-bb05-efe45745fb07	NR_025892.1	91.295	448	21	16	1	434	462	19	1.20e-172	604
24f96bb8-e38f-42ee-bb05-efe45745fb07	NR_121687.1	91.295	448	21	14	1	434	456	13	7.20e-170	595
24f96bb8-e38f-42ee-bb05-efe45745fb07	NR_121688.1	91.383	441	20	14	8	434	449	13	1.20e-167	588
24f96bb8-e38f-42ee-bb05-efe45745fb07	NR_117717.1	91.156	441	21	14	8	434	450	14	5.60e-166	582
f65d9fce-93e3-4eca-8ab9-202304953be3	NR_041989.1	94.667	150	4	4	1	146	51	200	2.55e-60	230
f65d9fce-93e3-4eca-8ab9-202304953be3	NR_117694.1	94.667	150	4	4	1	146	93	242	2.55e-60	230
f65d9fce-93e3-4eca-8ab9-202304953be3	NR_025892.1	93.333	150	6	3	1	146	119	268	1.54e-57	220
f65d9fce-93e3-4eca-8ab9-202304953be3	NR_025893.1	93.333	150	6	4	1	146	117	266	5.53e-57	219
f65d9fce-93e3-4eca-8ab9-202304953be3	NR_104944.1	92.667	150	7	4	1	146	54	203	2.57e-55	213
ae115732-6a95-4064-aab7-adff362053c0	NR_025902.1	97.535	284	5	2	1	283	1168	1450	1.03e-136	484
ae115732-6a95-4064-aab7-adff362053c0	NR_117717.1	97.535	284	5	2	1	283	1210	1492	1.03e-136	484
ae115732-6a95-4064-aab7-adff362053c0	NR_121688.1	97.535	284	5	2	1	283	1210	1492	1.03e-136	484
ae115732-6a95-4064-aab7-adff362053c0	NR_117692.1	97.535	284	5	2	1	283	1190	1472	1.03e-136	484
ae115732-6a95-4064-aab7-adff362053c0	NR_117696.1	97.535	284	5	2	1	283	1177	1459	1.03e-136	484
a26c3a73-c230-473d-bb2e-a32adfc1c210	NR_042764.1	93.309	269	8	9	1	263	1421	1157	7.64e-108	388
a26c3a73-c230-473d-bb2e-a32adfc1c210	NR_040859.1	92.937	269	9	9	1	263	1461	1197	3.55e-106	383
a26c3a73-c230-473d-bb2e-a32adfc1c210	NR_040992.1	92.937	269	9	9	1	263	1469	1205	3.55e-106	383
a26c3a73-c230-473d-bb2e-a32adfc1c210	NR_024662.1	92.937	269	9	9	1	263	1469	1205	3.55e-106	383
a26c3a73-c230-473d-bb2e-a32adfc1c210	NR_024910.1	92.937	269	9	9	1	263	1460	1196	3.55e-106	383
d1a39285-65c5-44c6-bddb-311e82b834cb	NR_041715.1	96.479	142	3	2	3	143	1301	1161	1.89e-61	233
d1a39285-65c5-44c6-bddb-311e82b834cb	NR_024704.1	96.479	142	3	2	3	143	1301	1161	1.89e-61	233
d1a39285-65c5-44c6-bddb-311e82b834cb	NR_024946.1	96.479	142	3	2	3	143	1301	1161	1.89e-61	233
d1a39285-65c5-44c6-bddb-311e82b834cb	NR_036909.1	96.479	142	3	2	3	143	1311	1171	1.89e-61	233
d1a39285-65c5-44c6-bddb-311e82b834cb	NR_043314.1	96.479	142	3	2	3	143	1311	1171	1.89e-61	233
d25c2e3b-0600-4e37-a128-7bcf8661d66a	NR_036998.1	95.294	255	8	4	1	253	1210	1462	9.65e-112	401
d25c2e3b-0600-4e37-a128-7bcf8661d66a	NR_043314.1	95.294	255	8	4	1	253	1229	1481	9.65e-112	401
d25c2e3b-0600-4e37-a128-7bcf8661d66a	NR_114793.1	95.294	255	8	4	1	253	1103	1355	9.65e-112	401
d25c2e3b-0600-4e37-a128-7bcf8661d66a	NR_114749.1	95.294	255	8	4	1	253	1231	1483	9.65e-112	401
d25c2e3b-0600-4e37-a128-7bcf8661d66a	NR_116899.1	95.294	255	8	4	1	253	1198	1450	9.65e-112	401
6a982802-e2ba-4ac2-bcee-c9038db2b22f	NR_024918.1	93.793	145	5	4	23	166	584	725	8.35e-56	215
6a982802-e2ba-4ac2-bcee-c9038db2b22f	NR_024951.1	93.793	145	5	4	23	166	587	728	8.35e-56	215
6a982802-e2ba-4ac2-bcee-c9038db2b22f	NR_037135.1	93.793	145	5	4	23	166	551	692	8.35e-56	215
6a982802-e2ba-4ac2-bcee-c9038db2b22f	NR_041953.1	93.793	145	5	4	23	166	571	712	8.35e-56	215
6a982802-e2ba-4ac2-bcee-c9038db2b22f	NR_042542.1	93.793	145	5	4	23	166	571	712	8.35e-56	215
2ebac072-0a52-4302-a7e2-5ac85d74c8b6	NR_024918.1	99.543	219	1	0	1	219	1258	1476	2.94e-111	399
2ebac072-0a52-4302-a7e2-5ac85d74c8b6	NR_025164.1	99.543	219	1	0	1	219	1245	1463	2.94e-111	399
2ebac072-0a52-4302-a7e2-5ac85d74c8b6	NR_028986.1	99.543	219	1	0	1	219	1245	1463	2.94e-111	399
2ebac072-0a52-4302-a7e2-5ac85d74c8b6	NR_036998.1	99.543	219	1	0	1	219	1244	1462	2.94e-111	399
2ebac072-0a52-4302-a7e2-5ac85d74c8b6	NR_041799.1	99.543	219	1	0	1	219	1245	1463	2.94e-111	399
3985e0ab-5b82-4cd2-9beb-68a3828033e7	NR_024785.1	97.786	271	3	2	1	270	1215	947	1.28e-130	464
3985e0ab-5b82-4cd2-9beb-68a3828033e7	NR_042334.1	96.604	265	4	4	1	263	1256	995	1.00e-121	435
3985e0ab-5b82-4cd2-9beb-68a3828033e7	NR_044873.1	95.588	272	8	3	1	270	1250	981	3.60e-121	433
3985e0ab-5b82-4cd2-9beb-68a3828033e7	NR_074568.1	95.604	273	6	4	1	270	1260	991	3.60e-121	433
3985e0ab-5b82-4cd2-9beb-68a3828033e7	NR_044712.2	95.238	273	7	4	1	270	1269	1000	4.65e-120	429
7d84515f-6fda-4a78-96b7-732f7dd4380e	NR_149811.1	88.172	93	6	4	7	98	89	1	3.13e-23	106
e81ef713-59ae-46ef-8b9f-604e8f92d3e6	NR_024901.1	100.000	105	0	0	8	112	111	7	6.93e-50	195
e81ef713-59ae-46ef-8b9f-604e8f92d3e6	NR_024911.1	100.000	105	0	0	8	112	111	7	6.93e-50	195
e81ef713-59ae-46ef-8b9f-604e8f92d3e6	NR_024912.1	100.000	105	0	0	8	112	111	7	6.93e-50	195
e81ef713-59ae-46ef-8b9f-604e8f92d3e6	NR_024927.1	100.000	105	0	0	8	112	111	7	6.93e-50	195
e81ef713-59ae-46ef-8b9f-604e8f92d3e6	NR_024928.1	100.000	105	0	0	8	112	111	7	6.93e-50	195
aa3eca38-04bf-4b44-b534-98dc9f89f13c	NR_040859.1	100.000	29	0	0	1	29	1447	1475	1.72e-08	54.7
aa3eca38-04bf-4b44-b534-98dc9f89f13c	NR_028806.1	100.000	29	0	0	1	29	1454	1482	1.72e-08	54.7
aa3eca38-04bf-4b44-b534-98dc9f89f13c	NR_040992.1	100.000	29	0	0	1	29	1455	1483	1.72e-08	54.7
aa3eca38-04bf-4b44-b534-98dc9f89f13c	NR_025807.1	100.000	29	0	0	1	29	1463	1491	1.72e-08	54.7
aa3eca38-04bf-4b44-b534-98dc9f89f13c	NR_025881.1	100.000	29	0	0	1	29	1453	1481	1.72e-08	54.7
9629a8ea-ce69-4508-aac2-214dba265e6a	NR_043332.1	97.727	220	4	1	1	219	1263	1482	1.38e-104	377
9629a8ea-ce69-4508-aac2-214dba265e6a	NR_074980.1	97.727	220	4	1	1	219	1290	1509	1.38e-104	377
9629a8ea-ce69-4508-aac2-214dba265e6a	NR_113031.1	97.727	220	4	1	1	219	1290	1509	1.38e-104	377
9629a8ea-ce69-4508-aac2-214dba265e6a	NR_115354.1	97.727	220	4	1	1	219	1263	1482	1.38e-104	377
9629a8ea-ce69-4508-aac2-214dba265e6a	NR_115355.1	97.727	220	4	1	1	219	1263	1482	1.38e-104	377
fcef4451-0d7d-4a8a-984f-2859c908c370	NR_074980.1	97.378	267	4	3	1	266	785	521	9.81e-127	451
fcef4451-0d7d-4a8a-984f-2859c908c370	NR_113031.1	97.378	267	4	3	1	266	785	521	9.81e-127	451
fcef4451-0d7d-4a8a-984f-2859c908c370	NR_113570.1	97.378	267	4	3	1	266	765	501	9.81e-127	451
fcef4451-0d7d-4a8a-984f-2859c908c370	NR_119168.1	97.378	267	4	3	1	266	763	499	9.81e-127	451
fcef4451-0d7d-4a8a-984f-2859c908c370	NR_044091.1	97.378	267	4	3	1	266	672	408	9.81e-127	451
f7539d20-372d-479c-a56a-f96c7ad5603d	NR_024704.1	94.620	316	9	5	1	315	1261	953	4.14e-136	483
f7539d20-372d-479c-a56a-f96c7ad5603d	NR_036909.1	94.620	316	9	5	1	315	1271	963	4.14e-136	483
f7539d20-372d-479c-a56a-f96c7ad5603d	NR_042147.1	94.620	316	9	5	1	315	1253	945	4.14e-136	483
f7539d20-372d-479c-a56a-f96c7ad5603d	NR_126220.1	94.620	316	9	5	1	315	1259	951	4.14e-136	483
f7539d20-372d-479c-a56a-f96c7ad5603d	NR_179483.1	94.620	316	9	5	1	315	1156	848	4.14e-136	483
34c796d5-c68c-4dae-bf79-42a79bfa1371	NR_121687.1	94.350	354	9	7	14	359	300	650	4.78e-151	532
34c796d5-c68c-4dae-bf79-42a79bfa1371	NR_117694.1	94.350	354	9	7	14	359	280	630	4.78e-151	532
34c796d5-c68c-4dae-bf79-42a79bfa1371	NR_041988.1	93.785	354	11	7	14	359	238	588	1.03e-147	521
34c796d5-c68c-4dae-bf79-42a79bfa1371	NR_104946.1	93.785	354	11	7	14	359	243	593	1.03e-147	521
34c796d5-c68c-4dae-bf79-42a79bfa1371	NR_025902.1	93.220	354	13	7	14	359	258	608	2.24e-144	510
a2cc2870-013d-40d7-b731-5abb0bf0a759	NR_044741.1	99.275	138	1	0	1	138	1309	1446	1.96e-66	250
a2cc2870-013d-40d7-b731-5abb0bf0a759	NR_042932.1	99.275	138	1	0	1	138	1325	1462	1.96e-66	250
a2cc2870-013d-40d7-b731-5abb0bf0a759	NR_126284.1	99.275	138	1	0	1	138	1325	1462	1.96e-66	250
a2cc2870-013d-40d7-b731-5abb0bf0a759	NR_178444.1	99.275	138	1	0	1	138	1318	1455	1.96e-66	250
a2cc2870-013d-40d7-b731-5abb0bf0a759	NR_024897.1	98.551	138	2	0	1	138	1344	1481	9.12e-65	244
dc25b7a3-cb26-4a16-b9d1-349225ca29d0	NR_044091.1	94.118	306	6	9	1	295	1155	851	8.50e-128	455
dc25b7a3-cb26-4a16-b9d1-349225ca29d0	NR_028839.1	93.399	303	8	9	4	295	1201	900	8.56e-123	438
dc25b7a3-cb26-4a16-b9d1-349225ca29d0	NR_041879.1	92.810	306	10	9	1	295	1198	894	3.98e-121	433
dc25b7a3-cb26-4a16-b9d1-349225ca29d0	NR_042940.1	92.810	306	10	9	1	295	1153	849	3.98e-121	433
dc25b7a3-cb26-4a16-b9d1-349225ca29d0	NR_025762.1	92.810	306	9	10	1	295	1218	915	1.43e-120	431
478f81a7-917b-4704-98a3-9c11963b6ed8	NR_040859.1	98.020	101	1	1	11	111	279	378	8.74e-44	174
478f81a7-917b-4704-98a3-9c11963b6ed8	NR_028826.1	98.020	101	1	1	11	111	269	368	8.74e-44	174
478f81a7-917b-4704-98a3-9c11963b6ed8	NR_040992.1	98.020	101	1	1	11	111	287	386	8.74e-44	174
478f81a7-917b-4704-98a3-9c11963b6ed8	NR_041033.1	98.020	101	1	1	11	111	294	393	8.74e-44	174
478f81a7-917b-4704-98a3-9c11963b6ed8	NR_041702.1	98.020	101	1	1	11	111	302	401	8.74e-44	174
49701d51-78c9-4366-ba5b-cb9e19f5b297	NR_148763.1	100.000	84	0	0	16	99	94	11	2.71e-38	156
49701d51-78c9-4366-ba5b-cb9e19f5b297	NR_159348.1	100.000	84	0	0	16	99	101	18	2.71e-38	156
49701d51-78c9-4366-ba5b-cb9e19f5b297	NR_164626.1	100.000	84	0	0	16	99	84	1	2.71e-38	156
49701d51-78c9-4366-ba5b-cb9e19f5b297	NR_180260.1	100.000	84	0	0	16	99	94	11	2.71e-38	156
49701d51-78c9-4366-ba5b-cb9e19f5b297	NR_180878.1	100.000	84	0	0	16	99	94	11	2.71e-38	156
02ef1a2c-a0b5-4261-a02c-2a45d5b9ae75	NR_117694.1	97.895	285	4	2	1	284	289	6	6.39e-139	492
02ef1a2c-a0b5-4261-a02c-2a45d5b9ae75	NR_025892.1	96.842	285	7	2	1	284	315	32	1.79e-134	477
02ef1a2c-a0b5-4261-a02c-2a45d5b9ae75	NR_117692.1	94.737	285	13	2	1	284	289	6	6.52e-124	442
02ef1a2c-a0b5-4261-a02c-2a45d5b9ae75	NR_121687.1	94.406	286	12	4	1	284	309	26	3.04e-122	436
02ef1a2c-a0b5-4261-a02c-2a45d5b9ae75	NR_104830.1	93.706	286	15	3	1	284	304	20	6.57e-119	425
dc258f09-4e5b-47b7-b108-99cab25ea3cf	NR_026095.1	95.896	268	5	6	3	266	278	13	4.60e-120	429
dc258f09-4e5b-47b7-b108-99cab25ea3cf	NR_113564.1	95.896	268	5	6	3	266	278	13	4.60e-120	429
dc258f09-4e5b-47b7-b108-99cab25ea3cf	NR_165677.1	86.716	271	19	12	3	266	282	22	1.05e-76	285
dc258f09-4e5b-47b7-b108-99cab25ea3cf	NR_181560.1	86.347	271	20	12	3	266	273	13	4.90e-75	279
dc258f09-4e5b-47b7-b108-99cab25ea3cf	NR_181682.1	86.296	270	21	11	3	266	276	17	4.90e-75	279
e854f4a1-634d-442a-aa7c-724da5ff8de3	NR_114225.1	96.358	302	3	8	1	296	1428	1129	6.51e-139	492
e854f4a1-634d-442a-aa7c-724da5ff8de3	NR_043314.1	96.358	302	3	8	1	296	1446	1147	2.34e-138	490
e854f4a1-634d-442a-aa7c-724da5ff8de3	NR_114749.1	96.358	302	3	8	1	296	1448	1149	2.34e-138	490
e854f4a1-634d-442a-aa7c-724da5ff8de3	NR_116899.1	96.358	302	3	8	1	296	1415	1116	2.34e-138	490
e854f4a1-634d-442a-aa7c-724da5ff8de3	NR_178854.1	96.358	302	3	8	1	296	1427	1128	2.34e-138	490
ff9742bc-0785-443b-addf-63793b27f51b	NR_043314.1	96.757	185	3	2	1	184	1373	1191	5.31e-83	305
ff9742bc-0785-443b-addf-63793b27f51b	NR_114225.1	96.757	185	3	2	1	184	1355	1173	5.31e-83	305
ff9742bc-0785-443b-addf-63793b27f51b	NR_116905.1	96.757	185	3	2	1	184	1376	1194	5.31e-83	305
ff9742bc-0785-443b-addf-63793b27f51b	NR_114749.1	96.757	185	3	2	1	184	1375	1193	5.31e-83	305
ff9742bc-0785-443b-addf-63793b27f51b	NR_116899.1	96.757	185	3	2	1	184	1342	1160	5.31e-83	305
798dbf30-2bb2-4254-a106-22a198c9cf86	NR_170438.1	94.304	158	5	4	14	168	158	2	4.92e-63	239
798dbf30-2bb2-4254-a106-22a198c9cf86	NR_024901.1	93.671	158	6	4	14	168	162	6	2.29e-61	233
798dbf30-2bb2-4254-a106-22a198c9cf86	NR_024912.1	93.671	158	6	4	14	168	162	6	2.29e-61	233
798dbf30-2bb2-4254-a106-22a198c9cf86	NR_024928.1	93.671	158	6	4	14	168	162	6	2.29e-61	233
798dbf30-2bb2-4254-a106-22a198c9cf86	NR_025586.1	93.671	158	6	4	14	168	157	1	2.29e-61	233
e59681ad-c829-4028-b05b-3765c6c264f3	NR_164626.1	96.137	233	2	3	3	233	229	2	1.88e-103	374
e59681ad-c829-4028-b05b-3765c6c264f3	NR_024901.1	96.121	232	2	3	3	232	232	6	6.77e-103	372
e59681ad-c829-4028-b05b-3765c6c264f3	NR_024912.1	96.121	232	2	3	3	232	232	6	6.77e-103	372
e59681ad-c829-4028-b05b-3765c6c264f3	NR_024928.1	96.121	232	2	3	3	232	232	6	6.77e-103	372
e59681ad-c829-4028-b05b-3765c6c264f3	NR_025586.1	96.121	232	2	3	3	232	227	1	6.77e-103	372
2c0b55d8-585c-4d7d-9b01-ccac40fb5d19	NR_137215.1	99.687	319	0	1	2	320	1217	900	4.07e-166	582
2c0b55d8-585c-4d7d-9b01-ccac40fb5d19	NR_024927.1	99.373	319	1	1	2	320	1223	906	1.89e-164	577
2c0b55d8-585c-4d7d-9b01-ccac40fb5d19	NR_025550.1	99.373	319	1	1	2	320	1212	895	1.89e-164	577
2c0b55d8-585c-4d7d-9b01-ccac40fb5d19	NR_029063.1	99.373	319	1	1	2	320	1231	914	1.89e-164	577
2c0b55d8-585c-4d7d-9b01-ccac40fb5d19	NR_037135.1	99.373	319	1	1	2	320	1190	873	1.89e-164	577
8a8b057b-e294-4d32-b41a-2616d12c8d0f	NR_044091.1	93.293	328	7	12	1	315	613	288	3.27e-132	470
8a8b057b-e294-4d32-b41a-2616d12c8d0f	NR_113570.1	92.378	328	10	12	1	315	706	381	3.29e-127	453
8a8b057b-e294-4d32-b41a-2616d12c8d0f	NR_074980.1	92.073	328	11	12	1	315	726	401	1.53e-125	448
8a8b057b-e294-4d32-b41a-2616d12c8d0f	NR_113031.1	92.073	328	11	12	1	315	726	401	1.53e-125	448
8a8b057b-e294-4d32-b41a-2616d12c8d0f	NR_119168.1	92.073	328	11	12	1	315	704	379	1.53e-125	448
17fab29b-ee93-42df-aa1f-5a5e63715ce3	NR_043314.1	95.143	350	12	4	8	355	1138	1484	1.65e-155	547
17fab29b-ee93-42df-aa1f-5a5e63715ce3	NR_114749.1	95.143	350	12	4	8	355	1140	1486	1.65e-155	547
17fab29b-ee93-42df-aa1f-5a5e63715ce3	NR_116899.1	95.143	350	12	4	8	355	1107	1453	1.65e-155	547
17fab29b-ee93-42df-aa1f-5a5e63715ce3	NR_178854.1	95.143	350	12	4	8	355	1119	1465	1.65e-155	547
17fab29b-ee93-42df-aa1f-5a5e63715ce3	NR_179889.1	95.143	350	12	4	8	355	1147	1493	1.65e-155	547
6d89500c-80ab-47dc-9654-14c09746e483	NR_199513.1	94.690	1356	51	16	1	1339	139	1490	0.0	2085
6d89500c-80ab-47dc-9654-14c09746e483	NR_113600.1	94.617	1356	50	18	1	1338	112	1462	0.0	2080
6d89500c-80ab-47dc-9654-14c09746e483	NR_178854.1	94.617	1356	51	17	1	1339	112	1462	0.0	2080
6d89500c-80ab-47dc-9654-14c09746e483	NR_179889.1	94.617	1356	52	16	1	1339	139	1490	0.0	2080
6d89500c-80ab-47dc-9654-14c09746e483	NR_024928.1	94.547	1357	51	18	1	1339	125	1476	0.0	2076
ec102c59-9e4e-4c86-9164-b8e91f0a7ee0	NR_043314.1	97.708	480	8	3	1	480	1005	1481	0.0	822
ec102c59-9e4e-4c86-9164-b8e91f0a7ee0	NR_114749.1	97.708	480	8	3	1	480	1007	1483	0.0	822
ec102c59-9e4e-4c86-9164-b8e91f0a7ee0	NR_116899.1	97.708	480	8	3	1	480	974	1450	0.0	822
ec102c59-9e4e-4c86-9164-b8e91f0a7ee0	NR_178854.1	97.708	480	8	3	1	480	986	1462	0.0	822
ec102c59-9e4e-4c86-9164-b8e91f0a7ee0	NR_179889.1	97.708	480	8	3	1	480	1014	1490	0.0	822
44e866fa-379d-41b0-8168-8a693e256a9a	NR_024842.1	96.364	660	12	10	6	656	837	1493	0.0	1075
44e866fa-379d-41b0-8168-8a693e256a9a	NR_165737.1	96.626	652	11	10	6	648	822	1471	0.0	1072
44e866fa-379d-41b0-8168-8a693e256a9a	NR_028664.1	96.212	660	14	10	6	656	843	1500	0.0	1070
44e866fa-379d-41b0-8168-8a693e256a9a	NR_156072.1	96.212	660	13	10	6	656	842	1498	0.0	1070
44e866fa-379d-41b0-8168-8a693e256a9a	NR_199956.1	96.212	660	14	10	6	656	842	1499	0.0	1070
e16a3f18-9d0c-4550-95fc-8f6a4bd1f611	NR_109720.1	96.482	938	20	9	1	932	525	1455	0.0	1537
e16a3f18-9d0c-4550-95fc-8f6a4bd1f611	NR_036936.1	96.375	938	21	9	1	932	531	1461	0.0	1531
e16a3f18-9d0c-4550-95fc-8f6a4bd1f611	NR_165737.1	96.375	938	21	9	1	932	531	1461	0.0	1531
e16a3f18-9d0c-4550-95fc-8f6a4bd1f611	NR_180875.1	96.548	927	19	9	1	921	510	1429	0.0	1528
e16a3f18-9d0c-4550-95fc-8f6a4bd1f611	NR_042927.1	96.162	938	23	9	1	932	531	1461	0.0	1520
bf5b8834-3249-414e-a94a-9ab6eda29c30	NR_117694.1	97.411	1120	20	6	1	1116	1119	5	0.0	1899
bf5b8834-3249-414e-a94a-9ab6eda29c30	NR_025892.1	95.579	1131	39	8	1	1126	1144	20	0.0	1827
bf5b8834-3249-414e-a94a-9ab6eda29c30	NR_121687.1	95.936	1132	34	9	1	1126	1139	14	0.0	1825
bf5b8834-3249-414e-a94a-9ab6eda29c30	NR_041989.1	96.947	1081	24	7	1	1076	1077	1	0.0	1805
bf5b8834-3249-414e-a94a-9ab6eda29c30	NR_117692.1	95.726	1123	33	11	1	1116	1119	5	0.0	1794
48adb479-1098-425f-89e2-4a2709df1690	NR_156986.1	95.349	1419	37	25	7	1405	1410	1	0.0	2228
48adb479-1098-425f-89e2-4a2709df1690	NR_156987.1	95.278	1419	38	25	7	1405	1410	1	0.0	2222
48adb479-1098-425f-89e2-4a2709df1690	NR_113600.1	95.252	1411	38	25	7	1397	1402	1	0.0	2209
48adb479-1098-425f-89e2-4a2709df1690	NR_199513.1	95.077	1422	39	26	7	1407	1429	18	0.0	2209
48adb479-1098-425f-89e2-4a2709df1690	NR_024928.1	95.067	1419	41	25	7	1405	1415	6	0.0	2207
3284e512-e725-4e49-837f-cd1cb726ec8c	NR_156986.1	89.353	958	50	38	17	935	996	52	0.0	1157
3284e512-e725-4e49-837f-cd1cb726ec8c	NR_156987.1	89.353	958	50	38	17	935	996	52	0.0	1157
3284e512-e725-4e49-837f-cd1cb726ec8c	NR_178976.1	89.353	958	50	38	17	935	987	43	0.0	1157
3284e512-e725-4e49-837f-cd1cb726ec8c	NR_113600.1	89.248	958	51	38	17	935	988	44	0.0	1153
3284e512-e725-4e49-837f-cd1cb726ec8c	NR_199512.1	90.566	901	41	32	17	884	1015	126	0.0	1153
725b61fa-6d0e-4284-9064-096eda203b97	NR_179337.1	91.329	1430	87	28	1	1414	13	1421	0.0	1919
725b61fa-6d0e-4284-9064-096eda203b97	NR_025174.1	91.253	1429	88	27	1	1414	17	1423	0.0	1912
725b61fa-6d0e-4284-9064-096eda203b97	NR_028986.1	91.189	1430	89	28	1	1414	9	1417	0.0	1908
725b61fa-6d0e-4284-9064-096eda203b97	NR_028987.1	91.119	1430	90	28	1	1414	9	1417	0.0	1903
725b61fa-6d0e-4284-9064-096eda203b97	NR_114911.1	91.119	1430	90	28	1	1414	32	1440	0.0	1903
1d758a7b-036f-4bff-8b31-4ac41a47a3b0	NR_117694.1	96.375	1076	20	16	7	1075	404	1467	0.0	1753
1d758a7b-036f-4bff-8b31-4ac41a47a3b0	NR_121687.1	95.911	1076	25	16	7	1075	424	1487	0.0	1725
1d758a7b-036f-4bff-8b31-4ac41a47a3b0	NR_117692.1	95.640	1078	24	19	7	1075	404	1467	0.0	1709
1d758a7b-036f-4bff-8b31-4ac41a47a3b0	NR_025892.1	95.327	1070	30	16	7	1069	430	1486	0.0	1698
1d758a7b-036f-4bff-8b31-4ac41a47a3b0	NR_025902.1	95.455	1078	26	19	7	1075	382	1445	0.0	1698
e080de92-ac17-462b-9f44-75cb8ed19ebb	NR_043314.1	94.643	280	11	2	4	282	1205	1481	1.36e-120	431
e080de92-ac17-462b-9f44-75cb8ed19ebb	NR_114749.1	94.643	280	11	2	4	282	1207	1483	1.36e-120	431
e080de92-ac17-462b-9f44-75cb8ed19ebb	NR_116899.1	94.643	280	11	2	4	282	1174	1450	1.36e-120	431
e080de92-ac17-462b-9f44-75cb8ed19ebb	NR_114225.1	94.624	279	11	2	4	281	1187	1462	4.89e-120	429
e080de92-ac17-462b-9f44-75cb8ed19ebb	NR_112072.1	94.286	280	12	2	4	282	1187	1463	6.33e-119	425
1e4b622e-2678-43b6-9b44-a135f8592173	NR_041799.1	93.875	800	24	16	1	778	667	1463	0.0	1182
1e4b622e-2678-43b6-9b44-a135f8592173	NR_114227.1	93.867	799	24	16	1	777	667	1462	0.0	1181
1e4b622e-2678-43b6-9b44-a135f8592173	NR_181265.1	93.750	800	25	16	1	778	694	1490	0.0	1177
1e4b622e-2678-43b6-9b44-a135f8592173	NR_169411.1	93.625	800	26	16	1	778	687	1483	0.0	1171
1e4b622e-2678-43b6-9b44-a135f8592173	NR_179168.1	93.625	800	26	16	1	778	690	1486	0.0	1171
afdfae11-e4e6-4659-a50a-b385054518c5	NR_024918.1	96.858	541	6	10	1	534	940	1476	0.0	894
afdfae11-e4e6-4659-a50a-b385054518c5	NR_043314.1	96.858	541	6	10	1	534	945	1481	0.0	894
afdfae11-e4e6-4659-a50a-b385054518c5	NR_042147.1	96.858	541	6	10	1	534	927	1463	0.0	894
afdfae11-e4e6-4659-a50a-b385054518c5	NR_116899.1	96.858	541	6	10	1	534	914	1450	0.0	894
afdfae11-e4e6-4659-a50a-b385054518c5	NR_164626.1	96.858	541	6	10	1	534	937	1473	0.0	894
d9eb6dac-9c71-40be-a373-5699c22c679e	NR_170431.1	92.931	679	23	19	1	667	781	1446	0.0	965
d9eb6dac-9c71-40be-a373-5699c22c679e	NR_175550.1	92.697	671	25	17	1	660	805	1462	0.0	946
d9eb6dac-9c71-40be-a373-5699c22c679e	NR_028844.1	92.183	678	30	17	1	667	814	1479	0.0	937
d9eb6dac-9c71-40be-a373-5699c22c679e	NR_114098.1	92.136	674	30	17	1	663	803	1464	0.0	929
d9eb6dac-9c71-40be-a373-5699c22c679e	NR_042548.1	90.868	668	36	18	11	665	804	1459	0.0	872
1de2caff-f1a7-42ae-b7c4-80d92501a738	NR_156986.1	97.198	678	9	9	1	673	685	13	0.0	1138
1de2caff-f1a7-42ae-b7c4-80d92501a738	NR_178976.1	97.198	678	9	9	1	673	676	4	0.0	1138
1de2caff-f1a7-42ae-b7c4-80d92501a738	NR_113600.1	97.050	678	10	9	1	673	677	5	0.0	1134
1de2caff-f1a7-42ae-b7c4-80d92501a738	NR_024901.1	97.050	678	10	9	1	673	690	18	0.0	1133
1de2caff-f1a7-42ae-b7c4-80d92501a738	NR_024912.1	97.050	678	10	9	1	673	690	18	0.0	1133
865e2ae2-6926-46c7-94b1-b9df12e73e3e	NR_029097.1	94.595	592	19	11	1	585	1287	702	0.0	904
865e2ae2-6926-46c7-94b1-b9df12e73e3e	NR_125570.1	94.426	592	20	11	1	585	1269	684	0.0	898
865e2ae2-6926-46c7-94b1-b9df12e73e3e	NR_125571.1	93.919	592	23	11	1	585	1311	726	0.0	881
865e2ae2-6926-46c7-94b1-b9df12e73e3e	NR_025127.1	89.626	588	45	12	3	582	1341	762	0.0	734
865e2ae2-6926-46c7-94b1-b9df12e73e3e	NR_181885.1	88.455	589	51	14	3	582	1330	750	0.0	695
1f11aac9-f362-40e0-acef-73e96397e804	NR_116899.1	97.217	1006	17	7	1	1001	456	1455	0.0	1692
1f11aac9-f362-40e0-acef-73e96397e804	NR_179889.1	97.217	1006	17	7	1	1001	496	1495	0.0	1692
1f11aac9-f362-40e0-acef-73e96397e804	NR_199515.1	97.217	1006	17	8	1	1001	498	1497	0.0	1692
1f11aac9-f362-40e0-acef-73e96397e804	NR_024918.1	97.117	1006	18	7	1	1001	482	1481	0.0	1687
1f11aac9-f362-40e0-acef-73e96397e804	NR_041799.1	97.120	1007	16	9	1	1001	469	1468	0.0	1687
ec7bef3c-0ca7-4fab-bb80-418615752ab1	NR_042771.1	98.919	370	1	3	1	370	1127	1493	0.0	658
ec7bef3c-0ca7-4fab-bb80-418615752ab1	NR_199956.1	98.919	370	1	3	1	370	1129	1495	0.0	658
ec7bef3c-0ca7-4fab-bb80-418615752ab1	NR_028664.1	98.649	370	2	3	1	370	1130	1496	0.0	652
ec7bef3c-0ca7-4fab-bb80-418615752ab1	NR_028666.1	98.649	370	2	3	1	370	1133	1499	0.0	652
ec7bef3c-0ca7-4fab-bb80-418615752ab1	NR_028833.1	98.649	370	2	3	1	370	1136	1502	0.0	652
49b18a96-187a-4b61-89e9-b1f4ae50718f	NR_041989.1	90.984	732	36	24	6	722	1327	611	0.0	959
49b18a96-187a-4b61-89e9-b1f4ae50718f	NR_117694.1	90.971	731	38	22	6	722	1369	653	0.0	959
49b18a96-187a-4b61-89e9-b1f4ae50718f	NR_178369.1	90.710	732	38	24	6	722	1340	624	0.0	948
49b18a96-187a-4b61-89e9-b1f4ae50718f	NR_025892.1	90.437	732	40	24	6	722	1394	678	0.0	942
49b18a96-187a-4b61-89e9-b1f4ae50718f	NR_121687.1	90.574	732	39	24	6	722	1389	673	0.0	942
1b836a0e-0016-4e88-9909-6837f88219fc	NR_043332.1	95.385	390	13	4	1	388	1100	1486	4.92e-176	616
1b836a0e-0016-4e88-9909-6837f88219fc	NR_074980.1	95.385	390	13	4	1	388	1127	1513	4.92e-176	616
1b836a0e-0016-4e88-9909-6837f88219fc	NR_113031.1	95.385	390	13	4	1	388	1127	1513	4.92e-176	616
1b836a0e-0016-4e88-9909-6837f88219fc	NR_113570.1	95.141	391	13	5	1	388	1107	1494	6.36e-175	612
1b836a0e-0016-4e88-9909-6837f88219fc	NR_115354.1	94.615	390	16	4	1	388	1100	1486	4.95e-171	599
2f6b868f-f838-4808-99c1-f010a06ca11a	NR_024842.1	93.851	618	13	18	1	604	829	1435	0.0	907
2f6b868f-f838-4808-99c1-f010a06ca11a	NR_115735.1	93.851	618	13	18	1	604	805	1411	0.0	907
2f6b868f-f838-4808-99c1-f010a06ca11a	NR_109720.1	93.689	618	14	18	1	604	808	1414	0.0	902
2f6b868f-f838-4808-99c1-f010a06ca11a	NR_156072.1	93.689	618	14	18	1	604	834	1440	0.0	902
2f6b868f-f838-4808-99c1-f010a06ca11a	NR_165737.1	93.689	618	14	18	1	604	814	1420	0.0	902
b601082f-68e2-4a29-943f-e4d4bab02fb3	NR_042928.1	93.946	1404	52	30	1	1384	1391	1	0.0	2091
b601082f-68e2-4a29-943f-e4d4bab02fb3	NR_199545.1	93.555	1412	58	30	1	1392	1411	13	0.0	2073
b601082f-68e2-4a29-943f-e4d4bab02fb3	NR_179385.1	93.484	1412	59	30	1	1392	1415	17	0.0	2067
b601082f-68e2-4a29-943f-e4d4bab02fb3	NR_117719.1	93.414	1412	60	30	1	1392	1411	13	0.0	2061
b601082f-68e2-4a29-943f-e4d4bab02fb3	NR_028664.1	93.343	1412	61	30	1	1392	1414	16	0.0	2056
f70acfb0-03a4-4099-9989-63807a3b95af	NR_026419.1	92.683	451	19	12	1	439	693	245	0.0	638
f70acfb0-03a4-4099-9989-63807a3b95af	NR_133753.1	92.239	451	21	12	1	439	659	211	2.57e-179	627
f70acfb0-03a4-4099-9989-63807a3b95af	NR_025903.1	92.239	451	21	12	1	439	705	257	2.57e-179	627
f70acfb0-03a4-4099-9989-63807a3b95af	NR_133752.1	91.796	451	23	12	1	439	630	182	5.56e-176	616
f70acfb0-03a4-4099-9989-63807a3b95af	NR_026469.1	91.574	451	24	12	1	439	695	247	2.59e-174	610
3bc568dd-6709-44e7-989d-c36d6c291dba	NR_104897.1	89.459	370	25	10	1	361	1159	795	1.06e-127	455
3bc568dd-6709-44e7-989d-c36d6c291dba	NR_165738.1	87.568	370	32	10	1	361	1160	796	5.02e-116	416
3bc568dd-6709-44e7-989d-c36d6c291dba	NR_180973.1	87.297	370	33	10	1	361	1071	707	2.34e-114	411
3bc568dd-6709-44e7-989d-c36d6c291dba	NR_181170.1	87.297	370	33	10	1	361	1182	818	2.34e-114	411
3bc568dd-6709-44e7-989d-c36d6c291dba	NR_179209.1	87.027	370	34	10	1	361	1213	849	3.02e-113	407
f6145db6-c541-42c3-ae08-753d198c2b93	NR_156986.1	96.514	1090	22	14	1	1081	1106	24	0.0	1788
f6145db6-c541-42c3-ae08-753d198c2b93	NR_178976.1	96.514	1090	22	14	1	1081	1097	15	0.0	1788
f6145db6-c541-42c3-ae08-753d198c2b93	NR_113600.1	96.422	1090	23	14	1	1081	1098	16	0.0	1784
f6145db6-c541-42c3-ae08-753d198c2b93	NR_156987.1	96.422	1090	23	14	1	1081	1106	24	0.0	1783
f6145db6-c541-42c3-ae08-753d198c2b93	NR_199514.1	96.422	1090	23	14	1	1081	1118	36	0.0	1783
052a49bb-fd16-4df2-9787-b79092542fd9	NR_024918.1	93.834	373	12	10	1	365	1107	1476	1.32e-156	551
052a49bb-fd16-4df2-9787-b79092542fd9	NR_028986.1	93.834	373	12	10	1	365	1094	1463	1.32e-156	551
052a49bb-fd16-4df2-9787-b79092542fd9	NR_043314.1	93.834	373	12	9	1	365	1112	1481	1.32e-156	551
052a49bb-fd16-4df2-9787-b79092542fd9	NR_042199.1	93.834	373	12	10	1	365	1094	1463	1.32e-156	551
052a49bb-fd16-4df2-9787-b79092542fd9	NR_042939.1	93.834	373	12	9	1	365	1114	1483	1.32e-156	551
e623d59d-f292-4156-9571-cec7e5d85e19	NR_025862.1	97.164	529	6	7	3	524	228	754	0.0	889
e623d59d-f292-4156-9571-cec7e5d85e19	NR_026454.1	95.497	533	10	11	3	524	202	731	0.0	839
e623d59d-f292-4156-9571-cec7e5d85e19	NR_028682.1	95.104	531	14	9	3	524	228	755	0.0	826
e623d59d-f292-4156-9571-cec7e5d85e19	NR_042406.1	95.085	529	18	6	3	524	218	745	0.0	826
e623d59d-f292-4156-9571-cec7e5d85e19	NR_114015.1	95.104	531	14	10	3	524	218	745	0.0	826
e16f2a37-3c9a-4e48-9436-4e01b094f541	NR_117694.1	95.451	1341	38	20	3	1325	1336	1	0.0	2117
e16f2a37-3c9a-4e48-9436-4e01b094f541	NR_025892.1	94.122	1344	55	21	3	1328	1361	24	0.0	2049
e16f2a37-3c9a-4e48-9436-4e01b094f541	NR_121687.1	94.424	1345	50	22	3	1328	1356	18	0.0	2045
e16f2a37-3c9a-4e48-9436-4e01b094f541	NR_117692.1	94.048	1344	51	25	3	1325	1336	1	0.0	2012
e16f2a37-3c9a-4e48-9436-4e01b094f541	NR_025902.1	94.095	1321	49	25	3	1301	1314	1	0.0	1980
941e6a60-5ed8-40e6-b2c5-8f64268943f4	NR_024928.1	95.461	1432	38	20	1	1413	56	1479	0.0	2261
941e6a60-5ed8-40e6-b2c5-8f64268943f4	NR_113600.1	95.518	1428	37	20	1	1409	43	1462	0.0	2259
941e6a60-5ed8-40e6-b2c5-8f64268943f4	NR_199513.1	95.458	1431	40	18	1	1413	70	1493	0.0	2259
941e6a60-5ed8-40e6-b2c5-8f64268943f4	NR_024901.1	95.391	1432	39	20	1	1413	56	1479	0.0	2254
941e6a60-5ed8-40e6-b2c5-8f64268943f4	NR_114225.1	95.448	1428	38	20	1	1409	43	1462	0.0	2254
ddad5cb7-ba71-4316-859e-87b1e4eb75c7	NR_044873.1	94.932	513	15	11	6	511	511	3	0.0	793
ddad5cb7-ba71-4316-859e-87b1e4eb75c7	NR_074568.1	93.372	513	23	11	6	511	522	14	0.0	749
ddad5cb7-ba71-4316-859e-87b1e4eb75c7	NR_044712.2	92.788	513	26	11	6	511	531	23	0.0	737
ddad5cb7-ba71-4316-859e-87b1e4eb75c7	NR_179993.1	91.829	514	30	12	6	511	523	14	0.0	706
ddad5cb7-ba71-4316-859e-87b1e4eb75c7	NR_025310.1	92.095	506	29	11	6	504	502	1	0.0	702
5468a40b-a8f3-4d42-bfc3-c3f7264b33a0	NR_041953.1	90.480	1166	55	45	2	1142	333	1467	0.0	1487
5468a40b-a8f3-4d42-bfc3-c3f7264b33a0	NR_042541.1	90.480	1166	55	45	2	1142	333	1467	0.0	1487
5468a40b-a8f3-4d42-bfc3-c3f7264b33a0	NR_179889.1	90.480	1166	55	45	2	1142	360	1494	0.0	1487
5468a40b-a8f3-4d42-bfc3-c3f7264b33a0	NR_178854.1	90.464	1164	58	44	2	1142	333	1466	0.0	1485
5468a40b-a8f3-4d42-bfc3-c3f7264b33a0	NR_178447.1	90.309	1166	57	45	2	1142	267	1401	0.0	1476
0bafb339-4fc7-4e88-97a4-5d0856bc3a2e	NR_024912.1	95.813	621	12	12	1	613	620	6	0.0	990
0bafb339-4fc7-4e88-97a4-5d0856bc3a2e	NR_156986.1	95.813	621	12	12	1	613	615	1	0.0	990
0bafb339-4fc7-4e88-97a4-5d0856bc3a2e	NR_024901.1	95.652	621	13	12	1	613	620	6	0.0	985
0bafb339-4fc7-4e88-97a4-5d0856bc3a2e	NR_024928.1	95.652	621	13	12	1	613	620	6	0.0	985
0bafb339-4fc7-4e88-97a4-5d0856bc3a2e	NR_156987.1	95.652	621	13	12	1	613	615	1	0.0	985
c35aca15-92b1-4053-b9fe-67f871d4b115	NR_117694.1	92.638	815	42	17	1	803	661	1469	0.0	1157
c35aca15-92b1-4053-b9fe-67f871d4b115	NR_121687.1	92.147	815	46	17	1	803	681	1489	0.0	1134
c35aca15-92b1-4053-b9fe-67f871d4b115	NR_117692.1	92.147	815	46	17	1	803	661	1469	0.0	1134
c35aca15-92b1-4053-b9fe-67f871d4b115	NR_025892.1	92.193	807	45	17	1	795	686	1486	0.0	1131
c35aca15-92b1-4053-b9fe-67f871d4b115	NR_025902.1	91.902	815	48	17	1	803	639	1447	0.0	1123
1c670418-523d-42c3-9c62-97cdcf2c3137	NR_104897.1	97.719	263	2	2	1	262	1229	970	3.48e-126	449
1c670418-523d-42c3-9c62-97cdcf2c3137	NR_117817.1	95.057	263	9	2	1	262	1195	936	1.64e-114	411
1c670418-523d-42c3-9c62-97cdcf2c3137	NR_115758.1	94.737	266	10	2	1	265	1227	965	1.64e-114	411
1c670418-523d-42c3-9c62-97cdcf2c3137	NR_117560.1	95.057	263	9	2	1	262	1187	928	1.64e-114	411
1c670418-523d-42c3-9c62-97cdcf2c3137	NR_117864.1	95.057	263	9	2	1	262	1233	974	1.64e-114	411
db9c2ddc-3be0-44cc-95d8-8ea1f89b1c69	NR_044091.1	95.465	441	3	13	5	432	1127	691	0.0	688
db9c2ddc-3be0-44cc-95d8-8ea1f89b1c69	NR_025762.1	95.000	440	6	12	5	432	1190	755	0.0	676
db9c2ddc-3be0-44cc-95d8-8ea1f89b1c69	NR_042940.1	95.011	441	5	13	5	432	1125	689	0.0	676
db9c2ddc-3be0-44cc-95d8-8ea1f89b1c69	NR_113570.1	95.000	440	6	12	5	432	1219	784	0.0	676
db9c2ddc-3be0-44cc-95d8-8ea1f89b1c69	NR_115355.1	95.000	440	6	12	5	432	1212	777	0.0	676
53431eb2-e757-42fd-acdc-64b186b93dd2	NR_042386.1	88.798	982	68	28	12	962	971	1	0.0	1166
53431eb2-e757-42fd-acdc-64b186b93dd2	NR_024904.1	88.384	990	71	30	12	969	986	9	0.0	1151
53431eb2-e757-42fd-acdc-64b186b93dd2	NR_152049.1	90.166	905	60	25	12	898	929	36	0.0	1151
53431eb2-e757-42fd-acdc-64b186b93dd2	NR_113927.1	88.481	981	71	28	12	961	970	1	0.0	1147
53431eb2-e757-42fd-acdc-64b186b93dd2	NR_029337.1	88.271	989	74	28	12	969	990	13	0.0	1146
6afa6f46-5d73-490c-9543-0d8ad431ba59	NR_117694.1	93.836	1087	32	28	13	1071	1084	5	0.0	1604
6afa6f46-5d73-490c-9543-0d8ad431ba59	NR_025892.1	92.456	1087	46	30	13	1071	1109	31	0.0	1543
6afa6f46-5d73-490c-9543-0d8ad431ba59	NR_121687.1	92.739	1088	42	30	13	1071	1104	25	0.0	1537
6afa6f46-5d73-490c-9543-0d8ad431ba59	NR_117692.1	92.180	1087	50	28	13	1071	1084	5	0.0	1504
6afa6f46-5d73-490c-9543-0d8ad431ba59	NR_026079.2	91.544	1088	55	30	13	1071	1111	32	0.0	1465
fd1a50bb-20b7-4902-b381-54fff6ff69a1	NR_041953.1	97.442	1251	22	8	1	1245	154	1400	0.0	2124
fd1a50bb-20b7-4902-b381-54fff6ff69a1	NR_179889.1	97.442	1251	22	8	1	1245	181	1427	0.0	2124
fd1a50bb-20b7-4902-b381-54fff6ff69a1	NR_042541.1	97.362	1251	23	8	1	1245	154	1400	0.0	2119
fd1a50bb-20b7-4902-b381-54fff6ff69a1	NR_178447.1	97.362	1251	23	8	1	1245	88	1334	0.0	2119
fd1a50bb-20b7-4902-b381-54fff6ff69a1	NR_181014.1	97.362	1251	23	7	1	1245	154	1400	0.0	2119
e93e6166-330e-4d09-afc7-ba10eb0683c2	NR_178447.1	96.293	998	20	14	1	992	1233	247	0.0	1622
e93e6166-330e-4d09-afc7-ba10eb0683c2	NR_179889.1	96.293	998	20	14	1	992	1326	340	0.0	1622
e93e6166-330e-4d09-afc7-ba10eb0683c2	NR_041953.1	96.192	998	21	14	1	992	1299	313	0.0	1616
e93e6166-330e-4d09-afc7-ba10eb0683c2	NR_178854.1	96.192	998	20	15	1	992	1298	313	0.0	1616
e93e6166-330e-4d09-afc7-ba10eb0683c2	NR_181891.1	96.192	998	21	14	1	992	1322	336	0.0	1616
5610d9d7-e209-488a-99a2-7ec9245c442f	NR_113570.1	91.049	1296	58	40	1	1247	159	1445	0.0	1698
5610d9d7-e209-488a-99a2-7ec9245c442f	NR_044091.1	91.220	1287	56	39	1	1238	66	1344	0.0	1698
5610d9d7-e209-488a-99a2-7ec9245c442f	NR_043332.1	90.754	1287	61	40	10	1247	161	1438	0.0	1670
5610d9d7-e209-488a-99a2-7ec9245c442f	NR_074980.1	90.831	1287	60	40	10	1247	188	1465	0.0	1670
5610d9d7-e209-488a-99a2-7ec9245c442f	NR_113031.1	90.831	1287	60	40	10	1247	188	1465	0.0	1670
f0c47c50-33e6-4eb7-b37a-6c975d5bd8dc	NR_024924.1	92.923	975	57	8	5	972	505	1474	0.0	1408
f0c47c50-33e6-4eb7-b37a-6c975d5bd8dc	NR_134794.1	92.923	975	57	8	5	972	457	1426	0.0	1408
f0c47c50-33e6-4eb7-b37a-6c975d5bd8dc	NR_180102.1	92.923	975	57	8	5	972	514	1483	0.0	1408
f0c47c50-33e6-4eb7-b37a-6c975d5bd8dc	NR_102854.1	92.828	976	56	10	5	972	514	1483	0.0	1402
f0c47c50-33e6-4eb7-b37a-6c975d5bd8dc	NR_116299.1	92.821	975	58	8	5	972	495	1464	0.0	1402
b4e5c0d4-2fdd-480b-bccb-4db247c1ff8b	NR_041799.1	98.463	846	9	4	12	855	620	1463	0.0	1487
b4e5c0d4-2fdd-480b-bccb-4db247c1ff8b	NR_116899.1	98.463	846	9	4	12	855	607	1450	0.0	1487
b4e5c0d4-2fdd-480b-bccb-4db247c1ff8b	NR_117823.1	98.463	846	9	4	12	855	592	1435	0.0	1487
b4e5c0d4-2fdd-480b-bccb-4db247c1ff8b	NR_179889.1	98.463	846	9	4	12	855	647	1490	0.0	1487
b4e5c0d4-2fdd-480b-bccb-4db247c1ff8b	NR_114227.1	98.462	845	9	4	12	854	620	1462	0.0	1485
55aa4390-d685-4c20-a553-f8e01a63f50f	NR_116899.1	90.060	996	51	39	9	969	468	1450	0.0	1247
55aa4390-d685-4c20-a553-f8e01a63f50f	NR_042541.1	89.960	996	52	39	9	969	481	1463	0.0	1242
55aa4390-d685-4c20-a553-f8e01a63f50f	NR_024918.1	89.859	996	53	39	9	969	494	1476	0.0	1236
55aa4390-d685-4c20-a553-f8e01a63f50f	NR_024927.1	89.859	996	53	39	9	969	494	1476	0.0	1236
55aa4390-d685-4c20-a553-f8e01a63f50f	NR_041953.1	89.859	996	53	39	9	969	481	1463	0.0	1236
78b4a9a0-f6fc-4e8e-ae79-639392a1d83c	NR_024918.1	99.142	233	1	1	21	253	1245	1476	9.58e-117	418
78b4a9a0-f6fc-4e8e-ae79-639392a1d83c	NR_025164.1	99.142	233	1	1	21	253	1232	1463	9.58e-117	418
78b4a9a0-f6fc-4e8e-ae79-639392a1d83c	NR_028986.1	99.142	233	1	1	21	253	1232	1463	9.58e-117	418
78b4a9a0-f6fc-4e8e-ae79-639392a1d83c	NR_036998.1	99.142	233	1	1	21	253	1231	1462	9.58e-117	418
78b4a9a0-f6fc-4e8e-ae79-639392a1d83c	NR_041799.1	99.142	233	1	1	21	253	1232	1463	9.58e-117	418
17406714-fe8a-43d6-ba13-4914a683f148	NR_199513.1	97.607	1003	14	9	5	998	130	1131	0.0	1711
17406714-fe8a-43d6-ba13-4914a683f148	NR_181891.1	97.297	999	19	7	5	995	126	1124	0.0	1688
17406714-fe8a-43d6-ba13-4914a683f148	NR_041953.1	97.197	999	20	7	5	995	103	1101	0.0	1683
17406714-fe8a-43d6-ba13-4914a683f148	NR_156986.1	97.203	1001	16	11	5	995	111	1109	0.0	1683
17406714-fe8a-43d6-ba13-4914a683f148	NR_178447.1	97.197	999	20	7	5	995	37	1035	0.0	1683
3b253671-bc44-440d-81b0-da2d1d4c9ec6	NR_043422.1	91.544	1289	50	38	7	1245	1292	13	0.0	1724
3b253671-bc44-440d-81b0-da2d1d4c9ec6	NR_043195.1	91.318	1290	52	39	7	1245	1293	13	0.0	1709
3b253671-bc44-440d-81b0-da2d1d4c9ec6	NR_028706.1	90.937	1291	55	42	7	1245	1296	16	0.0	1679
3b253671-bc44-440d-81b0-da2d1d4c9ec6	NR_025174.1	90.930	1290	55	41	7	1245	1281	3	0.0	1677
3b253671-bc44-440d-81b0-da2d1d4c9ec6	NR_025164.1	90.966	1284	56	40	7	1239	1275	1	0.0	1674
11bb0e56-91bd-4e4f-a7e1-5359266e25be	NR_175455.1	96.235	1328	28	16	1	1311	1325	3	0.0	2156
11bb0e56-91bd-4e4f-a7e1-5359266e25be	NR_199545.1	96.168	1331	29	16	1	1314	1337	12	0.0	2156
11bb0e56-91bd-4e4f-a7e1-5359266e25be	NR_117719.1	96.093	1331	30	16	1	1314	1337	12	0.0	2150
11bb0e56-91bd-4e4f-a7e1-5359266e25be	NR_179385.1	96.018	1331	31	16	1	1314	1341	16	0.0	2145
11bb0e56-91bd-4e4f-a7e1-5359266e25be	NR_179383.1	95.868	1331	33	16	1	1314	1344	19	0.0	2134
e94ed671-986c-4c97-aa65-6042b0531751	NR_040859.1	97.425	233	3	3	5	235	488	257	1.47e-109	394
e94ed671-986c-4c97-aa65-6042b0531751	NR_024901.1	97.425	233	3	3	5	235	489	258	1.47e-109	394
e94ed671-986c-4c97-aa65-6042b0531751	NR_024912.1	97.425	233	3	3	5	235	489	258	1.47e-109	394
e94ed671-986c-4c97-aa65-6042b0531751	NR_024928.1	97.425	233	3	3	5	235	489	258	1.47e-109	394
e94ed671-986c-4c97-aa65-6042b0531751	NR_025228.1	97.425	233	3	3	5	235	472	241	1.47e-109	394
27ae5988-d501-49f7-bd76-da35079f6d18	NR_074568.1	91.388	209	9	7	1	205	216	13	1.32e-74	278
27ae5988-d501-49f7-bd76-da35079f6d18	NR_044712.2	90.909	209	10	7	1	205	225	22	1.71e-73	274
27ae5988-d501-49f7-bd76-da35079f6d18	NR_044873.1	90.909	209	10	8	1	205	205	2	6.16e-73	272
27ae5988-d501-49f7-bd76-da35079f6d18	NR_179993.1	87.736	212	16	8	1	207	217	11	6.24e-63	239
27ae5988-d501-49f7-bd76-da35079f6d18	NR_109752.1	86.321	212	15	11	1	205	227	23	8.13e-57	219
00690518-1be4-4fd1-acbb-ee0035c5ac04	NR_025892.1	95.480	177	2	3	1	172	686	861	1.11e-74	278
00690518-1be4-4fd1-acbb-ee0035c5ac04	NR_041989.1	95.480	177	2	3	1	172	619	794	1.11e-74	278
00690518-1be4-4fd1-acbb-ee0035c5ac04	NR_117694.1	95.480	177	2	3	1	172	661	836	1.11e-74	278
00690518-1be4-4fd1-acbb-ee0035c5ac04	NR_042976.1	94.915	177	3	3	1	172	669	844	5.19e-73	272
00690518-1be4-4fd1-acbb-ee0035c5ac04	NR_118697.1	94.915	177	3	3	1	172	684	859	5.19e-73	272
a0ead085-e577-4529-8f38-42f5b4b19b9d	NR_121726.1	97.143	35	1	0	46	80	46	12	1.67e-09	60.2
a0ead085-e577-4529-8f38-42f5b4b19b9d	NR_025758.1	97.059	34	1	0	46	79	46	13	6.02e-09	58.4
a0ead085-e577-4529-8f38-42f5b4b19b9d	NR_074696.1	97.059	34	1	0	46	79	46	13	6.02e-09	58.4
a0ead085-e577-4529-8f38-42f5b4b19b9d	NR_024864.1	96.875	32	1	0	48	79	40	9	7.79e-08	54.7
a0ead085-e577-4529-8f38-42f5b4b19b9d	NR_108584.1	96.774	31	1	0	46	76	31	1	2.80e-07	52.8
fd5c7dda-1d2c-4b07-b7fa-adb87fa2752f	NR_115608.1	93.868	212	7	6	5	212	1233	1442	1.06e-85	315
fd5c7dda-1d2c-4b07-b7fa-adb87fa2752f	NR_114479.1	93.810	210	8	5	6	212	1271	1478	1.37e-84	311
fd5c7dda-1d2c-4b07-b7fa-adb87fa2752f	NR_024918.1	93.396	212	8	6	5	212	1267	1476	4.92e-84	309
fd5c7dda-1d2c-4b07-b7fa-adb87fa2752f	NR_025164.1	93.396	212	8	6	5	212	1254	1463	4.92e-84	309
fd5c7dda-1d2c-4b07-b7fa-adb87fa2752f	NR_028986.1	93.396	212	8	6	5	212	1254	1463	4.92e-84	309
26eb9fd2-407b-4e03-9e31-40c3fbdbd4b8	NR_024912.1	93.860	228	9	4	1	223	241	14	6.70e-93	339
26eb9fd2-407b-4e03-9e31-40c3fbdbd4b8	NR_025164.1	93.860	228	9	4	1	223	228	1	6.70e-93	339
26eb9fd2-407b-4e03-9e31-40c3fbdbd4b8	NR_025586.1	93.860	228	9	4	1	223	236	9	6.70e-93	339
26eb9fd2-407b-4e03-9e31-40c3fbdbd4b8	NR_025587.1	93.860	228	9	4	1	223	236	9	6.70e-93	339
26eb9fd2-407b-4e03-9e31-40c3fbdbd4b8	NR_028706.1	93.860	228	9	4	1	223	249	22	6.70e-93	339
f18eac0e-39a5-4d5f-8ffe-87125bb5a28c	NR_025902.1	92.562	121	4	5	1	118	1332	1450	4.38e-42	169
f18eac0e-39a5-4d5f-8ffe-87125bb5a28c	NR_028844.1	92.562	121	4	5	1	118	1363	1481	4.38e-42	169
f18eac0e-39a5-4d5f-8ffe-87125bb5a28c	NR_040933.1	93.860	114	3	4	1	111	1376	1488	4.38e-42	169
f18eac0e-39a5-4d5f-8ffe-87125bb5a28c	NR_114098.1	93.860	114	3	4	1	111	1352	1464	4.38e-42	169
f18eac0e-39a5-4d5f-8ffe-87125bb5a28c	NR_117717.1	92.562	121	4	5	1	118	1374	1492	4.38e-42	169
91060829-d142-4d1a-b193-0fdaa0a9ce98	NR_024951.1	96.216	185	2	5	1	184	510	690	8.89e-81	298
91060829-d142-4d1a-b193-0fdaa0a9ce98	NR_029042.2	96.216	185	2	5	1	184	514	694	8.89e-81	298
91060829-d142-4d1a-b193-0fdaa0a9ce98	NR_178342.1	96.216	185	2	5	1	184	494	674	8.89e-81	298
91060829-d142-4d1a-b193-0fdaa0a9ce98	NR_178482.1	96.216	185	2	5	1	184	484	664	8.89e-81	298
91060829-d142-4d1a-b193-0fdaa0a9ce98	NR_179482.1	96.216	185	2	5	1	184	397	577	8.89e-81	298
56d9bbd7-d277-415d-9d1b-8409d10c3fcd	NR_164626.1	95.181	332	11	5	1	330	329	1	3.31e-147	520
56d9bbd7-d277-415d-9d1b-8409d10c3fcd	NR_024912.1	95.152	330	11	5	1	328	332	6	4.28e-146	516
56d9bbd7-d277-415d-9d1b-8409d10c3fcd	NR_028706.1	95.152	330	11	5	1	328	340	14	4.28e-146	516
56d9bbd7-d277-415d-9d1b-8409d10c3fcd	NR_037092.1	95.152	330	11	5	1	328	337	11	4.28e-146	516
56d9bbd7-d277-415d-9d1b-8409d10c3fcd	NR_042939.1	95.152	330	11	5	1	328	338	12	4.28e-146	516
d94c2b55-60d9-4f85-b092-ae11ecbb5f01	NR_125571.1	97.403	77	2	0	22	98	77	1	1.60e-31	134
d94c2b55-60d9-4f85-b092-ae11ecbb5f01	NR_024835.1	98.182	55	1	0	65	119	65	11	2.10e-20	97.1
d94c2b55-60d9-4f85-b092-ae11ecbb5f01	NR_036769.1	96.552	58	1	1	63	119	68	11	7.54e-20	95.3
d94c2b55-60d9-4f85-b092-ae11ecbb5f01	NR_104843.1	89.610	77	4	4	46	119	82	7	7.54e-20	95.3
d94c2b55-60d9-4f85-b092-ae11ecbb5f01	NR_116295.1	100.000	51	0	0	67	117	63	13	7.54e-20	95.3
1565ddc8-8cf7-47a7-97ac-20e3eb1ed9eb	NR_036936.1	96.847	222	6	1	1	222	221	1	6.89e-103	372
1565ddc8-8cf7-47a7-97ac-20e3eb1ed9eb	NR_114537.1	97.129	209	5	1	1	209	208	1	8.98e-97	351
1565ddc8-8cf7-47a7-97ac-20e3eb1ed9eb	NR_109720.1	95.833	216	8	1	1	216	215	1	1.16e-95	348
1565ddc8-8cf7-47a7-97ac-20e3eb1ed9eb	NR_042928.1	95.045	222	8	2	1	222	219	1	4.18e-95	346
1565ddc8-8cf7-47a7-97ac-20e3eb1ed9eb	NR_028664.1	93.534	232	12	2	1	232	242	14	5.40e-94	342
f795a1e0-6391-4d52-8601-3a8be6c7493d	NR_025550.1	99.254	134	0	1	1	133	952	1085	1.09e-63	241
f795a1e0-6391-4d52-8601-3a8be6c7493d	NR_042147.1	99.254	134	0	1	1	133	950	1083	1.09e-63	241
f795a1e0-6391-4d52-8601-3a8be6c7493d	NR_137215.1	99.254	134	0	1	1	133	957	1090	1.09e-63	241
f795a1e0-6391-4d52-8601-3a8be6c7493d	NR_197749.1	99.254	134	0	1	1	133	972	1105	1.09e-63	241
f795a1e0-6391-4d52-8601-3a8be6c7493d	NR_026395.1	98.507	134	1	1	1	133	970	1103	5.09e-62	235
583a0f45-98f4-4bcd-be10-b7e48f3bfbec	NR_025036.1	98.230	113	0	2	1	111	1381	1493	1.95e-50	196
583a0f45-98f4-4bcd-be10-b7e48f3bfbec	NR_044912.1	98.230	113	0	2	1	111	1317	1429	1.95e-50	196
583a0f45-98f4-4bcd-be10-b7e48f3bfbec	NR_134817.1	98.230	113	0	2	1	111	1375	1487	1.95e-50	196
583a0f45-98f4-4bcd-be10-b7e48f3bfbec	NR_179540.1	98.230	113	0	2	1	111	1380	1492	1.95e-50	196
583a0f45-98f4-4bcd-be10-b7e48f3bfbec	NR_024842.1	97.345	113	1	2	1	111	1377	1489	9.06e-49	191
87de6d29-577f-427c-b7a0-a95d88678631	NR_044091.1	91.586	309	14	11	1	299	407	101	4.03e-116	416
87de6d29-577f-427c-b7a0-a95d88678631	NR_041879.1	91.262	309	15	11	1	299	450	144	1.87e-114	411
87de6d29-577f-427c-b7a0-a95d88678631	NR_113570.1	91.262	309	15	11	1	299	500	194	1.87e-114	411
87de6d29-577f-427c-b7a0-a95d88678631	NR_115355.1	91.262	309	15	11	1	299	493	187	1.87e-114	411
87de6d29-577f-427c-b7a0-a95d88678631	NR_179325.1	91.262	309	15	11	1	299	467	161	1.87e-114	411
c0857077-e2fc-4f2f-ac61-f027f4e1e7f0	NR_165739.1	93.043	1193	46	28	1	1170	1216	38	0.0	1709
c0857077-e2fc-4f2f-ac61-f027f4e1e7f0	NR_118086.1	92.791	1193	49	27	1	1170	1233	55	0.0	1692
c0857077-e2fc-4f2f-ac61-f027f4e1e7f0	NR_116814.1	92.540	1193	52	28	1	1170	1216	38	0.0	1676
c0857077-e2fc-4f2f-ac61-f027f4e1e7f0	NR_104684.1	92.205	1193	56	27	1	1170	1236	58	0.0	1657
c0857077-e2fc-4f2f-ac61-f027f4e1e7f0	NR_179627.1	86.320	1155	113	39	1	1128	1228	92	0.0	1216
87ae9c18-ee6e-4e54-8e1d-6463b77d0a0d	NR_025902.1	91.705	217	10	7	1	212	1232	1445	1.38e-79	294
87ae9c18-ee6e-4e54-8e1d-6463b77d0a0d	NR_040933.1	91.705	217	10	7	1	212	1276	1489	1.38e-79	294
87ae9c18-ee6e-4e54-8e1d-6463b77d0a0d	NR_117717.1	91.705	217	10	7	1	212	1274	1487	1.38e-79	294
87ae9c18-ee6e-4e54-8e1d-6463b77d0a0d	NR_121688.1	91.705	217	10	7	1	212	1274	1487	1.38e-79	294
87ae9c18-ee6e-4e54-8e1d-6463b77d0a0d	NR_117692.1	91.705	217	10	7	1	212	1254	1467	1.38e-79	294
6a4f1c75-52e5-455e-af44-dd1ebb74bcbc	NR_025902.1	91.290	310	13	11	1	298	1437	1130	1.86e-114	411
6a4f1c75-52e5-455e-af44-dd1ebb74bcbc	NR_040933.1	91.290	310	13	11	1	298	1481	1174	1.86e-114	411
6a4f1c75-52e5-455e-af44-dd1ebb74bcbc	NR_117717.1	91.290	310	13	11	1	298	1479	1172	1.86e-114	411
6a4f1c75-52e5-455e-af44-dd1ebb74bcbc	NR_121688.1	91.290	310	13	11	1	298	1479	1172	1.86e-114	411
6a4f1c75-52e5-455e-af44-dd1ebb74bcbc	NR_117692.1	91.290	310	13	11	1	298	1459	1152	1.86e-114	411
