a291c97b-6160-4b52-95e3-1a4a3dde2d8b	NR_074980.1	92.786	402	12	17	1	391	980	585	5.05e-161	566
a291c97b-6160-4b52-95e3-1a4a3dde2d8b	NR_113031.1	92.786	402	12	17	1	391	980	585	5.05e-161	566
a291c97b-6160-4b52-95e3-1a4a3dde2d8b	NR_113570.1	92.786	402	12	17	1	391	960	565	5.05e-161	566
a291c97b-6160-4b52-95e3-1a4a3dde2d8b	NR_119168.1	92.786	402	12	17	1	391	958	563	5.05e-161	566
a291c97b-6160-4b52-95e3-1a4a3dde2d8b	NR_044091.1	92.786	402	12	17	1	391	867	472	5.05e-161	566
20fd2e0e-9304-4645-84c7-1e6c4eb766f8	NR_029148.1	91.791	134	7	4	4	133	1010	877	1.81e-46	183
20fd2e0e-9304-4645-84c7-1e6c4eb766f8	NR_042843.1	91.791	134	7	4	4	133	982	849	1.81e-46	183
20fd2e0e-9304-4645-84c7-1e6c4eb766f8	NR_102895.1	91.791	134	7	4	4	133	1010	877	1.81e-46	183
20fd2e0e-9304-4645-84c7-1e6c4eb766f8	NR_113105.1	91.791	134	7	4	4	133	990	857	1.81e-46	183
20fd2e0e-9304-4645-84c7-1e6c4eb766f8	NR_113113.1	91.791	134	7	4	4	133	990	857	1.81e-46	183
