a44fea4c-7149-404c-8573-fd3a711fe6a6	NR_042776.1	92.208	231	7	10	1	226	1224	1000	3.09e-86	316
a44fea4c-7149-404c-8573-fd3a711fe6a6	NR_042777.1	92.208	231	7	10	1	226	1223	999	3.09e-86	316
a44fea4c-7149-404c-8573-fd3a711fe6a6	NR_042778.1	92.208	231	7	10	1	226	1224	1000	3.09e-86	316
a44fea4c-7149-404c-8573-fd3a711fe6a6	NR_197695.1	92.208	231	7	10	1	226	1223	999	3.09e-86	316
a44fea4c-7149-404c-8573-fd3a711fe6a6	NR_024659.1	91.775	231	8	10	1	226	1180	956	1.44e-84	311
56b175bc-ef02-40f0-a3fc-d582720715db	NR_125571.1	99.091	110	0	1	1	109	436	545	1.84e-50	196
56b175bc-ef02-40f0-a3fc-d582720715db	NR_029097.1	98.182	110	1	1	1	109	412	521	8.58e-49	191
56b175bc-ef02-40f0-a3fc-d582720715db	NR_044054.1	98.182	110	1	1	1	109	418	527	8.58e-49	191
56b175bc-ef02-40f0-a3fc-d582720715db	NR_114315.1	98.182	110	1	1	1	109	457	566	8.58e-49	191
56b175bc-ef02-40f0-a3fc-d582720715db	NR_125570.1	98.182	110	1	1	1	109	394	503	8.58e-49	191
3a3c1383-a63f-408d-af57-f96632523481	NR_042764.1	99.301	143	1	0	1	143	1293	1435	3.26e-69	259
3a3c1383-a63f-408d-af57-f96632523481	NR_040859.1	98.601	143	2	0	1	143	1333	1475	1.51e-67	254
3a3c1383-a63f-408d-af57-f96632523481	NR_040992.1	98.601	143	2	0	1	143	1341	1483	1.51e-67	254
3a3c1383-a63f-408d-af57-f96632523481	NR_025881.1	98.601	143	2	0	1	143	1339	1481	1.51e-67	254
3a3c1383-a63f-408d-af57-f96632523481	NR_026395.1	98.601	143	2	0	1	143	1341	1483	1.51e-67	254
9f832456-a87a-4d55-a956-215aea5216e2	NR_024909.1	90.870	230	9	10	1	220	1384	1157	1.09e-80	298
9f832456-a87a-4d55-a956-215aea5216e2	NR_024912.1	90.870	230	9	10	1	220	1384	1157	1.09e-80	298
9f832456-a87a-4d55-a956-215aea5216e2	NR_024927.1	90.870	230	9	10	1	220	1384	1157	1.09e-80	298
9f832456-a87a-4d55-a956-215aea5216e2	NR_024950.1	90.870	230	9	10	1	220	1387	1160	1.09e-80	298
9f832456-a87a-4d55-a956-215aea5216e2	NR_024951.1	90.870	230	9	10	1	220	1387	1160	1.09e-80	298
9bdc9298-9688-4e7b-9e2c-6ceb8e7e5a12	NR_040859.1	97.585	207	1	3	1	206	1271	1474	7.85e-97	351
9bdc9298-9688-4e7b-9e2c-6ceb8e7e5a12	NR_040992.1	97.585	207	1	3	1	206	1279	1482	7.85e-97	351
9bdc9298-9688-4e7b-9e2c-6ceb8e7e5a12	NR_025881.1	97.585	207	1	3	1	206	1277	1480	7.85e-97	351
9bdc9298-9688-4e7b-9e2c-6ceb8e7e5a12	NR_026395.1	97.585	207	1	3	1	206	1279	1482	7.85e-97	351
9bdc9298-9688-4e7b-9e2c-6ceb8e7e5a12	NR_024662.1	97.585	207	1	3	1	206	1279	1482	7.85e-97	351
c8d3c23f-2e5b-426c-9c3b-55ff39110a92	NR_042928.1	95.977	174	4	2	5	178	171	1	3.28e-75	279
c8d3c23f-2e5b-426c-9c3b-55ff39110a92	NR_036936.1	95.429	175	7	1	4	178	174	1	1.18e-74	278
c8d3c23f-2e5b-426c-9c3b-55ff39110a92	NR_115560.1	94.475	181	7	2	7	187	189	12	4.24e-74	276
c8d3c23f-2e5b-426c-9c3b-55ff39110a92	NR_028664.1	94.444	180	7	2	7	186	192	16	1.53e-73	274
c8d3c23f-2e5b-426c-9c3b-55ff39110a92	NR_179385.1	94.444	180	7	2	7	186	193	17	1.53e-73	274
45fffeb5-dee8-4b4d-b062-d9e3c3bd4bf0	NR_114482.1	89.908	109	6	4	1	105	123	16	1.26e-32	137
45fffeb5-dee8-4b4d-b062-d9e3c3bd4bf0	NR_114330.1	78.125	128	15	9	1	119	125	2	4.67e-12	69.4
45fffeb5-dee8-4b4d-b062-d9e3c3bd4bf0	NR_180934.1	78.512	121	14	9	10	120	129	11	4.67e-12	69.4
45fffeb5-dee8-4b4d-b062-d9e3c3bd4bf0	NR_117455.1	78.632	117	14	8	1	108	119	5	1.68e-11	67.6
45fffeb5-dee8-4b4d-b062-d9e3c3bd4bf0	NR_145913.1	78.632	117	14	8	1	108	139	25	1.68e-11	67.6
3bf93bfd-f4f1-48a4-bae0-d65c2608fbc1	NR_029148.1	95.152	165	6	2	1	164	1241	1404	3.70e-69	259
3bf93bfd-f4f1-48a4-bae0-d65c2608fbc1	NR_042843.1	95.152	165	6	2	1	164	1214	1377	3.70e-69	259
3bf93bfd-f4f1-48a4-bae0-d65c2608fbc1	NR_102895.1	95.152	165	6	2	1	164	1242	1405	3.70e-69	259
3bf93bfd-f4f1-48a4-bae0-d65c2608fbc1	NR_113113.1	95.152	165	6	2	1	164	1222	1385	3.70e-69	259
3bf93bfd-f4f1-48a4-bae0-d65c2608fbc1	NR_113124.1	95.152	165	6	2	1	164	1234	1397	3.70e-69	259
864579ff-8122-4aac-af4e-96c75483b596	NR_024946.1	96.763	278	5	4	1	275	285	9	1.71e-129	460
864579ff-8122-4aac-af4e-96c75483b596	NR_112077.1	96.763	278	5	4	1	275	295	19	1.71e-129	460
864579ff-8122-4aac-af4e-96c75483b596	NR_113578.1	96.763	278	5	4	1	275	277	1	1.71e-129	460
864579ff-8122-4aac-af4e-96c75483b596	NR_148763.1	96.763	278	5	4	1	275	297	21	1.71e-129	460
864579ff-8122-4aac-af4e-96c75483b596	NR_136473.1	96.763	278	5	4	1	275	280	4	1.71e-129	460
6cbfe042-5e57-4f15-b111-24211a91b233	NR_028826.1	93.413	167	5	5	1	165	208	370	3.72e-64	243
6cbfe042-5e57-4f15-b111-24211a91b233	NR_040992.1	93.413	167	5	5	1	165	226	388	3.72e-64	243
6cbfe042-5e57-4f15-b111-24211a91b233	NR_026395.1	93.413	167	5	5	1	165	226	388	3.72e-64	243
6cbfe042-5e57-4f15-b111-24211a91b233	NR_024707.1	93.413	167	5	5	1	165	208	370	3.72e-64	243
6cbfe042-5e57-4f15-b111-24211a91b233	NR_024734.1	93.413	167	5	5	1	165	206	368	3.72e-64	243
db625080-1c8f-411f-93ba-32f3ad692c50	NR_024712.1	97.183	142	1	3	24	163	1322	1462	1.73e-62	237
db625080-1c8f-411f-93ba-32f3ad692c50	NR_036995.1	97.183	142	1	3	24	163	1334	1474	1.73e-62	237
db625080-1c8f-411f-93ba-32f3ad692c50	NR_027203.1	96.503	143	1	4	24	163	1323	1464	2.24e-61	233
db625080-1c8f-411f-93ba-32f3ad692c50	NR_027191.1	96.479	142	2	3	24	163	1306	1446	8.06e-61	231
db625080-1c8f-411f-93ba-32f3ad692c50	NR_118782.1	97.015	134	1	3	24	155	1302	1434	4.85e-58	222
c288032d-5f38-4156-8cb9-d26987b65d00	NR_179383.1	93.868	212	9	4	1	208	231	20	2.83e-86	316
c288032d-5f38-4156-8cb9-d26987b65d00	NR_115560.1	93.427	213	10	4	1	209	224	12	3.67e-85	313
c288032d-5f38-4156-8cb9-d26987b65d00	NR_165744.1	93.427	213	10	4	1	209	213	1	3.67e-85	313
c288032d-5f38-4156-8cb9-d26987b65d00	NR_028664.1	93.396	212	10	4	1	208	227	16	1.32e-84	311
c288032d-5f38-4156-8cb9-d26987b65d00	NR_199545.1	93.396	212	10	4	1	208	224	13	1.32e-84	311
34a9856c-7872-4439-857e-990f0e592d78	NR_036936.1	93.913	115	4	3	9	120	118	4	1.38e-42	171
34a9856c-7872-4439-857e-990f0e592d78	NR_117425.1	93.043	115	5	3	9	120	121	7	6.42e-41	165
34a9856c-7872-4439-857e-990f0e592d78	NR_109720.1	92.857	112	5	3	9	117	112	1	2.99e-39	159
34a9856c-7872-4439-857e-990f0e592d78	NR_114537.1	93.333	105	4	3	9	110	105	1	5.00e-37	152
34a9856c-7872-4439-857e-990f0e592d78	NR_103943.1	90.598	117	8	3	9	122	144	28	5.00e-37	152
96c62eca-1742-4d19-bb27-d055c188bec0	NR_043332.1	92.241	116	3	5	1	110	1476	1361	2.45e-39	159
96c62eca-1742-4d19-bb27-d055c188bec0	NR_074980.1	92.241	116	3	5	1	110	1503	1388	2.45e-39	159
96c62eca-1742-4d19-bb27-d055c188bec0	NR_113031.1	92.241	116	3	5	1	110	1503	1388	2.45e-39	159
96c62eca-1742-4d19-bb27-d055c188bec0	NR_113570.1	92.241	116	3	5	1	110	1483	1368	2.45e-39	159
96c62eca-1742-4d19-bb27-d055c188bec0	NR_115354.1	92.241	116	3	5	1	110	1476	1361	2.45e-39	159
5b242e59-352d-4a91-b122-d98774e7616d	NR_044426.1	94.681	94	3	2	1	94	1217	1126	5.48e-35	145
5b242e59-352d-4a91-b122-d98774e7616d	NR_043222.1	95.506	89	2	2	1	89	1202	1116	7.09e-34	141
5b242e59-352d-4a91-b122-d98774e7616d	NR_121684.1	95.506	89	2	2	1	89	1211	1125	7.09e-34	141
5b242e59-352d-4a91-b122-d98774e7616d	NR_043965.1	95.506	89	2	2	1	89	1197	1111	7.09e-34	141
5b242e59-352d-4a91-b122-d98774e7616d	NR_145639.1	95.506	89	2	2	1	89	1202	1116	7.09e-34	141
30bbebf3-2634-45c8-8d01-4022455f9dd5	NR_040859.1	97.512	201	1	2	1	200	1281	1478	1.62e-93	340
30bbebf3-2634-45c8-8d01-4022455f9dd5	NR_040992.1	97.512	201	1	2	1	200	1289	1486	1.62e-93	340
30bbebf3-2634-45c8-8d01-4022455f9dd5	NR_025881.1	97.512	201	1	2	1	200	1287	1484	1.62e-93	340
30bbebf3-2634-45c8-8d01-4022455f9dd5	NR_026395.1	97.512	201	1	2	1	200	1289	1486	1.62e-93	340
30bbebf3-2634-45c8-8d01-4022455f9dd5	NR_024662.1	97.512	201	1	2	1	200	1289	1486	1.62e-93	340
fa00515b-528e-4bd0-bf18-e969cf286a44	NR_148763.1	94.565	736	14	22	4	722	738	12	0.0	1114
fa00515b-528e-4bd0-bf18-e969cf286a44	NR_024946.1	93.741	735	20	22	4	721	726	1	0.0	1079
fa00515b-528e-4bd0-bf18-e969cf286a44	NR_028619.1	93.605	735	21	22	4	721	739	14	0.0	1075
fa00515b-528e-4bd0-bf18-e969cf286a44	NR_148764.1	93.614	736	21	20	4	722	738	12	0.0	1075
fa00515b-528e-4bd0-bf18-e969cf286a44	NR_113578.1	93.673	727	20	22	4	713	718	1	0.0	1064
6ac191f0-373e-43a7-b843-59ee53a01abd	NR_024946.1	97.013	770	11	10	1	760	1419	652	0.0	1284
6ac191f0-373e-43a7-b843-59ee53a01abd	NR_148763.1	97.013	770	11	10	1	760	1431	664	0.0	1284
6ac191f0-373e-43a7-b843-59ee53a01abd	NR_148764.1	97.013	770	11	10	1	760	1431	664	0.0	1284
6ac191f0-373e-43a7-b843-59ee53a01abd	NR_117552.1	97.013	770	11	10	1	760	1411	644	0.0	1284
6ac191f0-373e-43a7-b843-59ee53a01abd	NR_136473.1	97.013	770	11	10	1	760	1414	647	0.0	1284
e5b1fc2a-caa6-4afb-ba48-d9dd8446f1c2	NR_148763.1	96.099	282	4	3	1	280	287	11	2.85e-127	453
e5b1fc2a-caa6-4afb-ba48-d9dd8446f1c2	NR_024946.1	96.071	280	4	3	1	278	275	1	3.68e-126	449
e5b1fc2a-caa6-4afb-ba48-d9dd8446f1c2	NR_112077.1	96.071	280	4	3	1	278	285	11	3.68e-126	449
e5b1fc2a-caa6-4afb-ba48-d9dd8446f1c2	NR_028619.1	95.714	280	5	3	1	278	288	14	4.76e-125	446
e5b1fc2a-caa6-4afb-ba48-d9dd8446f1c2	NR_136473.1	96.000	275	4	3	1	273	270	1	2.22e-123	440
b35635dd-4b0a-4c93-9426-2747d6c5033e	NR_148763.1	92.220	964	41	24	5	952	541	1486	0.0	1334
b35635dd-4b0a-4c93-9426-2747d6c5033e	NR_148764.1	92.220	964	41	24	5	952	541	1486	0.0	1334
b35635dd-4b0a-4c93-9426-2747d6c5033e	NR_028619.1	92.012	964	41	26	5	952	542	1485	0.0	1321
b35635dd-4b0a-4c93-9426-2747d6c5033e	NR_113578.1	91.979	960	43	25	5	948	521	1462	0.0	1319
b35635dd-4b0a-4c93-9426-2747d6c5033e	NR_117552.1	92.105	950	41	24	5	938	521	1452	0.0	1308
3b45a19a-9c6a-4db1-9317-2e71f5778613	NR_181838.1	94.983	598	9	17	1	591	607	24	0.0	918
3b45a19a-9c6a-4db1-9317-2e71f5778613	NR_179985.1	94.816	598	10	16	1	591	604	21	0.0	913
3b45a19a-9c6a-4db1-9317-2e71f5778613	NR_126220.1	94.649	598	11	16	1	591	590	7	0.0	907
3b45a19a-9c6a-4db1-9317-2e71f5778613	NR_179103.1	94.649	598	11	17	1	591	608	25	0.0	907
3b45a19a-9c6a-4db1-9317-2e71f5778613	NR_179728.1	94.649	598	11	17	1	591	604	21	0.0	907
35df1dda-a253-4c69-bfc3-f49f70591d14	NR_115241.1	93.350	812	31	16	1	798	808	6	0.0	1179
35df1dda-a253-4c69-bfc3-f49f70591d14	NR_115735.1	93.432	807	29	17	1	792	799	2	0.0	1175
35df1dda-a253-4c69-bfc3-f49f70591d14	NR_024842.1	93.103	812	33	16	1	798	823	21	0.0	1171
35df1dda-a253-4c69-bfc3-f49f70591d14	NR_178515.1	92.620	813	35	18	1	798	808	6	0.0	1146
35df1dda-a253-4c69-bfc3-f49f70591d14	NR_117425.1	92.365	812	39	19	1	798	811	9	0.0	1134
42bd3c7c-c269-4240-8ce3-5264ae75ebf1	NR_148763.1	94.104	441	18	5	3	437	463	25	0.0	664
42bd3c7c-c269-4240-8ce3-5264ae75ebf1	NR_024927.1	93.197	441	22	5	3	437	456	18	0.0	641
42bd3c7c-c269-4240-8ce3-5264ae75ebf1	NR_043195.1	93.197	441	22	5	3	437	461	23	0.0	641
42bd3c7c-c269-4240-8ce3-5264ae75ebf1	NR_114223.1	93.197	441	22	5	3	437	443	5	0.0	641
42bd3c7c-c269-4240-8ce3-5264ae75ebf1	NR_178342.1	93.197	441	22	5	3	437	443	5	0.0	641
d79ce68c-c621-4d5d-b96a-e61bd497caaa	NR_148763.1	93.110	508	18	15	1	500	142	640	0.0	728
d79ce68c-c621-4d5d-b96a-e61bd497caaa	NR_024927.1	92.308	507	22	15	2	500	136	633	0.0	704
d79ce68c-c621-4d5d-b96a-e61bd497caaa	NR_114223.1	92.308	507	22	15	2	500	123	620	0.0	704
d79ce68c-c621-4d5d-b96a-e61bd497caaa	NR_178482.1	92.126	508	23	15	1	500	112	610	0.0	701
d79ce68c-c621-4d5d-b96a-e61bd497caaa	NR_179227.1	92.555	497	20	15	1	489	142	629	0.0	697
e35251a9-3a82-46f9-8d8f-00381383ed09	NR_074980.1	95.573	384	10	6	1	379	393	12	8.01e-174	608
e35251a9-3a82-46f9-8d8f-00381383ed09	NR_113031.1	95.573	384	10	6	1	379	393	12	8.01e-174	608
e35251a9-3a82-46f9-8d8f-00381383ed09	NR_163639.1	95.561	383	9	7	1	378	384	5	2.88e-173	606
e35251a9-3a82-46f9-8d8f-00381383ed09	NR_119168.1	95.946	370	9	5	1	366	371	4	6.23e-170	595
e35251a9-3a82-46f9-8d8f-00381383ed09	NR_119169.1	95.676	370	10	5	1	366	371	4	8.07e-169	592
5161d2c2-0848-42cc-b1b2-39dbfbae06a8	NR_179985.1	92.565	538	23	17	1	529	541	12	0.0	756
5161d2c2-0848-42cc-b1b2-39dbfbae06a8	NR_181838.1	92.565	538	23	17	1	529	544	15	0.0	756
5161d2c2-0848-42cc-b1b2-39dbfbae06a8	NR_126220.1	92.523	535	23	17	1	526	527	1	0.0	750
5161d2c2-0848-42cc-b1b2-39dbfbae06a8	NR_179103.1	92.193	538	25	17	1	529	545	16	0.0	745
5161d2c2-0848-42cc-b1b2-39dbfbae06a8	NR_179728.1	92.193	538	25	17	1	529	541	12	0.0	745
96595abd-d06a-4fd5-8ce5-ce9e92b76dfd	NR_148763.1	93.137	816	29	27	7	810	683	1483	0.0	1171
96595abd-d06a-4fd5-8ce5-ce9e92b76dfd	NR_113578.1	93.006	815	30	27	7	809	663	1462	0.0	1166
96595abd-d06a-4fd5-8ce5-ce9e92b76dfd	NR_148764.1	93.015	816	30	27	7	810	683	1483	0.0	1166
96595abd-d06a-4fd5-8ce5-ce9e92b76dfd	NR_028619.1	92.892	816	29	29	7	810	684	1482	0.0	1158
96595abd-d06a-4fd5-8ce5-ce9e92b76dfd	NR_024946.1	93.026	803	29	27	7	797	671	1458	0.0	1147
5d6ce273-b8e4-431a-9ad9-a3f0693341ba	NR_199518.1	90.808	359	17	13	4	349	925	570	4.70e-131	466
5d6ce273-b8e4-431a-9ad9-a3f0693341ba	NR_181354.1	90.808	359	16	13	4	349	1007	653	1.69e-130	464
5d6ce273-b8e4-431a-9ad9-a3f0693341ba	NR_024902.1	90.529	359	18	12	4	349	996	641	2.19e-129	460
5d6ce273-b8e4-431a-9ad9-a3f0693341ba	NR_024918.1	90.529	359	18	12	4	349	994	639	2.19e-129	460
5d6ce273-b8e4-431a-9ad9-a3f0693341ba	NR_024927.1	90.529	359	18	12	4	349	994	639	2.19e-129	460
43b76f03-eb86-47d7-ac4a-bf9187ca19b2	NR_181838.1	91.231	1300	65	43	1	1275	1292	17	0.0	1724
43b76f03-eb86-47d7-ac4a-bf9187ca19b2	NR_116899.1	91.660	1271	60	40	1	1249	1256	10	0.0	1718
43b76f03-eb86-47d7-ac4a-bf9187ca19b2	NR_179985.1	91.154	1300	66	43	1	1275	1289	14	0.0	1718
43b76f03-eb86-47d7-ac4a-bf9187ca19b2	NR_179103.1	91.077	1300	67	43	1	1275	1293	18	0.0	1712
43b76f03-eb86-47d7-ac4a-bf9187ca19b2	NR_179728.1	91.077	1300	67	43	1	1275	1289	14	0.0	1712
e533e8b3-12c2-4005-afa0-2343e9271c65	NR_024918.1	91.417	769	27	27	1	742	698	1454	0.0	1018
e533e8b3-12c2-4005-afa0-2343e9271c65	NR_025227.1	91.417	769	27	27	1	742	681	1437	0.0	1018
e533e8b3-12c2-4005-afa0-2343e9271c65	NR_116899.1	91.417	769	27	27	1	742	672	1428	0.0	1018
e533e8b3-12c2-4005-afa0-2343e9271c65	NR_164626.1	91.417	769	27	27	1	742	695	1451	0.0	1018
e533e8b3-12c2-4005-afa0-2343e9271c65	NR_179889.1	91.417	769	27	27	1	742	712	1468	0.0	1018
3244be88-6487-49fd-884a-686b923c143a	NR_148763.1	97.005	601	6	11	1	597	603	11	0.0	1000
3244be88-6487-49fd-884a-686b923c143a	NR_024927.1	96.160	599	11	11	1	595	596	6	0.0	968
3244be88-6487-49fd-884a-686b923c143a	NR_024946.1	96.160	599	11	11	1	595	591	1	0.0	968
3244be88-6487-49fd-884a-686b923c143a	NR_043195.1	96.160	599	11	11	1	595	601	11	0.0	968
3244be88-6487-49fd-884a-686b923c143a	NR_179227.1	96.160	599	11	11	1	595	603	13	0.0	968
cdfe9093-8ae8-4a8c-856d-1392b94ec944	NR_024704.1	94.660	412	14	7	1	406	1436	1027	0.0	632
cdfe9093-8ae8-4a8c-856d-1392b94ec944	NR_024946.1	94.660	412	14	7	1	406	1436	1027	0.0	632
cdfe9093-8ae8-4a8c-856d-1392b94ec944	NR_036909.1	94.660	412	14	7	1	406	1446	1037	0.0	632
cdfe9093-8ae8-4a8c-856d-1392b94ec944	NR_113578.1	94.660	412	14	7	1	406	1428	1019	0.0	632
cdfe9093-8ae8-4a8c-856d-1392b94ec944	NR_148763.1	94.660	412	14	7	1	406	1448	1039	0.0	632
a44212d0-679f-44cc-8557-134bec75caea	NR_148763.1	93.750	480	13	12	1	472	482	12	0.0	704
a44212d0-679f-44cc-8557-134bec75caea	NR_178482.1	94.143	461	9	12	1	452	452	1	0.0	686
a44212d0-679f-44cc-8557-134bec75caea	NR_024927.1	93.418	471	13	12	1	462	475	14	0.0	682
a44212d0-679f-44cc-8557-134bec75caea	NR_025588.1	93.418	471	13	13	1	462	470	9	0.0	682
a44212d0-679f-44cc-8557-134bec75caea	NR_043195.1	93.418	471	13	12	1	462	480	19	0.0	682
a0ec4b37-1415-4c22-ac4f-f027929e57e3	NR_024842.1	88.192	813	53	33	6	794	801	8	0.0	933
a0ec4b37-1415-4c22-ac4f-f027929e57e3	NR_115241.1	88.323	805	51	33	6	786	786	1	0.0	926
a0ec4b37-1415-4c22-ac4f-f027929e57e3	NR_178515.1	88.337	806	49	35	6	786	786	1	0.0	926
a0ec4b37-1415-4c22-ac4f-f027929e57e3	NR_115735.1	88.065	796	51	33	6	776	777	1	0.0	904
a0ec4b37-1415-4c22-ac4f-f027929e57e3	NR_165737.1	87.841	806	53	35	6	786	786	1	0.0	904
914f9774-171c-4dd9-9704-91d181c6c441	NR_025271.1	91.216	148	9	4	1	146	1330	1475	7.31e-51	198
914f9774-171c-4dd9-9704-91d181c6c441	NR_025690.1	91.216	148	9	4	1	146	1345	1490	7.31e-51	198
914f9774-171c-4dd9-9704-91d181c6c441	NR_025800.1	91.216	148	9	4	1	146	1322	1467	7.31e-51	198
914f9774-171c-4dd9-9704-91d181c6c441	NR_174285.1	91.216	148	9	4	1	146	1342	1487	7.31e-51	198
914f9774-171c-4dd9-9704-91d181c6c441	NR_027551.1	91.216	148	9	4	1	146	1329	1474	7.31e-51	198
c02c7368-0344-48f7-96e9-c5974eca8de6	NR_136788.1	94.888	313	7	9	2	309	1138	1446	1.62e-135	481
c02c7368-0344-48f7-96e9-c5974eca8de6	NR_026230.1	92.971	313	13	9	2	309	1116	1424	1.65e-125	448
c02c7368-0344-48f7-96e9-c5974eca8de6	NR_113082.1	92.971	313	13	9	2	309	1138	1446	1.65e-125	448
c02c7368-0344-48f7-96e9-c5974eca8de6	NR_136443.1	92.182	307	15	9	8	309	1106	1408	7.71e-119	425
c02c7368-0344-48f7-96e9-c5974eca8de6	NR_026136.1	90.909	308	20	8	8	311	1126	1429	2.79e-113	407
747ff95f-ccb6-46bd-b862-b57c63e65633	NR_024946.1	93.696	349	10	10	1	341	1337	993	5.75e-145	512
747ff95f-ccb6-46bd-b862-b57c63e65633	NR_148763.1	93.696	349	10	10	1	341	1349	1005	5.75e-145	512
747ff95f-ccb6-46bd-b862-b57c63e65633	NR_148764.1	93.696	349	10	10	1	341	1349	1005	5.75e-145	512
747ff95f-ccb6-46bd-b862-b57c63e65633	NR_117552.1	93.696	349	10	10	1	341	1329	985	5.75e-145	512
747ff95f-ccb6-46bd-b862-b57c63e65633	NR_136473.1	93.696	349	10	10	1	341	1332	988	5.75e-145	512
6ee6c34a-3bfe-4271-b033-835e18137df2	NR_148763.1	90.897	747	38	19	1	727	762	26	0.0	976
6ee6c34a-3bfe-4271-b033-835e18137df2	NR_024927.1	90.241	748	41	20	1	727	755	19	0.0	948
6ee6c34a-3bfe-4271-b033-835e18137df2	NR_114223.1	90.241	748	41	20	1	727	742	6	0.0	948
6ee6c34a-3bfe-4271-b033-835e18137df2	NR_024946.1	90.094	747	44	19	1	727	750	14	0.0	942
6ee6c34a-3bfe-4271-b033-835e18137df2	NR_113578.1	90.094	747	44	19	1	727	742	6	0.0	942
