f24582bb-fbe5-420e-b789-998150f3a744	NR_043314.1	91.501	353	14	12	1	343	1258	912	9.89e-133	472
f24582bb-fbe5-420e-b789-998150f3a744	NR_116905.1	91.501	353	14	12	1	343	1261	915	9.89e-133	472
f24582bb-fbe5-420e-b789-998150f3a744	NR_116899.1	91.501	353	14	12	1	343	1227	881	9.89e-133	472
f24582bb-fbe5-420e-b789-998150f3a744	NR_118125.1	91.501	353	14	12	1	343	1247	901	9.89e-133	472
f24582bb-fbe5-420e-b789-998150f3a744	NR_149822.1	91.501	353	14	12	1	343	1223	877	9.89e-133	472
5983cef3-26f3-4e60-bf11-dc9d79ddadb0	NR_024946.1	97.674	516	8	4	2	517	1198	687	0.0	883
5983cef3-26f3-4e60-bf11-dc9d79ddadb0	NR_148763.1	97.674	516	8	4	2	517	1210	699	0.0	883
5983cef3-26f3-4e60-bf11-dc9d79ddadb0	NR_148764.1	97.674	516	8	4	2	517	1210	699	0.0	883
5983cef3-26f3-4e60-bf11-dc9d79ddadb0	NR_117552.1	97.674	516	8	4	2	517	1190	679	0.0	883
5983cef3-26f3-4e60-bf11-dc9d79ddadb0	NR_136473.1	97.674	516	8	4	2	517	1193	682	0.0	883
1cd8aec8-53b0-44a1-9f55-e975b93b9246	NR_148763.1	97.368	570	7	6	7	569	919	1487	0.0	963
1cd8aec8-53b0-44a1-9f55-e975b93b9246	NR_148764.1	97.193	570	8	6	7	569	919	1487	0.0	957
1cd8aec8-53b0-44a1-9f55-e975b93b9246	NR_024704.1	97.018	570	9	6	7	569	907	1475	0.0	952
1cd8aec8-53b0-44a1-9f55-e975b93b9246	NR_181838.1	97.018	570	9	6	7	569	922	1490	0.0	952
1cd8aec8-53b0-44a1-9f55-e975b93b9246	NR_028986.1	96.842	570	10	6	7	569	899	1467	0.0	946
584654c0-d25e-45bb-aae7-7c8df78cac09	NR_117822.1	89.074	540	33	20	1	523	553	1083	0.0	647
584654c0-d25e-45bb-aae7-7c8df78cac09	NR_025228.1	88.889	540	34	20	1	523	575	1105	0.0	641
584654c0-d25e-45bb-aae7-7c8df78cac09	NR_025549.1	88.889	540	34	20	1	523	581	1111	0.0	641
584654c0-d25e-45bb-aae7-7c8df78cac09	NR_025550.1	88.889	540	34	20	1	523	581	1111	0.0	641
584654c0-d25e-45bb-aae7-7c8df78cac09	NR_036830.1	89.139	534	32	20	1	517	561	1085	0.0	641
3a015323-9214-4fad-a4d9-b43e6af637cf	NR_115355.1	96.059	1218	19	24	1	1197	276	1485	0.0	1956
3a015323-9214-4fad-a4d9-b43e6af637cf	NR_179325.1	96.059	1218	19	24	1	1197	250	1459	0.0	1956
3a015323-9214-4fad-a4d9-b43e6af637cf	NR_119169.1	95.813	1218	22	25	1	1197	281	1490	0.0	1943
3a015323-9214-4fad-a4d9-b43e6af637cf	NR_163639.1	95.652	1219	18	31	1	1197	295	1500	0.0	1925
3a015323-9214-4fad-a4d9-b43e6af637cf	NR_113570.1	95.406	1219	26	25	1	1197	283	1493	0.0	1914
01071df6-53b4-41c9-be82-7608d04638ad	NR_148763.1	95.860	1232	27	17	1	1216	263	1486	0.0	1971
01071df6-53b4-41c9-be82-7608d04638ad	NR_148764.1	95.292	1232	34	17	1	1216	263	1486	0.0	1932
01071df6-53b4-41c9-be82-7608d04638ad	NR_028619.1	95.211	1232	33	19	1	1216	264	1485	0.0	1925
01071df6-53b4-41c9-be82-7608d04638ad	NR_113578.1	95.195	1228	35	17	1	1212	243	1462	0.0	1921
01071df6-53b4-41c9-be82-7608d04638ad	NR_024946.1	95.312	1216	33	17	1	1200	251	1458	0.0	1908
8d522b3d-5ac0-4508-9f56-e98e30ccb5ee	NR_024918.1	95.616	479	8	7	1	468	1441	965	0.0	756
8d522b3d-5ac0-4508-9f56-e98e30ccb5ee	NR_025227.1	95.616	479	8	7	1	468	1424	948	0.0	756
8d522b3d-5ac0-4508-9f56-e98e30ccb5ee	NR_043314.1	95.616	479	8	7	1	468	1446	970	0.0	756
8d522b3d-5ac0-4508-9f56-e98e30ccb5ee	NR_116899.1	95.616	479	8	7	1	468	1415	939	0.0	756
8d522b3d-5ac0-4508-9f56-e98e30ccb5ee	NR_164626.1	95.616	479	8	7	1	468	1438	962	0.0	756
3ee84f48-3b0e-4be9-94ea-3c19165bbdfa	NR_025549.1	95.729	398	6	7	8	399	443	835	1.80e-180	630
3ee84f48-3b0e-4be9-94ea-3c19165bbdfa	NR_117821.1	95.718	397	8	7	8	399	413	805	1.80e-180	630
3ee84f48-3b0e-4be9-94ea-3c19165bbdfa	NR_117822.1	95.729	398	6	7	8	399	415	807	1.80e-180	630
3ee84f48-3b0e-4be9-94ea-3c19165bbdfa	NR_114911.1	95.718	397	8	7	8	399	464	856	1.80e-180	630
3ee84f48-3b0e-4be9-94ea-3c19165bbdfa	NR_178423.1	95.729	398	6	7	8	399	443	835	1.80e-180	630
a4475692-77a3-436c-a436-e7acb8fa2ffb	NR_024946.1	97.895	285	3	3	1	283	1011	728	2.20e-138	490
a4475692-77a3-436c-a436-e7acb8fa2ffb	NR_028619.1	97.895	285	3	3	1	283	1024	741	2.20e-138	490
a4475692-77a3-436c-a436-e7acb8fa2ffb	NR_148763.1	97.895	285	3	3	1	283	1023	740	2.20e-138	490
a4475692-77a3-436c-a436-e7acb8fa2ffb	NR_148764.1	97.895	285	3	3	1	283	1023	740	2.20e-138	490
a4475692-77a3-436c-a436-e7acb8fa2ffb	NR_117552.1	97.895	285	3	3	1	283	1003	720	2.20e-138	490
b6cdd7f6-6459-433c-8a43-5cffc63c86e7	NR_148763.1	98.171	1367	11	11	1	1361	129	1487	0.0	2374
b6cdd7f6-6459-433c-8a43-5cffc63c86e7	NR_148764.1	97.659	1367	18	11	1	1361	129	1487	0.0	2335
b6cdd7f6-6459-433c-8a43-5cffc63c86e7	NR_113578.1	97.651	1362	18	11	1	1356	109	1462	0.0	2327
b6cdd7f6-6459-433c-8a43-5cffc63c86e7	NR_028619.1	97.513	1367	18	13	1	1361	130	1486	0.0	2322
b6cdd7f6-6459-433c-8a43-5cffc63c86e7	NR_024946.1	97.774	1348	16	11	1	1342	117	1456	0.0	2311
323b8532-d034-49a7-832d-5830f2bd763a	NR_148763.1	91.003	1445	63	48	1	1397	62	1487	0.0	1886
323b8532-d034-49a7-832d-5830f2bd763a	NR_028619.1	90.450	1445	69	50	1	1397	63	1486	0.0	1840
323b8532-d034-49a7-832d-5830f2bd763a	NR_148764.1	90.730	1424	68	46	19	1397	83	1487	0.0	1840
323b8532-d034-49a7-832d-5830f2bd763a	NR_113578.1	90.423	1441	69	48	1	1392	42	1462	0.0	1836
323b8532-d034-49a7-832d-5830f2bd763a	NR_024946.1	90.476	1428	69	48	1	1380	50	1458	0.0	1821
ccdeac99-3931-43d4-97ca-3b700621ee9f	NR_181838.1	96.693	514	5	10	1	510	529	24	0.0	845
ccdeac99-3931-43d4-97ca-3b700621ee9f	NR_126220.1	96.304	514	7	10	1	510	512	7	0.0	833
ccdeac99-3931-43d4-97ca-3b700621ee9f	NR_179103.1	96.304	514	7	10	1	510	530	25	0.0	833
ccdeac99-3931-43d4-97ca-3b700621ee9f	NR_179728.1	96.304	514	7	10	1	510	526	21	0.0	833
ccdeac99-3931-43d4-97ca-3b700621ee9f	NR_179985.1	96.304	514	7	10	1	510	526	21	0.0	833
4cd5f28f-8262-44e2-8651-a3b20d6a9696	NR_181838.1	89.497	457	29	14	1	446	462	14	2.69e-159	560
4cd5f28f-8262-44e2-8651-a3b20d6a9696	NR_116899.1	91.505	412	17	14	1	400	426	21	1.62e-156	551
4cd5f28f-8262-44e2-8651-a3b20d6a9696	NR_179103.1	89.059	457	31	14	1	446	463	15	5.82e-156	549
4cd5f28f-8262-44e2-8651-a3b20d6a9696	NR_179728.1	89.059	457	31	14	1	446	459	11	5.82e-156	549
4cd5f28f-8262-44e2-8651-a3b20d6a9696	NR_179985.1	90.255	431	27	12	23	446	433	11	5.82e-156	549
ccadae2d-4839-464c-8bf8-0a3da89b7a05	NR_181354.1	95.252	1053	35	12	1	1045	444	1489	0.0	1653
ccadae2d-4839-464c-8bf8-0a3da89b7a05	NR_114595.1	94.701	1019	39	13	1	1009	437	1450	0.0	1568
ccadae2d-4839-464c-8bf8-0a3da89b7a05	NR_118158.1	90.172	1048	84	16	10	1045	442	1482	0.0	1347
ccadae2d-4839-464c-8bf8-0a3da89b7a05	NR_044836.2	88.159	1005	98	17	30	1022	476	1471	0.0	1201
ccadae2d-4839-464c-8bf8-0a3da89b7a05	NR_029228.1	87.931	986	97	19	28	1002	473	1447	0.0	1144
3cb60002-d2cd-4a41-85c2-b7383eec7337	NR_148763.1	96.486	313	4	6	4	314	202	509	1.90e-144	510
3cb60002-d2cd-4a41-85c2-b7383eec7337	NR_178482.1	96.486	313	4	6	4	314	172	479	1.90e-144	510
3cb60002-d2cd-4a41-85c2-b7383eec7337	NR_024927.1	96.166	313	5	6	4	314	195	502	8.84e-143	505
3cb60002-d2cd-4a41-85c2-b7383eec7337	NR_025227.1	96.166	313	5	6	4	314	178	485	8.84e-143	505
3cb60002-d2cd-4a41-85c2-b7383eec7337	NR_114223.1	96.166	313	5	6	4	314	182	489	8.84e-143	505
db3b5ef0-a1d3-4f85-aacf-a56a25de5ce2	NR_148763.1	93.662	1357	43	37	3	1325	68	1415	0.0	1989
db3b5ef0-a1d3-4f85-aacf-a56a25de5ce2	NR_024946.1	93.220	1357	49	37	3	1325	56	1403	0.0	1956
db3b5ef0-a1d3-4f85-aacf-a56a25de5ce2	NR_028619.1	93.215	1356	49	37	3	1325	69	1414	0.0	1954
db3b5ef0-a1d3-4f85-aacf-a56a25de5ce2	NR_113578.1	93.073	1357	51	37	3	1325	48	1395	0.0	1949
db3b5ef0-a1d3-4f85-aacf-a56a25de5ce2	NR_148764.1	93.309	1345	49	35	13	1325	80	1415	0.0	1947
24ea339d-7be9-4eba-b41f-f60a7906e9ca	NR_148763.1	92.599	581	16	16	1	555	785	206	0.0	809
24ea339d-7be9-4eba-b41f-f60a7906e9ca	NR_118155.1	92.096	582	17	19	1	555	788	209	0.0	793
24ea339d-7be9-4eba-b41f-f60a7906e9ca	NR_024927.1	91.566	581	22	16	1	555	778	199	0.0	776
24ea339d-7be9-4eba-b41f-f60a7906e9ca	NR_025227.1	91.566	581	22	16	1	555	761	182	0.0	776
24ea339d-7be9-4eba-b41f-f60a7906e9ca	NR_114223.1	91.566	581	22	16	1	555	765	186	0.0	776
36c507bc-c5b3-4997-8fcd-8404678c5997	NR_024842.1	90.511	274	11	12	2	266	560	827	1.31e-95	348
36c507bc-c5b3-4997-8fcd-8404678c5997	NR_036936.1	90.511	274	11	12	2	266	545	812	1.31e-95	348
36c507bc-c5b3-4997-8fcd-8404678c5997	NR_028833.1	90.511	274	11	12	2	266	572	839	1.31e-95	348
36c507bc-c5b3-4997-8fcd-8404678c5997	NR_029052.1	90.511	274	11	12	2	266	533	800	1.31e-95	348
36c507bc-c5b3-4997-8fcd-8404678c5997	NR_042771.1	90.511	274	11	12	2	266	563	830	1.31e-95	348
0b245957-4386-4442-b8f8-41f8c7e8877b	NR_024704.1	93.017	358	9	10	10	358	1338	988	7.82e-144	508
0b245957-4386-4442-b8f8-41f8c7e8877b	NR_024918.1	92.391	368	11	11	1	358	1353	993	7.82e-144	508
0b245957-4386-4442-b8f8-41f8c7e8877b	NR_025227.1	92.391	368	11	11	1	358	1336	976	7.82e-144	508
0b245957-4386-4442-b8f8-41f8c7e8877b	NR_036909.1	93.017	358	9	10	10	358	1348	998	7.82e-144	508
0b245957-4386-4442-b8f8-41f8c7e8877b	NR_043314.1	92.391	368	11	11	1	358	1358	998	7.82e-144	508
4a138498-3c3c-4de3-8f81-750e0d425e91	NR_109720.1	96.133	1293	25	19	1	1273	167	1454	0.0	2087
4a138498-3c3c-4de3-8f81-750e0d425e91	NR_036936.1	95.709	1305	29	20	1	1284	173	1471	0.0	2076
4a138498-3c3c-4de3-8f81-750e0d425e91	NR_175455.1	95.500	1311	31	21	3	1291	181	1485	0.0	2069
4a138498-3c3c-4de3-8f81-750e0d425e91	NR_117719.1	95.496	1310	32	20	3	1291	193	1496	0.0	2067
4a138498-3c3c-4de3-8f81-750e0d425e91	NR_024842.1	95.482	1306	33	20	6	1291	193	1492	0.0	2065
0162324f-e9d4-401e-b948-53404ec4d488	NR_148763.1	91.266	458	25	13	1	450	493	43	2.86e-174	610
0162324f-e9d4-401e-b948-53404ec4d488	NR_024927.1	90.830	458	27	13	1	450	486	36	6.18e-171	599
0162324f-e9d4-401e-b948-53404ec4d488	NR_025103.1	90.830	458	27	13	1	450	465	15	6.18e-171	599
0162324f-e9d4-401e-b948-53404ec4d488	NR_043195.1	90.830	458	27	13	1	450	491	41	6.18e-171	599
0162324f-e9d4-401e-b948-53404ec4d488	NR_114223.1	90.830	458	27	13	1	450	473	23	6.18e-171	599
a0367ba7-fe7f-496d-a07d-dd5a8fb3636b	NR_024946.1	95.652	667	14	12	1	660	1382	724	0.0	1057
a0367ba7-fe7f-496d-a07d-dd5a8fb3636b	NR_148763.1	95.652	667	14	12	1	660	1394	736	0.0	1057
a0367ba7-fe7f-496d-a07d-dd5a8fb3636b	NR_148764.1	95.652	667	14	12	1	660	1394	736	0.0	1057
a0367ba7-fe7f-496d-a07d-dd5a8fb3636b	NR_117552.1	95.652	667	14	12	1	660	1374	716	0.0	1057
a0367ba7-fe7f-496d-a07d-dd5a8fb3636b	NR_136473.1	95.652	667	14	12	1	660	1377	719	0.0	1057
701e7fdf-3df7-4f28-ac65-1afbfb1783f4	NR_024704.1	94.022	368	10	9	1	360	1405	1042	1.67e-155	547
701e7fdf-3df7-4f28-ac65-1afbfb1783f4	NR_024946.1	94.022	368	10	9	1	360	1405	1042	1.67e-155	547
701e7fdf-3df7-4f28-ac65-1afbfb1783f4	NR_036909.1	94.022	368	10	9	1	360	1415	1052	1.67e-155	547
701e7fdf-3df7-4f28-ac65-1afbfb1783f4	NR_112077.1	94.022	368	10	9	1	360	1415	1052	1.67e-155	547
701e7fdf-3df7-4f28-ac65-1afbfb1783f4	NR_113578.1	94.022	368	10	9	1	360	1397	1034	1.67e-155	547
84e00e02-8db4-4c4a-8548-878d41351582	NR_148763.1	94.580	904	22	23	11	899	913	22	0.0	1373
84e00e02-8db4-4c4a-8548-878d41351582	NR_024946.1	93.916	904	28	23	11	899	901	10	0.0	1339
84e00e02-8db4-4c4a-8548-878d41351582	NR_113578.1	93.916	904	28	23	11	899	893	2	0.0	1339
84e00e02-8db4-4c4a-8548-878d41351582	NR_028619.1	93.805	904	29	23	11	899	914	23	0.0	1336
84e00e02-8db4-4c4a-8548-878d41351582	NR_136473.1	93.695	904	30	23	11	899	896	5	0.0	1330
4eaf880f-b80c-472f-946e-54817419260e	NR_163639.1	92.663	1322	54	33	3	1308	1299	5	0.0	1864
4eaf880f-b80c-472f-946e-54817419260e	NR_074980.1	92.593	1323	57	30	3	1308	1311	13	0.0	1862
4eaf880f-b80c-472f-946e-54817419260e	NR_113031.1	92.593	1323	57	30	3	1308	1311	13	0.0	1862
4eaf880f-b80c-472f-946e-54817419260e	NR_119169.1	92.460	1313	58	30	3	1298	1289	1	0.0	1845
4eaf880f-b80c-472f-946e-54817419260e	NR_115355.1	92.584	1308	56	30	3	1293	1284	1	0.0	1844
6f933026-a0fc-4b31-9569-b177da894fbc	NR_024704.1	90.455	220	8	10	1	209	1445	1228	1.60e-74	278
6f933026-a0fc-4b31-9569-b177da894fbc	NR_024946.1	90.455	220	8	10	1	209	1445	1228	1.60e-74	278
6f933026-a0fc-4b31-9569-b177da894fbc	NR_042607.1	90.455	220	8	10	1	209	1437	1220	1.60e-74	278
6f933026-a0fc-4b31-9569-b177da894fbc	NR_113578.1	90.455	220	8	10	1	209	1437	1220	1.60e-74	278
6f933026-a0fc-4b31-9569-b177da894fbc	NR_113859.1	90.455	220	8	10	1	209	1436	1219	1.60e-74	278
22694c56-b6cd-4cd0-aa3c-f164e677dab3	NR_163639.1	95.736	258	8	3	1	258	259	5	4.46e-115	412
22694c56-b6cd-4cd0-aa3c-f164e677dab3	NR_074980.1	95.367	259	9	3	1	259	267	12	5.77e-114	409
22694c56-b6cd-4cd0-aa3c-f164e677dab3	NR_113031.1	95.367	259	9	3	1	259	267	12	5.77e-114	409
22694c56-b6cd-4cd0-aa3c-f164e677dab3	NR_119168.1	96.341	246	6	3	1	246	245	3	9.65e-112	401
22694c56-b6cd-4cd0-aa3c-f164e677dab3	NR_119169.1	95.935	246	7	3	1	246	245	3	1.25e-110	398
7b2297eb-7c22-478c-b065-835da824f54b	NR_024704.1	95.000	240	6	5	1	236	1234	1471	6.93e-103	372
7b2297eb-7c22-478c-b065-835da824f54b	NR_042607.1	95.000	240	6	5	1	236	1226	1463	6.93e-103	372
7b2297eb-7c22-478c-b065-835da824f54b	NR_148763.1	95.000	240	6	5	1	236	1246	1483	6.93e-103	372
7b2297eb-7c22-478c-b065-835da824f54b	NR_043115.1	95.000	240	6	5	1	236	1246	1483	6.93e-103	372
7b2297eb-7c22-478c-b065-835da824f54b	NR_179985.1	95.000	240	6	5	1	236	1246	1483	6.93e-103	372
a60bc132-3a37-4999-b64d-114a59326035	NR_137210.1	89.510	143	7	7	1	136	154	13	1.12e-43	174
a60bc132-3a37-4999-b64d-114a59326035	NR_148763.1	88.889	144	8	6	1	137	154	12	1.44e-42	171
a60bc132-3a37-4999-b64d-114a59326035	NR_179172.1	88.652	141	8	6	3	136	151	12	6.72e-41	165
a60bc132-3a37-4999-b64d-114a59326035	NR_164626.1	87.500	144	10	6	1	137	144	2	3.12e-39	159
a60bc132-3a37-4999-b64d-114a59326035	NR_170438.1	87.500	144	10	6	1	137	143	1	3.12e-39	159
48a669e4-e84e-4fe0-92a5-a13f5a90c194	NR_036882.1	98.020	202	1	2	1	199	1338	1137	9.73e-96	348
48a669e4-e84e-4fe0-92a5-a13f5a90c194	NR_113039.1	98.020	202	1	2	1	199	1337	1136	9.73e-96	348
48a669e4-e84e-4fe0-92a5-a13f5a90c194	NR_115130.1	98.020	202	1	2	1	199	1317	1116	9.73e-96	348
48a669e4-e84e-4fe0-92a5-a13f5a90c194	NR_179667.1	92.647	204	8	6	1	199	1341	1140	2.15e-77	287
48a669e4-e84e-4fe0-92a5-a13f5a90c194	NR_028773.1	91.584	202	14	2	1	199	1316	1115	4.65e-74	276
ff18da19-5d85-405d-9888-9f092a737756	NR_024946.1	86.207	203	11	9	1	187	988	787	2.24e-52	204
ff18da19-5d85-405d-9888-9f092a737756	NR_024901.1	85.714	203	12	9	1	187	993	792	1.04e-50	198
ff18da19-5d85-405d-9888-9f092a737756	NR_024909.1	85.714	203	12	9	1	187	993	792	1.04e-50	198
ff18da19-5d85-405d-9888-9f092a737756	NR_024911.1	85.714	203	12	9	1	187	993	792	1.04e-50	198
ff18da19-5d85-405d-9888-9f092a737756	NR_024928.1	85.714	203	12	9	1	187	993	792	1.04e-50	198
ba57d1c3-16da-4a91-b1ef-bb63447fcbde	NR_036936.1	96.273	161	5	1	1	161	1221	1380	2.80e-70	263
ba57d1c3-16da-4a91-b1ef-bb63447fcbde	NR_025453.1	96.273	161	5	1	1	161	1221	1380	2.80e-70	263
ba57d1c3-16da-4a91-b1ef-bb63447fcbde	NR_028666.1	96.273	161	5	1	1	161	1245	1404	2.80e-70	263
ba57d1c3-16da-4a91-b1ef-bb63447fcbde	NR_028833.1	96.273	161	5	1	1	161	1248	1407	2.80e-70	263
ba57d1c3-16da-4a91-b1ef-bb63447fcbde	NR_029052.1	96.273	161	5	1	1	161	1209	1368	2.80e-70	263
bcb49bfe-b34f-4935-a972-23a32d1ad762	NR_024704.1	92.926	311	5	12	1	297	810	503	3.10e-122	436
bcb49bfe-b34f-4935-a972-23a32d1ad762	NR_024946.1	92.926	311	5	12	1	297	810	503	3.10e-122	436
bcb49bfe-b34f-4935-a972-23a32d1ad762	NR_028619.1	92.926	311	5	12	1	297	823	516	3.10e-122	436
bcb49bfe-b34f-4935-a972-23a32d1ad762	NR_113578.1	92.926	311	5	12	1	297	802	495	3.10e-122	436
bcb49bfe-b34f-4935-a972-23a32d1ad762	NR_148763.1	92.926	311	5	12	1	297	822	515	3.10e-122	436
6531ea7b-8b66-4ac1-af8f-f86e550a13f9	NR_024704.1	92.115	279	15	6	1	274	1195	1471	2.95e-107	387
6531ea7b-8b66-4ac1-af8f-f86e550a13f9	NR_148763.1	92.115	279	15	6	1	274	1207	1483	2.95e-107	387
6531ea7b-8b66-4ac1-af8f-f86e550a13f9	NR_179985.1	92.115	279	15	6	1	274	1207	1483	2.95e-107	387
6531ea7b-8b66-4ac1-af8f-f86e550a13f9	NR_181703.1	92.115	279	15	6	1	274	1214	1490	2.95e-107	387
6531ea7b-8b66-4ac1-af8f-f86e550a13f9	NR_181838.1	92.115	279	15	6	1	274	1210	1486	2.95e-107	387
65513916-6c1b-464b-9c96-43829fd7a809	NR_117425.1	96.172	209	5	3	1	206	209	1	6.31e-93	339
65513916-6c1b-464b-9c96-43829fd7a809	NR_024842.1	93.925	214	10	3	1	211	221	8	2.29e-87	320
65513916-6c1b-464b-9c96-43829fd7a809	NR_115241.1	93.689	206	10	3	1	203	206	1	6.40e-83	305
65513916-6c1b-464b-9c96-43829fd7a809	NR_112025.1	92.344	209	13	3	5	211	220	13	1.07e-80	298
65513916-6c1b-464b-9c96-43829fd7a809	NR_179385.1	92.308	208	15	1	5	211	224	17	1.39e-79	294
e5af82a4-74ab-441b-a090-52e28a9e4164	NR_113118.1	92.821	195	8	6	1	191	193	1	1.22e-74	278
e5af82a4-74ab-441b-a090-52e28a9e4164	NR_113119.1	92.821	195	8	6	1	191	193	1	1.22e-74	278
e5af82a4-74ab-441b-a090-52e28a9e4164	NR_044628.1	92.308	195	9	6	1	191	213	21	1.57e-73	274
e5af82a4-74ab-441b-a090-52e28a9e4164	NR_041056.1	81.871	171	23	8	27	191	181	13	2.15e-32	137
e5af82a4-74ab-441b-a090-52e28a9e4164	NR_113101.1	81.065	169	24	8	29	191	179	13	1.30e-29	128
6cd138a4-1a5f-4be6-a6bf-f5b472299e63	NR_042776.1	94.211	190	4	3	1	184	1443	1255	2.52e-76	283
6cd138a4-1a5f-4be6-a6bf-f5b472299e63	NR_042777.1	94.211	190	4	3	1	184	1442	1254	2.52e-76	283
6cd138a4-1a5f-4be6-a6bf-f5b472299e63	NR_042778.1	93.684	190	5	3	1	184	1443	1255	1.17e-74	278
6cd138a4-1a5f-4be6-a6bf-f5b472299e63	NR_118998.1	93.684	190	5	3	1	184	1437	1249	1.17e-74	278
6cd138a4-1a5f-4be6-a6bf-f5b472299e63	NR_197695.1	93.684	190	5	3	1	184	1442	1254	1.17e-74	278
458ccdeb-60b5-458a-a3a2-f10b88e2c25e	NR_148763.1	91.192	193	10	7	8	195	201	11	5.79e-68	255
458ccdeb-60b5-458a-a3a2-f10b88e2c25e	NR_024946.1	91.099	191	10	7	8	193	189	1	7.50e-67	252
458ccdeb-60b5-458a-a3a2-f10b88e2c25e	NR_112077.1	91.099	191	10	7	8	193	199	11	7.50e-67	252
458ccdeb-60b5-458a-a3a2-f10b88e2c25e	NR_028619.1	90.576	191	11	7	8	193	202	14	9.70e-66	248
458ccdeb-60b5-458a-a3a2-f10b88e2c25e	NR_136473.1	91.304	184	10	6	8	186	184	2	3.49e-65	246
7eb3f429-d119-458b-a4b7-a46743bca2be	NR_024946.1	96.875	160	3	2	1	159	252	94	2.27e-71	267
7eb3f429-d119-458b-a4b7-a46743bca2be	NR_028619.1	96.875	160	3	2	1	159	265	107	2.27e-71	267
7eb3f429-d119-458b-a4b7-a46743bca2be	NR_112077.1	96.875	160	3	2	1	159	262	104	2.27e-71	267
7eb3f429-d119-458b-a4b7-a46743bca2be	NR_113578.1	96.875	160	3	2	1	159	244	86	2.27e-71	267
7eb3f429-d119-458b-a4b7-a46743bca2be	NR_148763.1	96.875	160	3	2	1	159	264	106	2.27e-71	267
4d0d928e-ff73-478d-ab40-18c6039cd6aa	NR_043604.1	93.365	211	9	4	1	206	123	333	1.68e-83	307
4d0d928e-ff73-478d-ab40-18c6039cd6aa	NR_118512.1	93.365	211	9	4	1	206	123	333	1.68e-83	307
4d0d928e-ff73-478d-ab40-18c6039cd6aa	NR_043608.1	91.943	211	11	5	1	206	125	334	1.69e-78	291
4d0d928e-ff73-478d-ab40-18c6039cd6aa	NR_114914.1	91.943	211	11	5	1	206	116	325	1.69e-78	291
4d0d928e-ff73-478d-ab40-18c6039cd6aa	NR_118519.1	91.943	211	11	5	1	206	125	334	1.69e-78	291
7cdcb6ad-57b4-4a44-9492-253b909c718a	NR_148763.1	89.783	323	15	15	1	315	324	12	1.54e-110	398
7cdcb6ad-57b4-4a44-9492-253b909c718a	NR_024946.1	89.752	322	15	15	1	314	312	1	5.53e-110	396
7cdcb6ad-57b4-4a44-9492-253b909c718a	NR_112077.1	89.752	322	15	15	1	314	322	11	5.53e-110	396
7cdcb6ad-57b4-4a44-9492-253b909c718a	NR_028619.1	89.441	322	16	15	1	314	325	14	7.16e-109	392
7cdcb6ad-57b4-4a44-9492-253b909c718a	NR_148764.1	89.164	323	17	14	1	315	324	12	3.33e-107	387
d5366548-98e7-485c-951e-979ff4fa55d2	NR_028619.1	94.054	185	7	3	6	189	1148	1329	1.19e-74	278
d5366548-98e7-485c-951e-979ff4fa55d2	NR_041715.1	93.548	186	7	3	6	189	1135	1317	5.55e-73	272
d5366548-98e7-485c-951e-979ff4fa55d2	NR_024704.1	93.548	186	7	3	6	189	1135	1317	5.55e-73	272
d5366548-98e7-485c-951e-979ff4fa55d2	NR_024946.1	93.548	186	7	3	6	189	1135	1317	5.55e-73	272
d5366548-98e7-485c-951e-979ff4fa55d2	NR_036909.1	93.548	186	7	3	6	189	1145	1327	5.55e-73	272
7107a7db-6b67-4d62-9d43-82b895f4724a	NR_125570.1	97.462	197	2	2	18	211	1191	1387	3.06e-91	333
7107a7db-6b67-4d62-9d43-82b895f4724a	NR_125571.1	97.449	196	3	1	18	211	1233	1428	3.06e-91	333
7107a7db-6b67-4d62-9d43-82b895f4724a	NR_028827.1	92.537	201	8	4	18	211	1250	1450	1.12e-75	281
7107a7db-6b67-4d62-9d43-82b895f4724a	NR_042832.1	93.194	191	6	4	18	201	1250	1440	1.88e-73	274
7107a7db-6b67-4d62-9d43-82b895f4724a	NR_029097.1	96.364	165	4	1	18	180	1209	1373	2.43e-72	270
b12904e6-d17f-46af-a316-0f28325697a0	NR_024901.1	96.935	261	4	4	1	258	1089	830	9.47e-122	435
b12904e6-d17f-46af-a316-0f28325697a0	NR_024909.1	96.935	261	4	4	1	258	1089	830	9.47e-122	435
b12904e6-d17f-46af-a316-0f28325697a0	NR_024911.1	96.935	261	4	4	1	258	1089	830	9.47e-122	435
b12904e6-d17f-46af-a316-0f28325697a0	NR_024928.1	96.935	261	4	4	1	258	1089	830	9.47e-122	435
b12904e6-d17f-46af-a316-0f28325697a0	NR_024946.1	96.935	261	4	4	1	258	1084	825	9.47e-122	435
b8f1540d-c3b0-4a55-a826-55c67557f5a9	NR_040992.1	89.922	258	14	9	1	249	267	13	7.50e-88	322
b8f1540d-c3b0-4a55-a826-55c67557f5a9	NR_165768.1	90.000	250	13	10	1	241	247	1	4.51e-85	313
b8f1540d-c3b0-4a55-a826-55c67557f5a9	NR_118141.1	87.692	260	20	9	1	251	266	10	5.88e-79	292
b8f1540d-c3b0-4a55-a826-55c67557f5a9	NR_116104.1	86.154	260	24	9	1	251	265	9	2.76e-72	270
b8f1540d-c3b0-4a55-a826-55c67557f5a9	NR_025588.1	86.100	259	22	11	1	249	255	1	3.56e-71	267
8d08cb35-891b-4372-940c-6479f1951689	NR_024842.1	94.118	170	7	2	1	167	177	8	4.95e-68	255
8d08cb35-891b-4372-940c-6479f1951689	NR_115241.1	93.827	162	7	2	1	159	162	1	1.39e-63	241
8d08cb35-891b-4372-940c-6479f1951689	NR_114413.1	92.169	166	10	2	5	167	181	16	8.35e-61	231
8d08cb35-891b-4372-940c-6479f1951689	NR_179720.1	92.169	166	10	2	5	167	178	13	8.35e-61	231
8d08cb35-891b-4372-940c-6479f1951689	NR_199956.1	92.169	166	10	2	5	167	178	13	8.35e-61	231
4ff74a42-45f4-4f22-b7b4-320a3d9a2ae1	NR_024842.1	98.473	131	2	0	1	131	1408	1278	6.47e-61	231
4ff74a42-45f4-4f22-b7b4-320a3d9a2ae1	NR_036936.1	98.473	131	2	0	1	131	1393	1263	6.47e-61	231
4ff74a42-45f4-4f22-b7b4-320a3d9a2ae1	NR_025453.1	98.473	131	2	0	1	131	1393	1263	6.47e-61	231
4ff74a42-45f4-4f22-b7b4-320a3d9a2ae1	NR_028664.1	98.473	131	2	0	1	131	1414	1284	6.47e-61	231
4ff74a42-45f4-4f22-b7b4-320a3d9a2ae1	NR_028665.1	98.473	131	2	0	1	131	1408	1278	6.47e-61	231
000df10f-b544-4783-bcad-2f8290d4460a	NR_024946.1	93.220	118	0	4	1	110	121	4	1.46e-41	167
000df10f-b544-4783-bcad-2f8290d4460a	NR_112077.1	93.220	118	0	4	1	110	131	14	1.46e-41	167
000df10f-b544-4783-bcad-2f8290d4460a	NR_148763.1	93.220	118	0	4	1	110	133	16	1.46e-41	167
000df10f-b544-4783-bcad-2f8290d4460a	NR_028619.1	92.373	118	1	4	1	110	134	17	1.89e-40	163
000df10f-b544-4783-bcad-2f8290d4460a	NR_136473.1	93.103	116	0	4	1	108	116	1	1.89e-40	163
49c1e8ac-cae2-451e-a8d9-1d039f815d0f	NR_024841.1	99.048	105	1	0	1	105	1284	1388	3.12e-48	189
49c1e8ac-cae2-451e-a8d9-1d039f815d0f	NR_024842.1	99.048	105	1	0	1	105	1285	1389	3.12e-48	189
49c1e8ac-cae2-451e-a8d9-1d039f815d0f	NR_036936.1	99.048	105	1	0	1	105	1270	1374	3.12e-48	189
49c1e8ac-cae2-451e-a8d9-1d039f815d0f	NR_041722.2	99.048	105	1	0	1	105	1305	1409	3.12e-48	189
49c1e8ac-cae2-451e-a8d9-1d039f815d0f	NR_025453.1	99.048	105	1	0	1	105	1270	1374	3.12e-48	189
442bfed4-ed53-49fa-a92f-3e5a668ac1b8	NR_024704.1	97.945	146	1	1	1	146	1328	1471	5.62e-67	252
442bfed4-ed53-49fa-a92f-3e5a668ac1b8	NR_042607.1	97.945	146	1	1	1	146	1320	1463	5.62e-67	252
442bfed4-ed53-49fa-a92f-3e5a668ac1b8	NR_074853.1	97.945	146	1	1	1	146	1348	1491	5.62e-67	252
442bfed4-ed53-49fa-a92f-3e5a668ac1b8	NR_134173.1	97.945	146	1	1	1	146	1326	1469	5.62e-67	252
442bfed4-ed53-49fa-a92f-3e5a668ac1b8	NR_148763.1	97.945	146	1	1	1	146	1340	1483	5.62e-67	252
7869fc6d-8d11-4d50-9e91-b209220d4abb	NR_043314.1	95.270	296	9	5	1	292	1190	1484	1.39e-130	464
7869fc6d-8d11-4d50-9e91-b209220d4abb	NR_114749.1	95.270	296	9	5	1	292	1192	1486	1.39e-130	464
7869fc6d-8d11-4d50-9e91-b209220d4abb	NR_116899.1	95.270	296	9	5	1	292	1159	1453	1.39e-130	464
7869fc6d-8d11-4d50-9e91-b209220d4abb	NR_178854.1	95.270	296	9	5	1	292	1171	1465	1.39e-130	464
7869fc6d-8d11-4d50-9e91-b209220d4abb	NR_179889.1	95.270	296	9	5	1	292	1199	1493	1.39e-130	464
5c5d166d-ed8d-465e-abc2-15d803e76128	NR_114482.1	94.681	188	4	5	1	185	54	238	1.95e-77	287
5c5d166d-ed8d-465e-abc2-15d803e76128	NR_024927.1	94.652	187	4	5	1	185	59	241	7.00e-77	285
5c5d166d-ed8d-465e-abc2-15d803e76128	NR_024946.1	94.624	186	6	4	1	185	54	236	7.00e-77	285
5c5d166d-ed8d-465e-abc2-15d803e76128	NR_028619.1	94.624	186	6	4	1	185	67	249	7.00e-77	285
5c5d166d-ed8d-465e-abc2-15d803e76128	NR_029050.1	94.624	186	6	4	1	185	14	196	7.00e-77	285
32c805d2-3d4f-4819-b7b0-5d800ce70f3d	NR_148763.1	97.401	962	14	8	1	955	971	14	0.0	1628
32c805d2-3d4f-4819-b7b0-5d800ce70f3d	NR_024946.1	96.985	962	18	8	1	955	959	2	0.0	1605
32c805d2-3d4f-4819-b7b0-5d800ce70f3d	NR_113578.1	96.963	955	18	8	1	948	951	1	0.0	1592
32c805d2-3d4f-4819-b7b0-5d800ce70f3d	NR_028619.1	96.674	962	21	8	1	955	972	15	0.0	1591
32c805d2-3d4f-4819-b7b0-5d800ce70f3d	NR_178974.1	96.751	954	20	8	1	947	950	1	0.0	1581
8ca5db74-aa55-4cfb-9df5-35cf5e173917	NR_074980.1	96.783	373	10	2	2	373	383	12	1.01e-177	621
8ca5db74-aa55-4cfb-9df5-35cf5e173917	NR_113031.1	96.783	373	10	2	2	373	383	12	1.01e-177	621
8ca5db74-aa55-4cfb-9df5-35cf5e173917	NR_163639.1	96.774	372	9	3	2	372	374	5	1.31e-176	617
8ca5db74-aa55-4cfb-9df5-35cf5e173917	NR_119169.1	96.961	362	9	2	2	362	361	1	7.87e-174	608
8ca5db74-aa55-4cfb-9df5-35cf5e173917	NR_119170.1	96.961	362	9	2	2	362	361	1	7.87e-174	608
25cff6a6-8b2a-416a-8747-40cfd8b64bb4	NR_148763.1	89.307	823	46	30	6	805	824	21	0.0	994
25cff6a6-8b2a-416a-8747-40cfd8b64bb4	NR_024927.1	88.700	823	51	30	6	805	817	14	0.0	966
25cff6a6-8b2a-416a-8747-40cfd8b64bb4	NR_114223.1	88.700	823	51	30	6	805	804	1	0.0	966
25cff6a6-8b2a-416a-8747-40cfd8b64bb4	NR_178974.1	88.714	824	47	35	6	804	803	1	0.0	966
25cff6a6-8b2a-416a-8747-40cfd8b64bb4	NR_178342.1	88.457	823	53	30	6	805	804	1	0.0	955
405c9301-4a2b-423c-8d3f-c594342642eb	NR_024704.1	98.233	283	2	2	2	284	1192	1471	6.29e-139	492
405c9301-4a2b-423c-8d3f-c594342642eb	NR_148763.1	98.233	283	2	2	2	284	1204	1483	6.29e-139	492
405c9301-4a2b-423c-8d3f-c594342642eb	NR_179985.1	98.233	283	2	2	2	284	1204	1483	6.29e-139	492
405c9301-4a2b-423c-8d3f-c594342642eb	NR_181703.1	98.233	283	2	2	2	284	1211	1490	6.29e-139	492
405c9301-4a2b-423c-8d3f-c594342642eb	NR_181838.1	98.233	283	2	2	2	284	1207	1486	6.29e-139	492
554eefc9-2967-4564-b0c6-b13d91f99570	NR_148763.1	88.672	1386	94	48	1	1335	1394	21	0.0	1631
554eefc9-2967-4564-b0c6-b13d91f99570	NR_024927.1	88.545	1388	92	51	1	1335	1387	14	0.0	1620
554eefc9-2967-4564-b0c6-b13d91f99570	NR_114223.1	88.545	1388	92	51	1	1335	1374	1	0.0	1620
554eefc9-2967-4564-b0c6-b13d91f99570	NR_025227.1	90.000	1280	74	40	1	1238	1370	103	0.0	1605
554eefc9-2967-4564-b0c6-b13d91f99570	NR_113578.1	88.240	1386	100	48	1	1335	1374	1	0.0	1602
1ff91922-cc84-4536-bf4e-dbcd70716b56	NR_024946.1	97.465	434	5	3	1	431	1405	975	0.0	736
1ff91922-cc84-4536-bf4e-dbcd70716b56	NR_148763.1	97.465	434	5	3	1	431	1417	987	0.0	736
1ff91922-cc84-4536-bf4e-dbcd70716b56	NR_148764.1	97.465	434	5	3	1	431	1417	987	0.0	736
1ff91922-cc84-4536-bf4e-dbcd70716b56	NR_117552.1	97.465	434	5	3	1	431	1397	967	0.0	736
1ff91922-cc84-4536-bf4e-dbcd70716b56	NR_136473.1	97.465	434	5	3	1	431	1400	970	0.0	736
47e6bae3-2ef0-4d2c-9262-28d267b16222	NR_043314.1	92.076	896	42	25	1	878	597	1481	0.0	1234
47e6bae3-2ef0-4d2c-9262-28d267b16222	NR_024902.1	91.955	895	44	24	1	878	595	1478	0.0	1229
47e6bae3-2ef0-4d2c-9262-28d267b16222	NR_024918.1	91.955	895	44	24	1	878	593	1476	0.0	1229
47e6bae3-2ef0-4d2c-9262-28d267b16222	NR_024707.1	91.732	895	46	24	1	878	582	1465	0.0	1221
47e6bae3-2ef0-4d2c-9262-28d267b16222	NR_024911.1	91.732	895	46	24	1	878	593	1476	0.0	1218
b79dd0a1-a1ea-4ce4-9014-1e794e1f9d75	NR_024704.1	96.951	328	8	2	3	328	984	1311	4.28e-156	549
b79dd0a1-a1ea-4ce4-9014-1e794e1f9d75	NR_036909.1	96.951	328	8	2	3	328	994	1321	4.28e-156	549
b79dd0a1-a1ea-4ce4-9014-1e794e1f9d75	NR_126220.1	96.951	328	8	2	3	328	982	1309	4.28e-156	549
b79dd0a1-a1ea-4ce4-9014-1e794e1f9d75	NR_179483.1	96.951	328	8	2	3	328	879	1206	4.28e-156	549
b79dd0a1-a1ea-4ce4-9014-1e794e1f9d75	NR_181838.1	96.951	328	8	2	3	328	999	1326	4.28e-156	549
e31e4e9a-a9bb-4f8f-aa15-9d9d08dcd28a	NR_024707.1	99.065	214	0	1	1	212	1120	907	2.81e-106	383
e31e4e9a-a9bb-4f8f-aa15-9d9d08dcd28a	NR_117822.1	99.065	214	0	1	1	212	1092	879	2.81e-106	383
e31e4e9a-a9bb-4f8f-aa15-9d9d08dcd28a	NR_132724.1	99.065	214	0	1	1	212	1075	862	2.81e-106	383
e31e4e9a-a9bb-4f8f-aa15-9d9d08dcd28a	NR_178772.1	99.065	214	0	1	1	212	1075	862	2.81e-106	383
e31e4e9a-a9bb-4f8f-aa15-9d9d08dcd28a	NR_181875.1	99.065	214	0	1	1	212	1129	916	2.81e-106	383
e669f4f6-431d-412c-9e35-da811bdd1a26	NR_043314.1	95.604	273	6	3	1	273	1455	1189	3.61e-121	433
e669f4f6-431d-412c-9e35-da811bdd1a26	NR_114225.1	95.604	273	6	3	1	273	1437	1171	3.61e-121	433
e669f4f6-431d-412c-9e35-da811bdd1a26	NR_114749.1	95.604	273	6	3	1	273	1457	1191	3.61e-121	433
e669f4f6-431d-412c-9e35-da811bdd1a26	NR_116899.1	95.604	273	6	3	1	273	1424	1158	3.61e-121	433
e669f4f6-431d-412c-9e35-da811bdd1a26	NR_178854.1	95.604	273	6	3	1	273	1436	1170	3.61e-121	433
18ca88c8-149d-4844-ad15-3c99721652c7	NR_116899.1	95.616	593	12	13	1	592	626	47	0.0	939
18ca88c8-149d-4844-ad15-3c99721652c7	NR_179103.1	95.278	593	14	13	1	592	663	84	0.0	928
18ca88c8-149d-4844-ad15-3c99721652c7	NR_179728.1	95.278	593	14	13	1	592	659	80	0.0	928
18ca88c8-149d-4844-ad15-3c99721652c7	NR_179985.1	95.278	593	14	13	1	592	659	80	0.0	928
18ca88c8-149d-4844-ad15-3c99721652c7	NR_181838.1	95.278	593	14	13	1	592	662	83	0.0	928
cd4515f4-2eb9-447c-8c6d-786dc4f1cf38	NR_024918.1	93.737	495	23	7	1	489	989	1481	0.0	736
cd4515f4-2eb9-447c-8c6d-786dc4f1cf38	NR_043314.1	93.737	495	23	7	1	489	994	1486	0.0	736
cd4515f4-2eb9-447c-8c6d-786dc4f1cf38	NR_116899.1	93.737	495	23	7	1	489	963	1455	0.0	736
cd4515f4-2eb9-447c-8c6d-786dc4f1cf38	NR_164626.1	93.737	495	23	7	1	489	986	1478	0.0	736
cd4515f4-2eb9-447c-8c6d-786dc4f1cf38	NR_178854.1	93.737	495	23	7	1	489	975	1467	0.0	736
d36e1a3f-9e9b-4328-a7a8-085d30a11419	NR_148763.1	96.241	1330	24	22	1	1311	161	1483	0.0	2156
d36e1a3f-9e9b-4328-a7a8-085d30a11419	NR_148764.1	95.714	1330	31	22	1	1311	161	1483	0.0	2117
d36e1a3f-9e9b-4328-a7a8-085d30a11419	NR_113578.1	95.701	1326	31	22	1	1307	141	1459	0.0	2113
d36e1a3f-9e9b-4328-a7a8-085d30a11419	NR_024946.1	95.824	1317	29	22	1	1298	149	1458	0.0	2104
d36e1a3f-9e9b-4328-a7a8-085d30a11419	NR_028619.1	95.564	1330	31	24	1	1311	162	1482	0.0	2104
8de16826-a8d9-44b7-bcae-ca3e397c87a1	NR_024704.1	95.688	487	13	5	1	485	991	1471	0.0	776
8de16826-a8d9-44b7-bcae-ca3e397c87a1	NR_113578.1	95.679	486	13	5	1	484	983	1462	0.0	776
8de16826-a8d9-44b7-bcae-ca3e397c87a1	NR_148763.1	95.688	487	13	5	1	485	1003	1483	0.0	776
8de16826-a8d9-44b7-bcae-ca3e397c87a1	NR_181838.1	95.688	487	13	5	1	485	1006	1486	0.0	776
8de16826-a8d9-44b7-bcae-ca3e397c87a1	NR_148764.1	95.483	487	14	5	1	485	1003	1483	0.0	771
97181e61-0891-4151-a482-3bd7c234c35d	NR_148763.1	93.705	842	24	22	1	823	263	1094	0.0	1234
97181e61-0891-4151-a482-3bd7c234c35d	NR_024946.1	92.993	842	30	22	1	823	251	1082	0.0	1201
97181e61-0891-4151-a482-3bd7c234c35d	NR_028619.1	92.993	842	30	22	1	823	264	1095	0.0	1201
97181e61-0891-4151-a482-3bd7c234c35d	NR_148764.1	92.993	842	30	22	1	823	263	1094	0.0	1201
97181e61-0891-4151-a482-3bd7c234c35d	NR_113578.1	92.755	842	32	22	1	823	243	1074	0.0	1194
c203c731-8e58-4d2f-a517-83eb9949c043	NR_148763.1	94.780	613	10	16	38	638	884	1486	0.0	935
c203c731-8e58-4d2f-a517-83eb9949c043	NR_148764.1	94.617	613	11	16	38	638	884	1486	0.0	929
c203c731-8e58-4d2f-a517-83eb9949c043	NR_028619.1	94.608	612	11	17	38	638	885	1485	0.0	928
c203c731-8e58-4d2f-a517-83eb9949c043	NR_024704.1	94.454	613	12	16	38	638	872	1474	0.0	924
c203c731-8e58-4d2f-a517-83eb9949c043	NR_114749.1	94.454	613	12	17	38	638	884	1486	0.0	924
8f722d8e-8229-4f7d-9ffa-4967553b4c1a	NR_148763.1	96.868	1309	20	19	1	1295	143	1444	0.0	2170
8f722d8e-8229-4f7d-9ffa-4967553b4c1a	NR_024946.1	96.409	1309	26	19	1	1295	131	1432	0.0	2137
8f722d8e-8229-4f7d-9ffa-4967553b4c1a	NR_178975.1	96.409	1309	26	19	1	1295	122	1423	0.0	2137
8f722d8e-8229-4f7d-9ffa-4967553b4c1a	NR_148764.1	96.333	1309	27	19	1	1295	143	1444	0.0	2132
8f722d8e-8229-4f7d-9ffa-4967553b4c1a	NR_028619.1	96.330	1308	27	19	1	1295	144	1443	0.0	2130
dec4281e-d8e7-4c27-b260-d1008564c235	NR_148763.1	94.629	1173	29	25	1	1151	1174	14	0.0	1786
dec4281e-d8e7-4c27-b260-d1008564c235	NR_024946.1	94.118	1173	35	25	1	1151	1162	2	0.0	1753
dec4281e-d8e7-4c27-b260-d1008564c235	NR_028619.1	94.032	1173	36	25	1	1151	1175	15	0.0	1749
dec4281e-d8e7-4c27-b260-d1008564c235	NR_148764.1	93.947	1173	37	25	1	1151	1174	14	0.0	1742
dec4281e-d8e7-4c27-b260-d1008564c235	NR_136473.1	93.926	1169	37	25	1	1147	1157	1	0.0	1736
925e8280-5780-4028-ac81-3997edae80d8	NR_148763.1	93.976	498	17	13	1	488	1475	981	0.0	741
925e8280-5780-4028-ac81-3997edae80d8	NR_148764.1	93.763	497	20	11	1	488	1475	981	0.0	736
925e8280-5780-4028-ac81-3997edae80d8	NR_149823.1	93.750	496	20	11	2	488	1425	932	0.0	734
925e8280-5780-4028-ac81-3997edae80d8	NR_024946.1	93.915	493	17	13	6	488	1458	969	0.0	732
925e8280-5780-4028-ac81-3997edae80d8	NR_117552.1	93.737	495	18	13	4	488	1452	961	0.0	732
4512ac6f-5213-41c9-8dbf-6adf45daa54d	NR_148763.1	95.391	716	12	16	5	710	713	9	0.0	1120
4512ac6f-5213-41c9-8dbf-6adf45daa54d	NR_024946.1	94.663	712	18	14	5	707	701	1	0.0	1086
4512ac6f-5213-41c9-8dbf-6adf45daa54d	NR_028619.1	94.530	713	19	14	5	708	714	13	0.0	1085
4512ac6f-5213-41c9-8dbf-6adf45daa54d	NR_024927.1	94.530	713	19	15	5	708	706	5	0.0	1083
4512ac6f-5213-41c9-8dbf-6adf45daa54d	NR_112077.1	93.820	712	26	13	5	708	711	10	0.0	1072
de2e37cb-2c41-4d63-a45e-6300f5ac299e	NR_148763.1	92.078	1237	51	34	1	1206	263	1483	0.0	1698
de2e37cb-2c41-4d63-a45e-6300f5ac299e	NR_113578.1	91.997	1237	50	36	1	1205	243	1462	0.0	1692
de2e37cb-2c41-4d63-a45e-6300f5ac299e	NR_148764.1	91.835	1237	54	34	1	1206	263	1483	0.0	1681
de2e37cb-2c41-4d63-a45e-6300f5ac299e	NR_028619.1	91.754	1237	53	36	1	1206	264	1482	0.0	1674
de2e37cb-2c41-4d63-a45e-6300f5ac299e	NR_024946.1	91.912	1224	52	34	1	1193	251	1458	0.0	1668
26f33490-1aca-463f-996a-719cb495f6e1	NR_026419.1	97.335	863	10	11	1	856	990	134	0.0	1454
26f33490-1aca-463f-996a-719cb495f6e1	NR_133753.1	96.176	863	19	12	1	856	956	101	0.0	1399
26f33490-1aca-463f-996a-719cb495f6e1	NR_025903.1	96.176	863	19	12	1	856	1002	147	0.0	1399
26f33490-1aca-463f-996a-719cb495f6e1	NR_133752.1	95.829	863	22	12	1	856	927	72	0.0	1382
26f33490-1aca-463f-996a-719cb495f6e1	NR_025904.1	95.145	865	24	15	1	856	1001	146	0.0	1349
0e31deb8-9c51-4776-93bb-d9bfeea124b7	NR_148763.1	91.477	1361	69	35	1	1343	156	1487	0.0	1827
0e31deb8-9c51-4776-93bb-d9bfeea124b7	NR_024946.1	91.139	1343	72	35	1	1325	144	1457	0.0	1777
0e31deb8-9c51-4776-93bb-d9bfeea124b7	NR_116899.1	90.669	1361	80	37	1	1343	123	1454	0.0	1766
0e31deb8-9c51-4776-93bb-d9bfeea124b7	NR_178482.1	90.722	1358	77	37	1	1339	126	1453	0.0	1764
0e31deb8-9c51-4776-93bb-d9bfeea124b7	NR_024927.1	90.522	1361	82	37	1	1343	149	1480	0.0	1755
3e53431e-6e59-491e-811a-d6e39de956dc	NR_148763.1	96.301	1460	20	24	1	1436	1460	11	0.0	2366
3e53431e-6e59-491e-811a-d6e39de956dc	NR_024946.1	95.885	1458	26	24	1	1434	1448	1	0.0	2329
3e53431e-6e59-491e-811a-d6e39de956dc	NR_136473.1	95.733	1453	28	24	1	1429	1443	1	0.0	2311
3e53431e-6e59-491e-811a-d6e39de956dc	NR_028619.1	95.610	1458	28	26	1	1434	1459	14	0.0	2307
3e53431e-6e59-491e-811a-d6e39de956dc	NR_113578.1	95.724	1450	28	24	1	1426	1440	1	0.0	2307
d0f6678f-db76-4bc6-8ba2-e4aaa7ecb8af	NR_024842.1	93.952	744	25	17	5	734	755	1492	0.0	1107
d0f6678f-db76-4bc6-8ba2-e4aaa7ecb8af	NR_115735.1	93.919	740	25	17	5	730	731	1464	0.0	1099
d0f6678f-db76-4bc6-8ba2-e4aaa7ecb8af	NR_152678.1	93.911	739	24	18	11	734	766	1498	0.0	1096
d0f6678f-db76-4bc6-8ba2-e4aaa7ecb8af	NR_156072.1	93.683	744	27	17	5	734	760	1497	0.0	1096
d0f6678f-db76-4bc6-8ba2-e4aaa7ecb8af	NR_028664.1	93.414	744	30	16	5	734	761	1499	0.0	1085
2a911299-3cdb-4eeb-983f-25545b8303b0	NR_074980.1	98.113	318	5	1	1	317	9	326	3.26e-157	553
2a911299-3cdb-4eeb-983f-25545b8303b0	NR_113031.1	98.113	318	5	1	1	317	9	326	3.26e-157	553
2a911299-3cdb-4eeb-983f-25545b8303b0	NR_163639.1	98.408	314	4	1	5	317	5	318	1.17e-156	551
2a911299-3cdb-4eeb-983f-25545b8303b0	NR_119168.1	98.355	304	4	1	15	317	1	304	4.25e-151	532
2a911299-3cdb-4eeb-983f-25545b8303b0	NR_119169.1	98.026	304	5	1	15	317	1	304	5.50e-150	529
6e667df7-7236-4238-9d12-34609c0ded69	NR_043314.1	97.368	228	3	3	1	227	235	10	8.48e-107	385
6e667df7-7236-4238-9d12-34609c0ded69	NR_179985.1	96.957	230	4	3	1	229	238	11	3.05e-106	383
6e667df7-7236-4238-9d12-34609c0ded69	NR_181838.1	96.957	230	4	3	1	229	241	14	3.05e-106	383
6e667df7-7236-4238-9d12-34609c0ded69	NR_181729.1	97.333	225	3	3	1	224	223	1	3.95e-105	379
6e667df7-7236-4238-9d12-34609c0ded69	NR_179103.1	96.522	230	5	3	1	229	242	15	1.42e-104	377
d7c71b9c-73da-45ac-afdb-79742bda57f8	NR_126220.1	97.656	128	2	1	1	127	132	5	4.95e-57	219
d7c71b9c-73da-45ac-afdb-79742bda57f8	NR_179985.1	97.656	128	2	1	1	127	146	19	4.95e-57	219
d7c71b9c-73da-45ac-afdb-79742bda57f8	NR_181838.1	97.656	128	2	1	1	127	149	22	4.95e-57	219
d7c71b9c-73da-45ac-afdb-79742bda57f8	NR_043314.1	96.875	128	3	1	1	127	143	16	2.30e-55	213
d7c71b9c-73da-45ac-afdb-79742bda57f8	NR_104278.1	96.875	128	3	1	1	127	138	11	2.30e-55	213
6f4c7a27-e234-40fe-9f20-c097ed48d71c	NR_036998.1	96.296	189	5	2	1	187	1195	1383	4.18e-84	309
6f4c7a27-e234-40fe-9f20-c097ed48d71c	NR_043314.1	96.296	189	5	2	1	187	1214	1402	4.18e-84	309
6f4c7a27-e234-40fe-9f20-c097ed48d71c	NR_114225.1	96.296	189	5	2	1	187	1196	1384	4.18e-84	309
6f4c7a27-e234-40fe-9f20-c097ed48d71c	NR_114793.1	96.296	189	5	2	1	187	1088	1276	4.18e-84	309
6f4c7a27-e234-40fe-9f20-c097ed48d71c	NR_116905.1	96.296	189	5	2	1	187	1217	1405	4.18e-84	309
3d03e8eb-f832-4959-8d5a-f308268b5301	NR_148763.1	96.135	207	4	3	5	209	436	640	7.91e-92	335
3d03e8eb-f832-4959-8d5a-f308268b5301	NR_118155.1	95.652	207	5	3	5	209	439	643	3.68e-90	329
3d03e8eb-f832-4959-8d5a-f308268b5301	NR_116646.1	95.169	207	6	3	5	209	381	585	1.71e-88	324
3d03e8eb-f832-4959-8d5a-f308268b5301	NR_024927.1	94.686	207	7	3	5	209	429	633	7.96e-87	318
3d03e8eb-f832-4959-8d5a-f308268b5301	NR_025227.1	94.686	207	7	3	5	209	412	616	7.96e-87	318
83b36fbb-7f71-405a-8ace-b2d8aaa582d3	NR_041715.1	97.802	182	3	1	13	194	1335	1155	3.41e-85	313
83b36fbb-7f71-405a-8ace-b2d8aaa582d3	NR_024704.1	97.802	182	3	1	13	194	1335	1155	3.41e-85	313
83b36fbb-7f71-405a-8ace-b2d8aaa582d3	NR_024946.1	97.802	182	3	1	13	194	1335	1155	3.41e-85	313
83b36fbb-7f71-405a-8ace-b2d8aaa582d3	NR_036909.1	97.802	182	3	1	13	194	1345	1165	3.41e-85	313
83b36fbb-7f71-405a-8ace-b2d8aaa582d3	NR_041044.1	97.802	182	3	1	13	194	1330	1150	3.41e-85	313
cf2b5286-232a-46b2-b1a8-4b29f2b208bc	NR_028665.1	93.510	339	6	14	1	326	1154	1489	2.59e-138	490
cf2b5286-232a-46b2-b1a8-4b29f2b208bc	NR_179385.1	93.510	339	6	14	1	326	1161	1496	2.59e-138	490
cf2b5286-232a-46b2-b1a8-4b29f2b208bc	NR_199545.1	93.510	339	6	14	1	326	1157	1492	2.59e-138	490
cf2b5286-232a-46b2-b1a8-4b29f2b208bc	NR_114172.1	93.491	338	6	14	1	325	1137	1471	9.30e-138	488
cf2b5286-232a-46b2-b1a8-4b29f2b208bc	NR_041722.2	93.215	339	7	14	1	326	1174	1509	1.20e-136	484
42e1382f-87f0-4897-baaa-9e6d8ff6be54	NR_043314.1	94.286	175	8	2	13	185	1170	1344	2.55e-71	267
42e1382f-87f0-4897-baaa-9e6d8ff6be54	NR_114225.1	94.286	175	8	2	13	185	1152	1326	2.55e-71	267
42e1382f-87f0-4897-baaa-9e6d8ff6be54	NR_116905.1	94.286	175	8	2	13	185	1173	1347	2.55e-71	267
42e1382f-87f0-4897-baaa-9e6d8ff6be54	NR_114749.1	94.286	175	8	2	13	185	1172	1346	2.55e-71	267
42e1382f-87f0-4897-baaa-9e6d8ff6be54	NR_116899.1	94.286	175	8	2	13	185	1139	1313	2.55e-71	267
3ff8c8b9-fc7a-4907-8378-9f84be0288d8	NR_149823.1	94.118	119	3	4	19	133	236	118	8.70e-45	178
3ff8c8b9-fc7a-4907-8378-9f84be0288d8	NR_024946.1	94.068	118	3	4	19	133	273	157	3.13e-44	176
3ff8c8b9-fc7a-4907-8378-9f84be0288d8	NR_025586.1	94.068	118	3	4	19	133	273	157	3.13e-44	176
3ff8c8b9-fc7a-4907-8378-9f84be0288d8	NR_025587.1	94.068	118	3	4	19	133	273	157	3.13e-44	176
3ff8c8b9-fc7a-4907-8378-9f84be0288d8	NR_028619.1	94.068	118	3	4	19	133	286	170	3.13e-44	176
ef8d4f6a-9888-4ccc-b38a-a51dc4d1279e	NR_040859.1	97.414	116	1	1	1	114	1363	1478	1.95e-50	196
ef8d4f6a-9888-4ccc-b38a-a51dc4d1279e	NR_028806.1	97.414	116	1	1	1	114	1370	1485	1.95e-50	196
ef8d4f6a-9888-4ccc-b38a-a51dc4d1279e	NR_040992.1	97.414	116	1	1	1	114	1371	1486	1.95e-50	196
ef8d4f6a-9888-4ccc-b38a-a51dc4d1279e	NR_025881.1	97.414	116	1	1	1	114	1369	1484	1.95e-50	196
ef8d4f6a-9888-4ccc-b38a-a51dc4d1279e	NR_026395.1	97.414	116	1	1	1	114	1371	1486	1.95e-50	196
ef6ef262-45db-40b9-b363-35f82db6665b	NR_024704.1	96.667	270	8	1	11	280	1203	1471	1.34e-125	448
ef6ef262-45db-40b9-b363-35f82db6665b	NR_042607.1	96.667	270	8	1	11	280	1195	1463	1.34e-125	448
ef6ef262-45db-40b9-b363-35f82db6665b	NR_148763.1	96.667	270	8	1	11	280	1215	1483	1.34e-125	448
ef6ef262-45db-40b9-b363-35f82db6665b	NR_043115.1	96.667	270	8	1	11	280	1215	1483	1.34e-125	448
ef6ef262-45db-40b9-b363-35f82db6665b	NR_179985.1	96.667	270	8	1	11	280	1215	1483	1.34e-125	448
a0571efb-d8ef-4460-8dae-6808dbef8978	NR_025881.1	93.939	99	3	3	1	97	146	243	1.69e-35	147
a0571efb-d8ef-4460-8dae-6808dbef8978	NR_024662.1	93.939	99	3	3	1	97	148	245	1.69e-35	147
a0571efb-d8ef-4460-8dae-6808dbef8978	NR_024910.1	93.939	99	3	3	1	97	139	236	1.69e-35	147
a0571efb-d8ef-4460-8dae-6808dbef8978	NR_042435.1	93.939	99	3	3	1	97	142	239	1.69e-35	147
a0571efb-d8ef-4460-8dae-6808dbef8978	NR_102854.1	93.939	99	3	3	1	97	148	245	1.69e-35	147
2ef4e619-25b7-40e7-962e-494475eb290f	NR_024927.1	98.413	189	1	2	4	190	454	266	9.14e-91	331
2ef4e619-25b7-40e7-962e-494475eb290f	NR_025103.1	98.413	189	1	2	4	190	433	245	9.14e-91	331
2ef4e619-25b7-40e7-962e-494475eb290f	NR_025227.1	98.413	189	1	2	4	190	437	249	9.14e-91	331
2ef4e619-25b7-40e7-962e-494475eb290f	NR_025588.1	98.413	189	1	2	4	190	449	261	9.14e-91	331
2ef4e619-25b7-40e7-962e-494475eb290f	NR_043195.1	98.413	189	1	2	4	190	459	271	9.14e-91	331
59c4ce92-8c02-447d-9c4c-d5c56a34a4e6	NR_113099.1	91.743	109	2	7	18	121	111	5	7.99e-35	145
59c4ce92-8c02-447d-9c4c-d5c56a34a4e6	NR_113105.1	91.743	109	2	7	18	121	112	6	7.99e-35	145
59c4ce92-8c02-447d-9c4c-d5c56a34a4e6	NR_044627.1	90.826	109	3	7	18	121	132	26	3.72e-33	139
59c4ce92-8c02-447d-9c4c-d5c56a34a4e6	NR_044407.1	91.509	106	2	7	18	118	104	1	3.72e-33	139
59c4ce92-8c02-447d-9c4c-d5c56a34a4e6	NR_180411.1	90.826	109	3	7	18	121	124	18	3.72e-33	139
7d9faaa0-f4c0-4443-a88a-d480c1f97cf5	NR_024946.1	99.000	300	1	2	1	299	832	534	3.02e-152	536
7d9faaa0-f4c0-4443-a88a-d480c1f97cf5	NR_028619.1	99.000	300	1	2	1	299	845	547	3.02e-152	536
7d9faaa0-f4c0-4443-a88a-d480c1f97cf5	NR_113578.1	99.000	300	1	2	1	299	824	526	3.02e-152	536
7d9faaa0-f4c0-4443-a88a-d480c1f97cf5	NR_148763.1	99.000	300	1	2	1	299	844	546	3.02e-152	536
7d9faaa0-f4c0-4443-a88a-d480c1f97cf5	NR_148764.1	99.000	300	1	2	1	299	844	546	3.02e-152	536
7ef58936-ace4-41e6-aeb3-862f099d1819	NR_024946.1	90.909	110	3	5	1	106	115	9	8.86e-34	141
7ef58936-ace4-41e6-aeb3-862f099d1819	NR_112077.1	90.909	110	3	5	1	106	125	19	8.86e-34	141
7ef58936-ace4-41e6-aeb3-862f099d1819	NR_113578.1	90.909	110	3	5	1	106	107	1	8.86e-34	141
7ef58936-ace4-41e6-aeb3-862f099d1819	NR_148763.1	90.909	110	3	5	1	106	127	21	8.86e-34	141
7ef58936-ace4-41e6-aeb3-862f099d1819	NR_136473.1	90.909	110	3	5	1	106	110	4	8.86e-34	141
41c979b9-5169-4e99-b150-ab0e08704a14	NR_148763.1	93.200	250	12	5	5	250	259	11	4.38e-100	363
41c979b9-5169-4e99-b150-ab0e08704a14	NR_024946.1	93.145	248	12	5	5	248	247	1	5.67e-99	359
41c979b9-5169-4e99-b150-ab0e08704a14	NR_112077.1	93.145	248	12	5	5	248	257	11	5.67e-99	359
41c979b9-5169-4e99-b150-ab0e08704a14	NR_028619.1	92.742	248	13	5	5	248	260	14	7.33e-98	355
41c979b9-5169-4e99-b150-ab0e08704a14	NR_164626.1	92.400	250	14	5	5	250	249	1	9.48e-97	351
88627353-7ccb-47d2-b333-e08c6522a4af	NR_041702.1	89.189	111	9	3	32	142	1377	1270	5.45e-32	135
88627353-7ccb-47d2-b333-e08c6522a4af	NR_041715.1	89.189	111	9	3	32	142	1350	1243	5.45e-32	135
88627353-7ccb-47d2-b333-e08c6522a4af	NR_025947.1	89.189	111	9	3	32	142	1363	1256	5.45e-32	135
88627353-7ccb-47d2-b333-e08c6522a4af	NR_024704.1	89.189	111	9	3	32	142	1350	1243	5.45e-32	135
88627353-7ccb-47d2-b333-e08c6522a4af	NR_024734.1	89.189	111	9	3	32	142	1342	1235	5.45e-32	135
