9b24a916-5c32-44e9-9ff7-8fa89acf5dcd	NR_148763.1	96.944	1440	24	15	18	1447	58	1487	0.0	2398
9b24a916-5c32-44e9-9ff7-8fa89acf5dcd	NR_148764.1	96.820	1415	29	11	42	1447	80	1487	0.0	2350
9b24a916-5c32-44e9-9ff7-8fa89acf5dcd	NR_113578.1	96.376	1435	32	15	18	1442	38	1462	0.0	2348
9b24a916-5c32-44e9-9ff7-8fa89acf5dcd	NR_028619.1	96.379	1436	30	17	22	1447	63	1486	0.0	2344
9b24a916-5c32-44e9-9ff7-8fa89acf5dcd	NR_024946.1	96.486	1423	30	15	18	1430	46	1458	0.0	2333
fd4ba853-4dfc-4b66-899a-f49b2c0a8fbf	NR_036830.1	94.235	503	22	6	1	497	991	490	0.0	761
fd4ba853-4dfc-4b66-899a-f49b2c0a8fbf	NR_117822.1	94.235	503	22	6	1	497	983	482	0.0	761
fd4ba853-4dfc-4b66-899a-f49b2c0a8fbf	NR_132724.1	94.235	503	22	6	1	497	966	465	0.0	761
fd4ba853-4dfc-4b66-899a-f49b2c0a8fbf	NR_178772.1	94.235	503	22	6	1	497	966	465	0.0	761
fd4ba853-4dfc-4b66-899a-f49b2c0a8fbf	NR_181729.1	94.235	503	22	6	1	497	1014	513	0.0	761
5741498c-415f-45f7-b450-0dee492721e8	NR_179985.1	90.428	794	43	26	1	769	797	12	0.0	1014
5741498c-415f-45f7-b450-0dee492721e8	NR_181838.1	90.290	793	46	24	1	769	800	15	0.0	1009
5741498c-415f-45f7-b450-0dee492721e8	NR_179103.1	90.164	793	47	24	1	769	801	16	0.0	1003
5741498c-415f-45f7-b450-0dee492721e8	NR_179728.1	90.164	793	47	24	1	769	797	12	0.0	1003
5741498c-415f-45f7-b450-0dee492721e8	NR_126220.1	90.139	791	45	26	1	766	783	1	0.0	998
7a91aa56-50d2-4951-8a3a-384319307709	NR_181838.1	94.558	588	13	13	1	578	592	14	0.0	891
7a91aa56-50d2-4951-8a3a-384319307709	NR_179103.1	94.388	588	14	13	1	578	593	15	0.0	885
7a91aa56-50d2-4951-8a3a-384319307709	NR_179728.1	94.388	588	14	13	1	578	589	11	0.0	885
7a91aa56-50d2-4951-8a3a-384319307709	NR_179985.1	94.388	588	14	13	1	578	589	11	0.0	885
7a91aa56-50d2-4951-8a3a-384319307709	NR_181703.1	94.218	588	15	13	1	578	596	18	0.0	880
852031fb-7067-417f-a474-dd7d512b97ae	NR_179985.1	99.606	254	0	1	6	258	264	11	6.23e-130	462
852031fb-7067-417f-a474-dd7d512b97ae	NR_181838.1	99.606	254	0	1	6	258	267	14	6.23e-130	462
852031fb-7067-417f-a474-dd7d512b97ae	NR_126220.1	99.600	250	0	1	6	254	250	1	1.04e-127	455
852031fb-7067-417f-a474-dd7d512b97ae	NR_043314.1	99.206	252	1	1	6	256	261	10	3.75e-127	453
852031fb-7067-417f-a474-dd7d512b97ae	NR_179103.1	98.819	254	2	1	6	258	268	15	1.35e-126	451
97f8101f-3114-4ad6-bcd9-85780ebcd2dc	NR_116899.1	90.942	552	27	21	2	538	556	13	0.0	721
97f8101f-3114-4ad6-bcd9-85780ebcd2dc	NR_181838.1	89.965	578	31	25	2	561	592	24	0.0	721
97f8101f-3114-4ad6-bcd9-85780ebcd2dc	NR_179103.1	89.792	578	32	25	2	561	593	25	0.0	715
97f8101f-3114-4ad6-bcd9-85780ebcd2dc	NR_179728.1	89.792	578	32	25	2	561	589	21	0.0	715
97f8101f-3114-4ad6-bcd9-85780ebcd2dc	NR_179985.1	89.792	578	32	25	2	561	589	21	0.0	715
5e35459e-4c3c-41fb-8840-096e4c4433b7	NR_024946.1	93.711	636	17	18	2	626	1262	639	0.0	931
5e35459e-4c3c-41fb-8840-096e4c4433b7	NR_148763.1	93.711	636	17	18	2	626	1274	651	0.0	931
5e35459e-4c3c-41fb-8840-096e4c4433b7	NR_148764.1	93.711	636	17	18	2	626	1274	651	0.0	931
5e35459e-4c3c-41fb-8840-096e4c4433b7	NR_117552.1	93.711	636	17	18	2	626	1254	631	0.0	931
5e35459e-4c3c-41fb-8840-096e4c4433b7	NR_136473.1	93.711	636	17	18	2	626	1257	634	0.0	931
6e439c22-3a6c-4cd7-9a47-bb0709eff316	NR_148763.1	95.096	836	26	14	1	828	655	1483	0.0	1303
6e439c22-3a6c-4cd7-9a47-bb0709eff316	NR_148764.1	94.976	836	27	14	1	828	655	1483	0.0	1297
6e439c22-3a6c-4cd7-9a47-bb0709eff316	NR_113578.1	94.850	835	28	14	1	827	635	1462	0.0	1291
6e439c22-3a6c-4cd7-9a47-bb0709eff316	NR_028619.1	94.737	836	27	16	1	828	656	1482	0.0	1284
6e439c22-3a6c-4cd7-9a47-bb0709eff316	NR_024946.1	95.018	823	26	14	1	815	643	1458	0.0	1279
514e5ca7-ed78-41e2-8a5a-0f3be88a60ca	NR_025903.1	98.621	435	2	4	3	436	1064	1495	0.0	767
514e5ca7-ed78-41e2-8a5a-0f3be88a60ca	NR_025904.1	97.701	435	6	4	3	436	1063	1494	0.0	745
514e5ca7-ed78-41e2-8a5a-0f3be88a60ca	NR_133752.1	98.783	411	2	3	3	412	989	1397	0.0	728
514e5ca7-ed78-41e2-8a5a-0f3be88a60ca	NR_133753.1	98.783	411	2	3	3	412	1018	1426	0.0	728
514e5ca7-ed78-41e2-8a5a-0f3be88a60ca	NR_026419.1	96.782	435	11	3	3	436	1052	1484	0.0	723
59a1e6d1-52e4-460b-b5f5-8953018643e8	NR_148763.1	94.109	645	12	19	1	625	845	1483	0.0	957
59a1e6d1-52e4-460b-b5f5-8953018643e8	NR_148764.1	93.953	645	13	19	1	625	845	1483	0.0	952
59a1e6d1-52e4-460b-b5f5-8953018643e8	NR_113578.1	93.789	644	14	19	1	624	825	1462	0.0	948
59a1e6d1-52e4-460b-b5f5-8953018643e8	NR_181838.1	93.798	645	14	19	1	625	848	1486	0.0	946
59a1e6d1-52e4-460b-b5f5-8953018643e8	NR_112077.1	93.333	645	17	19	1	625	843	1481	0.0	942
3135c022-050a-484a-8a2f-d7c44d7d4bba	NR_148763.1	96.239	1037	20	15	1	1026	455	1483	0.0	1681
3135c022-050a-484a-8a2f-d7c44d7d4bba	NR_148764.1	96.559	1017	18	14	19	1026	475	1483	0.0	1668
3135c022-050a-484a-8a2f-d7c44d7d4bba	NR_113578.1	96.457	1016	19	14	19	1025	455	1462	0.0	1664
3135c022-050a-484a-8a2f-d7c44d7d4bba	NR_028619.1	96.460	1017	17	16	19	1026	476	1482	0.0	1661
3135c022-050a-484a-8a2f-d7c44d7d4bba	NR_024946.1	96.614	1004	17	14	19	1013	463	1458	0.0	1650
98f702ef-6e03-40e5-8802-d35af81cef2b	NR_148763.1	97.488	836	15	6	1	833	655	1487	0.0	1423
98f702ef-6e03-40e5-8802-d35af81cef2b	NR_148764.1	97.368	836	16	6	1	833	655	1487	0.0	1417
98f702ef-6e03-40e5-8802-d35af81cef2b	NR_181838.1	97.249	836	17	6	1	833	658	1490	0.0	1411
98f702ef-6e03-40e5-8802-d35af81cef2b	NR_113578.1	97.232	831	17	6	1	828	635	1462	0.0	1406
98f702ef-6e03-40e5-8802-d35af81cef2b	NR_117821.1	97.129	836	18	6	1	833	607	1439	0.0	1406
ff9edb24-41ae-42b0-8d0b-832254ba0a95	NR_148763.1	96.066	610	9	13	12	613	614	12	0.0	979
ff9edb24-41ae-42b0-8d0b-832254ba0a95	NR_024927.1	95.238	609	14	13	12	612	607	6	0.0	950
ff9edb24-41ae-42b0-8d0b-832254ba0a95	NR_043195.1	95.238	609	14	13	12	612	612	11	0.0	950
ff9edb24-41ae-42b0-8d0b-832254ba0a95	NR_179227.1	95.238	609	14	13	12	612	614	13	0.0	950
ff9edb24-41ae-42b0-8d0b-832254ba0a95	NR_024946.1	95.074	609	15	13	12	612	602	1	0.0	944
dedf2b69-a3e2-4465-951e-4c40015225a5	NR_148763.1	96.038	1464	25	25	4	1452	1457	12	0.0	2351
dedf2b69-a3e2-4465-951e-4c40015225a5	NR_024946.1	95.625	1463	31	25	4	1451	1445	1	0.0	2316
dedf2b69-a3e2-4465-951e-4c40015225a5	NR_136473.1	95.473	1458	33	25	4	1446	1440	1	0.0	2298
dedf2b69-a3e2-4465-951e-4c40015225a5	NR_028619.1	95.352	1463	33	27	4	1451	1456	14	0.0	2294
dedf2b69-a3e2-4465-951e-4c40015225a5	NR_113578.1	95.464	1455	33	25	4	1443	1437	1	0.0	2294
2c88187b-74df-42e2-bfaf-7863f0728eb5	NR_181891.1	90.106	849	50	30	1	831	658	1490	0.0	1072
2c88187b-74df-42e2-bfaf-7863f0728eb5	NR_179985.1	89.988	849	51	30	1	831	655	1487	0.0	1066
2c88187b-74df-42e2-bfaf-7863f0728eb5	NR_181703.1	89.988	849	51	30	1	831	662	1494	0.0	1066
2c88187b-74df-42e2-bfaf-7863f0728eb5	NR_181838.1	89.988	849	51	30	1	831	658	1490	0.0	1066
2c88187b-74df-42e2-bfaf-7863f0728eb5	NR_178447.1	89.870	849	52	30	1	831	569	1401	0.0	1061
9c75ece6-4622-4fac-b2a4-b7b6b294ce09	NR_148763.1	96.947	1441	29	12	4	1437	1443	11	0.0	2403
9c75ece6-4622-4fac-b2a4-b7b6b294ce09	NR_024946.1	96.718	1432	32	12	4	1428	1431	8	0.0	2370
9c75ece6-4622-4fac-b2a4-b7b6b294ce09	NR_113578.1	96.576	1431	34	12	4	1427	1423	1	0.0	2361
9c75ece6-4622-4fac-b2a4-b7b6b294ce09	NR_136473.1	96.578	1432	34	12	4	1428	1426	3	0.0	2361
9c75ece6-4622-4fac-b2a4-b7b6b294ce09	NR_178974.1	96.573	1430	34	12	4	1426	1422	1	0.0	2357
7ef31e9f-6308-4180-b445-eb35a7859e06	NR_024946.1	94.322	317	9	6	1	310	98	412	1.98e-134	477
7ef31e9f-6308-4180-b445-eb35a7859e06	NR_028619.1	94.322	317	9	6	1	310	111	425	1.98e-134	477
7ef31e9f-6308-4180-b445-eb35a7859e06	NR_113578.1	94.322	317	9	6	1	310	90	404	1.98e-134	477
7ef31e9f-6308-4180-b445-eb35a7859e06	NR_148763.1	94.322	317	9	6	1	310	110	424	1.98e-134	477
7ef31e9f-6308-4180-b445-eb35a7859e06	NR_148764.1	94.322	317	9	6	1	310	110	424	1.98e-134	477
cd63175e-a7f2-4c5d-be1d-93c0d1e69f88	NR_042167.1	95.942	345	4	7	1	338	342	1	1.28e-156	551
cd63175e-a7f2-4c5d-be1d-93c0d1e69f88	NR_181136.1	90.110	364	21	12	1	356	369	13	8.01e-129	459
cd63175e-a7f2-4c5d-be1d-93c0d1e69f88	NR_025364.1	90.278	360	18	12	1	350	353	1	1.04e-127	455
cd63175e-a7f2-4c5d-be1d-93c0d1e69f88	NR_044862.1	89.560	364	24	11	1	356	363	6	1.34e-126	451
cd63175e-a7f2-4c5d-be1d-93c0d1e69f88	NR_025379.1	89.532	363	25	10	1	356	357	1	1.73e-125	448
d1e63130-9e7d-4f64-9d5a-e9e416be6ece	NR_043314.1	93.333	495	15	16	1	484	994	1481	0.0	715
d1e63130-9e7d-4f64-9d5a-e9e416be6ece	NR_116899.1	93.333	495	15	16	1	484	963	1450	0.0	715
d1e63130-9e7d-4f64-9d5a-e9e416be6ece	NR_178854.1	93.333	495	15	16	1	484	975	1462	0.0	715
d1e63130-9e7d-4f64-9d5a-e9e416be6ece	NR_179889.1	93.333	495	15	16	1	484	1003	1490	0.0	715
d1e63130-9e7d-4f64-9d5a-e9e416be6ece	NR_024918.1	93.131	495	16	16	1	484	989	1476	0.0	710
4c7426d5-9bf5-45e3-b429-6f5a51818a2e	NR_116899.1	95.566	1105	28	13	11	1098	354	1454	0.0	1749
4c7426d5-9bf5-45e3-b429-6f5a51818a2e	NR_024927.1	95.385	1105	30	13	11	1098	380	1480	0.0	1738
4c7426d5-9bf5-45e3-b429-6f5a51818a2e	NR_025227.1	95.533	1097	28	13	11	1090	363	1455	0.0	1735
4c7426d5-9bf5-45e3-b429-6f5a51818a2e	NR_179103.1	95.294	1105	31	13	11	1098	391	1491	0.0	1733
4c7426d5-9bf5-45e3-b429-6f5a51818a2e	NR_179728.1	95.294	1105	31	13	11	1098	387	1487	0.0	1733
604c8958-1136-4f8a-a224-ddb5f1f23ad1	NR_148763.1	95.125	1436	38	25	1	1415	59	1483	0.0	2235
604c8958-1136-4f8a-a224-ddb5f1f23ad1	NR_113578.1	94.564	1435	46	25	1	1414	39	1462	0.0	2193
604c8958-1136-4f8a-a224-ddb5f1f23ad1	NR_028619.1	94.561	1434	46	25	2	1415	61	1482	0.0	2187
604c8958-1136-4f8a-a224-ddb5f1f23ad1	NR_024946.1	94.729	1423	43	25	1	1402	47	1458	0.0	2183
604c8958-1136-4f8a-a224-ddb5f1f23ad1	NR_148764.1	94.425	1435	50	23	1	1415	59	1483	0.0	2180
cde061db-7076-4e20-a008-21acf6cb86c4	NR_025904.1	89.460	797	40	23	27	786	1113	324	0.0	966
cde061db-7076-4e20-a008-21acf6cb86c4	NR_133752.1	89.223	798	40	24	27	786	1039	250	0.0	955
cde061db-7076-4e20-a008-21acf6cb86c4	NR_133753.1	89.210	797	42	23	27	786	1068	279	0.0	955
cde061db-7076-4e20-a008-21acf6cb86c4	NR_025903.1	89.210	797	42	23	27	786	1114	325	0.0	955
cde061db-7076-4e20-a008-21acf6cb86c4	NR_026419.1	88.457	823	45	27	4	786	1125	313	0.0	948
55e7b6e5-fc69-4011-a675-1700a146d0ca	NR_148763.1	90.200	500	35	14	2	493	994	1487	0.0	640
55e7b6e5-fc69-4011-a675-1700a146d0ca	NR_024704.1	90.447	492	35	12	8	493	990	1475	0.0	638
55e7b6e5-fc69-4011-a675-1700a146d0ca	NR_181838.1	90.447	492	35	12	8	493	1005	1490	0.0	638
55e7b6e5-fc69-4011-a675-1700a146d0ca	NR_148764.1	90.000	500	36	14	2	493	994	1487	0.0	634
55e7b6e5-fc69-4011-a675-1700a146d0ca	NR_179985.1	90.244	492	36	12	8	493	1002	1487	0.0	632
3817eaf4-9381-4497-bd6c-d809b644a7a5	NR_148763.1	94.186	258	8	6	1	252	267	11	2.62e-107	387
3817eaf4-9381-4497-bd6c-d809b644a7a5	NR_024946.1	94.141	256	8	6	1	250	255	1	3.39e-106	383
3817eaf4-9381-4497-bd6c-d809b644a7a5	NR_112077.1	94.141	256	8	6	1	250	265	11	3.39e-106	383
3817eaf4-9381-4497-bd6c-d809b644a7a5	NR_113578.1	94.758	248	8	5	1	244	247	1	1.22e-105	381
3817eaf4-9381-4497-bd6c-d809b644a7a5	NR_136473.1	94.758	248	8	5	1	244	250	4	1.22e-105	381
a3825a04-9d73-49e4-b803-d42724570fa8	NR_043314.1	92.581	310	10	9	3	303	1163	1468	4.22e-121	433
a3825a04-9d73-49e4-b803-d42724570fa8	NR_114225.1	92.581	310	10	9	3	303	1145	1450	4.22e-121	433
a3825a04-9d73-49e4-b803-d42724570fa8	NR_114749.1	92.581	310	10	9	3	303	1165	1470	4.22e-121	433
a3825a04-9d73-49e4-b803-d42724570fa8	NR_116899.1	92.581	310	10	9	3	303	1132	1437	4.22e-121	433
a3825a04-9d73-49e4-b803-d42724570fa8	NR_178854.1	92.581	310	10	9	3	303	1144	1449	4.22e-121	433
554bcc18-5442-4a57-9f60-fbfcff0070a1	NR_116899.1	95.741	1033	30	9	1	1023	422	1450	0.0	1652
554bcc18-5442-4a57-9f60-fbfcff0070a1	NR_043314.1	95.902	1025	27	10	10	1023	461	1481	0.0	1646
554bcc18-5442-4a57-9f60-fbfcff0070a1	NR_025227.1	95.724	1029	30	10	1	1019	431	1455	0.0	1644
554bcc18-5442-4a57-9f60-fbfcff0070a1	NR_024918.1	95.627	1029	31	10	5	1023	452	1476	0.0	1640
554bcc18-5442-4a57-9f60-fbfcff0070a1	NR_024927.1	95.547	1033	32	9	1	1023	448	1476	0.0	1640
00da7b00-0a72-435e-8bc9-4abf2401d40a	NR_148763.1	95.775	355	7	4	1	354	358	11	4.52e-161	566
00da7b00-0a72-435e-8bc9-4abf2401d40a	NR_024946.1	95.751	353	7	4	1	352	346	1	5.85e-160	562
00da7b00-0a72-435e-8bc9-4abf2401d40a	NR_028619.1	95.467	353	8	4	1	352	359	14	7.56e-159	558
00da7b00-0a72-435e-8bc9-4abf2401d40a	NR_136473.1	95.690	348	7	4	1	347	341	1	3.52e-157	553
00da7b00-0a72-435e-8bc9-4abf2401d40a	NR_025586.1	95.184	353	9	4	1	352	346	1	1.27e-156	551
dad6da12-8098-499f-ad0f-50fe01981d62	NR_148763.1	96.615	1093	14	16	6	1082	1096	11	0.0	1792
dad6da12-8098-499f-ad0f-50fe01981d62	NR_024946.1	96.059	1091	20	16	6	1080	1084	1	0.0	1755
dad6da12-8098-499f-ad0f-50fe01981d62	NR_028619.1	95.967	1091	21	16	6	1080	1097	14	0.0	1751
dad6da12-8098-499f-ad0f-50fe01981d62	NR_113578.1	96.030	1083	21	15	6	1073	1076	1	0.0	1746
dad6da12-8098-499f-ad0f-50fe01981d62	NR_136473.1	96.030	1083	21	15	6	1073	1079	4	0.0	1744
de4d6747-7187-4bab-85ca-cc338b85bf00	NR_148763.1	95.462	1212	28	22	6	1206	153	1348	0.0	1908
de4d6747-7187-4bab-85ca-cc338b85bf00	NR_024946.1	94.967	1212	34	22	6	1206	141	1336	0.0	1875
de4d6747-7187-4bab-85ca-cc338b85bf00	NR_148764.1	94.967	1212	34	22	6	1206	153	1348	0.0	1875
de4d6747-7187-4bab-85ca-cc338b85bf00	NR_178975.1	94.967	1212	34	22	6	1206	132	1327	0.0	1875
de4d6747-7187-4bab-85ca-cc338b85bf00	NR_116899.1	94.823	1217	36	24	1	1206	115	1315	0.0	1873
d623671c-46ce-4d4a-9dd8-bfc20918222c	NR_024842.1	94.664	431	15	6	1	428	1260	835	0.0	662
d623671c-46ce-4d4a-9dd8-bfc20918222c	NR_109720.1	94.664	431	15	6	1	428	1239	814	0.0	662
d623671c-46ce-4d4a-9dd8-bfc20918222c	NR_115735.1	94.664	431	15	6	1	428	1236	811	0.0	662
d623671c-46ce-4d4a-9dd8-bfc20918222c	NR_116211.1	94.664	431	15	6	1	428	1168	743	0.0	662
d623671c-46ce-4d4a-9dd8-bfc20918222c	NR_115241.1	94.432	431	16	6	1	428	1245	820	0.0	660
003e0dfd-9c49-4374-a6eb-6e7932cbfda2	NR_024946.1	97.337	338	3	2	1	338	643	974	3.38e-162	569
003e0dfd-9c49-4374-a6eb-6e7932cbfda2	NR_028619.1	97.337	338	3	2	1	338	656	987	3.38e-162	569
003e0dfd-9c49-4374-a6eb-6e7932cbfda2	NR_113578.1	97.337	338	3	2	1	338	635	966	3.38e-162	569
003e0dfd-9c49-4374-a6eb-6e7932cbfda2	NR_148763.1	97.337	338	3	2	1	338	655	986	3.38e-162	569
003e0dfd-9c49-4374-a6eb-6e7932cbfda2	NR_148764.1	97.337	338	3	2	1	338	655	986	3.38e-162	569
61d693ec-1a86-4035-9c7a-cc54e71e18ef	NR_024842.1	94.682	1354	41	24	1	1328	1356	8	0.0	2076
61d693ec-1a86-4035-9c7a-cc54e71e18ef	NR_115241.1	94.651	1346	41	24	1	1320	1341	1	0.0	2061
61d693ec-1a86-4035-9c7a-cc54e71e18ef	NR_115735.1	94.690	1337	39	25	1	1310	1332	1	0.0	2047
61d693ec-1a86-4035-9c7a-cc54e71e18ef	NR_178515.1	94.209	1347	45	25	1	1320	1341	1	0.0	2025
61d693ec-1a86-4035-9c7a-cc54e71e18ef	NR_165737.1	93.987	1347	48	25	1	1320	1341	1	0.0	2008
5186c61c-b7d2-496c-a3e2-d6cbc66afe68	NR_148763.1	96.216	1110	18	19	23	1118	1110	11	0.0	1796
5186c61c-b7d2-496c-a3e2-d6cbc66afe68	NR_024946.1	95.668	1108	24	19	23	1116	1098	1	0.0	1759
5186c61c-b7d2-496c-a3e2-d6cbc66afe68	NR_028619.1	95.578	1108	25	19	23	1116	1111	14	0.0	1755
5186c61c-b7d2-496c-a3e2-d6cbc66afe68	NR_148764.1	95.320	1111	26	19	23	1118	1110	11	0.0	1740
5186c61c-b7d2-496c-a3e2-d6cbc66afe68	NR_136473.1	95.467	1103	26	19	23	1111	1093	1	0.0	1740
c912f798-baf7-4bb9-8bce-b657a93746af	NR_148763.1	94.467	994	33	19	11	991	499	1483	0.0	1511
c912f798-baf7-4bb9-8bce-b657a93746af	NR_148764.1	94.366	994	34	19	11	991	499	1483	0.0	1506
c912f798-baf7-4bb9-8bce-b657a93746af	NR_113578.1	94.254	992	37	17	11	990	479	1462	0.0	1502
c912f798-baf7-4bb9-8bce-b657a93746af	NR_028619.1	94.165	994	34	21	11	991	500	1482	0.0	1493
c912f798-baf7-4bb9-8bce-b657a93746af	NR_024946.1	94.479	978	32	19	11	975	487	1455	0.0	1487
e5ace83e-d847-49ee-aeea-12ed91f1c141	NR_116899.1	92.517	1176	41	34	31	1176	292	1450	0.0	1640
e5ace83e-d847-49ee-aeea-12ed91f1c141	NR_024918.1	92.092	1176	46	34	31	1176	318	1476	0.0	1622
e5ace83e-d847-49ee-aeea-12ed91f1c141	NR_043314.1	92.112	1179	41	38	31	1176	322	1481	0.0	1615
e5ace83e-d847-49ee-aeea-12ed91f1c141	NR_179889.1	92.099	1177	44	35	31	1176	332	1490	0.0	1613
e5ace83e-d847-49ee-aeea-12ed91f1c141	NR_042541.1	92.014	1177	45	35	31	1176	305	1463	0.0	1607
387d8a2e-0244-4f64-a73e-94ed2f73cbcc	NR_148763.1	98.054	257	2	3	1	254	267	11	1.55e-124	444
387d8a2e-0244-4f64-a73e-94ed2f73cbcc	NR_024946.1	98.039	255	2	3	1	252	255	1	2.00e-123	440
387d8a2e-0244-4f64-a73e-94ed2f73cbcc	NR_112077.1	98.039	255	2	3	1	252	265	11	2.00e-123	440
387d8a2e-0244-4f64-a73e-94ed2f73cbcc	NR_028619.1	97.647	255	3	3	1	252	268	14	2.59e-122	436
387d8a2e-0244-4f64-a73e-94ed2f73cbcc	NR_136473.1	98.000	250	2	3	1	247	250	1	1.20e-120	431
e28e75e5-e30c-4451-9fb8-e718c2d78530	NR_024918.1	96.531	490	10	6	2	486	989	1476	0.0	804
e28e75e5-e30c-4451-9fb8-e718c2d78530	NR_164626.1	96.531	490	10	6	2	486	986	1473	0.0	804
e28e75e5-e30c-4451-9fb8-e718c2d78530	NR_024912.1	96.327	490	11	6	2	486	989	1476	0.0	798
e28e75e5-e30c-4451-9fb8-e718c2d78530	NR_041799.1	96.327	490	11	6	2	486	976	1463	0.0	798
e28e75e5-e30c-4451-9fb8-e718c2d78530	NR_043314.1	96.327	490	11	6	2	486	994	1481	0.0	798
74470eea-5842-42de-afbe-9ee1a8fa81d3	NR_024918.1	95.811	740	15	14	7	734	741	1476	0.0	1181
74470eea-5842-42de-afbe-9ee1a8fa81d3	NR_116899.1	95.811	740	15	14	7	734	715	1450	0.0	1181
74470eea-5842-42de-afbe-9ee1a8fa81d3	NR_164626.1	95.811	740	15	14	7	734	738	1473	0.0	1181
74470eea-5842-42de-afbe-9ee1a8fa81d3	NR_178854.1	95.811	740	15	14	7	734	727	1462	0.0	1181
74470eea-5842-42de-afbe-9ee1a8fa81d3	NR_179889.1	95.811	740	15	14	7	734	755	1490	0.0	1181
d88a4f71-a675-4311-9d4e-dd2f291b9207	NR_024901.1	91.765	255	10	8	1	245	1486	1233	1.58e-94	344
d88a4f71-a675-4311-9d4e-dd2f291b9207	NR_024909.1	91.765	255	10	8	1	245	1486	1233	1.58e-94	344
d88a4f71-a675-4311-9d4e-dd2f291b9207	NR_024704.1	91.406	256	11	8	1	246	1481	1227	2.04e-93	340
d88a4f71-a675-4311-9d4e-dd2f291b9207	NR_171524.1	91.406	256	11	8	1	246	1492	1238	2.04e-93	340
d88a4f71-a675-4311-9d4e-dd2f291b9207	NR_040992.1	91.373	255	11	8	1	245	1493	1240	7.35e-93	339
bdb6533a-0334-4121-89ae-b620d3fc0fc4	NR_148763.1	96.816	691	11	9	1	683	698	11	0.0	1144
bdb6533a-0334-4121-89ae-b620d3fc0fc4	NR_024946.1	95.936	689	17	9	1	681	686	1	0.0	1107
bdb6533a-0334-4121-89ae-b620d3fc0fc4	NR_028619.1	95.791	689	18	9	1	681	699	14	0.0	1103
bdb6533a-0334-4121-89ae-b620d3fc0fc4	NR_113578.1	96.035	681	16	9	1	673	678	1	0.0	1098
bdb6533a-0334-4121-89ae-b620d3fc0fc4	NR_024927.1	95.646	689	19	10	1	681	691	6	0.0	1096
a29c03a8-453c-4370-905c-703bcf784878	NR_148763.1	93.042	1466	60	34	1	1441	35	1483	0.0	2104
a29c03a8-453c-4370-905c-703bcf784878	NR_113578.1	92.491	1465	68	34	1	1440	15	1462	0.0	2061
a29c03a8-453c-4370-905c-703bcf784878	NR_028619.1	92.360	1466	68	36	1	1441	36	1482	0.0	2049
a29c03a8-453c-4370-905c-703bcf784878	NR_024946.1	92.567	1453	66	34	1	1428	23	1458	0.0	2047
a29c03a8-453c-4370-905c-703bcf784878	NR_148764.1	92.292	1466	71	34	1	1441	35	1483	0.0	2043
1bd974ef-245b-48ac-87a2-814d09d9f638	NR_148763.1	93.555	962	36	18	1	947	40	990	0.0	1410
1bd974ef-245b-48ac-87a2-814d09d9f638	NR_024927.1	92.939	963	40	20	1	947	33	983	0.0	1376
1bd974ef-245b-48ac-87a2-814d09d9f638	NR_024946.1	92.931	962	42	18	1	947	28	978	0.0	1376
1bd974ef-245b-48ac-87a2-814d09d9f638	NR_113578.1	92.931	962	42	18	1	947	20	970	0.0	1376
1bd974ef-245b-48ac-87a2-814d09d9f638	NR_114223.1	92.939	963	40	20	1	947	20	970	0.0	1376
f45fe670-d725-4298-bdea-190587a25fb7	NR_113578.1	93.561	528	20	11	7	525	1195	673	0.0	776
f45fe670-d725-4298-bdea-190587a25fb7	NR_024946.1	93.561	528	20	11	7	525	1203	681	0.0	774
f45fe670-d725-4298-bdea-190587a25fb7	NR_148763.1	93.561	528	20	11	7	525	1215	693	0.0	774
f45fe670-d725-4298-bdea-190587a25fb7	NR_148764.1	93.561	528	20	11	7	525	1215	693	0.0	774
f45fe670-d725-4298-bdea-190587a25fb7	NR_117552.1	93.561	528	20	11	7	525	1195	673	0.0	774
580e4eb6-75fc-4398-b58e-b137c7f002dd	NR_148763.1	86.819	1009	68	49	1	963	1000	11	0.0	1066
580e4eb6-75fc-4398-b58e-b137c7f002dd	NR_024946.1	86.197	1007	74	49	1	961	988	1	0.0	1029
580e4eb6-75fc-4398-b58e-b137c7f002dd	NR_028619.1	86.097	1007	75	49	1	961	1001	14	0.0	1026
580e4eb6-75fc-4398-b58e-b137c7f002dd	NR_113578.1	86.086	999	74	49	1	953	980	1	0.0	1016
580e4eb6-75fc-4398-b58e-b137c7f002dd	NR_148764.1	85.927	1009	77	50	1	963	1000	11	0.0	1016
9470189f-b997-4e93-9e3b-e25f519ebbbd	NR_024946.1	93.170	776	32	16	1	763	1430	663	0.0	1120
9470189f-b997-4e93-9e3b-e25f519ebbbd	NR_197735.1	92.737	771	45	8	1	763	1442	675	0.0	1103
9470189f-b997-4e93-9e3b-e25f519ebbbd	NR_043990.1	92.358	772	46	9	1	763	1394	627	0.0	1086
9470189f-b997-4e93-9e3b-e25f519ebbbd	NR_104838.1	92.358	772	46	9	1	763	1426	659	0.0	1086
9470189f-b997-4e93-9e3b-e25f519ebbbd	NR_043730.1	91.786	767	50	9	6	763	1412	650	0.0	1055
04899dda-4fa5-4389-a9ec-1a828172cd82	NR_179506.1	84.754	1384	136	63	18	1343	1379	13	0.0	1317
04899dda-4fa5-4389-a9ec-1a828172cd82	NR_180618.1	84.754	1384	136	63	18	1343	1368	2	0.0	1317
04899dda-4fa5-4389-a9ec-1a828172cd82	NR_181929.1	84.699	1379	138	61	18	1339	1363	1	0.0	1310
04899dda-4fa5-4389-a9ec-1a828172cd82	NR_173690.1	84.621	1385	136	63	18	1343	1379	13	0.0	1306
04899dda-4fa5-4389-a9ec-1a828172cd82	NR_036821.1	84.218	1375	144	64	18	1335	1359	1	0.0	1269
1188fc87-7d16-4ef7-98bd-2e02ec96e0b8	NR_179985.1	95.455	990	28	17	4	980	996	11	0.0	1563
1188fc87-7d16-4ef7-98bd-2e02ec96e0b8	NR_181838.1	95.455	990	28	17	4	980	999	14	0.0	1563
1188fc87-7d16-4ef7-98bd-2e02ec96e0b8	NR_179103.1	95.354	990	29	17	4	980	1000	15	0.0	1557
1188fc87-7d16-4ef7-98bd-2e02ec96e0b8	NR_179728.1	95.354	990	29	17	4	980	996	11	0.0	1557
1188fc87-7d16-4ef7-98bd-2e02ec96e0b8	NR_116899.1	95.963	966	23	16	4	956	963	1	0.0	1554
c6250b4d-e4a9-4000-8826-b1425bd274e0	NR_074568.1	91.473	129	6	4	5	130	143	17	3.87e-43	172
c6250b4d-e4a9-4000-8826-b1425bd274e0	NR_044712.2	91.473	129	6	4	5	130	152	26	3.87e-43	172
c6250b4d-e4a9-4000-8826-b1425bd274e0	NR_025310.1	92.437	119	6	2	5	120	123	5	1.80e-41	167
c6250b4d-e4a9-4000-8826-b1425bd274e0	NR_044873.1	90.698	129	7	3	5	130	132	6	1.80e-41	167
c6250b4d-e4a9-4000-8826-b1425bd274e0	NR_109752.1	89.922	129	8	4	5	130	153	27	8.39e-40	161
ea1a36f2-6fc1-4afe-a1a0-b30041a61a95	NR_041715.1	92.237	219	5	9	1	209	1393	1177	2.90e-81	300
ea1a36f2-6fc1-4afe-a1a0-b30041a61a95	NR_024704.1	92.237	219	5	9	1	209	1393	1177	2.90e-81	300
ea1a36f2-6fc1-4afe-a1a0-b30041a61a95	NR_024946.1	92.237	219	5	9	1	209	1393	1177	2.90e-81	300
ea1a36f2-6fc1-4afe-a1a0-b30041a61a95	NR_036909.1	92.237	219	5	9	1	209	1403	1187	2.90e-81	300
ea1a36f2-6fc1-4afe-a1a0-b30041a61a95	NR_041044.1	92.237	219	5	9	1	209	1388	1172	2.90e-81	300
30dc84f4-b507-4100-b3c3-0841789f767a	NR_024901.1	95.918	196	7	1	9	203	788	983	2.74e-86	316
30dc84f4-b507-4100-b3c3-0841789f767a	NR_024902.1	95.918	196	7	1	9	203	790	985	2.74e-86	316
30dc84f4-b507-4100-b3c3-0841789f767a	NR_024909.1	95.918	196	7	1	9	203	788	983	2.74e-86	316
30dc84f4-b507-4100-b3c3-0841789f767a	NR_024911.1	95.918	196	7	1	9	203	788	983	2.74e-86	316
30dc84f4-b507-4100-b3c3-0841789f767a	NR_024912.1	95.918	196	7	1	9	203	788	983	2.74e-86	316
b3e48eeb-1430-40f4-adaf-b8bb83565901	NR_126220.1	93.254	252	10	7	1	248	254	6	1.23e-100	364
b3e48eeb-1430-40f4-adaf-b8bb83565901	NR_179985.1	93.254	252	10	7	1	248	268	20	1.23e-100	364
b3e48eeb-1430-40f4-adaf-b8bb83565901	NR_181838.1	93.254	252	10	7	1	248	271	23	1.23e-100	364
b3e48eeb-1430-40f4-adaf-b8bb83565901	NR_199512.1	93.281	253	8	8	1	248	275	27	1.23e-100	364
b3e48eeb-1430-40f4-adaf-b8bb83565901	NR_029063.1	92.857	252	11	7	1	248	269	21	5.74e-99	359
fee4009b-51e0-46e1-a426-ab2c98a021a1	NR_036899.1	92.544	228	10	6	1	226	1248	1470	2.50e-87	320
fee4009b-51e0-46e1-a426-ab2c98a021a1	NR_074582.1	92.544	228	10	6	1	226	1246	1468	2.50e-87	320
fee4009b-51e0-46e1-a426-ab2c98a021a1	NR_113327.1	92.544	228	10	6	1	226	1266	1488	2.50e-87	320
fee4009b-51e0-46e1-a426-ab2c98a021a1	NR_027189.1	92.511	227	10	6	1	226	1185	1405	8.98e-87	318
fee4009b-51e0-46e1-a426-ab2c98a021a1	NR_180741.1	89.823	226	16	5	3	226	1276	1496	3.28e-76	283
d3f9144e-3c0f-4e80-9773-24b5ebfcb442	NR_040859.1	87.234	94	5	4	1	87	1382	1475	1.14e-21	100
d3f9144e-3c0f-4e80-9773-24b5ebfcb442	NR_028806.1	87.234	94	5	4	1	87	1389	1482	1.14e-21	100
d3f9144e-3c0f-4e80-9773-24b5ebfcb442	NR_040992.1	87.234	94	5	4	1	87	1390	1483	1.14e-21	100
d3f9144e-3c0f-4e80-9773-24b5ebfcb442	NR_025881.1	87.234	94	5	4	1	87	1388	1481	1.14e-21	100
d3f9144e-3c0f-4e80-9773-24b5ebfcb442	NR_026395.1	87.234	94	5	4	1	87	1390	1483	1.14e-21	100
7675932c-ab74-4f5c-b46d-2b32f56bae99	NR_024946.1	96.711	152	0	3	1	150	255	107	8.46e-66	248
7675932c-ab74-4f5c-b46d-2b32f56bae99	NR_028619.1	96.711	152	0	3	1	150	268	120	8.46e-66	248
7675932c-ab74-4f5c-b46d-2b32f56bae99	NR_112077.1	96.711	152	0	3	1	150	265	117	8.46e-66	248
7675932c-ab74-4f5c-b46d-2b32f56bae99	NR_113578.1	96.711	152	0	3	1	150	247	99	8.46e-66	248
7675932c-ab74-4f5c-b46d-2b32f56bae99	NR_148763.1	96.711	152	0	3	1	150	267	119	8.46e-66	248
5f086f33-3185-4d9c-9086-728239f43646	NR_159228.1	93.491	169	5	3	3	165	1324	1492	2.96e-65	246
5f086f33-3185-4d9c-9086-728239f43646	NR_041722.2	93.452	168	6	3	3	165	1342	1509	1.06e-64	244
5f086f33-3185-4d9c-9086-728239f43646	NR_028665.1	93.452	168	6	3	3	165	1322	1489	1.06e-64	244
5f086f33-3185-4d9c-9086-728239f43646	NR_028736.1	93.452	168	6	3	3	165	1331	1498	1.06e-64	244
5f086f33-3185-4d9c-9086-728239f43646	NR_041721.1	93.452	168	6	3	3	165	1330	1497	1.06e-64	244
0ae3ace3-5be3-4f28-b6ce-ca18c37299d8	NR_024707.1	100.000	105	0	0	1	105	641	537	6.34e-50	195
0ae3ace3-5be3-4f28-b6ce-ca18c37299d8	NR_025228.1	100.000	105	0	0	1	105	635	531	6.34e-50	195
0ae3ace3-5be3-4f28-b6ce-ca18c37299d8	NR_025549.1	100.000	105	0	0	1	105	641	537	6.34e-50	195
0ae3ace3-5be3-4f28-b6ce-ca18c37299d8	NR_036830.1	100.000	105	0	0	1	105	621	517	6.34e-50	195
0ae3ace3-5be3-4f28-b6ce-ca18c37299d8	NR_036909.1	100.000	105	0	0	1	105	657	553	6.34e-50	195
46759c06-ed3a-47c8-8418-71f3e8e5581d	NR_024901.1	94.595	222	5	5	1	220	648	864	2.30e-92	337
46759c06-ed3a-47c8-8418-71f3e8e5581d	NR_024902.1	94.595	222	5	5	1	220	650	866	2.30e-92	337
46759c06-ed3a-47c8-8418-71f3e8e5581d	NR_024911.1	94.595	222	5	5	1	220	648	864	2.30e-92	337
46759c06-ed3a-47c8-8418-71f3e8e5581d	NR_024918.1	94.595	222	5	5	1	220	648	864	2.30e-92	337
46759c06-ed3a-47c8-8418-71f3e8e5581d	NR_024927.1	94.595	222	5	5	1	220	648	864	2.30e-92	337
2a8ecdb7-1139-48c5-81f4-be385401c01c	NR_041715.1	96.250	160	5	1	15	174	1379	1221	1.14e-69	261
2a8ecdb7-1139-48c5-81f4-be385401c01c	NR_025947.1	96.250	160	5	1	15	174	1392	1234	1.14e-69	261
2a8ecdb7-1139-48c5-81f4-be385401c01c	NR_024704.1	96.250	160	5	1	15	174	1379	1221	1.14e-69	261
2a8ecdb7-1139-48c5-81f4-be385401c01c	NR_024734.1	96.250	160	5	1	15	174	1371	1213	1.14e-69	261
2a8ecdb7-1139-48c5-81f4-be385401c01c	NR_024946.1	96.250	160	5	1	15	174	1379	1221	1.14e-69	261
a348b05b-ca14-482f-a3ec-5ca1e52c3249	NR_163639.1	90.987	233	9	11	1	226	236	9	2.42e-82	303
a348b05b-ca14-482f-a3ec-5ca1e52c3249	NR_074980.1	90.558	233	10	11	1	226	244	17	1.13e-80	298
a348b05b-ca14-482f-a3ec-5ca1e52c3249	NR_113031.1	90.558	233	10	11	1	226	244	17	1.13e-80	298
a348b05b-ca14-482f-a3ec-5ca1e52c3249	NR_119168.1	91.111	225	9	10	1	218	222	2	1.46e-79	294
a348b05b-ca14-482f-a3ec-5ca1e52c3249	NR_119169.1	90.667	225	10	10	1	218	222	2	1.88e-78	291
3f6c4d68-bb81-4204-a241-b7cd4dfd163b	NR_037101.1	98.182	55	1	0	1	55	1335	1281	7.57e-21	97.1
3f6c4d68-bb81-4204-a241-b7cd4dfd163b	NR_024659.1	98.182	55	1	0	1	55	1316	1262	7.57e-21	97.1
3f6c4d68-bb81-4204-a241-b7cd4dfd163b	NR_024841.1	98.182	55	1	0	1	55	1349	1295	7.57e-21	97.1
3f6c4d68-bb81-4204-a241-b7cd4dfd163b	NR_024842.1	98.182	55	1	0	1	55	1350	1296	7.57e-21	97.1
3f6c4d68-bb81-4204-a241-b7cd4dfd163b	NR_025609.1	98.182	55	1	0	1	55	1284	1230	7.57e-21	97.1
4b2efdf5-8095-49ab-a603-dd2f6de88874	NR_125571.1	92.523	107	5	3	2	105	119	13	5.00e-37	152
4b2efdf5-8095-49ab-a603-dd2f6de88874	NR_029097.1	86.316	95	10	3	2	93	95	1	1.84e-21	100
4b2efdf5-8095-49ab-a603-dd2f6de88874	NR_125570.1	90.909	77	4	3	2	75	77	1	1.84e-21	100
4b2efdf5-8095-49ab-a603-dd2f6de88874	NR_041795.1	95.122	41	2	0	2	42	132	92	6.70e-11	65.8
4b2efdf5-8095-49ab-a603-dd2f6de88874	NR_112653.1	95.122	41	2	0	2	42	121	81	6.70e-11	65.8
8d0a136e-0338-4fea-bcfb-1ac8b95ed88a	NR_024841.1	100.000	73	0	0	2	74	77	5	2.38e-32	135
8d0a136e-0338-4fea-bcfb-1ac8b95ed88a	NR_042776.1	100.000	73	0	0	2	74	88	16	2.38e-32	135
8d0a136e-0338-4fea-bcfb-1ac8b95ed88a	NR_042777.1	100.000	73	0	0	2	74	88	16	2.38e-32	135
8d0a136e-0338-4fea-bcfb-1ac8b95ed88a	NR_042778.1	100.000	73	0	0	2	74	88	16	2.38e-32	135
8d0a136e-0338-4fea-bcfb-1ac8b95ed88a	NR_197695.1	100.000	73	0	0	2	74	87	15	2.38e-32	135
9d6a9650-6541-4548-bb4f-49e5acb0210b	NR_040859.1	99.306	144	1	0	1	144	1332	1475	9.05e-70	261
9d6a9650-6541-4548-bb4f-49e5acb0210b	NR_028806.1	99.306	144	1	0	1	144	1339	1482	9.05e-70	261
9d6a9650-6541-4548-bb4f-49e5acb0210b	NR_040992.1	99.306	144	1	0	1	144	1340	1483	9.05e-70	261
9d6a9650-6541-4548-bb4f-49e5acb0210b	NR_025881.1	99.306	144	1	0	1	144	1338	1481	9.05e-70	261
9d6a9650-6541-4548-bb4f-49e5acb0210b	NR_026395.1	99.306	144	1	0	1	144	1340	1483	9.05e-70	261
c42cf866-681a-420c-97ff-88b0f660d21e	NR_024704.1	95.417	240	8	3	3	241	1234	1471	4.23e-105	379
c42cf866-681a-420c-97ff-88b0f660d21e	NR_042607.1	95.417	240	8	3	3	241	1226	1463	4.23e-105	379
c42cf866-681a-420c-97ff-88b0f660d21e	NR_148763.1	95.417	240	8	3	3	241	1246	1483	4.23e-105	379
c42cf866-681a-420c-97ff-88b0f660d21e	NR_148764.1	95.417	240	8	3	3	241	1246	1483	4.23e-105	379
c42cf866-681a-420c-97ff-88b0f660d21e	NR_043115.1	95.417	240	8	3	3	241	1246	1483	4.23e-105	379
0a857f9d-4397-4816-847a-fdc938f681df	NR_042776.1	93.506	154	8	2	1	152	182	29	1.04e-59	228
0a857f9d-4397-4816-847a-fdc938f681df	NR_042777.1	93.506	154	8	2	1	152	182	29	1.04e-59	228
0a857f9d-4397-4816-847a-fdc938f681df	NR_042778.1	93.506	154	8	2	1	152	182	29	1.04e-59	228
0a857f9d-4397-4816-847a-fdc938f681df	NR_197695.1	93.506	154	8	2	1	152	181	28	1.04e-59	228
0a857f9d-4397-4816-847a-fdc938f681df	NR_118998.1	92.208	154	10	2	1	152	177	24	6.28e-57	219
dd425ee4-13a9-44ea-b5fa-f01b5d165cf7	NR_148763.1	91.667	192	11	5	1	190	199	11	1.21e-69	261
dd425ee4-13a9-44ea-b5fa-f01b5d165cf7	NR_024909.1	91.579	190	11	5	1	188	192	6	1.56e-68	257
dd425ee4-13a9-44ea-b5fa-f01b5d165cf7	NR_024946.1	91.579	190	11	5	1	188	187	1	1.56e-68	257
dd425ee4-13a9-44ea-b5fa-f01b5d165cf7	NR_112077.1	91.579	190	11	5	1	188	197	11	1.56e-68	257
dd425ee4-13a9-44ea-b5fa-f01b5d165cf7	NR_114476.1	91.579	190	11	5	1	188	187	1	1.56e-68	257
81a3255d-7b8d-4abf-9ea9-ae426bfd31e7	NR_179985.1	98.496	133	1	1	4	135	144	12	1.77e-61	233
81a3255d-7b8d-4abf-9ea9-ae426bfd31e7	NR_181838.1	98.496	133	1	1	4	135	147	15	1.77e-61	233
81a3255d-7b8d-4abf-9ea9-ae426bfd31e7	NR_126220.1	98.462	130	1	1	4	132	130	1	8.23e-60	228
81a3255d-7b8d-4abf-9ea9-ae426bfd31e7	NR_043314.1	97.727	132	2	1	4	134	141	10	2.96e-59	226
81a3255d-7b8d-4abf-9ea9-ae426bfd31e7	NR_043423.1	97.727	132	2	1	4	134	142	11	2.96e-59	226
0f3e8eb6-83ef-4e86-9857-93ea74786bfe	NR_148763.1	95.980	199	2	5	8	201	208	11	7.54e-87	318
0f3e8eb6-83ef-4e86-9857-93ea74786bfe	NR_024946.1	95.939	197	2	5	8	199	196	1	9.75e-86	315
0f3e8eb6-83ef-4e86-9857-93ea74786bfe	NR_112077.1	95.939	197	2	5	8	199	206	11	9.75e-86	315
0f3e8eb6-83ef-4e86-9857-93ea74786bfe	NR_028619.1	95.431	197	3	5	8	199	209	14	1.26e-84	311
0f3e8eb6-83ef-4e86-9857-93ea74786bfe	NR_164626.1	94.975	199	4	5	8	201	198	1	1.63e-83	307
e2286e26-ec51-4eac-8782-e98b5d8909a4	NR_024704.1	96.575	146	4	1	1	146	1463	1319	1.17e-63	241
e2286e26-ec51-4eac-8782-e98b5d8909a4	NR_042607.1	96.575	146	4	1	1	146	1455	1311	1.17e-63	241
e2286e26-ec51-4eac-8782-e98b5d8909a4	NR_074853.1	96.575	146	4	1	1	146	1483	1339	1.17e-63	241
e2286e26-ec51-4eac-8782-e98b5d8909a4	NR_113578.1	96.575	146	4	1	1	146	1455	1311	1.17e-63	241
e2286e26-ec51-4eac-8782-e98b5d8909a4	NR_113859.1	96.575	146	4	1	1	146	1454	1310	1.17e-63	241
6fcd1d27-c786-48bf-a82f-ea0a4b6aabb8	NR_179398.1	93.464	153	4	4	20	168	1427	1277	4.99e-58	222
6fcd1d27-c786-48bf-a82f-ea0a4b6aabb8	NR_181080.1	93.464	153	4	4	20	168	1382	1232	4.99e-58	222
6fcd1d27-c786-48bf-a82f-ea0a4b6aabb8	NR_040859.1	92.810	153	5	4	20	168	1419	1269	2.32e-56	217
6fcd1d27-c786-48bf-a82f-ea0a4b6aabb8	NR_028826.1	92.810	153	5	4	20	168	1410	1260	2.32e-56	217
6fcd1d27-c786-48bf-a82f-ea0a4b6aabb8	NR_040992.1	92.810	153	5	4	20	168	1427	1277	2.32e-56	217
