10f743ef-6ac2-4db5-9500-e5910c39759e	NR_024918.1	88.941	859	51	39	1	838	641	1476	0.0	1020
10f743ef-6ac2-4db5-9500-e5910c39759e	NR_025227.1	88.889	855	51	39	1	834	624	1455	0.0	1013
10f743ef-6ac2-4db5-9500-e5910c39759e	NR_197706.1	88.811	858	53	38	1	838	655	1489	0.0	1013
10f743ef-6ac2-4db5-9500-e5910c39759e	NR_024902.1	88.708	859	53	39	1	838	643	1478	0.0	1009
10f743ef-6ac2-4db5-9500-e5910c39759e	NR_025550.1	88.695	858	55	37	1	838	630	1465	0.0	1009
681e7894-73ee-4aba-bcc0-e2c530804991	NR_178482.1	93.987	1081	40	21	4	1064	1076	1	0.0	1613
681e7894-73ee-4aba-bcc0-e2c530804991	NR_024927.1	93.681	1092	44	21	4	1075	1099	13	0.0	1611
681e7894-73ee-4aba-bcc0-e2c530804991	NR_114223.1	93.676	1091	44	21	4	1074	1086	1	0.0	1609
681e7894-73ee-4aba-bcc0-e2c530804991	NR_178342.1	93.676	1091	44	21	4	1074	1086	1	0.0	1609
681e7894-73ee-4aba-bcc0-e2c530804991	NR_025103.1	93.629	1083	44	21	4	1066	1078	1	0.0	1594
688b0fbf-0716-4cea-9a66-383b5567c615	NR_179985.1	92.701	959	29	37	13	938	961	11	0.0	1345
688b0fbf-0716-4cea-9a66-383b5567c615	NR_181838.1	92.492	959	31	36	13	938	964	14	0.0	1334
688b0fbf-0716-4cea-9a66-383b5567c615	NR_179103.1	92.388	959	32	36	13	938	965	15	0.0	1328
688b0fbf-0716-4cea-9a66-383b5567c615	NR_179728.1	92.388	959	32	36	13	938	961	11	0.0	1328
688b0fbf-0716-4cea-9a66-383b5567c615	NR_126220.1	92.461	955	31	37	13	934	947	1	0.0	1327
affe09b6-e4ea-4869-a9a5-6d93f4f87d76	NR_148763.1	94.190	568	12	17	1	552	1491	929	0.0	846
affe09b6-e4ea-4869-a9a5-6d93f4f87d76	NR_148764.1	94.014	568	13	17	1	552	1491	929	0.0	841
affe09b6-e4ea-4869-a9a5-6d93f4f87d76	NR_024704.1	93.838	568	14	17	1	552	1479	917	0.0	835
affe09b6-e4ea-4869-a9a5-6d93f4f87d76	NR_181838.1	93.838	568	14	17	1	552	1494	932	0.0	835
affe09b6-e4ea-4869-a9a5-6d93f4f87d76	NR_028986.1	93.662	568	15	17	1	552	1471	909	0.0	830
4ed19e12-6c39-4648-8f05-f1d8eaa9d559	NR_043314.1	92.090	847	36	25	1	828	652	1486	0.0	1164
4ed19e12-6c39-4648-8f05-f1d8eaa9d559	NR_148763.1	92.099	848	33	26	1	828	655	1488	0.0	1164
4ed19e12-6c39-4648-8f05-f1d8eaa9d559	NR_116899.1	92.090	847	35	25	1	828	622	1455	0.0	1164
4ed19e12-6c39-4648-8f05-f1d8eaa9d559	NR_179889.1	92.090	847	35	25	1	828	662	1495	0.0	1164
4ed19e12-6c39-4648-8f05-f1d8eaa9d559	NR_113578.1	92.162	842	32	26	1	822	635	1462	0.0	1162
72e26f39-c533-41f5-b5ee-a05cb96670f8	NR_115355.1	95.157	764	15	15	1	746	497	1256	0.0	1186
72e26f39-c533-41f5-b5ee-a05cb96670f8	NR_179325.1	95.157	764	15	15	1	746	471	1230	0.0	1186
72e26f39-c533-41f5-b5ee-a05cb96670f8	NR_041879.1	95.033	765	15	16	1	746	454	1214	0.0	1181
72e26f39-c533-41f5-b5ee-a05cb96670f8	NR_119169.1	94.895	764	17	15	1	746	502	1261	0.0	1179
72e26f39-c533-41f5-b5ee-a05cb96670f8	NR_163639.1	95.026	764	15	17	1	746	513	1271	0.0	1179
14b1b891-e57a-488c-9a07-5dd551cc903c	NR_178515.1	93.959	927	33	15	12	933	1108	200	0.0	1380
14b1b891-e57a-488c-9a07-5dd551cc903c	NR_115735.1	94.365	905	28	15	12	911	1099	213	0.0	1367
14b1b891-e57a-488c-9a07-5dd551cc903c	NR_116211.1	94.365	905	28	15	12	911	1031	145	0.0	1367
14b1b891-e57a-488c-9a07-5dd551cc903c	NR_024842.1	94.254	905	29	15	12	911	1123	237	0.0	1365
14b1b891-e57a-488c-9a07-5dd551cc903c	NR_109720.1	93.635	927	36	15	12	933	1102	194	0.0	1363
7f12c04b-382f-4a73-9ef2-28df377b5ffa	NR_043314.1	90.659	364	19	13	1	357	1126	1481	3.73e-132	470
7f12c04b-382f-4a73-9ef2-28df377b5ffa	NR_114749.1	90.659	364	19	13	1	357	1128	1483	3.73e-132	470
7f12c04b-382f-4a73-9ef2-28df377b5ffa	NR_116899.1	90.659	364	19	13	1	357	1095	1450	3.73e-132	470
7f12c04b-382f-4a73-9ef2-28df377b5ffa	NR_178854.1	90.659	364	19	13	1	357	1107	1462	3.73e-132	470
7f12c04b-382f-4a73-9ef2-28df377b5ffa	NR_179889.1	90.659	364	19	13	1	357	1135	1490	3.73e-132	470
2ff98b1d-30a3-44e2-81ac-cbf44955875b	NR_148763.1	96.384	636	12	9	7	634	855	1487	0.0	1037
2ff98b1d-30a3-44e2-81ac-cbf44955875b	NR_148764.1	96.226	636	13	9	7	634	855	1487	0.0	1031
2ff98b1d-30a3-44e2-81ac-cbf44955875b	NR_024704.1	96.069	636	14	9	7	634	843	1475	0.0	1026
2ff98b1d-30a3-44e2-81ac-cbf44955875b	NR_181838.1	96.069	636	14	9	7	634	858	1490	0.0	1026
2ff98b1d-30a3-44e2-81ac-cbf44955875b	NR_028986.1	95.912	636	15	9	7	634	835	1467	0.0	1020
cdb768a2-23c8-454d-9ad2-d10a60ec44d9	NR_116899.1	95.772	1419	27	26	1	1394	44	1454	0.0	2257
cdb768a2-23c8-454d-9ad2-d10a60ec44d9	NR_181838.1	95.560	1419	30	26	1	1394	80	1490	0.0	2241
cdb768a2-23c8-454d-9ad2-d10a60ec44d9	NR_179103.1	95.490	1419	31	26	1	1394	81	1491	0.0	2235
cdb768a2-23c8-454d-9ad2-d10a60ec44d9	NR_179728.1	95.490	1419	31	26	1	1394	77	1487	0.0	2235
cdb768a2-23c8-454d-9ad2-d10a60ec44d9	NR_179985.1	95.490	1419	31	26	1	1394	77	1487	0.0	2235
fc8735b6-e5bb-4e1f-92b8-74961c879865	NR_148763.1	96.372	827	14	11	12	829	667	1486	0.0	1347
fc8735b6-e5bb-4e1f-92b8-74961c879865	NR_148764.1	96.252	827	15	11	12	829	667	1486	0.0	1341
fc8735b6-e5bb-4e1f-92b8-74961c879865	NR_028619.1	96.131	827	14	13	12	829	668	1485	0.0	1334
fc8735b6-e5bb-4e1f-92b8-74961c879865	NR_113578.1	96.112	823	16	11	12	825	647	1462	0.0	1332
fc8735b6-e5bb-4e1f-92b8-74961c879865	NR_181838.1	95.768	827	19	10	12	829	670	1489	0.0	1319
7cc6975b-baec-46c0-9dcf-c533147dc001	NR_148763.1	94.092	457	17	9	1	449	315	769	0.0	686
7cc6975b-baec-46c0-9dcf-c533147dc001	NR_118155.1	93.217	457	21	9	1	449	318	772	0.0	664
7cc6975b-baec-46c0-9dcf-c533147dc001	NR_024927.1	92.998	457	22	9	1	449	308	762	0.0	658
7cc6975b-baec-46c0-9dcf-c533147dc001	NR_025227.1	92.998	457	22	9	1	449	291	745	0.0	658
7cc6975b-baec-46c0-9dcf-c533147dc001	NR_114223.1	92.998	457	22	9	1	449	295	749	0.0	658
ea60af41-be70-4c84-8a8f-e48ee4ef8f44	NR_148763.1	95.309	1002	22	20	1	990	1000	12	0.0	1567
ea60af41-be70-4c84-8a8f-e48ee4ef8f44	NR_024946.1	94.705	1001	28	20	1	989	988	1	0.0	1531
ea60af41-be70-4c84-8a8f-e48ee4ef8f44	NR_028619.1	94.605	1001	29	20	1	989	1001	14	0.0	1528
ea60af41-be70-4c84-8a8f-e48ee4ef8f44	NR_024927.1	94.589	998	29	20	4	989	990	6	0.0	1520
ea60af41-be70-4c84-8a8f-e48ee4ef8f44	NR_113578.1	94.663	993	28	20	1	981	980	1	0.0	1519
bbfe9960-f041-4041-912a-f5d04a91a186	NR_024946.1	97.350	566	8	6	1	560	1457	893	0.0	955
bbfe9960-f041-4041-912a-f5d04a91a186	NR_148763.1	97.350	566	8	6	1	560	1469	905	0.0	955
bbfe9960-f041-4041-912a-f5d04a91a186	NR_117552.1	97.173	566	9	6	1	560	1449	885	0.0	952
bbfe9960-f041-4041-912a-f5d04a91a186	NR_148764.1	97.173	566	9	6	1	560	1469	905	0.0	950
bbfe9960-f041-4041-912a-f5d04a91a186	NR_136473.1	97.173	566	8	7	1	560	1451	888	0.0	950
8b023067-2ab6-4558-b93b-8d11c4a3526f	NR_148763.1	95.335	1179	22	27	1	1156	1193	25	0.0	1842
8b023067-2ab6-4558-b93b-8d11c4a3526f	NR_024927.1	94.996	1179	26	27	1	1156	1186	18	0.0	1820
8b023067-2ab6-4558-b93b-8d11c4a3526f	NR_114223.1	94.996	1179	26	27	1	1156	1173	5	0.0	1820
8b023067-2ab6-4558-b93b-8d11c4a3526f	NR_113578.1	94.826	1179	28	27	1	1156	1173	5	0.0	1812
8b023067-2ab6-4558-b93b-8d11c4a3526f	NR_024946.1	94.826	1179	28	27	1	1156	1181	13	0.0	1808
b62c4493-a75f-4f61-acf2-a2de4c327953	NR_117822.1	96.321	299	4	6	1	293	1078	781	1.06e-136	484
b62c4493-a75f-4f61-acf2-a2de4c327953	NR_132724.1	96.321	299	4	6	1	293	1061	764	1.06e-136	484
b62c4493-a75f-4f61-acf2-a2de4c327953	NR_178772.1	96.321	299	4	6	1	293	1061	764	1.06e-136	484
b62c4493-a75f-4f61-acf2-a2de4c327953	NR_181875.1	96.321	299	4	6	1	293	1115	818	1.06e-136	484
b62c4493-a75f-4f61-acf2-a2de4c327953	NR_036830.1	96.309	298	4	6	2	293	1085	789	3.83e-136	483
5dda6599-ed05-48d7-bccb-bab3a2b97758	NR_148763.1	89.171	1182	57	54	1	1139	1174	21	0.0	1408
5dda6599-ed05-48d7-bccb-bab3a2b97758	NR_024946.1	88.663	1182	63	55	1	1139	1162	9	0.0	1375
5dda6599-ed05-48d7-bccb-bab3a2b97758	NR_028619.1	88.579	1182	64	54	1	1139	1175	22	0.0	1371
5dda6599-ed05-48d7-bccb-bab3a2b97758	NR_178974.1	88.579	1182	62	58	1	1138	1153	1	0.0	1369
5dda6599-ed05-48d7-bccb-bab3a2b97758	NR_113578.1	88.494	1182	65	55	1	1139	1154	1	0.0	1367
7d451840-a38c-497e-af3f-9bd8411626a2	NR_148763.1	94.019	1438	42	31	1	1411	62	1482	0.0	2139
7d451840-a38c-497e-af3f-9bd8411626a2	NR_113578.1	93.463	1438	50	31	1	1411	42	1462	0.0	2098
7d451840-a38c-497e-af3f-9bd8411626a2	NR_028619.1	93.394	1438	49	33	1	1411	63	1481	0.0	2087
7d451840-a38c-497e-af3f-9bd8411626a2	NR_024946.1	93.548	1426	48	31	1	1399	50	1458	0.0	2084
7d451840-a38c-497e-af3f-9bd8411626a2	NR_148764.1	93.255	1438	53	31	1	1411	62	1482	0.0	2078
099b7740-36f8-4393-a71e-14eeade464c3	NR_116168.1	93.534	897	35	19	1	878	594	1486	0.0	1314
099b7740-36f8-4393-a71e-14eeade464c3	NR_118762.1	92.705	891	42	18	1	873	597	1482	0.0	1284
099b7740-36f8-4393-a71e-14eeade464c3	NR_025423.1	91.527	897	49	22	1	876	578	1468	0.0	1210
099b7740-36f8-4393-a71e-14eeade464c3	NR_042878.1	94.214	795	27	14	1	781	573	1362	0.0	1197
099b7740-36f8-4393-a71e-14eeade464c3	NR_044613.1	90.929	893	55	21	1	873	598	1484	0.0	1182
792a940a-c6f3-4993-9850-d37144f1ccc4	NR_025227.1	93.846	1235	37	29	1	1214	239	1455	0.0	1823
792a940a-c6f3-4993-9850-d37144f1ccc4	NR_116899.1	93.760	1234	40	27	1	1214	230	1446	0.0	1818
792a940a-c6f3-4993-9850-d37144f1ccc4	NR_181570.1	93.441	1235	42	29	1	1214	270	1486	0.0	1796
792a940a-c6f3-4993-9850-d37144f1ccc4	NR_024918.1	93.279	1235	44	29	1	1214	256	1472	0.0	1794
792a940a-c6f3-4993-9850-d37144f1ccc4	NR_025228.1	93.360	1235	43	29	1	1214	239	1455	0.0	1790
55ad99c0-0ea4-469a-80c8-0091915fd3bd	NR_042843.1	98.071	622	7	4	1	620	624	1242	0.0	1077
55ad99c0-0ea4-469a-80c8-0091915fd3bd	NR_102895.1	98.071	622	7	4	1	620	652	1270	0.0	1077
55ad99c0-0ea4-469a-80c8-0091915fd3bd	NR_113113.1	98.071	622	7	4	1	620	632	1250	0.0	1077
55ad99c0-0ea4-469a-80c8-0091915fd3bd	NR_109628.1	97.588	622	10	4	1	620	625	1243	0.0	1061
55ad99c0-0ea4-469a-80c8-0091915fd3bd	NR_029148.1	97.428	622	10	5	1	620	652	1269	0.0	1055
cfe5bc93-201e-4cb3-81a2-0c54d5303e84	NR_036998.1	98.519	270	2	2	1	269	1194	1462	5.93e-134	475
cfe5bc93-201e-4cb3-81a2-0c54d5303e84	NR_043314.1	98.519	270	2	2	1	269	1213	1481	5.93e-134	475
cfe5bc93-201e-4cb3-81a2-0c54d5303e84	NR_114793.1	98.519	270	2	2	1	269	1087	1355	5.93e-134	475
cfe5bc93-201e-4cb3-81a2-0c54d5303e84	NR_114749.1	98.519	270	2	2	1	269	1215	1483	5.93e-134	475
cfe5bc93-201e-4cb3-81a2-0c54d5303e84	NR_116899.1	98.519	270	2	2	1	269	1182	1450	5.93e-134	475
42cadada-912e-4c2b-a794-b2048e3bbeeb	NR_042928.1	95.419	1266	32	20	4	1252	1354	98	0.0	1993
42cadada-912e-4c2b-a794-b2048e3bbeeb	NR_199547.1	95.340	1266	33	20	4	1252	1334	78	0.0	1988
42cadada-912e-4c2b-a794-b2048e3bbeeb	NR_116206.1	95.261	1266	34	20	4	1252	1279	23	0.0	1986
42cadada-912e-4c2b-a794-b2048e3bbeeb	NR_112026.1	95.261	1266	33	21	4	1252	1336	81	0.0	1982
42cadada-912e-4c2b-a794-b2048e3bbeeb	NR_199541.1	95.182	1266	35	20	4	1252	1332	76	0.0	1977
f62b8841-1cf8-48da-9635-b95cab47b7c5	NR_028664.1	97.904	334	5	2	3	335	1164	1496	1.99e-164	577
f62b8841-1cf8-48da-9635-b95cab47b7c5	NR_117719.1	97.904	334	5	2	3	335	1161	1493	1.99e-164	577
f62b8841-1cf8-48da-9635-b95cab47b7c5	NR_178262.1	97.904	334	5	2	3	335	1037	1369	1.99e-164	577
f62b8841-1cf8-48da-9635-b95cab47b7c5	NR_179215.1	97.904	334	5	2	3	335	1159	1491	1.99e-164	577
f62b8841-1cf8-48da-9635-b95cab47b7c5	NR_179383.1	97.904	334	5	2	3	335	1168	1500	1.99e-164	577
6247a87b-b958-4cf9-a1f3-0c76321fdbd2	NR_148763.1	91.885	838	25	29	1	820	824	12	0.0	1131
6247a87b-b958-4cf9-a1f3-0c76321fdbd2	NR_024927.1	91.039	837	32	28	1	819	817	6	0.0	1090
6247a87b-b958-4cf9-a1f3-0c76321fdbd2	NR_179227.1	90.670	836	35	28	2	819	823	13	0.0	1072
6247a87b-b958-4cf9-a1f3-0c76321fdbd2	NR_159318.1	89.379	838	40	35	1	817	811	2	0.0	1009
6247a87b-b958-4cf9-a1f3-0c76321fdbd2	NR_171510.1	89.192	842	38	39	1	819	835	24	0.0	1002
6245a392-3d95-4da1-a31d-e27aecab304c	NR_148763.1	92.788	721	30	17	1	712	728	21	0.0	1024
6245a392-3d95-4da1-a31d-e27aecab304c	NR_024946.1	91.956	721	36	17	1	712	716	9	0.0	990
6245a392-3d95-4da1-a31d-e27aecab304c	NR_113578.1	91.956	721	36	17	1	712	708	1	0.0	990
6245a392-3d95-4da1-a31d-e27aecab304c	NR_028619.1	91.817	721	37	17	1	712	729	22	0.0	987
6245a392-3d95-4da1-a31d-e27aecab304c	NR_024927.1	91.817	721	37	17	1	712	721	14	0.0	985
e2421d12-2962-4147-889b-a28292fca889	NR_148763.1	93.241	1302	38	32	3	1276	1293	14	0.0	1871
e2421d12-2962-4147-889b-a28292fca889	NR_024946.1	92.780	1302	44	32	3	1276	1281	2	0.0	1838
e2421d12-2962-4147-889b-a28292fca889	NR_113578.1	92.741	1295	44	32	3	1269	1273	1	0.0	1829
e2421d12-2962-4147-889b-a28292fca889	NR_028619.1	92.627	1302	45	33	3	1276	1293	15	0.0	1827
e2421d12-2962-4147-889b-a28292fca889	NR_136473.1	92.681	1298	45	32	3	1272	1276	1	0.0	1827
8175a87c-2b03-488b-8352-b6e515ac2a64	NR_181838.1	93.819	453	10	13	1	444	467	24	0.0	665
8175a87c-2b03-488b-8352-b6e515ac2a64	NR_179103.1	93.598	453	11	13	1	444	468	25	0.0	660
8175a87c-2b03-488b-8352-b6e515ac2a64	NR_179728.1	93.598	453	11	13	1	444	464	21	0.0	660
8175a87c-2b03-488b-8352-b6e515ac2a64	NR_180743.1	93.598	453	11	13	1	444	445	2	0.0	660
8175a87c-2b03-488b-8352-b6e515ac2a64	NR_126220.1	93.377	453	12	13	1	444	450	7	0.0	654
79bb7387-e93e-4231-a530-0b2590d130d4	NR_024946.1	94.737	475	10	11	1	466	628	1096	0.0	725
79bb7387-e93e-4231-a530-0b2590d130d4	NR_028619.1	94.737	475	10	11	1	466	641	1109	0.0	725
79bb7387-e93e-4231-a530-0b2590d130d4	NR_148763.1	94.737	475	10	11	1	466	640	1108	0.0	725
79bb7387-e93e-4231-a530-0b2590d130d4	NR_148764.1	94.737	475	10	11	1	466	640	1108	0.0	725
79bb7387-e93e-4231-a530-0b2590d130d4	NR_117552.1	94.737	475	10	11	1	466	620	1088	0.0	725
6ea644ca-7ab4-46f9-a562-ec5552960dd6	NR_024946.1	93.627	659	19	16	1	642	1381	729	0.0	963
6ea644ca-7ab4-46f9-a562-ec5552960dd6	NR_148763.1	93.627	659	19	16	1	642	1393	741	0.0	963
6ea644ca-7ab4-46f9-a562-ec5552960dd6	NR_148764.1	93.627	659	19	16	1	642	1393	741	0.0	963
6ea644ca-7ab4-46f9-a562-ec5552960dd6	NR_117552.1	93.627	659	19	16	1	642	1373	721	0.0	963
6ea644ca-7ab4-46f9-a562-ec5552960dd6	NR_136473.1	93.627	659	19	16	1	642	1376	724	0.0	963
fbe824de-e2d4-4e23-985b-02011997adfb	NR_115505.1	96.070	458	10	8	1	456	464	13	0.0	741
fbe824de-e2d4-4e23-985b-02011997adfb	NR_041938.1	97.867	422	6	3	1	421	420	1	0.0	726
fbe824de-e2d4-4e23-985b-02011997adfb	NR_179443.1	93.913	460	20	8	1	456	468	13	0.0	688
fbe824de-e2d4-4e23-985b-02011997adfb	NR_179440.1	90.870	460	32	10	1	456	466	13	9.71e-174	608
fbe824de-e2d4-4e23-985b-02011997adfb	NR_115509.1	89.978	459	36	10	1	456	464	13	3.52e-168	590
d74da15f-505c-4360-8a2d-71205590e908	NR_113578.1	95.511	958	26	16	2	949	512	1462	0.0	1519
d74da15f-505c-4360-8a2d-71205590e908	NR_148763.1	95.516	959	26	16	2	950	532	1483	0.0	1517
d74da15f-505c-4360-8a2d-71205590e908	NR_164626.1	95.516	959	26	16	2	950	522	1473	0.0	1517
d74da15f-505c-4360-8a2d-71205590e908	NR_043314.1	95.426	962	22	18	2	950	529	1481	0.0	1513
d74da15f-505c-4360-8a2d-71205590e908	NR_148764.1	95.407	958	29	14	2	950	532	1483	0.0	1511
efb412b3-025f-424b-b670-21b8dcc8bc3b	NR_024918.1	94.779	498	16	9	1	495	989	1479	0.0	767
efb412b3-025f-424b-b670-21b8dcc8bc3b	NR_043314.1	94.779	498	16	9	1	495	994	1484	0.0	767
efb412b3-025f-424b-b670-21b8dcc8bc3b	NR_116899.1	94.779	498	16	9	1	495	963	1453	0.0	767
efb412b3-025f-424b-b670-21b8dcc8bc3b	NR_164626.1	94.779	498	16	9	1	495	986	1476	0.0	767
efb412b3-025f-424b-b670-21b8dcc8bc3b	NR_178854.1	94.779	498	16	9	1	495	975	1465	0.0	767
801eaed2-8b0f-44f1-8f3c-528e853e4917	NR_112077.1	94.071	506	15	13	1	493	841	1344	0.0	756
801eaed2-8b0f-44f1-8f3c-528e853e4917	NR_113578.1	94.071	506	15	13	1	493	823	1326	0.0	756
801eaed2-8b0f-44f1-8f3c-528e853e4917	NR_024946.1	94.059	505	17	12	1	493	831	1334	0.0	754
801eaed2-8b0f-44f1-8f3c-528e853e4917	NR_028619.1	94.048	504	18	11	1	493	844	1346	0.0	754
801eaed2-8b0f-44f1-8f3c-528e853e4917	NR_148763.1	94.059	505	17	12	1	493	843	1346	0.0	754
58f90e76-430d-40dc-a065-a50b6371515d	NR_148763.1	93.942	1172	35	26	1	1153	1165	11	0.0	1738
58f90e76-430d-40dc-a065-a50b6371515d	NR_024946.1	93.419	1170	41	24	1	1151	1153	1	0.0	1701
58f90e76-430d-40dc-a065-a50b6371515d	NR_028619.1	93.333	1170	42	24	1	1151	1166	14	0.0	1698
58f90e76-430d-40dc-a065-a50b6371515d	NR_148764.1	93.089	1172	45	24	1	1153	1165	11	0.0	1683
58f90e76-430d-40dc-a065-a50b6371515d	NR_136473.1	93.219	1165	43	24	1	1146	1148	1	0.0	1683
d94bf080-d195-4eed-919f-4817ff6d0660	NR_028664.1	95.690	348	10	4	1	343	360	707	9.46e-158	555
d94bf080-d195-4eed-919f-4817ff6d0660	NR_042927.1	95.690	348	10	4	1	343	339	686	9.46e-158	555
d94bf080-d195-4eed-919f-4817ff6d0660	NR_042928.1	95.690	348	10	4	1	343	337	684	9.46e-158	555
d94bf080-d195-4eed-919f-4817ff6d0660	NR_112026.1	95.690	348	10	4	1	343	320	667	9.46e-158	555
d94bf080-d195-4eed-919f-4817ff6d0660	NR_114413.1	95.690	348	10	4	1	343	362	709	9.46e-158	555
