ab8b53aa-684d-4dd1-b793-e8eeefaadc21	NR_115276.1	89.218	371	24	13	11	370	1114	1479	5.12e-126	449
ab8b53aa-684d-4dd1-b793-e8eeefaadc21	NR_036845.1	89.130	368	24	13	11	367	1123	1485	2.38e-124	444
ab8b53aa-684d-4dd1-b793-e8eeefaadc21	NR_042406.1	88.000	375	26	14	11	373	1118	1485	8.63e-119	425
ab8b53aa-684d-4dd1-b793-e8eeefaadc21	NR_181558.1	87.733	375	28	14	11	373	1126	1494	1.12e-117	422
ab8b53aa-684d-4dd1-b793-e8eeefaadc21	NR_159231.1	87.733	375	27	14	11	373	1138	1505	4.02e-117	420
9341602d-cf38-4d10-9974-50c4e4bdb41b	NR_024704.1	92.484	306	11	10	1	301	1293	995	1.93e-119	427
9341602d-cf38-4d10-9974-50c4e4bdb41b	NR_024946.1	91.987	312	13	10	1	307	1293	989	1.93e-119	427
9341602d-cf38-4d10-9974-50c4e4bdb41b	NR_036909.1	92.484	306	11	10	1	301	1303	1005	1.93e-119	427
9341602d-cf38-4d10-9974-50c4e4bdb41b	NR_112077.1	92.484	306	11	10	1	301	1303	1005	1.93e-119	427
9341602d-cf38-4d10-9974-50c4e4bdb41b	NR_113578.1	92.484	306	11	10	1	301	1285	987	1.93e-119	427
70657c77-8e62-4677-a714-ca28229fd25a	NR_148763.1	96.193	788	16	11	1	776	698	1483	0.0	1277
70657c77-8e62-4677-a714-ca28229fd25a	NR_148764.1	96.066	788	17	11	1	776	698	1483	0.0	1271
70657c77-8e62-4677-a714-ca28229fd25a	NR_113578.1	95.934	787	18	11	1	775	678	1462	0.0	1266
70657c77-8e62-4677-a714-ca28229fd25a	NR_181838.1	95.558	788	21	11	1	776	701	1486	0.0	1249
70657c77-8e62-4677-a714-ca28229fd25a	NR_114225.1	95.426	787	22	11	1	775	678	1462	0.0	1243
889544f7-084c-40c9-b2f9-c3af8dc5b6b3	NR_148763.1	93.250	1200	51	26	1	1178	1202	11	0.0	1740
889544f7-084c-40c9-b2f9-c3af8dc5b6b3	NR_024946.1	92.911	1199	53	27	1	1176	1190	1	0.0	1714
889544f7-084c-40c9-b2f9-c3af8dc5b6b3	NR_113578.1	93.068	1183	51	26	1	1160	1182	8	0.0	1705
889544f7-084c-40c9-b2f9-c3af8dc5b6b3	NR_028619.1	92.744	1199	54	28	1	1176	1202	14	0.0	1703
889544f7-084c-40c9-b2f9-c3af8dc5b6b3	NR_136473.1	93.068	1183	51	26	1	1160	1185	11	0.0	1703
dd94071d-7e4e-42c2-96fb-15468d0bf1b7	NR_024946.1	93.460	474	20	10	1	469	923	1390	0.0	693
dd94071d-7e4e-42c2-96fb-15468d0bf1b7	NR_148763.1	93.460	474	20	10	1	469	935	1402	0.0	693
dd94071d-7e4e-42c2-96fb-15468d0bf1b7	NR_148764.1	93.460	474	20	10	1	469	935	1402	0.0	693
dd94071d-7e4e-42c2-96fb-15468d0bf1b7	NR_117552.1	93.460	474	20	10	1	469	915	1382	0.0	693
dd94071d-7e4e-42c2-96fb-15468d0bf1b7	NR_136473.1	93.460	474	20	10	1	469	918	1385	0.0	693
047af6b6-cc58-45a6-bbdc-ae7b6cdc3995	NR_148763.1	93.186	587	24	13	17	593	601	21	0.0	848
047af6b6-cc58-45a6-bbdc-ae7b6cdc3995	NR_024927.1	92.504	587	28	14	17	593	594	14	0.0	826
047af6b6-cc58-45a6-bbdc-ae7b6cdc3995	NR_043195.1	92.504	587	28	13	17	593	599	19	0.0	826
047af6b6-cc58-45a6-bbdc-ae7b6cdc3995	NR_114223.1	92.504	587	28	14	17	593	581	1	0.0	826
047af6b6-cc58-45a6-bbdc-ae7b6cdc3995	NR_179227.1	92.504	587	28	13	17	593	601	21	0.0	826
cf076555-7b57-4da1-a15e-a39005ddf977	NR_148763.1	95.091	1324	27	27	1	1300	1320	11	0.0	2050
cf076555-7b57-4da1-a15e-a39005ddf977	NR_024946.1	94.629	1322	33	27	1	1298	1308	1	0.0	2013
cf076555-7b57-4da1-a15e-a39005ddf977	NR_028619.1	94.478	1322	34	28	1	1298	1320	14	0.0	2002
cf076555-7b57-4da1-a15e-a39005ddf977	NR_148764.1	94.411	1324	36	29	1	1300	1320	11	0.0	2001
cf076555-7b57-4da1-a15e-a39005ddf977	NR_136473.1	94.457	1317	35	27	1	1293	1303	1	0.0	1995
6eefbfa8-70f8-4ed6-9804-440d5ddb1f96	NR_148763.1	94.928	552	16	10	4	547	559	12	0.0	854
6eefbfa8-70f8-4ed6-9804-440d5ddb1f96	NR_024927.1	94.192	551	20	10	4	546	552	6	0.0	830
6eefbfa8-70f8-4ed6-9804-440d5ddb1f96	NR_043195.1	94.192	551	20	10	4	546	557	11	0.0	830
6eefbfa8-70f8-4ed6-9804-440d5ddb1f96	NR_179227.1	94.192	551	20	10	4	546	559	13	0.0	830
6eefbfa8-70f8-4ed6-9804-440d5ddb1f96	NR_024946.1	94.011	551	21	10	4	546	547	1	0.0	824
db8eadfc-a90b-48bf-bc9b-80d37f417a60	NR_181838.1	94.733	1462	47	25	1	1445	1463	15	0.0	2246
db8eadfc-a90b-48bf-bc9b-80d37f417a60	NR_179103.1	94.665	1462	48	25	1	1445	1464	16	0.0	2241
db8eadfc-a90b-48bf-bc9b-80d37f417a60	NR_179728.1	94.665	1462	48	25	1	1445	1460	12	0.0	2241
db8eadfc-a90b-48bf-bc9b-80d37f417a60	NR_179985.1	94.665	1462	48	25	1	1445	1460	12	0.0	2241
db8eadfc-a90b-48bf-bc9b-80d37f417a60	NR_043314.1	94.665	1462	47	26	1	1444	1458	10	0.0	2239
399cc834-d3a1-455d-beff-b78523976859	NR_148763.1	98.371	921	10	5	4	923	68	984	0.0	1613
399cc834-d3a1-455d-beff-b78523976859	NR_024946.1	97.720	921	16	5	4	923	56	972	0.0	1580
399cc834-d3a1-455d-beff-b78523976859	NR_028619.1	97.720	921	16	5	4	923	69	985	0.0	1580
399cc834-d3a1-455d-beff-b78523976859	NR_113578.1	97.720	921	16	5	4	923	48	964	0.0	1580
399cc834-d3a1-455d-beff-b78523976859	NR_136473.1	97.503	921	18	5	4	923	51	967	0.0	1570
4b4c55e5-f321-45ce-bfef-da20d6ad1cb7	NR_148763.1	98.664	449	3	3	1	448	458	12	0.0	793
4b4c55e5-f321-45ce-bfef-da20d6ad1cb7	NR_024946.1	97.982	446	6	3	3	447	444	1	0.0	771
4b4c55e5-f321-45ce-bfef-da20d6ad1cb7	NR_024927.1	97.768	448	7	3	1	447	451	6	0.0	769
4b4c55e5-f321-45ce-bfef-da20d6ad1cb7	NR_043195.1	97.768	448	7	3	1	447	456	11	0.0	769
4b4c55e5-f321-45ce-bfef-da20d6ad1cb7	NR_179227.1	97.768	448	7	3	1	447	458	13	0.0	769
c89297e1-1f5d-405c-b0f5-149be13b614f	NR_024842.1	94.524	840	29	13	9	839	839	8	0.0	1284
c89297e1-1f5d-405c-b0f5-149be13b614f	NR_115241.1	94.712	832	27	13	9	831	824	1	0.0	1277
c89297e1-1f5d-405c-b0f5-149be13b614f	NR_115735.1	94.532	823	27	14	9	821	815	1	0.0	1254
c89297e1-1f5d-405c-b0f5-149be13b614f	NR_165737.1	93.998	833	31	15	9	831	824	1	0.0	1243
c89297e1-1f5d-405c-b0f5-149be13b614f	NR_178515.1	93.998	833	31	15	9	831	824	1	0.0	1243
2096f566-f468-4732-a3e4-ea8b57f132a1	NR_148763.1	94.477	851	20	22	1	836	648	1486	0.0	1286
2096f566-f468-4732-a3e4-ea8b57f132a1	NR_148764.1	94.477	851	20	22	1	836	648	1486	0.0	1286
2096f566-f468-4732-a3e4-ea8b57f132a1	NR_028619.1	94.242	851	20	24	1	836	649	1485	0.0	1273
2096f566-f468-4732-a3e4-ea8b57f132a1	NR_113578.1	94.215	847	22	22	1	832	628	1462	0.0	1271
2096f566-f468-4732-a3e4-ea8b57f132a1	NR_024946.1	94.478	833	20	21	1	818	636	1457	0.0	1260
7d774aba-ca9f-4a12-a10a-12944ad0a9ae	NR_148763.1	94.748	1428	51	20	3	1416	66	1483	0.0	2200
7d774aba-ca9f-4a12-a10a-12944ad0a9ae	NR_148764.1	94.677	1409	54	17	22	1416	82	1483	0.0	2167
7d774aba-ca9f-4a12-a10a-12944ad0a9ae	NR_028619.1	94.258	1428	56	22	3	1416	67	1482	0.0	2159
7d774aba-ca9f-4a12-a10a-12944ad0a9ae	NR_113578.1	94.184	1427	59	20	3	1415	46	1462	0.0	2158
7d774aba-ca9f-4a12-a10a-12944ad0a9ae	NR_024946.1	94.276	1415	57	20	3	1403	54	1458	0.0	2143
be133607-77d0-4299-8617-53533cff1473	NR_117822.1	92.029	1242	60	33	3	1223	217	1440	0.0	1709
be133607-77d0-4299-8617-53533cff1473	NR_036830.1	91.948	1242	61	33	3	1223	225	1448	0.0	1703
be133607-77d0-4299-8617-53533cff1473	NR_181891.1	91.787	1242	63	33	3	1223	266	1489	0.0	1692
be133607-77d0-4299-8617-53533cff1473	NR_024707.1	91.714	1243	62	35	3	1223	245	1468	0.0	1690
be133607-77d0-4299-8617-53533cff1473	NR_181810.1	91.700	1241	64	33	3	1222	260	1482	0.0	1685
8ce8cf41-90c4-4faa-8a86-a4e07664bcab	NR_126220.1	96.787	498	13	3	1	495	1330	833	0.0	828
8ce8cf41-90c4-4faa-8a86-a4e07664bcab	NR_179483.1	96.787	498	13	3	1	495	1227	730	0.0	828
8ce8cf41-90c4-4faa-8a86-a4e07664bcab	NR_181838.1	96.787	498	13	3	1	495	1347	850	0.0	828
8ce8cf41-90c4-4faa-8a86-a4e07664bcab	NR_024704.1	96.768	495	13	3	1	492	1332	838	0.0	822
8ce8cf41-90c4-4faa-8a86-a4e07664bcab	NR_178447.1	96.586	498	14	3	1	495	1258	761	0.0	822
850aeefe-c4d3-40e7-a595-de07308955a6	NR_148763.1	95.626	846	15	15	4	832	643	1483	0.0	1338
850aeefe-c4d3-40e7-a595-de07308955a6	NR_148764.1	95.508	846	16	15	4	832	643	1483	0.0	1332
850aeefe-c4d3-40e7-a595-de07308955a6	NR_028619.1	95.503	845	16	16	4	832	644	1482	0.0	1330
850aeefe-c4d3-40e7-a595-de07308955a6	NR_113578.1	95.385	845	17	15	4	831	623	1462	0.0	1328
850aeefe-c4d3-40e7-a595-de07308955a6	NR_024946.1	95.558	833	15	15	4	819	631	1458	0.0	1314
c7d11ab1-0ecd-4146-83aa-45fa1722d495	NR_148763.1	96.599	147	1	3	33	177	155	11	1.45e-63	241
c7d11ab1-0ecd-4146-83aa-45fa1722d495	NR_024946.1	97.857	140	0	2	33	171	143	6	5.23e-63	239
c7d11ab1-0ecd-4146-83aa-45fa1722d495	NR_112077.1	97.857	140	0	2	33	171	153	16	5.23e-63	239
c7d11ab1-0ecd-4146-83aa-45fa1722d495	NR_136473.1	97.857	140	0	2	33	171	138	1	5.23e-63	239
c7d11ab1-0ecd-4146-83aa-45fa1722d495	NR_028619.1	97.143	140	1	2	33	171	156	19	6.76e-62	235
4da1aa97-d6f0-4926-a165-6c592eb858c7	NR_148763.1	93.558	1304	51	27	1	1283	195	1486	0.0	1912
4da1aa97-d6f0-4926-a165-6c592eb858c7	NR_148764.1	93.098	1304	57	26	1	1283	195	1486	0.0	1879
4da1aa97-d6f0-4926-a165-6c592eb858c7	NR_113578.1	93.000	1300	58	27	1	1279	175	1462	0.0	1869
4da1aa97-d6f0-4926-a165-6c592eb858c7	NR_028619.1	92.945	1304	57	28	1	1283	196	1485	0.0	1866
4da1aa97-d6f0-4926-a165-6c592eb858c7	NR_024946.1	93.090	1288	56	27	1	1267	183	1458	0.0	1855
197d4296-6861-4a58-b70c-ae48c00f3fa5	NR_036830.1	97.143	420	2	9	1	414	1079	664	0.0	701
197d4296-6861-4a58-b70c-ae48c00f3fa5	NR_115612.1	97.143	420	2	9	1	414	1077	662	0.0	701
197d4296-6861-4a58-b70c-ae48c00f3fa5	NR_117822.1	97.143	420	2	9	1	414	1071	656	0.0	701
197d4296-6861-4a58-b70c-ae48c00f3fa5	NR_132724.1	97.143	420	2	9	1	414	1054	639	0.0	701
197d4296-6861-4a58-b70c-ae48c00f3fa5	NR_178772.1	97.143	420	2	9	1	414	1054	639	0.0	701
5ef7bb28-5850-4884-8340-1732d3b95915	NR_024946.1	96.389	803	10	11	1	788	1382	584	0.0	1304
5ef7bb28-5850-4884-8340-1732d3b95915	NR_148763.1	96.389	803	10	11	1	788	1394	596	0.0	1304
5ef7bb28-5850-4884-8340-1732d3b95915	NR_148764.1	96.389	803	10	11	1	788	1394	596	0.0	1304
5ef7bb28-5850-4884-8340-1732d3b95915	NR_117552.1	96.389	803	10	11	1	788	1374	576	0.0	1304
5ef7bb28-5850-4884-8340-1732d3b95915	NR_136473.1	96.389	803	10	11	1	788	1377	579	0.0	1304
5ee6849a-c2bd-4071-befc-28bccd5a934b	NR_148763.1	94.658	1460	39	29	1	1435	1457	12	0.0	2228
5ee6849a-c2bd-4071-befc-28bccd5a934b	NR_024946.1	94.311	1459	44	29	1	1434	1445	1	0.0	2198
5ee6849a-c2bd-4071-befc-28bccd5a934b	NR_024927.1	94.174	1459	46	29	1	1434	1450	6	0.0	2187
5ee6849a-c2bd-4071-befc-28bccd5a934b	NR_113578.1	94.280	1451	44	29	1	1426	1437	1	0.0	2187
5ee6849a-c2bd-4071-befc-28bccd5a934b	NR_148764.1	94.041	1460	48	30	1	1435	1457	12	0.0	2178
662a31c5-7425-4369-8f43-0ac360c01c19	NR_148763.1	97.170	1166	15	9	1	1159	1165	11	0.0	1954
662a31c5-7425-4369-8f43-0ac360c01c19	NR_024946.1	96.649	1164	21	9	1	1157	1153	1	0.0	1917
662a31c5-7425-4369-8f43-0ac360c01c19	NR_028619.1	96.564	1164	22	9	1	1157	1166	14	0.0	1914
662a31c5-7425-4369-8f43-0ac360c01c19	NR_148764.1	96.318	1168	21	12	1	1159	1165	11	0.0	1899
662a31c5-7425-4369-8f43-0ac360c01c19	NR_136473.1	96.462	1159	23	9	1	1152	1148	1	0.0	1899
b6941625-becb-4948-8da0-30eaa59f7e75	NR_042553.1	93.353	331	14	6	13	339	1173	847	4.48e-136	483
b6941625-becb-4948-8da0-30eaa59f7e75	NR_109720.1	93.353	331	14	7	13	339	1223	897	4.48e-136	483
b6941625-becb-4948-8da0-30eaa59f7e75	NR_112026.1	93.353	331	14	7	13	339	1209	883	4.48e-136	483
b6941625-becb-4948-8da0-30eaa59f7e75	NR_116213.1	93.353	331	14	7	13	339	1152	826	4.48e-136	483
b6941625-becb-4948-8da0-30eaa59f7e75	NR_117719.1	93.353	331	14	7	13	339	1247	921	4.48e-136	483
db4ff281-41ef-40e6-bac7-d286b69a581c	NR_148763.1	98.459	714	7	3	1	710	725	12	0.0	1254
db4ff281-41ef-40e6-bac7-d286b69a581c	NR_024946.1	97.616	713	13	3	1	709	713	1	0.0	1219
db4ff281-41ef-40e6-bac7-d286b69a581c	NR_028619.1	97.475	713	14	3	1	709	726	14	0.0	1216
db4ff281-41ef-40e6-bac7-d286b69a581c	NR_113578.1	97.589	705	13	3	1	701	705	1	0.0	1205
db4ff281-41ef-40e6-bac7-d286b69a581c	NR_148764.1	97.199	714	16	3	1	710	725	12	0.0	1205
897e8c3a-ce85-4870-929b-16c5b400fa5f	NR_024946.1	96.581	234	4	4	1	230	897	664	8.57e-107	385
897e8c3a-ce85-4870-929b-16c5b400fa5f	NR_028619.1	96.581	234	4	4	1	230	910	677	8.57e-107	385
897e8c3a-ce85-4870-929b-16c5b400fa5f	NR_113578.1	96.581	234	4	4	1	230	889	656	8.57e-107	385
897e8c3a-ce85-4870-929b-16c5b400fa5f	NR_148763.1	96.581	234	4	4	1	230	909	676	8.57e-107	385
897e8c3a-ce85-4870-929b-16c5b400fa5f	NR_148764.1	96.581	234	4	4	1	230	909	676	8.57e-107	385
7cc4b937-456e-4fb7-92f5-e6e7afdbc29a	NR_148763.1	89.393	1367	75	56	1	1326	142	1479	0.0	1657
7cc4b937-456e-4fb7-92f5-e6e7afdbc29a	NR_148764.1	88.954	1367	81	56	1	1326	142	1479	0.0	1624
7cc4b937-456e-4fb7-92f5-e6e7afdbc29a	NR_113578.1	88.881	1367	82	56	1	1326	122	1459	0.0	1622
7cc4b937-456e-4fb7-92f5-e6e7afdbc29a	NR_028619.1	88.864	1365	84	54	1	1326	143	1478	0.0	1616
7cc4b937-456e-4fb7-92f5-e6e7afdbc29a	NR_024946.1	88.954	1358	80	56	1	1317	130	1458	0.0	1613
ea092c23-ae2a-4e56-8ef4-97d1593d73f7	NR_117822.1	95.568	925	23	11	1	917	523	1437	0.0	1465
ea092c23-ae2a-4e56-8ef4-97d1593d73f7	NR_025228.1	95.657	921	22	11	1	913	545	1455	0.0	1463
ea092c23-ae2a-4e56-8ef4-97d1593d73f7	NR_036830.1	95.459	925	24	11	1	917	531	1445	0.0	1459
ea092c23-ae2a-4e56-8ef4-97d1593d73f7	NR_178423.1	95.459	925	24	11	1	917	551	1465	0.0	1459
ea092c23-ae2a-4e56-8ef4-97d1593d73f7	NR_025549.1	95.351	925	25	11	1	917	551	1465	0.0	1454
d46f081f-6c15-44f7-8447-3783e102c331	NR_121688.1	93.740	1246	32	28	1	1208	1251	14	0.0	1827
d46f081f-6c15-44f7-8447-3783e102c331	NR_117701.1	93.785	1239	31	28	1	1201	1231	1	0.0	1820
d46f081f-6c15-44f7-8447-3783e102c331	NR_117717.1	93.579	1246	33	29	1	1208	1251	15	0.0	1814
d46f081f-6c15-44f7-8447-3783e102c331	NR_117696.1	93.638	1226	33	27	1	1189	1218	1	0.0	1790
d46f081f-6c15-44f7-8447-3783e102c331	NR_104947.1	93.482	1212	34	27	1	1175	1204	1	0.0	1759
fa14e8ec-a090-4af0-a26a-a7b4429d3f31	NR_024946.1	96.639	476	5	10	1	466	1390	916	0.0	780
fa14e8ec-a090-4af0-a26a-a7b4429d3f31	NR_148763.1	96.639	476	5	10	1	466	1402	928	0.0	780
fa14e8ec-a090-4af0-a26a-a7b4429d3f31	NR_148764.1	96.639	476	5	10	1	466	1402	928	0.0	780
fa14e8ec-a090-4af0-a26a-a7b4429d3f31	NR_117552.1	96.639	476	5	10	1	466	1382	908	0.0	780
fa14e8ec-a090-4af0-a26a-a7b4429d3f31	NR_136473.1	96.639	476	5	10	1	466	1385	911	0.0	780
5db409ec-75d1-41f3-b4d6-6524a67389c7	NR_148763.1	91.686	433	16	14	8	425	445	18	5.51e-166	582
5db409ec-75d1-41f3-b4d6-6524a67389c7	NR_024946.1	91.667	432	16	14	9	425	432	6	1.98e-165	580
5db409ec-75d1-41f3-b4d6-6524a67389c7	NR_028619.1	91.667	432	16	14	9	425	445	19	1.98e-165	580
5db409ec-75d1-41f3-b4d6-6524a67389c7	NR_113578.1	91.608	429	16	14	9	422	424	1	9.21e-164	575
5db409ec-75d1-41f3-b4d6-6524a67389c7	NR_148764.1	91.435	432	17	13	9	425	444	18	9.21e-164	575
0735bb3f-ad0a-4615-9fa2-2cb82363a286	NR_074980.1	94.416	394	15	6	10	400	401	12	5.12e-171	599
0735bb3f-ad0a-4615-9fa2-2cb82363a286	NR_113031.1	94.416	394	15	6	10	400	401	12	5.12e-171	599
0735bb3f-ad0a-4615-9fa2-2cb82363a286	NR_163639.1	94.819	386	13	6	16	399	385	5	6.62e-170	595
0735bb3f-ad0a-4615-9fa2-2cb82363a286	NR_119169.1	94.517	383	14	6	10	389	379	1	3.98e-167	586
0735bb3f-ad0a-4615-9fa2-2cb82363a286	NR_119168.1	94.517	383	14	6	10	389	379	1	1.43e-166	584
30f2c1c9-39af-49aa-a205-62e175a8df27	NR_024946.1	95.987	299	6	6	4	297	310	13	1.46e-135	481
30f2c1c9-39af-49aa-a205-62e175a8df27	NR_112077.1	95.987	299	6	6	4	297	320	23	1.46e-135	481
30f2c1c9-39af-49aa-a205-62e175a8df27	NR_113578.1	95.987	299	6	6	4	297	302	5	1.46e-135	481
30f2c1c9-39af-49aa-a205-62e175a8df27	NR_148763.1	95.987	299	6	6	4	297	322	25	1.46e-135	481
30f2c1c9-39af-49aa-a205-62e175a8df27	NR_136473.1	95.987	299	6	6	4	297	305	8	1.46e-135	481
36f07bd6-b2bb-48cb-9edf-df8cf9c76e59	NR_043314.1	94.410	966	33	19	1	952	528	1486	0.0	1465
36f07bd6-b2bb-48cb-9edf-df8cf9c76e59	NR_114749.1	94.404	965	34	18	1	952	531	1488	0.0	1465
36f07bd6-b2bb-48cb-9edf-df8cf9c76e59	NR_117822.1	94.301	965	35	18	1	952	485	1442	0.0	1459
36f07bd6-b2bb-48cb-9edf-df8cf9c76e59	NR_116899.1	94.301	965	35	18	1	952	498	1455	0.0	1459
36f07bd6-b2bb-48cb-9edf-df8cf9c76e59	NR_179889.1	94.301	965	35	18	1	952	538	1495	0.0	1459
73687499-d47c-407b-9922-be77abe066ce	NR_042771.1	95.007	681	19	12	10	680	752	77	0.0	1055
73687499-d47c-407b-9922-be77abe066ce	NR_115274.1	95.007	681	19	12	10	680	732	57	0.0	1055
73687499-d47c-407b-9922-be77abe066ce	NR_116204.1	95.008	661	18	12	10	660	657	2	0.0	1024
73687499-d47c-407b-9922-be77abe066ce	NR_109720.1	93.567	684	24	17	10	680	728	52	0.0	1002
73687499-d47c-407b-9922-be77abe066ce	NR_036936.1	93.265	683	28	15	10	680	734	58	0.0	992
4f1b14d4-e6fa-410d-b1de-72f73f967328	NR_116899.1	90.438	1255	62	39	1	1234	230	1447	0.0	1600
4f1b14d4-e6fa-410d-b1de-72f73f967328	NR_025227.1	90.431	1254	62	39	1	1233	239	1455	0.0	1598
4f1b14d4-e6fa-410d-b1de-72f73f967328	NR_024927.1	90.279	1255	64	39	1	1234	256	1473	0.0	1589
4f1b14d4-e6fa-410d-b1de-72f73f967328	NR_114223.1	90.279	1255	64	39	1	1234	243	1460	0.0	1589
4f1b14d4-e6fa-410d-b1de-72f73f967328	NR_179103.1	90.199	1255	65	39	1	1234	267	1484	0.0	1583
081ffa56-c67c-4b7c-a869-e8d03ef06549	NR_025903.1	97.855	746	7	5	1	738	751	1495	0.0	1280
081ffa56-c67c-4b7c-a869-e8d03ef06549	NR_025904.1	97.319	746	11	5	1	738	750	1494	0.0	1258
081ffa56-c67c-4b7c-a869-e8d03ef06549	NR_133752.1	97.922	722	7	4	1	714	676	1397	0.0	1243
081ffa56-c67c-4b7c-a869-e8d03ef06549	NR_133753.1	97.922	722	7	4	1	714	705	1426	0.0	1243
081ffa56-c67c-4b7c-a869-e8d03ef06549	NR_026419.1	96.783	746	16	4	1	738	739	1484	0.0	1238
edd14cd9-8127-4c24-8b04-26f698123620	NR_024946.1	95.540	426	10	7	1	420	423	1	0.0	673
edd14cd9-8127-4c24-8b04-26f698123620	NR_148763.1	95.540	426	10	7	1	420	435	13	0.0	673
edd14cd9-8127-4c24-8b04-26f698123620	NR_028619.1	95.305	426	11	7	1	420	436	14	0.0	669
edd14cd9-8127-4c24-8b04-26f698123620	NR_170438.1	95.305	426	11	7	1	420	424	2	0.0	667
edd14cd9-8127-4c24-8b04-26f698123620	NR_025586.1	95.070	426	12	7	1	420	423	1	0.0	662
4ca36c88-9140-4d85-bab9-679c54b57acd	NR_024918.1	96.702	849	16	9	1	846	642	1481	0.0	1402
4ca36c88-9140-4d85-bab9-679c54b57acd	NR_116899.1	96.702	849	16	9	1	846	616	1455	0.0	1402
4ca36c88-9140-4d85-bab9-679c54b57acd	NR_164626.1	96.702	849	16	9	1	846	639	1478	0.0	1402
4ca36c88-9140-4d85-bab9-679c54b57acd	NR_179889.1	96.702	849	16	9	1	846	656	1495	0.0	1402
4ca36c88-9140-4d85-bab9-679c54b57acd	NR_043314.1	96.588	850	16	10	1	846	646	1486	0.0	1397
22fdbbd9-5d85-484e-aab2-2a5e661c1c52	NR_148763.1	92.388	381	12	11	1	365	390	11	2.20e-149	527
22fdbbd9-5d85-484e-aab2-2a5e661c1c52	NR_024946.1	92.348	379	12	11	1	363	378	1	2.85e-148	523
22fdbbd9-5d85-484e-aab2-2a5e661c1c52	NR_148764.1	92.126	381	13	11	1	365	390	11	1.03e-147	521
22fdbbd9-5d85-484e-aab2-2a5e661c1c52	NR_028619.1	92.084	379	13	12	1	363	391	14	1.33e-146	518
22fdbbd9-5d85-484e-aab2-2a5e661c1c52	NR_136473.1	92.246	374	12	11	1	358	373	1	1.72e-145	514
a34ad607-17f3-437a-be32-e1bb4f747da9	NR_024927.1	96.393	305	6	5	1	301	459	156	1.43e-140	497
a34ad607-17f3-437a-be32-e1bb4f747da9	NR_025227.1	96.393	305	6	5	1	301	442	139	1.43e-140	497
a34ad607-17f3-437a-be32-e1bb4f747da9	NR_114223.1	96.393	305	6	5	1	301	446	143	1.43e-140	497
a34ad607-17f3-437a-be32-e1bb4f747da9	NR_116899.1	96.393	305	6	5	1	301	433	130	1.43e-140	497
a34ad607-17f3-437a-be32-e1bb4f747da9	NR_179103.1	96.393	305	6	5	1	301	470	167	1.43e-140	497
45660405-14ad-4bda-a5d3-c3687c1e6b78	NR_148763.1	93.950	595	18	16	1	589	652	70	0.0	883
45660405-14ad-4bda-a5d3-c3687c1e6b78	NR_024927.1	93.277	595	22	16	1	589	645	63	0.0	861
45660405-14ad-4bda-a5d3-c3687c1e6b78	NR_114223.1	93.277	595	22	16	1	589	632	50	0.0	861
45660405-14ad-4bda-a5d3-c3687c1e6b78	NR_024946.1	92.941	595	24	16	1	589	640	58	0.0	850
45660405-14ad-4bda-a5d3-c3687c1e6b78	NR_028619.1	92.941	595	24	16	1	589	653	71	0.0	850
c34ceee0-bd27-45f9-8730-15b5d08dd359	NR_117822.1	93.491	338	13	8	1	333	1130	797	2.09e-139	494
c34ceee0-bd27-45f9-8730-15b5d08dd359	NR_132724.1	93.491	338	13	8	1	333	1113	780	2.09e-139	494
c34ceee0-bd27-45f9-8730-15b5d08dd359	NR_178772.1	93.491	338	13	8	1	333	1113	780	2.09e-139	494
c34ceee0-bd27-45f9-8730-15b5d08dd359	NR_181875.1	93.491	338	13	8	1	333	1167	834	2.09e-139	494
c34ceee0-bd27-45f9-8730-15b5d08dd359	NR_024902.1	93.195	338	14	8	1	333	1171	838	9.73e-138	488
11a54136-36da-4b36-a628-bf02db04e125	NR_148763.1	95.567	1376	32	23	1	1360	1374	12	0.0	2176
11a54136-36da-4b36-a628-bf02db04e125	NR_024946.1	95.127	1375	38	23	1	1359	1362	1	0.0	2141
11a54136-36da-4b36-a628-bf02db04e125	NR_028619.1	94.982	1375	39	24	1	1359	1374	14	0.0	2132
11a54136-36da-4b36-a628-bf02db04e125	NR_148764.1	94.840	1376	42	23	1	1360	1374	12	0.0	2121
11a54136-36da-4b36-a628-bf02db04e125	NR_136473.1	94.964	1370	40	23	1	1354	1357	1	0.0	2121
e550046a-ae79-4e56-b62e-b93c8e7aaf5e	NR_024946.1	93.528	309	8	11	1	304	131	432	4.10e-126	449
e550046a-ae79-4e56-b62e-b93c8e7aaf5e	NR_025586.1	93.528	309	8	11	1	304	131	432	4.10e-126	449
e550046a-ae79-4e56-b62e-b93c8e7aaf5e	NR_025587.1	93.528	309	8	11	1	304	131	432	4.10e-126	449
e550046a-ae79-4e56-b62e-b93c8e7aaf5e	NR_028619.1	93.528	309	8	11	1	304	144	445	4.10e-126	449
e550046a-ae79-4e56-b62e-b93c8e7aaf5e	NR_113578.1	93.528	309	8	11	1	304	123	424	4.10e-126	449
15788d99-3e10-465f-9a06-dc621ef714c8	NR_024704.1	96.953	361	6	3	1	356	1116	1476	1.25e-171	601
15788d99-3e10-465f-9a06-dc621ef714c8	NR_148763.1	96.953	361	6	3	1	356	1128	1488	1.25e-171	601
15788d99-3e10-465f-9a06-dc621ef714c8	NR_179985.1	96.953	361	6	3	1	356	1128	1488	1.25e-171	601
15788d99-3e10-465f-9a06-dc621ef714c8	NR_181703.1	96.953	361	6	3	1	356	1135	1495	1.25e-171	601
15788d99-3e10-465f-9a06-dc621ef714c8	NR_181838.1	96.953	361	6	3	1	356	1131	1491	1.25e-171	601
f51dc09b-f7ff-4ecd-a119-31754a56b8d9	NR_024918.1	94.355	496	16	10	2	490	989	1479	0.0	750
f51dc09b-f7ff-4ecd-a119-31754a56b8d9	NR_043314.1	94.355	496	16	10	2	490	994	1484	0.0	750
f51dc09b-f7ff-4ecd-a119-31754a56b8d9	NR_116899.1	94.355	496	16	10	2	490	963	1453	0.0	750
f51dc09b-f7ff-4ecd-a119-31754a56b8d9	NR_164626.1	94.355	496	16	10	2	490	986	1476	0.0	750
f51dc09b-f7ff-4ecd-a119-31754a56b8d9	NR_178854.1	94.355	496	16	10	2	490	975	1465	0.0	750
e9b86b49-a6dd-400a-99db-ab67abdd3a6b	NR_148763.1	95.652	782	13	17	4	772	784	11	0.0	1236
e9b86b49-a6dd-400a-99db-ab67abdd3a6b	NR_024946.1	95.000	780	18	17	4	770	772	1	0.0	1205
e9b86b49-a6dd-400a-99db-ab67abdd3a6b	NR_028619.1	94.872	780	19	17	4	770	785	14	0.0	1201
e9b86b49-a6dd-400a-99db-ab67abdd3a6b	NR_113578.1	95.078	772	17	17	4	762	764	1	0.0	1195
e9b86b49-a6dd-400a-99db-ab67abdd3a6b	NR_136473.1	94.839	775	19	17	4	765	767	1	0.0	1192
9cb72831-871f-48e8-bca4-9f1ebd2f4497	NR_024946.1	97.724	747	9	7	1	744	586	1327	0.0	1279
9cb72831-871f-48e8-bca4-9f1ebd2f4497	NR_148763.1	97.724	747	9	7	1	744	598	1339	0.0	1279
9cb72831-871f-48e8-bca4-9f1ebd2f4497	NR_148764.1	97.724	747	9	7	1	744	598	1339	0.0	1279
9cb72831-871f-48e8-bca4-9f1ebd2f4497	NR_117552.1	97.724	747	9	7	1	744	578	1319	0.0	1279
9cb72831-871f-48e8-bca4-9f1ebd2f4497	NR_136473.1	97.724	747	9	7	1	744	581	1322	0.0	1279
0592ac33-3fd7-4475-bd7d-71cbc448bf02	NR_024704.1	92.447	331	9	10	1	328	1158	1475	7.32e-129	459
0592ac33-3fd7-4475-bd7d-71cbc448bf02	NR_148763.1	92.447	331	9	10	1	328	1170	1487	7.32e-129	459
0592ac33-3fd7-4475-bd7d-71cbc448bf02	NR_179985.1	92.447	331	9	10	1	328	1170	1487	7.32e-129	459
0592ac33-3fd7-4475-bd7d-71cbc448bf02	NR_181703.1	92.447	331	9	10	1	328	1177	1494	7.32e-129	459
0592ac33-3fd7-4475-bd7d-71cbc448bf02	NR_181838.1	92.447	331	9	10	1	328	1173	1490	7.32e-129	459
2826a05f-4b44-4dc0-aa64-8ed7c2d338cf	NR_024901.1	92.623	122	1	5	1	114	993	872	4.70e-42	169
2826a05f-4b44-4dc0-aa64-8ed7c2d338cf	NR_024909.1	92.623	122	1	5	1	114	993	872	4.70e-42	169
2826a05f-4b44-4dc0-aa64-8ed7c2d338cf	NR_024911.1	92.623	122	1	5	1	114	993	872	4.70e-42	169
2826a05f-4b44-4dc0-aa64-8ed7c2d338cf	NR_024928.1	92.623	122	1	5	1	114	993	872	4.70e-42	169
2826a05f-4b44-4dc0-aa64-8ed7c2d338cf	NR_024946.1	92.623	122	1	5	1	114	988	867	4.70e-42	169
b5d66549-27d0-4867-b73c-110aaee288f1	NR_028665.1	92.098	367	13	11	8	370	1135	1489	3.84e-142	503
b5d66549-27d0-4867-b73c-110aaee288f1	NR_179385.1	92.098	367	13	11	8	370	1142	1496	3.84e-142	503
b5d66549-27d0-4867-b73c-110aaee288f1	NR_199545.1	92.098	367	13	11	8	370	1138	1492	3.84e-142	503
b5d66549-27d0-4867-b73c-110aaee288f1	NR_114172.1	92.077	366	13	11	8	369	1118	1471	1.38e-141	501
b5d66549-27d0-4867-b73c-110aaee288f1	NR_041722.2	91.826	367	14	11	8	370	1155	1509	1.79e-140	497
9c30d986-e1ca-486e-bf2e-bf46ae6c5573	NR_148763.1	95.107	838	20	15	15	842	837	11	0.0	1301
9c30d986-e1ca-486e-bf2e-bf46ae6c5573	NR_024946.1	94.378	836	26	15	15	840	825	1	0.0	1264
9c30d986-e1ca-486e-bf2e-bf46ae6c5573	NR_028619.1	94.258	836	27	15	15	840	838	14	0.0	1260
9c30d986-e1ca-486e-bf2e-bf46ae6c5573	NR_113578.1	94.444	828	25	15	15	832	817	1	0.0	1254
9c30d986-e1ca-486e-bf2e-bf46ae6c5573	NR_136473.1	94.224	831	27	15	15	835	820	1	0.0	1251
43133195-04a6-4dac-99bf-be71715ecf4a	NR_148763.1	96.900	1226	20	13	8	1224	267	1483	0.0	2037
43133195-04a6-4dac-99bf-be71715ecf4a	NR_148764.1	96.330	1226	27	13	8	1224	267	1483	0.0	1999
43133195-04a6-4dac-99bf-be71715ecf4a	NR_113578.1	96.245	1225	28	13	8	1223	247	1462	0.0	1995
43133195-04a6-4dac-99bf-be71715ecf4a	NR_028619.1	96.166	1226	27	15	8	1224	268	1482	0.0	1986
43133195-04a6-4dac-99bf-be71715ecf4a	NR_024946.1	96.373	1213	26	13	8	1211	255	1458	0.0	1980
d67b68d4-62a9-43f5-ad0e-944c51eddc0a	NR_024704.1	96.341	492	11	6	1	489	984	1471	0.0	802
d67b68d4-62a9-43f5-ad0e-944c51eddc0a	NR_181838.1	96.341	492	11	6	1	489	999	1486	0.0	802
d67b68d4-62a9-43f5-ad0e-944c51eddc0a	NR_181891.1	96.341	492	11	6	1	489	999	1486	0.0	802
d67b68d4-62a9-43f5-ad0e-944c51eddc0a	NR_113578.1	96.130	491	12	6	1	488	976	1462	0.0	798
d67b68d4-62a9-43f5-ad0e-944c51eddc0a	NR_148763.1	96.138	492	12	6	1	489	996	1483	0.0	797
52473ea3-6a23-47d0-aed8-f095831f6adb	NR_179103.1	95.646	666	18	10	1	657	680	17	0.0	1059
52473ea3-6a23-47d0-aed8-f095831f6adb	NR_179728.1	95.646	666	18	10	1	657	676	13	0.0	1059
52473ea3-6a23-47d0-aed8-f095831f6adb	NR_179985.1	95.646	666	18	9	1	657	676	13	0.0	1059
52473ea3-6a23-47d0-aed8-f095831f6adb	NR_181838.1	95.646	666	18	10	1	657	679	16	0.0	1059
52473ea3-6a23-47d0-aed8-f095831f6adb	NR_043314.1	95.352	667	18	11	1	657	673	10	0.0	1048
61ac2368-6d0f-43c3-9154-4fa861beba2a	NR_148763.1	96.408	529	9	9	1	523	535	11	0.0	863
61ac2368-6d0f-43c3-9154-4fa861beba2a	NR_024927.1	95.636	527	13	9	1	521	528	6	0.0	837
61ac2368-6d0f-43c3-9154-4fa861beba2a	NR_043195.1	95.636	527	13	9	1	521	533	11	0.0	837
61ac2368-6d0f-43c3-9154-4fa861beba2a	NR_179227.1	95.636	527	13	9	1	521	535	13	0.0	837
61ac2368-6d0f-43c3-9154-4fa861beba2a	NR_024946.1	95.256	527	15	9	1	521	523	1	0.0	826
c76c0da8-05ed-4671-91e2-97932282431f	NR_025609.1	85.269	353	26	22	2	340	1028	688	2.86e-93	340
c76c0da8-05ed-4671-91e2-97932282431f	NR_037002.1	85.227	352	28	19	2	340	1099	759	2.86e-93	340
c76c0da8-05ed-4671-91e2-97932282431f	NR_043660.1	85.227	352	28	19	2	340	1071	731	2.86e-93	340
c76c0da8-05ed-4671-91e2-97932282431f	NR_116012.1	85.269	353	26	22	2	340	1079	739	2.86e-93	340
c76c0da8-05ed-4671-91e2-97932282431f	NR_044189.1	85.269	353	26	19	2	340	1055	715	2.86e-93	340
6ee3f171-93a7-49c0-b1c5-b63c2637d48a	NR_116899.1	93.029	416	19	9	13	423	496	86	5.70e-171	599
6ee3f171-93a7-49c0-b1c5-b63c2637d48a	NR_179103.1	93.029	416	19	9	13	423	533	123	5.70e-171	599
6ee3f171-93a7-49c0-b1c5-b63c2637d48a	NR_179483.1	93.029	416	19	9	13	423	412	2	5.70e-171	599
6ee3f171-93a7-49c0-b1c5-b63c2637d48a	NR_179728.1	93.029	416	19	9	13	423	529	119	5.70e-171	599
6ee3f171-93a7-49c0-b1c5-b63c2637d48a	NR_180743.1	93.029	416	19	9	13	423	510	100	5.70e-171	599
64f31f9e-4be5-4222-92ac-7fb43e6ee06b	NR_024918.1	90.012	801	51	26	1	781	685	1476	0.0	1009
64f31f9e-4be5-4222-92ac-7fb43e6ee06b	NR_116899.1	90.012	801	51	26	1	781	659	1450	0.0	1009
64f31f9e-4be5-4222-92ac-7fb43e6ee06b	NR_164626.1	90.012	801	51	26	1	781	682	1473	0.0	1009
64f31f9e-4be5-4222-92ac-7fb43e6ee06b	NR_179889.1	90.012	801	51	26	1	781	699	1490	0.0	1009
64f31f9e-4be5-4222-92ac-7fb43e6ee06b	NR_043314.1	89.900	802	51	26	1	781	689	1481	0.0	1005
160cad0a-e023-4e08-8366-1d60f79b700e	NR_024946.1	92.105	418	19	12	13	425	502	910	2.56e-164	577
160cad0a-e023-4e08-8366-1d60f79b700e	NR_028619.1	92.105	418	19	12	13	425	515	923	2.56e-164	577
160cad0a-e023-4e08-8366-1d60f79b700e	NR_113578.1	92.105	418	19	12	13	425	494	902	2.56e-164	577
160cad0a-e023-4e08-8366-1d60f79b700e	NR_148763.1	92.105	418	19	12	13	425	514	922	2.56e-164	577
160cad0a-e023-4e08-8366-1d60f79b700e	NR_148764.1	92.105	418	19	12	13	425	514	922	2.56e-164	577
