40bc5fea-fcdd-4d39-81eb-e47357bfe976	NR_036830.1	94.693	603	13	15	1	588	1049	451	0.0	918
40bc5fea-fcdd-4d39-81eb-e47357bfe976	NR_117822.1	94.693	603	13	15	1	588	1041	443	0.0	918
40bc5fea-fcdd-4d39-81eb-e47357bfe976	NR_181729.1	94.693	603	13	15	1	588	1072	474	0.0	918
40bc5fea-fcdd-4d39-81eb-e47357bfe976	NR_025228.1	94.527	603	14	15	1	588	1063	465	0.0	913
40bc5fea-fcdd-4d39-81eb-e47357bfe976	NR_025549.1	94.527	603	14	15	1	588	1069	471	0.0	913
e5c33b5c-a811-4195-b3df-91aa9d98d6fc	NR_025903.1	88.145	717	57	23	1	698	717	10	0.0	828
e5c33b5c-a811-4195-b3df-91aa9d98d6fc	NR_025904.1	86.926	719	62	28	1	698	716	9	0.0	778
e5c33b5c-a811-4195-b3df-91aa9d98d6fc	NR_133752.1	88.717	647	49	20	1	632	642	5	0.0	769
e5c33b5c-a811-4195-b3df-91aa9d98d6fc	NR_133753.1	87.647	680	56	24	1	661	671	1	0.0	765
e5c33b5c-a811-4195-b3df-91aa9d98d6fc	NR_026419.1	86.555	714	67	24	1	694	705	1	0.0	760
2c4eaccb-c1fc-45b3-b71e-3391d5fdf527	NR_148763.1	90.898	846	39	29	5	830	659	1486	0.0	1101
2c4eaccb-c1fc-45b3-b71e-3391d5fdf527	NR_024946.1	91.373	823	39	25	5	810	647	1454	0.0	1098
2c4eaccb-c1fc-45b3-b71e-3391d5fdf527	NR_148764.1	90.780	846	40	29	5	830	659	1486	0.0	1096
2c4eaccb-c1fc-45b3-b71e-3391d5fdf527	NR_117552.1	91.252	823	40	25	5	810	639	1446	0.0	1094
2c4eaccb-c1fc-45b3-b71e-3391d5fdf527	NR_149823.1	91.173	827	41	25	1	810	606	1417	0.0	1094
f6f10917-df9d-4ddf-bfdb-62e98c3ce259	NR_024704.1	96.988	166	3	2	1	164	1311	1476	1.03e-74	278
f6f10917-df9d-4ddf-bfdb-62e98c3ce259	NR_027564.1	96.988	166	3	2	1	164	1297	1462	1.03e-74	278
f6f10917-df9d-4ddf-bfdb-62e98c3ce259	NR_042607.1	96.988	166	3	2	1	164	1303	1468	1.03e-74	278
f6f10917-df9d-4ddf-bfdb-62e98c3ce259	NR_074853.1	96.988	166	3	2	1	164	1331	1496	1.03e-74	278
f6f10917-df9d-4ddf-bfdb-62e98c3ce259	NR_134173.1	96.988	166	3	2	1	164	1309	1474	1.03e-74	278
c8b2b216-f582-4b0a-acc7-7c23b556dfb9	NR_148763.1	95.302	447	9	10	6	444	463	21	0.0	699
c8b2b216-f582-4b0a-acc7-7c23b556dfb9	NR_024927.1	94.855	447	11	10	6	444	456	14	0.0	688
c8b2b216-f582-4b0a-acc7-7c23b556dfb9	NR_043195.1	94.855	447	11	10	6	444	461	19	0.0	688
c8b2b216-f582-4b0a-acc7-7c23b556dfb9	NR_114223.1	94.855	447	11	10	6	444	443	1	0.0	688
c8b2b216-f582-4b0a-acc7-7c23b556dfb9	NR_178342.1	94.855	447	11	10	6	444	443	1	0.0	688
56b60ceb-ef97-4faa-ab70-f5293419caaa	NR_148763.1	97.040	473	8	6	1	469	1003	1473	0.0	791
56b60ceb-ef97-4faa-ab70-f5293419caaa	NR_113578.1	96.829	473	9	6	1	469	983	1453	0.0	787
56b60ceb-ef97-4faa-ab70-f5293419caaa	NR_024704.1	96.829	473	9	6	1	469	991	1461	0.0	785
56b60ceb-ef97-4faa-ab70-f5293419caaa	NR_024946.1	97.021	470	8	6	1	466	991	1458	0.0	785
56b60ceb-ef97-4faa-ab70-f5293419caaa	NR_148764.1	96.829	473	9	6	1	469	1003	1473	0.0	785
1d810116-7bdf-4261-9aab-e45eebba6f9a	NR_115355.1	97.983	347	1	4	2	344	1138	1482	1.57e-170	597
1d810116-7bdf-4261-9aab-e45eebba6f9a	NR_163639.1	97.983	347	1	4	2	344	1153	1497	1.57e-170	597
1d810116-7bdf-4261-9aab-e45eebba6f9a	NR_179325.1	97.983	347	1	4	2	344	1112	1456	1.57e-170	597
1d810116-7bdf-4261-9aab-e45eebba6f9a	NR_119169.1	97.695	347	2	4	2	344	1143	1487	7.30e-169	592
1d810116-7bdf-4261-9aab-e45eebba6f9a	NR_115354.1	97.406	347	3	4	2	344	1138	1482	3.40e-167	586
45688c11-772f-4f84-82ea-5b8e490b58bc	NR_148763.1	92.400	1000	45	29	1	984	499	1483	0.0	1397
45688c11-772f-4f84-82ea-5b8e490b58bc	NR_148764.1	92.300	1000	46	29	1	984	499	1483	0.0	1391
45688c11-772f-4f84-82ea-5b8e490b58bc	NR_113578.1	92.192	999	47	29	1	983	479	1462	0.0	1387
45688c11-772f-4f84-82ea-5b8e490b58bc	NR_028619.1	92.192	999	47	29	1	984	500	1482	0.0	1384
45688c11-772f-4f84-82ea-5b8e490b58bc	NR_112077.1	91.391	999	57	27	1	984	497	1481	0.0	1360
8f312846-7140-44c9-a341-4c63757388c9	NR_133753.1	95.933	541	6	10	1	527	74	612	0.0	863
8f312846-7140-44c9-a341-4c63757388c9	NR_025903.1	95.933	541	6	10	1	527	120	658	0.0	863
8f312846-7140-44c9-a341-4c63757388c9	NR_133752.1	95.379	541	9	10	1	527	45	583	0.0	846
8f312846-7140-44c9-a341-4c63757388c9	NR_026419.1	94.096	542	15	11	1	527	107	646	0.0	808
8f312846-7140-44c9-a341-4c63757388c9	NR_025904.1	93.738	543	14	14	1	527	119	657	0.0	797
4590d302-e5cd-4e04-b1ff-a39301b90223	NR_148763.1	96.358	906	17	13	7	901	1471	571	0.0	1476
4590d302-e5cd-4e04-b1ff-a39301b90223	NR_024946.1	96.354	905	17	13	8	901	1458	559	0.0	1474
4590d302-e5cd-4e04-b1ff-a39301b90223	NR_117552.1	96.247	906	18	13	7	901	1451	551	0.0	1472
4590d302-e5cd-4e04-b1ff-a39301b90223	NR_148764.1	96.247	906	18	13	7	901	1471	571	0.0	1471
4590d302-e5cd-4e04-b1ff-a39301b90223	NR_113578.1	96.137	906	19	13	7	901	1451	551	0.0	1469
0a829f9b-cfe4-4863-80fc-ace3a465863d	NR_024918.1	95.902	488	11	9	9	490	995	1479	0.0	782
0a829f9b-cfe4-4863-80fc-ace3a465863d	NR_043314.1	95.902	488	11	9	9	490	1000	1484	0.0	782
0a829f9b-cfe4-4863-80fc-ace3a465863d	NR_116899.1	95.902	488	11	9	9	490	969	1453	0.0	782
0a829f9b-cfe4-4863-80fc-ace3a465863d	NR_164626.1	95.902	488	11	9	9	490	992	1476	0.0	782
0a829f9b-cfe4-4863-80fc-ace3a465863d	NR_178854.1	95.902	488	11	9	9	490	981	1465	0.0	782
3a446ae8-a3ef-4958-b671-d2b436a4df79	NR_024842.1	93.555	512	23	9	1	504	980	1489	0.0	754
3a446ae8-a3ef-4958-b671-d2b436a4df79	NR_115735.1	93.542	511	23	9	1	503	956	1464	0.0	752
3a446ae8-a3ef-4958-b671-d2b436a4df79	NR_028664.1	93.372	513	23	10	1	504	986	1496	0.0	749
3a446ae8-a3ef-4958-b671-d2b436a4df79	NR_115240.1	93.320	509	23	10	1	500	963	1469	0.0	741
3a446ae8-a3ef-4958-b671-d2b436a4df79	NR_115241.1	92.913	508	26	9	1	500	965	1470	0.0	736
cf02a14f-37ad-499a-a3a4-9a14567bc688	NR_181838.1	90.649	663	33	23	1	644	666	14	0.0	854
cf02a14f-37ad-499a-a3a4-9a14567bc688	NR_179985.1	90.347	663	35	23	1	644	663	11	0.0	843
cf02a14f-37ad-499a-a3a4-9a14567bc688	NR_181703.1	90.347	663	35	23	1	644	670	18	0.0	843
cf02a14f-37ad-499a-a3a4-9a14567bc688	NR_179103.1	90.196	663	36	23	1	644	667	15	0.0	837
cf02a14f-37ad-499a-a3a4-9a14567bc688	NR_179728.1	90.196	663	36	23	1	644	663	11	0.0	837
51cfbcee-bfd8-4db1-98aa-bc4036ae0685	NR_148763.1	93.754	1409	46	33	1	1382	1405	12	0.0	2076
51cfbcee-bfd8-4db1-98aa-bc4036ae0685	NR_024946.1	93.324	1408	52	33	1	1381	1393	1	0.0	2041
51cfbcee-bfd8-4db1-98aa-bc4036ae0685	NR_028619.1	93.253	1408	52	34	1	1381	1405	14	0.0	2034
51cfbcee-bfd8-4db1-98aa-bc4036ae0685	NR_136473.1	93.295	1402	52	33	1	1375	1388	2	0.0	2032
51cfbcee-bfd8-4db1-98aa-bc4036ae0685	NR_113578.1	93.286	1400	52	33	1	1373	1385	1	0.0	2030
6d6e2ebc-5e94-4c65-8507-34769dea5f86	NR_148763.1	95.087	692	18	13	1	682	698	13	0.0	1075
6d6e2ebc-5e94-4c65-8507-34769dea5f86	NR_024946.1	94.364	692	23	14	1	682	686	1	0.0	1048
6d6e2ebc-5e94-4c65-8507-34769dea5f86	NR_028619.1	94.220	692	24	14	1	682	699	14	0.0	1044
6d6e2ebc-5e94-4c65-8507-34769dea5f86	NR_024927.1	94.220	692	24	13	1	682	691	6	0.0	1042
6d6e2ebc-5e94-4c65-8507-34769dea5f86	NR_136473.1	94.178	687	24	14	1	677	681	1	0.0	1035
2a958426-3acb-40b7-89e9-feb895f789e6	NR_044873.1	89.292	579	37	23	1	561	1208	637	0.0	702
2a958426-3acb-40b7-89e9-feb895f789e6	NR_074568.1	88.774	579	40	23	1	561	1218	647	0.0	686
2a958426-3acb-40b7-89e9-feb895f789e6	NR_044712.2	88.601	579	41	23	1	561	1227	656	0.0	682
2a958426-3acb-40b7-89e9-feb895f789e6	NR_025310.1	88.448	580	40	24	1	561	1198	627	0.0	675
2a958426-3acb-40b7-89e9-feb895f789e6	NR_109752.1	88.428	579	42	21	1	561	1229	658	0.0	675
efa299ad-0c65-4972-b6c9-2dccb4581251	NR_148763.1	95.513	1404	29	22	1	1382	1402	11	0.0	2213
efa299ad-0c65-4972-b6c9-2dccb4581251	NR_024946.1	95.078	1402	35	22	1	1380	1390	1	0.0	2176
efa299ad-0c65-4972-b6c9-2dccb4581251	NR_028619.1	94.936	1402	36	23	1	1380	1402	14	0.0	2165
efa299ad-0c65-4972-b6c9-2dccb4581251	NR_148764.1	94.872	1404	38	23	1	1382	1402	11	0.0	2163
efa299ad-0c65-4972-b6c9-2dccb4581251	NR_136473.1	94.989	1397	36	22	1	1375	1385	1	0.0	2163
35df71ce-c9bf-47e1-ab1c-4db5b97e6740	NR_024946.1	92.908	423	19	8	19	432	1083	663	1.19e-172	604
35df71ce-c9bf-47e1-ab1c-4db5b97e6740	NR_028619.1	92.908	423	19	8	19	432	1096	676	1.19e-172	604
35df71ce-c9bf-47e1-ab1c-4db5b97e6740	NR_148763.1	92.908	423	19	8	19	432	1095	675	1.19e-172	604
35df71ce-c9bf-47e1-ab1c-4db5b97e6740	NR_148764.1	92.908	423	19	8	19	432	1095	675	1.19e-172	604
35df71ce-c9bf-47e1-ab1c-4db5b97e6740	NR_117552.1	92.908	423	19	8	19	432	1075	655	1.19e-172	604
3ce9ddde-dfde-4398-ad79-1f3664b9f716	NR_148763.1	91.532	1240	52	44	1	1208	262	1480	0.0	1659
3ce9ddde-dfde-4398-ad79-1f3664b9f716	NR_148764.1	91.378	1241	52	45	1	1208	262	1480	0.0	1648
3ce9ddde-dfde-4398-ad79-1f3664b9f716	NR_113578.1	91.217	1241	54	44	1	1208	242	1460	0.0	1640
3ce9ddde-dfde-4398-ad79-1f3664b9f716	NR_117552.1	91.389	1231	52	44	1	1198	242	1451	0.0	1637
3ce9ddde-dfde-4398-ad79-1f3664b9f716	NR_024946.1	91.382	1230	52	44	1	1197	250	1458	0.0	1635
a5c69e77-2bce-4421-b165-c9899e377a34	NR_148763.1	96.400	1361	19	25	1	1339	131	1483	0.0	2215
a5c69e77-2bce-4421-b165-c9899e377a34	NR_148764.1	95.885	1361	26	25	1	1339	131	1483	0.0	2176
a5c69e77-2bce-4421-b165-c9899e377a34	NR_028619.1	95.882	1360	26	25	1	1339	132	1482	0.0	2174
a5c69e77-2bce-4421-b165-c9899e377a34	NR_113578.1	95.809	1360	27	25	1	1338	111	1462	0.0	2172
a5c69e77-2bce-4421-b165-c9899e377a34	NR_024946.1	95.994	1348	25	24	1	1327	119	1458	0.0	2163
3c538260-2fa5-4ffa-8f0f-a3e26fdbfe7a	NR_148763.1	93.825	664	21	15	8	653	672	11	0.0	981
3c538260-2fa5-4ffa-8f0f-a3e26fdbfe7a	NR_028619.1	93.041	661	26	15	8	650	673	15	0.0	950
3c538260-2fa5-4ffa-8f0f-a3e26fdbfe7a	NR_024946.1	93.041	661	26	15	8	650	660	2	0.0	948
3c538260-2fa5-4ffa-8f0f-a3e26fdbfe7a	NR_024927.1	92.738	661	28	15	8	650	665	7	0.0	937
3c538260-2fa5-4ffa-8f0f-a3e26fdbfe7a	NR_148764.1	92.620	664	29	15	8	653	672	11	0.0	937
aca0c7b2-36b0-47f4-9548-fafa73302773	NR_137384.1	87.739	995	87	26	4	977	1249	269	0.0	1129
aca0c7b2-36b0-47f4-9548-fafa73302773	NR_181554.1	87.412	993	94	24	4	977	1262	282	0.0	1112
aca0c7b2-36b0-47f4-9548-fafa73302773	NR_178722.1	87.324	994	92	29	4	977	1245	266	0.0	1107
aca0c7b2-36b0-47f4-9548-fafa73302773	NR_025522.1	87.161	997	88	34	4	977	1238	259	0.0	1096
aca0c7b2-36b0-47f4-9548-fafa73302773	NR_170511.1	87.247	988	93	24	11	977	1264	289	0.0	1096
ba1f122e-23cf-425c-a837-32cd452200d9	NR_165737.1	95.710	1282	28	23	1	1267	202	1471	0.0	2037
ba1f122e-23cf-425c-a837-32cd452200d9	NR_036936.1	95.476	1282	31	23	1	1267	202	1471	0.0	2021
ba1f122e-23cf-425c-a837-32cd452200d9	NR_115735.1	95.472	1281	32	22	4	1270	196	1464	0.0	2021
ba1f122e-23cf-425c-a837-32cd452200d9	NR_024842.1	95.320	1282	34	22	4	1271	220	1489	0.0	2015
ba1f122e-23cf-425c-a837-32cd452200d9	NR_115241.1	95.227	1278	35	22	4	1267	205	1470	0.0	2004
56ce673d-2d03-4712-ac3b-54b04d94eefb	NR_024946.1	96.502	829	16	10	1	818	1393	567	0.0	1358
56ce673d-2d03-4712-ac3b-54b04d94eefb	NR_148763.1	96.502	829	16	10	1	818	1405	579	0.0	1358
56ce673d-2d03-4712-ac3b-54b04d94eefb	NR_148764.1	96.502	829	16	10	1	818	1405	579	0.0	1358
56ce673d-2d03-4712-ac3b-54b04d94eefb	NR_117552.1	96.502	829	16	10	1	818	1385	559	0.0	1358
56ce673d-2d03-4712-ac3b-54b04d94eefb	NR_136473.1	96.502	829	16	10	1	818	1388	562	0.0	1358
99493991-aaf4-4b3e-bd1b-368156ac8dca	NR_148763.1	96.393	305	6	4	1	303	258	559	1.42e-140	497
99493991-aaf4-4b3e-bd1b-368156ac8dca	NR_118155.1	96.393	305	6	4	1	303	261	562	1.42e-140	497
99493991-aaf4-4b3e-bd1b-368156ac8dca	NR_178482.1	96.393	305	6	4	1	303	228	529	1.42e-140	497
99493991-aaf4-4b3e-bd1b-368156ac8dca	NR_117186.1	96.078	306	6	5	1	303	243	545	1.84e-139	494
99493991-aaf4-4b3e-bd1b-368156ac8dca	NR_024927.1	96.066	305	7	4	1	303	251	552	6.60e-139	492
75065637-40eb-4b2c-8c51-b5aeada35172	NR_148763.1	96.756	863	16	10	1	859	633	1487	0.0	1428
75065637-40eb-4b2c-8c51-b5aeada35172	NR_148764.1	96.640	863	17	10	1	859	633	1487	0.0	1423
75065637-40eb-4b2c-8c51-b5aeada35172	NR_024946.1	97.272	843	14	8	1	839	621	1458	0.0	1421
75065637-40eb-4b2c-8c51-b5aeada35172	NR_113578.1	96.620	858	17	9	1	854	613	1462	0.0	1417
75065637-40eb-4b2c-8c51-b5aeada35172	NR_117552.1	97.153	843	15	8	1	839	613	1450	0.0	1417
e3299acc-9e40-4e45-97e9-0f8cef801b42	NR_148763.1	97.953	1368	20	6	1	1362	1375	10	0.0	2364
e3299acc-9e40-4e45-97e9-0f8cef801b42	NR_024927.1	97.588	1368	25	6	1	1362	1368	3	0.0	2337
e3299acc-9e40-4e45-97e9-0f8cef801b42	NR_024946.1	97.656	1365	24	6	1	1359	1363	1	0.0	2337
e3299acc-9e40-4e45-97e9-0f8cef801b42	NR_181570.1	97.515	1368	26	6	1	1362	1382	17	0.0	2331
e3299acc-9e40-4e45-97e9-0f8cef801b42	NR_114223.1	97.642	1357	24	6	1	1351	1355	1	0.0	2322
d8407826-757c-4bd3-814a-bc778e23ff46	NR_111994.1	92.132	1271	59	36	1	1241	1272	13	0.0	1755
d8407826-757c-4bd3-814a-bc778e23ff46	NR_041721.1	90.007	1351	81	46	1	1311	1349	13	0.0	1698
d8407826-757c-4bd3-814a-bc778e23ff46	NR_134817.1	89.911	1348	91	34	1	1312	1339	1	0.0	1694
d8407826-757c-4bd3-814a-bc778e23ff46	NR_117426.1	90.067	1339	80	45	1	1299	1326	1	0.0	1687
d8407826-757c-4bd3-814a-bc778e23ff46	NR_042833.1	90.007	1341	81	45	1	1301	1328	1	0.0	1685
e2fc8f49-e817-4718-8fd6-51bc20cde140	NR_074980.1	97.733	397	6	2	1	395	1221	826	0.0	680
e2fc8f49-e817-4718-8fd6-51bc20cde140	NR_113031.1	97.733	397	6	2	1	395	1221	826	0.0	680
e2fc8f49-e817-4718-8fd6-51bc20cde140	NR_044153.1	97.733	397	6	2	1	395	1194	799	0.0	680
e2fc8f49-e817-4718-8fd6-51bc20cde140	NR_117759.1	97.481	397	7	2	1	395	1197	802	0.0	676
e2fc8f49-e817-4718-8fd6-51bc20cde140	NR_041880.1	97.481	397	7	2	1	395	1150	755	0.0	675
99147148-41ba-4f69-9a46-e65c6a8e6a46	NR_024946.1	98.851	348	1	3	6	352	346	1	1.22e-176	617
99147148-41ba-4f69-9a46-e65c6a8e6a46	NR_148763.1	98.851	348	1	3	6	352	358	13	1.22e-176	617
99147148-41ba-4f69-9a46-e65c6a8e6a46	NR_028619.1	98.563	348	2	3	6	352	359	14	1.58e-175	614
99147148-41ba-4f69-9a46-e65c6a8e6a46	NR_136473.1	99.125	343	0	3	6	347	341	1	1.58e-175	614
99147148-41ba-4f69-9a46-e65c6a8e6a46	NR_113578.1	99.118	340	0	3	6	344	338	1	7.36e-174	608
4f735e63-f93c-4ccb-9d41-c19c4c9de7f4	NR_114395.1	94.948	772	17	10	5	762	727	1490	0.0	1190
4f735e63-f93c-4ccb-9d41-c19c4c9de7f4	NR_179528.1	94.889	763	18	10	5	754	712	1466	0.0	1173
4f735e63-f93c-4ccb-9d41-c19c4c9de7f4	NR_179535.1	94.416	770	20	11	5	762	730	1488	0.0	1162
4f735e63-f93c-4ccb-9d41-c19c4c9de7f4	NR_117159.1	90.439	774	44	19	5	762	715	1474	0.0	992
4f735e63-f93c-4ccb-9d41-c19c4c9de7f4	NR_104807.1	90.310	774	45	19	5	762	715	1474	0.0	987
43fa43b3-f877-444e-afd2-ea281899ee67	NR_148763.1	96.909	1197	20	13	1	1186	1460	270	0.0	1989
43fa43b3-f877-444e-afd2-ea281899ee67	NR_024946.1	96.408	1197	26	13	1	1186	1448	258	0.0	1956
43fa43b3-f877-444e-afd2-ea281899ee67	NR_148764.1	96.324	1197	27	13	1	1186	1460	270	0.0	1951
43fa43b3-f877-444e-afd2-ea281899ee67	NR_113578.1	96.241	1197	28	13	1	1186	1440	250	0.0	1949
43fa43b3-f877-444e-afd2-ea281899ee67	NR_117552.1	96.241	1197	28	13	1	1186	1440	250	0.0	1947
906ccd6d-fc82-44b9-9c71-82cf0f5c6ccd	NR_148763.1	94.797	1057	25	19	1	1033	438	1488	0.0	1620
906ccd6d-fc82-44b9-9c71-82cf0f5c6ccd	NR_148764.1	94.134	1057	32	19	1	1033	438	1488	0.0	1581
906ccd6d-fc82-44b9-9c71-82cf0f5c6ccd	NR_028619.1	94.129	1056	32	19	1	1033	439	1487	0.0	1580
906ccd6d-fc82-44b9-9c71-82cf0f5c6ccd	NR_043420.1	92.715	1057	47	19	1	1033	436	1486	0.0	1498
906ccd6d-fc82-44b9-9c71-82cf0f5c6ccd	NR_117269.1	91.937	1017	55	18	38	1033	476	1486	0.0	1400
3717532c-bfe3-42a8-9ec9-cd9388c91292	NR_028826.1	95.906	171	4	3	1	168	1377	1207	2.04e-73	274
3717532c-bfe3-42a8-9ec9-cd9388c91292	NR_028826.1	91.765	85	7	0	157	241	1261	1345	1.01e-26	119
3717532c-bfe3-42a8-9ec9-cd9388c91292	NR_024911.1	95.906	171	4	3	1	168	1387	1217	2.04e-73	274
3717532c-bfe3-42a8-9ec9-cd9388c91292	NR_024911.1	91.765	85	7	0	157	241	1271	1355	1.01e-26	119
3717532c-bfe3-42a8-9ec9-cd9388c91292	NR_024918.1	95.906	171	4	3	1	168	1387	1217	2.04e-73	274
3717532c-bfe3-42a8-9ec9-cd9388c91292	NR_024918.1	91.765	85	7	0	157	241	1271	1355	1.01e-26	119
3717532c-bfe3-42a8-9ec9-cd9388c91292	NR_025174.1	95.906	171	4	3	1	168	1380	1210	2.04e-73	274
3717532c-bfe3-42a8-9ec9-cd9388c91292	NR_025174.1	91.765	85	7	0	157	241	1264	1348	1.01e-26	119
3717532c-bfe3-42a8-9ec9-cd9388c91292	NR_025227.1	95.906	171	4	3	1	168	1370	1200	2.04e-73	274
3717532c-bfe3-42a8-9ec9-cd9388c91292	NR_025227.1	91.765	85	7	0	157	241	1254	1338	1.01e-26	119
ca8302a1-c1b0-407d-bfea-9c23a61785e0	NR_181838.1	96.159	781	10	18	1	764	791	14	0.0	1258
ca8302a1-c1b0-407d-bfea-9c23a61785e0	NR_179103.1	96.031	781	11	16	1	764	792	15	0.0	1253
ca8302a1-c1b0-407d-bfea-9c23a61785e0	NR_179728.1	96.031	781	11	16	1	764	788	11	0.0	1253
ca8302a1-c1b0-407d-bfea-9c23a61785e0	NR_179985.1	96.031	781	11	16	1	764	788	11	0.0	1253
ca8302a1-c1b0-407d-bfea-9c23a61785e0	NR_181703.1	95.903	781	12	18	1	764	795	18	0.0	1247
7da30690-0310-4e21-93f0-6cad409a5907	NR_024842.1	95.646	735	23	8	1	729	739	8	0.0	1175
7da30690-0310-4e21-93f0-6cad409a5907	NR_115241.1	95.873	727	21	8	1	721	724	1	0.0	1168
7da30690-0310-4e21-93f0-6cad409a5907	NR_115735.1	95.682	718	21	9	1	711	715	1	0.0	1146
7da30690-0310-4e21-93f0-6cad409a5907	NR_178515.1	95.055	728	25	10	1	721	724	1	0.0	1134
7da30690-0310-4e21-93f0-6cad409a5907	NR_165737.1	94.780	728	27	10	1	721	724	1	0.0	1123
2fc4b914-f562-4f2c-a1cf-6b32ecde4d52	NR_148763.1	93.436	975	32	23	7	965	525	1483	0.0	1417
2fc4b914-f562-4f2c-a1cf-6b32ecde4d52	NR_113578.1	93.326	974	33	23	7	964	505	1462	0.0	1411
2fc4b914-f562-4f2c-a1cf-6b32ecde4d52	NR_148764.1	93.333	975	33	23	7	965	525	1483	0.0	1411
2fc4b914-f562-4f2c-a1cf-6b32ecde4d52	NR_028619.1	93.224	974	34	23	7	965	526	1482	0.0	1404
2fc4b914-f562-4f2c-a1cf-6b32ecde4d52	NR_024704.1	92.718	975	39	23	7	965	513	1471	0.0	1382
928022d9-d74a-48e4-b83e-005dfb223a64	NR_179985.1	97.465	1065	21	6	1	1060	1075	12	0.0	1812
928022d9-d74a-48e4-b83e-005dfb223a64	NR_181838.1	97.465	1065	21	6	1	1060	1078	15	0.0	1812
928022d9-d74a-48e4-b83e-005dfb223a64	NR_179103.1	97.371	1065	22	6	1	1060	1079	16	0.0	1807
928022d9-d74a-48e4-b83e-005dfb223a64	NR_179728.1	97.371	1065	22	6	1	1060	1075	12	0.0	1807
928022d9-d74a-48e4-b83e-005dfb223a64	NR_181703.1	97.277	1065	23	6	1	1060	1082	19	0.0	1801
68a589bc-43a3-4c59-8a96-30203894bb29	NR_148763.1	96.892	1319	20	20	22	1327	1321	11	0.0	2189
68a589bc-43a3-4c59-8a96-30203894bb29	NR_024946.1	96.431	1317	26	20	22	1325	1309	1	0.0	2152
68a589bc-43a3-4c59-8a96-30203894bb29	NR_028619.1	96.279	1317	27	21	22	1325	1321	14	0.0	2143
68a589bc-43a3-4c59-8a96-30203894bb29	NR_136473.1	96.341	1312	27	20	22	1320	1304	1	0.0	2139
68a589bc-43a3-4c59-8a96-30203894bb29	NR_113578.1	96.333	1309	27	20	22	1317	1301	1	0.0	2135
0a140322-a3ad-4b05-bfba-ae1ebd05408b	NR_179985.1	96.344	1094	20	20	15	1095	1098	12	0.0	1781
0a140322-a3ad-4b05-bfba-ae1ebd05408b	NR_181838.1	96.344	1094	20	20	15	1095	1101	15	0.0	1781
0a140322-a3ad-4b05-bfba-ae1ebd05408b	NR_179103.1	96.252	1094	21	20	15	1095	1102	16	0.0	1775
0a140322-a3ad-4b05-bfba-ae1ebd05408b	NR_179728.1	96.252	1094	21	20	15	1095	1098	12	0.0	1775
0a140322-a3ad-4b05-bfba-ae1ebd05408b	NR_181703.1	96.161	1094	22	20	15	1095	1105	19	0.0	1770
fcece8fe-8eb3-438a-a018-9831395d2482	NR_024704.1	97.612	335	6	2	4	336	1142	1476	2.57e-163	573
fcece8fe-8eb3-438a-a018-9831395d2482	NR_148763.1	97.612	335	6	2	4	336	1154	1488	2.57e-163	573
fcece8fe-8eb3-438a-a018-9831395d2482	NR_179985.1	97.612	335	6	2	4	336	1154	1488	2.57e-163	573
fcece8fe-8eb3-438a-a018-9831395d2482	NR_181703.1	97.612	335	6	2	4	336	1161	1495	2.57e-163	573
fcece8fe-8eb3-438a-a018-9831395d2482	NR_181838.1	97.612	335	6	2	4	336	1157	1491	2.57e-163	573
9df8a18a-9e04-494c-8119-0b3ed9d7b22e	NR_116899.1	90.072	977	51	39	9	955	964	4	0.0	1225
9df8a18a-9e04-494c-8119-0b3ed9d7b22e	NR_025228.1	89.867	977	53	39	9	955	973	13	0.0	1214
9df8a18a-9e04-494c-8119-0b3ed9d7b22e	NR_179985.1	89.527	993	56	41	9	969	997	21	0.0	1214
9df8a18a-9e04-494c-8119-0b3ed9d7b22e	NR_181729.1	89.527	993	56	41	9	969	982	6	0.0	1214
9df8a18a-9e04-494c-8119-0b3ed9d7b22e	NR_179103.1	89.426	993	57	41	9	969	1001	25	0.0	1208
da7d2a8b-d4cd-449c-b538-40d9d3ba8ea2	NR_148763.1	97.239	326	3	2	1	325	604	284	1.52e-155	547
da7d2a8b-d4cd-449c-b538-40d9d3ba8ea2	NR_024927.1	96.933	326	4	2	1	325	597	277	7.08e-154	542
da7d2a8b-d4cd-449c-b538-40d9d3ba8ea2	NR_025227.1	96.933	326	4	2	1	325	580	260	7.08e-154	542
da7d2a8b-d4cd-449c-b538-40d9d3ba8ea2	NR_043195.1	96.933	326	4	2	1	325	602	282	7.08e-154	542
da7d2a8b-d4cd-449c-b538-40d9d3ba8ea2	NR_114223.1	96.933	326	4	2	1	325	584	264	7.08e-154	542
b6abce17-f2b1-446c-b796-15f7bb340cd2	NR_043604.1	96.825	126	3	1	3	127	136	261	2.90e-54	209
b6abce17-f2b1-446c-b796-15f7bb340cd2	NR_118512.1	96.825	126	3	1	3	127	136	261	2.90e-54	209
b6abce17-f2b1-446c-b796-15f7bb340cd2	NR_043608.1	93.750	128	6	2	1	127	136	262	1.05e-48	191
b6abce17-f2b1-446c-b796-15f7bb340cd2	NR_114914.1	93.750	128	6	2	1	127	127	253	1.05e-48	191
b6abce17-f2b1-446c-b796-15f7bb340cd2	NR_118519.1	93.750	128	6	2	1	127	136	262	1.05e-48	191
4514c01e-98e0-4c48-829f-bf807197acda	NR_042776.1	96.319	652	10	10	1	643	857	1503	0.0	1059
4514c01e-98e0-4c48-829f-bf807197acda	NR_042777.1	96.319	652	10	10	1	643	856	1502	0.0	1059
4514c01e-98e0-4c48-829f-bf807197acda	NR_042778.1	96.012	652	12	10	1	643	857	1503	0.0	1048
4514c01e-98e0-4c48-829f-bf807197acda	NR_197695.1	95.859	652	13	10	1	643	856	1502	0.0	1042
4514c01e-98e0-4c48-829f-bf807197acda	NR_118998.1	95.545	651	16	10	1	643	852	1497	0.0	1029
ee1e2192-682a-4a81-832a-28c08e5c002e	NR_116899.1	97.193	1033	14	13	3	1027	422	1447	0.0	1733
ee1e2192-682a-4a81-832a-28c08e5c002e	NR_025227.1	97.190	1032	14	13	3	1026	431	1455	0.0	1731
ee1e2192-682a-4a81-832a-28c08e5c002e	NR_043314.1	97.366	1025	11	14	12	1027	461	1478	0.0	1729
ee1e2192-682a-4a81-832a-28c08e5c002e	NR_025228.1	97.361	1023	12	13	12	1026	440	1455	0.0	1725
ee1e2192-682a-4a81-832a-28c08e5c002e	NR_024927.1	96.999	1033	16	13	3	1027	448	1473	0.0	1722
c5496724-2c60-4ea1-a49b-f6e0360e5342	NR_024946.1	98.077	260	0	4	1	256	918	660	1.21e-125	448
c5496724-2c60-4ea1-a49b-f6e0360e5342	NR_028619.1	98.077	260	0	4	1	256	931	673	1.21e-125	448
c5496724-2c60-4ea1-a49b-f6e0360e5342	NR_113578.1	98.077	260	0	4	1	256	910	652	1.21e-125	448
c5496724-2c60-4ea1-a49b-f6e0360e5342	NR_148763.1	98.077	260	0	4	1	256	930	672	1.21e-125	448
c5496724-2c60-4ea1-a49b-f6e0360e5342	NR_148764.1	98.077	260	0	4	1	256	930	672	1.21e-125	448
5e3f090b-c2c3-4b50-bb87-032fcf9ed685	NR_148763.1	95.559	653	11	16	2	640	659	11	0.0	1029
5e3f090b-c2c3-4b50-bb87-032fcf9ed685	NR_024946.1	94.624	651	17	16	2	638	647	1	0.0	992
5e3f090b-c2c3-4b50-bb87-032fcf9ed685	NR_028619.1	94.470	651	18	16	2	638	660	14	0.0	989
5e3f090b-c2c3-4b50-bb87-032fcf9ed685	NR_113578.1	94.712	643	16	16	2	630	639	1	0.0	983
5e3f090b-c2c3-4b50-bb87-032fcf9ed685	NR_024927.1	94.444	648	18	16	5	638	649	6	0.0	981
1844e76d-1eec-415c-b956-d76d53118df4	NR_043314.1	98.046	819	10	3	1	818	586	1399	0.0	1419
1844e76d-1eec-415c-b956-d76d53118df4	NR_025228.1	98.046	819	9	4	1	818	565	1377	0.0	1417
1844e76d-1eec-415c-b956-d76d53118df4	NR_149822.1	98.046	819	9	4	1	818	552	1364	0.0	1417
1844e76d-1eec-415c-b956-d76d53118df4	NR_164626.1	98.046	819	9	4	1	818	579	1391	0.0	1417
1844e76d-1eec-415c-b956-d76d53118df4	NR_179889.1	98.046	819	9	4	1	818	596	1408	0.0	1417
5465ea84-d157-48f9-88d4-6d8a845c738e	NR_043314.1	96.441	281	8	2	1	280	1202	1481	4.79e-130	462
5465ea84-d157-48f9-88d4-6d8a845c738e	NR_114749.1	96.441	281	8	2	1	280	1204	1483	4.79e-130	462
5465ea84-d157-48f9-88d4-6d8a845c738e	NR_116899.1	96.441	281	8	2	1	280	1171	1450	4.79e-130	462
5465ea84-d157-48f9-88d4-6d8a845c738e	NR_178854.1	96.441	281	8	2	1	280	1183	1462	4.79e-130	462
5465ea84-d157-48f9-88d4-6d8a845c738e	NR_179889.1	96.441	281	8	2	1	280	1211	1490	4.79e-130	462
32706078-6f59-40b5-a69a-74fbc5395c00	NR_148763.1	95.957	841	16	12	1	834	654	1483	0.0	1349
32706078-6f59-40b5-a69a-74fbc5395c00	NR_148764.1	95.838	841	17	12	1	834	654	1483	0.0	1343
32706078-6f59-40b5-a69a-74fbc5395c00	NR_113578.1	95.714	840	18	12	1	833	634	1462	0.0	1339
32706078-6f59-40b5-a69a-74fbc5395c00	NR_028619.1	95.600	841	17	12	1	834	655	1482	0.0	1330
32706078-6f59-40b5-a69a-74fbc5395c00	NR_024946.1	95.894	828	16	12	1	821	642	1458	0.0	1325
0c678755-2731-45ef-82b2-1b297a7aa489	NR_148763.1	96.327	1198	22	20	3	1189	256	1442	0.0	1949
0c678755-2731-45ef-82b2-1b297a7aa489	NR_024946.1	95.826	1198	28	21	3	1189	244	1430	0.0	1916
0c678755-2731-45ef-82b2-1b297a7aa489	NR_178975.1	95.826	1198	28	21	3	1189	235	1421	0.0	1916
0c678755-2731-45ef-82b2-1b297a7aa489	NR_148764.1	95.743	1198	29	21	3	1189	256	1442	0.0	1910
0c678755-2731-45ef-82b2-1b297a7aa489	NR_113578.1	95.659	1198	30	21	3	1189	236	1422	0.0	1908
62603430-f47a-436c-b618-cef560c1d29b	NR_179528.1	95.447	593	17	5	1	583	370	962	0.0	939
62603430-f47a-436c-b618-cef560c1d29b	NR_119102.1	95.278	593	18	6	1	583	355	947	0.0	937
62603430-f47a-436c-b618-cef560c1d29b	NR_179535.1	95.447	593	17	5	1	583	388	980	0.0	937
62603430-f47a-436c-b618-cef560c1d29b	NR_041983.1	95.110	593	18	6	1	583	354	945	0.0	924
62603430-f47a-436c-b618-cef560c1d29b	NR_114395.1	95.110	593	18	6	1	583	386	977	0.0	924
d2eed137-5ed3-4278-9565-aafc8021ce3a	NR_024704.1	97.688	173	1	3	1	171	1300	1471	1.08e-79	294
d2eed137-5ed3-4278-9565-aafc8021ce3a	NR_042607.1	97.688	173	1	3	1	171	1292	1463	1.08e-79	294
d2eed137-5ed3-4278-9565-aafc8021ce3a	NR_148763.1	97.688	173	1	3	1	171	1312	1483	1.08e-79	294
d2eed137-5ed3-4278-9565-aafc8021ce3a	NR_043115.1	97.688	173	1	3	1	171	1312	1483	1.08e-79	294
d2eed137-5ed3-4278-9565-aafc8021ce3a	NR_179985.1	97.688	173	1	3	1	171	1312	1483	1.08e-79	294
9ca4f4c5-f866-426b-ad56-48c048ca1006	NR_037101.1	96.154	130	1	4	4	129	1385	1256	2.95e-54	209
9ca4f4c5-f866-426b-ad56-48c048ca1006	NR_040821.1	96.154	130	1	4	4	129	1385	1256	2.95e-54	209
9ca4f4c5-f866-426b-ad56-48c048ca1006	NR_025630.1	96.154	130	1	4	4	129	1384	1255	2.95e-54	209
9ca4f4c5-f866-426b-ad56-48c048ca1006	NR_024634.1	96.154	130	1	4	4	129	1396	1267	2.95e-54	209
9ca4f4c5-f866-426b-ad56-48c048ca1006	NR_025148.1	96.154	130	1	4	4	129	1405	1276	2.95e-54	209
07e2eeb5-3a5b-4a54-b17d-76714bbf1a5e	NR_029097.1	97.115	104	0	2	9	112	1293	1193	3.21e-43	172
07e2eeb5-3a5b-4a54-b17d-76714bbf1a5e	NR_125570.1	97.115	104	0	2	9	112	1275	1175	3.21e-43	172
07e2eeb5-3a5b-4a54-b17d-76714bbf1a5e	NR_125571.1	97.115	104	0	2	9	112	1317	1217	3.21e-43	172
07e2eeb5-3a5b-4a54-b17d-76714bbf1a5e	NR_042007.1	95.918	98	1	2	9	106	1348	1254	3.24e-38	156
07e2eeb5-3a5b-4a54-b17d-76714bbf1a5e	NR_074634.1	95.918	98	1	2	9	106	1353	1259	3.24e-38	156
fd51247e-eb0c-4fa6-b4c2-a1d252b69e6a	NR_148763.1	95.614	342	6	8	4	336	656	315	2.60e-153	540
fd51247e-eb0c-4fa6-b4c2-a1d252b69e6a	NR_024927.1	95.072	345	8	8	1	336	652	308	1.21e-151	534
fd51247e-eb0c-4fa6-b4c2-a1d252b69e6a	NR_025227.1	95.072	345	8	8	1	336	635	291	1.21e-151	534
fd51247e-eb0c-4fa6-b4c2-a1d252b69e6a	NR_114223.1	95.072	345	8	8	1	336	639	295	1.21e-151	534
fd51247e-eb0c-4fa6-b4c2-a1d252b69e6a	NR_116646.1	95.072	345	8	8	1	336	604	260	1.21e-151	534
136dcb96-fecb-43a2-9293-3866eace0d3c	NR_040859.1	94.521	146	4	4	1	144	1332	1475	4.27e-58	222
136dcb96-fecb-43a2-9293-3866eace0d3c	NR_040992.1	94.521	146	4	4	1	144	1340	1483	4.27e-58	222
136dcb96-fecb-43a2-9293-3866eace0d3c	NR_025881.1	94.521	146	4	4	1	144	1338	1481	4.27e-58	222
136dcb96-fecb-43a2-9293-3866eace0d3c	NR_026395.1	94.521	146	4	4	1	144	1340	1483	4.27e-58	222
136dcb96-fecb-43a2-9293-3866eace0d3c	NR_024662.1	94.521	146	4	4	1	144	1340	1483	4.27e-58	222
bf2b3a5f-ab68-48a3-8d37-ef99da389952	NR_042843.1	91.489	235	15	4	1	234	1227	1457	9.11e-87	318
bf2b3a5f-ab68-48a3-8d37-ef99da389952	NR_102895.1	91.489	235	15	4	1	234	1255	1485	9.11e-87	318
bf2b3a5f-ab68-48a3-8d37-ef99da389952	NR_113113.1	91.489	235	15	4	1	234	1235	1465	9.11e-87	318
bf2b3a5f-ab68-48a3-8d37-ef99da389952	NR_114305.1	91.453	234	13	6	3	234	1249	1477	1.18e-85	315
bf2b3a5f-ab68-48a3-8d37-ef99da389952	NR_109628.1	91.453	234	13	6	3	234	1230	1458	1.18e-85	315
0bbf3316-544e-4ead-865f-966d24b00ddf	NR_181354.1	95.028	181	6	3	1	178	1230	1050	8.62e-76	281
0bbf3316-544e-4ead-865f-966d24b00ddf	NR_024704.1	94.022	184	5	4	1	178	1215	1032	1.44e-73	274
0bbf3316-544e-4ead-865f-966d24b00ddf	NR_024707.1	94.022	184	5	4	1	178	1209	1026	1.44e-73	274
0bbf3316-544e-4ead-865f-966d24b00ddf	NR_024902.1	94.022	184	5	4	1	178	1222	1039	1.44e-73	274
0bbf3316-544e-4ead-865f-966d24b00ddf	NR_024909.1	94.022	184	5	4	1	178	1220	1037	1.44e-73	274
c871e087-05e0-48ad-ae76-cbf39dc0b4e6	NR_040859.1	96.585	205	2	5	1	201	1277	1480	7.53e-92	335
c871e087-05e0-48ad-ae76-cbf39dc0b4e6	NR_040992.1	96.585	205	2	5	1	201	1285	1488	7.53e-92	335
c871e087-05e0-48ad-ae76-cbf39dc0b4e6	NR_025881.1	96.585	205	2	5	1	201	1283	1486	7.53e-92	335
c871e087-05e0-48ad-ae76-cbf39dc0b4e6	NR_026395.1	96.585	205	2	5	1	201	1285	1488	7.53e-92	335
c871e087-05e0-48ad-ae76-cbf39dc0b4e6	NR_024662.1	96.585	205	2	5	1	201	1285	1488	7.53e-92	335
fd9c84af-3da9-4046-895b-6ce30a2ee05b	NR_024842.1	98.198	111	2	0	1	111	1108	1218	6.63e-50	195
fd9c84af-3da9-4046-895b-6ce30a2ee05b	NR_028664.1	98.198	111	2	0	1	111	1114	1224	6.63e-50	195
fd9c84af-3da9-4046-895b-6ce30a2ee05b	NR_036845.1	98.198	111	2	0	1	111	1110	1220	6.63e-50	195
fd9c84af-3da9-4046-895b-6ce30a2ee05b	NR_042928.1	98.198	111	2	0	1	111	1091	1201	6.63e-50	195
fd9c84af-3da9-4046-895b-6ce30a2ee05b	NR_043660.1	98.198	111	2	0	1	111	1085	1195	6.63e-50	195
fc6273cb-c4cd-49df-a8ce-0eada8c3ebd5	NR_024918.1	94.828	232	6	6	33	262	1249	1476	2.22e-98	357
fc6273cb-c4cd-49df-a8ce-0eada8c3ebd5	NR_025164.1	94.828	232	6	6	33	262	1236	1463	2.22e-98	357
fc6273cb-c4cd-49df-a8ce-0eada8c3ebd5	NR_028986.1	94.828	232	6	6	33	262	1236	1463	2.22e-98	357
fc6273cb-c4cd-49df-a8ce-0eada8c3ebd5	NR_036998.1	94.828	232	6	6	33	262	1235	1462	2.22e-98	357
fc6273cb-c4cd-49df-a8ce-0eada8c3ebd5	NR_041799.1	94.828	232	6	6	33	262	1236	1463	2.22e-98	357
fdbc3729-4269-4f41-b12e-bd9cacc15290	NR_040859.1	99.441	179	0	1	1	178	255	433	1.42e-88	324
fdbc3729-4269-4f41-b12e-bd9cacc15290	NR_028826.1	99.441	179	0	1	1	178	245	423	1.42e-88	324
fdbc3729-4269-4f41-b12e-bd9cacc15290	NR_040992.1	99.441	179	0	1	1	178	263	441	1.42e-88	324
fdbc3729-4269-4f41-b12e-bd9cacc15290	NR_041033.1	99.441	179	0	1	1	178	270	448	1.42e-88	324
fdbc3729-4269-4f41-b12e-bd9cacc15290	NR_041702.1	99.441	179	0	1	1	178	278	456	1.42e-88	324
8fbc0ab3-2dbf-40ce-bf18-ebc6827dfae7	NR_024946.1	92.079	202	6	5	5	197	209	9	4.68e-74	276
8fbc0ab3-2dbf-40ce-bf18-ebc6827dfae7	NR_112077.1	92.079	202	6	5	5	197	219	19	4.68e-74	276
8fbc0ab3-2dbf-40ce-bf18-ebc6827dfae7	NR_113578.1	92.079	202	6	5	5	197	201	1	4.68e-74	276
8fbc0ab3-2dbf-40ce-bf18-ebc6827dfae7	NR_148763.1	92.079	202	6	5	5	197	221	21	4.68e-74	276
8fbc0ab3-2dbf-40ce-bf18-ebc6827dfae7	NR_136473.1	92.079	202	6	5	5	197	204	4	4.68e-74	276
aafd173a-bbae-4f00-928f-84dcc9130120	NR_024704.1	99.259	135	1	0	1	135	1341	1475	8.31e-65	244
aafd173a-bbae-4f00-928f-84dcc9130120	NR_042607.1	99.259	135	1	0	1	135	1333	1467	8.31e-65	244
aafd173a-bbae-4f00-928f-84dcc9130120	NR_074853.1	99.259	135	1	0	1	135	1361	1495	8.31e-65	244
aafd173a-bbae-4f00-928f-84dcc9130120	NR_134173.1	99.259	135	1	0	1	135	1339	1473	8.31e-65	244
aafd173a-bbae-4f00-928f-84dcc9130120	NR_148763.1	99.259	135	1	0	1	135	1353	1487	8.31e-65	244
57e134d2-4a21-4c93-88db-7af79d8d9c09	NR_024946.1	96.667	180	4	2	4	182	184	6	8.94e-81	298
57e134d2-4a21-4c93-88db-7af79d8d9c09	NR_112077.1	96.667	180	4	2	4	182	194	16	8.94e-81	298
57e134d2-4a21-4c93-88db-7af79d8d9c09	NR_148763.1	96.667	180	4	2	4	182	196	18	8.94e-81	298
57e134d2-4a21-4c93-88db-7af79d8d9c09	NR_136473.1	96.667	180	4	2	4	182	179	1	8.94e-81	298
57e134d2-4a21-4c93-88db-7af79d8d9c09	NR_028619.1	96.111	180	5	2	4	182	197	19	1.16e-79	294
90cc5439-8f50-4e62-aa34-d0e35ce0d712	NR_026395.1	96.774	155	2	2	1	153	477	630	4.72e-68	255
90cc5439-8f50-4e62-aa34-d0e35ce0d712	NR_024704.1	96.774	155	2	2	1	153	465	618	4.72e-68	255
90cc5439-8f50-4e62-aa34-d0e35ce0d712	NR_024946.1	96.774	155	2	2	1	153	465	618	4.72e-68	255
90cc5439-8f50-4e62-aa34-d0e35ce0d712	NR_025550.1	96.774	155	2	2	1	153	459	612	4.72e-68	255
90cc5439-8f50-4e62-aa34-d0e35ce0d712	NR_028619.1	96.774	155	2	2	1	153	478	631	4.72e-68	255
3b47b4c2-a1b4-4376-a2b0-ff21a25fe185	NR_024707.1	98.895	181	1	1	1	181	978	1157	5.17e-88	322
3b47b4c2-a1b4-4376-a2b0-ff21a25fe185	NR_117822.1	98.895	181	1	1	1	181	950	1129	5.17e-88	322
3b47b4c2-a1b4-4376-a2b0-ff21a25fe185	NR_132724.1	98.895	181	1	1	1	181	933	1112	5.17e-88	322
3b47b4c2-a1b4-4376-a2b0-ff21a25fe185	NR_178772.1	98.895	181	1	1	1	181	933	1112	5.17e-88	322
3b47b4c2-a1b4-4376-a2b0-ff21a25fe185	NR_181875.1	98.895	181	1	1	1	181	987	1166	5.17e-88	322
699e9620-aa9a-4f82-9bad-0cb91855bb2c	NR_024946.1	91.331	323	15	12	1	321	313	2	5.60e-120	429
699e9620-aa9a-4f82-9bad-0cb91855bb2c	NR_112077.1	91.331	323	15	12	1	321	323	12	5.60e-120	429
699e9620-aa9a-4f82-9bad-0cb91855bb2c	NR_148763.1	91.331	323	15	12	1	321	325	14	5.60e-120	429
699e9620-aa9a-4f82-9bad-0cb91855bb2c	NR_028619.1	91.022	323	16	12	1	321	326	15	7.25e-119	425
699e9620-aa9a-4f82-9bad-0cb91855bb2c	NR_136473.1	91.223	319	15	12	1	317	308	1	9.38e-118	422
95068045-eb35-45cb-a2b9-95792f7e4bb9	NR_179985.1	94.203	138	4	3	1	135	147	11	1.07e-53	207
95068045-eb35-45cb-a2b9-95792f7e4bb9	NR_181838.1	94.203	138	4	3	1	135	150	14	1.07e-53	207
95068045-eb35-45cb-a2b9-95792f7e4bb9	NR_126220.1	95.420	131	2	3	1	128	133	4	3.85e-53	206
95068045-eb35-45cb-a2b9-95792f7e4bb9	NR_043314.1	94.656	131	3	3	1	128	144	15	1.79e-51	200
95068045-eb35-45cb-a2b9-95792f7e4bb9	NR_104278.1	94.656	131	3	3	1	128	139	10	1.79e-51	200
ba08d605-c59e-40aa-bbe7-324f2e721134	NR_025228.1	91.870	246	9	10	1	238	243	1	3.27e-91	333
ba08d605-c59e-40aa-bbe7-324f2e721134	NR_043314.1	91.870	246	9	10	1	238	264	22	3.27e-91	333
ba08d605-c59e-40aa-bbe7-324f2e721134	NR_116899.1	92.797	236	8	8	1	230	234	2	3.27e-91	333
ba08d605-c59e-40aa-bbe7-324f2e721134	NR_181729.1	91.870	246	9	10	1	238	252	10	3.27e-91	333
ba08d605-c59e-40aa-bbe7-324f2e721134	NR_126220.1	91.463	246	10	10	1	238	253	11	1.52e-89	327
332967b6-113d-4486-8846-d13fac19a643	NR_148763.1	96.035	227	4	5	1	223	237	12	1.07e-100	364
332967b6-113d-4486-8846-d13fac19a643	NR_024946.1	96.018	226	4	5	1	222	225	1	3.86e-100	363
332967b6-113d-4486-8846-d13fac19a643	NR_112077.1	96.018	226	4	5	1	222	235	11	3.86e-100	363
332967b6-113d-4486-8846-d13fac19a643	NR_028619.1	95.575	226	5	5	1	222	238	14	4.99e-99	359
332967b6-113d-4486-8846-d13fac19a643	NR_136473.1	96.380	221	3	5	1	217	220	1	4.99e-99	359
dee0f0e4-afc4-43ae-865e-c03ac5e03525	NR_024946.1	98.655	223	1	2	7	228	241	20	1.41e-109	394
dee0f0e4-afc4-43ae-865e-c03ac5e03525	NR_112077.1	98.655	223	1	2	7	228	251	30	1.41e-109	394
dee0f0e4-afc4-43ae-865e-c03ac5e03525	NR_113578.1	98.655	223	1	2	7	228	233	12	1.41e-109	394
dee0f0e4-afc4-43ae-865e-c03ac5e03525	NR_148763.1	98.655	223	1	2	7	228	253	32	1.41e-109	394
dee0f0e4-afc4-43ae-865e-c03ac5e03525	NR_136473.1	98.655	223	1	2	7	228	236	15	1.41e-109	394
f3516a92-363c-4da7-a850-4f9ecc3bef4c	NR_179985.1	98.387	124	0	2	1	122	135	12	1.59e-56	217
f3516a92-363c-4da7-a850-4f9ecc3bef4c	NR_181838.1	98.387	124	0	2	1	122	138	15	1.59e-56	217
f3516a92-363c-4da7-a850-4f9ecc3bef4c	NR_126220.1	98.347	121	0	2	1	119	121	1	7.40e-55	211
f3516a92-363c-4da7-a850-4f9ecc3bef4c	NR_043314.1	97.561	123	1	2	1	121	132	10	2.66e-54	209
f3516a92-363c-4da7-a850-4f9ecc3bef4c	NR_104278.1	97.561	123	1	2	1	121	127	5	2.66e-54	209
3e1b1591-c735-4a6f-b620-6918258b779e	NR_024704.1	98.667	150	2	0	1	150	1311	1460	2.21e-71	267
3e1b1591-c735-4a6f-b620-6918258b779e	NR_042607.1	98.667	150	2	0	1	150	1303	1452	2.21e-71	267
3e1b1591-c735-4a6f-b620-6918258b779e	NR_074853.1	98.667	150	2	0	1	150	1331	1480	2.21e-71	267
3e1b1591-c735-4a6f-b620-6918258b779e	NR_113578.1	98.667	150	2	0	1	150	1303	1452	2.21e-71	267
3e1b1591-c735-4a6f-b620-6918258b779e	NR_113859.1	98.667	150	2	0	1	150	1302	1451	2.21e-71	267
e755f8ae-af7d-4158-9137-87165c049f85	NR_024946.1	92.233	103	4	4	1	99	335	233	2.30e-34	143
e755f8ae-af7d-4158-9137-87165c049f85	NR_025586.1	92.233	103	4	4	1	99	335	233	2.30e-34	143
e755f8ae-af7d-4158-9137-87165c049f85	NR_025587.1	92.233	103	4	4	1	99	335	233	2.30e-34	143
e755f8ae-af7d-4158-9137-87165c049f85	NR_028619.1	92.233	103	4	4	1	99	348	246	2.30e-34	143
e755f8ae-af7d-4158-9137-87165c049f85	NR_042607.1	92.233	103	4	4	1	99	327	225	2.30e-34	143
c62b0a4c-98d9-4494-b522-74b1631b527c	NR_148763.1	91.964	112	5	4	2	110	121	11	1.11e-37	154
c62b0a4c-98d9-4494-b522-74b1631b527c	NR_024946.1	91.818	110	5	4	2	108	109	1	1.44e-36	150
c62b0a4c-98d9-4494-b522-74b1631b527c	NR_025588.1	91.818	110	5	4	2	108	109	1	1.44e-36	150
c62b0a4c-98d9-4494-b522-74b1631b527c	NR_112077.1	91.818	110	5	4	2	108	119	11	1.44e-36	150
c62b0a4c-98d9-4494-b522-74b1631b527c	NR_137210.1	91.892	111	3	6	2	108	121	13	1.44e-36	150
