40582cb3-fef2-4c09-aeae-b2feac6db2b9	NR_024918.1	98.575	702	9	1	1	701	775	1476	0.0	1240
40582cb3-fef2-4c09-aeae-b2feac6db2b9	NR_116899.1	98.575	702	9	1	1	701	749	1450	0.0	1240
40582cb3-fef2-4c09-aeae-b2feac6db2b9	NR_164626.1	98.575	702	9	1	1	701	772	1473	0.0	1240
40582cb3-fef2-4c09-aeae-b2feac6db2b9	NR_178854.1	98.575	702	9	1	1	701	761	1462	0.0	1240
40582cb3-fef2-4c09-aeae-b2feac6db2b9	NR_179889.1	98.575	702	9	1	1	701	789	1490	0.0	1240
1090f695-e80e-4e57-9a23-bc82d7a56e00	NR_148763.1	96.339	1038	18	16	1	1028	1041	14	0.0	1688
1090f695-e80e-4e57-9a23-bc82d7a56e00	NR_024946.1	95.761	1038	24	16	1	1028	1029	2	0.0	1655
1090f695-e80e-4e57-9a23-bc82d7a56e00	NR_028619.1	95.665	1038	25	16	1	1028	1042	15	0.0	1652
1090f695-e80e-4e57-9a23-bc82d7a56e00	NR_136473.1	95.551	1034	26	16	1	1024	1024	1	0.0	1639
1090f695-e80e-4e57-9a23-bc82d7a56e00	NR_113578.1	95.534	1030	28	14	1	1021	1021	1	0.0	1635
001781ec-986f-46be-9b7c-ef8f0b191db5	NR_148763.1	98.551	966	7	7	5	969	527	1486	0.0	1700
001781ec-986f-46be-9b7c-ef8f0b191db5	NR_148764.1	98.447	966	8	7	5	969	527	1486	0.0	1694
001781ec-986f-46be-9b7c-ef8f0b191db5	NR_028619.1	98.344	966	7	9	5	969	528	1485	0.0	1687
001781ec-986f-46be-9b7c-ef8f0b191db5	NR_113578.1	98.337	962	9	7	5	965	507	1462	0.0	1685
001781ec-986f-46be-9b7c-ef8f0b191db5	NR_024946.1	98.526	950	7	7	5	953	515	1458	0.0	1670
b366b64c-7d73-4b96-9d84-cc4bef95e462	NR_181838.1	94.674	582	17	9	1	574	598	23	0.0	891
b366b64c-7d73-4b96-9d84-cc4bef95e462	NR_179103.1	94.502	582	18	9	1	574	599	24	0.0	885
b366b64c-7d73-4b96-9d84-cc4bef95e462	NR_179728.1	94.502	582	18	9	1	574	595	20	0.0	885
b366b64c-7d73-4b96-9d84-cc4bef95e462	NR_179985.1	94.502	582	18	9	1	574	595	20	0.0	885
b366b64c-7d73-4b96-9d84-cc4bef95e462	NR_116899.1	95.520	558	13	7	1	552	562	11	0.0	881
f04c3554-5f12-4f3c-a884-1c8d811a05b8	NR_148763.1	95.223	314	7	6	1	307	324	12	2.40e-138	490
f04c3554-5f12-4f3c-a884-1c8d811a05b8	NR_024946.1	95.208	313	7	6	1	306	312	1	8.63e-138	488
f04c3554-5f12-4f3c-a884-1c8d811a05b8	NR_112077.1	95.208	313	7	6	1	306	322	11	8.63e-138	488
f04c3554-5f12-4f3c-a884-1c8d811a05b8	NR_028619.1	94.888	313	8	6	1	306	325	14	1.12e-136	484
f04c3554-5f12-4f3c-a884-1c8d811a05b8	NR_148764.1	94.586	314	9	5	1	307	324	12	5.19e-135	479
57453f05-79fc-4c07-b179-1d10144d29b2	NR_024918.1	88.443	424	32	13	1	414	989	1405	7.20e-140	496
57453f05-79fc-4c07-b179-1d10144d29b2	NR_025227.1	88.443	424	32	13	1	414	972	1388	7.20e-140	496
57453f05-79fc-4c07-b179-1d10144d29b2	NR_043314.1	88.443	424	32	13	1	414	994	1410	7.20e-140	496
57453f05-79fc-4c07-b179-1d10144d29b2	NR_116905.1	88.443	424	32	13	1	414	997	1413	7.20e-140	496
57453f05-79fc-4c07-b179-1d10144d29b2	NR_116899.1	88.443	424	32	13	1	414	963	1379	7.20e-140	496
9876f7ed-84b3-4c07-8ec9-538ba7087705	NR_024918.1	96.766	773	11	9	1	766	714	1479	0.0	1277
9876f7ed-84b3-4c07-8ec9-538ba7087705	NR_116899.1	96.766	773	11	10	1	766	688	1453	0.0	1277
9876f7ed-84b3-4c07-8ec9-538ba7087705	NR_164626.1	96.766	773	11	9	1	766	711	1476	0.0	1277
9876f7ed-84b3-4c07-8ec9-538ba7087705	NR_179889.1	96.766	773	11	10	1	766	728	1493	0.0	1277
9876f7ed-84b3-4c07-8ec9-538ba7087705	NR_043314.1	96.641	774	11	11	1	766	718	1484	0.0	1271
f125905f-3676-4d35-a8b9-008625a13e6a	NR_042776.1	97.756	1337	15	14	1	1330	171	1499	0.0	2289
f125905f-3676-4d35-a8b9-008625a13e6a	NR_042777.1	97.681	1337	15	15	1	1330	171	1498	0.0	2283
f125905f-3676-4d35-a8b9-008625a13e6a	NR_197695.1	97.607	1337	17	14	1	1330	170	1498	0.0	2278
f125905f-3676-4d35-a8b9-008625a13e6a	NR_042778.1	97.532	1337	18	14	1	1330	171	1499	0.0	2272
f125905f-3676-4d35-a8b9-008625a13e6a	NR_118998.1	96.933	1337	25	15	1	1330	166	1493	0.0	2228
eb073a0d-a2a5-4d6c-b07a-68c018b160a9	NR_116899.1	96.439	1376	20	26	6	1361	84	1450	0.0	2242
eb073a0d-a2a5-4d6c-b07a-68c018b160a9	NR_181838.1	96.366	1376	21	26	6	1361	120	1486	0.0	2237
eb073a0d-a2a5-4d6c-b07a-68c018b160a9	NR_181703.1	96.294	1376	22	26	6	1361	124	1490	0.0	2231
eb073a0d-a2a5-4d6c-b07a-68c018b160a9	NR_180743.1	96.356	1372	21	26	6	1357	98	1460	0.0	2230
eb073a0d-a2a5-4d6c-b07a-68c018b160a9	NR_179103.1	96.221	1376	23	26	6	1361	121	1487	0.0	2226
6ea7f8e6-ee88-4ec0-adf0-eac671b51ee4	NR_024704.1	97.079	445	10	3	1	444	1033	1475	0.0	747
6ea7f8e6-ee88-4ec0-adf0-eac671b51ee4	NR_148763.1	97.079	445	10	3	1	444	1045	1487	0.0	747
6ea7f8e6-ee88-4ec0-adf0-eac671b51ee4	NR_181838.1	97.079	445	10	3	1	444	1048	1490	0.0	747
6ea7f8e6-ee88-4ec0-adf0-eac671b51ee4	NR_113578.1	97.273	440	9	3	1	439	1025	1462	0.0	743
6ea7f8e6-ee88-4ec0-adf0-eac671b51ee4	NR_148764.1	96.854	445	11	3	1	444	1045	1487	0.0	741
85c697df-9e6f-4c57-b62a-921e241672c8	NR_148763.1	95.154	454	6	12	1	447	459	15	0.0	702
85c697df-9e6f-4c57-b62a-921e241672c8	NR_024927.1	94.273	454	10	12	1	447	452	8	0.0	680
85c697df-9e6f-4c57-b62a-921e241672c8	NR_024946.1	94.457	451	9	12	4	447	444	3	0.0	680
85c697df-9e6f-4c57-b62a-921e241672c8	NR_043195.1	94.273	454	10	12	1	447	457	13	0.0	680
85c697df-9e6f-4c57-b62a-921e241672c8	NR_179227.1	94.273	454	10	12	1	447	459	15	0.0	680
e74a147c-fa91-4e98-a8f8-6d3aaaa4e2a2	NR_148763.1	97.018	436	8	5	1	434	443	11	0.0	728
e74a147c-fa91-4e98-a8f8-6d3aaaa4e2a2	NR_024946.1	97.005	434	8	5	1	432	431	1	0.0	725
e74a147c-fa91-4e98-a8f8-6d3aaaa4e2a2	NR_028619.1	96.774	434	9	5	1	432	444	14	0.0	721
e74a147c-fa91-4e98-a8f8-6d3aaaa4e2a2	NR_025586.1	96.544	434	10	5	1	432	431	1	0.0	713
e74a147c-fa91-4e98-a8f8-6d3aaaa4e2a2	NR_025587.1	96.544	434	10	5	1	432	431	1	0.0	713
860ff6ad-7fa4-4483-b2cd-62e13a39f72d	NR_148763.1	97.424	1320	15	17	4	1316	145	1452	0.0	2231
860ff6ad-7fa4-4483-b2cd-62e13a39f72d	NR_024946.1	96.970	1320	21	16	4	1316	133	1440	0.0	2198
860ff6ad-7fa4-4483-b2cd-62e13a39f72d	NR_178975.1	96.970	1320	21	17	4	1316	124	1431	0.0	2198
860ff6ad-7fa4-4483-b2cd-62e13a39f72d	NR_148764.1	96.894	1320	22	17	4	1316	145	1452	0.0	2193
860ff6ad-7fa4-4483-b2cd-62e13a39f72d	NR_113578.1	96.816	1319	25	14	4	1316	125	1432	0.0	2191
57cbe695-f2e9-4e0b-814b-7e21478a867e	NR_024901.1	96.943	229	1	4	1	228	648	871	3.95e-105	379
57cbe695-f2e9-4e0b-814b-7e21478a867e	NR_024902.1	96.943	229	1	4	1	228	650	873	3.95e-105	379
57cbe695-f2e9-4e0b-814b-7e21478a867e	NR_024911.1	96.943	229	1	4	1	228	648	871	3.95e-105	379
57cbe695-f2e9-4e0b-814b-7e21478a867e	NR_024918.1	96.943	229	1	4	1	228	648	871	3.95e-105	379
57cbe695-f2e9-4e0b-814b-7e21478a867e	NR_024927.1	96.943	229	1	4	1	228	648	871	3.95e-105	379
f0b7129a-8f35-4524-8b38-5dc9add70f9a	NR_148763.1	94.461	993	26	23	5	975	996	11	0.0	1502
f0b7129a-8f35-4524-8b38-5dc9add70f9a	NR_028619.1	93.845	991	32	23	5	973	997	14	0.0	1467
f0b7129a-8f35-4524-8b38-5dc9add70f9a	NR_024946.1	93.845	991	32	23	5	973	984	1	0.0	1465
f0b7129a-8f35-4524-8b38-5dc9add70f9a	NR_024927.1	93.643	991	34	22	5	973	989	6	0.0	1454
f0b7129a-8f35-4524-8b38-5dc9add70f9a	NR_136473.1	93.712	986	33	23	5	968	979	1	0.0	1452
6b636caa-3439-49f9-aa4b-53b5b1b02eb6	NR_024704.1	98.596	356	3	1	1	356	1314	961	5.73e-180	628
6b636caa-3439-49f9-aa4b-53b5b1b02eb6	NR_024946.1	98.596	356	3	1	1	356	1314	961	5.73e-180	628
6b636caa-3439-49f9-aa4b-53b5b1b02eb6	NR_036909.1	98.596	356	3	1	1	356	1324	971	5.73e-180	628
6b636caa-3439-49f9-aa4b-53b5b1b02eb6	NR_148763.1	98.596	356	3	1	1	356	1326	973	5.73e-180	628
6b636caa-3439-49f9-aa4b-53b5b1b02eb6	NR_148764.1	98.596	356	3	1	1	356	1326	973	5.73e-180	628
8c4d617b-8a1b-4308-a7b3-47dcc440fbe0	NR_148763.1	93.197	735	25	21	8	720	752	21	0.0	1057
8c4d617b-8a1b-4308-a7b3-47dcc440fbe0	NR_024946.1	92.381	735	31	21	8	720	740	9	0.0	1024
8c4d617b-8a1b-4308-a7b3-47dcc440fbe0	NR_113578.1	92.381	735	31	21	8	720	732	1	0.0	1024
8c4d617b-8a1b-4308-a7b3-47dcc440fbe0	NR_028619.1	92.245	735	32	21	8	720	753	22	0.0	1020
8c4d617b-8a1b-4308-a7b3-47dcc440fbe0	NR_024927.1	92.245	735	32	20	8	720	745	14	0.0	1018
c66f39e2-ac58-4597-9a76-a24dcf5f113b	NR_042776.1	94.837	1104	30	20	1	1090	1107	17	0.0	1698
c66f39e2-ac58-4597-9a76-a24dcf5f113b	NR_042777.1	94.742	1103	32	19	1	1090	1106	17	0.0	1692
c66f39e2-ac58-4597-9a76-a24dcf5f113b	NR_042778.1	94.656	1104	32	20	1	1090	1107	17	0.0	1687
c66f39e2-ac58-4597-9a76-a24dcf5f113b	NR_197695.1	94.203	1104	37	20	1	1090	1106	16	0.0	1659
c66f39e2-ac58-4597-9a76-a24dcf5f113b	NR_118998.1	93.750	1104	41	21	1	1090	1101	12	0.0	1633
9e894b6b-4ec4-4df8-a6ab-6d195add53d2	NR_029103.1	94.969	318	9	6	10	323	477	163	7.12e-139	492
9e894b6b-4ec4-4df8-a6ab-6d195add53d2	NR_024927.1	94.637	317	12	4	10	323	469	155	3.31e-137	486
9e894b6b-4ec4-4df8-a6ab-6d195add53d2	NR_025227.1	94.637	317	12	4	10	323	452	138	3.31e-137	486
9e894b6b-4ec4-4df8-a6ab-6d195add53d2	NR_114223.1	94.637	317	12	4	10	323	456	142	3.31e-137	486
9e894b6b-4ec4-4df8-a6ab-6d195add53d2	NR_116899.1	94.637	317	12	4	10	323	443	129	3.31e-137	486
6b854875-046d-403d-b06f-426ce073e1bf	NR_148763.1	92.948	1262	44	34	1	1236	244	1486	0.0	1796
6b854875-046d-403d-b06f-426ce073e1bf	NR_148764.1	92.557	1263	47	36	1	1236	244	1486	0.0	1768
6b854875-046d-403d-b06f-426ce073e1bf	NR_113578.1	92.460	1260	46	37	1	1232	224	1462	0.0	1759
6b854875-046d-403d-b06f-426ce073e1bf	NR_028619.1	92.399	1263	47	38	1	1236	245	1485	0.0	1755
6b854875-046d-403d-b06f-426ce073e1bf	NR_024946.1	92.542	1247	46	36	1	1220	232	1458	0.0	1744
