783898bf-8632-4ee8-9e9c-ecc3842c8d08	NR_148763.1	94.082	490	18	10	1	482	997	1483	0.0	734
783898bf-8632-4ee8-9e9c-ecc3842c8d08	NR_148764.1	93.878	490	19	10	1	482	997	1483	0.0	728
783898bf-8632-4ee8-9e9c-ecc3842c8d08	NR_024704.1	93.852	488	19	10	3	482	987	1471	0.0	725
783898bf-8632-4ee8-9e9c-ecc3842c8d08	NR_113578.1	93.840	487	19	10	3	481	979	1462	0.0	725
783898bf-8632-4ee8-9e9c-ecc3842c8d08	NR_181838.1	93.852	488	19	10	3	482	1002	1486	0.0	725
c2afd0ff-b6f1-48af-8812-f26c959d845a	NR_148763.1	95.021	1165	21	27	1	1141	1163	12	0.0	1796
c2afd0ff-b6f1-48af-8812-f26c959d845a	NR_024946.1	94.502	1164	27	27	1	1140	1151	1	0.0	1760
c2afd0ff-b6f1-48af-8812-f26c959d845a	NR_028619.1	94.416	1164	28	27	1	1140	1164	14	0.0	1757
c2afd0ff-b6f1-48af-8812-f26c959d845a	NR_148764.1	94.249	1165	30	27	1	1141	1163	12	0.0	1746
c2afd0ff-b6f1-48af-8812-f26c959d845a	NR_136473.1	94.305	1159	29	27	1	1135	1146	1	0.0	1742
9841312a-0aa9-4527-9cf3-5fc8c964b501	NR_024909.1	94.568	405	14	6	1	402	1082	1481	3.92e-177	619
9841312a-0aa9-4527-9cf3-5fc8c964b501	NR_024912.1	94.568	405	14	6	1	402	1082	1481	3.92e-177	619
9841312a-0aa9-4527-9cf3-5fc8c964b501	NR_024918.1	94.568	405	14	6	1	402	1082	1481	3.92e-177	619
9841312a-0aa9-4527-9cf3-5fc8c964b501	NR_028986.1	94.568	405	14	6	1	402	1069	1468	3.92e-177	619
9841312a-0aa9-4527-9cf3-5fc8c964b501	NR_028987.1	94.568	405	14	6	1	402	1069	1468	3.92e-177	619
1a04802e-223a-4c68-8b26-aab529761599	NR_114749.1	95.359	668	18	12	1	658	1274	610	0.0	1050
1a04802e-223a-4c68-8b26-aab529761599	NR_149823.1	95.210	668	19	12	1	658	1225	561	0.0	1044
1a04802e-223a-4c68-8b26-aab529761599	NR_149822.1	95.060	668	20	12	1	658	1237	573	0.0	1038
1a04802e-223a-4c68-8b26-aab529761599	NR_025228.1	95.052	667	20	12	2	658	1249	586	0.0	1037
1a04802e-223a-4c68-8b26-aab529761599	NR_043314.1	94.918	669	20	13	1	658	1272	607	0.0	1035
5a48af73-7306-4eed-af04-2653b76b8f84	NR_036936.1	92.496	1226	46	40	58	1259	268	1471	0.0	1712
5a48af73-7306-4eed-af04-2653b76b8f84	NR_109720.1	92.529	1218	45	40	58	1251	262	1457	0.0	1703
5a48af73-7306-4eed-af04-2653b76b8f84	NR_113260.1	92.251	1226	48	40	58	1259	268	1470	0.0	1694
5a48af73-7306-4eed-af04-2653b76b8f84	NR_115736.1	92.176	1227	49	40	58	1260	215	1418	0.0	1692
5a48af73-7306-4eed-af04-2653b76b8f84	NR_028833.1	91.890	1233	54	40	58	1266	295	1505	0.0	1681
c3020f14-4ee1-4f15-9254-8619312036a1	NR_024704.1	97.727	264	6	0	32	295	1008	1271	8.94e-128	455
c3020f14-4ee1-4f15-9254-8619312036a1	NR_024946.1	97.727	264	6	0	32	295	1008	1271	8.94e-128	455
c3020f14-4ee1-4f15-9254-8619312036a1	NR_036909.1	97.727	264	6	0	32	295	1018	1281	8.94e-128	455
c3020f14-4ee1-4f15-9254-8619312036a1	NR_112077.1	97.727	264	6	0	32	295	1018	1281	8.94e-128	455
c3020f14-4ee1-4f15-9254-8619312036a1	NR_113578.1	97.727	264	6	0	32	295	1000	1263	8.94e-128	455
a739f52c-56c8-4918-8e91-ce8e92591faf	NR_024927.1	95.545	1212	30	22	2	1201	1240	41	0.0	1917
a739f52c-56c8-4918-8e91-ce8e92591faf	NR_114223.1	95.545	1212	30	22	2	1201	1227	28	0.0	1917
a739f52c-56c8-4918-8e91-ce8e92591faf	NR_148763.1	95.545	1212	30	22	2	1201	1247	48	0.0	1917
a739f52c-56c8-4918-8e91-ce8e92591faf	NR_178482.1	95.380	1212	32	22	2	1201	1217	18	0.0	1906
a739f52c-56c8-4918-8e91-ce8e92591faf	NR_178342.1	95.297	1212	33	22	2	1201	1227	28	0.0	1901
04a3dd45-a05a-4d3a-9a17-26eb5c4b8770	NR_148763.1	91.431	1377	52	47	5	1336	131	1486	0.0	1829
04a3dd45-a05a-4d3a-9a17-26eb5c4b8770	NR_148764.1	91.140	1377	56	47	5	1336	131	1486	0.0	1807
04a3dd45-a05a-4d3a-9a17-26eb5c4b8770	NR_028619.1	90.995	1377	56	49	5	1336	132	1485	0.0	1794
04a3dd45-a05a-4d3a-9a17-26eb5c4b8770	NR_113578.1	91.022	1370	57	45	5	1329	111	1459	0.0	1792
04a3dd45-a05a-4d3a-9a17-26eb5c4b8770	NR_024946.1	91.109	1361	55	47	5	1320	119	1458	0.0	1783
e1daf7da-2a2f-4337-91d6-3051b595d2f5	NR_041879.1	95.918	245	7	3	1	243	570	327	1.52e-109	394
e1daf7da-2a2f-4337-91d6-3051b595d2f5	NR_115355.1	95.918	245	7	3	1	243	613	370	1.52e-109	394
e1daf7da-2a2f-4337-91d6-3051b595d2f5	NR_179325.1	95.918	245	7	3	1	243	587	344	1.52e-109	394
e1daf7da-2a2f-4337-91d6-3051b595d2f5	NR_119169.1	95.510	245	8	3	1	243	618	375	1.97e-108	390
e1daf7da-2a2f-4337-91d6-3051b595d2f5	NR_113570.1	95.510	245	8	3	1	243	620	377	7.07e-108	388
2d42ea36-512a-4ffc-8659-66e16a99906b	NR_148763.1	96.102	1334	23	21	6	1321	164	1486	0.0	2148
2d42ea36-512a-4ffc-8659-66e16a99906b	NR_148764.1	95.652	1334	29	21	6	1321	164	1486	0.0	2115
2d42ea36-512a-4ffc-8659-66e16a99906b	NR_113578.1	95.639	1330	29	21	6	1317	144	1462	0.0	2111
2d42ea36-512a-4ffc-8659-66e16a99906b	NR_028619.1	95.502	1334	29	23	6	1321	165	1485	0.0	2102
2d42ea36-512a-4ffc-8659-66e16a99906b	NR_024946.1	95.751	1318	27	21	6	1305	152	1458	0.0	2097
55f0c8de-7b2e-4999-ab94-12f48c281333	NR_179325.1	92.296	675	28	18	18	677	791	1456	0.0	937
55f0c8de-7b2e-4999-ab94-12f48c281333	NR_115354.1	92.000	675	30	18	18	677	817	1482	0.0	928
55f0c8de-7b2e-4999-ab94-12f48c281333	NR_115355.1	92.000	675	30	18	18	677	817	1482	0.0	926
55f0c8de-7b2e-4999-ab94-12f48c281333	NR_163639.1	92.000	675	29	19	18	677	833	1497	0.0	924
55f0c8de-7b2e-4999-ab94-12f48c281333	NR_074980.1	91.704	675	32	18	18	677	844	1509	0.0	915
eb1e4a0a-4b0a-4bb7-90b9-8d6efb0f4c3c	NR_148763.1	92.780	651	18	18	23	651	841	1484	0.0	915
eb1e4a0a-4b0a-4bb7-90b9-8d6efb0f4c3c	NR_148764.1	92.627	651	19	18	23	651	841	1484	0.0	909
eb1e4a0a-4b0a-4bb7-90b9-8d6efb0f4c3c	NR_181838.1	92.473	651	20	18	23	651	844	1487	0.0	904
eb1e4a0a-4b0a-4bb7-90b9-8d6efb0f4c3c	NR_113578.1	92.450	649	20	18	23	649	821	1462	0.0	902
eb1e4a0a-4b0a-4bb7-90b9-8d6efb0f4c3c	NR_179985.1	92.320	651	21	18	23	651	841	1484	0.0	898
0f52d2c9-63f3-4174-be75-5ee83dcc532f	NR_024946.1	92.020	401	11	19	1	392	1381	993	2.48e-154	544
0f52d2c9-63f3-4174-be75-5ee83dcc532f	NR_148763.1	92.020	401	11	19	1	392	1393	1005	2.48e-154	544
0f52d2c9-63f3-4174-be75-5ee83dcc532f	NR_148764.1	92.020	401	11	19	1	392	1393	1005	2.48e-154	544
0f52d2c9-63f3-4174-be75-5ee83dcc532f	NR_117552.1	92.020	401	11	19	1	392	1373	985	2.48e-154	544
0f52d2c9-63f3-4174-be75-5ee83dcc532f	NR_136473.1	92.020	401	11	19	1	392	1376	988	2.48e-154	544
d9800346-c535-46b8-b11d-bcbc23d8fc02	NR_116168.1	92.456	570	27	13	1	560	645	82	0.0	800
d9800346-c535-46b8-b11d-bcbc23d8fc02	NR_042878.1	92.105	570	29	13	1	560	624	61	0.0	797
d9800346-c535-46b8-b11d-bcbc23d8fc02	NR_118762.1	90.526	570	38	13	1	560	648	85	0.0	758
d9800346-c535-46b8-b11d-bcbc23d8fc02	NR_025423.1	90.265	565	41	13	5	560	625	66	0.0	726
d9800346-c535-46b8-b11d-bcbc23d8fc02	NR_042871.1	88.380	568	54	10	1	560	626	63	0.0	684
f29d8f75-4961-4456-ad96-8efac8f665de	NR_024842.1	94.308	896	27	20	1	879	601	1489	0.0	1351
f29d8f75-4961-4456-ad96-8efac8f665de	NR_115735.1	94.302	895	27	20	1	878	577	1464	0.0	1349
f29d8f75-4961-4456-ad96-8efac8f665de	NR_036936.1	94.065	893	28	22	1	875	586	1471	0.0	1332
f29d8f75-4961-4456-ad96-8efac8f665de	NR_115241.1	93.946	892	30	20	1	875	586	1470	0.0	1332
f29d8f75-4961-4456-ad96-8efac8f665de	NR_165737.1	94.065	893	28	22	1	875	586	1471	0.0	1332
46082a6a-0aeb-4d50-9f11-1681e13c0bff	NR_043314.1	97.194	392	9	2	11	401	400	10	0.0	662
46082a6a-0aeb-4d50-9f11-1681e13c0bff	NR_179985.1	96.954	394	10	2	11	403	403	11	0.0	660
46082a6a-0aeb-4d50-9f11-1681e13c0bff	NR_181838.1	96.954	394	10	2	11	403	406	14	0.0	660
46082a6a-0aeb-4d50-9f11-1681e13c0bff	NR_181729.1	97.172	389	9	2	11	398	388	1	0.0	656
46082a6a-0aeb-4d50-9f11-1681e13c0bff	NR_179103.1	96.701	394	11	2	11	403	407	15	0.0	654
3a4813c7-26e8-4352-a88e-10523818dea3	NR_148763.1	95.564	1375	19	34	1	1344	1374	11	0.0	2163
3a4813c7-26e8-4352-a88e-10523818dea3	NR_024946.1	95.120	1373	25	34	1	1342	1362	1	0.0	2126
3a4813c7-26e8-4352-a88e-10523818dea3	NR_028619.1	94.975	1373	26	34	1	1342	1374	14	0.0	2113
3a4813c7-26e8-4352-a88e-10523818dea3	NR_136473.1	95.029	1368	26	34	1	1337	1357	1	0.0	2111
3a4813c7-26e8-4352-a88e-10523818dea3	NR_148764.1	94.836	1375	29	34	1	1344	1374	11	0.0	2108
fa8497e2-6f8e-4454-b5e4-fcd06b9b4d29	NR_024842.1	96.143	1037	28	12	1	1026	1044	9	0.0	1687
fa8497e2-6f8e-4454-b5e4-fcd06b9b4d29	NR_115241.1	96.117	1030	28	12	1	1019	1029	1	0.0	1674
fa8497e2-6f8e-4454-b5e4-fcd06b9b4d29	NR_178515.1	96.023	1031	27	14	1	1019	1029	1	0.0	1664
fa8497e2-6f8e-4454-b5e4-fcd06b9b4d29	NR_115735.1	96.278	1021	25	13	1	1009	1020	1	0.0	1663
fa8497e2-6f8e-4454-b5e4-fcd06b9b4d29	NR_165737.1	95.829	1031	29	14	1	1019	1029	1	0.0	1653
99f8c470-efaa-412a-a78f-bc5bb8d75335	NR_148763.1	90.189	581	30	23	4	572	918	353	0.0	732
99f8c470-efaa-412a-a78f-bc5bb8d75335	NR_024927.1	89.329	581	35	23	4	572	911	346	0.0	704
99f8c470-efaa-412a-a78f-bc5bb8d75335	NR_024946.1	89.329	581	35	23	4	572	906	341	0.0	704
99f8c470-efaa-412a-a78f-bc5bb8d75335	NR_025227.1	89.329	581	35	23	4	572	894	329	0.0	704
99f8c470-efaa-412a-a78f-bc5bb8d75335	NR_025550.1	89.329	581	35	23	4	572	900	335	0.0	704
8b82ebb1-0d80-424b-b0b0-62bb9d079896	NR_148763.1	92.863	1163	44	33	1	1137	1393	244	0.0	1652
8b82ebb1-0d80-424b-b0b0-62bb9d079896	NR_148764.1	92.519	1163	48	34	1	1137	1393	244	0.0	1629
8b82ebb1-0d80-424b-b0b0-62bb9d079896	NR_178975.1	92.519	1163	48	34	1	1137	1372	223	0.0	1629
8b82ebb1-0d80-424b-b0b0-62bb9d079896	NR_024946.1	92.433	1163	49	33	1	1137	1381	232	0.0	1624
8b82ebb1-0d80-424b-b0b0-62bb9d079896	NR_028619.1	92.433	1163	48	35	1	1137	1393	245	0.0	1624
538a50b8-0c2f-4f1a-8566-fc7ab8c7446d	NR_116899.1	96.400	500	13	5	1	496	119	617	0.0	819
538a50b8-0c2f-4f1a-8566-fc7ab8c7446d	NR_024927.1	96.393	499	13	5	2	496	146	643	0.0	817
538a50b8-0c2f-4f1a-8566-fc7ab8c7446d	NR_025227.1	96.393	499	13	5	2	496	129	626	0.0	817
538a50b8-0c2f-4f1a-8566-fc7ab8c7446d	NR_114223.1	96.393	499	13	5	2	496	133	630	0.0	817
538a50b8-0c2f-4f1a-8566-fc7ab8c7446d	NR_148763.1	96.393	499	13	5	2	496	153	650	0.0	817
ab05c6e2-2d23-4a0d-814c-d8b43b18a7a2	NR_148763.1	98.551	897	3	7	1	894	599	1488	0.0	1576
ab05c6e2-2d23-4a0d-814c-d8b43b18a7a2	NR_148764.1	98.439	897	4	7	1	894	599	1488	0.0	1570
ab05c6e2-2d23-4a0d-814c-d8b43b18a7a2	NR_028619.1	98.216	897	4	9	1	894	600	1487	0.0	1557
ab05c6e2-2d23-4a0d-814c-d8b43b18a7a2	NR_113578.1	98.316	891	5	7	1	888	579	1462	0.0	1557
ab05c6e2-2d23-4a0d-814c-d8b43b18a7a2	NR_024946.1	98.853	872	3	5	1	869	587	1454	0.0	1548
8f0ecbfa-52b0-4cc5-beed-7462c9732697	NR_028986.1	94.059	606	17	14	6	596	862	1463	0.0	902
8f0ecbfa-52b0-4cc5-beed-7462c9732697	NR_042199.1	94.059	606	17	14	6	596	862	1463	0.0	902
8f0ecbfa-52b0-4cc5-beed-7462c9732697	NR_114225.1	94.050	605	17	14	6	595	862	1462	0.0	902
8f0ecbfa-52b0-4cc5-beed-7462c9732697	NR_117821.1	94.059	606	17	14	6	596	834	1435	0.0	902
8f0ecbfa-52b0-4cc5-beed-7462c9732697	NR_114749.1	94.059	606	17	14	6	596	882	1483	0.0	902
1473fbfe-e397-41bb-8e9a-0dc0a973b0c0	NR_181838.1	97.209	1218	18	12	1	1205	1228	14	0.0	2047
1473fbfe-e397-41bb-8e9a-0dc0a973b0c0	NR_179985.1	97.126	1218	19	12	1	1205	1225	11	0.0	2041
1473fbfe-e397-41bb-8e9a-0dc0a973b0c0	NR_179103.1	97.044	1218	20	12	1	1205	1229	15	0.0	2036
1473fbfe-e397-41bb-8e9a-0dc0a973b0c0	NR_179728.1	97.044	1218	20	12	1	1205	1225	11	0.0	2036
1473fbfe-e397-41bb-8e9a-0dc0a973b0c0	NR_181703.1	96.962	1218	21	12	1	1205	1232	18	0.0	2030
f24ea971-ef8e-4ef1-b41e-a53423afe168	NR_116168.1	98.384	557	5	4	103	657	933	1487	0.0	976
f24ea971-ef8e-4ef1-b41e-a53423afe168	NR_118762.1	97.822	551	8	4	103	651	935	1483	0.0	955
f24ea971-ef8e-4ef1-b41e-a53423afe168	NR_025423.1	95.856	555	17	6	103	654	917	1468	0.0	893
f24ea971-ef8e-4ef1-b41e-a53423afe168	NR_024897.1	95.349	559	18	8	103	657	932	1486	0.0	881
f24ea971-ef8e-4ef1-b41e-a53423afe168	NR_181418.1	95.009	561	16	10	103	657	932	1486	0.0	870
39b02d6b-e4ee-40ec-be47-19c7c6c8c2a7	NR_043314.1	92.241	1031	48	24	6	1018	470	1486	0.0	1432
39b02d6b-e4ee-40ec-be47-19c7c6c8c2a7	NR_116899.1	92.136	1030	50	23	6	1018	440	1455	0.0	1424
39b02d6b-e4ee-40ec-be47-19c7c6c8c2a7	NR_179889.1	92.136	1030	50	23	6	1018	480	1495	0.0	1424
39b02d6b-e4ee-40ec-be47-19c7c6c8c2a7	NR_024918.1	92.039	1030	51	23	6	1018	466	1481	0.0	1419
39b02d6b-e4ee-40ec-be47-19c7c6c8c2a7	NR_025228.1	92.262	1021	48	23	6	1009	449	1455	0.0	1419
e6f02092-5a8b-40fb-b7fe-34c79127951d	NR_148763.1	95.596	772	13	18	1	758	786	22	0.0	1218
e6f02092-5a8b-40fb-b7fe-34c79127951d	NR_024946.1	95.078	772	17	18	1	758	774	10	0.0	1195
e6f02092-5a8b-40fb-b7fe-34c79127951d	NR_113578.1	95.078	772	17	18	1	758	766	2	0.0	1195
e6f02092-5a8b-40fb-b7fe-34c79127951d	NR_028619.1	94.948	772	18	18	1	758	787	23	0.0	1192
e6f02092-5a8b-40fb-b7fe-34c79127951d	NR_136473.1	94.819	772	19	18	1	758	769	5	0.0	1186
16b995de-aea0-40ba-9388-95f44135169f	NR_117425.1	95.682	741	17	14	1	733	734	1	0.0	1177
16b995de-aea0-40ba-9388-95f44135169f	NR_024842.1	94.511	747	26	14	1	739	746	7	0.0	1142
16b995de-aea0-40ba-9388-95f44135169f	NR_024841.1	94.378	747	27	14	1	739	745	6	0.0	1133
16b995de-aea0-40ba-9388-95f44135169f	NR_115241.1	94.715	738	24	14	1	730	731	1	0.0	1133
16b995de-aea0-40ba-9388-95f44135169f	NR_042771.1	94.094	745	31	12	1	739	749	12	0.0	1120
89ec26d1-d276-4898-b346-913ed01342d5	NR_148763.1	95.344	988	29	14	1	974	996	12	0.0	1554
89ec26d1-d276-4898-b346-913ed01342d5	NR_024946.1	95.040	988	30	16	1	973	984	1	0.0	1535
89ec26d1-d276-4898-b346-913ed01342d5	NR_028619.1	94.939	988	31	16	1	973	997	14	0.0	1531
89ec26d1-d276-4898-b346-913ed01342d5	NR_113578.1	95.000	980	30	16	1	965	976	1	0.0	1520
89ec26d1-d276-4898-b346-913ed01342d5	NR_136473.1	94.812	983	32	16	1	968	979	1	0.0	1517
f14b54f7-af75-4a37-93af-91413fcb4f14	NR_043314.1	90.877	285	8	16	1	270	1458	1177	3.68e-101	366
f14b54f7-af75-4a37-93af-91413fcb4f14	NR_114225.1	90.877	285	8	16	1	270	1440	1159	3.68e-101	366
f14b54f7-af75-4a37-93af-91413fcb4f14	NR_114749.1	90.877	285	8	16	1	270	1460	1179	3.68e-101	366
f14b54f7-af75-4a37-93af-91413fcb4f14	NR_116899.1	90.877	285	8	16	1	270	1427	1146	3.68e-101	366
f14b54f7-af75-4a37-93af-91413fcb4f14	NR_178854.1	90.877	285	8	16	1	270	1439	1158	3.68e-101	366
1a5b65f8-ff3d-4a07-8c93-b9e8635b079d	NR_148763.1	95.238	588	12	11	2	579	819	238	0.0	917
1a5b65f8-ff3d-4a07-8c93-b9e8635b079d	NR_118155.1	94.558	588	16	11	2	579	822	241	0.0	894
1a5b65f8-ff3d-4a07-8c93-b9e8635b079d	NR_024927.1	94.218	588	18	11	2	579	812	231	0.0	883
1a5b65f8-ff3d-4a07-8c93-b9e8635b079d	NR_024946.1	94.218	588	18	11	2	579	807	226	0.0	883
1a5b65f8-ff3d-4a07-8c93-b9e8635b079d	NR_025227.1	94.218	588	18	11	2	579	795	214	0.0	883
635f1424-a660-4fcb-bab0-859d4158fec5	NR_024918.1	94.545	495	20	6	1	492	989	1479	0.0	758
635f1424-a660-4fcb-bab0-859d4158fec5	NR_043314.1	94.545	495	20	6	1	492	994	1484	0.0	758
635f1424-a660-4fcb-bab0-859d4158fec5	NR_116899.1	94.545	495	20	6	1	492	963	1453	0.0	758
635f1424-a660-4fcb-bab0-859d4158fec5	NR_164626.1	94.545	495	20	6	1	492	986	1476	0.0	758
635f1424-a660-4fcb-bab0-859d4158fec5	NR_178854.1	94.545	495	20	6	1	492	975	1465	0.0	758
45e016eb-091f-4147-9363-61a3fc7baa95	NR_024946.1	97.152	913	8	13	1	903	1381	477	0.0	1526
45e016eb-091f-4147-9363-61a3fc7baa95	NR_148763.1	97.152	913	8	13	1	903	1393	489	0.0	1526
45e016eb-091f-4147-9363-61a3fc7baa95	NR_148764.1	97.152	913	8	13	1	903	1393	489	0.0	1526
45e016eb-091f-4147-9363-61a3fc7baa95	NR_117552.1	97.152	913	8	13	1	903	1373	469	0.0	1526
45e016eb-091f-4147-9363-61a3fc7baa95	NR_136473.1	97.152	913	8	13	1	903	1376	472	0.0	1526
904bc0f0-7812-43e9-8f39-a57e4344a518	NR_024946.1	95.471	552	12	11	6	546	1210	661	0.0	869
904bc0f0-7812-43e9-8f39-a57e4344a518	NR_148763.1	95.471	552	12	11	6	546	1222	673	0.0	869
904bc0f0-7812-43e9-8f39-a57e4344a518	NR_148764.1	95.471	552	12	11	6	546	1222	673	0.0	869
904bc0f0-7812-43e9-8f39-a57e4344a518	NR_117552.1	95.471	552	12	11	6	546	1202	653	0.0	869
904bc0f0-7812-43e9-8f39-a57e4344a518	NR_136473.1	95.471	552	12	11	6	546	1205	656	0.0	869
62a5bd6e-4597-482c-80f7-788a7da2fa36	NR_148763.1	94.070	995	26	23	1	968	1000	12	0.0	1480
62a5bd6e-4597-482c-80f7-788a7da2fa36	NR_024946.1	93.461	994	32	23	1	967	988	1	0.0	1445
62a5bd6e-4597-482c-80f7-788a7da2fa36	NR_028619.1	93.360	994	33	23	1	967	1001	14	0.0	1441
62a5bd6e-4597-482c-80f7-788a7da2fa36	NR_148764.1	93.266	995	34	22	1	968	1000	12	0.0	1435
62a5bd6e-4597-482c-80f7-788a7da2fa36	NR_113578.1	93.408	986	32	23	1	959	980	1	0.0	1432
16611bbf-9cde-40df-b1b0-216aef5cb007	NR_148763.1	92.269	1397	54	42	1	1358	1394	13	0.0	1932
16611bbf-9cde-40df-b1b0-216aef5cb007	NR_024946.1	91.911	1397	59	42	1	1358	1382	1	0.0	1905
16611bbf-9cde-40df-b1b0-216aef5cb007	NR_136473.1	91.810	1392	60	42	1	1353	1377	1	0.0	1892
16611bbf-9cde-40df-b1b0-216aef5cb007	NR_028619.1	91.696	1397	61	43	1	1358	1394	14	0.0	1888
16611bbf-9cde-40df-b1b0-216aef5cb007	NR_113578.1	91.721	1389	61	42	1	1350	1374	1	0.0	1881
d6f81d95-4f8a-4975-881a-22462a88af9e	NR_148763.1	92.963	540	11	19	1	522	953	1483	0.0	761
d6f81d95-4f8a-4975-881a-22462a88af9e	NR_024704.1	92.778	540	12	19	1	522	941	1471	0.0	756
d6f81d95-4f8a-4975-881a-22462a88af9e	NR_113578.1	92.764	539	12	19	1	521	933	1462	0.0	756
d6f81d95-4f8a-4975-881a-22462a88af9e	NR_148764.1	92.778	540	12	19	1	522	953	1483	0.0	756
d6f81d95-4f8a-4975-881a-22462a88af9e	NR_181838.1	92.778	540	12	19	1	522	956	1486	0.0	756
b490cb27-6742-4f7f-a0ec-e240da4a5ca1	NR_181838.1	96.840	538	10	7	1	534	558	24	0.0	893
b490cb27-6742-4f7f-a0ec-e240da4a5ca1	NR_179103.1	96.654	538	11	7	1	534	559	25	0.0	887
b490cb27-6742-4f7f-a0ec-e240da4a5ca1	NR_179728.1	96.654	538	11	7	1	534	555	21	0.0	887
b490cb27-6742-4f7f-a0ec-e240da4a5ca1	NR_180743.1	96.654	538	11	7	1	534	536	2	0.0	887
b490cb27-6742-4f7f-a0ec-e240da4a5ca1	NR_116899.1	97.333	525	7	7	1	521	522	1	0.0	885
fc64680c-cc1d-4f45-8af2-3faa9c499050	NR_179103.1	97.531	648	10	4	5	650	658	15	0.0	1103
fc64680c-cc1d-4f45-8af2-3faa9c499050	NR_179728.1	97.531	648	10	4	5	650	654	11	0.0	1103
fc64680c-cc1d-4f45-8af2-3faa9c499050	NR_179985.1	97.531	648	10	4	5	650	654	11	0.0	1103
fc64680c-cc1d-4f45-8af2-3faa9c499050	NR_181838.1	97.531	648	10	4	5	650	657	14	0.0	1103
fc64680c-cc1d-4f45-8af2-3faa9c499050	NR_181703.1	97.222	648	12	4	5	650	661	18	0.0	1092
5d3e8a18-b9fa-4850-826a-1e333e0bda11	NR_148763.1	89.960	498	26	17	1	488	1003	1486	1.34e-177	621
5d3e8a18-b9fa-4850-826a-1e333e0bda11	NR_024704.1	90.041	492	26	16	6	488	997	1474	6.23e-176	616
5d3e8a18-b9fa-4850-826a-1e333e0bda11	NR_148764.1	89.759	498	27	17	1	488	1003	1486	6.23e-176	616
5d3e8a18-b9fa-4850-826a-1e333e0bda11	NR_181838.1	90.041	492	26	16	6	488	1012	1489	6.23e-176	616
5d3e8a18-b9fa-4850-826a-1e333e0bda11	NR_024909.1	89.537	497	30	15	1	488	996	1479	2.90e-174	610
02eca4f9-38e9-4988-98e2-cbb7ea98493a	NR_181838.1	94.938	1205	39	16	16	1203	1222	23	0.0	1868
02eca4f9-38e9-4988-98e2-cbb7ea98493a	NR_179985.1	94.855	1205	40	16	16	1203	1219	20	0.0	1862
02eca4f9-38e9-4988-98e2-cbb7ea98493a	NR_126220.1	94.772	1205	41	16	16	1203	1205	6	0.0	1857
02eca4f9-38e9-4988-98e2-cbb7ea98493a	NR_179103.1	94.772	1205	41	16	16	1203	1223	24	0.0	1857
02eca4f9-38e9-4988-98e2-cbb7ea98493a	NR_179728.1	94.772	1205	41	16	16	1203	1219	20	0.0	1857
5475301e-7cef-4f4a-956b-2a34ad58239e	NR_148763.1	94.612	1225	37	26	6	1209	270	1486	0.0	1869
5475301e-7cef-4f4a-956b-2a34ad58239e	NR_113578.1	94.185	1221	42	26	6	1205	250	1462	0.0	1838
5475301e-7cef-4f4a-956b-2a34ad58239e	NR_148764.1	94.122	1225	43	26	6	1209	270	1486	0.0	1836
5475301e-7cef-4f4a-956b-2a34ad58239e	NR_028619.1	94.118	1224	43	26	6	1209	271	1485	0.0	1834
5475301e-7cef-4f4a-956b-2a34ad58239e	NR_024946.1	94.293	1209	40	26	6	1193	258	1458	0.0	1823
77af8855-3d93-44b6-9644-e2f87b02c2ea	NR_148763.1	96.419	726	13	13	5	722	996	276	0.0	1184
77af8855-3d93-44b6-9644-e2f87b02c2ea	NR_024927.1	95.592	726	19	13	5	722	989	269	0.0	1151
77af8855-3d93-44b6-9644-e2f87b02c2ea	NR_024946.1	95.592	726	19	13	5	722	984	264	0.0	1151
77af8855-3d93-44b6-9644-e2f87b02c2ea	NR_025227.1	95.592	726	19	13	5	722	972	252	0.0	1151
77af8855-3d93-44b6-9644-e2f87b02c2ea	NR_028619.1	95.592	726	19	13	5	722	997	277	0.0	1151
63745787-f33b-45d5-8c0e-60160e6b59ee	NR_148763.1	94.413	1235	39	23	6	1227	270	1487	0.0	1871
63745787-f33b-45d5-8c0e-60160e6b59ee	NR_148764.1	93.927	1235	45	23	6	1227	270	1487	0.0	1838
63745787-f33b-45d5-8c0e-60160e6b59ee	NR_113578.1	93.984	1230	44	23	6	1222	250	1462	0.0	1836
63745787-f33b-45d5-8c0e-60160e6b59ee	NR_028619.1	93.765	1235	45	25	6	1227	271	1486	0.0	1825
63745787-f33b-45d5-8c0e-60160e6b59ee	NR_024946.1	94.011	1219	41	25	6	1210	258	1458	0.0	1818
