60053184-bf8d-4dcf-a70e-f4c866bf9258	NR_148763.1	96.784	684	7	13	1	676	687	11	0.0	1127
60053184-bf8d-4dcf-a70e-f4c866bf9258	NR_024946.1	95.894	682	13	13	1	674	675	1	0.0	1090
60053184-bf8d-4dcf-a70e-f4c866bf9258	NR_024927.1	95.748	682	14	13	1	674	680	6	0.0	1085
60053184-bf8d-4dcf-a70e-f4c866bf9258	NR_028619.1	95.748	682	14	12	1	674	688	14	0.0	1085
60053184-bf8d-4dcf-a70e-f4c866bf9258	NR_148764.1	95.468	684	16	13	1	676	687	11	0.0	1077
0b54a349-d010-4837-a33e-b1f1e68cd13b	NR_044873.1	98.118	372	6	1	1	372	377	7	0.0	647
0b54a349-d010-4837-a33e-b1f1e68cd13b	NR_074568.1	97.312	372	9	1	1	372	388	18	1.69e-180	630
0b54a349-d010-4837-a33e-b1f1e68cd13b	NR_044712.2	96.505	372	12	1	1	372	397	27	3.67e-177	619
0b54a349-d010-4837-a33e-b1f1e68cd13b	NR_109752.1	94.638	373	18	2	1	372	399	28	2.24e-164	577
0b54a349-d010-4837-a33e-b1f1e68cd13b	NR_179993.1	94.211	380	19	3	1	378	389	11	2.24e-164	577
46e1684b-dba9-4b12-be9a-2ec3617ac564	NR_179103.1	94.854	991	32	16	4	979	1001	15	0.0	1530
46e1684b-dba9-4b12-be9a-2ec3617ac564	NR_179728.1	94.854	991	32	16	4	979	997	11	0.0	1530
46e1684b-dba9-4b12-be9a-2ec3617ac564	NR_179985.1	94.854	991	32	16	4	979	997	11	0.0	1530
46e1684b-dba9-4b12-be9a-2ec3617ac564	NR_181838.1	94.854	991	32	16	4	979	1000	14	0.0	1530
46e1684b-dba9-4b12-be9a-2ec3617ac564	NR_181703.1	94.652	991	34	16	4	979	1004	18	0.0	1519
d6c4bd95-2e47-4d73-bc4e-20aa7a16cbcf	NR_024704.1	98.616	289	2	1	1	287	1184	1472	1.73e-144	510
d6c4bd95-2e47-4d73-bc4e-20aa7a16cbcf	NR_148763.1	98.616	289	2	1	1	287	1196	1484	1.73e-144	510
d6c4bd95-2e47-4d73-bc4e-20aa7a16cbcf	NR_179985.1	98.616	289	2	1	1	287	1196	1484	1.73e-144	510
d6c4bd95-2e47-4d73-bc4e-20aa7a16cbcf	NR_181703.1	98.616	289	2	1	1	287	1203	1491	1.73e-144	510
d6c4bd95-2e47-4d73-bc4e-20aa7a16cbcf	NR_181838.1	98.616	289	2	1	1	287	1199	1487	1.73e-144	510
f0b3604a-3f4f-4e11-a6e7-17a2bb8609ef	NR_148763.1	96.407	1336	29	13	1	1325	161	1488	0.0	2183
f0b3604a-3f4f-4e11-a6e7-17a2bb8609ef	NR_148764.1	95.883	1336	36	13	1	1325	161	1488	0.0	2145
f0b3604a-3f4f-4e11-a6e7-17a2bb8609ef	NR_028619.1	95.880	1335	36	13	1	1325	162	1487	0.0	2143
f0b3604a-3f4f-4e11-a6e7-17a2bb8609ef	NR_113578.1	95.865	1330	36	13	1	1319	141	1462	0.0	2137
f0b3604a-3f4f-4e11-a6e7-17a2bb8609ef	NR_024946.1	95.979	1318	34	13	1	1307	149	1458	0.0	2122
0fd433f6-702d-414a-9e10-9602118264d6	NR_028664.1	95.278	826	19	14	1	814	679	1496	0.0	1291
0fd433f6-702d-414a-9e10-9602118264d6	NR_179540.1	95.278	826	18	16	1	814	676	1492	0.0	1290
0fd433f6-702d-414a-9e10-9602118264d6	NR_117719.1	95.157	826	20	14	1	814	676	1493	0.0	1286
0fd433f6-702d-414a-9e10-9602118264d6	NR_115240.1	95.255	822	19	14	1	810	656	1469	0.0	1284
0fd433f6-702d-414a-9e10-9602118264d6	NR_042928.1	95.255	822	18	16	1	810	656	1468	0.0	1282
53dda219-95ac-49be-8120-49f9c0ab5291	NR_179985.1	95.312	960	24	17	1	947	962	11	0.0	1504
53dda219-95ac-49be-8120-49f9c0ab5291	NR_181838.1	95.312	960	24	17	1	947	965	14	0.0	1504
53dda219-95ac-49be-8120-49f9c0ab5291	NR_179103.1	95.208	960	25	17	1	947	966	15	0.0	1498
53dda219-95ac-49be-8120-49f9c0ab5291	NR_179728.1	95.208	960	25	17	1	947	962	11	0.0	1498
53dda219-95ac-49be-8120-49f9c0ab5291	NR_181703.1	95.104	960	26	17	1	947	969	18	0.0	1493
efa5334a-e2d3-431a-8999-11d8384fbf06	NR_115241.1	97.619	420	9	1	1	419	463	44	0.0	719
efa5334a-e2d3-431a-8999-11d8384fbf06	NR_024842.1	97.381	420	10	1	1	419	478	59	0.0	715
efa5334a-e2d3-431a-8999-11d8384fbf06	NR_115735.1	97.387	421	9	2	1	419	454	34	0.0	715
efa5334a-e2d3-431a-8999-11d8384fbf06	NR_117425.1	98.237	397	6	1	1	396	466	70	0.0	693
efa5334a-e2d3-431a-8999-11d8384fbf06	NR_178515.1	96.437	421	12	3	1	419	463	44	0.0	691
742cd18f-d7b4-4ebd-93c0-70fc2ba465e0	NR_074980.1	95.545	651	20	8	4	650	658	13	0.0	1033
742cd18f-d7b4-4ebd-93c0-70fc2ba465e0	NR_113031.1	95.545	651	20	8	4	650	658	13	0.0	1033
742cd18f-d7b4-4ebd-93c0-70fc2ba465e0	NR_163639.1	95.420	655	18	11	1	651	650	4	0.0	1033
742cd18f-d7b4-4ebd-93c0-70fc2ba465e0	NR_119169.1	95.497	644	20	8	1	640	639	1	0.0	1024
742cd18f-d7b4-4ebd-93c0-70fc2ba465e0	NR_119168.1	95.632	641	19	8	4	640	636	1	0.0	1020
f51afa4f-d50b-4556-b8b0-d60a918bbff8	NR_148763.1	91.563	806	33	26	1	791	796	11	0.0	1079
f51afa4f-d50b-4556-b8b0-d60a918bbff8	NR_024946.1	90.796	804	39	26	1	789	784	1	0.0	1042
f51afa4f-d50b-4556-b8b0-d60a918bbff8	NR_028619.1	90.672	804	40	26	1	789	797	14	0.0	1038
f51afa4f-d50b-4556-b8b0-d60a918bbff8	NR_024927.1	90.423	804	42	26	1	789	789	6	0.0	1026
f51afa4f-d50b-4556-b8b0-d60a918bbff8	NR_114223.1	90.327	796	42	26	1	781	776	1	0.0	1011
59fca9e6-8845-4be4-9632-cf730a38db9f	NR_179103.1	96.791	966	17	11	1	956	979	18	0.0	1600
59fca9e6-8845-4be4-9632-cf730a38db9f	NR_179728.1	96.791	966	17	11	1	956	975	14	0.0	1600
59fca9e6-8845-4be4-9632-cf730a38db9f	NR_179985.1	96.791	966	17	11	1	956	975	14	0.0	1600
59fca9e6-8845-4be4-9632-cf730a38db9f	NR_181838.1	96.791	966	17	11	1	956	978	17	0.0	1600
59fca9e6-8845-4be4-9632-cf730a38db9f	NR_181729.1	96.680	964	18	11	1	954	960	1	0.0	1591
c9b4bc8f-ee11-4f03-8902-f2e0749de1c0	NR_149823.1	87.175	616	48	26	2	601	209	809	0.0	671
c9b4bc8f-ee11-4f03-8902-f2e0749de1c0	NR_024946.1	87.013	616	49	26	2	601	246	846	0.0	665
c9b4bc8f-ee11-4f03-8902-f2e0749de1c0	NR_028619.1	87.013	616	49	26	2	601	259	859	0.0	665
c9b4bc8f-ee11-4f03-8902-f2e0749de1c0	NR_113578.1	87.013	616	49	26	2	601	238	838	0.0	665
c9b4bc8f-ee11-4f03-8902-f2e0749de1c0	NR_148764.1	87.013	616	49	26	2	601	258	858	0.0	665
9e659213-23d9-441c-b69b-1b7b9fcd7dcc	NR_024918.1	95.316	491	11	9	14	500	994	1476	0.0	769
9e659213-23d9-441c-b69b-1b7b9fcd7dcc	NR_043314.1	95.316	491	11	9	14	500	999	1481	0.0	769
9e659213-23d9-441c-b69b-1b7b9fcd7dcc	NR_116899.1	95.316	491	11	9	14	500	968	1450	0.0	769
9e659213-23d9-441c-b69b-1b7b9fcd7dcc	NR_164626.1	95.316	491	11	9	14	500	991	1473	0.0	769
9e659213-23d9-441c-b69b-1b7b9fcd7dcc	NR_178854.1	95.316	491	11	9	14	500	980	1462	0.0	769
d1e69851-bf2d-4cb5-8a44-56f7ab4a8941	NR_024927.1	93.107	1088	42	29	1	1069	1227	154	0.0	1563
d1e69851-bf2d-4cb5-8a44-56f7ab4a8941	NR_025227.1	93.119	1090	38	32	1	1069	1210	137	0.0	1563
d1e69851-bf2d-4cb5-8a44-56f7ab4a8941	NR_114223.1	93.107	1088	42	29	1	1069	1214	141	0.0	1563
d1e69851-bf2d-4cb5-8a44-56f7ab4a8941	NR_116899.1	93.107	1088	42	29	1	1069	1201	128	0.0	1563
d1e69851-bf2d-4cb5-8a44-56f7ab4a8941	NR_036830.1	93.008	1087	45	27	1	1069	1196	123	0.0	1557
f937b8cd-6513-41da-9ea4-ed5d7f1687af	NR_024918.1	95.908	782	27	4	1	778	699	1479	0.0	1262
f937b8cd-6513-41da-9ea4-ed5d7f1687af	NR_116899.1	95.908	782	27	4	1	778	673	1453	0.0	1262
f937b8cd-6513-41da-9ea4-ed5d7f1687af	NR_164626.1	95.908	782	27	4	1	778	696	1476	0.0	1262
f937b8cd-6513-41da-9ea4-ed5d7f1687af	NR_179889.1	95.908	782	27	4	1	778	713	1493	0.0	1262
f937b8cd-6513-41da-9ea4-ed5d7f1687af	NR_043314.1	95.785	783	27	5	1	778	703	1484	0.0	1258
91240397-521b-4934-a79c-40095b6e55c4	NR_148763.1	97.891	1375	14	13	1	1372	1376	14	0.0	2364
91240397-521b-4934-a79c-40095b6e55c4	NR_024946.1	97.455	1375	20	13	1	1372	1364	2	0.0	2331
91240397-521b-4934-a79c-40095b6e55c4	NR_028619.1	97.309	1375	21	14	1	1372	1376	15	0.0	2322
91240397-521b-4934-a79c-40095b6e55c4	NR_136473.1	97.301	1371	22	13	1	1368	1359	1	0.0	2314
91240397-521b-4934-a79c-40095b6e55c4	NR_113578.1	97.430	1362	22	12	1	1359	1356	5	0.0	2313
31f5fc44-812c-4ab7-b01d-f4238d4e9884	NR_024927.1	96.175	366	10	4	18	382	310	672	6.25e-170	595
31f5fc44-812c-4ab7-b01d-f4238d4e9884	NR_025227.1	96.175	366	10	4	18	382	293	655	6.25e-170	595
31f5fc44-812c-4ab7-b01d-f4238d4e9884	NR_041592.1	96.175	366	10	4	18	382	272	634	6.25e-170	595
31f5fc44-812c-4ab7-b01d-f4238d4e9884	NR_114223.1	96.175	366	10	4	18	382	297	659	6.25e-170	595
31f5fc44-812c-4ab7-b01d-f4238d4e9884	NR_148763.1	96.175	366	10	4	18	382	317	679	6.25e-170	595
896ce3ab-2555-4878-ac5a-2181a3ed6351	NR_024918.1	92.972	498	19	12	1	492	989	1476	0.0	712
896ce3ab-2555-4878-ac5a-2181a3ed6351	NR_043314.1	92.972	498	19	12	1	492	994	1481	0.0	712
896ce3ab-2555-4878-ac5a-2181a3ed6351	NR_116899.1	92.972	498	19	12	1	492	963	1450	0.0	712
896ce3ab-2555-4878-ac5a-2181a3ed6351	NR_164626.1	92.972	498	19	12	1	492	986	1473	0.0	712
896ce3ab-2555-4878-ac5a-2181a3ed6351	NR_178854.1	92.972	498	19	12	1	492	975	1462	0.0	712
7056c4e6-53ea-4f4c-b42f-4a1d433cca4e	NR_179540.1	95.886	632	11	12	1	624	868	1492	0.0	1009
7056c4e6-53ea-4f4c-b42f-4a1d433cca4e	NR_028664.1	95.577	633	12	13	1	624	871	1496	0.0	1000
7056c4e6-53ea-4f4c-b42f-4a1d433cca4e	NR_117719.1	95.577	633	12	13	1	624	868	1493	0.0	1000
7056c4e6-53ea-4f4c-b42f-4a1d433cca4e	NR_179383.1	95.577	633	12	13	1	624	875	1500	0.0	1000
7056c4e6-53ea-4f4c-b42f-4a1d433cca4e	NR_028665.1	95.570	632	13	12	1	624	865	1489	0.0	998
8bd06786-6181-4577-a5d6-1b9637e79832	NR_148763.1	94.359	1365	45	26	3	1348	132	1483	0.0	2065
8bd06786-6181-4577-a5d6-1b9637e79832	NR_028619.1	94.062	1364	49	25	3	1348	133	1482	0.0	2041
8bd06786-6181-4577-a5d6-1b9637e79832	NR_148764.1	93.919	1365	51	25	3	1348	132	1483	0.0	2032
8bd06786-6181-4577-a5d6-1b9637e79832	NR_024946.1	95.338	1287	37	19	3	1279	120	1393	0.0	2023
8bd06786-6181-4577-a5d6-1b9637e79832	NR_113578.1	93.768	1364	53	26	3	1347	112	1462	0.0	2023
1172d0ae-da4d-4658-9266-9e0a0220f480	NR_024704.1	90.351	456	21	18	1	442	1028	1474	2.64e-164	577
1172d0ae-da4d-4658-9266-9e0a0220f480	NR_148763.1	90.351	456	21	18	1	442	1040	1486	2.64e-164	577
1172d0ae-da4d-4658-9266-9e0a0220f480	NR_181838.1	90.351	456	21	18	1	442	1043	1489	2.64e-164	577
1172d0ae-da4d-4658-9266-9e0a0220f480	NR_028619.1	90.308	454	23	17	1	442	1041	1485	9.51e-164	575
1172d0ae-da4d-4658-9266-9e0a0220f480	NR_113578.1	90.466	451	21	17	1	438	1020	1461	9.51e-164	575
f0f4d3dc-302d-4dc1-a799-074b1388fa62	NR_116899.1	98.047	1024	10	9	1	1016	1022	1	0.0	1772
f0f4d3dc-302d-4dc1-a799-074b1388fa62	NR_181729.1	97.852	1024	12	9	1	1016	1040	19	0.0	1760
f0f4d3dc-302d-4dc1-a799-074b1388fa62	NR_025228.1	97.754	1024	13	9	1	1016	1031	10	0.0	1755
f0f4d3dc-302d-4dc1-a799-074b1388fa62	NR_179103.1	97.754	1024	13	9	1	1016	1059	38	0.0	1755
f0f4d3dc-302d-4dc1-a799-074b1388fa62	NR_179728.1	97.754	1024	13	9	1	1016	1055	34	0.0	1755
d36f75a0-9f3b-4d09-add7-a3d495db9db6	NR_028619.1	94.632	857	17	24	1	837	635	1482	0.0	1301
d36f75a0-9f3b-4d09-add7-a3d495db9db6	NR_148763.1	94.522	858	18	24	1	837	634	1483	0.0	1297
d36f75a0-9f3b-4d09-add7-a3d495db9db6	NR_148764.1	94.406	858	19	24	1	837	634	1483	0.0	1291
d36f75a0-9f3b-4d09-add7-a3d495db9db6	NR_113578.1	94.282	857	20	24	1	836	614	1462	0.0	1288
d36f75a0-9f3b-4d09-add7-a3d495db9db6	NR_024946.1	94.438	845	18	24	1	824	622	1458	0.0	1273
d8c7be80-021e-4574-a565-35cac5baa654	NR_148763.1	91.765	595	20	21	4	584	599	20	0.0	800
d8c7be80-021e-4574-a565-35cac5baa654	NR_179227.1	91.429	595	22	23	4	584	599	20	0.0	789
d8c7be80-021e-4574-a565-35cac5baa654	NR_024927.1	91.261	595	23	21	4	584	592	13	0.0	784
d8c7be80-021e-4574-a565-35cac5baa654	NR_043195.1	91.261	595	23	21	4	584	597	18	0.0	784
d8c7be80-021e-4574-a565-35cac5baa654	NR_114223.1	91.246	594	23	21	4	583	579	1	0.0	782
60a7821c-0f6f-48e5-b0b1-677bac23aef7	NR_114172.1	98.298	470	6	2	1	469	1003	1471	0.0	822
60a7821c-0f6f-48e5-b0b1-677bac23aef7	NR_028665.1	98.089	471	7	2	1	470	1020	1489	0.0	819
60a7821c-0f6f-48e5-b0b1-677bac23aef7	NR_179385.1	98.089	471	7	2	1	470	1027	1496	0.0	819
60a7821c-0f6f-48e5-b0b1-677bac23aef7	NR_199545.1	98.089	471	7	2	1	470	1023	1492	0.0	819
60a7821c-0f6f-48e5-b0b1-677bac23aef7	NR_156072.1	97.877	471	8	2	1	470	1025	1494	0.0	813
734e8d9d-cb76-4066-9bad-22a0cc50f75b	NR_025227.1	94.989	938	26	16	1	924	239	1169	0.0	1452
734e8d9d-cb76-4066-9bad-22a0cc50f75b	NR_179483.1	94.989	938	26	16	1	924	146	1076	0.0	1452
734e8d9d-cb76-4066-9bad-22a0cc50f75b	NR_024927.1	94.883	938	27	16	1	924	256	1186	0.0	1447
734e8d9d-cb76-4066-9bad-22a0cc50f75b	NR_114223.1	94.883	938	27	16	1	924	243	1173	0.0	1447
734e8d9d-cb76-4066-9bad-22a0cc50f75b	NR_116899.1	94.883	938	27	16	1	924	230	1160	0.0	1447
aae8a74a-1059-4722-9e32-12a2e99792ca	NR_148763.1	93.562	1398	43	36	1	1366	1394	12	0.0	2039
aae8a74a-1059-4722-9e32-12a2e99792ca	NR_024946.1	93.200	1397	48	36	1	1365	1382	1	0.0	2010
aae8a74a-1059-4722-9e32-12a2e99792ca	NR_028619.1	93.057	1397	49	37	1	1365	1394	14	0.0	2001
aae8a74a-1059-4722-9e32-12a2e99792ca	NR_136473.1	93.103	1392	49	36	1	1360	1377	1	0.0	1995
aae8a74a-1059-4722-9e32-12a2e99792ca	NR_148764.1	92.918	1398	52	36	1	1366	1394	12	0.0	1989
81d4abfb-4ef9-490d-9ee5-7e9d449bc4ab	NR_181838.1	97.946	1266	15	8	1	1257	1277	14	0.0	2183
81d4abfb-4ef9-490d-9ee5-7e9d449bc4ab	NR_179985.1	97.867	1266	16	8	1	1257	1274	11	0.0	2178
81d4abfb-4ef9-490d-9ee5-7e9d449bc4ab	NR_181703.1	97.709	1266	18	8	1	1257	1281	18	0.0	2167
81d4abfb-4ef9-490d-9ee5-7e9d449bc4ab	NR_126220.1	97.781	1262	17	8	1	1253	1260	1	0.0	2165
81d4abfb-4ef9-490d-9ee5-7e9d449bc4ab	NR_179103.1	97.708	1265	18	8	2	1257	1277	15	0.0	2165
e3c344f0-3b3c-401a-a644-0a831480b5e0	NR_148763.1	95.603	1228	27	20	1	1214	1225	11	0.0	1943
e3c344f0-3b3c-401a-a644-0a831480b5e0	NR_024946.1	95.106	1226	33	20	1	1212	1213	1	0.0	1906
e3c344f0-3b3c-401a-a644-0a831480b5e0	NR_028619.1	94.943	1226	34	21	1	1212	1225	14	0.0	1897
e3c344f0-3b3c-401a-a644-0a831480b5e0	NR_136473.1	95.008	1222	32	22	1	1207	1208	1	0.0	1893
e3c344f0-3b3c-401a-a644-0a831480b5e0	NR_148764.1	94.788	1228	37	20	1	1214	1225	11	0.0	1888
e47059b6-f113-4955-94df-1eff0c645378	NR_148763.1	95.346	709	10	16	1	700	719	25	0.0	1105
e47059b6-f113-4955-94df-1eff0c645378	NR_024946.1	94.499	709	16	16	1	700	707	13	0.0	1072
e47059b6-f113-4955-94df-1eff0c645378	NR_113578.1	94.499	709	16	16	1	700	699	5	0.0	1072
e47059b6-f113-4955-94df-1eff0c645378	NR_028619.1	94.358	709	17	16	1	700	720	26	0.0	1068
e47059b6-f113-4955-94df-1eff0c645378	NR_136473.1	94.217	709	18	16	1	700	702	8	0.0	1062
69fb1a0a-6f3b-49a8-a10c-190c65b23fb3	NR_148763.1	96.878	993	15	12	1	981	1000	12	0.0	1648
69fb1a0a-6f3b-49a8-a10c-190c65b23fb3	NR_024946.1	96.270	992	21	12	1	980	988	1	0.0	1613
69fb1a0a-6f3b-49a8-a10c-190c65b23fb3	NR_028619.1	96.169	992	22	12	1	980	1001	14	0.0	1609
69fb1a0a-6f3b-49a8-a10c-190c65b23fb3	NR_113578.1	96.240	984	21	12	1	972	980	1	0.0	1600
69fb1a0a-6f3b-49a8-a10c-190c65b23fb3	NR_136473.1	96.150	987	22	12	1	975	983	1	0.0	1600
425a62c1-5263-4478-9106-200618a65187	NR_116899.1	96.207	1450	29	18	1	1438	14	1449	0.0	2350
425a62c1-5263-4478-9106-200618a65187	NR_181838.1	96.000	1450	32	18	1	1438	50	1485	0.0	2333
425a62c1-5263-4478-9106-200618a65187	NR_179103.1	95.931	1450	33	18	1	1438	51	1486	0.0	2327
425a62c1-5263-4478-9106-200618a65187	NR_179728.1	95.931	1450	33	18	1	1438	47	1482	0.0	2327
425a62c1-5263-4478-9106-200618a65187	NR_179985.1	95.931	1450	33	18	1	1438	47	1482	0.0	2327
bd1dea3a-ab7e-48e1-a0e1-1c26acb697d2	NR_148763.1	97.478	674	7	9	1	670	679	12	0.0	1142
bd1dea3a-ab7e-48e1-a0e1-1c26acb697d2	NR_024946.1	96.731	673	12	9	1	669	667	1	0.0	1112
bd1dea3a-ab7e-48e1-a0e1-1c26acb697d2	NR_028619.1	96.582	673	13	9	1	669	680	14	0.0	1109
bd1dea3a-ab7e-48e1-a0e1-1c26acb697d2	NR_113578.1	96.692	665	12	9	1	661	659	1	0.0	1098
bd1dea3a-ab7e-48e1-a0e1-1c26acb697d2	NR_024927.1	96.285	673	15	9	1	669	672	6	0.0	1096
24558e0d-2b46-4a00-809f-d1fe2c796e5e	NR_041592.1	89.121	239	8	11	14	239	600	367	1.21e-75	281
24558e0d-2b46-4a00-809f-d1fe2c796e5e	NR_148763.1	88.843	242	9	11	11	239	648	412	1.21e-75	281
24558e0d-2b46-4a00-809f-d1fe2c796e5e	NR_024927.1	87.747	253	12	12	1	239	652	405	1.56e-74	278
24558e0d-2b46-4a00-809f-d1fe2c796e5e	NR_025227.1	87.747	253	12	12	1	239	635	388	1.56e-74	278
24558e0d-2b46-4a00-809f-d1fe2c796e5e	NR_114223.1	87.747	253	12	12	1	239	639	392	1.56e-74	278
f198ad55-0ddc-4189-ad9e-a0eaa6d596d4	NR_025228.1	95.291	446	12	8	1	441	950	509	0.0	699
f198ad55-0ddc-4189-ad9e-a0eaa6d596d4	NR_025549.1	95.291	446	12	8	1	441	956	515	0.0	699
f198ad55-0ddc-4189-ad9e-a0eaa6d596d4	NR_036830.1	95.291	446	12	8	1	441	936	495	0.0	699
f198ad55-0ddc-4189-ad9e-a0eaa6d596d4	NR_117822.1	95.291	446	12	8	1	441	928	487	0.0	699
f198ad55-0ddc-4189-ad9e-a0eaa6d596d4	NR_152639.1	95.291	446	12	8	1	441	938	497	0.0	699
162cdf9e-3d12-4cbf-8f9f-eded59d91590	NR_024946.1	95.107	838	21	15	15	839	1435	605	0.0	1303
162cdf9e-3d12-4cbf-8f9f-eded59d91590	NR_148763.1	95.107	838	21	15	15	839	1447	617	0.0	1303
162cdf9e-3d12-4cbf-8f9f-eded59d91590	NR_136473.1	95.107	838	21	15	15	839	1430	600	0.0	1303
162cdf9e-3d12-4cbf-8f9f-eded59d91590	NR_178974.1	95.107	838	21	15	15	839	1426	596	0.0	1303
162cdf9e-3d12-4cbf-8f9f-eded59d91590	NR_178975.1	95.107	838	21	15	15	839	1426	596	0.0	1303
345c3159-8cb2-4d42-b783-f2a3eb7a1f29	NR_024918.1	97.342	489	8	5	1	485	989	1476	0.0	826
345c3159-8cb2-4d42-b783-f2a3eb7a1f29	NR_043314.1	97.342	489	8	5	1	485	994	1481	0.0	826
345c3159-8cb2-4d42-b783-f2a3eb7a1f29	NR_116899.1	97.342	489	8	5	1	485	963	1450	0.0	826
345c3159-8cb2-4d42-b783-f2a3eb7a1f29	NR_164626.1	97.342	489	8	5	1	485	986	1473	0.0	826
345c3159-8cb2-4d42-b783-f2a3eb7a1f29	NR_178854.1	97.342	489	8	5	1	485	975	1462	0.0	826
a1d8854b-bdb6-44b9-9bc6-38073cf9e5ac	NR_115355.1	97.793	861	5	7	6	860	630	1482	0.0	1472
a1d8854b-bdb6-44b9-9bc6-38073cf9e5ac	NR_179325.1	97.793	861	5	7	6	860	604	1456	0.0	1472
a1d8854b-bdb6-44b9-9bc6-38073cf9e5ac	NR_119169.1	97.445	861	8	7	6	860	635	1487	0.0	1459
a1d8854b-bdb6-44b9-9bc6-38073cf9e5ac	NR_163639.1	97.564	862	4	10	6	860	646	1497	0.0	1459
a1d8854b-bdb6-44b9-9bc6-38073cf9e5ac	NR_115354.1	97.433	857	8	7	10	860	634	1482	0.0	1450
0a0e42f7-42dc-42c9-9608-08de9fd6bd38	NR_042843.1	89.672	823	39	32	6	796	648	1456	0.0	1007
0a0e42f7-42dc-42c9-9608-08de9fd6bd38	NR_102895.1	89.672	823	39	32	6	796	676	1484	0.0	1007
0a0e42f7-42dc-42c9-9608-08de9fd6bd38	NR_113113.1	89.672	823	39	32	6	796	656	1464	0.0	1007
0a0e42f7-42dc-42c9-9608-08de9fd6bd38	NR_109628.1	89.550	823	40	32	6	796	649	1457	0.0	1002
0a0e42f7-42dc-42c9-9608-08de9fd6bd38	NR_113124.1	89.064	823	44	33	6	796	668	1476	0.0	979
131bb3bb-7849-42ae-ae8e-6ec2f833d119	NR_024842.1	93.431	685	22	18	1	668	686	8	0.0	998
131bb3bb-7849-42ae-ae8e-6ec2f833d119	NR_115241.1	93.648	677	20	18	1	660	671	1	0.0	990
131bb3bb-7849-42ae-ae8e-6ec2f833d119	NR_115735.1	93.413	668	20	19	1	650	662	1	0.0	968
131bb3bb-7849-42ae-ae8e-6ec2f833d119	NR_178515.1	92.773	678	24	19	1	660	671	1	0.0	957
131bb3bb-7849-42ae-ae8e-6ec2f833d119	NR_165737.1	92.478	678	26	19	1	660	671	1	0.0	946
0f01fc3e-ac21-4f4b-a50f-12ead16acf55	NR_181838.1	94.639	1231	33	25	1	1217	1228	17	0.0	1877
0f01fc3e-ac21-4f4b-a50f-12ead16acf55	NR_179985.1	94.557	1231	34	25	1	1217	1225	14	0.0	1871
0f01fc3e-ac21-4f4b-a50f-12ead16acf55	NR_179103.1	94.476	1231	35	25	1	1217	1229	18	0.0	1866
0f01fc3e-ac21-4f4b-a50f-12ead16acf55	NR_179728.1	94.476	1231	35	25	1	1217	1225	14	0.0	1866
0f01fc3e-ac21-4f4b-a50f-12ead16acf55	NR_126220.1	94.472	1230	35	25	1	1216	1211	1	0.0	1864
f46fb441-c290-4eb9-96e3-f493467f29c8	NR_179985.1	94.774	995	27	22	4	981	997	11	0.0	1526
f46fb441-c290-4eb9-96e3-f493467f29c8	NR_181838.1	94.774	995	27	22	4	981	1000	14	0.0	1526
f46fb441-c290-4eb9-96e3-f493467f29c8	NR_179103.1	94.673	995	28	22	4	981	1001	15	0.0	1520
f46fb441-c290-4eb9-96e3-f493467f29c8	NR_179728.1	94.673	995	28	22	4	981	997	11	0.0	1520
f46fb441-c290-4eb9-96e3-f493467f29c8	NR_181703.1	94.573	995	29	22	4	981	1004	18	0.0	1515
30836ce3-319e-4821-bfe0-3cdae64c244f	NR_024946.1	84.718	301	24	15	1	283	975	679	1.53e-75	281
30836ce3-319e-4821-bfe0-3cdae64c244f	NR_028619.1	84.718	301	24	15	1	283	988	692	1.53e-75	281
30836ce3-319e-4821-bfe0-3cdae64c244f	NR_029063.1	83.721	301	27	14	1	283	988	692	1.54e-70	265
30836ce3-319e-4821-bfe0-3cdae64c244f	NR_116497.1	81.940	299	32	14	4	283	989	694	4.34e-61	233
30836ce3-319e-4821-bfe0-3cdae64c244f	NR_159173.1	81.208	298	34	14	4	283	968	675	3.38e-57	220
4678caa1-7fae-4267-b9ca-654db979ede9	NR_181838.1	94.158	582	19	13	30	601	609	33	0.0	872
4678caa1-7fae-4267-b9ca-654db979ede9	NR_180743.1	93.986	582	20	13	30	601	587	11	0.0	867
4678caa1-7fae-4267-b9ca-654db979ede9	NR_126220.1	93.814	582	21	13	30	601	592	16	0.0	861
4678caa1-7fae-4267-b9ca-654db979ede9	NR_181703.1	93.814	582	21	13	30	601	613	37	0.0	861
4678caa1-7fae-4267-b9ca-654db979ede9	NR_116899.1	93.945	578	20	13	30	597	573	1	0.0	859
52f95369-ffb0-4454-9d81-6c9d83c14722	NR_024918.1	97.246	835	13	8	1	827	648	1480	0.0	1406
52f95369-ffb0-4454-9d81-6c9d83c14722	NR_116899.1	97.246	835	13	8	1	827	622	1454	0.0	1406
52f95369-ffb0-4454-9d81-6c9d83c14722	NR_164626.1	97.246	835	13	8	1	827	645	1477	0.0	1406
52f95369-ffb0-4454-9d81-6c9d83c14722	NR_179889.1	97.246	835	13	8	1	827	662	1494	0.0	1406
52f95369-ffb0-4454-9d81-6c9d83c14722	NR_043314.1	97.129	836	13	9	1	827	652	1485	0.0	1400
63ec6094-2bb4-4c52-9a31-927b37d2e806	NR_024911.1	95.766	496	5	12	1	481	1160	666	0.0	785
63ec6094-2bb4-4c52-9a31-927b37d2e806	NR_024946.1	95.766	496	5	10	1	481	1155	661	0.0	785
63ec6094-2bb4-4c52-9a31-927b37d2e806	NR_025102.1	95.766	496	5	12	1	481	1139	645	0.0	785
63ec6094-2bb4-4c52-9a31-927b37d2e806	NR_025103.1	95.766	496	5	12	1	481	1139	645	0.0	785
63ec6094-2bb4-4c52-9a31-927b37d2e806	NR_028619.1	95.766	496	5	10	1	481	1168	674	0.0	785
2b177282-d9e0-4487-9a6d-c414dbad2c56	NR_179985.1	92.135	356	14	12	1	350	358	11	2.76e-138	490
2b177282-d9e0-4487-9a6d-c414dbad2c56	NR_181838.1	92.135	356	14	12	1	350	361	14	2.76e-138	490
2b177282-d9e0-4487-9a6d-c414dbad2c56	NR_043314.1	92.090	354	14	12	1	348	355	10	3.58e-137	486
2b177282-d9e0-4487-9a6d-c414dbad2c56	NR_136501.2	91.877	357	13	13	1	350	365	18	1.29e-136	484
2b177282-d9e0-4487-9a6d-c414dbad2c56	NR_157777.1	91.877	357	13	13	1	350	358	11	1.29e-136	484
1bb0aded-fb35-4ad0-806a-68bc19b9a0fc	NR_148763.1	96.200	1000	17	19	1	989	1000	11	0.0	1616
1bb0aded-fb35-4ad0-806a-68bc19b9a0fc	NR_024946.1	95.691	998	22	19	1	987	988	1	0.0	1585
1bb0aded-fb35-4ad0-806a-68bc19b9a0fc	NR_028619.1	95.591	998	23	19	1	987	1001	14	0.0	1581
1bb0aded-fb35-4ad0-806a-68bc19b9a0fc	NR_113578.1	95.652	989	23	18	1	978	980	1	0.0	1572
1bb0aded-fb35-4ad0-806a-68bc19b9a0fc	NR_136473.1	95.565	992	24	18	1	981	983	1	0.0	1572
1879e7aa-c1f6-4d86-b20b-8bb8ffebea3b	NR_025227.1	93.413	926	31	24	31	934	215	1132	0.0	1345
1879e7aa-c1f6-4d86-b20b-8bb8ffebea3b	NR_024927.1	93.305	926	32	24	31	934	232	1149	0.0	1339
1879e7aa-c1f6-4d86-b20b-8bb8ffebea3b	NR_114223.1	93.305	926	32	24	31	934	219	1136	0.0	1339
1879e7aa-c1f6-4d86-b20b-8bb8ffebea3b	NR_116899.1	93.305	926	32	24	31	934	206	1123	0.0	1339
1879e7aa-c1f6-4d86-b20b-8bb8ffebea3b	NR_179103.1	93.197	926	33	24	31	934	243	1160	0.0	1334
6810a38d-632d-4c85-ad55-c621cfcc142e	NR_148763.1	95.499	1133	16	25	1	1108	1133	11	0.0	1777
6810a38d-632d-4c85-ad55-c621cfcc142e	NR_024946.1	94.960	1131	22	25	1	1106	1121	1	0.0	1740
6810a38d-632d-4c85-ad55-c621cfcc142e	NR_028619.1	94.872	1131	23	25	1	1106	1134	14	0.0	1736
6810a38d-632d-4c85-ad55-c621cfcc142e	NR_148764.1	94.793	1133	24	26	1	1108	1133	11	0.0	1733
6810a38d-632d-4c85-ad55-c621cfcc142e	NR_136473.1	94.760	1126	24	25	1	1101	1116	1	0.0	1722
