b078bc03-0f97-4973-a6b1-374254693211	NR_148763.1	91.405	861	33	24	22	848	872	19	0.0	1142
b078bc03-0f97-4973-a6b1-374254693211	NR_024946.1	90.708	861	39	24	22	848	860	7	0.0	1109
b078bc03-0f97-4973-a6b1-374254693211	NR_028619.1	90.708	861	39	24	22	848	873	20	0.0	1109
b078bc03-0f97-4973-a6b1-374254693211	NR_113578.1	90.687	859	39	24	22	846	852	1	0.0	1105
b078bc03-0f97-4973-a6b1-374254693211	NR_148764.1	90.603	862	38	28	22	848	872	19	0.0	1103
1962f3ac-de95-4007-8eaa-a6ba99547c9f	NR_025164.1	87.551	490	34	25	6	474	980	1463	1.05e-153	542
1962f3ac-de95-4007-8eaa-a6ba99547c9f	NR_028986.1	87.551	490	34	25	6	474	980	1463	1.05e-153	542
1962f3ac-de95-4007-8eaa-a6ba99547c9f	NR_042199.1	87.551	490	34	25	6	474	980	1463	1.05e-153	542
1962f3ac-de95-4007-8eaa-a6ba99547c9f	NR_114225.1	87.500	488	36	23	6	473	980	1462	1.05e-153	542
1962f3ac-de95-4007-8eaa-a6ba99547c9f	NR_117821.1	87.551	490	34	25	6	474	952	1435	1.05e-153	542
a69d2d7e-53bf-4a23-b143-55e3fcfa14c6	NR_025227.1	88.143	1088	71	46	1	1052	239	1304	0.0	1242
a69d2d7e-53bf-4a23-b143-55e3fcfa14c6	NR_116899.1	88.143	1088	71	46	1	1052	230	1295	0.0	1242
a69d2d7e-53bf-4a23-b143-55e3fcfa14c6	NR_024927.1	87.960	1088	73	46	1	1052	256	1321	0.0	1230
a69d2d7e-53bf-4a23-b143-55e3fcfa14c6	NR_114223.1	87.960	1088	73	46	1	1052	243	1308	0.0	1230
a69d2d7e-53bf-4a23-b143-55e3fcfa14c6	NR_148763.1	87.960	1088	73	45	1	1052	263	1328	0.0	1230
62ff42d4-cd63-4a10-b31b-51445c230f54	NR_026419.1	94.340	424	15	8	1	420	883	1301	0.0	641
62ff42d4-cd63-4a10-b31b-51445c230f54	NR_133752.1	92.689	424	22	8	1	420	820	1238	4.15e-172	603
62ff42d4-cd63-4a10-b31b-51445c230f54	NR_133753.1	92.689	424	22	8	1	420	849	1267	4.15e-172	603
62ff42d4-cd63-4a10-b31b-51445c230f54	NR_025903.1	92.689	424	22	8	1	420	895	1313	4.15e-172	603
62ff42d4-cd63-4a10-b31b-51445c230f54	NR_025904.1	92.453	424	23	8	1	420	894	1312	1.93e-170	597
a28a7110-a251-4cef-95f8-bc81e7b940a8	NR_148763.1	95.964	991	22	18	7	985	995	11	0.0	1592
a28a7110-a251-4cef-95f8-bc81e7b940a8	NR_024946.1	95.349	989	28	18	7	983	983	1	0.0	1555
a28a7110-a251-4cef-95f8-bc81e7b940a8	NR_028619.1	95.248	989	29	18	7	983	996	14	0.0	1552
a28a7110-a251-4cef-95f8-bc81e7b940a8	NR_113578.1	95.413	981	27	18	7	975	975	1	0.0	1546
a28a7110-a251-4cef-95f8-bc81e7b940a8	NR_136473.1	95.224	984	29	18	7	978	978	1	0.0	1543
d75c2a6c-a569-4631-a5c4-40dbd827ba6c	NR_115355.1	95.501	1267	22	27	1	1249	1448	199	0.0	1991
d75c2a6c-a569-4631-a5c4-40dbd827ba6c	NR_179325.1	95.501	1267	22	27	1	1249	1422	173	0.0	1991
d75c2a6c-a569-4631-a5c4-40dbd827ba6c	NR_119169.1	95.185	1267	26	27	1	1249	1453	204	0.0	1975
d75c2a6c-a569-4631-a5c4-40dbd827ba6c	NR_163639.1	95.189	1268	20	32	1	1249	1463	218	0.0	1965
d75c2a6c-a569-4631-a5c4-40dbd827ba6c	NR_113570.1	95.107	1267	27	27	1	1249	1455	206	0.0	1964
58c4133f-dece-4f57-8e4c-ff4ae284f270	NR_148763.1	96.027	1485	33	20	14	1494	21	1483	0.0	2392
58c4133f-dece-4f57-8e4c-ff4ae284f270	NR_113578.1	95.485	1484	41	20	14	1493	1	1462	0.0	2350
58c4133f-dece-4f57-8e4c-ff4ae284f270	NR_028619.1	95.251	1495	42	23	4	1494	13	1482	0.0	2342
58c4133f-dece-4f57-8e4c-ff4ae284f270	NR_148764.1	95.357	1486	41	22	14	1494	21	1483	0.0	2337
58c4133f-dece-4f57-8e4c-ff4ae284f270	NR_024946.1	95.584	1472	39	20	14	1481	9	1458	0.0	2335
bbf52d09-01bd-441c-9e39-e5a4950e7ef9	NR_179383.1	97.634	1268	18	11	1	1262	1281	20	0.0	2165
bbf52d09-01bd-441c-9e39-e5a4950e7ef9	NR_199545.1	97.634	1268	18	11	1	1262	1274	13	0.0	2165
bbf52d09-01bd-441c-9e39-e5a4950e7ef9	NR_028664.1	97.555	1268	19	11	1	1262	1277	16	0.0	2159
bbf52d09-01bd-441c-9e39-e5a4950e7ef9	NR_165744.1	97.478	1269	20	11	1	1263	1263	1	0.0	2156
bbf52d09-01bd-441c-9e39-e5a4950e7ef9	NR_179385.1	97.476	1268	20	11	1	1262	1278	17	0.0	2154
12e595f1-e329-41e4-a3b9-69ebb97ffba3	NR_115355.1	88.171	1099	61	54	6	1073	1061	1	0.0	1249
12e595f1-e329-41e4-a3b9-69ebb97ffba3	NR_119169.1	88.102	1101	62	54	6	1075	1066	4	0.0	1247
12e595f1-e329-41e4-a3b9-69ebb97ffba3	NR_119168.1	87.738	1101	66	52	6	1075	1066	4	0.0	1225
12e595f1-e329-41e4-a3b9-69ebb97ffba3	NR_074980.1	87.522	1114	70	52	6	1088	1088	13	0.0	1223
12e595f1-e329-41e4-a3b9-69ebb97ffba3	NR_113570.1	87.750	1102	65	53	6	1075	1068	5	0.0	1223
59805092-1aaf-4832-9bf8-8de2807110cd	NR_044091.1	94.868	682	14	18	1	667	691	16	0.0	1046
59805092-1aaf-4832-9bf8-8de2807110cd	NR_113570.1	94.583	683	15	20	1	667	784	108	0.0	1037
59805092-1aaf-4832-9bf8-8de2807110cd	NR_119168.1	94.282	682	18	18	1	667	782	107	0.0	1024
59805092-1aaf-4832-9bf8-8de2807110cd	NR_041879.1	94.135	682	19	18	1	667	734	59	0.0	1018
59805092-1aaf-4832-9bf8-8de2807110cd	NR_074980.1	94.135	682	19	18	1	667	804	129	0.0	1018
35f69699-9be6-4ec1-b770-dd4c7c314c9d	NR_148763.1	95.288	1040	21	22	1	1020	439	1470	0.0	1624
35f69699-9be6-4ec1-b770-dd4c7c314c9d	NR_024946.1	94.712	1040	27	22	1	1020	427	1458	0.0	1591
35f69699-9be6-4ec1-b770-dd4c7c314c9d	NR_117552.1	94.519	1040	29	22	1	1020	419	1450	0.0	1581
35f69699-9be6-4ec1-b770-dd4c7c314c9d	NR_181354.1	92.795	1041	41	25	1	1020	446	1473	0.0	1476
35f69699-9be6-4ec1-b770-dd4c7c314c9d	NR_044836.2	86.720	1009	97	29	29	1013	476	1471	0.0	1110
4af3726b-02a6-4cfc-ab00-36753d426a04	NR_148763.1	96.343	629	10	9	4	625	634	12	0.0	1022
4af3726b-02a6-4cfc-ab00-36753d426a04	NR_024946.1	95.382	628	16	9	4	624	622	1	0.0	987
4af3726b-02a6-4cfc-ab00-36753d426a04	NR_024927.1	95.367	626	16	9	6	624	625	6	0.0	983
4af3726b-02a6-4cfc-ab00-36753d426a04	NR_028619.1	95.223	628	17	9	4	624	635	14	0.0	983
4af3726b-02a6-4cfc-ab00-36753d426a04	NR_179227.1	95.367	626	16	9	6	624	632	13	0.0	983
cd3f1dba-c0ab-4cd4-976f-c519928285f2	NR_179985.1	94.963	675	24	9	8	675	682	11	0.0	1050
cd3f1dba-c0ab-4cd4-976f-c519928285f2	NR_181838.1	94.815	675	25	9	8	675	685	14	0.0	1044
cd3f1dba-c0ab-4cd4-976f-c519928285f2	NR_179103.1	94.667	675	26	9	8	675	686	15	0.0	1038
cd3f1dba-c0ab-4cd4-976f-c519928285f2	NR_179339.1	94.667	675	26	9	8	675	682	11	0.0	1038
cd3f1dba-c0ab-4cd4-976f-c519928285f2	NR_179728.1	94.667	675	26	9	8	675	682	11	0.0	1038
6e5938fb-b5d5-4ffa-a8e9-2dfd6b8459d4	NR_024842.1	88.820	805	47	37	9	787	796	9	0.0	952
6e5938fb-b5d5-4ffa-a8e9-2dfd6b8459d4	NR_115241.1	88.972	798	45	37	9	780	781	1	0.0	946
6e5938fb-b5d5-4ffa-a8e9-2dfd6b8459d4	NR_115735.1	88.832	788	43	38	9	770	772	4	0.0	926
6e5938fb-b5d5-4ffa-a8e9-2dfd6b8459d4	NR_178515.1	87.985	799	51	39	9	780	781	1	0.0	902
6e5938fb-b5d5-4ffa-a8e9-2dfd6b8459d4	NR_165737.1	87.860	799	52	39	9	780	781	1	0.0	896
1f7b5af9-f0c1-403f-999a-757b5aa1e352	NR_148763.1	94.931	1381	36	27	2	1364	124	1488	0.0	2132
1f7b5af9-f0c1-403f-999a-757b5aa1e352	NR_148764.1	94.424	1381	43	27	2	1364	124	1488	0.0	2093
1f7b5af9-f0c1-403f-999a-757b5aa1e352	NR_113578.1	94.400	1375	43	27	2	1358	104	1462	0.0	2085
1f7b5af9-f0c1-403f-999a-757b5aa1e352	NR_028619.1	94.280	1381	43	29	2	1364	125	1487	0.0	2080
1f7b5af9-f0c1-403f-999a-757b5aa1e352	NR_024946.1	94.497	1363	41	27	2	1346	112	1458	0.0	2071
f3c9590c-bc76-4253-acab-1e360faef7a8	NR_179451.1	84.729	406	29	25	1	392	795	1181	9.11e-104	375
f3c9590c-bc76-4253-acab-1e360faef7a8	NR_200031.1	84.729	406	29	25	1	392	761	1147	9.11e-104	375
f3c9590c-bc76-4253-acab-1e360faef7a8	NR_112072.1	86.427	361	26	17	41	392	865	1211	3.28e-103	374
f3c9590c-bc76-4253-acab-1e360faef7a8	NR_024902.1	84.483	406	30	25	1	392	840	1226	4.24e-102	370
f3c9590c-bc76-4253-acab-1e360faef7a8	NR_024912.1	84.483	406	30	25	1	392	838	1224	4.24e-102	370
b3c97e27-b279-4fc6-a2f0-7ab7874ef436	NR_126220.1	95.455	616	14	11	1	607	1312	702	0.0	970
b3c97e27-b279-4fc6-a2f0-7ab7874ef436	NR_179483.1	95.455	616	14	11	1	607	1209	599	0.0	970
b3c97e27-b279-4fc6-a2f0-7ab7874ef436	NR_181838.1	95.455	616	14	11	1	607	1329	719	0.0	970
b3c97e27-b279-4fc6-a2f0-7ab7874ef436	NR_181891.1	95.455	616	14	11	1	607	1329	719	0.0	970
b3c97e27-b279-4fc6-a2f0-7ab7874ef436	NR_024918.1	95.292	616	15	11	1	607	1319	709	0.0	965
ecef6a81-bd93-4ad1-ae42-6fd3602fe70f	NR_148764.1	92.388	670	26	21	12	660	793	1458	0.0	931
ecef6a81-bd93-4ad1-ae42-6fd3602fe70f	NR_149823.1	92.388	670	26	21	12	660	744	1409	0.0	931
ecef6a81-bd93-4ad1-ae42-6fd3602fe70f	NR_028619.1	92.377	669	26	21	12	660	794	1457	0.0	929
ecef6a81-bd93-4ad1-ae42-6fd3602fe70f	NR_117552.1	92.239	670	27	21	12	660	773	1438	0.0	928
ecef6a81-bd93-4ad1-ae42-6fd3602fe70f	NR_024946.1	92.239	670	27	21	12	660	781	1446	0.0	926
a6bddbd4-b775-4f84-ac6a-444d99a983d2	NR_024842.1	94.763	401	18	3	1	401	405	8	3.04e-178	623
a6bddbd4-b775-4f84-ac6a-444d99a983d2	NR_115241.1	94.911	393	17	3	1	393	390	1	6.57e-175	612
a6bddbd4-b775-4f84-ac6a-444d99a983d2	NR_165737.1	94.670	394	16	5	1	393	390	1	3.06e-173	606
a6bddbd4-b775-4f84-ac6a-444d99a983d2	NR_178515.1	94.670	394	16	5	1	393	390	1	3.06e-173	606
a6bddbd4-b775-4f84-ac6a-444d99a983d2	NR_179720.1	93.516	401	23	3	1	401	410	13	2.38e-169	593
db2b977e-d1f3-49c6-a5d1-1a6cc1c5ec67	NR_148763.1	93.910	821	18	21	1	803	678	1484	0.0	1210
db2b977e-d1f3-49c6-a5d1-1a6cc1c5ec67	NR_148764.1	93.788	821	19	21	1	803	678	1484	0.0	1205
db2b977e-d1f3-49c6-a5d1-1a6cc1c5ec67	NR_113578.1	93.651	819	20	21	1	801	658	1462	0.0	1199
db2b977e-d1f3-49c6-a5d1-1a6cc1c5ec67	NR_112077.1	93.057	821	25	21	1	803	676	1482	0.0	1190
db2b977e-d1f3-49c6-a5d1-1a6cc1c5ec67	NR_181838.1	93.301	821	23	21	1	803	681	1487	0.0	1182
821c8489-75d7-4705-bfb9-56564e59e4a3	NR_026419.1	94.842	349	11	6	1	345	1450	1105	9.64e-153	538
821c8489-75d7-4705-bfb9-56564e59e4a3	NR_133752.1	92.837	349	18	6	1	345	1387	1042	4.55e-141	499
821c8489-75d7-4705-bfb9-56564e59e4a3	NR_133753.1	92.837	349	18	6	1	345	1416	1071	4.55e-141	499
821c8489-75d7-4705-bfb9-56564e59e4a3	NR_025904.1	92.837	349	18	6	1	345	1461	1116	4.55e-141	499
821c8489-75d7-4705-bfb9-56564e59e4a3	NR_025903.1	92.837	349	18	6	1	345	1462	1117	4.55e-141	499
663a302e-2b33-43cd-8dfc-a3808987553e	NR_118941.1	86.502	889	82	26	1	867	458	1330	0.0	996
663a302e-2b33-43cd-8dfc-a3808987553e	NR_118942.1	85.971	891	81	35	1	867	458	1328	0.0	965
663a302e-2b33-43cd-8dfc-a3808987553e	NR_118935.1	85.859	891	84	34	1	867	458	1330	0.0	946
663a302e-2b33-43cd-8dfc-a3808987553e	NR_040789.1	85.031	962	98	37	1	937	565	1505	0.0	937
663a302e-2b33-43cd-8dfc-a3808987553e	NR_118933.1	85.714	889	89	29	1	867	458	1330	0.0	929
4d51408b-6aaf-4657-94ba-713ce4b68731	NR_116899.1	97.129	1045	10	11	1	1041	422	1450	0.0	1746
4d51408b-6aaf-4657-94ba-713ce4b68731	NR_043314.1	97.300	1037	7	12	10	1041	461	1481	0.0	1740
4d51408b-6aaf-4657-94ba-713ce4b68731	NR_025227.1	97.118	1041	10	11	1	1037	431	1455	0.0	1738
4d51408b-6aaf-4657-94ba-713ce4b68731	NR_024918.1	97.022	1041	11	11	5	1041	452	1476	0.0	1735
4d51408b-6aaf-4657-94ba-713ce4b68731	NR_024927.1	96.938	1045	12	11	1	1041	448	1476	0.0	1735
25816890-bd67-474f-bc4f-8f8db74b5dde	NR_114225.1	94.748	457	12	12	1	452	1011	1460	0.0	702
25816890-bd67-474f-bc4f-8f8db74b5dde	NR_024918.1	94.748	457	12	12	1	452	1024	1473	0.0	701
25816890-bd67-474f-bc4f-8f8db74b5dde	NR_028986.1	94.748	457	12	12	1	452	1011	1460	0.0	701
25816890-bd67-474f-bc4f-8f8db74b5dde	NR_043314.1	94.748	457	12	12	1	452	1029	1478	0.0	701
25816890-bd67-474f-bc4f-8f8db74b5dde	NR_042199.1	94.748	457	12	12	1	452	1011	1460	0.0	701
f9479cb0-e199-4450-abd4-dbb29658e0bd	NR_042928.1	96.998	1266	21	15	1	1253	1266	5	0.0	2111
f9479cb0-e199-4450-abd4-dbb29658e0bd	NR_112026.1	96.808	1253	22	16	1	1240	1248	1	0.0	2078
f9479cb0-e199-4450-abd4-dbb29658e0bd	NR_199545.1	96.445	1266	28	15	1	1253	1286	25	0.0	2073
f9479cb0-e199-4450-abd4-dbb29658e0bd	NR_179385.1	96.367	1266	29	15	1	1253	1290	29	0.0	2067
f9479cb0-e199-4450-abd4-dbb29658e0bd	NR_028664.1	96.209	1266	31	15	1	1253	1289	28	0.0	2056
19d406bc-d632-4714-a973-17c480a6ea07	NR_181354.1	95.599	409	8	7	9	410	1090	685	0.0	647
19d406bc-d632-4714-a973-17c480a6ea07	NR_036830.1	95.366	410	8	7	9	410	1046	640	0.0	641
19d406bc-d632-4714-a973-17c480a6ea07	NR_115612.1	95.366	410	8	7	9	410	1044	638	0.0	641
19d406bc-d632-4714-a973-17c480a6ea07	NR_117822.1	95.366	410	8	7	9	410	1038	632	0.0	641
19d406bc-d632-4714-a973-17c480a6ea07	NR_132724.1	95.366	410	8	7	9	410	1021	615	0.0	641
e6b74276-5717-4a97-9219-f1663bef3f76	NR_133753.1	96.477	511	8	10	1	507	393	897	0.0	835
e6b74276-5717-4a97-9219-f1663bef3f76	NR_025903.1	96.477	511	8	10	1	507	439	943	0.0	835
e6b74276-5717-4a97-9219-f1663bef3f76	NR_133752.1	96.086	511	10	10	1	507	364	868	0.0	824
e6b74276-5717-4a97-9219-f1663bef3f76	NR_026419.1	96.086	511	10	10	1	507	427	931	0.0	824
e6b74276-5717-4a97-9219-f1663bef3f76	NR_025904.1	95.499	511	13	10	1	507	438	942	0.0	808
efc30382-dca9-464a-8310-5628c7983b4b	NR_024946.1	96.571	350	5	6	5	350	984	638	2.68e-163	573
efc30382-dca9-464a-8310-5628c7983b4b	NR_028619.1	96.571	350	5	6	5	350	997	651	2.68e-163	573
efc30382-dca9-464a-8310-5628c7983b4b	NR_113578.1	96.571	350	5	6	5	350	976	630	2.68e-163	573
efc30382-dca9-464a-8310-5628c7983b4b	NR_148763.1	96.571	350	5	6	5	350	996	650	2.68e-163	573
efc30382-dca9-464a-8310-5628c7983b4b	NR_148764.1	96.571	350	5	6	5	350	996	650	2.68e-163	573
ec37b395-43ec-4d6d-ae10-3c973425e514	NR_148763.1	97.768	448	0	7	1	442	461	18	0.0	763
ec37b395-43ec-4d6d-ae10-3c973425e514	NR_024927.1	96.875	448	4	7	1	442	454	11	0.0	741
ec37b395-43ec-4d6d-ae10-3c973425e514	NR_043195.1	96.875	448	4	7	1	442	459	16	0.0	741
ec37b395-43ec-4d6d-ae10-3c973425e514	NR_178482.1	97.917	432	2	6	1	429	431	4	0.0	741
ec37b395-43ec-4d6d-ae10-3c973425e514	NR_179227.1	96.875	448	4	7	1	442	461	18	0.0	741
5f6733ea-09e4-4ae1-9141-3da8157ccb94	NR_024946.1	97.711	568	9	4	1	565	1249	683	0.0	974
5f6733ea-09e4-4ae1-9141-3da8157ccb94	NR_148763.1	97.711	568	9	4	1	565	1261	695	0.0	974
5f6733ea-09e4-4ae1-9141-3da8157ccb94	NR_148764.1	97.711	568	9	4	1	565	1261	695	0.0	974
5f6733ea-09e4-4ae1-9141-3da8157ccb94	NR_117552.1	97.711	568	9	4	1	565	1241	675	0.0	974
5f6733ea-09e4-4ae1-9141-3da8157ccb94	NR_136473.1	97.711	568	9	4	1	565	1244	678	0.0	974
ac129117-95bb-4fc0-9370-2f31db336267	NR_181838.1	88.762	961	51	41	9	935	952	15	0.0	1123
ac129117-95bb-4fc0-9370-2f31db336267	NR_179985.1	88.658	961	52	41	9	935	949	12	0.0	1118
ac129117-95bb-4fc0-9370-2f31db336267	NR_181703.1	88.658	961	52	41	9	935	956	19	0.0	1118
ac129117-95bb-4fc0-9370-2f31db336267	NR_126220.1	88.622	958	52	41	9	932	935	1	0.0	1112
ac129117-95bb-4fc0-9370-2f31db336267	NR_179103.1	88.554	961	53	41	9	935	953	16	0.0	1112
d523a875-6fe3-407f-82fd-7963288edad1	NR_042776.1	91.620	1241	59	39	19	1242	1235	23	0.0	1674
d523a875-6fe3-407f-82fd-7963288edad1	NR_042778.1	91.459	1241	61	39	19	1242	1235	23	0.0	1663
d523a875-6fe3-407f-82fd-7963288edad1	NR_042777.1	91.378	1241	61	40	19	1242	1234	23	0.0	1657
d523a875-6fe3-407f-82fd-7963288edad1	NR_197695.1	91.217	1241	64	39	19	1242	1234	22	0.0	1646
d523a875-6fe3-407f-82fd-7963288edad1	NR_118998.1	90.887	1240	69	38	19	1242	1229	18	0.0	1626
54e8b56c-578a-43df-a42f-2f54d9dcb645	NR_148763.1	96.544	1418	23	21	1	1400	77	1486	0.0	2324
54e8b56c-578a-43df-a42f-2f54d9dcb645	NR_148764.1	96.042	1415	30	21	4	1400	80	1486	0.0	2279
54e8b56c-578a-43df-a42f-2f54d9dcb645	NR_113578.1	95.969	1414	31	21	1	1396	57	1462	0.0	2276
54e8b56c-578a-43df-a42f-2f54d9dcb645	NR_028619.1	95.910	1418	30	23	1	1400	78	1485	0.0	2272
54e8b56c-578a-43df-a42f-2f54d9dcb645	NR_024946.1	96.077	1402	29	21	1	1384	65	1458	0.0	2261
16bcd9d2-c04e-464f-9652-150c2f17c0ee	NR_134817.1	95.276	254	9	3	2	254	1236	1487	3.46e-111	399
16bcd9d2-c04e-464f-9652-150c2f17c0ee	NR_179540.1	95.276	254	9	3	2	254	1241	1492	3.46e-111	399
16bcd9d2-c04e-464f-9652-150c2f17c0ee	NR_028664.1	94.922	256	9	4	1	254	1243	1496	1.24e-110	398
16bcd9d2-c04e-464f-9652-150c2f17c0ee	NR_117719.1	94.922	256	9	4	1	254	1240	1493	1.24e-110	398
16bcd9d2-c04e-464f-9652-150c2f17c0ee	NR_178262.1	94.922	256	9	4	1	254	1116	1369	1.24e-110	398
82917536-895a-472d-895b-c06d4a1b7392	NR_024704.1	94.663	356	11	6	5	357	1380	1030	5.96e-155	545
82917536-895a-472d-895b-c06d4a1b7392	NR_024946.1	94.663	356	11	6	5	357	1380	1030	5.96e-155	545
82917536-895a-472d-895b-c06d4a1b7392	NR_036909.1	94.663	356	11	6	5	357	1390	1040	5.96e-155	545
82917536-895a-472d-895b-c06d4a1b7392	NR_112077.1	94.663	356	11	6	5	357	1390	1040	5.96e-155	545
82917536-895a-472d-895b-c06d4a1b7392	NR_113578.1	94.663	356	11	6	5	357	1372	1022	5.96e-155	545
6e4ae9d2-7b2f-4d3c-bebf-ac988a363a7b	NR_028664.1	92.999	1157	41	35	1	1131	354	1496	0.0	1652
6e4ae9d2-7b2f-4d3c-bebf-ac988a363a7b	NR_115240.1	92.975	1153	41	35	1	1127	331	1469	0.0	1644
6e4ae9d2-7b2f-4d3c-bebf-ac988a363a7b	NR_042927.1	92.888	1153	42	35	1	1127	333	1471	0.0	1639
6e4ae9d2-7b2f-4d3c-bebf-ac988a363a7b	NR_042928.1	92.795	1152	44	35	1	1127	331	1468	0.0	1631
6e4ae9d2-7b2f-4d3c-bebf-ac988a363a7b	NR_118234.1	93.058	1138	40	34	1	1113	350	1473	0.0	1628
be1a87c8-13a7-4d83-bac7-edc373c280ad	NR_148763.1	94.817	984	23	20	5	968	508	1483	0.0	1509
be1a87c8-13a7-4d83-bac7-edc373c280ad	NR_148764.1	94.715	984	24	20	5	968	508	1483	0.0	1504
be1a87c8-13a7-4d83-bac7-edc373c280ad	NR_113578.1	94.608	983	25	20	5	967	488	1462	0.0	1500
be1a87c8-13a7-4d83-bac7-edc373c280ad	NR_028619.1	94.512	984	24	22	5	968	509	1482	0.0	1491
be1a87c8-13a7-4d83-bac7-edc373c280ad	NR_024946.1	94.748	971	23	20	5	955	496	1458	0.0	1485
dba90442-0c16-466a-b07d-aea65634c421	NR_148763.1	96.469	1161	25	14	1	1150	1176	21	0.0	1903
dba90442-0c16-466a-b07d-aea65634c421	NR_024946.1	95.952	1161	31	14	1	1150	1164	9	0.0	1869
dba90442-0c16-466a-b07d-aea65634c421	NR_028619.1	95.866	1161	32	14	1	1150	1177	22	0.0	1866
dba90442-0c16-466a-b07d-aea65634c421	NR_113578.1	95.780	1161	33	14	1	1150	1156	1	0.0	1862
dba90442-0c16-466a-b07d-aea65634c421	NR_136473.1	95.780	1161	33	14	1	1150	1159	4	0.0	1860
