f4ccf4e5-194d-43bf-ad46-71d1d12bee01	NR_148763.1	97.193	748	9	8	1	738	742	1487	0.0	1254
f4ccf4e5-194d-43bf-ad46-71d1d12bee01	NR_148764.1	97.059	748	10	8	1	738	742	1487	0.0	1249
f4ccf4e5-194d-43bf-ad46-71d1d12bee01	NR_028619.1	96.925	748	9	10	1	738	743	1486	0.0	1242
f4ccf4e5-194d-43bf-ad46-71d1d12bee01	NR_181838.1	96.658	748	13	8	1	738	745	1490	0.0	1232
f4ccf4e5-194d-43bf-ad46-71d1d12bee01	NR_028986.1	96.257	748	16	8	1	738	722	1467	0.0	1216
40202a89-b636-4c45-8627-0b9fd7445449	NR_148763.1	96.240	1250	24	16	11	1246	246	1486	0.0	2026
40202a89-b636-4c45-8627-0b9fd7445449	NR_148764.1	95.760	1250	30	16	11	1246	246	1486	0.0	1993
40202a89-b636-4c45-8627-0b9fd7445449	NR_113578.1	95.666	1246	31	16	11	1242	226	1462	0.0	1982
40202a89-b636-4c45-8627-0b9fd7445449	NR_028619.1	95.600	1250	30	18	11	1246	247	1485	0.0	1980
40202a89-b636-4c45-8627-0b9fd7445449	NR_024946.1	95.786	1234	29	16	11	1230	234	1458	0.0	1969
f7878f41-7e66-4799-a8d9-40b4f1267baa	NR_148763.1	94.924	926	27	14	1	913	565	1483	0.0	1432
f7878f41-7e66-4799-a8d9-40b4f1267baa	NR_148764.1	94.924	926	27	14	1	913	565	1483	0.0	1432
f7878f41-7e66-4799-a8d9-40b4f1267baa	NR_113578.1	94.703	925	29	14	1	912	545	1462	0.0	1423
f7878f41-7e66-4799-a8d9-40b4f1267baa	NR_028619.1	94.708	926	27	15	1	913	566	1482	0.0	1419
f7878f41-7e66-4799-a8d9-40b4f1267baa	NR_024704.1	94.060	926	35	14	1	913	553	1471	0.0	1391
3e83fc23-285a-4d68-a744-74b26a7b3b07	NR_074980.1	97.210	1111	18	10	1	1105	1115	12	0.0	1868
3e83fc23-285a-4d68-a744-74b26a7b3b07	NR_113031.1	97.210	1111	18	10	1	1105	1115	12	0.0	1868
3e83fc23-285a-4d68-a744-74b26a7b3b07	NR_119168.1	97.448	1097	16	9	1	1091	1093	3	0.0	1864
3e83fc23-285a-4d68-a744-74b26a7b3b07	NR_117759.1	97.265	1097	18	9	1	1091	1091	1	0.0	1853
3e83fc23-285a-4d68-a744-74b26a7b3b07	NR_043332.1	97.258	1094	18	9	1	1088	1088	1	0.0	1849
1e7444f5-9706-4fd4-8812-65060bc3a7a9	NR_148763.1	94.867	526	10	10	8	524	528	11	0.0	806
1e7444f5-9706-4fd4-8812-65060bc3a7a9	NR_024927.1	94.084	524	14	10	8	522	521	6	0.0	780
1e7444f5-9706-4fd4-8812-65060bc3a7a9	NR_043195.1	94.084	524	14	10	8	522	526	11	0.0	780
1e7444f5-9706-4fd4-8812-65060bc3a7a9	NR_179227.1	94.084	524	14	10	8	522	528	13	0.0	780
1e7444f5-9706-4fd4-8812-65060bc3a7a9	NR_024946.1	93.702	524	16	10	8	522	516	1	0.0	769
dc946c7b-351d-4d44-9a45-dca07718886c	NR_043314.1	95.622	1005	23	15	1	988	486	1486	0.0	1592
dc946c7b-351d-4d44-9a45-dca07718886c	NR_117822.1	95.618	1004	24	13	1	988	443	1442	0.0	1592
dc946c7b-351d-4d44-9a45-dca07718886c	NR_036830.1	95.518	1004	25	13	1	988	451	1450	0.0	1587
dc946c7b-351d-4d44-9a45-dca07718886c	NR_116899.1	95.518	1004	25	14	1	988	456	1455	0.0	1587
dc946c7b-351d-4d44-9a45-dca07718886c	NR_178423.1	95.518	1004	25	13	1	988	471	1470	0.0	1587
67ecc562-8c77-4ffe-a09b-836c02d74c9f	NR_181838.1	95.870	1356	37	17	1	1346	1362	16	0.0	2176
67ecc562-8c77-4ffe-a09b-836c02d74c9f	NR_179985.1	95.796	1356	38	17	1	1346	1359	13	0.0	2170
67ecc562-8c77-4ffe-a09b-836c02d74c9f	NR_179103.1	95.723	1356	39	17	1	1346	1363	17	0.0	2165
67ecc562-8c77-4ffe-a09b-836c02d74c9f	NR_179728.1	95.723	1356	39	17	1	1346	1359	13	0.0	2165
67ecc562-8c77-4ffe-a09b-836c02d74c9f	NR_126220.1	95.716	1354	39	17	1	1344	1345	1	0.0	2161
e55549dd-d4fa-4775-bc32-868007fcb0da	NR_178262.1	95.094	265	4	8	1	259	1355	1094	5.86e-114	409
e55549dd-d4fa-4775-bc32-868007fcb0da	NR_179215.1	95.094	265	4	8	1	259	1477	1216	5.86e-114	409
e55549dd-d4fa-4775-bc32-868007fcb0da	NR_024842.1	94.697	264	6	7	1	259	1475	1215	2.73e-112	403
e55549dd-d4fa-4775-bc32-868007fcb0da	NR_036936.1	94.717	265	5	8	1	259	1461	1200	2.73e-112	403
e55549dd-d4fa-4775-bc32-868007fcb0da	NR_025453.1	94.717	265	5	8	1	259	1461	1200	2.73e-112	403
d439cf35-efce-419c-8a8d-23185632f586	NR_024918.1	97.237	579	10	5	1	577	890	1464	0.0	976
d439cf35-efce-419c-8a8d-23185632f586	NR_025227.1	97.237	579	10	5	1	577	873	1447	0.0	976
d439cf35-efce-419c-8a8d-23185632f586	NR_043314.1	97.237	579	10	5	1	577	895	1469	0.0	976
d439cf35-efce-419c-8a8d-23185632f586	NR_116899.1	97.237	579	10	5	1	577	864	1438	0.0	976
d439cf35-efce-419c-8a8d-23185632f586	NR_164626.1	97.237	579	10	5	1	577	887	1461	0.0	976
eb11134d-f249-412d-b3e8-b1f004c6f543	NR_024927.1	95.677	1203	26	20	1	1192	136	1323	0.0	1910
eb11134d-f249-412d-b3e8-b1f004c6f543	NR_025227.1	95.750	1200	25	20	4	1192	122	1306	0.0	1910
eb11134d-f249-412d-b3e8-b1f004c6f543	NR_114223.1	95.677	1203	26	20	1	1192	123	1310	0.0	1910
eb11134d-f249-412d-b3e8-b1f004c6f543	NR_148763.1	95.594	1203	27	20	1	1192	143	1330	0.0	1905
eb11134d-f249-412d-b3e8-b1f004c6f543	NR_116899.1	95.667	1200	26	21	4	1192	113	1297	0.0	1905
bc96a397-7677-4197-88ef-71d047ff4899	NR_028664.1	94.132	1227	35	26	1	1209	1405	198	0.0	1832
bc96a397-7677-4197-88ef-71d047ff4899	NR_115240.1	94.132	1227	35	26	1	1209	1382	175	0.0	1832
bc96a397-7677-4197-88ef-71d047ff4899	NR_115732.1	94.132	1227	35	26	1	1209	1384	177	0.0	1832
bc96a397-7677-4197-88ef-71d047ff4899	NR_116207.1	94.132	1227	35	26	1	1209	1247	40	0.0	1832
bc96a397-7677-4197-88ef-71d047ff4899	NR_199544.1	94.132	1227	35	26	1	1209	1360	153	0.0	1832
53352d39-cbc6-48c8-af1b-cec3a4c8af69	NR_181838.1	97.318	1193	14	15	1	1183	1199	15	0.0	2010
53352d39-cbc6-48c8-af1b-cec3a4c8af69	NR_179985.1	97.234	1193	15	15	1	1183	1196	12	0.0	2004
53352d39-cbc6-48c8-af1b-cec3a4c8af69	NR_179103.1	97.150	1193	16	15	1	1183	1200	16	0.0	1999
53352d39-cbc6-48c8-af1b-cec3a4c8af69	NR_179728.1	97.150	1193	16	15	1	1183	1196	12	0.0	1999
53352d39-cbc6-48c8-af1b-cec3a4c8af69	NR_126220.1	97.143	1190	16	15	1	1180	1182	1	0.0	1993
8084fc70-71da-4dd9-80cb-e2d7f518a6f2	NR_116899.1	96.230	1406	28	20	8	1400	62	1455	0.0	2279
8084fc70-71da-4dd9-80cb-e2d7f518a6f2	NR_179103.1	96.017	1406	31	20	8	1400	99	1492	0.0	2263
8084fc70-71da-4dd9-80cb-e2d7f518a6f2	NR_179728.1	96.017	1406	31	20	8	1400	95	1488	0.0	2263
8084fc70-71da-4dd9-80cb-e2d7f518a6f2	NR_181838.1	96.017	1406	31	20	8	1400	98	1491	0.0	2263
8084fc70-71da-4dd9-80cb-e2d7f518a6f2	NR_025227.1	96.135	1397	29	20	8	1391	71	1455	0.0	2257
422eab9d-c4c6-4607-bf5a-127109c32cb3	NR_181838.1	96.772	1208	22	14	1	1201	1212	15	0.0	1999
422eab9d-c4c6-4607-bf5a-127109c32cb3	NR_179103.1	96.689	1208	23	14	1	1201	1213	16	0.0	1993
422eab9d-c4c6-4607-bf5a-127109c32cb3	NR_179728.1	96.689	1208	23	14	1	1201	1209	12	0.0	1993
422eab9d-c4c6-4607-bf5a-127109c32cb3	NR_179985.1	96.689	1208	23	14	1	1201	1209	12	0.0	1993
422eab9d-c4c6-4607-bf5a-127109c32cb3	NR_181729.1	96.758	1203	23	13	1	1196	1194	1	0.0	1991
c09672e1-008c-459b-8cd5-f48ff38c9ad7	NR_148763.1	98.012	503	8	2	10	510	513	11	0.0	872
c09672e1-008c-459b-8cd5-f48ff38c9ad7	NR_024927.1	97.206	501	12	2	10	508	506	6	0.0	846
c09672e1-008c-459b-8cd5-f48ff38c9ad7	NR_043195.1	97.206	501	12	2	10	508	511	11	0.0	846
c09672e1-008c-459b-8cd5-f48ff38c9ad7	NR_179227.1	97.206	501	12	2	10	508	513	13	0.0	846
c09672e1-008c-459b-8cd5-f48ff38c9ad7	NR_024946.1	96.806	501	14	2	10	508	501	1	0.0	835
25db1f41-544b-4f0f-beb1-645bcf7b01d3	NR_163639.1	95.162	1385	33	29	1	1368	1371	4	0.0	2156
25db1f41-544b-4f0f-beb1-645bcf7b01d3	NR_115355.1	95.252	1369	35	24	1	1352	1356	1	0.0	2145
25db1f41-544b-4f0f-beb1-645bcf7b01d3	NR_119169.1	95.051	1374	38	24	1	1357	1361	1	0.0	2141
25db1f41-544b-4f0f-beb1-645bcf7b01d3	NR_074980.1	94.509	1384	46	22	1	1367	1383	13	0.0	2108
25db1f41-544b-4f0f-beb1-645bcf7b01d3	NR_113031.1	94.509	1384	46	22	1	1367	1383	13	0.0	2108
c2c2ecb6-cf91-4d8a-9e99-376980966063	NR_043314.1	97.085	343	5	2	5	342	6	348	2.60e-163	573
c2c2ecb6-cf91-4d8a-9e99-376980966063	NR_024918.1	96.793	343	6	2	5	342	2	344	1.21e-161	568
c2c2ecb6-cf91-4d8a-9e99-376980966063	NR_104278.1	96.793	343	6	2	5	342	1	343	1.21e-161	568
c2c2ecb6-cf91-4d8a-9e99-376980966063	NR_104280.1	96.793	343	6	2	5	342	1	343	1.21e-161	568
c2c2ecb6-cf91-4d8a-9e99-376980966063	NR_179985.1	96.793	343	6	2	5	342	9	351	1.21e-161	568
615488b8-32c9-4faa-a8a2-55f9b1a492ee	NR_044873.1	94.842	950	34	12	1	945	35	974	0.0	1469
615488b8-32c9-4faa-a8a2-55f9b1a492ee	NR_074568.1	93.136	947	51	13	1	943	46	982	0.0	1376
615488b8-32c9-4faa-a8a2-55f9b1a492ee	NR_044712.2	92.714	947	55	13	1	943	55	991	0.0	1362
615488b8-32c9-4faa-a8a2-55f9b1a492ee	NR_025310.1	92.624	949	56	12	1	945	26	964	0.0	1352
615488b8-32c9-4faa-a8a2-55f9b1a492ee	NR_178360.1	92.429	951	55	14	1	945	12	951	0.0	1341
df2fce7c-b01f-40e9-8d91-a2b58da03c80	NR_148763.1	97.891	901	8	7	3	899	76	969	0.0	1548
df2fce7c-b01f-40e9-8d91-a2b58da03c80	NR_024946.1	97.225	901	14	7	3	899	64	957	0.0	1515
df2fce7c-b01f-40e9-8d91-a2b58da03c80	NR_028619.1	97.225	901	14	7	3	899	77	970	0.0	1515
df2fce7c-b01f-40e9-8d91-a2b58da03c80	NR_113578.1	97.225	901	14	7	3	899	56	949	0.0	1515
df2fce7c-b01f-40e9-8d91-a2b58da03c80	NR_148764.1	97.321	896	14	6	8	899	80	969	0.0	1513
68937c7b-e6a6-4973-81a9-99d369ecb00d	NR_148763.1	97.864	1451	18	10	2	1441	1459	11	0.0	2495
68937c7b-e6a6-4973-81a9-99d369ecb00d	NR_024946.1	97.447	1449	24	10	2	1439	1447	1	0.0	2459
68937c7b-e6a6-4973-81a9-99d369ecb00d	NR_136473.1	97.299	1444	26	10	2	1434	1442	1	0.0	2440
68937c7b-e6a6-4973-81a9-99d369ecb00d	NR_113578.1	97.363	1441	25	11	2	1431	1439	1	0.0	2438
68937c7b-e6a6-4973-81a9-99d369ecb00d	NR_028619.1	97.170	1449	26	12	2	1439	1458	14	0.0	2436
c046954e-9cff-44c3-8b3c-cc687e7f7a64	NR_117822.1	95.603	614	13	11	1	603	1191	581	0.0	972
c046954e-9cff-44c3-8b3c-cc687e7f7a64	NR_024707.1	95.440	614	14	11	1	603	1219	609	0.0	970
c046954e-9cff-44c3-8b3c-cc687e7f7a64	NR_025228.1	95.440	614	14	11	1	603	1213	603	0.0	966
c046954e-9cff-44c3-8b3c-cc687e7f7a64	NR_025549.1	95.440	614	14	11	1	603	1219	609	0.0	966
c046954e-9cff-44c3-8b3c-cc687e7f7a64	NR_025550.1	95.440	614	14	11	1	603	1219	609	0.0	966
ff3358ba-9f02-4ae9-96a1-9a1b70b515b1	NR_117719.1	98.464	651	5	5	1	648	845	1493	0.0	1142
ff3358ba-9f02-4ae9-96a1-9a1b70b515b1	NR_179383.1	98.310	651	6	5	1	648	852	1500	0.0	1136
ff3358ba-9f02-4ae9-96a1-9a1b70b515b1	NR_179540.1	98.308	650	7	4	1	648	845	1492	0.0	1136
ff3358ba-9f02-4ae9-96a1-9a1b70b515b1	NR_175455.1	98.160	652	6	6	1	648	833	1482	0.0	1133
ff3358ba-9f02-4ae9-96a1-9a1b70b515b1	NR_028665.1	98.154	650	8	4	1	648	842	1489	0.0	1131
ed753d46-b04a-4725-b601-1807a108bf95	NR_025228.1	93.449	519	17	15	1	507	953	440	0.0	754
ed753d46-b04a-4725-b601-1807a108bf95	NR_025549.1	93.449	519	17	15	1	507	959	446	0.0	754
ed753d46-b04a-4725-b601-1807a108bf95	NR_036830.1	93.449	519	17	15	1	507	939	426	0.0	754
ed753d46-b04a-4725-b601-1807a108bf95	NR_117822.1	93.449	519	17	15	1	507	931	418	0.0	754
ed753d46-b04a-4725-b601-1807a108bf95	NR_152639.1	93.449	519	17	15	1	507	941	428	0.0	754
e0d6adad-57ca-4d47-8856-9c1dbbfea0e5	NR_024918.1	95.094	693	23	10	1	687	789	1476	0.0	1081
e0d6adad-57ca-4d47-8856-9c1dbbfea0e5	NR_116899.1	95.094	693	23	10	1	687	763	1450	0.0	1081
e0d6adad-57ca-4d47-8856-9c1dbbfea0e5	NR_164626.1	95.094	693	23	10	1	687	786	1473	0.0	1081
e0d6adad-57ca-4d47-8856-9c1dbbfea0e5	NR_178854.1	95.094	693	23	10	1	687	775	1462	0.0	1081
e0d6adad-57ca-4d47-8856-9c1dbbfea0e5	NR_179889.1	95.094	693	23	10	1	687	803	1490	0.0	1081
5aa5e4b9-cf0a-41d7-8fba-80a23c761d0d	NR_148763.1	95.278	1440	28	32	1	1424	68	1483	0.0	2246
5aa5e4b9-cf0a-41d7-8fba-80a23c761d0d	NR_113578.1	94.719	1439	36	32	1	1423	48	1462	0.0	2204
5aa5e4b9-cf0a-41d7-8fba-80a23c761d0d	NR_148764.1	94.884	1427	35	30	13	1424	80	1483	0.0	2196
5aa5e4b9-cf0a-41d7-8fba-80a23c761d0d	NR_028619.1	94.653	1440	35	34	1	1424	69	1482	0.0	2194
5aa5e4b9-cf0a-41d7-8fba-80a23c761d0d	NR_024946.1	94.814	1427	34	32	1	1411	56	1458	0.0	2189
22bbab1c-f0e2-49db-b524-4ab58e9c8da0	NR_042776.1	95.759	448	10	7	1	443	466	23	0.0	713
22bbab1c-f0e2-49db-b524-4ab58e9c8da0	NR_042777.1	95.312	448	12	7	1	443	466	23	0.0	702
22bbab1c-f0e2-49db-b524-4ab58e9c8da0	NR_042778.1	95.312	448	12	7	1	443	466	23	0.0	702
22bbab1c-f0e2-49db-b524-4ab58e9c8da0	NR_118998.1	94.643	448	15	7	1	443	461	18	0.0	688
22bbab1c-f0e2-49db-b524-4ab58e9c8da0	NR_197695.1	94.643	448	15	7	1	443	465	22	0.0	686
7600f2c8-b3f6-4fbf-bd8b-aa80e2b3007b	NR_148763.1	97.336	901	18	6	18	915	238	1135	0.0	1526
7600f2c8-b3f6-4fbf-bd8b-aa80e2b3007b	NR_024946.1	96.670	901	24	6	18	915	226	1123	0.0	1493
7600f2c8-b3f6-4fbf-bd8b-aa80e2b3007b	NR_028619.1	96.670	901	24	6	18	915	239	1136	0.0	1493
7600f2c8-b3f6-4fbf-bd8b-aa80e2b3007b	NR_148764.1	96.670	901	24	6	18	915	238	1135	0.0	1493
7600f2c8-b3f6-4fbf-bd8b-aa80e2b3007b	NR_178975.1	96.670	901	24	6	18	915	217	1114	0.0	1493
6f4d7a58-892b-4bda-9737-bc5aad3d8ec5	NR_116899.1	94.769	1319	44	20	36	1342	145	1450	0.0	2030
6f4d7a58-892b-4bda-9737-bc5aad3d8ec5	NR_024927.1	93.957	1357	50	25	2	1342	136	1476	0.0	2023
6f4d7a58-892b-4bda-9737-bc5aad3d8ec5	NR_025227.1	94.753	1315	44	20	36	1338	154	1455	0.0	2023
6f4d7a58-892b-4bda-9737-bc5aad3d8ec5	NR_114223.1	93.953	1356	50	25	2	1341	123	1462	0.0	2021
6f4d7a58-892b-4bda-9737-bc5aad3d8ec5	NR_178482.1	93.814	1358	52	25	1	1342	112	1453	0.0	2013
bfcd1ee8-c5ab-4fee-a2b3-c80fc66b2632	NR_148763.1	96.048	911	22	11	3	905	915	11	0.0	1471
bfcd1ee8-c5ab-4fee-a2b3-c80fc66b2632	NR_024946.1	95.380	909	28	11	3	903	903	1	0.0	1434
bfcd1ee8-c5ab-4fee-a2b3-c80fc66b2632	NR_028619.1	95.270	909	29	11	3	903	916	14	0.0	1430
bfcd1ee8-c5ab-4fee-a2b3-c80fc66b2632	NR_113578.1	95.339	901	28	11	3	895	895	1	0.0	1419
bfcd1ee8-c5ab-4fee-a2b3-c80fc66b2632	NR_148764.1	94.951	911	32	11	3	905	915	11	0.0	1415
d59fc6c2-aead-489a-9eb8-33eb0bda9aec	NR_148763.1	96.653	1195	14	22	1	1179	303	1487	0.0	1962
d59fc6c2-aead-489a-9eb8-33eb0bda9aec	NR_148764.1	96.067	1195	21	22	1	1179	303	1487	0.0	1923
d59fc6c2-aead-489a-9eb8-33eb0bda9aec	NR_113578.1	95.963	1189	24	20	1	1174	283	1462	0.0	1912
d59fc6c2-aead-489a-9eb8-33eb0bda9aec	NR_028619.1	95.896	1194	23	23	1	1179	304	1486	0.0	1910
d59fc6c2-aead-489a-9eb8-33eb0bda9aec	NR_181838.1	95.725	1193	29	19	1	1179	306	1490	0.0	1901
2d8e1cef-e280-45d2-9f40-fa17ecb4d932	NR_148763.1	98.298	1351	12	6	1	1345	142	1487	0.0	2357
2d8e1cef-e280-45d2-9f40-fa17ecb4d932	NR_148764.1	97.779	1351	19	6	1	1345	142	1487	0.0	2318
2d8e1cef-e280-45d2-9f40-fa17ecb4d932	NR_113578.1	97.771	1346	19	6	1	1340	122	1462	0.0	2313
2d8e1cef-e280-45d2-9f40-fa17ecb4d932	NR_028619.1	97.631	1351	19	9	1	1345	143	1486	0.0	2305
2d8e1cef-e280-45d2-9f40-fa17ecb4d932	NR_024946.1	97.901	1334	17	6	1	1328	130	1458	0.0	2298
d8f94515-0f0f-4f6a-bb5a-112308c3e09d	NR_148763.1	92.125	1435	49	42	2	1390	67	1483	0.0	1965
d8f94515-0f0f-4f6a-bb5a-112308c3e09d	NR_113578.1	91.562	1434	57	42	2	1389	47	1462	0.0	1921
d8f94515-0f0f-4f6a-bb5a-112308c3e09d	NR_028619.1	91.568	1435	55	44	2	1390	68	1482	0.0	1919
d8f94515-0f0f-4f6a-bb5a-112308c3e09d	NR_024946.1	91.632	1422	55	42	2	1377	55	1458	0.0	1908
d8f94515-0f0f-4f6a-bb5a-112308c3e09d	NR_148764.1	91.626	1421	57	41	14	1390	81	1483	0.0	1908
367e9bf7-22ab-43d0-9aa1-defc4128dae7	NR_179103.1	96.764	649	14	5	2	644	663	16	0.0	1075
367e9bf7-22ab-43d0-9aa1-defc4128dae7	NR_179728.1	96.764	649	14	5	2	644	659	12	0.0	1075
367e9bf7-22ab-43d0-9aa1-defc4128dae7	NR_179985.1	96.764	649	14	5	2	644	659	12	0.0	1075
367e9bf7-22ab-43d0-9aa1-defc4128dae7	NR_181838.1	96.764	649	14	5	2	644	662	15	0.0	1075
367e9bf7-22ab-43d0-9aa1-defc4128dae7	NR_181890.1	96.610	649	15	5	2	644	662	15	0.0	1070
d0aa3697-1e8c-41af-8ea0-18362cebd8e5	NR_116899.1	95.216	648	19	10	1	639	646	2	0.0	1014
d0aa3697-1e8c-41af-8ea0-18362cebd8e5	NR_179103.1	94.196	672	24	13	1	660	683	15	0.0	1011
d0aa3697-1e8c-41af-8ea0-18362cebd8e5	NR_179728.1	94.196	672	24	13	1	660	679	11	0.0	1011
d0aa3697-1e8c-41af-8ea0-18362cebd8e5	NR_179985.1	94.196	672	24	13	1	660	679	11	0.0	1011
d0aa3697-1e8c-41af-8ea0-18362cebd8e5	NR_181838.1	94.196	672	24	13	1	660	682	14	0.0	1011
205dcc30-b73b-49a8-8bf1-2c02ed45dac1	NR_042928.1	95.408	1067	26	14	1	1047	1422	359	0.0	1677
205dcc30-b73b-49a8-8bf1-2c02ed45dac1	NR_179540.1	95.220	1067	28	14	1	1047	1442	379	0.0	1666
205dcc30-b73b-49a8-8bf1-2c02ed45dac1	NR_199547.1	95.220	1067	28	14	1	1047	1402	339	0.0	1666
205dcc30-b73b-49a8-8bf1-2c02ed45dac1	NR_028664.1	95.127	1067	29	14	1	1047	1445	382	0.0	1661
205dcc30-b73b-49a8-8bf1-2c02ed45dac1	NR_115240.1	95.127	1067	29	14	1	1047	1422	359	0.0	1661
d81bb4c7-3735-4552-9f34-6881a6d05ce2	NR_102936.1	95.839	769	22	8	2	762	678	1444	0.0	1234
d81bb4c7-3735-4552-9f34-6881a6d05ce2	NR_113159.1	95.839	769	22	8	2	762	678	1444	0.0	1234
d81bb4c7-3735-4552-9f34-6881a6d05ce2	NR_026093.1	95.573	768	22	10	2	761	585	1348	0.0	1219
d81bb4c7-3735-4552-9f34-6881a6d05ce2	NR_036819.1	94.018	769	36	8	2	762	659	1425	0.0	1157
d81bb4c7-3735-4552-9f34-6881a6d05ce2	NR_113038.1	94.018	769	36	8	2	762	679	1445	0.0	1157
4fc80ed4-901d-4928-ad27-435403f718f7	NR_116899.1	95.705	908	24	15	1	896	47	951	0.0	1447
4fc80ed4-901d-4928-ad27-435403f718f7	NR_179103.1	95.875	897	24	13	10	896	95	988	0.0	1439
4fc80ed4-901d-4928-ad27-435403f718f7	NR_179728.1	95.875	897	24	13	10	896	91	984	0.0	1439
4fc80ed4-901d-4928-ad27-435403f718f7	NR_179985.1	95.485	908	26	15	1	896	80	984	0.0	1435
4fc80ed4-901d-4928-ad27-435403f718f7	NR_181838.1	95.485	908	26	15	1	896	83	987	0.0	1435
54189ee5-15fe-473f-bd82-74c2a79acee0	NR_024946.1	95.745	423	10	8	15	430	423	2	0.0	675
54189ee5-15fe-473f-bd82-74c2a79acee0	NR_148763.1	95.745	423	10	8	15	430	435	14	0.0	675
54189ee5-15fe-473f-bd82-74c2a79acee0	NR_028619.1	95.508	423	11	8	15	430	436	15	0.0	671
54189ee5-15fe-473f-bd82-74c2a79acee0	NR_113578.1	96.350	411	9	6	15	419	415	5	0.0	671
54189ee5-15fe-473f-bd82-74c2a79acee0	NR_178974.1	96.350	411	9	6	15	419	414	4	0.0	671
43cb847c-d836-4e50-92ac-8f8788ce11b9	NR_041715.1	99.435	177	0	1	1	176	1158	1334	1.97e-87	320
43cb847c-d836-4e50-92ac-8f8788ce11b9	NR_024704.1	99.435	177	0	1	1	176	1158	1334	1.97e-87	320
43cb847c-d836-4e50-92ac-8f8788ce11b9	NR_024946.1	99.435	177	0	1	1	176	1158	1334	1.97e-87	320
43cb847c-d836-4e50-92ac-8f8788ce11b9	NR_036909.1	99.435	177	0	1	1	176	1168	1344	1.97e-87	320
43cb847c-d836-4e50-92ac-8f8788ce11b9	NR_041044.1	99.435	177	0	1	1	176	1153	1329	1.97e-87	320
e510deed-fe6e-4fba-b567-373f2d9ac642	NR_148763.1	94.309	615	15	15	4	606	650	44	0.0	924
e510deed-fe6e-4fba-b567-373f2d9ac642	NR_024927.1	93.171	615	22	15	4	606	643	37	0.0	885
e510deed-fe6e-4fba-b567-373f2d9ac642	NR_114223.1	93.171	615	22	15	4	606	630	24	0.0	885
e510deed-fe6e-4fba-b567-373f2d9ac642	NR_178482.1	93.171	615	22	15	4	606	620	14	0.0	885
e510deed-fe6e-4fba-b567-373f2d9ac642	NR_178342.1	92.846	615	24	15	4	606	630	24	0.0	874
69b58eb4-d832-4bb9-b02b-3cdc3809d113	NR_113124.1	98.446	708	7	3	1	707	773	1477	0.0	1243
69b58eb4-d832-4bb9-b02b-3cdc3809d113	NR_115327.1	98.438	704	7	3	1	703	753	1453	0.0	1236
69b58eb4-d832-4bb9-b02b-3cdc3809d113	NR_042843.1	98.164	708	9	3	1	707	753	1457	0.0	1232
69b58eb4-d832-4bb9-b02b-3cdc3809d113	NR_102895.1	98.164	708	9	3	1	707	781	1485	0.0	1232
69b58eb4-d832-4bb9-b02b-3cdc3809d113	NR_113113.1	98.164	708	9	3	1	707	761	1465	0.0	1232
26d1b16f-2a1e-4e6b-a9e0-5fd5eea7d410	NR_148763.1	95.101	1429	34	34	3	1411	71	1483	0.0	2218
26d1b16f-2a1e-4e6b-a9e0-5fd5eea7d410	NR_113578.1	94.538	1428	42	34	3	1410	51	1462	0.0	2176
26d1b16f-2a1e-4e6b-a9e0-5fd5eea7d410	NR_148764.1	94.826	1411	40	31	19	1411	88	1483	0.0	2170
26d1b16f-2a1e-4e6b-a9e0-5fd5eea7d410	NR_028619.1	94.472	1429	41	36	3	1411	72	1482	0.0	2167
26d1b16f-2a1e-4e6b-a9e0-5fd5eea7d410	NR_024946.1	94.633	1416	40	34	3	1398	59	1458	0.0	2161
fd63e883-e405-4a85-9853-382f456cf80b	NR_148763.1	96.339	601	9	7	4	593	171	769	0.0	976
fd63e883-e405-4a85-9853-382f456cf80b	NR_178482.1	95.507	601	14	7	4	593	141	739	0.0	948
fd63e883-e405-4a85-9853-382f456cf80b	NR_024927.1	95.341	601	15	7	4	593	164	762	0.0	942
fd63e883-e405-4a85-9853-382f456cf80b	NR_025227.1	95.341	601	15	7	4	593	147	745	0.0	942
fd63e883-e405-4a85-9853-382f456cf80b	NR_114223.1	95.341	601	15	7	4	593	151	749	0.0	942
c0fdaf14-9962-46b2-bfc8-5994df52f734	NR_114413.1	93.555	993	37	25	1	974	1005	21	0.0	1454
c0fdaf14-9962-46b2-bfc8-5994df52f734	NR_042927.1	93.535	990	37	25	1	971	982	1	0.0	1448
c0fdaf14-9962-46b2-bfc8-5994df52f734	NR_115734.1	94.087	964	34	22	1	945	983	24	0.0	1443
c0fdaf14-9962-46b2-bfc8-5994df52f734	NR_199547.1	93.796	951	36	23	1	932	960	14	0.0	1408
c0fdaf14-9962-46b2-bfc8-5994df52f734	NR_042928.1	92.727	990	43	27	1	971	980	1	0.0	1402
44bb95ed-08cd-4e80-adf8-14b4ed89eb4b	NR_115735.1	94.605	1353	37	18	19	1342	119	1464	0.0	2061
44bb95ed-08cd-4e80-adf8-14b4ed89eb4b	NR_024842.1	94.461	1354	39	18	19	1343	143	1489	0.0	2056
44bb95ed-08cd-4e80-adf8-14b4ed89eb4b	NR_115241.1	94.370	1350	40	18	19	1339	128	1470	0.0	2045
44bb95ed-08cd-4e80-adf8-14b4ed89eb4b	NR_165737.1	93.787	1352	45	21	19	1339	128	1471	0.0	1995
44bb95ed-08cd-4e80-adf8-14b4ed89eb4b	NR_109720.1	93.601	1344	47	21	19	1331	122	1457	0.0	1969
9bf7ed6d-8775-4d01-9f90-beaee3f31904	NR_148763.1	95.493	355	8	8	2	351	289	640	2.13e-159	560
9bf7ed6d-8775-4d01-9f90-beaee3f31904	NR_118155.1	95.211	355	9	8	2	351	292	643	9.93e-158	555
9bf7ed6d-8775-4d01-9f90-beaee3f31904	NR_116646.1	94.930	355	10	8	2	351	234	585	4.62e-156	549
9bf7ed6d-8775-4d01-9f90-beaee3f31904	NR_024927.1	94.648	355	11	8	2	351	282	633	2.15e-154	544
9bf7ed6d-8775-4d01-9f90-beaee3f31904	NR_025227.1	94.648	355	11	8	2	351	265	616	2.15e-154	544
c309fd86-acf7-4b3a-97a5-2f2ac32f5b54	NR_024704.1	94.889	450	13	8	1	446	1028	1471	0.0	695
c309fd86-acf7-4b3a-97a5-2f2ac32f5b54	NR_148763.1	94.889	450	13	8	1	446	1040	1483	0.0	695
c309fd86-acf7-4b3a-97a5-2f2ac32f5b54	NR_181838.1	94.889	450	13	8	1	446	1043	1486	0.0	695
c309fd86-acf7-4b3a-97a5-2f2ac32f5b54	NR_113578.1	94.878	449	13	8	1	445	1020	1462	0.0	693
c309fd86-acf7-4b3a-97a5-2f2ac32f5b54	NR_148764.1	94.667	450	14	8	1	446	1040	1483	0.0	689
