8276bfcd-5352-4c14-b1f5-51bfe75d532e	NR_115735.1	98.476	984	6	8	1	983	1410	435	0.0	1725
8276bfcd-5352-4c14-b1f5-51bfe75d532e	NR_024842.1	98.374	984	7	8	1	983	1434	459	0.0	1722
8276bfcd-5352-4c14-b1f5-51bfe75d532e	NR_115241.1	98.272	984	8	8	1	983	1419	444	0.0	1718
8276bfcd-5352-4c14-b1f5-51bfe75d532e	NR_109720.1	98.171	984	9	8	1	983	1413	438	0.0	1709
8276bfcd-5352-4c14-b1f5-51bfe75d532e	NR_116211.1	98.455	971	6	8	14	983	1329	367	0.0	1701
2bcce14c-fdde-41ee-a10a-8d44eb4167ad	NR_179103.1	97.164	952	16	6	1	948	964	20	0.0	1598
2bcce14c-fdde-41ee-a10a-8d44eb4167ad	NR_179728.1	97.164	952	16	6	1	948	960	16	0.0	1598
2bcce14c-fdde-41ee-a10a-8d44eb4167ad	NR_179985.1	97.164	952	16	6	1	948	960	16	0.0	1598
2bcce14c-fdde-41ee-a10a-8d44eb4167ad	NR_181838.1	97.164	952	16	6	1	948	963	19	0.0	1598
2bcce14c-fdde-41ee-a10a-8d44eb4167ad	NR_181729.1	97.059	952	17	6	1	948	945	1	0.0	1592
bbca992f-4861-4e96-89c0-336b85ee9326	NR_024704.1	97.026	269	7	1	1	268	1203	1471	9.93e-127	451
bbca992f-4861-4e96-89c0-336b85ee9326	NR_042607.1	97.026	269	7	1	1	268	1195	1463	9.93e-127	451
bbca992f-4861-4e96-89c0-336b85ee9326	NR_148763.1	97.026	269	7	1	1	268	1215	1483	9.93e-127	451
bbca992f-4861-4e96-89c0-336b85ee9326	NR_043115.1	97.026	269	7	1	1	268	1215	1483	9.93e-127	451
bbca992f-4861-4e96-89c0-336b85ee9326	NR_179985.1	97.026	269	7	1	1	268	1215	1483	9.93e-127	451
1be5c640-6e5a-493f-bcbb-3a0be1db1dae	NR_116209.1	97.273	440	5	6	1	437	111	546	0.0	739
1be5c640-6e5a-493f-bcbb-3a0be1db1dae	NR_118234.1	97.273	440	5	6	1	437	205	640	0.0	739
1be5c640-6e5a-493f-bcbb-3a0be1db1dae	NR_028664.1	97.045	440	6	6	1	437	209	644	0.0	734
1be5c640-6e5a-493f-bcbb-3a0be1db1dae	NR_042771.1	97.045	440	6	6	1	437	206	641	0.0	734
1be5c640-6e5a-493f-bcbb-3a0be1db1dae	NR_115240.1	97.045	440	6	6	1	437	186	621	0.0	734
89995109-1096-4e26-a634-2ab5087f8969	NR_024909.1	94.495	327	10	7	3	321	1166	840	1.54e-140	497
89995109-1096-4e26-a634-2ab5087f8969	NR_024911.1	94.495	327	10	7	3	321	1166	840	1.54e-140	497
89995109-1096-4e26-a634-2ab5087f8969	NR_024946.1	94.495	327	10	7	3	321	1161	835	1.54e-140	497
89995109-1096-4e26-a634-2ab5087f8969	NR_025102.1	94.495	327	10	7	3	321	1145	819	1.54e-140	497
89995109-1096-4e26-a634-2ab5087f8969	NR_025103.1	94.495	327	10	7	3	321	1145	819	1.54e-140	497
f2bc0f4d-43c7-49f7-a289-135de76af5b2	NR_148763.1	93.277	1190	41	30	1	1171	314	1483	0.0	1718
f2bc0f4d-43c7-49f7-a289-135de76af5b2	NR_148764.1	92.857	1190	46	30	1	1171	314	1483	0.0	1690
f2bc0f4d-43c7-49f7-a289-135de76af5b2	NR_028619.1	92.689	1190	46	32	1	1171	315	1482	0.0	1677
f2bc0f4d-43c7-49f7-a289-135de76af5b2	NR_113578.1	92.599	1189	49	30	1	1170	294	1462	0.0	1676
f2bc0f4d-43c7-49f7-a289-135de76af5b2	NR_149823.1	92.718	1181	47	30	1	1162	265	1425	0.0	1668
80888ddc-0b84-49b9-985f-9e050316bdaf	NR_113039.1	96.724	1099	22	10	1	1088	371	1466	0.0	1818
80888ddc-0b84-49b9-985f-9e050316bdaf	NR_115130.1	96.724	1099	22	10	1	1088	351	1446	0.0	1818
80888ddc-0b84-49b9-985f-9e050316bdaf	NR_036882.1	95.558	1103	29	17	1	1088	370	1467	0.0	1748
80888ddc-0b84-49b9-985f-9e050316bdaf	NR_028773.1	91.206	1103	75	17	1	1088	350	1445	0.0	1480
80888ddc-0b84-49b9-985f-9e050316bdaf	NR_179667.1	90.588	1105	78	22	1	1088	375	1470	0.0	1441
3a801bbc-d3c5-4e9f-871a-393e5fb0a645	NR_024946.1	94.258	836	20	20	1	812	579	1410	0.0	1253
3a801bbc-d3c5-4e9f-871a-393e5fb0a645	NR_148763.1	94.258	836	20	20	1	812	591	1422	0.0	1253
3a801bbc-d3c5-4e9f-871a-393e5fb0a645	NR_148764.1	94.258	836	20	20	1	812	591	1422	0.0	1253
3a801bbc-d3c5-4e9f-871a-393e5fb0a645	NR_117552.1	94.258	836	20	20	1	812	571	1402	0.0	1253
3a801bbc-d3c5-4e9f-871a-393e5fb0a645	NR_136473.1	94.258	836	20	20	1	812	574	1405	0.0	1253
719d7f4f-5cc7-4568-81db-7f4f38746c67	NR_024946.1	96.875	960	20	7	1	954	499	1454	0.0	1598
719d7f4f-5cc7-4568-81db-7f4f38746c67	NR_148763.1	96.875	960	20	7	1	954	511	1466	0.0	1598
719d7f4f-5cc7-4568-81db-7f4f38746c67	NR_117552.1	96.771	960	21	7	1	954	491	1446	0.0	1594
719d7f4f-5cc7-4568-81db-7f4f38746c67	NR_148764.1	96.771	960	21	7	1	954	511	1466	0.0	1592
719d7f4f-5cc7-4568-81db-7f4f38746c67	NR_113578.1	96.667	960	22	7	1	954	491	1446	0.0	1591
176a56bc-cfab-4106-bc34-2e0ed98c38bc	NR_024704.1	95.927	491	11	6	1	485	984	1471	0.0	787
176a56bc-cfab-4106-bc34-2e0ed98c38bc	NR_181838.1	95.927	491	11	6	1	485	999	1486	0.0	787
176a56bc-cfab-4106-bc34-2e0ed98c38bc	NR_181891.1	95.927	491	11	6	1	485	999	1486	0.0	787
176a56bc-cfab-4106-bc34-2e0ed98c38bc	NR_178447.1	95.723	491	12	7	1	485	910	1397	0.0	782
176a56bc-cfab-4106-bc34-2e0ed98c38bc	NR_179985.1	95.723	491	12	6	1	485	996	1483	0.0	782
57836714-978c-4aa5-95c2-3063fca9c24b	NR_024927.1	99.171	724	4	1	1	724	256	977	0.0	1303
57836714-978c-4aa5-95c2-3063fca9c24b	NR_025227.1	99.171	724	4	1	1	724	239	960	0.0	1303
57836714-978c-4aa5-95c2-3063fca9c24b	NR_114223.1	99.171	724	4	1	1	724	243	964	0.0	1303
57836714-978c-4aa5-95c2-3063fca9c24b	NR_116899.1	99.171	724	4	1	1	724	230	951	0.0	1303
57836714-978c-4aa5-95c2-3063fca9c24b	NR_179103.1	99.033	724	5	1	1	724	267	988	0.0	1297
2139a930-92c8-4501-9027-700f7e59cbdd	NR_024946.1	94.958	714	15	15	1	707	735	1434	0.0	1099
2139a930-92c8-4501-9027-700f7e59cbdd	NR_148763.1	94.958	714	15	15	1	707	747	1446	0.0	1099
2139a930-92c8-4501-9027-700f7e59cbdd	NR_136473.1	94.958	714	15	15	1	707	730	1429	0.0	1099
2139a930-92c8-4501-9027-700f7e59cbdd	NR_178974.1	94.958	714	15	15	1	707	726	1425	0.0	1099
2139a930-92c8-4501-9027-700f7e59cbdd	NR_178975.1	94.958	714	15	15	1	707	726	1425	0.0	1099
d79477e7-7db6-4750-8265-f75148bf2c44	NR_133753.1	97.159	352	3	5	1	349	453	106	9.76e-168	588
d79477e7-7db6-4750-8265-f75148bf2c44	NR_025903.1	97.159	352	3	5	1	349	499	152	9.76e-168	588
d79477e7-7db6-4750-8265-f75148bf2c44	NR_133752.1	96.307	352	6	4	1	349	424	77	9.83e-163	571
d79477e7-7db6-4750-8265-f75148bf2c44	NR_026419.1	94.334	353	12	5	1	349	487	139	1.29e-151	534
d79477e7-7db6-4750-8265-f75148bf2c44	NR_036920.1	92.737	358	17	6	1	355	492	141	7.82e-144	508
a9c4ecc7-9c30-4f44-92bf-5d00ab9d5c04	NR_179985.1	95.946	814	23	9	12	818	837	27	0.0	1312
a9c4ecc7-9c30-4f44-92bf-5d00ab9d5c04	NR_181838.1	95.946	814	23	9	12	818	840	30	0.0	1312
a9c4ecc7-9c30-4f44-92bf-5d00ab9d5c04	NR_179103.1	95.823	814	24	9	12	818	841	31	0.0	1306
a9c4ecc7-9c30-4f44-92bf-5d00ab9d5c04	NR_179728.1	95.823	814	24	9	12	818	837	27	0.0	1306
a9c4ecc7-9c30-4f44-92bf-5d00ab9d5c04	NR_116899.1	96.035	807	22	9	12	811	804	1	0.0	1304
35ec3d17-ae50-4b8c-9f3b-bad1bb06057c	NR_148763.1	97.081	651	12	7	1	647	840	1487	0.0	1090
35ec3d17-ae50-4b8c-9f3b-bad1bb06057c	NR_148764.1	96.928	651	13	7	1	647	840	1487	0.0	1085
35ec3d17-ae50-4b8c-9f3b-bad1bb06057c	NR_181838.1	96.774	651	14	7	1	647	843	1490	0.0	1079
35ec3d17-ae50-4b8c-9f3b-bad1bb06057c	NR_028986.1	96.621	651	15	7	1	647	820	1467	0.0	1074
35ec3d17-ae50-4b8c-9f3b-bad1bb06057c	NR_042199.1	96.621	651	15	7	1	647	820	1467	0.0	1074
a9a8f4c1-bb99-4f6b-9f99-958ffaf3d49c	NR_179985.1	96.425	1007	18	15	1	999	1007	11	0.0	1644
a9a8f4c1-bb99-4f6b-9f99-958ffaf3d49c	NR_181838.1	96.425	1007	18	15	1	999	1010	14	0.0	1644
a9a8f4c1-bb99-4f6b-9f99-958ffaf3d49c	NR_179103.1	96.329	1008	17	14	1	999	1011	15	0.0	1639
a9a8f4c1-bb99-4f6b-9f99-958ffaf3d49c	NR_179728.1	96.329	1008	17	14	1	999	1007	11	0.0	1639
a9a8f4c1-bb99-4f6b-9f99-958ffaf3d49c	NR_181703.1	96.230	1008	18	14	1	999	1014	18	0.0	1633
dd79eec1-909e-4df9-86c6-5906feb20b19	NR_026419.1	96.686	1388	24	18	18	1390	1	1381	0.0	2289
dd79eec1-909e-4df9-86c6-5906feb20b19	NR_025903.1	95.286	1400	43	19	6	1390	2	1393	0.0	2198
dd79eec1-909e-4df9-86c6-5906feb20b19	NR_025904.1	94.722	1402	47	22	6	1390	1	1392	0.0	2154
dd79eec1-909e-4df9-86c6-5906feb20b19	NR_133753.1	95.630	1350	38	17	55	1390	5	1347	0.0	2146
dd79eec1-909e-4df9-86c6-5906feb20b19	NR_133752.1	95.321	1325	41	17	80	1390	1	1318	0.0	2084
89a1fca2-05e4-46a8-8120-dc37481c1547	NR_148763.1	95.652	667	17	11	1	662	670	11	0.0	1061
89a1fca2-05e4-46a8-8120-dc37481c1547	NR_024927.1	94.436	665	25	11	1	660	663	6	0.0	1013
89a1fca2-05e4-46a8-8120-dc37481c1547	NR_024704.1	92.932	665	35	11	1	660	658	1	0.0	972
89a1fca2-05e4-46a8-8120-dc37481c1547	NR_025227.1	92.835	656	29	16	1	648	646	1	0.0	935
89a1fca2-05e4-46a8-8120-dc37481c1547	NR_043313.1	91.480	669	37	18	1	660	663	6	0.0	902
46c92e65-066c-49b3-b1da-6051fc517a31	NR_024912.1	96.683	603	8	9	1	595	878	1476	0.0	992
46c92e65-066c-49b3-b1da-6051fc517a31	NR_024918.1	96.683	603	8	9	1	595	878	1476	0.0	992
46c92e65-066c-49b3-b1da-6051fc517a31	NR_043314.1	96.683	603	8	10	1	595	883	1481	0.0	992
46c92e65-066c-49b3-b1da-6051fc517a31	NR_044974.1	96.683	603	8	9	1	595	865	1463	0.0	992
46c92e65-066c-49b3-b1da-6051fc517a31	NR_116899.1	96.683	603	8	10	1	595	852	1450	0.0	992
0e7d80e4-a20c-423a-b62b-0d84d8d6e7ba	NR_117822.1	93.891	442	13	10	1	433	645	1081	0.0	654
0e7d80e4-a20c-423a-b62b-0d84d8d6e7ba	NR_132724.1	93.891	442	13	10	1	433	628	1064	0.0	654
0e7d80e4-a20c-423a-b62b-0d84d8d6e7ba	NR_178772.1	93.891	442	13	10	1	433	628	1064	0.0	654
0e7d80e4-a20c-423a-b62b-0d84d8d6e7ba	NR_181875.1	93.891	442	13	10	1	433	682	1118	0.0	654
0e7d80e4-a20c-423a-b62b-0d84d8d6e7ba	NR_024902.1	93.665	442	14	10	1	433	686	1122	0.0	649
4d6052ca-a06a-4801-b9ce-bcb7c873c672	NR_024918.1	97.192	819	13	9	1	814	665	1478	0.0	1376
4d6052ca-a06a-4801-b9ce-bcb7c873c672	NR_116899.1	97.192	819	13	9	1	814	639	1452	0.0	1376
4d6052ca-a06a-4801-b9ce-bcb7c873c672	NR_164626.1	97.192	819	13	9	1	814	662	1475	0.0	1376
4d6052ca-a06a-4801-b9ce-bcb7c873c672	NR_179889.1	97.192	819	13	9	1	814	679	1492	0.0	1376
4d6052ca-a06a-4801-b9ce-bcb7c873c672	NR_043314.1	97.073	820	13	9	1	814	669	1483	0.0	1371
2a2f3ff7-ce4e-47db-88a5-4420d4464cf0	NR_148763.1	98.534	1228	9	7	1	1222	263	1487	0.0	2159
2a2f3ff7-ce4e-47db-88a5-4420d4464cf0	NR_148764.1	97.964	1228	16	7	1	1222	263	1487	0.0	2121
2a2f3ff7-ce4e-47db-88a5-4420d4464cf0	NR_181838.1	97.964	1228	16	7	1	1222	266	1490	0.0	2121
2a2f3ff7-ce4e-47db-88a5-4420d4464cf0	NR_181703.1	97.883	1228	17	7	1	1222	270	1494	0.0	2115
2a2f3ff7-ce4e-47db-88a5-4420d4464cf0	NR_113578.1	97.874	1223	17	7	1	1217	243	1462	0.0	2109
4605350c-0de0-4b9f-83a7-6973008dcfd6	NR_024901.1	95.925	319	8	4	1	316	981	665	5.41e-145	512
4605350c-0de0-4b9f-83a7-6973008dcfd6	NR_024902.1	95.925	319	8	4	1	316	983	667	5.41e-145	512
4605350c-0de0-4b9f-83a7-6973008dcfd6	NR_024911.1	95.925	319	8	4	1	316	981	665	5.41e-145	512
4605350c-0de0-4b9f-83a7-6973008dcfd6	NR_024918.1	95.925	319	8	4	1	316	981	665	5.41e-145	512
4605350c-0de0-4b9f-83a7-6973008dcfd6	NR_024927.1	95.925	319	8	4	1	316	981	665	5.41e-145	512
8d4bf81b-3b23-4466-9248-7dd49b3b1753	NR_148763.1	97.350	717	8	10	1	712	745	35	0.0	1208
8d4bf81b-3b23-4466-9248-7dd49b3b1753	NR_024946.1	96.513	717	14	10	1	712	733	23	0.0	1175
8d4bf81b-3b23-4466-9248-7dd49b3b1753	NR_113578.1	96.513	717	14	10	1	712	725	15	0.0	1175
8d4bf81b-3b23-4466-9248-7dd49b3b1753	NR_028619.1	96.374	717	15	10	1	712	746	36	0.0	1171
8d4bf81b-3b23-4466-9248-7dd49b3b1753	NR_178974.1	96.234	717	16	10	1	712	724	14	0.0	1166
7fb9dc35-499f-47b3-9e8a-778afa50e07c	NR_148763.1	95.748	1270	20	22	1	1243	1274	12	0.0	2015
7fb9dc35-499f-47b3-9e8a-778afa50e07c	NR_024946.1	95.272	1269	26	22	1	1242	1262	1	0.0	1980
7fb9dc35-499f-47b3-9e8a-778afa50e07c	NR_028619.1	95.114	1269	27	23	1	1242	1274	14	0.0	1969
7fb9dc35-499f-47b3-9e8a-778afa50e07c	NR_136473.1	95.095	1264	28	22	1	1237	1257	1	0.0	1962
7fb9dc35-499f-47b3-9e8a-778afa50e07c	NR_148764.1	94.961	1270	30	22	1	1243	1274	12	0.0	1960
4b01e55b-b6de-496b-8f7c-707e32dc597c	NR_199516.1	90.669	1286	76	34	8	1267	1495	228	0.0	1670
4b01e55b-b6de-496b-8f7c-707e32dc597c	NR_036998.1	90.584	1285	78	32	8	1267	1472	206	0.0	1663
4b01e55b-b6de-496b-8f7c-707e32dc597c	NR_114793.1	90.584	1285	78	32	8	1267	1365	99	0.0	1663
4b01e55b-b6de-496b-8f7c-707e32dc597c	NR_115608.1	90.506	1285	80	31	8	1267	1452	185	0.0	1663
4b01e55b-b6de-496b-8f7c-707e32dc597c	NR_179736.1	90.513	1286	78	34	8	1267	1497	230	0.0	1659
c7bbb6e8-fd3e-4a61-9f6a-0d962375041d	NR_024842.1	92.364	681	32	16	1	671	678	8	0.0	955
c7bbb6e8-fd3e-4a61-9f6a-0d962375041d	NR_115241.1	92.571	673	30	16	1	663	663	1	0.0	948
c7bbb6e8-fd3e-4a61-9f6a-0d962375041d	NR_178515.1	92.136	674	31	17	1	663	663	1	0.0	931
c7bbb6e8-fd3e-4a61-9f6a-0d962375041d	NR_115735.1	92.470	664	29	17	1	653	654	1	0.0	929
c7bbb6e8-fd3e-4a61-9f6a-0d962375041d	NR_165737.1	91.840	674	33	17	1	663	663	1	0.0	920
6442e673-0ad2-4af7-8f30-264f259c2df8	NR_148763.1	92.182	614	13	25	1	598	629	35	0.0	835
6442e673-0ad2-4af7-8f30-264f259c2df8	NR_178482.1	91.694	614	16	25	1	598	599	5	0.0	819
6442e673-0ad2-4af7-8f30-264f259c2df8	NR_024927.1	91.531	614	17	25	1	598	622	28	0.0	813
6442e673-0ad2-4af7-8f30-264f259c2df8	NR_114223.1	91.531	614	17	25	1	598	609	15	0.0	813
6442e673-0ad2-4af7-8f30-264f259c2df8	NR_179227.1	91.503	612	21	25	1	598	629	35	0.0	813
a108eabb-252a-4699-b18a-fb3ad982ff22	NR_179985.1	96.291	701	18	7	1	695	709	11	0.0	1144
a108eabb-252a-4699-b18a-fb3ad982ff22	NR_181838.1	96.291	701	18	7	1	695	712	14	0.0	1144
a108eabb-252a-4699-b18a-fb3ad982ff22	NR_179103.1	96.148	701	19	7	1	695	713	15	0.0	1138
a108eabb-252a-4699-b18a-fb3ad982ff22	NR_179728.1	96.148	701	19	7	1	695	709	11	0.0	1138
a108eabb-252a-4699-b18a-fb3ad982ff22	NR_181703.1	96.006	701	20	7	1	695	716	18	0.0	1133
12d9658e-d903-4305-af6e-262361f45f1c	NR_181838.1	97.452	1295	20	10	1	1286	1378	88	0.0	2196
12d9658e-d903-4305-af6e-262361f45f1c	NR_116899.1	97.375	1295	21	10	1	1286	1342	52	0.0	2191
12d9658e-d903-4305-af6e-262361f45f1c	NR_179985.1	97.375	1295	21	10	1	1286	1375	85	0.0	2191
12d9658e-d903-4305-af6e-262361f45f1c	NR_181703.1	97.375	1295	21	10	1	1286	1382	92	0.0	2191
12d9658e-d903-4305-af6e-262361f45f1c	NR_126220.1	97.297	1295	22	10	1	1286	1361	71	0.0	2185
30de839f-cf3a-42a1-9d98-ac16b0bbd9e4	NR_148763.1	94.575	682	15	16	2	671	785	114	0.0	1035
30de839f-cf3a-42a1-9d98-ac16b0bbd9e4	NR_024946.1	93.695	682	21	16	2	671	773	102	0.0	1002
30de839f-cf3a-42a1-9d98-ac16b0bbd9e4	NR_028619.1	93.695	682	21	16	2	671	786	115	0.0	1002
30de839f-cf3a-42a1-9d98-ac16b0bbd9e4	NR_113578.1	93.695	682	21	16	2	671	765	94	0.0	1002
30de839f-cf3a-42a1-9d98-ac16b0bbd9e4	NR_148764.1	93.695	682	21	16	2	671	785	114	0.0	1002
3a9b184f-0204-484a-a531-2ed599a0d2c2	NR_024946.1	95.721	631	14	11	1	622	1447	821	0.0	1003
3a9b184f-0204-484a-a531-2ed599a0d2c2	NR_148763.1	95.721	631	14	11	1	622	1459	833	0.0	1003
3a9b184f-0204-484a-a531-2ed599a0d2c2	NR_136473.1	95.721	631	14	11	1	622	1442	816	0.0	1003
3a9b184f-0204-484a-a531-2ed599a0d2c2	NR_117552.1	95.563	631	15	11	1	622	1439	813	0.0	1000
3a9b184f-0204-484a-a531-2ed599a0d2c2	NR_148764.1	95.563	631	15	11	1	622	1459	833	0.0	998
b199d53f-fa5d-4baf-8263-4349992bf701	NR_043314.1	96.897	419	5	6	1	414	1069	1484	0.0	695
b199d53f-fa5d-4baf-8263-4349992bf701	NR_114749.1	96.897	419	5	6	1	414	1071	1486	0.0	695
b199d53f-fa5d-4baf-8263-4349992bf701	NR_116899.1	96.897	419	5	6	1	414	1038	1453	0.0	695
b199d53f-fa5d-4baf-8263-4349992bf701	NR_178854.1	96.897	419	5	6	1	414	1050	1465	0.0	695
b199d53f-fa5d-4baf-8263-4349992bf701	NR_179889.1	96.897	419	5	6	1	414	1078	1493	0.0	695
d058b151-c3f3-48f5-9d0d-f8f023eb57b6	NR_024946.1	97.222	432	7	5	3	431	431	2	0.0	726
d058b151-c3f3-48f5-9d0d-f8f023eb57b6	NR_148763.1	97.222	432	7	5	3	431	443	14	0.0	726
d058b151-c3f3-48f5-9d0d-f8f023eb57b6	NR_028619.1	96.782	435	9	5	3	434	444	12	0.0	723
d058b151-c3f3-48f5-9d0d-f8f023eb57b6	NR_025586.1	96.759	432	9	5	3	431	431	2	0.0	715
d058b151-c3f3-48f5-9d0d-f8f023eb57b6	NR_025587.1	96.759	432	9	5	3	431	431	2	0.0	715
6e52a091-21d0-4468-93b6-7cb9d945e3af	NR_113570.1	93.144	598	29	10	25	613	1249	655	0.0	867
6e52a091-21d0-4468-93b6-7cb9d945e3af	NR_179325.1	93.144	598	29	10	25	613	1216	622	0.0	867
6e52a091-21d0-4468-93b6-7cb9d945e3af	NR_041880.1	92.977	598	30	10	25	613	1198	604	0.0	861
6e52a091-21d0-4468-93b6-7cb9d945e3af	NR_025762.1	92.977	598	30	10	25	613	1220	626	0.0	861
6e52a091-21d0-4468-93b6-7cb9d945e3af	NR_115354.1	92.977	598	30	10	25	613	1242	648	0.0	861
faadfd39-16bc-4a0f-b7ed-a83a6c0e2e13	NR_116899.1	89.297	626	40	19	10	617	627	11	0.0	760
faadfd39-16bc-4a0f-b7ed-a83a6c0e2e13	NR_179985.1	89.137	626	41	19	10	617	660	44	0.0	754
faadfd39-16bc-4a0f-b7ed-a83a6c0e2e13	NR_179103.1	88.978	626	42	19	10	617	664	48	0.0	749
faadfd39-16bc-4a0f-b7ed-a83a6c0e2e13	NR_179728.1	88.978	626	42	19	10	617	660	44	0.0	749
faadfd39-16bc-4a0f-b7ed-a83a6c0e2e13	NR_178288.1	88.818	626	43	19	10	617	645	29	0.0	743
0a29d296-e78f-488e-96ab-5e0f8916203a	NR_181838.1	96.322	734	17	9	11	735	757	1489	0.0	1197
0a29d296-e78f-488e-96ab-5e0f8916203a	NR_024918.1	96.185	734	18	8	11	735	747	1479	0.0	1192
0a29d296-e78f-488e-96ab-5e0f8916203a	NR_117821.1	96.185	734	18	8	11	735	706	1438	0.0	1192
0a29d296-e78f-488e-96ab-5e0f8916203a	NR_114749.1	96.185	734	18	8	11	735	754	1486	0.0	1192
0a29d296-e78f-488e-96ab-5e0f8916203a	NR_116899.1	96.185	734	18	8	11	735	721	1453	0.0	1192
cecb1988-0dd1-46fd-9f2e-f8ff9484648d	NR_148763.1	94.227	1022	32	24	1	1002	1030	16	0.0	1535
cecb1988-0dd1-46fd-9f2e-f8ff9484648d	NR_024946.1	93.640	1022	38	24	1	1002	1018	4	0.0	1502
cecb1988-0dd1-46fd-9f2e-f8ff9484648d	NR_028619.1	93.542	1022	39	24	1	1002	1031	17	0.0	1498
cecb1988-0dd1-46fd-9f2e-f8ff9484648d	NR_136473.1	93.431	1020	40	24	1	1000	1013	1	0.0	1489
cecb1988-0dd1-46fd-9f2e-f8ff9484648d	NR_113578.1	93.412	1017	40	24	1	997	1010	1	0.0	1485
33558b3b-a18c-4b7c-9cb0-faf052c857c0	NR_025228.1	94.228	641	17	13	1	623	1204	566	0.0	961
33558b3b-a18c-4b7c-9cb0-faf052c857c0	NR_025549.1	94.228	641	17	13	1	623	1210	572	0.0	961
33558b3b-a18c-4b7c-9cb0-faf052c857c0	NR_178423.1	94.228	641	17	13	1	623	1210	572	0.0	961
33558b3b-a18c-4b7c-9cb0-faf052c857c0	NR_178761.1	94.228	641	17	13	1	623	1157	519	0.0	961
33558b3b-a18c-4b7c-9cb0-faf052c857c0	NR_025550.1	94.072	641	18	13	1	623	1210	572	0.0	955
392e3534-a222-4181-af69-dff6d5ecdbe3	NR_181838.1	93.882	474	11	15	4	465	482	15	0.0	699
392e3534-a222-4181-af69-dff6d5ecdbe3	NR_179103.1	93.671	474	12	15	4	465	483	16	0.0	693
392e3534-a222-4181-af69-dff6d5ecdbe3	NR_179728.1	93.671	474	12	15	4	465	479	12	0.0	693
392e3534-a222-4181-af69-dff6d5ecdbe3	NR_179985.1	93.460	474	13	15	4	465	479	12	0.0	688
392e3534-a222-4181-af69-dff6d5ecdbe3	NR_181703.1	93.460	474	13	15	4	465	486	19	0.0	688
2b27b421-117c-46fc-a066-170f0b34a48d	NR_148763.1	95.607	956	20	14	4	943	960	11	0.0	1513
2b27b421-117c-46fc-a066-170f0b34a48d	NR_024946.1	94.969	954	26	14	4	941	948	1	0.0	1476
2b27b421-117c-46fc-a066-170f0b34a48d	NR_028619.1	94.864	954	27	14	4	941	961	14	0.0	1472
2b27b421-117c-46fc-a066-170f0b34a48d	NR_113578.1	94.926	946	26	14	4	933	940	1	0.0	1461
2b27b421-117c-46fc-a066-170f0b34a48d	NR_148764.1	94.561	956	30	14	4	943	960	11	0.0	1458
0139ed99-419b-41c4-be93-508ee70af129	NR_116899.1	96.360	1044	19	15	1	1034	1448	414	0.0	1700
0139ed99-419b-41c4-be93-508ee70af129	NR_025227.1	96.353	1042	19	15	3	1034	1455	423	0.0	1696
0139ed99-419b-41c4-be93-508ee70af129	NR_179985.1	96.264	1044	20	15	1	1034	1481	447	0.0	1694
0139ed99-419b-41c4-be93-508ee70af129	NR_181838.1	96.264	1044	20	14	1	1034	1484	450	0.0	1694
0139ed99-419b-41c4-be93-508ee70af129	NR_024927.1	96.169	1044	21	15	1	1034	1474	440	0.0	1688
db50d1b2-08ed-402f-a7c9-cc770650c57d	NR_116899.1	97.801	1228	19	7	1	1222	230	1455	0.0	2111
db50d1b2-08ed-402f-a7c9-cc770650c57d	NR_024927.1	97.638	1228	21	7	1	1222	256	1481	0.0	2100
db50d1b2-08ed-402f-a7c9-cc770650c57d	NR_025227.1	97.867	1219	18	7	1	1213	239	1455	0.0	2100
db50d1b2-08ed-402f-a7c9-cc770650c57d	NR_114223.1	97.709	1222	20	7	1	1216	243	1462	0.0	2095
db50d1b2-08ed-402f-a7c9-cc770650c57d	NR_179103.1	97.557	1228	22	7	1	1222	267	1492	0.0	2095
4c6b84de-9e02-4793-b117-0255c0d53caa	NR_026395.1	88.189	254	13	13	4	247	264	18	2.71e-77	287
4c6b84de-9e02-4793-b117-0255c0d53caa	NR_181890.1	88.189	254	13	13	4	247	267	21	2.71e-77	287
4c6b84de-9e02-4793-b117-0255c0d53caa	NR_042543.1	88.048	251	13	13	4	244	244	1	1.26e-75	281
4c6b84de-9e02-4793-b117-0255c0d53caa	NR_029103.1	87.352	253	17	11	4	247	265	19	5.87e-74	276
4c6b84de-9e02-4793-b117-0255c0d53caa	NR_104279.1	87.352	253	17	11	4	247	256	10	5.87e-74	276
8cc3bef7-0b94-4ab2-91ad-e0e0e983a863	NR_148763.1	97.500	1000	12	10	1	989	1234	237	0.0	1696
8cc3bef7-0b94-4ab2-91ad-e0e0e983a863	NR_024946.1	96.900	1000	18	10	1	989	1222	225	0.0	1663
8cc3bef7-0b94-4ab2-91ad-e0e0e983a863	NR_148764.1	96.900	1000	18	10	1	989	1234	237	0.0	1663
8cc3bef7-0b94-4ab2-91ad-e0e0e983a863	NR_178975.1	96.900	1000	18	10	1	989	1213	216	0.0	1663
8cc3bef7-0b94-4ab2-91ad-e0e0e983a863	NR_028619.1	96.800	1000	18	11	1	989	1234	238	0.0	1657
eea48d7a-57f0-4267-87b6-c91516e69fe6	NR_148763.1	96.010	777	15	13	1	769	714	1482	0.0	1249
eea48d7a-57f0-4267-87b6-c91516e69fe6	NR_148764.1	95.882	777	16	13	1	769	714	1482	0.0	1243
eea48d7a-57f0-4267-87b6-c91516e69fe6	NR_113578.1	95.753	777	17	13	1	769	694	1462	0.0	1242
eea48d7a-57f0-4267-87b6-c91516e69fe6	NR_028619.1	95.624	777	16	15	1	769	715	1481	0.0	1230
eea48d7a-57f0-4267-87b6-c91516e69fe6	NR_024946.1	95.948	765	15	13	1	757	702	1458	0.0	1227
faf01665-3ab4-4145-9ebe-acc7e2125811	NR_148763.1	90.113	708	45	23	1	698	792	1484	0.0	896
faf01665-3ab4-4145-9ebe-acc7e2125811	NR_028619.1	90.099	707	45	23	1	698	793	1483	0.0	894
faf01665-3ab4-4145-9ebe-acc7e2125811	NR_113578.1	90.043	703	45	23	1	693	772	1459	0.0	891
faf01665-3ab4-4145-9ebe-acc7e2125811	NR_148764.1	89.972	708	46	23	1	698	792	1484	0.0	891
faf01665-3ab4-4145-9ebe-acc7e2125811	NR_117822.1	89.831	708	47	23	1	698	746	1438	0.0	885
735f5e09-a9cd-46b4-a130-12e1e32812cf	NR_148763.1	93.277	595	17	15	1	575	603	12	0.0	856
735f5e09-a9cd-46b4-a130-12e1e32812cf	NR_024927.1	92.424	594	22	15	1	574	596	6	0.0	826
735f5e09-a9cd-46b4-a130-12e1e32812cf	NR_043195.1	92.424	594	22	15	1	574	601	11	0.0	826
735f5e09-a9cd-46b4-a130-12e1e32812cf	NR_179227.1	92.424	594	22	15	1	574	603	13	0.0	826
735f5e09-a9cd-46b4-a130-12e1e32812cf	NR_024946.1	92.256	594	23	15	1	574	591	1	0.0	821
824cf098-b93c-477a-b790-0d0bfa143bd2	NR_179985.1	91.063	649	32	20	1	630	659	18	0.0	854
824cf098-b93c-477a-b790-0d0bfa143bd2	NR_179103.1	90.909	649	33	20	1	630	663	22	0.0	848
824cf098-b93c-477a-b790-0d0bfa143bd2	NR_179728.1	90.909	649	33	20	1	630	659	18	0.0	848
824cf098-b93c-477a-b790-0d0bfa143bd2	NR_181838.1	90.909	649	33	20	1	630	662	21	0.0	848
824cf098-b93c-477a-b790-0d0bfa143bd2	NR_116899.1	91.469	633	28	20	1	614	626	1	0.0	846
db25e2a3-f3f9-4731-90ed-31d2973bc9c4	NR_148763.1	95.266	1352	36	19	1	1330	143	1488	0.0	2117
db25e2a3-f3f9-4731-90ed-31d2973bc9c4	NR_148764.1	94.900	1353	39	21	1	1330	143	1488	0.0	2089
db25e2a3-f3f9-4731-90ed-31d2973bc9c4	NR_113578.1	94.878	1347	39	21	1	1324	123	1462	0.0	2080
db25e2a3-f3f9-4731-90ed-31d2973bc9c4	NR_028619.1	94.749	1352	41	21	1	1330	144	1487	0.0	2076
db25e2a3-f3f9-4731-90ed-31d2973bc9c4	NR_024946.1	94.981	1335	37	21	1	1312	131	1458	0.0	2067
45d5ed1d-00fa-4915-aef1-aa4e4fff3ff0	NR_148763.1	97.180	1383	24	14	1	1373	1402	25	0.0	2324
45d5ed1d-00fa-4915-aef1-aa4e4fff3ff0	NR_024927.1	96.819	1383	29	15	1	1373	1395	18	0.0	2296
45d5ed1d-00fa-4915-aef1-aa4e4fff3ff0	NR_114223.1	96.819	1383	29	15	1	1373	1382	5	0.0	2296
45d5ed1d-00fa-4915-aef1-aa4e4fff3ff0	NR_113578.1	96.746	1383	30	14	1	1373	1382	5	0.0	2294
45d5ed1d-00fa-4915-aef1-aa4e4fff3ff0	NR_024946.1	96.746	1383	30	14	1	1373	1390	13	0.0	2290
fb8486d5-baa0-4c6d-9d44-954c49802367	NR_148763.1	95.180	1224	30	21	1	1198	263	1483	0.0	1906
fb8486d5-baa0-4c6d-9d44-954c49802367	NR_148764.1	94.690	1224	36	21	1	1198	263	1483	0.0	1873
fb8486d5-baa0-4c6d-9d44-954c49802367	NR_028619.1	94.608	1224	35	23	1	1198	264	1482	0.0	1866
fb8486d5-baa0-4c6d-9d44-954c49802367	NR_113578.1	94.522	1223	38	21	1	1197	243	1462	0.0	1864
fb8486d5-baa0-4c6d-9d44-954c49802367	NR_149823.1	94.568	1215	37	21	1	1189	214	1425	0.0	1851
39b97329-6c00-4e9e-a0db-39bd3d490a6d	NR_148763.1	97.265	914	15	9	9	919	581	1487	0.0	1541
39b97329-6c00-4e9e-a0db-39bd3d490a6d	NR_148764.1	97.155	914	16	9	9	919	581	1487	0.0	1535
39b97329-6c00-4e9e-a0db-39bd3d490a6d	NR_113578.1	97.140	909	16	9	9	914	561	1462	0.0	1530
39b97329-6c00-4e9e-a0db-39bd3d490a6d	NR_028619.1	96.937	914	16	11	9	919	582	1486	0.0	1522
39b97329-6c00-4e9e-a0db-39bd3d490a6d	NR_024946.1	97.324	897	14	9	9	902	569	1458	0.0	1515
14c3ccc2-d808-4390-87f8-3364657053a4	NR_179985.1	95.705	1234	28	24	1	1218	1235	11	0.0	1962
14c3ccc2-d808-4390-87f8-3364657053a4	NR_181838.1	95.705	1234	28	24	1	1218	1238	14	0.0	1962
14c3ccc2-d808-4390-87f8-3364657053a4	NR_126220.1	95.691	1230	28	24	1	1214	1221	1	0.0	1954
14c3ccc2-d808-4390-87f8-3364657053a4	NR_179103.1	95.543	1234	30	24	1	1218	1239	15	0.0	1951
14c3ccc2-d808-4390-87f8-3364657053a4	NR_179728.1	95.543	1234	30	24	1	1218	1235	11	0.0	1951
4740cdfa-d223-48a1-a530-0af696269d13	NR_148763.1	95.840	649	9	16	1	638	653	12	0.0	1033
4740cdfa-d223-48a1-a530-0af696269d13	NR_024927.1	94.907	648	15	16	1	637	646	6	0.0	998
4740cdfa-d223-48a1-a530-0af696269d13	NR_024946.1	94.907	648	15	16	1	637	641	1	0.0	998
4740cdfa-d223-48a1-a530-0af696269d13	NR_028619.1	94.753	648	16	16	1	637	654	14	0.0	994
4740cdfa-d223-48a1-a530-0af696269d13	NR_179227.1	95.527	626	13	14	21	637	632	13	0.0	987
cee6d8f2-23ee-4115-9adf-12900dbdaefc	NR_024902.1	93.583	374	7	11	1	369	999	638	7.96e-154	542
cee6d8f2-23ee-4115-9adf-12900dbdaefc	NR_024918.1	93.583	374	7	11	1	369	997	636	7.96e-154	542
cee6d8f2-23ee-4115-9adf-12900dbdaefc	NR_024927.1	93.583	374	7	11	1	369	997	636	7.96e-154	542
cee6d8f2-23ee-4115-9adf-12900dbdaefc	NR_024951.1	93.583	374	7	11	1	369	1000	639	7.96e-154	542
cee6d8f2-23ee-4115-9adf-12900dbdaefc	NR_025227.1	93.583	374	7	11	1	369	980	619	7.96e-154	542
31562662-a2af-49a6-a273-144ab26b9f93	NR_179985.1	95.892	998	19	14	3	989	997	11	0.0	1596
31562662-a2af-49a6-a273-144ab26b9f93	NR_181838.1	95.792	998	20	14	3	989	1000	14	0.0	1591
31562662-a2af-49a6-a273-144ab26b9f93	NR_179103.1	95.691	998	21	14	3	989	1001	15	0.0	1585
31562662-a2af-49a6-a273-144ab26b9f93	NR_179728.1	95.691	998	21	14	3	989	997	11	0.0	1585
31562662-a2af-49a6-a273-144ab26b9f93	NR_181703.1	95.591	998	22	14	3	989	1004	18	0.0	1580
972fd559-ea9e-4295-8866-4d198764f582	NR_148763.1	91.145	847	43	26	56	888	847	19	0.0	1120
972fd559-ea9e-4295-8866-4d198764f582	NR_024946.1	90.437	847	49	26	56	888	835	7	0.0	1086
972fd559-ea9e-4295-8866-4d198764f582	NR_028619.1	90.307	846	52	24	56	888	848	20	0.0	1083
972fd559-ea9e-4295-8866-4d198764f582	NR_113578.1	90.414	845	49	27	56	886	827	1	0.0	1083
972fd559-ea9e-4295-8866-4d198764f582	NR_148764.1	90.319	847	50	24	56	888	847	19	0.0	1081
6facdb5e-b08f-40d2-a0a1-b0b822a60eb4	NR_197706.1	89.649	599	39	14	1	583	898	1489	0.0	741
6facdb5e-b08f-40d2-a0a1-b0b822a60eb4	NR_029319.1	89.512	553	35	14	1	536	805	1351	0.0	678
6facdb5e-b08f-40d2-a0a1-b0b822a60eb4	NR_181566.1	86.356	601	56	17	1	583	895	1487	0.0	632
6facdb5e-b08f-40d2-a0a1-b0b822a60eb4	NR_027192.1	85.880	602	57	19	1	583	885	1477	7.55e-176	616
6facdb5e-b08f-40d2-a0a1-b0b822a60eb4	NR_116657.1	85.714	602	58	19	1	583	875	1467	2.71e-175	614
d8801dae-e3a8-4606-858b-2fedbdf867d0	NR_115241.1	92.775	609	21	16	9	598	380	984	0.0	859
d8801dae-e3a8-4606-858b-2fedbdf867d0	NR_115735.1	92.775	609	21	16	9	598	371	975	0.0	859
d8801dae-e3a8-4606-858b-2fedbdf867d0	NR_116211.1	92.775	609	21	16	9	598	303	907	0.0	859
d8801dae-e3a8-4606-858b-2fedbdf867d0	NR_024842.1	92.611	609	22	16	9	598	395	999	0.0	856
d8801dae-e3a8-4606-858b-2fedbdf867d0	NR_109720.1	92.611	609	22	16	9	598	374	978	0.0	854
f303d4bb-4613-4c9a-853e-bce7e4c48f6c	NR_024842.1	91.650	994	44	28	7	978	517	1493	0.0	1341
f303d4bb-4613-4c9a-853e-bce7e4c48f6c	NR_156072.1	91.650	994	44	28	7	978	522	1498	0.0	1339
f303d4bb-4613-4c9a-853e-bce7e4c48f6c	NR_115735.1	91.709	989	43	28	7	973	493	1464	0.0	1336
f303d4bb-4613-4c9a-853e-bce7e4c48f6c	NR_165737.1	91.591	987	43	28	7	970	502	1471	0.0	1327
f303d4bb-4613-4c9a-853e-bce7e4c48f6c	NR_036936.1	91.489	987	44	29	7	970	502	1471	0.0	1321
329af15f-8345-4122-a89e-ac5625ff1b57	NR_024704.1	98.206	223	1	3	1	221	1262	1041	2.35e-107	387
329af15f-8345-4122-a89e-ac5625ff1b57	NR_024946.1	98.206	223	1	3	1	221	1262	1041	2.35e-107	387
329af15f-8345-4122-a89e-ac5625ff1b57	NR_036909.1	98.206	223	1	3	1	221	1272	1051	2.35e-107	387
329af15f-8345-4122-a89e-ac5625ff1b57	NR_112077.1	98.206	223	1	3	1	221	1272	1051	2.35e-107	387
329af15f-8345-4122-a89e-ac5625ff1b57	NR_113578.1	98.206	223	1	3	1	221	1254	1033	2.35e-107	387
6675de7a-b325-4334-8c6c-4683b158c96f	NR_117822.1	97.293	665	6	11	1	659	1128	470	0.0	1118
6675de7a-b325-4334-8c6c-4683b158c96f	NR_025228.1	97.143	665	7	11	1	659	1150	492	0.0	1112
6675de7a-b325-4334-8c6c-4683b158c96f	NR_025549.1	97.143	665	7	11	1	659	1156	498	0.0	1112
6675de7a-b325-4334-8c6c-4683b158c96f	NR_036830.1	97.143	665	7	11	1	659	1136	478	0.0	1112
6675de7a-b325-4334-8c6c-4683b158c96f	NR_178423.1	97.143	665	7	11	1	659	1156	498	0.0	1112
a697f61c-ff23-4080-997a-b4e9ae228ad1	NR_115355.1	96.741	491	6	5	1	484	791	1278	0.0	809
a697f61c-ff23-4080-997a-b4e9ae228ad1	NR_179325.1	96.741	491	6	5	1	484	765	1252	0.0	809
a697f61c-ff23-4080-997a-b4e9ae228ad1	NR_041879.1	96.545	492	6	6	1	484	748	1236	0.0	804
a697f61c-ff23-4080-997a-b4e9ae228ad1	NR_119169.1	96.334	491	8	5	1	484	796	1283	0.0	802
a697f61c-ff23-4080-997a-b4e9ae228ad1	NR_163639.1	96.538	491	5	7	1	484	808	1293	0.0	802
d4acf487-fc27-4c86-ac7a-00add454de0c	NR_148763.1	96.253	1361	29	20	2	1349	132	1483	0.0	2211
d4acf487-fc27-4c86-ac7a-00add454de0c	NR_148764.1	95.738	1361	36	20	2	1349	132	1483	0.0	2172
d4acf487-fc27-4c86-ac7a-00add454de0c	NR_113578.1	95.662	1360	37	20	2	1348	112	1462	0.0	2169
d4acf487-fc27-4c86-ac7a-00add454de0c	NR_028619.1	95.591	1361	36	22	2	1349	133	1482	0.0	2159
d4acf487-fc27-4c86-ac7a-00add454de0c	NR_024946.1	95.772	1348	35	20	2	1336	120	1458	0.0	2154
d417e0bf-9a42-420b-bcb4-8c8bb8758582	NR_148763.1	96.479	994	21	9	1	983	1001	11	0.0	1629
d417e0bf-9a42-420b-bcb4-8c8bb8758582	NR_024927.1	96.545	984	20	9	1	973	994	14	0.0	1616
d417e0bf-9a42-420b-bcb4-8c8bb8758582	NR_114223.1	96.545	984	20	9	1	973	981	1	0.0	1616
d417e0bf-9a42-420b-bcb4-8c8bb8758582	NR_178342.1	96.240	984	23	9	1	973	981	1	0.0	1600
d417e0bf-9a42-420b-bcb4-8c8bb8758582	NR_178482.1	96.509	974	20	9	1	963	971	1	0.0	1598
530556d6-7911-487d-9608-98f0fae04c24	NR_109720.1	97.009	535	4	8	1	532	466	991	0.0	889
530556d6-7911-487d-9608-98f0fae04c24	NR_115241.1	97.009	535	4	8	1	532	472	997	0.0	889
530556d6-7911-487d-9608-98f0fae04c24	NR_115735.1	97.009	535	4	8	1	532	463	988	0.0	889
530556d6-7911-487d-9608-98f0fae04c24	NR_116211.1	97.009	535	4	8	1	532	395	920	0.0	889
530556d6-7911-487d-9608-98f0fae04c24	NR_178515.1	97.009	535	4	8	1	532	472	997	0.0	889
9b4b06a9-bdf0-4821-8ca5-19661c1b3a10	NR_180875.1	96.602	1030	23	9	8	1029	404	1429	0.0	1707
9b4b06a9-bdf0-4821-8ca5-19661c1b3a10	NR_109720.1	96.702	1031	22	9	8	1030	419	1445	0.0	1705
9b4b06a9-bdf0-4821-8ca5-19661c1b3a10	NR_036936.1	96.605	1031	23	9	8	1030	425	1451	0.0	1700
9b4b06a9-bdf0-4821-8ca5-19661c1b3a10	NR_042927.1	96.411	1031	25	9	8	1030	425	1451	0.0	1688
9b4b06a9-bdf0-4821-8ca5-19661c1b3a10	NR_115734.1	96.411	1031	25	9	8	1030	426	1452	0.0	1688
670b266f-2347-4bbf-bf01-4413ced542de	NR_024704.1	95.783	166	2	4	3	164	1171	1007	2.84e-70	263
670b266f-2347-4bbf-bf01-4413ced542de	NR_024902.1	95.783	166	2	4	3	164	1178	1014	2.84e-70	263
670b266f-2347-4bbf-bf01-4413ced542de	NR_024909.1	95.783	166	2	4	3	164	1176	1012	2.84e-70	263
670b266f-2347-4bbf-bf01-4413ced542de	NR_024911.1	95.783	166	2	4	3	164	1176	1012	2.84e-70	263
670b266f-2347-4bbf-bf01-4413ced542de	NR_024912.1	95.783	166	2	4	3	164	1176	1012	2.84e-70	263
30b46c63-674e-4436-a9ba-8ca823a0e20b	NR_179985.1	95.902	244	7	3	17	259	252	11	5.83e-109	392
30b46c63-674e-4436-a9ba-8ca823a0e20b	NR_181838.1	95.902	244	7	3	17	259	255	14	5.83e-109	392
30b46c63-674e-4436-a9ba-8ca823a0e20b	NR_126220.1	95.833	240	7	3	17	255	238	1	9.76e-107	385
30b46c63-674e-4436-a9ba-8ca823a0e20b	NR_043314.1	95.455	242	8	3	17	257	249	10	3.51e-106	383
30b46c63-674e-4436-a9ba-8ca823a0e20b	NR_179103.1	95.082	244	9	3	17	259	256	15	1.26e-105	381
9dfeb3d2-0b0b-4ef3-b78d-5cbd434cbd3b	NR_148763.1	97.080	137	1	2	1	134	147	11	8.15e-60	228
9dfeb3d2-0b0b-4ef3-b78d-5cbd434cbd3b	NR_024946.1	97.037	135	1	2	1	132	135	1	1.05e-58	224
9dfeb3d2-0b0b-4ef3-b78d-5cbd434cbd3b	NR_112077.1	97.037	135	1	2	1	132	145	11	1.05e-58	224
9dfeb3d2-0b0b-4ef3-b78d-5cbd434cbd3b	NR_028619.1	96.296	135	2	2	1	132	148	14	1.36e-57	220
9dfeb3d2-0b0b-4ef3-b78d-5cbd434cbd3b	NR_137210.1	96.296	135	2	2	1	132	147	13	4.91e-57	219
b88b32a1-4aea-482f-b9ce-be34398c8d47	NR_179985.1	97.276	257	2	5	3	254	267	11	1.20e-120	431
b88b32a1-4aea-482f-b9ce-be34398c8d47	NR_181838.1	97.276	257	2	5	3	254	270	14	1.20e-120	431
b88b32a1-4aea-482f-b9ce-be34398c8d47	NR_126220.1	97.233	253	2	5	3	250	253	1	2.02e-118	424
b88b32a1-4aea-482f-b9ce-be34398c8d47	NR_043314.1	96.863	255	3	5	3	252	264	10	7.25e-118	422
b88b32a1-4aea-482f-b9ce-be34398c8d47	NR_179103.1	96.498	257	4	5	3	254	271	15	2.61e-117	420
d548820d-25da-4905-99b2-b1ff38fd1566	NR_112704.1	94.498	1036	32	21	1	1017	1388	359	0.0	1574
d548820d-25da-4905-99b2-b1ff38fd1566	NR_117426.1	94.498	1036	32	21	1	1017	1469	440	0.0	1574
d548820d-25da-4905-99b2-b1ff38fd1566	NR_042833.1	94.493	1035	32	21	2	1017	1470	442	0.0	1572
d548820d-25da-4905-99b2-b1ff38fd1566	NR_041721.1	94.402	1036	32	22	1	1017	1492	464	0.0	1568
d548820d-25da-4905-99b2-b1ff38fd1566	NR_118318.1	94.328	1005	32	21	32	1017	1404	406	0.0	1517
9ab3f4fa-d15c-419a-866e-4c5dceedb31e	NR_148763.1	97.257	1422	25	10	4	1414	68	1486	0.0	2398
9ab3f4fa-d15c-419a-866e-4c5dceedb31e	NR_113578.1	96.749	1415	32	10	4	1407	48	1459	0.0	2350
9ab3f4fa-d15c-419a-866e-4c5dceedb31e	NR_148764.1	96.751	1416	32	10	10	1414	74	1486	0.0	2348
9ab3f4fa-d15c-419a-866e-4c5dceedb31e	NR_024946.1	96.942	1406	29	10	4	1398	56	1458	0.0	2346
9ab3f4fa-d15c-419a-866e-4c5dceedb31e	NR_028619.1	96.624	1422	32	12	4	1414	69	1485	0.0	2346
a7039758-bbf6-4fbf-baf9-ee18b1fab2d5	NR_026395.1	91.824	159	4	6	1	152	634	478	2.67e-55	213
a7039758-bbf6-4fbf-baf9-ee18b1fab2d5	NR_024704.1	91.824	159	4	6	1	152	622	466	2.67e-55	213
a7039758-bbf6-4fbf-baf9-ee18b1fab2d5	NR_024946.1	91.824	159	4	6	1	152	622	466	2.67e-55	213
a7039758-bbf6-4fbf-baf9-ee18b1fab2d5	NR_025550.1	91.824	159	4	6	1	152	616	460	2.67e-55	213
a7039758-bbf6-4fbf-baf9-ee18b1fab2d5	NR_028619.1	91.824	159	4	6	1	152	635	479	2.67e-55	213
d18f3b89-f31e-4fb2-a5c0-4273b0a0a1a4	NR_148763.1	92.333	300	13	9	1	294	306	11	1.10e-116	418
d18f3b89-f31e-4fb2-a5c0-4273b0a0a1a4	NR_024946.1	92.282	298	13	9	1	292	294	1	1.42e-115	414
d18f3b89-f31e-4fb2-a5c0-4273b0a0a1a4	NR_112077.1	92.282	298	13	9	1	292	304	11	1.42e-115	414
d18f3b89-f31e-4fb2-a5c0-4273b0a0a1a4	NR_028619.1	91.946	298	14	9	1	292	307	14	1.84e-114	411
d18f3b89-f31e-4fb2-a5c0-4273b0a0a1a4	NR_136473.1	92.491	293	12	9	1	287	289	1	1.84e-114	411
702fa3b7-5243-4f58-b750-5d4c8335d22a	NR_024704.1	98.889	270	3	0	1	270	1205	1474	3.57e-136	483
702fa3b7-5243-4f58-b750-5d4c8335d22a	NR_042607.1	98.889	270	3	0	1	270	1197	1466	3.57e-136	483
702fa3b7-5243-4f58-b750-5d4c8335d22a	NR_148763.1	98.889	270	3	0	1	270	1217	1486	3.57e-136	483
702fa3b7-5243-4f58-b750-5d4c8335d22a	NR_043115.1	98.889	270	3	0	1	270	1217	1486	3.57e-136	483
702fa3b7-5243-4f58-b750-5d4c8335d22a	NR_179985.1	98.889	270	3	0	1	270	1217	1486	3.57e-136	483
c54375dd-3d65-4d19-b81a-949aa98a8985	NR_148763.1	93.401	197	7	6	1	193	206	12	2.03e-77	287
c54375dd-3d65-4d19-b81a-949aa98a8985	NR_024946.1	93.367	196	7	6	1	192	194	1	7.30e-77	285
c54375dd-3d65-4d19-b81a-949aa98a8985	NR_112077.1	93.367	196	7	6	1	192	204	11	7.30e-77	285
c54375dd-3d65-4d19-b81a-949aa98a8985	NR_028619.1	92.857	196	8	6	1	192	207	14	9.45e-76	281
c54375dd-3d65-4d19-b81a-949aa98a8985	NR_136473.1	93.194	191	7	6	1	187	189	1	4.40e-74	276
a4ebb77c-2f09-4cc2-8c15-7f6fb2127509	NR_041879.1	94.690	226	6	3	1	221	1359	1135	3.89e-95	346
a4ebb77c-2f09-4cc2-8c15-7f6fb2127509	NR_115355.1	94.690	226	6	3	1	221	1401	1177	3.89e-95	346
a4ebb77c-2f09-4cc2-8c15-7f6fb2127509	NR_163639.1	94.690	226	6	3	1	221	1416	1192	3.89e-95	346
a4ebb77c-2f09-4cc2-8c15-7f6fb2127509	NR_179325.1	94.690	226	6	3	1	221	1375	1151	3.89e-95	346
a4ebb77c-2f09-4cc2-8c15-7f6fb2127509	NR_119169.1	94.248	226	7	3	1	221	1406	1182	1.81e-93	340
f24d2c21-7dca-4b81-9eee-66155ff3ce40	NR_040859.1	94.624	93	4	1	14	105	1383	1475	2.38e-34	143
f24d2c21-7dca-4b81-9eee-66155ff3ce40	NR_028806.1	94.624	93	4	1	14	105	1390	1482	2.38e-34	143
f24d2c21-7dca-4b81-9eee-66155ff3ce40	NR_040992.1	94.624	93	4	1	14	105	1391	1483	2.38e-34	143
f24d2c21-7dca-4b81-9eee-66155ff3ce40	NR_025881.1	94.624	93	4	1	14	105	1389	1481	2.38e-34	143
f24d2c21-7dca-4b81-9eee-66155ff3ce40	NR_025947.1	94.624	93	4	1	14	105	1392	1484	2.38e-34	143
4f847e47-900d-4920-bba6-b9dceb434700	NR_024704.1	93.258	178	8	3	1	175	1261	1085	4.04e-69	259
4f847e47-900d-4920-bba6-b9dceb434700	NR_024946.1	93.258	178	8	3	1	175	1261	1085	4.04e-69	259
4f847e47-900d-4920-bba6-b9dceb434700	NR_036909.1	93.258	178	8	3	1	175	1271	1095	4.04e-69	259
4f847e47-900d-4920-bba6-b9dceb434700	NR_112077.1	93.258	178	8	3	1	175	1271	1095	4.04e-69	259
4f847e47-900d-4920-bba6-b9dceb434700	NR_113578.1	93.258	178	8	3	1	175	1253	1077	4.04e-69	259
d64f302a-46c7-4cf4-8cb8-f0bf17f5c3f8	NR_148763.1	95.745	470	10	8	9	471	269	735	0.0	749
d64f302a-46c7-4cf4-8cb8-f0bf17f5c3f8	NR_118155.1	94.894	470	14	8	9	471	272	738	0.0	726
d64f302a-46c7-4cf4-8cb8-f0bf17f5c3f8	NR_024927.1	94.681	470	15	8	9	471	262	728	0.0	721
d64f302a-46c7-4cf4-8cb8-f0bf17f5c3f8	NR_025227.1	94.681	470	15	8	9	471	245	711	0.0	721
d64f302a-46c7-4cf4-8cb8-f0bf17f5c3f8	NR_114223.1	94.681	470	15	8	9	471	249	715	0.0	721
a5a8a34d-9836-4041-a245-97364e3fd5e7	NR_163639.1	92.141	1387	49	50	1	1345	1371	3	0.0	1903
a5a8a34d-9836-4041-a245-97364e3fd5e7	NR_119169.1	91.945	1378	49	51	1	1333	1361	1	0.0	1881
a5a8a34d-9836-4041-a245-97364e3fd5e7	NR_115355.1	92.061	1373	47	51	1	1328	1356	1	0.0	1879
a5a8a34d-9836-4041-a245-97364e3fd5e7	NR_074980.1	91.427	1388	57	50	1	1343	1383	13	0.0	1847
a5a8a34d-9836-4041-a245-97364e3fd5e7	NR_113031.1	91.427	1388	57	50	1	1343	1383	13	0.0	1847
16616d7a-1fc1-4dd0-a910-a79b41cdacd6	NR_024704.1	92.063	126	5	4	1	122	1344	1468	3.56e-43	172
16616d7a-1fc1-4dd0-a910-a79b41cdacd6	NR_025030.1	92.063	126	5	4	1	122	1360	1484	3.56e-43	172
16616d7a-1fc1-4dd0-a910-a79b41cdacd6	NR_027564.1	92.063	126	5	4	1	122	1330	1454	3.56e-43	172
16616d7a-1fc1-4dd0-a910-a79b41cdacd6	NR_042607.1	92.063	126	5	4	1	122	1336	1460	3.56e-43	172
16616d7a-1fc1-4dd0-a910-a79b41cdacd6	NR_074853.1	92.063	126	5	4	1	122	1364	1488	3.56e-43	172
9061462c-bd07-4b35-b408-6aafa21d3e36	NR_024704.1	95.833	192	5	2	1	190	1278	1468	1.58e-83	307
9061462c-bd07-4b35-b408-6aafa21d3e36	NR_042607.1	95.833	192	5	2	1	190	1270	1460	1.58e-83	307
9061462c-bd07-4b35-b408-6aafa21d3e36	NR_113578.1	95.833	192	5	2	1	190	1270	1460	1.58e-83	307
9061462c-bd07-4b35-b408-6aafa21d3e36	NR_113859.1	95.833	192	5	2	1	190	1269	1459	1.58e-83	307
9061462c-bd07-4b35-b408-6aafa21d3e36	NR_114163.1	95.833	192	5	2	1	190	1276	1466	1.58e-83	307
293766b7-5faf-4e1b-90cd-39f93f58691b	NR_042776.1	95.618	639	16	10	11	643	867	1499	0.0	1014
293766b7-5faf-4e1b-90cd-39f93f58691b	NR_042777.1	95.618	639	16	10	11	643	866	1498	0.0	1014
293766b7-5faf-4e1b-90cd-39f93f58691b	NR_042778.1	95.305	639	18	9	11	643	867	1499	0.0	1003
293766b7-5faf-4e1b-90cd-39f93f58691b	NR_197695.1	95.149	639	19	9	11	643	866	1498	0.0	998
293766b7-5faf-4e1b-90cd-39f93f58691b	NR_042052.1	94.836	639	21	9	11	643	765	1397	0.0	987
f6cddee3-c54b-481b-89df-1be996d80e63	NR_116899.1	95.823	1245	35	14	1	1232	1253	13	0.0	1995
f6cddee3-c54b-481b-89df-1be996d80e63	NR_181838.1	95.663	1245	37	14	1	1232	1289	49	0.0	1984
f6cddee3-c54b-481b-89df-1be996d80e63	NR_179985.1	95.582	1245	38	14	1	1232	1286	46	0.0	1978
f6cddee3-c54b-481b-89df-1be996d80e63	NR_126220.1	95.502	1245	39	14	1	1232	1272	32	0.0	1973
f6cddee3-c54b-481b-89df-1be996d80e63	NR_180743.1	95.502	1245	39	14	1	1232	1267	27	0.0	1973
35ce0f7a-1f0f-4534-ab3e-3592e1efd374	NR_163639.1	96.891	386	5	6	1	379	1508	1123	0.0	640
35ce0f7a-1f0f-4534-ab3e-3592e1efd374	NR_179325.1	96.875	384	5	6	3	379	1465	1082	0.0	636
35ce0f7a-1f0f-4534-ab3e-3592e1efd374	NR_115355.1	96.632	386	6	6	1	379	1493	1108	0.0	634
35ce0f7a-1f0f-4534-ab3e-3592e1efd374	NR_115354.1	96.373	386	7	6	1	379	1493	1108	6.25e-180	628
35ce0f7a-1f0f-4534-ab3e-3592e1efd374	NR_119169.1	96.114	386	8	6	1	379	1498	1113	8.09e-179	625
13211377-4600-46d8-b0d8-8f42a67aec0d	NR_024704.1	94.286	490	17	6	1	481	984	1471	0.0	739
13211377-4600-46d8-b0d8-8f42a67aec0d	NR_181838.1	94.286	490	17	6	1	481	999	1486	0.0	739
13211377-4600-46d8-b0d8-8f42a67aec0d	NR_179985.1	94.082	490	18	6	1	481	996	1483	0.0	734
13211377-4600-46d8-b0d8-8f42a67aec0d	NR_181703.1	94.082	490	18	6	1	481	1003	1490	0.0	734
13211377-4600-46d8-b0d8-8f42a67aec0d	NR_126220.1	94.057	488	19	6	1	479	982	1468	0.0	732
0cd677d1-ff5c-4f5b-b503-d4873beb6e2a	NR_025228.1	95.695	511	10	8	1	502	451	958	0.0	811
0cd677d1-ff5c-4f5b-b503-d4873beb6e2a	NR_025549.1	95.695	511	10	8	1	502	457	964	0.0	811
0cd677d1-ff5c-4f5b-b503-d4873beb6e2a	NR_036830.1	95.695	511	10	8	1	502	437	944	0.0	811
0cd677d1-ff5c-4f5b-b503-d4873beb6e2a	NR_117822.1	95.695	511	10	8	1	502	429	936	0.0	811
0cd677d1-ff5c-4f5b-b503-d4873beb6e2a	NR_152639.1	95.695	511	10	8	1	502	439	946	0.0	811
