e671a962-01ec-48cb-a594-febd32ae099a	NR_126220.1	90.547	201	12	6	2	197	202	4	4.66e-69	259
e671a962-01ec-48cb-a594-febd32ae099a	NR_179985.1	90.547	201	12	6	2	197	216	18	4.66e-69	259
e671a962-01ec-48cb-a594-febd32ae099a	NR_181838.1	90.547	201	12	6	2	197	219	21	4.66e-69	259
e671a962-01ec-48cb-a594-febd32ae099a	NR_043314.1	90.050	201	13	6	2	197	213	15	2.17e-67	254
e671a962-01ec-48cb-a594-febd32ae099a	NR_104278.1	90.050	201	13	6	2	197	208	10	2.17e-67	254
304fa16e-cecb-4529-871c-3414c008bd9c	NR_115609.1	99.099	111	1	0	1	111	226	116	1.44e-51	200
304fa16e-cecb-4529-871c-3414c008bd9c	NR_028826.1	99.099	111	0	1	1	111	249	140	5.19e-51	198
304fa16e-cecb-4529-871c-3414c008bd9c	NR_040992.1	99.099	111	0	1	1	111	267	158	5.19e-51	198
304fa16e-cecb-4529-871c-3414c008bd9c	NR_026395.1	99.099	111	0	1	1	111	267	158	5.19e-51	198
304fa16e-cecb-4529-871c-3414c008bd9c	NR_024707.1	99.099	111	0	1	1	111	249	140	5.19e-51	198
bb9193d7-9e10-45d9-9e90-ce267a4b6b1d	NR_126220.1	91.168	702	31	25	1	681	634	1325	0.0	924
bb9193d7-9e10-45d9-9e90-ce267a4b6b1d	NR_179483.1	91.168	702	31	25	1	681	531	1222	0.0	924
bb9193d7-9e10-45d9-9e90-ce267a4b6b1d	NR_181838.1	91.168	702	31	25	1	681	651	1342	0.0	924
bb9193d7-9e10-45d9-9e90-ce267a4b6b1d	NR_043314.1	91.026	702	33	24	1	681	645	1337	0.0	920
bb9193d7-9e10-45d9-9e90-ce267a4b6b1d	NR_024918.1	91.026	702	32	25	1	681	641	1332	0.0	918
44adb50a-9d2d-4421-b868-65396f19d6d9	NR_148763.1	92.368	511	19	16	1	497	1489	985	0.0	710
44adb50a-9d2d-4421-b868-65396f19d6d9	NR_148764.1	92.172	511	20	16	1	497	1489	985	0.0	704
44adb50a-9d2d-4421-b868-65396f19d6d9	NR_028619.1	92.157	510	20	17	1	497	1488	986	0.0	702
44adb50a-9d2d-4421-b868-65396f19d6d9	NR_112077.1	91.585	511	23	15	1	497	1487	983	0.0	693
44adb50a-9d2d-4421-b868-65396f19d6d9	NR_149823.1	91.935	496	20	16	16	497	1425	936	0.0	676
141a295b-8c12-439d-b6c1-5c9c072bfdb9	NR_024946.1	87.651	332	25	13	1	319	963	635	9.55e-103	372
141a295b-8c12-439d-b6c1-5c9c072bfdb9	NR_028619.1	87.651	332	25	13	1	319	976	648	9.55e-103	372
141a295b-8c12-439d-b6c1-5c9c072bfdb9	NR_113578.1	87.651	332	25	13	1	319	955	627	9.55e-103	372
141a295b-8c12-439d-b6c1-5c9c072bfdb9	NR_148763.1	87.651	332	25	13	1	319	975	647	9.55e-103	372
141a295b-8c12-439d-b6c1-5c9c072bfdb9	NR_148764.1	87.651	332	25	13	1	319	975	647	9.55e-103	372
c47cfcc7-429d-474d-8c03-a548c4f6b1d5	NR_024704.1	90.741	324	23	7	4	324	1259	940	7.57e-119	425
c47cfcc7-429d-474d-8c03-a548c4f6b1d5	NR_036909.1	90.741	324	23	7	4	324	1269	950	7.57e-119	425
c47cfcc7-429d-474d-8c03-a548c4f6b1d5	NR_126220.1	90.741	324	23	7	4	324	1257	938	7.57e-119	425
c47cfcc7-429d-474d-8c03-a548c4f6b1d5	NR_179483.1	90.741	324	23	7	4	324	1154	835	7.57e-119	425
c47cfcc7-429d-474d-8c03-a548c4f6b1d5	NR_181838.1	90.741	324	23	7	4	324	1274	955	7.57e-119	425
