f4add5cd-b230-409c-b010-d204eb11bca0	NR_180743.1	95.362	733	13	13	1	716	1383	655	0.0	1146
f4add5cd-b230-409c-b010-d204eb11bca0	NR_180743.1	97.667	600	9	3	724	1323	595	1	0.0	1026
f4add5cd-b230-409c-b010-d204eb11bca0	NR_126220.1	95.225	733	14	13	1	716	1388	660	0.0	1140
f4add5cd-b230-409c-b010-d204eb11bca0	NR_126220.1	97.521	605	10	3	724	1328	600	1	0.0	1029
f4add5cd-b230-409c-b010-d204eb11bca0	NR_179103.1	95.225	733	14	14	1	716	1406	678	0.0	1140
f4add5cd-b230-409c-b010-d204eb11bca0	NR_179103.1	97.697	608	9	3	724	1331	618	16	0.0	1040
f4add5cd-b230-409c-b010-d204eb11bca0	NR_179728.1	95.225	733	14	14	1	716	1402	674	0.0	1140
f4add5cd-b230-409c-b010-d204eb11bca0	NR_179728.1	97.697	608	9	3	724	1331	614	12	0.0	1040
f4add5cd-b230-409c-b010-d204eb11bca0	NR_181838.1	95.225	733	14	13	1	716	1405	677	0.0	1140
f4add5cd-b230-409c-b010-d204eb11bca0	NR_181838.1	97.862	608	8	3	724	1331	617	15	0.0	1046
1ad3e605-030e-4570-8f46-812aaf51d468	NR_179993.1	87.165	1083	81	45	9	1050	1083	18	0.0	1177
1ad3e605-030e-4570-8f46-812aaf51d468	NR_169461.1	86.544	1085	80	50	9	1047	1065	1	0.0	1134
1ad3e605-030e-4570-8f46-812aaf51d468	NR_116745.1	86.477	1087	82	50	9	1050	1086	20	0.0	1133
1ad3e605-030e-4570-8f46-812aaf51d468	NR_044894.1	86.376	1079	86	47	9	1047	1058	1	0.0	1122
1ad3e605-030e-4570-8f46-812aaf51d468	NR_044871.1	86.242	1083	87	49	9	1050	1071	10	0.0	1118
9a594111-d7e7-40e2-a4ec-a4d4b464d791	NR_148763.1	92.336	1070	42	29	2	1036	402	1466	0.0	1485
9a594111-d7e7-40e2-a4ec-a4d4b464d791	NR_149823.1	91.869	1070	47	30	2	1036	353	1417	0.0	1458
9a594111-d7e7-40e2-a4ec-a4d4b464d791	NR_024946.1	91.776	1070	48	29	2	1036	390	1454	0.0	1452
9a594111-d7e7-40e2-a4ec-a4d4b464d791	NR_148764.1	91.776	1070	48	30	2	1036	402	1466	0.0	1452
9a594111-d7e7-40e2-a4ec-a4d4b464d791	NR_113578.1	91.682	1070	49	29	2	1036	382	1446	0.0	1448
cd058629-80d4-49c3-94a5-a78f1e49140b	NR_148763.1	90.827	992	47	33	5	959	996	12	0.0	1288
cd058629-80d4-49c3-94a5-a78f1e49140b	NR_024946.1	90.515	991	50	33	5	958	984	1	0.0	1269
cd058629-80d4-49c3-94a5-a78f1e49140b	NR_028619.1	90.414	991	51	33	5	958	997	14	0.0	1266
cd058629-80d4-49c3-94a5-a78f1e49140b	NR_113578.1	90.437	983	50	33	5	950	976	1	0.0	1254
cd058629-80d4-49c3-94a5-a78f1e49140b	NR_136473.1	90.365	986	51	33	5	953	979	1	0.0	1254
92baf01c-65ee-41b4-bfad-c8561eab73d4	NR_024918.1	95.792	499	9	8	1	497	989	1477	0.0	795
92baf01c-65ee-41b4-bfad-c8561eab73d4	NR_043314.1	95.792	499	9	9	1	497	994	1482	0.0	795
92baf01c-65ee-41b4-bfad-c8561eab73d4	NR_116899.1	95.792	499	9	9	1	497	963	1451	0.0	795
92baf01c-65ee-41b4-bfad-c8561eab73d4	NR_164626.1	95.792	499	9	8	1	497	986	1474	0.0	795
92baf01c-65ee-41b4-bfad-c8561eab73d4	NR_178854.1	95.792	499	9	9	1	497	975	1463	0.0	795
0e44d37d-9db2-44cd-bf8f-b845f7311087	NR_148763.1	91.972	847	40	23	3	839	658	1486	0.0	1162
0e44d37d-9db2-44cd-bf8f-b845f7311087	NR_148764.1	91.854	847	41	23	3	839	658	1486	0.0	1157
0e44d37d-9db2-44cd-bf8f-b845f7311087	NR_112077.1	90.909	847	49	22	3	839	656	1484	0.0	1131
0e44d37d-9db2-44cd-bf8f-b845f7311087	NR_178637.1	89.976	848	57	23	2	839	614	1443	0.0	1070
0e44d37d-9db2-44cd-bf8f-b845f7311087	NR_156852.1	90.610	820	48	24	2	811	615	1415	0.0	1061
73831cee-71b0-4928-9e4d-c9d470788414	NR_025227.1	91.259	1064	47	38	1	1041	238	1278	0.0	1408
73831cee-71b0-4928-9e4d-c9d470788414	NR_116899.1	91.259	1064	47	38	1	1041	229	1269	0.0	1408
73831cee-71b0-4928-9e4d-c9d470788414	NR_179483.1	91.165	1064	48	38	1	1041	145	1185	0.0	1402
73831cee-71b0-4928-9e4d-c9d470788414	NR_179985.1	91.165	1064	48	38	1	1041	262	1302	0.0	1402
73831cee-71b0-4928-9e4d-c9d470788414	NR_181838.1	91.165	1064	48	38	1	1041	265	1305	0.0	1402
4027c1b8-6063-4950-ab43-8680deaaebc4	NR_179985.1	93.725	1004	33	25	1	991	1007	21	0.0	1478
4027c1b8-6063-4950-ab43-8680deaaebc4	NR_181838.1	93.725	1004	33	25	1	991	1010	24	0.0	1478
4027c1b8-6063-4950-ab43-8680deaaebc4	NR_179103.1	93.625	1004	34	25	1	991	1011	25	0.0	1472
4027c1b8-6063-4950-ab43-8680deaaebc4	NR_179728.1	93.625	1004	34	25	1	991	1007	21	0.0	1472
4027c1b8-6063-4950-ab43-8680deaaebc4	NR_126220.1	93.526	1004	35	25	1	991	993	7	0.0	1467
99dbc0be-875b-4718-85a1-cb6f90dbfe3b	NR_148763.1	97.742	310	6	1	16	324	321	12	4.18e-151	532
99dbc0be-875b-4718-85a1-cb6f90dbfe3b	NR_024946.1	97.735	309	6	1	16	323	309	1	1.50e-150	531
99dbc0be-875b-4718-85a1-cb6f90dbfe3b	NR_112077.1	97.735	309	6	1	16	323	319	11	1.50e-150	531
99dbc0be-875b-4718-85a1-cb6f90dbfe3b	NR_028619.1	97.411	309	7	1	16	323	322	14	1.94e-149	527
99dbc0be-875b-4718-85a1-cb6f90dbfe3b	NR_136473.1	97.697	304	6	1	16	318	304	1	9.05e-148	521
b63ff802-ebb5-4e80-afce-41820c02f20a	NR_116899.1	92.924	1286	49	34	13	1268	1274	1	0.0	1832
b63ff802-ebb5-4e80-afce-41820c02f20a	NR_181838.1	92.675	1297	55	32	13	1280	1310	25	0.0	1832
b63ff802-ebb5-4e80-afce-41820c02f20a	NR_179985.1	92.604	1298	54	34	13	1280	1307	22	0.0	1827
b63ff802-ebb5-4e80-afce-41820c02f20a	NR_126220.1	92.521	1297	57	32	13	1280	1293	8	0.0	1821
b63ff802-ebb5-4e80-afce-41820c02f20a	NR_180743.1	92.521	1297	57	33	13	1280	1288	3	0.0	1821
c5bdeb7c-0d34-449d-81fd-6382ee53b686	NR_148763.1	98.965	483	2	1	4	483	1001	1483	0.0	861
c5bdeb7c-0d34-449d-81fd-6382ee53b686	NR_024704.1	98.758	483	3	1	4	483	989	1471	0.0	856
c5bdeb7c-0d34-449d-81fd-6382ee53b686	NR_113578.1	98.755	482	3	1	4	482	981	1462	0.0	856
c5bdeb7c-0d34-449d-81fd-6382ee53b686	NR_148764.1	98.758	483	3	1	4	483	1001	1483	0.0	856
c5bdeb7c-0d34-449d-81fd-6382ee53b686	NR_181838.1	98.758	483	3	1	4	483	1004	1486	0.0	856
37998698-2ae4-4b06-9aa1-9fa96eb7e9d3	NR_024918.1	90.724	539	22	23	1	525	951	1475	0.0	693
37998698-2ae4-4b06-9aa1-9fa96eb7e9d3	NR_043314.1	90.724	539	22	23	1	525	956	1480	0.0	693
37998698-2ae4-4b06-9aa1-9fa96eb7e9d3	NR_116899.1	90.724	539	22	23	1	525	925	1449	0.0	693
37998698-2ae4-4b06-9aa1-9fa96eb7e9d3	NR_164626.1	90.724	539	22	23	1	525	948	1472	0.0	693
37998698-2ae4-4b06-9aa1-9fa96eb7e9d3	NR_178854.1	90.724	539	22	23	1	525	937	1461	0.0	693
5e31320e-ec56-42bd-82c0-a2dea75a1beb	NR_024918.1	93.795	693	23	14	1	681	792	1476	0.0	1024
5e31320e-ec56-42bd-82c0-a2dea75a1beb	NR_116899.1	93.795	693	23	14	1	681	766	1450	0.0	1024
5e31320e-ec56-42bd-82c0-a2dea75a1beb	NR_164626.1	93.795	693	23	14	1	681	789	1473	0.0	1024
5e31320e-ec56-42bd-82c0-a2dea75a1beb	NR_178854.1	93.795	693	23	14	1	681	778	1462	0.0	1024
5e31320e-ec56-42bd-82c0-a2dea75a1beb	NR_179889.1	93.795	693	23	14	1	681	806	1490	0.0	1024
5a906302-08db-452e-9522-ddf8c0c7b5bd	NR_028665.1	98.198	555	6	4	4	555	936	1489	0.0	966
5a906302-08db-452e-9522-ddf8c0c7b5bd	NR_179385.1	98.198	555	6	4	4	555	943	1496	0.0	966
5a906302-08db-452e-9522-ddf8c0c7b5bd	NR_199545.1	98.198	555	6	4	4	555	939	1492	0.0	966
5a906302-08db-452e-9522-ddf8c0c7b5bd	NR_027214.1	98.367	551	5	4	4	551	919	1468	0.0	965
5a906302-08db-452e-9522-ddf8c0c7b5bd	NR_165744.1	98.367	551	5	4	4	551	928	1477	0.0	965
406e52ab-58d9-4da9-bde6-73e147c702a2	NR_132724.1	90.683	322	15	9	1	319	933	1242	1.60e-115	414
406e52ab-58d9-4da9-bde6-73e147c702a2	NR_178772.1	90.683	322	15	9	1	319	933	1242	1.60e-115	414
406e52ab-58d9-4da9-bde6-73e147c702a2	NR_024704.1	90.373	322	16	9	1	319	984	1293	7.42e-114	409
406e52ab-58d9-4da9-bde6-73e147c702a2	NR_024902.1	90.373	322	16	9	1	319	991	1300	7.42e-114	409
406e52ab-58d9-4da9-bde6-73e147c702a2	NR_028706.1	90.373	322	16	9	1	319	997	1306	7.42e-114	409
1c2b92a4-0737-49bf-90ee-94fc7e40e303	NR_115355.1	92.188	1344	38	44	1	1299	1359	38	0.0	1842
1c2b92a4-0737-49bf-90ee-94fc7e40e303	NR_119169.1	92.113	1344	39	44	1	1299	1364	43	0.0	1840
1c2b92a4-0737-49bf-90ee-94fc7e40e303	NR_179325.1	92.193	1345	37	45	1	1299	1333	11	0.0	1840
1c2b92a4-0737-49bf-90ee-94fc7e40e303	NR_041879.1	92.852	1301	37	41	1	1263	1317	35	0.0	1836
1c2b92a4-0737-49bf-90ee-94fc7e40e303	NR_163639.1	91.214	1400	47	54	1	1353	1374	4	0.0	1834
71b8f4c8-3d2e-4dfa-8334-0d509fb8fe66	NR_044873.1	95.494	688	15	14	1	678	585	1266	0.0	1085
71b8f4c8-3d2e-4dfa-8334-0d509fb8fe66	NR_074568.1	94.714	681	20	14	8	678	602	1276	0.0	1044
71b8f4c8-3d2e-4dfa-8334-0d509fb8fe66	NR_044712.2	94.567	681	21	14	8	678	611	1285	0.0	1040
71b8f4c8-3d2e-4dfa-8334-0d509fb8fe66	NR_043968.1	93.904	689	23	17	1	678	554	1234	0.0	1022
71b8f4c8-3d2e-4dfa-8334-0d509fb8fe66	NR_109752.1	93.750	688	26	15	1	678	607	1287	0.0	1016
ec65c510-0171-4aa1-8825-6260662a288a	NR_024918.1	96.351	740	13	11	5	733	740	1476	0.0	1205
ec65c510-0171-4aa1-8825-6260662a288a	NR_116899.1	96.351	740	13	11	5	733	714	1450	0.0	1205
ec65c510-0171-4aa1-8825-6260662a288a	NR_164626.1	96.351	740	13	11	5	733	737	1473	0.0	1205
ec65c510-0171-4aa1-8825-6260662a288a	NR_178854.1	96.351	740	13	11	5	733	726	1462	0.0	1205
ec65c510-0171-4aa1-8825-6260662a288a	NR_179889.1	96.351	740	13	11	5	733	754	1490	0.0	1205
b5b75e55-70e2-447b-8b2a-55d45e01af94	NR_148763.1	91.426	1038	44	34	3	1007	1051	26	0.0	1382
b5b75e55-70e2-447b-8b2a-55d45e01af94	NR_024946.1	90.848	1038	50	34	3	1007	1039	14	0.0	1349
b5b75e55-70e2-447b-8b2a-55d45e01af94	NR_028619.1	90.751	1038	51	34	3	1007	1052	27	0.0	1345
b5b75e55-70e2-447b-8b2a-55d45e01af94	NR_113578.1	90.655	1038	52	34	3	1007	1031	6	0.0	1341
b5b75e55-70e2-447b-8b2a-55d45e01af94	NR_136473.1	90.655	1038	52	34	3	1007	1034	9	0.0	1339
b5217737-baa1-4512-a42b-81da00ee3bc2	NR_199545.1	95.488	1352	25	26	5	1332	1355	16	0.0	2126
b5217737-baa1-4512-a42b-81da00ee3bc2	NR_179385.1	95.414	1352	26	26	5	1332	1359	20	0.0	2121
b5217737-baa1-4512-a42b-81da00ee3bc2	NR_028664.1	95.340	1352	27	26	5	1332	1358	19	0.0	2115
b5217737-baa1-4512-a42b-81da00ee3bc2	NR_115240.1	95.323	1347	27	26	5	1327	1335	1	0.0	2106
b5217737-baa1-4512-a42b-81da00ee3bc2	NR_179383.1	95.192	1352	29	26	5	1332	1362	23	0.0	2104
ac10fe0c-5917-40d9-882e-36a53c586a15	NR_148763.1	89.331	1509	79	61	1	1458	9	1486	0.0	1820
ac10fe0c-5917-40d9-882e-36a53c586a15	NR_024946.1	89.395	1471	80	58	5	1429	1	1441	0.0	1783
ac10fe0c-5917-40d9-882e-36a53c586a15	NR_148764.1	88.801	1509	87	61	1	1458	9	1486	0.0	1775
ac10fe0c-5917-40d9-882e-36a53c586a15	NR_028619.1	88.734	1509	86	63	1	1458	10	1485	0.0	1770
ac10fe0c-5917-40d9-882e-36a53c586a15	NR_136473.1	89.291	1466	81	57	10	1429	1	1436	0.0	1770
9ae43ef3-88ff-4f96-a58d-3114ca416f1c	NR_179985.1	94.805	1001	25	22	1	978	1007	11	0.0	1535
9ae43ef3-88ff-4f96-a58d-3114ca416f1c	NR_179103.1	94.705	1001	26	22	1	978	1011	15	0.0	1530
9ae43ef3-88ff-4f96-a58d-3114ca416f1c	NR_179728.1	94.705	1001	26	22	1	978	1007	11	0.0	1530
9ae43ef3-88ff-4f96-a58d-3114ca416f1c	NR_181838.1	94.705	1001	26	22	1	978	1010	14	0.0	1530
9ae43ef3-88ff-4f96-a58d-3114ca416f1c	NR_181703.1	94.505	1001	28	22	1	978	1014	18	0.0	1519
054cffbb-55ce-49b8-a094-f03afe8b863b	NR_024842.1	97.023	974	19	8	1	966	521	1492	0.0	1631
054cffbb-55ce-49b8-a094-f03afe8b863b	NR_115735.1	97.113	970	18	8	1	962	497	1464	0.0	1628
054cffbb-55ce-49b8-a094-f03afe8b863b	NR_115241.1	96.794	967	21	8	1	959	506	1470	0.0	1611
054cffbb-55ce-49b8-a094-f03afe8b863b	NR_156072.1	96.612	974	23	8	1	966	526	1497	0.0	1607
054cffbb-55ce-49b8-a094-f03afe8b863b	NR_036936.1	96.798	968	20	9	1	959	506	1471	0.0	1605
79397b2b-ee91-43cc-8ca2-95b3c1df8600	NR_114749.1	93.115	886	31	23	11	876	608	1483	0.0	1271
79397b2b-ee91-43cc-8ca2-95b3c1df8600	NR_043314.1	93.010	887	31	23	11	876	605	1481	0.0	1266
79397b2b-ee91-43cc-8ca2-95b3c1df8600	NR_164626.1	93.002	886	32	24	11	876	598	1473	0.0	1266
79397b2b-ee91-43cc-8ca2-95b3c1df8600	NR_179889.1	93.002	886	32	23	11	876	615	1490	0.0	1266
79397b2b-ee91-43cc-8ca2-95b3c1df8600	NR_024918.1	92.889	886	33	24	11	876	601	1476	0.0	1260
fb67b14a-db4b-4730-a1f5-7769883651ff	NR_024918.1	90.101	495	29	18	4	485	989	1476	1.04e-178	625
fb67b14a-db4b-4730-a1f5-7769883651ff	NR_043314.1	90.101	495	29	18	4	485	994	1481	1.04e-178	625
fb67b14a-db4b-4730-a1f5-7769883651ff	NR_116899.1	90.101	495	29	18	4	485	963	1450	1.04e-178	625
fb67b14a-db4b-4730-a1f5-7769883651ff	NR_164626.1	90.101	495	29	18	4	485	986	1473	1.04e-178	625
fb67b14a-db4b-4730-a1f5-7769883651ff	NR_178854.1	90.101	495	29	18	4	485	975	1462	1.04e-178	625
e36d8341-b4e2-492f-ab32-835b5b3fd6a8	NR_116899.1	93.465	1270	63	16	1	1259	115	1375	0.0	1868
e36d8341-b4e2-492f-ab32-835b5b3fd6a8	NR_180743.1	93.307	1270	65	16	1	1259	129	1389	0.0	1857
e36d8341-b4e2-492f-ab32-835b5b3fd6a8	NR_025227.1	93.228	1270	66	15	1	1259	124	1384	0.0	1851
e36d8341-b4e2-492f-ab32-835b5b3fd6a8	NR_024927.1	93.281	1265	65	16	6	1259	146	1401	0.0	1847
e36d8341-b4e2-492f-ab32-835b5b3fd6a8	NR_114223.1	93.281	1265	65	16	6	1259	133	1388	0.0	1847
c5e07111-4389-42ad-8e85-3a0f1cd04a13	NR_179103.1	95.421	939	16	23	1	921	946	17	0.0	1471
c5e07111-4389-42ad-8e85-3a0f1cd04a13	NR_179728.1	95.421	939	16	23	1	921	942	13	0.0	1471
c5e07111-4389-42ad-8e85-3a0f1cd04a13	NR_179985.1	95.421	939	16	23	1	921	942	13	0.0	1471
c5e07111-4389-42ad-8e85-3a0f1cd04a13	NR_181838.1	95.421	939	16	23	1	921	945	16	0.0	1471
c5e07111-4389-42ad-8e85-3a0f1cd04a13	NR_181703.1	95.208	939	18	23	1	921	949	20	0.0	1459
bbd9bde5-9a63-44e8-b111-8896bc349739	NR_148763.1	90.700	957	51	29	5	941	550	1488	0.0	1240
bbd9bde5-9a63-44e8-b111-8896bc349739	NR_148764.1	90.596	957	52	29	5	941	550	1488	0.0	1234
bbd9bde5-9a63-44e8-b111-8896bc349739	NR_028619.1	90.491	957	51	31	5	941	551	1487	0.0	1227
bbd9bde5-9a63-44e8-b111-8896bc349739	NR_024946.1	90.628	939	50	29	5	923	538	1458	0.0	1212
bbd9bde5-9a63-44e8-b111-8896bc349739	NR_117552.1	90.542	941	51	29	5	925	530	1452	0.0	1212
7a5c3798-c22c-406c-872f-96726b1ef4f0	NR_148763.1	97.638	1397	16	16	1	1387	1402	13	0.0	2381
7a5c3798-c22c-406c-872f-96726b1ef4f0	NR_024946.1	97.208	1397	22	16	1	1387	1390	1	0.0	2348
7a5c3798-c22c-406c-872f-96726b1ef4f0	NR_028619.1	97.069	1399	23	17	1	1389	1402	12	0.0	2342
7a5c3798-c22c-406c-872f-96726b1ef4f0	NR_136473.1	97.194	1390	24	14	1	1381	1385	2	0.0	2338
7a5c3798-c22c-406c-872f-96726b1ef4f0	NR_113578.1	97.190	1388	24	14	1	1379	1382	1	0.0	2337
0bb0c575-6643-4702-9e08-b56ce311d59c	NR_181838.1	95.590	839	16	17	1	825	658	1489	0.0	1325
0bb0c575-6643-4702-9e08-b56ce311d59c	NR_181891.1	95.590	839	16	17	1	825	658	1489	0.0	1325
0bb0c575-6643-4702-9e08-b56ce311d59c	NR_179985.1	95.471	839	17	17	1	825	655	1486	0.0	1319
0bb0c575-6643-4702-9e08-b56ce311d59c	NR_181703.1	95.471	839	17	17	1	825	662	1493	0.0	1319
0bb0c575-6643-4702-9e08-b56ce311d59c	NR_178447.1	95.357	840	16	18	1	825	569	1400	0.0	1314
8e222642-1cd8-4866-8a6d-6e663c2d22c6	NR_117719.1	93.316	1496	53	37	1	1469	1487	12	0.0	2165
8e222642-1cd8-4866-8a6d-6e663c2d22c6	NR_179540.1	93.249	1496	53	38	1	1469	1486	12	0.0	2159
8e222642-1cd8-4866-8a6d-6e663c2d22c6	NR_042928.1	93.338	1486	53	36	1	1460	1466	1	0.0	2154
8e222642-1cd8-4866-8a6d-6e663c2d22c6	NR_175455.1	93.168	1493	55	37	1	1466	1475	3	0.0	2148
8e222642-1cd8-4866-8a6d-6e663c2d22c6	NR_118234.1	93.329	1484	50	39	14	1468	1473	10	0.0	2146
46d6d92a-c366-4bf9-8017-5b1055c36e6d	NR_024918.1	97.010	602	10	7	1	599	880	1476	0.0	1005
46d6d92a-c366-4bf9-8017-5b1055c36e6d	NR_043314.1	97.010	602	10	7	1	599	885	1481	0.0	1005
46d6d92a-c366-4bf9-8017-5b1055c36e6d	NR_116899.1	97.010	602	10	7	1	599	854	1450	0.0	1005
46d6d92a-c366-4bf9-8017-5b1055c36e6d	NR_164626.1	97.010	602	10	7	1	599	877	1473	0.0	1005
46d6d92a-c366-4bf9-8017-5b1055c36e6d	NR_178854.1	97.010	602	10	7	1	599	866	1462	0.0	1005
8304e407-eac0-4fcf-967a-8a880b091dad	NR_181354.1	89.456	294	4	16	1	271	977	688	5.07e-95	346
8304e407-eac0-4fcf-967a-8a880b091dad	NR_024901.1	89.153	295	4	16	1	271	964	674	6.56e-94	342
8304e407-eac0-4fcf-967a-8a880b091dad	NR_024902.1	89.153	295	4	16	1	271	966	676	6.56e-94	342
8304e407-eac0-4fcf-967a-8a880b091dad	NR_024911.1	89.153	295	4	16	1	271	964	674	6.56e-94	342
8304e407-eac0-4fcf-967a-8a880b091dad	NR_024918.1	89.153	295	4	16	1	271	964	674	6.56e-94	342
35e0d8bd-71c4-45dd-a352-bb63134c7d5e	NR_113578.1	88.869	566	51	11	8	562	507	1071	0.0	688
35e0d8bd-71c4-45dd-a352-bb63134c7d5e	NR_024946.1	88.869	566	51	11	8	562	515	1079	0.0	686
35e0d8bd-71c4-45dd-a352-bb63134c7d5e	NR_028619.1	88.869	566	51	11	8	562	528	1092	0.0	686
35e0d8bd-71c4-45dd-a352-bb63134c7d5e	NR_148763.1	88.869	566	51	11	8	562	527	1091	0.0	686
35e0d8bd-71c4-45dd-a352-bb63134c7d5e	NR_148764.1	88.869	566	51	11	8	562	527	1091	0.0	686
4237d3a0-d41b-4960-91c9-d8cf41aca255	NR_117822.1	96.481	682	3	15	5	670	1177	501	0.0	1107
4237d3a0-d41b-4960-91c9-d8cf41aca255	NR_025228.1	96.334	682	4	15	5	670	1199	523	0.0	1101
4237d3a0-d41b-4960-91c9-d8cf41aca255	NR_025549.1	96.334	682	4	15	5	670	1205	529	0.0	1101
4237d3a0-d41b-4960-91c9-d8cf41aca255	NR_036830.1	96.334	682	4	15	5	670	1185	509	0.0	1101
4237d3a0-d41b-4960-91c9-d8cf41aca255	NR_178423.1	96.334	682	4	15	5	670	1205	529	0.0	1101
80b39eec-0b75-4332-88c7-3e70a2862955	NR_148763.1	95.057	263	1	8	1	257	267	11	2.67e-112	403
80b39eec-0b75-4332-88c7-3e70a2862955	NR_024946.1	95.019	261	1	8	1	255	255	1	3.46e-111	399
80b39eec-0b75-4332-88c7-3e70a2862955	NR_112077.1	95.019	261	1	8	1	255	265	11	3.46e-111	399
80b39eec-0b75-4332-88c7-3e70a2862955	NR_136473.1	95.669	254	1	6	1	249	250	2	3.46e-111	399
80b39eec-0b75-4332-88c7-3e70a2862955	NR_028619.1	94.636	261	2	8	1	255	268	14	4.47e-110	396
1b5f9f00-22ba-4ff7-81e7-4b98e27c96aa	NR_148763.1	97.348	1018	14	8	5	1016	473	1483	0.0	1718
1b5f9f00-22ba-4ff7-81e7-4b98e27c96aa	NR_148764.1	97.250	1018	15	8	5	1016	473	1483	0.0	1712
1b5f9f00-22ba-4ff7-81e7-4b98e27c96aa	NR_113578.1	97.148	1017	16	8	5	1015	453	1462	0.0	1709
1b5f9f00-22ba-4ff7-81e7-4b98e27c96aa	NR_028619.1	97.148	1017	16	9	5	1016	474	1482	0.0	1705
1b5f9f00-22ba-4ff7-81e7-4b98e27c96aa	NR_024946.1	97.313	1005	14	8	5	1003	461	1458	0.0	1694
d0c50193-9b3f-4b51-b224-1ed6f7e2886a	NR_148763.1	95.197	1166	28	27	4	1156	1161	11	0.0	1818
d0c50193-9b3f-4b51-b224-1ed6f7e2886a	NR_024946.1	94.936	1165	29	28	4	1154	1149	1	0.0	1797
d0c50193-9b3f-4b51-b224-1ed6f7e2886a	NR_113578.1	94.978	1155	30	27	4	1144	1141	1	0.0	1790
d0c50193-9b3f-4b51-b224-1ed6f7e2886a	NR_028619.1	94.759	1164	33	27	4	1154	1162	14	0.0	1788
d0c50193-9b3f-4b51-b224-1ed6f7e2886a	NR_136473.1	94.892	1155	31	27	4	1144	1144	4	0.0	1783
e95de6eb-11b5-4d68-8895-ef9ddb8a55f0	NR_179985.1	94.512	656	20	12	1	644	663	12	0.0	998
e95de6eb-11b5-4d68-8895-ef9ddb8a55f0	NR_181838.1	94.512	656	20	12	1	644	666	15	0.0	998
e95de6eb-11b5-4d68-8895-ef9ddb8a55f0	NR_179103.1	94.360	656	21	12	1	644	667	16	0.0	992
e95de6eb-11b5-4d68-8895-ef9ddb8a55f0	NR_179728.1	94.360	656	21	12	1	644	663	12	0.0	992
e95de6eb-11b5-4d68-8895-ef9ddb8a55f0	NR_181703.1	94.207	656	22	12	1	644	670	19	0.0	987
1254425d-246b-44cd-a74c-0a775ff9d689	NR_025903.1	94.419	215	7	4	9	220	217	5	5.06e-89	326
1254425d-246b-44cd-a74c-0a775ff9d689	NR_026419.1	92.929	198	9	4	17	211	196	1	3.09e-76	283
1254425d-246b-44cd-a74c-0a775ff9d689	NR_025904.1	91.667	204	12	4	20	220	205	4	1.44e-74	278
1254425d-246b-44cd-a74c-0a775ff9d689	NR_036920.1	89.552	201	18	3	21	220	199	1	8.72e-67	252
1254425d-246b-44cd-a74c-0a775ff9d689	NR_133753.1	94.479	163	6	2	9	169	171	10	1.13e-65	248
88689c6a-13db-485c-baa9-a54c8631185a	NR_024946.1	97.882	425	6	3	1	423	699	1122	0.0	732
88689c6a-13db-485c-baa9-a54c8631185a	NR_028619.1	97.882	425	6	3	1	423	712	1135	0.0	732
88689c6a-13db-485c-baa9-a54c8631185a	NR_148763.1	97.882	425	6	3	1	423	711	1134	0.0	732
88689c6a-13db-485c-baa9-a54c8631185a	NR_148764.1	97.882	425	6	3	1	423	711	1134	0.0	732
88689c6a-13db-485c-baa9-a54c8631185a	NR_117552.1	97.882	425	6	3	1	423	691	1114	0.0	732
2126fe7d-593f-49d9-a81d-61bc8fe3649d	NR_181838.1	95.792	1402	38	20	1	1388	1419	25	0.0	2242
2126fe7d-593f-49d9-a81d-61bc8fe3649d	NR_179985.1	95.720	1402	39	20	1	1388	1416	22	0.0	2237
2126fe7d-593f-49d9-a81d-61bc8fe3649d	NR_116899.1	95.963	1387	36	19	1	1374	1383	4	0.0	2233
2126fe7d-593f-49d9-a81d-61bc8fe3649d	NR_126220.1	95.581	1403	40	22	1	1388	1403	8	0.0	2228
2126fe7d-593f-49d9-a81d-61bc8fe3649d	NR_181703.1	95.578	1402	41	20	1	1388	1423	29	0.0	2226
b798ffa5-2819-46db-a745-e3daa506f769	NR_148763.1	89.543	1358	81	51	1	1309	1360	15	0.0	1664
b798ffa5-2819-46db-a745-e3daa506f769	NR_028619.1	89.094	1357	88	51	1	1309	1360	16	0.0	1633
b798ffa5-2819-46db-a745-e3daa506f769	NR_024946.1	89.102	1358	87	51	1	1309	1348	3	0.0	1631
b798ffa5-2819-46db-a745-e3daa506f769	NR_113578.1	89.053	1352	87	51	1	1303	1340	1	0.0	1622
b798ffa5-2819-46db-a745-e3daa506f769	NR_136473.1	89.004	1355	88	51	1	1306	1343	1	0.0	1622
20dbd2a5-fa46-4c22-8652-d6a73c7931ef	NR_178515.1	93.355	933	35	24	1	918	336	1256	0.0	1354
20dbd2a5-fa46-4c22-8652-d6a73c7931ef	NR_115241.1	93.248	933	36	24	1	918	336	1256	0.0	1349
20dbd2a5-fa46-4c22-8652-d6a73c7931ef	NR_115735.1	93.248	933	36	24	1	918	327	1247	0.0	1349
20dbd2a5-fa46-4c22-8652-d6a73c7931ef	NR_116211.1	93.248	933	36	24	1	918	259	1179	0.0	1349
20dbd2a5-fa46-4c22-8652-d6a73c7931ef	NR_024842.1	93.140	933	37	24	1	918	351	1271	0.0	1345
