6eb11a63-a02d-4c07-abf7-590dd230b0c3	NR_024946.1	96.721	427	5	8	1	421	1293	870	0.0	702
6eb11a63-a02d-4c07-abf7-590dd230b0c3	NR_148763.1	96.721	427	5	8	1	421	1305	882	0.0	702
6eb11a63-a02d-4c07-abf7-590dd230b0c3	NR_148764.1	96.721	427	5	8	1	421	1305	882	0.0	702
6eb11a63-a02d-4c07-abf7-590dd230b0c3	NR_117552.1	96.721	427	5	8	1	421	1285	862	0.0	702
6eb11a63-a02d-4c07-abf7-590dd230b0c3	NR_136473.1	96.721	427	5	8	1	421	1288	865	0.0	702
ca056587-efc7-4fb0-82ff-220f61a27cff	NR_042776.1	97.055	1392	24	15	1	1382	118	1502	0.0	2327
ca056587-efc7-4fb0-82ff-220f61a27cff	NR_042777.1	96.839	1392	26	16	1	1382	118	1501	0.0	2311
ca056587-efc7-4fb0-82ff-220f61a27cff	NR_042778.1	96.767	1392	28	16	1	1382	118	1502	0.0	2305
ca056587-efc7-4fb0-82ff-220f61a27cff	NR_197695.1	96.480	1392	32	16	1	1382	117	1501	0.0	2283
ca056587-efc7-4fb0-82ff-220f61a27cff	NR_118998.1	96.121	1392	36	16	1	1382	113	1496	0.0	2257
a654006f-2716-4eee-8830-1602c3fa8e52	NR_024704.1	96.484	256	5	4	1	253	1480	1226	2.62e-117	420
a654006f-2716-4eee-8830-1602c3fa8e52	NR_042607.1	96.484	256	5	4	1	253	1472	1218	2.62e-117	420
a654006f-2716-4eee-8830-1602c3fa8e52	NR_148763.1	96.484	256	5	4	1	253	1492	1238	2.62e-117	420
a654006f-2716-4eee-8830-1602c3fa8e52	NR_043115.1	96.484	256	5	4	1	253	1492	1238	2.62e-117	420
a654006f-2716-4eee-8830-1602c3fa8e52	NR_179985.1	96.484	256	5	4	1	253	1492	1238	2.62e-117	420
849c637b-74df-4a87-8327-9ac345790991	NR_148763.1	94.390	1230	39	22	26	1238	198	1414	0.0	1862
849c637b-74df-4a87-8327-9ac345790991	NR_113578.1	93.902	1230	45	22	26	1238	178	1394	0.0	1832
849c637b-74df-4a87-8327-9ac345790991	NR_024946.1	93.902	1230	45	22	26	1238	186	1402	0.0	1829
849c637b-74df-4a87-8327-9ac345790991	NR_148764.1	93.902	1230	45	22	26	1238	198	1414	0.0	1829
849c637b-74df-4a87-8327-9ac345790991	NR_178975.1	93.902	1230	45	22	26	1238	177	1393	0.0	1829
8de883c4-e08b-4985-8d89-22d389b8ebc2	NR_148763.1	91.174	997	57	30	14	991	499	1483	0.0	1325
8de883c4-e08b-4985-8d89-22d389b8ebc2	NR_148764.1	91.174	997	57	30	14	991	499	1483	0.0	1325
8de883c4-e08b-4985-8d89-22d389b8ebc2	NR_028619.1	91.174	997	55	30	14	991	500	1482	0.0	1323
8de883c4-e08b-4985-8d89-22d389b8ebc2	NR_113578.1	90.964	996	59	30	14	990	479	1462	0.0	1315
8de883c4-e08b-4985-8d89-22d389b8ebc2	NR_117552.1	91.075	986	57	30	14	980	479	1452	0.0	1304
c44ff105-74f8-44e9-91a8-91cf67e73722	NR_179103.1	95.896	999	22	17	1	983	1011	16	0.0	1600
c44ff105-74f8-44e9-91a8-91cf67e73722	NR_179728.1	95.896	999	22	17	1	983	1007	12	0.0	1600
c44ff105-74f8-44e9-91a8-91cf67e73722	NR_179985.1	95.896	999	22	17	1	983	1007	12	0.0	1600
c44ff105-74f8-44e9-91a8-91cf67e73722	NR_181838.1	95.896	999	22	17	1	983	1010	15	0.0	1600
c44ff105-74f8-44e9-91a8-91cf67e73722	NR_181703.1	95.696	999	24	17	1	983	1014	19	0.0	1589
9b6c41b9-1b5a-46d3-b63b-598f759a6f7c	NR_148763.1	96.100	641	11	8	1	629	845	1483	0.0	1033
9b6c41b9-1b5a-46d3-b63b-598f759a6f7c	NR_113578.1	95.781	640	13	8	1	628	825	1462	0.0	1024
9b6c41b9-1b5a-46d3-b63b-598f759a6f7c	NR_181838.1	95.788	641	13	8	1	629	848	1486	0.0	1022
9b6c41b9-1b5a-46d3-b63b-598f759a6f7c	NR_178447.1	95.632	641	14	8	1	629	759	1397	0.0	1016
9b6c41b9-1b5a-46d3-b63b-598f759a6f7c	NR_179985.1	95.632	641	14	8	1	629	845	1483	0.0	1016
c689b7a9-a60a-4f90-a51a-078a9b9f28ab	NR_148763.1	97.869	704	10	5	21	720	714	12	0.0	1212
c689b7a9-a60a-4f90-a51a-078a9b9f28ab	NR_024927.1	97.013	703	16	5	21	719	707	6	0.0	1177
c689b7a9-a60a-4f90-a51a-078a9b9f28ab	NR_024946.1	97.013	703	16	5	21	719	702	1	0.0	1177
c689b7a9-a60a-4f90-a51a-078a9b9f28ab	NR_028619.1	96.871	703	17	5	21	719	715	14	0.0	1173
c689b7a9-a60a-4f90-a51a-078a9b9f28ab	NR_113578.1	96.978	695	16	5	21	711	694	1	0.0	1162
812a419d-8eae-4931-95e9-997d528ad7ef	NR_148763.1	96.749	1015	13	14	1	1000	1036	27	0.0	1674
812a419d-8eae-4931-95e9-997d528ad7ef	NR_024946.1	96.158	1015	19	14	1	1000	1024	15	0.0	1640
812a419d-8eae-4931-95e9-997d528ad7ef	NR_028619.1	96.059	1015	20	14	1	1000	1037	28	0.0	1637
812a419d-8eae-4931-95e9-997d528ad7ef	NR_113578.1	96.059	1015	20	14	1	1000	1016	7	0.0	1637
812a419d-8eae-4931-95e9-997d528ad7ef	NR_136473.1	95.961	1015	21	14	1	1000	1019	10	0.0	1631
21d1f5ed-e82f-4e46-9950-3a4a2f50b703	NR_148763.1	96.482	995	20	13	1	985	1000	11	0.0	1629
21d1f5ed-e82f-4e46-9950-3a4a2f50b703	NR_024946.1	95.871	993	26	13	1	983	988	1	0.0	1592
21d1f5ed-e82f-4e46-9950-3a4a2f50b703	NR_028619.1	95.770	993	27	13	1	983	1001	14	0.0	1589
21d1f5ed-e82f-4e46-9950-3a4a2f50b703	NR_113578.1	95.736	985	27	13	1	975	980	1	0.0	1574
21d1f5ed-e82f-4e46-9950-3a4a2f50b703	NR_148764.1	95.477	995	30	13	1	985	1000	11	0.0	1574
0321801a-2362-42e1-a478-f000e0217fc1	NR_024918.1	97.230	758	14	4	1	752	723	1479	0.0	1277
0321801a-2362-42e1-a478-f000e0217fc1	NR_116899.1	97.230	758	14	4	1	752	697	1453	0.0	1277
0321801a-2362-42e1-a478-f000e0217fc1	NR_164626.1	97.230	758	14	4	1	752	720	1476	0.0	1277
0321801a-2362-42e1-a478-f000e0217fc1	NR_179889.1	97.230	758	14	4	1	752	737	1493	0.0	1277
0321801a-2362-42e1-a478-f000e0217fc1	NR_043314.1	97.101	759	14	5	1	752	727	1484	0.0	1273
9c1269cc-8b3c-4686-983b-9f2a5b83b4e5	NR_148763.1	94.872	975	27	20	1	962	976	12	0.0	1502
9c1269cc-8b3c-4686-983b-9f2a5b83b4e5	NR_024927.1	94.656	973	31	19	1	961	969	6	0.0	1489
9c1269cc-8b3c-4686-983b-9f2a5b83b4e5	NR_114223.1	94.715	965	30	19	1	953	956	1	0.0	1480
9c1269cc-8b3c-4686-983b-9f2a5b83b4e5	NR_043195.1	94.347	973	34	19	1	961	974	11	0.0	1472
9c1269cc-8b3c-4686-983b-9f2a5b83b4e5	NR_178342.1	94.508	965	32	19	1	953	956	1	0.0	1469
171bfe49-f715-4857-8999-ad4e992b41a6	NR_199545.1	94.209	1157	33	24	1	1138	354	1495	0.0	1735
171bfe49-f715-4857-8999-ad4e992b41a6	NR_179385.1	94.123	1157	34	24	1	1138	358	1499	0.0	1729
171bfe49-f715-4857-8999-ad4e992b41a6	NR_165744.1	94.690	1130	29	22	1	1111	343	1460	0.0	1725
171bfe49-f715-4857-8999-ad4e992b41a6	NR_028664.1	94.041	1158	34	24	1	1138	357	1499	0.0	1724
171bfe49-f715-4857-8999-ad4e992b41a6	NR_042927.1	94.607	1131	29	22	1	1111	336	1454	0.0	1722
914f2e2e-f77a-40f1-af4f-185b135aaa2f	NR_024918.1	92.239	670	21	22	3	655	1384	729	0.0	920
914f2e2e-f77a-40f1-af4f-185b135aaa2f	NR_132724.1	92.239	670	21	22	3	655	1328	673	0.0	920
914f2e2e-f77a-40f1-af4f-185b135aaa2f	NR_178772.1	92.239	670	21	22	3	655	1328	673	0.0	920
914f2e2e-f77a-40f1-af4f-185b135aaa2f	NR_181875.1	92.239	670	21	22	3	655	1382	727	0.0	920
914f2e2e-f77a-40f1-af4f-185b135aaa2f	NR_024902.1	92.090	670	22	22	3	655	1386	731	0.0	915
13717bd9-13e1-4cf1-aff7-d7ebbbe95615	NR_042776.1	93.585	265	8	8	1	260	1107	847	2.71e-107	387
13717bd9-13e1-4cf1-aff7-d7ebbbe95615	NR_042777.1	93.585	265	8	8	1	260	1106	846	2.71e-107	387
13717bd9-13e1-4cf1-aff7-d7ebbbe95615	NR_042778.1	93.585	265	8	8	1	260	1107	847	2.71e-107	387
13717bd9-13e1-4cf1-aff7-d7ebbbe95615	NR_197695.1	93.208	265	9	8	1	260	1106	846	1.26e-105	381
13717bd9-13e1-4cf1-aff7-d7ebbbe95615	NR_117425.1	92.453	265	11	8	1	260	1085	825	2.73e-102	370
a6db992b-4a9c-41ff-8a8a-bec9cace0345	NR_024704.1	93.029	416	18	9	1	409	1065	1476	1.87e-170	597
a6db992b-4a9c-41ff-8a8a-bec9cace0345	NR_148763.1	93.029	416	18	9	1	409	1077	1488	1.87e-170	597
a6db992b-4a9c-41ff-8a8a-bec9cace0345	NR_181838.1	93.029	416	18	9	1	409	1080	1491	1.87e-170	597
a6db992b-4a9c-41ff-8a8a-bec9cace0345	NR_112077.1	92.548	416	20	9	1	409	1075	1486	6.74e-170	595
a6db992b-4a9c-41ff-8a8a-bec9cace0345	NR_036909.1	92.806	417	17	11	1	409	1075	1486	8.72e-169	592
41e7d5a0-5d23-4f08-ad7d-ac162d64c3ba	NR_025227.1	94.864	1032	29	20	1	1021	431	1449	0.0	1591
41e7d5a0-5d23-4f08-ad7d-ac162d64c3ba	NR_116899.1	94.864	1032	29	21	1	1021	422	1440	0.0	1591
41e7d5a0-5d23-4f08-ad7d-ac162d64c3ba	NR_025228.1	95.015	1023	27	20	10	1021	440	1449	0.0	1585
41e7d5a0-5d23-4f08-ad7d-ac162d64c3ba	NR_043314.1	95.020	1024	26	22	10	1021	461	1471	0.0	1585
41e7d5a0-5d23-4f08-ad7d-ac162d64c3ba	NR_024927.1	94.671	1032	31	20	1	1021	448	1466	0.0	1580
e40b37ec-efbd-4711-b15b-d38327ca1d99	NR_024918.1	97.183	497	10	2	1	497	989	1481	0.0	837
e40b37ec-efbd-4711-b15b-d38327ca1d99	NR_043314.1	97.183	497	10	2	1	497	994	1486	0.0	837
e40b37ec-efbd-4711-b15b-d38327ca1d99	NR_116899.1	97.183	497	10	2	1	497	963	1455	0.0	837
e40b37ec-efbd-4711-b15b-d38327ca1d99	NR_164626.1	97.183	497	10	2	1	497	986	1478	0.0	837
e40b37ec-efbd-4711-b15b-d38327ca1d99	NR_178854.1	97.183	497	10	2	1	497	975	1467	0.0	837
04098e23-b050-4868-84b1-6c0ba0f1edc2	NR_148763.1	92.703	740	26	22	2	719	744	11	0.0	1042
04098e23-b050-4868-84b1-6c0ba0f1edc2	NR_028619.1	92.005	738	31	22	2	717	745	14	0.0	1013
04098e23-b050-4868-84b1-6c0ba0f1edc2	NR_024946.1	92.005	738	31	22	2	717	732	1	0.0	1011
04098e23-b050-4868-84b1-6c0ba0f1edc2	NR_113578.1	92.192	730	29	22	2	709	724	1	0.0	1007
04098e23-b050-4868-84b1-6c0ba0f1edc2	NR_024927.1	91.734	738	33	22	2	717	737	6	0.0	1000
684b6ed6-45cb-47ae-958f-23ce9817f1a1	NR_179540.1	97.010	301	2	6	6	300	1033	734	4.00e-141	499
684b6ed6-45cb-47ae-958f-23ce9817f1a1	NR_199547.1	97.010	301	2	6	6	300	993	694	4.00e-141	499
684b6ed6-45cb-47ae-958f-23ce9817f1a1	NR_028664.1	96.678	301	3	6	6	300	1036	737	1.86e-139	494
684b6ed6-45cb-47ae-958f-23ce9817f1a1	NR_028665.1	96.678	301	3	6	6	300	1030	731	1.86e-139	494
684b6ed6-45cb-47ae-958f-23ce9817f1a1	NR_042927.1	96.678	301	3	6	6	300	1015	716	1.86e-139	494
cc7ac4ef-dd79-483b-a5d0-6341a0bdb6dc	NR_181838.1	95.163	1468	42	25	1	1452	32	1486	0.0	2290
cc7ac4ef-dd79-483b-a5d0-6341a0bdb6dc	NR_116899.1	95.215	1463	41	23	6	1452	1	1450	0.0	2287
cc7ac4ef-dd79-483b-a5d0-6341a0bdb6dc	NR_179985.1	95.027	1468	44	23	1	1452	29	1483	0.0	2279
cc7ac4ef-dd79-483b-a5d0-6341a0bdb6dc	NR_179103.1	94.959	1468	45	23	1	1452	33	1487	0.0	2274
cc7ac4ef-dd79-483b-a5d0-6341a0bdb6dc	NR_179728.1	94.959	1468	45	23	1	1452	29	1483	0.0	2274
408cb920-669e-4eac-8cf7-19fd1c5c0ec2	NR_148763.1	97.260	803	10	9	1	794	687	1486	0.0	1351
408cb920-669e-4eac-8cf7-19fd1c5c0ec2	NR_148764.1	97.136	803	11	9	1	794	687	1486	0.0	1345
408cb920-669e-4eac-8cf7-19fd1c5c0ec2	NR_113578.1	96.996	799	12	9	1	790	667	1462	0.0	1336
408cb920-669e-4eac-8cf7-19fd1c5c0ec2	NR_028619.1	96.887	803	11	11	1	794	688	1485	0.0	1332
408cb920-669e-4eac-8cf7-19fd1c5c0ec2	NR_181838.1	96.638	803	15	9	1	794	690	1489	0.0	1323
edd1f0b8-a3d8-43a7-832f-c274640fb779	NR_042776.1	92.462	398	19	10	1	394	256	646	8.52e-159	558
edd1f0b8-a3d8-43a7-832f-c274640fb779	NR_197695.1	92.462	398	19	10	1	394	255	645	8.52e-159	558
edd1f0b8-a3d8-43a7-832f-c274640fb779	NR_042777.1	92.211	398	19	11	1	394	256	645	3.97e-157	553
edd1f0b8-a3d8-43a7-832f-c274640fb779	NR_042778.1	91.980	399	19	12	1	394	256	646	1.85e-155	547
edd1f0b8-a3d8-43a7-832f-c274640fb779	NR_118998.1	91.228	399	22	12	1	394	251	641	1.86e-150	531
4c707fb7-7de4-4e7e-aed9-ecd3da08aec1	NR_024927.1	97.745	754	10	6	1	749	906	155	0.0	1291
4c707fb7-7de4-4e7e-aed9-ecd3da08aec1	NR_025227.1	97.745	754	10	6	1	749	889	138	0.0	1291
4c707fb7-7de4-4e7e-aed9-ecd3da08aec1	NR_114223.1	97.745	754	10	6	1	749	893	142	0.0	1291
4c707fb7-7de4-4e7e-aed9-ecd3da08aec1	NR_116899.1	97.745	754	10	6	1	749	880	129	0.0	1291
4c707fb7-7de4-4e7e-aed9-ecd3da08aec1	NR_179103.1	97.613	754	11	6	1	749	917	166	0.0	1286
efe3d2a8-57c5-46a8-957b-c4c2e9aa570f	NR_024946.1	93.103	232	5	5	23	248	235	9	4.60e-90	329
efe3d2a8-57c5-46a8-957b-c4c2e9aa570f	NR_112077.1	92.149	242	6	7	23	257	245	10	4.60e-90	329
efe3d2a8-57c5-46a8-957b-c4c2e9aa570f	NR_113578.1	93.103	232	5	5	23	248	227	1	4.60e-90	329
efe3d2a8-57c5-46a8-957b-c4c2e9aa570f	NR_148763.1	93.103	232	5	5	23	248	247	21	4.60e-90	329
efe3d2a8-57c5-46a8-957b-c4c2e9aa570f	NR_136473.1	93.103	232	5	5	23	248	230	4	4.60e-90	329
886d4bd5-5218-4836-baed-6ddb1c9a8ea9	NR_179985.1	98.519	135	0	2	4	137	144	11	1.39e-62	237
886d4bd5-5218-4836-baed-6ddb1c9a8ea9	NR_181838.1	98.519	135	0	2	4	137	147	14	1.39e-62	237
886d4bd5-5218-4836-baed-6ddb1c9a8ea9	NR_179339.1	97.778	135	1	2	4	137	144	11	6.47e-61	231
886d4bd5-5218-4836-baed-6ddb1c9a8ea9	NR_126220.1	98.473	131	0	2	4	133	130	1	2.33e-60	230
886d4bd5-5218-4836-baed-6ddb1c9a8ea9	NR_043314.1	97.744	133	1	2	4	135	141	10	8.37e-60	228
c7c9c151-bf96-46cc-9f74-35c9f80230c4	NR_149823.1	97.990	199	2	2	3	200	413	610	1.24e-94	344
c7c9c151-bf96-46cc-9f74-35c9f80230c4	NR_025550.1	97.500	200	3	2	2	200	443	641	1.60e-93	340
c7c9c151-bf96-46cc-9f74-35c9f80230c4	NR_114480.1	97.500	200	3	2	2	200	451	649	1.60e-93	340
c7c9c151-bf96-46cc-9f74-35c9f80230c4	NR_115612.1	97.500	200	3	2	2	200	421	619	1.60e-93	340
c7c9c151-bf96-46cc-9f74-35c9f80230c4	NR_028985.1	97.487	199	3	2	3	200	444	641	5.76e-93	339
0fde1c44-8d7b-4173-8dc8-f660019b6c04	NR_028665.1	91.436	362	17	13	1	352	1129	1486	1.32e-136	484
0fde1c44-8d7b-4173-8dc8-f660019b6c04	NR_114172.1	91.436	362	17	13	1	352	1112	1469	1.32e-136	484
0fde1c44-8d7b-4173-8dc8-f660019b6c04	NR_179340.1	91.436	362	17	13	1	352	1149	1506	1.32e-136	484
0fde1c44-8d7b-4173-8dc8-f660019b6c04	NR_179385.1	91.436	362	17	13	1	352	1136	1493	1.32e-136	484
0fde1c44-8d7b-4173-8dc8-f660019b6c04	NR_199545.1	91.436	362	17	13	1	352	1132	1489	1.32e-136	484
c4406745-1fcd-42c1-ab61-61bd452eb2e4	NR_043314.1	98.485	132	0	2	2	132	140	10	6.30e-61	231
c4406745-1fcd-42c1-ab61-61bd452eb2e4	NR_179985.1	97.744	133	1	2	2	133	143	12	8.15e-60	228
c4406745-1fcd-42c1-ab61-61bd452eb2e4	NR_181838.1	97.744	133	1	2	2	133	146	15	8.15e-60	228
c4406745-1fcd-42c1-ab61-61bd452eb2e4	NR_104278.1	97.727	132	1	2	2	132	135	5	2.93e-59	226
c4406745-1fcd-42c1-ab61-61bd452eb2e4	NR_104280.1	97.727	132	1	2	2	132	135	5	2.93e-59	226
b82a6918-beba-4aa3-ba93-0bd9365cc42a	NR_040859.1	97.727	88	2	0	1	88	1388	1475	3.19e-37	152
b82a6918-beba-4aa3-ba93-0bd9365cc42a	NR_028806.1	97.727	88	2	0	1	88	1395	1482	3.19e-37	152
b82a6918-beba-4aa3-ba93-0bd9365cc42a	NR_040992.1	97.727	88	2	0	1	88	1396	1483	3.19e-37	152
b82a6918-beba-4aa3-ba93-0bd9365cc42a	NR_025881.1	97.727	88	2	0	1	88	1394	1481	3.19e-37	152
b82a6918-beba-4aa3-ba93-0bd9365cc42a	NR_025943.1	97.727	88	2	0	1	88	1402	1489	3.19e-37	152
ee3914b2-0718-4221-8729-659a533ad026	NR_024918.1	95.455	242	6	3	1	238	1236	1476	1.16e-105	381
ee3914b2-0718-4221-8729-659a533ad026	NR_028986.1	95.455	242	6	3	1	238	1223	1463	1.16e-105	381
ee3914b2-0718-4221-8729-659a533ad026	NR_036998.1	95.455	242	6	3	1	238	1222	1462	1.16e-105	381
ee3914b2-0718-4221-8729-659a533ad026	NR_041799.1	95.455	242	6	3	1	238	1223	1463	1.16e-105	381
ee3914b2-0718-4221-8729-659a533ad026	NR_043314.1	95.455	242	6	3	1	238	1241	1481	1.16e-105	381
a3a36985-807b-4794-a6b6-6f9afd51a9d2	NR_040859.1	95.763	118	2	2	1	115	1363	1480	1.18e-47	187
a3a36985-807b-4794-a6b6-6f9afd51a9d2	NR_028806.1	95.763	118	2	2	1	115	1370	1487	1.18e-47	187
a3a36985-807b-4794-a6b6-6f9afd51a9d2	NR_040992.1	95.763	118	2	2	1	115	1371	1488	1.18e-47	187
a3a36985-807b-4794-a6b6-6f9afd51a9d2	NR_025881.1	95.763	118	2	2	1	115	1369	1486	1.18e-47	187
a3a36985-807b-4794-a6b6-6f9afd51a9d2	NR_026395.1	95.763	118	2	2	1	115	1371	1488	1.18e-47	187
5fbf1198-3c92-433a-82b9-2a0354ed0f5b	NR_040859.1	89.394	132	3	4	1	124	1347	1475	3.66e-38	156
5fbf1198-3c92-433a-82b9-2a0354ed0f5b	NR_040992.1	89.394	132	3	4	1	124	1355	1483	3.66e-38	156
5fbf1198-3c92-433a-82b9-2a0354ed0f5b	NR_025881.1	89.394	132	3	4	1	124	1353	1481	3.66e-38	156
5fbf1198-3c92-433a-82b9-2a0354ed0f5b	NR_026395.1	89.394	132	3	4	1	124	1355	1483	3.66e-38	156
5fbf1198-3c92-433a-82b9-2a0354ed0f5b	NR_024662.1	89.394	132	3	4	1	124	1355	1483	3.66e-38	156
83a30210-efaf-4d9b-be33-eca55176f800	NR_148763.1	97.034	236	5	2	18	252	245	11	4.38e-110	396
83a30210-efaf-4d9b-be33-eca55176f800	NR_024946.1	97.009	234	5	2	18	250	233	1	5.66e-109	392
83a30210-efaf-4d9b-be33-eca55176f800	NR_112077.1	97.009	234	5	2	18	250	243	11	5.66e-109	392
83a30210-efaf-4d9b-be33-eca55176f800	NR_028619.1	96.581	234	6	2	18	250	246	14	7.32e-108	388
83a30210-efaf-4d9b-be33-eca55176f800	NR_164626.1	96.186	236	7	2	18	252	235	1	9.47e-107	385
1a8e7d21-fb4e-4d41-8834-d232a5305294	NR_042927.1	98.049	205	4	0	1	205	206	2	1.67e-98	357
1a8e7d21-fb4e-4d41-8834-d232a5305294	NR_114413.1	98.049	205	4	0	1	205	229	25	1.67e-98	357
1a8e7d21-fb4e-4d41-8834-d232a5305294	NR_115734.1	97.073	205	6	0	1	205	207	3	2.79e-96	350
1a8e7d21-fb4e-4d41-8834-d232a5305294	NR_165737.1	97.030	202	6	0	1	202	206	5	1.68e-93	340
1a8e7d21-fb4e-4d41-8834-d232a5305294	NR_178515.1	97.030	202	6	0	1	202	206	5	1.68e-93	340
86d4e1bf-713a-4f3c-815d-b0819a069860	NR_148763.1	98.551	138	1	1	16	152	149	12	3.38e-64	243
86d4e1bf-713a-4f3c-815d-b0819a069860	NR_024946.1	98.540	137	1	1	16	151	137	1	1.22e-63	241
86d4e1bf-713a-4f3c-815d-b0819a069860	NR_112077.1	98.540	137	1	1	16	151	147	11	1.22e-63	241
86d4e1bf-713a-4f3c-815d-b0819a069860	NR_028619.1	97.810	137	2	1	16	151	150	14	1.57e-62	237
86d4e1bf-713a-4f3c-815d-b0819a069860	NR_137210.1	97.810	137	2	1	16	151	149	13	5.66e-62	235
1d598937-638c-4309-82bb-0f4aacef53b8	NR_040859.1	99.320	147	1	0	1	147	1332	1478	1.96e-71	267
1d598937-638c-4309-82bb-0f4aacef53b8	NR_040992.1	99.320	147	1	0	1	147	1340	1486	1.96e-71	267
1d598937-638c-4309-82bb-0f4aacef53b8	NR_025881.1	99.320	147	1	0	1	147	1338	1484	1.96e-71	267
1d598937-638c-4309-82bb-0f4aacef53b8	NR_026395.1	99.320	147	1	0	1	147	1340	1486	1.96e-71	267
1d598937-638c-4309-82bb-0f4aacef53b8	NR_024662.1	99.320	147	1	0	1	147	1340	1486	1.96e-71	267
3754f884-38cc-41f9-8fa4-b07b24b15af3	NR_179985.1	98.551	138	0	2	1	137	147	11	2.99e-64	243
3754f884-38cc-41f9-8fa4-b07b24b15af3	NR_181838.1	98.551	138	0	2	1	137	150	14	2.99e-64	243
3754f884-38cc-41f9-8fa4-b07b24b15af3	NR_126220.1	98.507	134	0	2	1	133	133	1	5.00e-62	235
3754f884-38cc-41f9-8fa4-b07b24b15af3	NR_043314.1	97.794	136	1	2	1	135	144	10	1.80e-61	233
3754f884-38cc-41f9-8fa4-b07b24b15af3	NR_104278.1	97.794	136	1	2	1	135	139	5	1.80e-61	233
88afaa35-d126-4269-9a60-3ab89284768c	NR_029286.1	94.521	219	5	3	1	216	879	665	1.05e-90	331
88afaa35-d126-4269-9a60-3ab89284768c	NR_041983.1	94.521	219	5	3	1	216	852	638	1.05e-90	331
88afaa35-d126-4269-9a60-3ab89284768c	NR_114395.1	94.521	219	5	3	1	216	884	670	1.05e-90	331
88afaa35-d126-4269-9a60-3ab89284768c	NR_119102.1	94.521	219	5	3	1	216	854	640	1.05e-90	331
88afaa35-d126-4269-9a60-3ab89284768c	NR_179528.1	94.521	219	5	3	1	216	869	655	1.05e-90	331
5d80757b-45c6-41dc-a707-645abf3484b6	NR_024841.1	97.015	134	1	3	1	132	1407	1275	3.93e-58	222
5d80757b-45c6-41dc-a707-645abf3484b6	NR_024842.1	97.015	134	1	3	1	132	1408	1276	3.93e-58	222
5d80757b-45c6-41dc-a707-645abf3484b6	NR_036936.1	97.015	134	1	3	1	132	1393	1261	3.93e-58	222
5d80757b-45c6-41dc-a707-645abf3484b6	NR_041722.2	97.015	134	1	3	1	132	1428	1296	3.93e-58	222
5d80757b-45c6-41dc-a707-645abf3484b6	NR_025453.1	97.015	134	1	3	1	132	1393	1261	3.93e-58	222
67b33a80-3274-4a22-a75c-d9235b777d4c	NR_024946.1	99.342	152	1	0	2	153	153	2	3.44e-74	276
67b33a80-3274-4a22-a75c-d9235b777d4c	NR_112077.1	99.342	152	1	0	2	153	163	12	3.44e-74	276
67b33a80-3274-4a22-a75c-d9235b777d4c	NR_148763.1	99.342	152	1	0	2	153	165	14	3.44e-74	276
67b33a80-3274-4a22-a75c-d9235b777d4c	NR_028619.1	98.684	152	2	0	2	153	166	15	4.45e-73	272
67b33a80-3274-4a22-a75c-d9235b777d4c	NR_137210.1	98.684	152	2	0	2	153	165	14	1.60e-72	270
27178d67-16d4-4798-b6b4-0c0c81333863	NR_024946.1	96.000	75	1	2	1	73	255	181	6.67e-28	121
27178d67-16d4-4798-b6b4-0c0c81333863	NR_025586.1	96.000	75	1	2	1	73	255	181	6.67e-28	121
27178d67-16d4-4798-b6b4-0c0c81333863	NR_025587.1	96.000	75	1	2	1	73	255	181	6.67e-28	121
27178d67-16d4-4798-b6b4-0c0c81333863	NR_028619.1	96.000	75	1	2	1	73	268	194	6.67e-28	121
27178d67-16d4-4798-b6b4-0c0c81333863	NR_112077.1	96.000	75	1	2	1	73	265	191	6.67e-28	121
365baeee-78d9-4282-a1aa-aff22f04c64d	NR_040992.1	91.189	227	7	6	1	216	311	535	3.87e-80	296
365baeee-78d9-4282-a1aa-aff22f04c64d	NR_040859.1	90.749	227	8	5	1	216	303	527	1.80e-78	291
365baeee-78d9-4282-a1aa-aff22f04c64d	NR_028826.1	90.749	227	8	7	1	216	293	517	1.80e-78	291
365baeee-78d9-4282-a1aa-aff22f04c64d	NR_117918.1	89.427	227	11	10	1	216	255	479	1.81e-73	274
365baeee-78d9-4282-a1aa-aff22f04c64d	NR_180526.1	88.889	225	15	8	1	216	263	486	8.44e-72	268
eb6fe3ee-3fb8-493a-b806-7e31d9dc5e27	NR_041715.1	88.732	71	4	2	5	75	1247	1181	8.92e-17	84.2
eb6fe3ee-3fb8-493a-b806-7e31d9dc5e27	NR_025947.1	88.732	71	5	2	5	75	1260	1193	8.92e-17	84.2
eb6fe3ee-3fb8-493a-b806-7e31d9dc5e27	NR_024704.1	88.732	71	4	2	5	75	1247	1181	8.92e-17	84.2
eb6fe3ee-3fb8-493a-b806-7e31d9dc5e27	NR_024946.1	88.732	71	4	2	5	75	1247	1181	8.92e-17	84.2
eb6fe3ee-3fb8-493a-b806-7e31d9dc5e27	NR_029050.1	88.000	75	4	3	1	75	1210	1141	8.92e-17	84.2
7ed65247-5847-4ee4-8f1f-6794a081649d	NR_042776.1	97.714	175	1	3	9	181	191	18	8.83e-81	298
7ed65247-5847-4ee4-8f1f-6794a081649d	NR_042778.1	97.714	175	1	3	9	181	191	18	8.83e-81	298
7ed65247-5847-4ee4-8f1f-6794a081649d	NR_118998.1	96.571	175	3	3	9	181	186	13	5.31e-78	289
7ed65247-5847-4ee4-8f1f-6794a081649d	NR_042777.1	96.571	175	3	3	9	181	191	18	1.91e-77	287
7ed65247-5847-4ee4-8f1f-6794a081649d	NR_197695.1	96.552	174	3	3	10	181	189	17	6.87e-77	285
fc545dc0-3f9e-4e42-8fe6-070a16550600	NR_148763.1	88.824	170	8	9	1	160	179	11	8.06e-51	198
fc545dc0-3f9e-4e42-8fe6-070a16550600	NR_024946.1	88.690	168	8	9	1	158	167	1	1.04e-49	195
fc545dc0-3f9e-4e42-8fe6-070a16550600	NR_112077.1	88.690	168	8	9	1	158	177	11	1.04e-49	195
fc545dc0-3f9e-4e42-8fe6-070a16550600	NR_028619.1	88.095	168	9	9	1	158	180	14	1.35e-48	191
fc545dc0-3f9e-4e42-8fe6-070a16550600	NR_170438.1	88.166	169	9	8	1	159	168	1	1.35e-48	191
58d37e44-a707-4fc8-90aa-59f41d626ed9	NR_024704.1	93.069	101	2	3	1	96	1165	1065	2.08e-34	143
58d37e44-a707-4fc8-90aa-59f41d626ed9	NR_024707.1	93.069	101	2	3	1	96	1159	1059	2.08e-34	143
58d37e44-a707-4fc8-90aa-59f41d626ed9	NR_024902.1	93.069	101	2	3	1	96	1172	1072	2.08e-34	143
58d37e44-a707-4fc8-90aa-59f41d626ed9	NR_024909.1	93.069	101	2	3	1	96	1170	1070	2.08e-34	143
58d37e44-a707-4fc8-90aa-59f41d626ed9	NR_024910.1	93.069	101	2	3	1	96	1168	1068	2.08e-34	143
8de63307-4630-4321-ab26-61289c7b3943	NR_041715.1	97.790	181	1	3	1	178	1313	1133	3.98e-84	309
8de63307-4630-4321-ab26-61289c7b3943	NR_024704.1	97.790	181	1	3	1	178	1313	1133	3.98e-84	309
8de63307-4630-4321-ab26-61289c7b3943	NR_024946.1	97.790	181	1	3	1	178	1313	1133	3.98e-84	309
8de63307-4630-4321-ab26-61289c7b3943	NR_036909.1	97.790	181	1	3	1	178	1323	1143	3.98e-84	309
8de63307-4630-4321-ab26-61289c7b3943	NR_043314.1	97.790	181	1	3	1	178	1323	1143	3.98e-84	309
ed72c37a-16e1-4323-819d-04abcd43970d	NR_148763.1	91.416	1130	55	35	9	1106	1131	12	0.0	1511
ed72c37a-16e1-4323-819d-04abcd43970d	NR_024946.1	90.877	1129	61	35	9	1105	1119	1	0.0	1476
ed72c37a-16e1-4323-819d-04abcd43970d	NR_028619.1	90.788	1129	62	35	9	1105	1132	14	0.0	1472
ed72c37a-16e1-4323-819d-04abcd43970d	NR_136473.1	90.836	1124	61	36	9	1100	1114	1	0.0	1467
ed72c37a-16e1-4323-819d-04abcd43970d	NR_113578.1	90.723	1121	62	35	9	1097	1111	1	0.0	1458
d808ac91-d6c3-4b0d-80fb-28f39ea44eab	NR_024704.1	90.380	447	25	12	1	432	1033	1476	1.21e-162	571
d808ac91-d6c3-4b0d-80fb-28f39ea44eab	NR_113578.1	90.476	441	24	12	1	426	1025	1462	5.63e-161	566
d808ac91-d6c3-4b0d-80fb-28f39ea44eab	NR_036909.1	89.933	447	27	12	1	432	1043	1486	2.62e-159	560
d808ac91-d6c3-4b0d-80fb-28f39ea44eab	NR_041044.1	90.227	440	25	13	1	425	1028	1464	9.42e-159	558
d808ac91-d6c3-4b0d-80fb-28f39ea44eab	NR_116489.1	89.709	447	28	13	1	432	1039	1482	1.22e-157	555
454dbadd-84e8-4565-89c1-3791b17a098c	NR_148763.1	92.353	170	4	7	1	163	178	11	2.21e-61	233
454dbadd-84e8-4565-89c1-3791b17a098c	NR_024946.1	92.262	168	4	7	1	161	166	1	2.86e-60	230
454dbadd-84e8-4565-89c1-3791b17a098c	NR_112077.1	92.262	168	4	7	1	161	176	11	2.86e-60	230
454dbadd-84e8-4565-89c1-3791b17a098c	NR_028619.1	91.667	168	5	7	1	161	179	14	3.70e-59	226
454dbadd-84e8-4565-89c1-3791b17a098c	NR_137210.1	91.667	168	5	7	1	161	178	13	1.33e-58	224
920f204a-30ee-4a25-8cc8-acfa04197905	NR_181838.1	96.460	452	14	2	4	453	475	24	0.0	745
920f204a-30ee-4a25-8cc8-acfa04197905	NR_126220.1	96.018	452	16	2	4	453	458	7	0.0	734
920f204a-30ee-4a25-8cc8-acfa04197905	NR_179103.1	96.018	452	16	2	4	453	476	25	0.0	734
920f204a-30ee-4a25-8cc8-acfa04197905	NR_179728.1	96.018	452	16	2	4	453	472	21	0.0	734
920f204a-30ee-4a25-8cc8-acfa04197905	NR_179985.1	96.018	452	16	2	4	453	472	21	0.0	734
fe31127a-5290-4465-83f5-c35dd09669d6	NR_148763.1	97.161	317	4	4	1	312	555	239	1.44e-150	531
fe31127a-5290-4465-83f5-c35dd09669d6	NR_118155.1	97.161	317	4	4	1	312	558	242	1.44e-150	531
fe31127a-5290-4465-83f5-c35dd09669d6	NR_178482.1	97.161	317	4	4	1	312	525	209	1.44e-150	531
fe31127a-5290-4465-83f5-c35dd09669d6	NR_117186.1	96.855	318	4	5	1	312	541	224	1.87e-149	527
fe31127a-5290-4465-83f5-c35dd09669d6	NR_024927.1	96.845	317	5	4	1	312	548	232	6.72e-149	525
04ea998e-3ecd-4e4f-ad98-9e3555af4365	NR_148763.1	93.992	982	34	20	5	968	996	22	0.0	1463
04ea998e-3ecd-4e4f-ad98-9e3555af4365	NR_024946.1	93.381	982	40	20	5	968	984	10	0.0	1430
04ea998e-3ecd-4e4f-ad98-9e3555af4365	NR_113578.1	93.381	982	40	20	5	968	976	2	0.0	1430
04ea998e-3ecd-4e4f-ad98-9e3555af4365	NR_028619.1	93.286	983	39	22	5	968	997	23	0.0	1424
04ea998e-3ecd-4e4f-ad98-9e3555af4365	NR_136473.1	93.177	982	42	20	5	968	979	5	0.0	1421
44ef863d-aad6-4056-8bb5-ec31944cac92	NR_024918.1	93.316	778	24	25	1	760	1450	683	0.0	1123
44ef863d-aad6-4056-8bb5-ec31944cac92	NR_025227.1	93.316	778	24	25	1	760	1433	666	0.0	1123
44ef863d-aad6-4056-8bb5-ec31944cac92	NR_116899.1	93.316	778	24	25	1	760	1424	657	0.0	1123
44ef863d-aad6-4056-8bb5-ec31944cac92	NR_126220.1	93.316	778	25	24	1	760	1444	676	0.0	1123
44ef863d-aad6-4056-8bb5-ec31944cac92	NR_132724.1	93.316	778	24	25	1	760	1394	627	0.0	1123
8e8e0116-cb96-4e02-8738-c1570855ddf2	NR_041879.1	96.789	218	4	3	1	215	490	273	1.35e-99	361
8e8e0116-cb96-4e02-8738-c1570855ddf2	NR_113570.1	96.789	218	4	3	1	215	540	323	1.35e-99	361
8e8e0116-cb96-4e02-8738-c1570855ddf2	NR_115355.1	96.789	218	4	3	1	215	533	316	1.35e-99	361
8e8e0116-cb96-4e02-8738-c1570855ddf2	NR_179325.1	96.789	218	4	3	1	215	507	290	1.35e-99	361
8e8e0116-cb96-4e02-8738-c1570855ddf2	NR_042940.1	96.330	218	5	3	1	215	445	228	6.30e-98	355
10db3fca-639c-4159-add9-52408b3aa01f	NR_113106.1	91.424	688	30	20	1	669	688	11	0.0	917
10db3fca-639c-4159-add9-52408b3aa01f	NR_114639.1	91.298	678	30	20	1	659	668	1	0.0	907
10db3fca-639c-4159-add9-52408b3aa01f	NR_026119.1	91.617	668	29	20	1	650	659	1	0.0	900
10db3fca-639c-4159-add9-52408b3aa01f	NR_116809.1	91.403	663	29	19	1	645	653	1	0.0	883
10db3fca-639c-4159-add9-52408b3aa01f	NR_041684.1	88.679	689	47	22	1	669	688	11	0.0	811
c34c12a8-ac23-44c5-b7f9-e9b7bdbf7aa1	NR_148763.1	98.449	1225	11	6	1	1219	1234	12	0.0	2150
c34c12a8-ac23-44c5-b7f9-e9b7bdbf7aa1	NR_024946.1	97.958	1224	17	6	1	1218	1222	1	0.0	2115
c34c12a8-ac23-44c5-b7f9-e9b7bdbf7aa1	NR_028619.1	97.794	1224	18	7	1	1218	1234	14	0.0	2104
c34c12a8-ac23-44c5-b7f9-e9b7bdbf7aa1	NR_136473.1	97.785	1219	19	6	1	1213	1217	1	0.0	2097
c34c12a8-ac23-44c5-b7f9-e9b7bdbf7aa1	NR_148764.1	97.633	1225	21	6	1	1219	1234	12	0.0	2095
79a6bb32-f691-46a6-b703-0d9871ccdd65	NR_114595.1	92.925	848	42	14	4	840	452	1292	0.0	1218
79a6bb32-f691-46a6-b703-0d9871ccdd65	NR_181354.1	92.798	847	41	15	4	840	459	1295	0.0	1208
79a6bb32-f691-46a6-b703-0d9871ccdd65	NR_118158.1	88.439	839	68	23	18	840	463	1288	0.0	985
79a6bb32-f691-46a6-b703-0d9871ccdd65	NR_044836.2	86.738	837	86	21	18	840	476	1301	0.0	926
79a6bb32-f691-46a6-b703-0d9871ccdd65	NR_029228.1	86.845	821	83	21	17	824	474	1282	0.0	896
03a1e7a7-8959-4718-80ca-f00305096aa9	NR_044873.1	95.474	1436	30	26	9	1424	47	1467	0.0	2259
03a1e7a7-8959-4718-80ca-f00305096aa9	NR_074568.1	94.154	1437	50	26	9	1427	58	1478	0.0	2158
03a1e7a7-8959-4718-80ca-f00305096aa9	NR_044712.2	93.860	1417	53	27	9	1407	67	1467	0.0	2111
03a1e7a7-8959-4718-80ca-f00305096aa9	NR_025310.1	92.991	1441	61	33	9	1427	38	1460	0.0	2065
03a1e7a7-8959-4718-80ca-f00305096aa9	NR_109752.1	92.783	1441	65	32	9	1427	68	1491	0.0	2049
d176291d-0222-4f53-b844-a99834d954cf	NR_148763.1	93.575	1105	36	28	5	1090	1357	269	0.0	1615
d176291d-0222-4f53-b844-a99834d954cf	NR_024946.1	93.032	1105	42	28	5	1090	1345	257	0.0	1581
d176291d-0222-4f53-b844-a99834d954cf	NR_148764.1	93.032	1105	42	28	5	1090	1357	269	0.0	1581
d176291d-0222-4f53-b844-a99834d954cf	NR_178975.1	93.032	1105	42	28	5	1090	1336	248	0.0	1581
d176291d-0222-4f53-b844-a99834d954cf	NR_025227.1	93.727	1068	40	24	42	1090	1304	245	0.0	1576
abc2a8a4-b3d3-4bf6-9da3-fd2788946390	NR_148763.1	96.004	1101	17	21	1	1081	390	1483	0.0	1764
abc2a8a4-b3d3-4bf6-9da3-fd2788946390	NR_148764.1	95.550	1101	22	21	1	1081	390	1483	0.0	1736
abc2a8a4-b3d3-4bf6-9da3-fd2788946390	NR_113578.1	95.455	1100	23	21	1	1080	370	1462	0.0	1733
abc2a8a4-b3d3-4bf6-9da3-fd2788946390	NR_028619.1	95.368	1101	22	21	1	1081	391	1482	0.0	1724
abc2a8a4-b3d3-4bf6-9da3-fd2788946390	NR_149823.1	95.513	1092	22	21	1	1072	341	1425	0.0	1720
cc7bce92-69ba-468f-9758-7fc4f55de500	NR_042167.1	94.325	511	16	10	1	503	506	1	0.0	771
cc7bce92-69ba-468f-9758-7fc4f55de500	NR_025364.1	88.046	527	42	18	1	515	518	1	1.45e-172	604
cc7bce92-69ba-468f-9758-7fc4f55de500	NR_181136.1	87.759	531	45	18	1	521	533	13	5.21e-172	603
cc7bce92-69ba-468f-9758-7fc4f55de500	NR_044862.1	87.218	532	48	17	1	521	528	6	4.05e-168	590
cc7bce92-69ba-468f-9758-7fc4f55de500	NR_156948.1	87.023	524	46	17	1	513	513	1	1.47e-162	571
c7a7491d-cad2-4321-a44d-a96e96b90311	NR_114225.1	93.472	337	12	8	1	330	1337	1004	2.03e-139	494
c7a7491d-cad2-4321-a44d-a96e96b90311	NR_024911.1	93.472	337	12	8	1	330	1350	1017	7.31e-139	492
c7a7491d-cad2-4321-a44d-a96e96b90311	NR_024918.1	93.472	337	12	8	1	330	1350	1017	7.31e-139	492
c7a7491d-cad2-4321-a44d-a96e96b90311	NR_025174.1	93.472	337	12	8	1	330	1343	1010	7.31e-139	492
c7a7491d-cad2-4321-a44d-a96e96b90311	NR_025227.1	93.472	337	12	8	1	330	1333	1000	7.31e-139	492
061f4988-e314-483a-97a4-c36ff059a50f	NR_116899.1	97.014	1373	23	16	1	1367	90	1450	0.0	2292
061f4988-e314-483a-97a4-c36ff059a50f	NR_025227.1	96.932	1369	24	16	1	1363	99	1455	0.0	2279
061f4988-e314-483a-97a4-c36ff059a50f	NR_179103.1	96.795	1373	26	16	1	1367	127	1487	0.0	2276
061f4988-e314-483a-97a4-c36ff059a50f	NR_179728.1	96.795	1373	26	16	1	1367	123	1483	0.0	2276
061f4988-e314-483a-97a4-c36ff059a50f	NR_181838.1	96.795	1373	26	16	1	1367	126	1486	0.0	2276
c25d5c26-0dcc-4b7f-b2ec-beaaa8b5a520	NR_181838.1	95.781	1351	37	18	17	1357	1364	24	0.0	2161
c25d5c26-0dcc-4b7f-b2ec-beaaa8b5a520	NR_126220.1	95.707	1351	38	18	17	1357	1347	7	0.0	2156
c25d5c26-0dcc-4b7f-b2ec-beaaa8b5a520	NR_180743.1	95.707	1351	38	18	17	1357	1342	2	0.0	2156
c25d5c26-0dcc-4b7f-b2ec-beaaa8b5a520	NR_116899.1	95.961	1337	36	16	17	1344	1328	1	0.0	2154
c25d5c26-0dcc-4b7f-b2ec-beaaa8b5a520	NR_179985.1	95.633	1351	39	18	17	1357	1361	21	0.0	2150
2faed905-8da7-4a00-abab-e38b4c48be67	NR_116899.1	95.470	905	16	20	8	897	57	951	0.0	1421
2faed905-8da7-4a00-abab-e38b4c48be67	NR_179103.1	95.359	905	17	20	8	897	94	988	0.0	1415
2faed905-8da7-4a00-abab-e38b4c48be67	NR_179728.1	95.359	905	17	20	8	897	90	984	0.0	1415
2faed905-8da7-4a00-abab-e38b4c48be67	NR_025227.1	95.249	905	18	20	8	897	66	960	0.0	1410
2faed905-8da7-4a00-abab-e38b4c48be67	NR_179985.1	95.249	905	18	20	8	897	90	984	0.0	1410
75caac7f-9742-4053-a890-a9f4aac74cd2	NR_179985.1	95.772	1088	22	16	1	1076	1087	12	0.0	1733
75caac7f-9742-4053-a890-a9f4aac74cd2	NR_181838.1	95.772	1088	22	16	1	1076	1090	15	0.0	1733
75caac7f-9742-4053-a890-a9f4aac74cd2	NR_179103.1	95.680	1088	23	16	1	1076	1091	16	0.0	1727
75caac7f-9742-4053-a890-a9f4aac74cd2	NR_179728.1	95.680	1088	23	16	1	1076	1087	12	0.0	1727
75caac7f-9742-4053-a890-a9f4aac74cd2	NR_181703.1	95.588	1088	24	16	1	1076	1094	19	0.0	1722
803700b1-744d-456c-9823-419002ef0c32	NR_104897.1	97.436	234	5	1	1	234	1220	1452	1.16e-110	398
803700b1-744d-456c-9823-419002ef0c32	NR_165738.1	96.154	234	8	1	1	234	1221	1453	1.17e-105	381
803700b1-744d-456c-9823-419002ef0c32	NR_156991.1	95.299	234	10	1	1	234	1191	1423	2.53e-102	370
803700b1-744d-456c-9823-419002ef0c32	NR_132681.1	94.872	234	11	1	1	234	1220	1452	1.17e-100	364
803700b1-744d-456c-9823-419002ef0c32	NR_144576.1	94.872	234	11	1	1	234	1232	1464	1.17e-100	364
9cb5198d-88a8-4c12-a757-9dff1d94ef9c	NR_148763.1	98.503	1470	11	9	1	1464	1475	11	0.0	2582
9cb5198d-88a8-4c12-a757-9dff1d94ef9c	NR_024946.1	98.086	1463	17	9	6	1462	1458	1	0.0	2536
9cb5198d-88a8-4c12-a757-9dff1d94ef9c	NR_028619.1	97.820	1468	19	11	1	1462	1474	14	0.0	2523
9cb5198d-88a8-4c12-a757-9dff1d94ef9c	NR_113578.1	97.945	1460	19	9	1	1454	1455	1	0.0	2523
9cb5198d-88a8-4c12-a757-9dff1d94ef9c	NR_148764.1	97.755	1470	22	9	1	1464	1475	11	0.0	2521
270394bc-e93c-405a-89d6-1096f75349ba	NR_024704.1	98.276	464	5	3	1	462	1009	1471	0.0	809
270394bc-e93c-405a-89d6-1096f75349ba	NR_148763.1	98.276	464	5	3	1	462	1021	1483	0.0	809
270394bc-e93c-405a-89d6-1096f75349ba	NR_181838.1	98.276	464	5	3	1	462	1024	1486	0.0	809
270394bc-e93c-405a-89d6-1096f75349ba	NR_113578.1	98.272	463	5	3	1	461	1001	1462	0.0	808
270394bc-e93c-405a-89d6-1096f75349ba	NR_148764.1	98.060	464	6	3	1	462	1021	1483	0.0	804
