968011ef-25e4-4be5-a755-30682bbfcaaa	NR_181838.1	97.279	588	9	7	1	585	607	24	0.0	990
968011ef-25e4-4be5-a755-30682bbfcaaa	NR_179103.1	97.109	588	10	7	1	585	608	25	0.0	985
968011ef-25e4-4be5-a755-30682bbfcaaa	NR_179728.1	97.109	588	10	7	1	585	604	21	0.0	985
968011ef-25e4-4be5-a755-30682bbfcaaa	NR_179985.1	97.109	588	10	7	1	585	604	21	0.0	985
968011ef-25e4-4be5-a755-30682bbfcaaa	NR_180743.1	97.109	588	10	7	1	585	585	2	0.0	985
4a68710d-fecf-4b0b-99c4-1ca754fc0a00	NR_115735.1	90.541	1258	62	41	1	1217	221	1462	0.0	1611
4a68710d-fecf-4b0b-99c4-1ca754fc0a00	NR_165737.1	90.541	1258	61	41	1	1216	230	1471	0.0	1611
4a68710d-fecf-4b0b-99c4-1ca754fc0a00	NR_024842.1	90.461	1258	63	41	1	1217	245	1486	0.0	1607
4a68710d-fecf-4b0b-99c4-1ca754fc0a00	NR_115241.1	90.294	1257	65	41	1	1216	230	1470	0.0	1598
4a68710d-fecf-4b0b-99c4-1ca754fc0a00	NR_036936.1	90.302	1258	64	41	1	1216	230	1471	0.0	1594
b88b7a37-1db9-4f54-b33c-8c02032b7e65	NR_179985.1	96.281	484	10	8	19	497	491	11	0.0	787
b88b7a37-1db9-4f54-b33c-8c02032b7e65	NR_181838.1	96.281	484	10	8	19	497	494	14	0.0	787
b88b7a37-1db9-4f54-b33c-8c02032b7e65	NR_179103.1	96.074	484	11	8	19	497	495	15	0.0	782
b88b7a37-1db9-4f54-b33c-8c02032b7e65	NR_179728.1	96.074	484	11	8	19	497	491	11	0.0	782
b88b7a37-1db9-4f54-b33c-8c02032b7e65	NR_181703.1	96.074	484	11	8	19	497	498	18	0.0	782
461b99ac-8759-4d92-8c6a-a9cabb67d12c	NR_148763.1	98.369	797	8	5	1	792	1035	239	0.0	1395
461b99ac-8759-4d92-8c6a-a9cabb67d12c	NR_148763.1	85.204	784	28	40	770	1474	239	1013	0.0	725
461b99ac-8759-4d92-8c6a-a9cabb67d12c	NR_024946.1	97.616	797	14	5	1	792	1023	227	0.0	1362
461b99ac-8759-4d92-8c6a-a9cabb67d12c	NR_024946.1	84.439	784	34	42	770	1474	227	1001	0.0	691
461b99ac-8759-4d92-8c6a-a9cabb67d12c	NR_028619.1	97.616	797	14	5	1	792	1036	240	0.0	1362
461b99ac-8759-4d92-8c6a-a9cabb67d12c	NR_028619.1	84.439	784	34	42	770	1474	240	1014	0.0	691
461b99ac-8759-4d92-8c6a-a9cabb67d12c	NR_148764.1	97.616	797	14	5	1	792	1035	239	0.0	1362
461b99ac-8759-4d92-8c6a-a9cabb67d12c	NR_148764.1	84.439	784	34	42	770	1474	239	1013	0.0	691
461b99ac-8759-4d92-8c6a-a9cabb67d12c	NR_178975.1	97.616	797	14	5	1	792	1014	218	0.0	1362
461b99ac-8759-4d92-8c6a-a9cabb67d12c	NR_178975.1	84.439	784	34	42	770	1474	218	992	0.0	691
deae480c-1045-4191-bf1e-96ad87276e3c	NR_179325.1	91.785	1412	55	37	1	1389	1375	2	0.0	1908
deae480c-1045-4191-bf1e-96ad87276e3c	NR_115355.1	91.637	1411	58	36	1	1389	1401	29	0.0	1901
deae480c-1045-4191-bf1e-96ad87276e3c	NR_163639.1	91.003	1456	61	43	1	1428	1416	3	0.0	1899
deae480c-1045-4191-bf1e-96ad87276e3c	NR_119169.1	90.928	1444	65	39	1	1416	1406	1	0.0	1888
deae480c-1045-4191-bf1e-96ad87276e3c	NR_041879.1	91.625	1397	56	37	1	1374	1359	1	0.0	1875
1507f68f-e1ba-423f-9b20-fd46b21fc37c	NR_109628.1	91.913	507	22	17	1	493	957	1458	0.0	691
1507f68f-e1ba-423f-9b20-fd46b21fc37c	NR_042843.1	91.716	507	23	17	1	493	956	1457	0.0	686
1507f68f-e1ba-423f-9b20-fd46b21fc37c	NR_102895.1	91.716	507	23	17	1	493	984	1485	0.0	686
1507f68f-e1ba-423f-9b20-fd46b21fc37c	NR_113113.1	91.716	507	23	17	1	493	964	1465	0.0	686
1507f68f-e1ba-423f-9b20-fd46b21fc37c	NR_113105.1	91.321	507	25	17	1	493	964	1465	0.0	675
151552c0-a759-4580-9df5-06bbaa794a00	NR_179985.1	100.000	253	0	0	4	256	264	12	9.26e-132	468
151552c0-a759-4580-9df5-06bbaa794a00	NR_181838.1	100.000	253	0	0	4	256	267	15	9.26e-132	468
151552c0-a759-4580-9df5-06bbaa794a00	NR_126220.1	100.000	250	0	0	4	253	250	1	4.31e-130	462
151552c0-a759-4580-9df5-06bbaa794a00	NR_043314.1	99.603	252	1	0	4	255	261	10	1.55e-129	460
151552c0-a759-4580-9df5-06bbaa794a00	NR_179103.1	99.209	253	2	0	4	256	268	16	2.00e-128	457
172c8d1f-6a89-473d-a440-53a053cd0871	NR_116899.1	95.942	1232	27	19	1	1219	229	1450	0.0	1977
172c8d1f-6a89-473d-a440-53a053cd0871	NR_025227.1	95.928	1228	27	19	1	1215	238	1455	0.0	1969
172c8d1f-6a89-473d-a440-53a053cd0871	NR_043314.1	95.786	1234	26	21	1	1219	259	1481	0.0	1967
172c8d1f-6a89-473d-a440-53a053cd0871	NR_024927.1	95.779	1232	29	19	1	1219	255	1476	0.0	1965
172c8d1f-6a89-473d-a440-53a053cd0871	NR_179889.1	95.779	1232	29	18	1	1219	269	1490	0.0	1965
49b823c5-d34b-4500-921f-d5a85859df21	NR_148763.1	94.227	1403	39	34	1	1382	1393	12	0.0	2104
49b823c5-d34b-4500-921f-d5a85859df21	NR_024946.1	93.795	1402	45	34	1	1381	1381	1	0.0	2069
49b823c5-d34b-4500-921f-d5a85859df21	NR_028619.1	93.652	1402	46	35	1	1381	1393	14	0.0	2058
49b823c5-d34b-4500-921f-d5a85859df21	NR_136473.1	93.629	1397	47	34	1	1376	1376	1	0.0	2050
49b823c5-d34b-4500-921f-d5a85859df21	NR_148764.1	93.514	1403	49	34	1	1382	1393	12	0.0	2049
7ad31d51-b098-4db6-bbb4-0188a09d7835	NR_148763.1	97.108	657	7	10	1	653	659	11	0.0	1098
7ad31d51-b098-4db6-bbb4-0188a09d7835	NR_024946.1	96.183	655	13	10	1	651	647	1	0.0	1061
7ad31d51-b098-4db6-bbb4-0188a09d7835	NR_028619.1	96.031	655	14	10	1	651	660	14	0.0	1057
7ad31d51-b098-4db6-bbb4-0188a09d7835	NR_024927.1	96.012	652	14	10	4	651	649	6	0.0	1050
7ad31d51-b098-4db6-bbb4-0188a09d7835	NR_148764.1	95.738	657	16	10	1	653	659	11	0.0	1048
1c33f5ce-68df-415a-8a0a-2eeeba5af554	NR_178515.1	94.978	697	17	13	1	685	691	1	0.0	1077
1c33f5ce-68df-415a-8a0a-2eeeba5af554	NR_165737.1	94.692	697	19	13	1	685	691	1	0.0	1066
1c33f5ce-68df-415a-8a0a-2eeeba5af554	NR_114413.1	94.318	704	22	13	1	692	714	17	0.0	1062
1c33f5ce-68df-415a-8a0a-2eeeba5af554	NR_042927.1	94.261	697	22	13	1	685	691	1	0.0	1050
1c33f5ce-68df-415a-8a0a-2eeeba5af554	NR_115734.1	93.974	697	24	13	1	685	692	2	0.0	1042
9f348d00-e917-487b-a51d-1bfcbc323896	NR_148589.1	92.381	210	10	6	1	207	1269	1475	1.34e-79	294
9f348d00-e917-487b-a51d-1bfcbc323896	NR_178262.1	92.417	211	8	7	1	207	1163	1369	1.34e-79	294
9f348d00-e917-487b-a51d-1bfcbc323896	NR_179215.1	92.417	211	8	7	1	207	1285	1491	1.34e-79	294
9f348d00-e917-487b-a51d-1bfcbc323896	NR_044912.1	92.381	210	9	6	1	207	1224	1429	4.80e-79	292
9f348d00-e917-487b-a51d-1bfcbc323896	NR_024634.1	92.683	205	8	6	7	207	1285	1486	6.21e-78	289
dd21968c-f9a9-48f1-845f-2c9de9345948	NR_024842.1	88.499	713	37	35	1	682	706	8	0.0	822
dd21968c-f9a9-48f1-845f-2c9de9345948	NR_115241.1	88.511	705	36	35	1	674	691	1	0.0	811
dd21968c-f9a9-48f1-845f-2c9de9345948	NR_115735.1	88.218	696	36	36	1	664	682	1	0.0	789
dd21968c-f9a9-48f1-845f-2c9de9345948	NR_117425.1	87.129	707	48	33	1	677	694	1	0.0	761
dd21968c-f9a9-48f1-845f-2c9de9345948	NR_178515.1	87.234	705	45	34	1	674	691	1	0.0	761
ed658f3a-646d-47fd-9ffc-906d690caadf	NR_181838.1	94.077	439	12	12	4	435	459	28	0.0	654
ed658f3a-646d-47fd-9ffc-906d690caadf	NR_126220.1	93.850	439	13	12	4	435	442	11	0.0	649
ed658f3a-646d-47fd-9ffc-906d690caadf	NR_179103.1	93.822	437	17	9	4	435	460	29	0.0	649
ed658f3a-646d-47fd-9ffc-906d690caadf	NR_179728.1	93.822	437	17	9	4	435	456	25	0.0	649
ed658f3a-646d-47fd-9ffc-906d690caadf	NR_179985.1	93.850	439	13	12	4	435	456	25	0.0	649
76732464-e8e2-4e13-8b42-02949a54ae19	NR_024918.1	92.549	255	13	5	1	253	260	10	1.62e-99	361
76732464-e8e2-4e13-8b42-02949a54ae19	NR_043314.1	92.549	255	13	5	1	253	264	14	1.62e-99	361
76732464-e8e2-4e13-8b42-02949a54ae19	NR_179103.1	92.549	255	13	5	1	253	271	21	1.62e-99	361
76732464-e8e2-4e13-8b42-02949a54ae19	NR_179728.1	92.549	255	13	5	1	253	267	17	1.62e-99	361
76732464-e8e2-4e13-8b42-02949a54ae19	NR_179889.1	92.549	255	13	5	1	253	274	24	1.62e-99	361
32f2bcc0-4146-41c2-9585-347c50b69947	NR_026395.1	97.619	126	2	1	4	129	1024	900	6.40e-56	215
32f2bcc0-4146-41c2-9585-347c50b69947	NR_024704.1	97.619	126	2	1	4	129	1012	888	6.40e-56	215
32f2bcc0-4146-41c2-9585-347c50b69947	NR_024902.1	97.619	126	2	1	4	129	1019	895	6.40e-56	215
32f2bcc0-4146-41c2-9585-347c50b69947	NR_024912.1	97.619	126	2	1	4	129	1017	893	6.40e-56	215
32f2bcc0-4146-41c2-9585-347c50b69947	NR_024918.1	97.619	126	2	1	4	129	1017	893	6.40e-56	215
165d89b2-81f2-40f1-9f59-c6898078fa60	NR_148763.1	94.232	1179	36	23	4	1162	1177	11	0.0	1772
165d89b2-81f2-40f1-9f59-c6898078fa60	NR_024946.1	93.968	1177	39	23	4	1160	1165	1	0.0	1751
165d89b2-81f2-40f1-9f59-c6898078fa60	NR_028619.1	93.883	1177	40	23	4	1160	1178	14	0.0	1748
165d89b2-81f2-40f1-9f59-c6898078fa60	NR_148764.1	93.723	1179	42	23	4	1162	1177	11	0.0	1738
165d89b2-81f2-40f1-9f59-c6898078fa60	NR_136473.1	93.771	1172	41	23	4	1155	1160	1	0.0	1733
2985e161-3549-4785-8638-6ed75f54d864	NR_025903.1	96.711	1277	19	19	1	1260	1276	6	0.0	2104
2985e161-3549-4785-8638-6ed75f54d864	NR_133753.1	96.898	1225	18	17	1	1211	1230	12	0.0	2034
2985e161-3549-4785-8638-6ed75f54d864	NR_025904.1	95.529	1275	31	22	4	1260	1271	5	0.0	2015
2985e161-3549-4785-8638-6ed75f54d864	NR_133752.1	97.091	1203	18	14	1	1192	1201	5	0.0	2012
2985e161-3549-4785-8638-6ed75f54d864	NR_026419.1	95.354	1270	35	20	1	1252	1264	1	0.0	1997
4e24fc1f-99a7-460c-baa2-73700fdd7256	NR_042939.1	91.748	715	33	20	1	704	784	1483	0.0	970
4e24fc1f-99a7-460c-baa2-73700fdd7256	NR_116899.1	91.748	715	33	20	1	704	751	1450	0.0	970
4e24fc1f-99a7-460c-baa2-73700fdd7256	NR_178854.1	91.748	715	33	20	1	704	763	1462	0.0	970
4e24fc1f-99a7-460c-baa2-73700fdd7256	NR_179889.1	91.748	715	33	20	1	704	791	1490	0.0	970
4e24fc1f-99a7-460c-baa2-73700fdd7256	NR_024918.1	91.608	715	34	20	1	704	777	1476	0.0	965
89112e5f-3afd-49b2-9d41-bc53912d8e62	NR_024918.1	94.963	814	27	13	1	803	666	1476	0.0	1264
89112e5f-3afd-49b2-9d41-bc53912d8e62	NR_116899.1	94.963	814	27	13	1	803	640	1450	0.0	1264
89112e5f-3afd-49b2-9d41-bc53912d8e62	NR_164626.1	94.963	814	27	13	1	803	663	1473	0.0	1264
89112e5f-3afd-49b2-9d41-bc53912d8e62	NR_179889.1	94.963	814	27	13	1	803	680	1490	0.0	1264
89112e5f-3afd-49b2-9d41-bc53912d8e62	NR_043314.1	94.847	815	27	14	1	803	670	1481	0.0	1258
632d809c-3d8c-4f3a-8f6b-d4d1944820a6	NR_148763.1	95.692	1323	34	18	1	1307	173	1488	0.0	2106
632d809c-3d8c-4f3a-8f6b-d4d1944820a6	NR_116899.1	95.238	1323	40	18	1	1307	140	1455	0.0	2073
632d809c-3d8c-4f3a-8f6b-d4d1944820a6	NR_148764.1	95.163	1323	41	18	1	1307	173	1488	0.0	2067
632d809c-3d8c-4f3a-8f6b-d4d1944820a6	NR_113578.1	95.216	1317	40	18	1	1301	153	1462	0.0	2065
632d809c-3d8c-4f3a-8f6b-d4d1944820a6	NR_024927.1	95.087	1323	42	18	1	1307	166	1481	0.0	2061
38b27134-6852-4a55-9a2e-877db1e614ca	NR_148763.1	95.769	260	6	4	1	259	267	12	1.24e-115	414
38b27134-6852-4a55-9a2e-877db1e614ca	NR_024946.1	95.753	259	6	4	1	258	255	1	4.48e-115	412
38b27134-6852-4a55-9a2e-877db1e614ca	NR_112077.1	95.753	259	6	4	1	258	265	11	4.48e-115	412
38b27134-6852-4a55-9a2e-877db1e614ca	NR_028619.1	95.367	259	7	4	1	258	268	14	5.79e-114	409
38b27134-6852-4a55-9a2e-877db1e614ca	NR_136473.1	95.669	254	6	4	1	253	250	1	2.69e-112	403
07e464b3-20d2-47ca-a4d4-4d7e483d6748	NR_148763.1	94.190	1308	40	29	1	1279	1335	35	0.0	1962
07e464b3-20d2-47ca-a4d4-4d7e483d6748	NR_024946.1	93.731	1308	46	29	1	1279	1323	23	0.0	1929
07e464b3-20d2-47ca-a4d4-4d7e483d6748	NR_113578.1	93.578	1308	48	29	1	1279	1315	15	0.0	1921
07e464b3-20d2-47ca-a4d4-4d7e483d6748	NR_136473.1	93.578	1308	48	29	1	1279	1318	18	0.0	1919
07e464b3-20d2-47ca-a4d4-4d7e483d6748	NR_178974.1	93.578	1308	48	29	1	1279	1314	14	0.0	1919
6d4b223b-577a-404b-b852-84f5c549b020	NR_024946.1	92.000	425	14	13	1	408	1362	941	6.75e-165	579
6d4b223b-577a-404b-b852-84f5c549b020	NR_148763.1	92.000	425	14	13	1	408	1374	953	6.75e-165	579
6d4b223b-577a-404b-b852-84f5c549b020	NR_148764.1	92.000	425	14	13	1	408	1374	953	6.75e-165	579
6d4b223b-577a-404b-b852-84f5c549b020	NR_117552.1	92.000	425	14	13	1	408	1354	933	6.75e-165	579
6d4b223b-577a-404b-b852-84f5c549b020	NR_136473.1	92.000	425	14	13	1	408	1357	936	6.75e-165	579
bda6b4bb-4187-4969-a8c3-cc407e29a9ea	NR_178637.1	87.752	1192	103	27	2	1160	263	1444	0.0	1352
bda6b4bb-4187-4969-a8c3-cc407e29a9ea	NR_041044.1	87.679	1185	105	28	2	1154	289	1464	0.0	1341
bda6b4bb-4187-4969-a8c3-cc407e29a9ea	NR_115115.1	87.500	1192	106	30	2	1160	293	1474	0.0	1336
bda6b4bb-4187-4969-a8c3-cc407e29a9ea	NR_133828.1	87.332	1192	108	32	2	1160	306	1487	0.0	1325
bda6b4bb-4187-4969-a8c3-cc407e29a9ea	NR_025972.1	87.426	1185	104	29	2	1152	283	1456	0.0	1321
8b34128f-69bc-45b7-809e-25170295b1c1	NR_024946.1	92.344	418	14	16	1	403	422	8	6.79e-165	579
8b34128f-69bc-45b7-809e-25170295b1c1	NR_148763.1	92.344	418	14	16	1	403	434	20	6.79e-165	579
8b34128f-69bc-45b7-809e-25170295b1c1	NR_113578.1	92.326	417	14	16	1	402	414	1	2.44e-164	577
8b34128f-69bc-45b7-809e-25170295b1c1	NR_028619.1	92.105	418	15	16	1	403	435	21	8.78e-164	575
8b34128f-69bc-45b7-809e-25170295b1c1	NR_136473.1	92.105	418	15	16	1	403	417	3	8.78e-164	575
9de10a51-4e16-41d1-8122-b05a6a41cc9c	NR_024842.1	94.186	258	10	5	13	269	270	17	7.86e-108	388
9de10a51-4e16-41d1-8122-b05a6a41cc9c	NR_115241.1	94.186	258	10	5	13	269	255	2	7.86e-108	388
9de10a51-4e16-41d1-8122-b05a6a41cc9c	NR_115735.1	94.000	250	9	6	13	260	246	1	2.20e-103	374
9de10a51-4e16-41d1-8122-b05a6a41cc9c	NR_165737.1	90.734	259	17	7	13	269	255	2	8.03e-93	339
9de10a51-4e16-41d1-8122-b05a6a41cc9c	NR_178515.1	90.734	259	17	7	13	269	255	2	8.03e-93	339
6491849a-01bf-4127-bf06-598e841df8fa	NR_024704.1	92.019	213	8	9	2	205	1259	1471	1.71e-78	291
6491849a-01bf-4127-bf06-598e841df8fa	NR_036909.1	92.019	213	8	8	2	205	1269	1481	1.71e-78	291
6491849a-01bf-4127-bf06-598e841df8fa	NR_042607.1	92.019	213	8	9	2	205	1251	1463	1.71e-78	291
6491849a-01bf-4127-bf06-598e841df8fa	NR_148763.1	92.019	213	8	9	2	205	1271	1483	1.71e-78	291
6491849a-01bf-4127-bf06-598e841df8fa	NR_043115.1	92.019	213	8	9	2	205	1271	1483	1.71e-78	291
01fc4c2c-6738-4ac6-b524-0206142a5c4d	NR_181354.1	95.357	280	8	5	1	276	682	960	2.21e-123	440
01fc4c2c-6738-4ac6-b524-0206142a5c4d	NR_024901.1	95.018	281	8	5	1	276	668	947	2.86e-122	436
01fc4c2c-6738-4ac6-b524-0206142a5c4d	NR_024902.1	95.018	281	8	5	1	276	670	949	2.86e-122	436
01fc4c2c-6738-4ac6-b524-0206142a5c4d	NR_024911.1	95.018	281	8	5	1	276	668	947	2.86e-122	436
01fc4c2c-6738-4ac6-b524-0206142a5c4d	NR_024918.1	95.018	281	8	5	1	276	668	947	2.86e-122	436
bc51d9b6-25aa-443f-ac38-fb1bf5581d3a	NR_024704.1	96.429	168	4	2	1	167	713	547	3.80e-74	276
bc51d9b6-25aa-443f-ac38-fb1bf5581d3a	NR_024946.1	96.429	168	4	2	1	167	713	547	3.80e-74	276
bc51d9b6-25aa-443f-ac38-fb1bf5581d3a	NR_028619.1	96.429	168	4	2	1	167	726	560	3.80e-74	276
bc51d9b6-25aa-443f-ac38-fb1bf5581d3a	NR_113578.1	96.429	168	4	2	1	167	705	539	3.80e-74	276
bc51d9b6-25aa-443f-ac38-fb1bf5581d3a	NR_148763.1	96.429	168	4	2	1	167	725	559	3.80e-74	276
faa7c678-81ab-42bc-8cf3-5203aec1927d	NR_024946.1	91.053	190	6	5	1	184	188	4	3.39e-65	246
faa7c678-81ab-42bc-8cf3-5203aec1927d	NR_112077.1	91.053	190	6	5	1	184	198	14	3.39e-65	246
faa7c678-81ab-42bc-8cf3-5203aec1927d	NR_148763.1	91.053	190	6	5	1	184	200	16	3.39e-65	246
faa7c678-81ab-42bc-8cf3-5203aec1927d	NR_028619.1	90.526	190	7	5	1	184	201	17	4.38e-64	243
faa7c678-81ab-42bc-8cf3-5203aec1927d	NR_136473.1	90.957	188	6	5	1	182	183	1	4.38e-64	243
f114f82a-b566-40a3-bb66-92488404d4bb	NR_024918.1	91.927	384	14	14	1	369	1486	1105	1.04e-147	521
f114f82a-b566-40a3-bb66-92488404d4bb	NR_028986.1	91.927	384	14	14	1	369	1473	1092	1.04e-147	521
f114f82a-b566-40a3-bb66-92488404d4bb	NR_043314.1	91.927	384	14	14	1	369	1491	1110	1.04e-147	521
f114f82a-b566-40a3-bb66-92488404d4bb	NR_042199.1	91.927	384	14	14	1	369	1473	1092	1.04e-147	521
f114f82a-b566-40a3-bb66-92488404d4bb	NR_114749.1	91.927	384	14	14	1	369	1493	1112	1.04e-147	521
5fd2478e-e2ee-470d-9646-bbb5df469425	NR_024909.1	93.846	260	5	8	1	250	910	1168	1.23e-105	381
5fd2478e-e2ee-470d-9646-bbb5df469425	NR_024911.1	93.846	260	5	8	1	250	910	1168	1.23e-105	381
5fd2478e-e2ee-470d-9646-bbb5df469425	NR_024946.1	93.846	260	5	8	1	250	905	1163	1.23e-105	381
5fd2478e-e2ee-470d-9646-bbb5df469425	NR_025102.1	93.846	260	5	8	1	250	889	1147	1.23e-105	381
5fd2478e-e2ee-470d-9646-bbb5df469425	NR_025103.1	93.846	260	5	8	1	250	889	1147	1.23e-105	381
6765d884-d29e-446a-9641-facadfed6e61	NR_024704.1	96.000	175	2	4	1	173	1300	1471	3.10e-75	279
6765d884-d29e-446a-9641-facadfed6e61	NR_042607.1	96.000	175	2	4	1	173	1292	1463	3.10e-75	279
6765d884-d29e-446a-9641-facadfed6e61	NR_148763.1	96.000	175	2	4	1	173	1312	1483	3.10e-75	279
6765d884-d29e-446a-9641-facadfed6e61	NR_043115.1	96.000	175	2	4	1	173	1312	1483	3.10e-75	279
6765d884-d29e-446a-9641-facadfed6e61	NR_179985.1	96.000	175	2	4	1	173	1312	1483	3.10e-75	279
aa060794-502f-4684-ad05-30de307a125b	NR_024659.1	87.387	111	8	4	1	105	1222	1112	2.96e-28	122
aa060794-502f-4684-ad05-30de307a125b	NR_024842.1	87.387	111	8	4	1	105	1256	1146	2.96e-28	122
aa060794-502f-4684-ad05-30de307a125b	NR_115241.1	87.387	111	8	4	1	105	1241	1131	2.96e-28	122
aa060794-502f-4684-ad05-30de307a125b	NR_115735.1	87.387	111	8	4	1	105	1232	1122	2.96e-28	122
aa060794-502f-4684-ad05-30de307a125b	NR_116211.1	87.387	111	8	4	1	105	1164	1054	2.96e-28	122
1a3ea845-124b-4ffc-8791-a21c31e7d332	NR_024946.1	98.936	94	1	0	1	94	102	9	3.57e-42	169
1a3ea845-124b-4ffc-8791-a21c31e7d332	NR_112077.1	98.936	94	1	0	1	94	112	19	3.57e-42	169
1a3ea845-124b-4ffc-8791-a21c31e7d332	NR_113578.1	98.936	94	1	0	1	94	94	1	3.57e-42	169
1a3ea845-124b-4ffc-8791-a21c31e7d332	NR_148763.1	98.936	94	1	0	1	94	114	21	3.57e-42	169
1a3ea845-124b-4ffc-8791-a21c31e7d332	NR_136473.1	98.936	94	1	0	1	94	97	4	3.57e-42	169
78e9e0f1-de18-4dcb-a1e4-f4d432add441	NR_148763.1	97.857	140	1	2	8	145	150	11	1.15e-63	241
78e9e0f1-de18-4dcb-a1e4-f4d432add441	NR_024946.1	97.826	138	1	2	8	143	138	1	1.49e-62	237
78e9e0f1-de18-4dcb-a1e4-f4d432add441	NR_112077.1	97.826	138	1	2	8	143	148	11	1.49e-62	237
78e9e0f1-de18-4dcb-a1e4-f4d432add441	NR_028619.1	97.101	138	2	2	8	143	151	14	1.93e-61	233
78e9e0f1-de18-4dcb-a1e4-f4d432add441	NR_024911.1	95.833	144	4	2	2	143	149	6	6.93e-61	231
68628c27-7540-47cc-a66b-b2f0e1ad2835	NR_113105.1	93.548	310	10	8	1	304	417	112	3.16e-127	453
68628c27-7540-47cc-a66b-b2f0e1ad2835	NR_044407.1	93.548	310	10	8	1	304	409	104	3.16e-127	453
68628c27-7540-47cc-a66b-b2f0e1ad2835	NR_114304.1	89.902	307	27	4	1	304	429	124	6.98e-109	392
68628c27-7540-47cc-a66b-b2f0e1ad2835	NR_116725.1	89.902	307	27	4	1	304	409	104	6.98e-109	392
68628c27-7540-47cc-a66b-b2f0e1ad2835	NR_109628.1	89.577	307	28	4	1	304	410	105	3.25e-107	387
0a54a522-b460-406b-802c-ad8717e7c2e1	NR_024946.1	93.989	183	5	6	6	183	248	67	5.35e-73	272
0a54a522-b460-406b-802c-ad8717e7c2e1	NR_028619.1	93.989	183	5	6	6	183	261	80	5.35e-73	272
0a54a522-b460-406b-802c-ad8717e7c2e1	NR_112077.1	93.989	183	5	6	6	183	258	77	5.35e-73	272
0a54a522-b460-406b-802c-ad8717e7c2e1	NR_113578.1	93.989	183	5	6	6	183	240	59	5.35e-73	272
0a54a522-b460-406b-802c-ad8717e7c2e1	NR_148763.1	93.989	183	5	6	6	183	260	79	5.35e-73	272
75fd8126-611e-4c9f-84a5-49089ee2694c	NR_133752.1	92.308	182	9	4	12	189	1041	861	2.12e-67	254
75fd8126-611e-4c9f-84a5-49089ee2694c	NR_133753.1	92.308	182	9	4	12	189	1070	890	2.12e-67	254
75fd8126-611e-4c9f-84a5-49089ee2694c	NR_025904.1	92.308	182	9	4	12	189	1115	935	2.12e-67	254
75fd8126-611e-4c9f-84a5-49089ee2694c	NR_025903.1	92.308	182	9	4	12	189	1116	936	2.12e-67	254
75fd8126-611e-4c9f-84a5-49089ee2694c	NR_026419.1	92.222	180	9	4	14	189	1102	924	2.74e-66	250
6cb87629-1227-4c55-a8c3-65e2ff4b2585	NR_024918.1	93.274	223	8	4	1	222	1263	1479	6.52e-88	322
6cb87629-1227-4c55-a8c3-65e2ff4b2585	NR_025164.1	93.274	223	8	4	1	222	1250	1466	6.52e-88	322
6cb87629-1227-4c55-a8c3-65e2ff4b2585	NR_028986.1	93.274	223	8	4	1	222	1250	1466	6.52e-88	322
6cb87629-1227-4c55-a8c3-65e2ff4b2585	NR_036998.1	93.274	223	8	4	1	222	1249	1465	6.52e-88	322
6cb87629-1227-4c55-a8c3-65e2ff4b2585	NR_041799.1	93.274	223	8	4	1	222	1250	1466	6.52e-88	322
1dabcb39-82dd-47b4-870d-5ddacf510ab4	NR_024946.1	97.000	200	5	1	1	200	207	9	7.82e-92	335
1dabcb39-82dd-47b4-870d-5ddacf510ab4	NR_112077.1	97.000	200	5	1	1	200	217	19	7.82e-92	335
1dabcb39-82dd-47b4-870d-5ddacf510ab4	NR_113578.1	97.000	200	5	1	1	200	199	1	7.82e-92	335
1dabcb39-82dd-47b4-870d-5ddacf510ab4	NR_148763.1	97.000	200	5	1	1	200	219	21	7.82e-92	335
1dabcb39-82dd-47b4-870d-5ddacf510ab4	NR_136473.1	97.000	200	5	1	1	200	202	4	7.82e-92	335
32ca5672-00bf-4d57-bc9f-6d7c3b4701a5	NR_044873.1	96.023	176	1	5	1	170	1290	1465	8.45e-76	281
32ca5672-00bf-4d57-bc9f-6d7c3b4701a5	NR_178796.1	95.531	179	3	4	1	174	1298	1476	8.45e-76	281
32ca5672-00bf-4d57-bc9f-6d7c3b4701a5	NR_178939.1	95.531	179	3	4	1	174	1299	1477	8.45e-76	281
32ca5672-00bf-4d57-bc9f-6d7c3b4701a5	NR_044895.1	94.944	178	5	3	1	174	1284	1461	3.93e-74	276
32ca5672-00bf-4d57-bc9f-6d7c3b4701a5	NR_117032.1	94.972	179	4	4	1	174	1263	1441	3.93e-74	276
14e70e9b-4cf9-4da1-960c-678f4dc57277	NR_040859.1	87.333	150	13	4	2	146	1332	1480	2.03e-41	167
14e70e9b-4cf9-4da1-960c-678f4dc57277	NR_040992.1	87.333	150	13	4	2	146	1340	1488	2.03e-41	167
14e70e9b-4cf9-4da1-960c-678f4dc57277	NR_025881.1	87.333	150	13	4	2	146	1338	1486	2.03e-41	167
14e70e9b-4cf9-4da1-960c-678f4dc57277	NR_026395.1	87.333	150	13	4	2	146	1340	1488	2.03e-41	167
14e70e9b-4cf9-4da1-960c-678f4dc57277	NR_024662.1	87.333	150	13	4	2	146	1340	1488	2.03e-41	167
f61d79ff-0be9-448f-819f-ac5eb1998324	NR_165737.1	92.568	148	10	1	8	154	201	54	1.01e-54	211
f61d79ff-0be9-448f-819f-ac5eb1998324	NR_178515.1	91.216	148	12	1	8	154	201	54	2.19e-51	200
f61d79ff-0be9-448f-819f-ac5eb1998324	NR_199541.1	91.176	136	11	1	8	142	177	42	2.21e-46	183
f61d79ff-0be9-448f-819f-ac5eb1998324	NR_199547.1	91.176	136	11	1	8	142	179	44	2.21e-46	183
f61d79ff-0be9-448f-819f-ac5eb1998324	NR_042927.1	88.514	148	16	1	8	154	201	54	1.03e-44	178
21749556-685d-4f53-b533-313ec8b99f9b	NR_126220.1	91.954	261	10	4	1	261	253	4	7.85e-98	355
21749556-685d-4f53-b533-313ec8b99f9b	NR_179985.1	91.954	261	10	4	1	261	267	18	7.85e-98	355
21749556-685d-4f53-b533-313ec8b99f9b	NR_181838.1	91.954	261	10	4	1	261	270	21	7.85e-98	355
21749556-685d-4f53-b533-313ec8b99f9b	NR_043314.1	91.571	261	11	4	1	261	264	15	3.65e-96	350
21749556-685d-4f53-b533-313ec8b99f9b	NR_181729.1	91.571	261	11	4	1	261	252	3	3.65e-96	350
5ea76233-6889-4009-b1bb-6dcff25b2f80	NR_024901.1	98.540	137	0	2	5	139	1034	898	1.13e-63	241
5ea76233-6889-4009-b1bb-6dcff25b2f80	NR_024909.1	98.540	137	0	2	5	139	1034	898	1.13e-63	241
5ea76233-6889-4009-b1bb-6dcff25b2f80	NR_024911.1	98.540	137	0	2	5	139	1034	898	1.13e-63	241
5ea76233-6889-4009-b1bb-6dcff25b2f80	NR_024928.1	98.540	137	0	2	5	139	1034	898	1.13e-63	241
5ea76233-6889-4009-b1bb-6dcff25b2f80	NR_024946.1	98.540	137	0	2	5	139	1029	893	1.13e-63	241
2589429c-75de-4192-92db-416e91908ffd	NR_037101.1	96.992	133	2	2	1	133	1393	1263	3.93e-58	222
2589429c-75de-4192-92db-416e91908ffd	NR_040821.1	96.992	133	2	2	1	133	1393	1263	3.93e-58	222
2589429c-75de-4192-92db-416e91908ffd	NR_042052.1	96.992	133	2	2	1	133	1316	1186	3.93e-58	222
2589429c-75de-4192-92db-416e91908ffd	NR_025630.1	96.992	133	2	2	1	133	1392	1262	3.93e-58	222
2589429c-75de-4192-92db-416e91908ffd	NR_024634.1	96.992	133	2	2	1	133	1404	1274	3.93e-58	222
cb2a2a40-581b-4f2e-b6c8-9e31c9135067	NR_133752.1	98.246	171	3	0	6	176	1198	1368	2.35e-81	300
cb2a2a40-581b-4f2e-b6c8-9e31c9135067	NR_133753.1	98.246	171	3	0	6	176	1227	1397	2.35e-81	300
cb2a2a40-581b-4f2e-b6c8-9e31c9135067	NR_025903.1	98.246	171	3	0	6	176	1273	1443	2.35e-81	300
cb2a2a40-581b-4f2e-b6c8-9e31c9135067	NR_036920.1	98.788	165	2	0	12	176	1272	1436	1.09e-79	294
cb2a2a40-581b-4f2e-b6c8-9e31c9135067	NR_026419.1	97.647	170	4	0	7	176	1262	1431	3.93e-79	292
33534046-883f-4068-bbe4-0157639ce115	NR_042771.1	98.750	240	3	0	3	242	252	13	1.49e-119	427
33534046-883f-4068-bbe4-0157639ce115	NR_112025.1	97.934	242	5	0	3	244	252	11	5.36e-119	425
33534046-883f-4068-bbe4-0157639ce115	NR_115274.1	98.707	232	3	0	3	234	232	1	4.17e-115	412
33534046-883f-4068-bbe4-0157639ce115	NR_179540.1	97.500	240	6	0	3	242	252	13	1.50e-114	411
33534046-883f-4068-bbe4-0157639ce115	NR_118234.1	96.721	244	6	2	3	244	251	8	6.99e-113	405
77387b56-4915-429f-a06d-9932da5ec394	NR_114479.1	89.888	89	4	5	1	87	1397	1482	1.81e-24	110
77387b56-4915-429f-a06d-9932da5ec394	NR_040859.1	88.889	90	4	6	1	87	1393	1479	2.34e-23	106
77387b56-4915-429f-a06d-9932da5ec394	NR_028806.1	88.889	90	4	6	1	87	1400	1486	2.34e-23	106
77387b56-4915-429f-a06d-9932da5ec394	NR_040992.1	88.889	90	4	6	1	87	1401	1487	2.34e-23	106
77387b56-4915-429f-a06d-9932da5ec394	NR_025881.1	88.889	90	4	6	1	87	1399	1485	2.34e-23	106
08147302-a4d0-4c63-ab3e-c5d1920a9518	NR_041715.1	97.115	104	1	2	1	104	1229	1128	8.16e-44	174
08147302-a4d0-4c63-ab3e-c5d1920a9518	NR_025947.1	97.115	104	2	1	1	104	1242	1140	8.16e-44	174
08147302-a4d0-4c63-ab3e-c5d1920a9518	NR_024704.1	97.115	104	1	2	1	104	1229	1128	8.16e-44	174
08147302-a4d0-4c63-ab3e-c5d1920a9518	NR_024946.1	97.115	104	1	2	1	104	1229	1128	8.16e-44	174
08147302-a4d0-4c63-ab3e-c5d1920a9518	NR_029050.1	97.115	104	1	2	1	104	1189	1088	8.16e-44	174
9b599138-1cec-42ca-98dc-3ffa255417ab	NR_024704.1	97.312	186	2	2	1	184	1298	1114	3.33e-85	313
9b599138-1cec-42ca-98dc-3ffa255417ab	NR_024946.1	97.312	186	2	2	1	184	1298	1114	3.33e-85	313
9b599138-1cec-42ca-98dc-3ffa255417ab	NR_036909.1	97.312	186	2	2	1	184	1308	1124	3.33e-85	313
9b599138-1cec-42ca-98dc-3ffa255417ab	NR_043314.1	97.312	186	2	2	1	184	1308	1124	3.33e-85	313
9b599138-1cec-42ca-98dc-3ffa255417ab	NR_041044.1	97.312	186	2	2	1	184	1293	1109	3.33e-85	313
44af80a1-b0d0-4994-9363-c08cf44b5016	NR_024946.1	91.398	279	9	11	1	269	1001	728	1.03e-101	368
44af80a1-b0d0-4994-9363-c08cf44b5016	NR_025164.1	91.367	278	11	10	1	269	993	720	1.03e-101	368
44af80a1-b0d0-4994-9363-c08cf44b5016	NR_028619.1	91.398	279	9	11	1	269	1014	741	1.03e-101	368
44af80a1-b0d0-4994-9363-c08cf44b5016	NR_028986.1	91.367	278	11	10	1	269	993	720	1.03e-101	368
44af80a1-b0d0-4994-9363-c08cf44b5016	NR_028987.1	91.367	278	11	10	1	269	993	720	1.03e-101	368
08d2f8fd-b9c0-4abf-b076-6bd448092511	NR_179528.1	91.837	245	9	10	1	241	443	206	3.39e-91	333
08d2f8fd-b9c0-4abf-b076-6bd448092511	NR_029286.1	91.632	239	9	10	7	241	447	216	2.64e-87	320
08d2f8fd-b9c0-4abf-b076-6bd448092511	NR_119102.1	91.020	245	11	10	1	241	428	191	2.64e-87	320
08d2f8fd-b9c0-4abf-b076-6bd448092511	NR_179535.1	90.612	245	12	10	1	241	461	224	1.23e-85	315
08d2f8fd-b9c0-4abf-b076-6bd448092511	NR_041983.1	91.703	229	9	9	16	241	411	190	5.71e-84	309
9e0d4329-c721-443b-a478-2a2b4672653c	NR_024946.1	91.273	275	14	7	1	266	1001	728	3.65e-101	366
9e0d4329-c721-443b-a478-2a2b4672653c	NR_028619.1	91.273	275	14	7	1	266	1014	741	3.65e-101	366
9e0d4329-c721-443b-a478-2a2b4672653c	NR_029063.1	90.545	275	16	7	1	266	1014	741	7.91e-98	355
9e0d4329-c721-443b-a478-2a2b4672653c	NR_041952.1	90.545	275	16	7	1	266	993	720	7.91e-98	355
9e0d4329-c721-443b-a478-2a2b4672653c	NR_181354.1	90.511	274	17	7	1	266	1019	747	2.85e-97	353
eaca9952-b216-4f5a-9127-0c6df1c245cb	NR_024842.1	98.315	178	2	1	4	181	184	8	1.13e-84	311
eaca9952-b216-4f5a-9127-0c6df1c245cb	NR_115241.1	98.235	170	2	1	4	173	169	1	3.16e-80	296
eaca9952-b216-4f5a-9127-0c6df1c245cb	NR_114413.1	96.988	166	5	0	16	181	181	16	3.18e-75	279
eaca9952-b216-4f5a-9127-0c6df1c245cb	NR_179720.1	96.988	166	5	0	16	181	178	13	3.18e-75	279
eaca9952-b216-4f5a-9127-0c6df1c245cb	NR_199956.1	96.988	166	5	0	16	181	178	13	3.18e-75	279
73c4cd23-80e3-4e79-9195-0b1404a574b9	NR_117719.1	94.836	213	9	2	1	212	224	13	1.04e-90	331
73c4cd23-80e3-4e79-9195-0b1404a574b9	NR_175455.1	94.313	211	10	2	1	210	212	3	6.26e-88	322
73c4cd23-80e3-4e79-9195-0b1404a574b9	NR_036936.1	93.720	207	9	4	1	204	206	1	4.87e-84	309
73c4cd23-80e3-4e79-9195-0b1404a574b9	NR_042928.1	93.659	205	11	2	1	204	204	1	6.30e-83	305
73c4cd23-80e3-4e79-9195-0b1404a574b9	NR_118234.1	91.743	218	12	6	1	214	223	8	1.05e-80	298
fcb0cf95-ff76-459b-9857-d932ca3a5e32	NR_042771.1	95.652	184	6	2	1	183	196	14	1.16e-79	294
fcb0cf95-ff76-459b-9857-d932ca3a5e32	NR_112025.1	94.118	187	9	2	1	186	196	11	1.95e-77	287
fcb0cf95-ff76-459b-9857-d932ca3a5e32	NR_179540.1	94.565	184	8	2	1	183	196	14	2.52e-76	283
fcb0cf95-ff76-459b-9857-d932ca3a5e32	NR_115274.1	95.480	177	6	2	1	176	176	1	9.06e-76	281
fcb0cf95-ff76-459b-9857-d932ca3a5e32	NR_024841.1	94.475	181	6	4	6	183	187	8	4.22e-74	276
9fa7d18f-1532-46de-8402-0c7f6ac80a91	NR_074568.1	99.074	216	1	1	1	216	841	627	2.22e-107	387
9fa7d18f-1532-46de-8402-0c7f6ac80a91	NR_044712.2	99.074	216	1	1	1	216	850	636	2.22e-107	387
9fa7d18f-1532-46de-8402-0c7f6ac80a91	NR_043968.1	99.074	216	1	1	1	216	799	585	2.22e-107	387
9fa7d18f-1532-46de-8402-0c7f6ac80a91	NR_024785.1	98.611	216	2	1	1	216	797	583	1.03e-105	381
9fa7d18f-1532-46de-8402-0c7f6ac80a91	NR_044873.1	98.611	216	2	1	1	216	831	617	1.03e-105	381
39d77da6-33a7-4300-a089-5e330b3766f5	NR_024909.1	87.831	189	7	12	1	176	949	1134	1.50e-53	207
39d77da6-33a7-4300-a089-5e330b3766f5	NR_024911.1	87.831	189	7	12	1	176	949	1134	1.50e-53	207
39d77da6-33a7-4300-a089-5e330b3766f5	NR_024946.1	87.831	189	7	12	1	176	944	1129	1.50e-53	207
39d77da6-33a7-4300-a089-5e330b3766f5	NR_025102.1	87.831	189	7	12	1	176	928	1113	1.50e-53	207
39d77da6-33a7-4300-a089-5e330b3766f5	NR_025103.1	87.831	189	7	12	1	176	928	1113	1.50e-53	207
b315be9f-c126-4f34-bd62-ebc51b16f3ae	NR_024707.1	97.209	215	1	4	1	211	1100	887	4.84e-99	359
b315be9f-c126-4f34-bd62-ebc51b16f3ae	NR_036830.1	97.209	215	1	4	1	211	1080	867	4.84e-99	359
b315be9f-c126-4f34-bd62-ebc51b16f3ae	NR_115612.1	97.209	215	1	4	1	211	1078	865	4.84e-99	359
b315be9f-c126-4f34-bd62-ebc51b16f3ae	NR_117822.1	97.209	215	1	4	1	211	1072	859	4.84e-99	359
b315be9f-c126-4f34-bd62-ebc51b16f3ae	NR_118155.1	97.209	215	1	4	1	211	1121	908	4.84e-99	359
3f160baf-48bd-4ab6-9c71-73ec679dd37d	NR_024704.1	93.846	130	7	1	1	129	1342	1471	8.12e-50	195
3f160baf-48bd-4ab6-9c71-73ec679dd37d	NR_036909.1	93.846	130	7	1	1	129	1352	1481	8.12e-50	195
3f160baf-48bd-4ab6-9c71-73ec679dd37d	NR_042607.1	93.846	130	7	1	1	129	1334	1463	8.12e-50	195
3f160baf-48bd-4ab6-9c71-73ec679dd37d	NR_074853.1	93.846	130	7	1	1	129	1362	1491	8.12e-50	195
3f160baf-48bd-4ab6-9c71-73ec679dd37d	NR_134173.1	93.846	130	7	1	1	129	1340	1469	8.12e-50	195
967fad43-fedf-4314-a950-898cbcd8edb1	NR_179985.1	94.964	139	3	4	1	137	147	11	6.52e-56	215
967fad43-fedf-4314-a950-898cbcd8edb1	NR_181838.1	94.964	139	3	4	1	137	150	14	6.52e-56	215
967fad43-fedf-4314-a950-898cbcd8edb1	NR_043314.1	94.891	137	3	4	1	135	144	10	8.43e-55	211
967fad43-fedf-4314-a950-898cbcd8edb1	NR_104278.1	94.891	137	3	4	1	135	139	5	8.43e-55	211
967fad43-fedf-4314-a950-898cbcd8edb1	NR_104280.1	94.891	137	3	4	1	135	139	5	8.43e-55	211
933039d1-db70-4454-9e0c-6ec06f55ffa2	NR_024704.1	94.089	203	8	4	1	202	1277	1476	5.97e-83	305
933039d1-db70-4454-9e0c-6ec06f55ffa2	NR_042607.1	94.089	203	8	4	1	202	1269	1468	5.97e-83	305
933039d1-db70-4454-9e0c-6ec06f55ffa2	NR_148763.1	94.089	203	8	4	1	202	1289	1488	5.97e-83	305
933039d1-db70-4454-9e0c-6ec06f55ffa2	NR_043115.1	94.089	203	8	4	1	202	1289	1488	5.97e-83	305
933039d1-db70-4454-9e0c-6ec06f55ffa2	NR_179985.1	94.089	203	8	4	1	202	1289	1488	5.97e-83	305
