5cb16b85-ccfb-4d5e-8ddf-e90ad523b3af	NR_043601.1	91.036	502	22	18	7	491	1296	801	0.0	656
5cb16b85-ccfb-4d5e-8ddf-e90ad523b3af	NR_043603.1	91.036	502	22	18	7	491	1436	941	0.0	656
5cb16b85-ccfb-4d5e-8ddf-e90ad523b3af	NR_118151.1	91.036	502	22	18	7	491	1264	769	0.0	656
5cb16b85-ccfb-4d5e-8ddf-e90ad523b3af	NR_118513.1	91.036	502	22	18	7	491	1297	802	0.0	656
5cb16b85-ccfb-4d5e-8ddf-e90ad523b3af	NR_118526.1	91.036	502	22	18	7	491	1296	801	0.0	656
dda4961e-dafc-4c03-80a4-1968b5557388	NR_179103.1	96.941	850	10	8	7	854	850	15	0.0	1411
dda4961e-dafc-4c03-80a4-1968b5557388	NR_179728.1	96.941	850	10	8	7	854	846	11	0.0	1411
dda4961e-dafc-4c03-80a4-1968b5557388	NR_179985.1	96.941	850	10	8	7	854	846	11	0.0	1411
dda4961e-dafc-4c03-80a4-1968b5557388	NR_181838.1	96.941	850	10	8	7	854	849	14	0.0	1411
dda4961e-dafc-4c03-80a4-1968b5557388	NR_181703.1	96.706	850	12	8	7	854	853	18	0.0	1400
a0cf0da7-752e-4b7b-af47-299fb8559967	NR_024927.1	93.343	661	26	10	1	647	365	1021	0.0	961
a0cf0da7-752e-4b7b-af47-299fb8559967	NR_025227.1	93.343	661	26	10	1	647	348	1004	0.0	961
a0cf0da7-752e-4b7b-af47-299fb8559967	NR_114223.1	93.343	661	26	10	1	647	352	1008	0.0	961
a0cf0da7-752e-4b7b-af47-299fb8559967	NR_116899.1	93.343	661	26	10	1	647	339	995	0.0	961
a0cf0da7-752e-4b7b-af47-299fb8559967	NR_178342.1	93.343	661	26	10	1	647	352	1008	0.0	961
4e5c6718-6f62-414f-a4ca-396ffa1945d2	NR_041983.1	88.401	319	19	17	1	307	1217	905	1.19e-101	368
4e5c6718-6f62-414f-a4ca-396ffa1945d2	NR_114395.1	88.401	319	19	17	1	307	1249	937	1.19e-101	368
4e5c6718-6f62-414f-a4ca-396ffa1945d2	NR_179528.1	88.401	319	19	17	1	307	1234	922	1.19e-101	368
4e5c6718-6f62-414f-a4ca-396ffa1945d2	NR_119102.1	87.774	319	21	16	1	307	1219	907	7.16e-99	359
4e5c6718-6f62-414f-a4ca-396ffa1945d2	NR_179535.1	87.774	319	21	17	1	307	1252	940	2.57e-98	357
a214d95b-421f-4e2a-a994-602240e093d7	NR_026093.1	95.472	1060	28	17	1	1047	1214	162	0.0	1674
a214d95b-421f-4e2a-a994-602240e093d7	NR_102936.1	95.472	1060	28	17	1	1047	1307	255	0.0	1674
a214d95b-421f-4e2a-a994-602240e093d7	NR_113159.1	95.472	1060	28	17	1	1047	1307	255	0.0	1674
a214d95b-421f-4e2a-a994-602240e093d7	NR_036819.1	94.628	1061	35	20	1	1047	1288	236	0.0	1624
a214d95b-421f-4e2a-a994-602240e093d7	NR_113038.1	94.628	1061	35	20	1	1047	1308	256	0.0	1624
056f4539-6000-4c46-afdb-8105a06b9cb3	NR_181838.1	93.893	1441	46	34	1	1421	71	1489	0.0	2135
056f4539-6000-4c46-afdb-8105a06b9cb3	NR_116899.1	93.824	1441	47	34	1	1421	35	1453	0.0	2130
056f4539-6000-4c46-afdb-8105a06b9cb3	NR_179985.1	93.824	1441	47	34	1	1421	68	1486	0.0	2130
056f4539-6000-4c46-afdb-8105a06b9cb3	NR_126220.1	93.746	1439	48	34	1	1419	54	1470	0.0	2121
056f4539-6000-4c46-afdb-8105a06b9cb3	NR_181703.1	93.685	1441	49	34	1	1421	75	1493	0.0	2119
f5020053-753f-429c-ac33-9035e3337fe3	NR_116899.1	92.081	442	16	16	1	429	497	62	1.22e-172	604
f5020053-753f-429c-ac33-9035e3337fe3	NR_179103.1	92.081	442	16	16	1	429	534	99	1.22e-172	604
f5020053-753f-429c-ac33-9035e3337fe3	NR_179728.1	92.081	442	16	16	1	429	530	95	1.22e-172	604
f5020053-753f-429c-ac33-9035e3337fe3	NR_180743.1	92.081	442	16	16	1	429	511	76	1.22e-172	604
f5020053-753f-429c-ac33-9035e3337fe3	NR_181703.1	92.081	442	16	16	1	429	537	102	1.22e-172	604
61f11a68-9482-4b71-b9c6-bd0c028574ec	NR_148763.1	96.610	649	10	11	4	644	656	12	0.0	1066
61f11a68-9482-4b71-b9c6-bd0c028574ec	NR_024927.1	95.853	651	15	11	1	643	652	6	0.0	1042
61f11a68-9482-4b71-b9c6-bd0c028574ec	NR_024946.1	95.679	648	16	11	4	643	644	1	0.0	1031
61f11a68-9482-4b71-b9c6-bd0c028574ec	NR_028619.1	95.525	648	17	11	4	643	657	14	0.0	1027
61f11a68-9482-4b71-b9c6-bd0c028574ec	NR_114223.1	95.801	643	15	11	1	635	639	1	0.0	1027
c068e0dc-6b9b-4366-abc1-3516a2c63f09	NR_148763.1	93.782	788	28	20	1	776	706	1484	0.0	1164
c068e0dc-6b9b-4366-abc1-3516a2c63f09	NR_148764.1	93.655	788	29	20	1	776	706	1484	0.0	1158
c068e0dc-6b9b-4366-abc1-3516a2c63f09	NR_028619.1	93.655	788	27	22	1	776	707	1483	0.0	1157
c068e0dc-6b9b-4366-abc1-3516a2c63f09	NR_113578.1	93.639	786	29	20	1	774	686	1462	0.0	1157
c068e0dc-6b9b-4366-abc1-3516a2c63f09	NR_024946.1	94.010	768	27	19	1	756	694	1454	0.0	1146
bcc452a1-700d-4cb0-81d7-96945619e568	NR_148763.1	93.357	572	20	15	1	562	917	1480	0.0	830
bcc452a1-700d-4cb0-81d7-96945619e568	NR_024704.1	93.182	572	21	16	1	562	905	1468	0.0	824
bcc452a1-700d-4cb0-81d7-96945619e568	NR_148764.1	93.182	572	21	15	1	562	917	1480	0.0	824
bcc452a1-700d-4cb0-81d7-96945619e568	NR_181838.1	93.182	572	21	16	1	562	920	1483	0.0	824
bcc452a1-700d-4cb0-81d7-96945619e568	NR_113578.1	93.007	572	22	15	1	562	897	1460	0.0	822
809babb8-6f88-472e-a8db-25844a169116	NR_025903.1	95.058	1477	31	32	1	1449	33	1495	0.0	2285
809babb8-6f88-472e-a8db-25844a169116	NR_133753.1	95.122	1435	30	30	19	1425	4	1426	0.0	2226
809babb8-6f88-472e-a8db-25844a169116	NR_025904.1	93.847	1479	45	36	1	1449	32	1494	0.0	2185
809babb8-6f88-472e-a8db-25844a169116	NR_133752.1	95.096	1407	29	30	47	1425	3	1397	0.0	2180
809babb8-6f88-472e-a8db-25844a169116	NR_026419.1	93.708	1478	51	32	1	1449	20	1484	0.0	2176
bf075c40-4ea7-4d88-aa04-12418de90910	NR_115355.1	95.724	1216	23	19	1	1196	1207	1	0.0	1934
bf075c40-4ea7-4d88-aa04-12418de90910	NR_119169.1	95.570	1219	25	19	1	1199	1212	3	0.0	1930
bf075c40-4ea7-4d88-aa04-12418de90910	NR_163639.1	95.358	1228	21	26	1	1207	1222	10	0.0	1919
bf075c40-4ea7-4d88-aa04-12418de90910	NR_074980.1	95.110	1227	30	20	1	1207	1234	18	0.0	1906
bf075c40-4ea7-4d88-aa04-12418de90910	NR_113031.1	95.110	1227	30	20	1	1207	1234	18	0.0	1906
7628fa25-52f5-478d-9b04-dcdba93337c0	NR_179985.1	95.441	1009	22	19	1	997	1007	11	0.0	1587
7628fa25-52f5-478d-9b04-dcdba93337c0	NR_181838.1	95.342	1009	23	19	1	997	1010	14	0.0	1581
7628fa25-52f5-478d-9b04-dcdba93337c0	NR_179103.1	95.243	1009	24	19	1	997	1011	15	0.0	1576
7628fa25-52f5-478d-9b04-dcdba93337c0	NR_179728.1	95.243	1009	24	19	1	997	1007	11	0.0	1576
7628fa25-52f5-478d-9b04-dcdba93337c0	NR_181703.1	95.144	1009	25	19	1	997	1014	18	0.0	1570
02a3506c-e72f-4218-93df-7c0577b59b5a	NR_148763.1	90.992	1210	63	39	1	1179	269	1463	0.0	1589
02a3506c-e72f-4218-93df-7c0577b59b5a	NR_024946.1	90.496	1210	69	39	1	1179	257	1451	0.0	1555
02a3506c-e72f-4218-93df-7c0577b59b5a	NR_113578.1	90.413	1210	70	39	1	1179	249	1443	0.0	1554
02a3506c-e72f-4218-93df-7c0577b59b5a	NR_148764.1	90.413	1210	70	39	1	1179	269	1463	0.0	1550
02a3506c-e72f-4218-93df-7c0577b59b5a	NR_028619.1	90.405	1209	70	39	1	1179	270	1462	0.0	1548
c4c92d0f-7bbf-4088-b44f-366239447a06	NR_148763.1	97.075	1470	19	13	1	1451	1475	11	0.0	2455
c4c92d0f-7bbf-4088-b44f-366239447a06	NR_024946.1	96.651	1463	25	13	6	1449	1458	1	0.0	2409
c4c92d0f-7bbf-4088-b44f-366239447a06	NR_028619.1	96.390	1468	27	15	1	1449	1474	14	0.0	2396
c4c92d0f-7bbf-4088-b44f-366239447a06	NR_113578.1	96.507	1460	27	13	1	1441	1455	1	0.0	2396
c4c92d0f-7bbf-4088-b44f-366239447a06	NR_148764.1	96.327	1470	30	13	1	1451	1475	11	0.0	2394
9416311b-bf4c-4ce1-b4f2-cc1fbda4fb03	NR_148763.1	97.981	1436	12	14	1	1430	59	1483	0.0	2475
9416311b-bf4c-4ce1-b4f2-cc1fbda4fb03	NR_113578.1	97.422	1435	20	14	1	1429	39	1462	0.0	2433
9416311b-bf4c-4ce1-b4f2-cc1fbda4fb03	NR_028619.1	97.352	1435	19	16	2	1430	61	1482	0.0	2422
9416311b-bf4c-4ce1-b4f2-cc1fbda4fb03	NR_024946.1	97.540	1423	18	14	1	1417	47	1458	0.0	2418
9416311b-bf4c-4ce1-b4f2-cc1fbda4fb03	NR_148764.1	97.214	1436	23	14	1	1430	59	1483	0.0	2414
01ce88e4-6b40-4210-bc78-9df7f1732819	NR_148763.1	92.494	826	35	20	1	809	672	1487	0.0	1157
01ce88e4-6b40-4210-bc78-9df7f1732819	NR_148764.1	92.373	826	36	20	1	809	672	1487	0.0	1151
01ce88e4-6b40-4210-bc78-9df7f1732819	NR_113578.1	92.448	821	35	20	1	804	652	1462	0.0	1147
01ce88e4-6b40-4210-bc78-9df7f1732819	NR_028619.1	92.131	826	36	22	1	809	673	1486	0.0	1138
01ce88e4-6b40-4210-bc78-9df7f1732819	NR_181838.1	92.010	826	39	20	1	809	675	1490	0.0	1134
032306f5-20b5-430b-b41e-d7d0f41a8f57	NR_024704.1	93.125	320	16	6	1	317	1158	1474	1.52e-130	464
032306f5-20b5-430b-b41e-d7d0f41a8f57	NR_043314.1	93.125	320	16	6	1	317	1168	1484	1.52e-130	464
032306f5-20b5-430b-b41e-d7d0f41a8f57	NR_148763.1	93.125	320	16	6	1	317	1170	1486	1.52e-130	464
032306f5-20b5-430b-b41e-d7d0f41a8f57	NR_114749.1	93.125	320	16	6	1	317	1170	1486	1.52e-130	464
032306f5-20b5-430b-b41e-d7d0f41a8f57	NR_116899.1	93.125	320	16	6	1	317	1137	1453	1.52e-130	464
4ef1a0a0-a784-45ab-9474-93f61069c88c	NR_179985.1	93.023	1333	46	35	1	1301	1327	10	0.0	1903
4ef1a0a0-a784-45ab-9474-93f61069c88c	NR_181838.1	92.948	1333	47	35	1	1301	1330	13	0.0	1897
4ef1a0a0-a784-45ab-9474-93f61069c88c	NR_126220.1	92.997	1328	46	35	1	1296	1313	1	0.0	1893
4ef1a0a0-a784-45ab-9474-93f61069c88c	NR_181703.1	92.723	1333	50	35	1	1301	1334	17	0.0	1881
4ef1a0a0-a784-45ab-9474-93f61069c88c	NR_043314.1	92.707	1330	49	36	1	1297	1325	11	0.0	1875
968da732-27f4-4cb0-82f6-0b4c1244ca3d	NR_148763.1	93.934	610	15	16	1	606	603	12	0.0	902
968da732-27f4-4cb0-82f6-0b4c1244ca3d	NR_179227.1	93.268	609	19	16	1	605	603	13	0.0	878
968da732-27f4-4cb0-82f6-0b4c1244ca3d	NR_024927.1	93.103	609	20	16	1	605	596	6	0.0	872
968da732-27f4-4cb0-82f6-0b4c1244ca3d	NR_024946.1	93.103	609	20	16	1	605	591	1	0.0	872
968da732-27f4-4cb0-82f6-0b4c1244ca3d	NR_043195.1	93.103	609	20	16	1	605	601	11	0.0	872
0fbf0453-1a90-42cb-9c5d-6d8fed0df535	NR_024704.1	96.429	280	5	4	1	277	1327	1050	2.18e-128	457
0fbf0453-1a90-42cb-9c5d-6d8fed0df535	NR_024911.1	96.429	280	5	5	1	277	1332	1055	2.18e-128	457
0fbf0453-1a90-42cb-9c5d-6d8fed0df535	NR_024918.1	96.429	280	5	5	1	277	1332	1055	2.18e-128	457
0fbf0453-1a90-42cb-9c5d-6d8fed0df535	NR_024946.1	96.429	280	5	4	1	277	1327	1050	2.18e-128	457
0fbf0453-1a90-42cb-9c5d-6d8fed0df535	NR_025174.1	96.429	280	5	5	1	277	1325	1048	2.18e-128	457
edd9d26c-6ea8-4dba-b853-5ef65a8dac58	NR_024927.1	92.720	728	26	21	1	707	256	977	0.0	1026
edd9d26c-6ea8-4dba-b853-5ef65a8dac58	NR_025227.1	92.720	728	26	21	1	707	239	960	0.0	1026
edd9d26c-6ea8-4dba-b853-5ef65a8dac58	NR_114223.1	92.720	728	26	21	1	707	243	964	0.0	1026
edd9d26c-6ea8-4dba-b853-5ef65a8dac58	NR_116899.1	92.720	728	26	21	1	707	230	951	0.0	1026
edd9d26c-6ea8-4dba-b853-5ef65a8dac58	NR_179103.1	92.582	728	27	21	1	707	267	988	0.0	1020
106bd68f-f515-4bf3-bafc-141a8e1b284a	NR_199541.1	93.381	423	11	10	4	412	556	137	2.50e-174	610
106bd68f-f515-4bf3-bafc-141a8e1b284a	NR_109720.1	93.947	413	8	10	4	402	574	165	9.00e-174	608
106bd68f-f515-4bf3-bafc-141a8e1b284a	NR_165747.1	94.103	407	7	10	4	396	578	175	4.19e-172	603
106bd68f-f515-4bf3-bafc-141a8e1b284a	NR_199544.1	93.705	413	9	10	4	402	556	147	4.19e-172	603
106bd68f-f515-4bf3-bafc-141a8e1b284a	NR_116206.1	93.857	407	8	10	4	396	503	100	5.41e-171	599
8c306b03-5b25-48d7-a0a6-273591d922af	NR_148763.1	92.544	845	35	24	1	833	655	1483	0.0	1186
8c306b03-5b25-48d7-a0a6-273591d922af	NR_148764.1	92.426	845	36	24	1	833	655	1483	0.0	1181
8c306b03-5b25-48d7-a0a6-273591d922af	NR_112077.1	91.706	844	44	22	1	833	653	1481	0.0	1164
8c306b03-5b25-48d7-a0a6-273591d922af	NR_024946.1	92.428	832	35	24	1	820	643	1458	0.0	1162
8c306b03-5b25-48d7-a0a6-273591d922af	NR_117552.1	92.326	834	36	24	1	822	635	1452	0.0	1162
1cbd4b15-7ee5-4c19-a23c-f919123e26d0	NR_148763.1	97.647	340	0	8	10	344	348	12	2.03e-164	577
1cbd4b15-7ee5-4c19-a23c-f919123e26d0	NR_024946.1	97.640	339	0	8	10	343	336	1	7.30e-164	575
1cbd4b15-7ee5-4c19-a23c-f919123e26d0	NR_112077.1	97.640	339	0	8	10	343	346	11	7.30e-164	575
1cbd4b15-7ee5-4c19-a23c-f919123e26d0	NR_028619.1	97.345	339	1	8	10	343	349	14	9.45e-163	571
1cbd4b15-7ee5-4c19-a23c-f919123e26d0	NR_136473.1	97.605	334	0	8	10	338	331	1	4.40e-161	566
240933a8-9062-4aa9-ad52-02bf9c338df9	NR_024842.1	96.163	808	20	9	5	805	1435	632	0.0	1310
240933a8-9062-4aa9-ad52-02bf9c338df9	NR_109720.1	96.163	808	20	9	5	805	1414	611	0.0	1310
240933a8-9062-4aa9-ad52-02bf9c338df9	NR_115735.1	96.163	808	20	9	5	805	1411	608	0.0	1310
240933a8-9062-4aa9-ad52-02bf9c338df9	NR_115241.1	95.916	808	22	9	5	805	1420	617	0.0	1303
240933a8-9062-4aa9-ad52-02bf9c338df9	NR_036936.1	95.792	808	23	9	5	805	1420	617	0.0	1293
dad05a62-f73f-4230-8c11-3216612f8622	NR_126220.1	93.359	512	16	13	1	504	1279	778	0.0	741
dad05a62-f73f-4230-8c11-3216612f8622	NR_179483.1	93.359	512	16	13	1	504	1176	675	0.0	741
dad05a62-f73f-4230-8c11-3216612f8622	NR_181838.1	93.359	512	16	13	1	504	1296	795	0.0	741
dad05a62-f73f-4230-8c11-3216612f8622	NR_181891.1	93.359	512	16	13	1	504	1296	795	0.0	741
dad05a62-f73f-4230-8c11-3216612f8622	NR_024918.1	93.164	512	17	13	1	504	1286	785	0.0	736
4346f633-faab-4789-a0e7-c38668ee5d02	NR_148763.1	95.426	481	7	11	1	466	1003	1483	0.0	752
4346f633-faab-4789-a0e7-c38668ee5d02	NR_024704.1	95.218	481	8	11	1	466	991	1471	0.0	747
4346f633-faab-4789-a0e7-c38668ee5d02	NR_113578.1	95.208	480	8	11	1	465	983	1462	0.0	747
4346f633-faab-4789-a0e7-c38668ee5d02	NR_148764.1	95.218	481	8	11	1	466	1003	1483	0.0	747
4346f633-faab-4789-a0e7-c38668ee5d02	NR_181838.1	95.218	481	8	11	1	466	1006	1486	0.0	747
b562a3f3-dd51-42d2-9e8a-b2789e15facc	NR_148763.1	91.123	721	34	29	8	722	791	1487	0.0	950
b562a3f3-dd51-42d2-9e8a-b2789e15facc	NR_148764.1	90.985	721	35	29	8	722	791	1487	0.0	944
b562a3f3-dd51-42d2-9e8a-b2789e15facc	NR_113578.1	91.061	716	34	29	8	717	771	1462	0.0	942
b562a3f3-dd51-42d2-9e8a-b2789e15facc	NR_028619.1	90.846	721	34	31	8	722	792	1486	0.0	937
b562a3f3-dd51-42d2-9e8a-b2789e15facc	NR_117821.1	90.707	721	37	29	8	722	743	1439	0.0	933
281b4f66-afda-4e7c-bce9-5d129efa118d	NR_116899.1	97.573	1195	19	9	1	1188	264	1455	0.0	2037
281b4f66-afda-4e7c-bce9-5d129efa118d	NR_024927.1	97.406	1195	21	9	1	1188	290	1481	0.0	2026
281b4f66-afda-4e7c-bce9-5d129efa118d	NR_025227.1	97.639	1186	18	9	1	1179	273	1455	0.0	2026
281b4f66-afda-4e7c-bce9-5d129efa118d	NR_114223.1	97.477	1189	20	9	1	1182	277	1462	0.0	2021
281b4f66-afda-4e7c-bce9-5d129efa118d	NR_179103.1	97.322	1195	22	9	1	1188	301	1492	0.0	2021
f921fdd5-ca21-4985-a5c7-a0d1d04ecebb	NR_181838.1	96.475	1163	16	20	21	1167	1167	14	0.0	1897
f921fdd5-ca21-4985-a5c7-a0d1d04ecebb	NR_179103.1	96.389	1163	17	20	21	1167	1168	15	0.0	1892
f921fdd5-ca21-4985-a5c7-a0d1d04ecebb	NR_179728.1	96.389	1163	17	20	21	1167	1164	11	0.0	1892
f921fdd5-ca21-4985-a5c7-a0d1d04ecebb	NR_179985.1	96.389	1163	17	20	21	1167	1164	11	0.0	1892
f921fdd5-ca21-4985-a5c7-a0d1d04ecebb	NR_181729.1	96.373	1158	17	20	21	1162	1149	1	0.0	1882
06e923a6-7d90-418a-91a5-e51f70208311	NR_180629.1	95.020	984	20	22	1	971	96	1063	0.0	1519
06e923a6-7d90-418a-91a5-e51f70208311	NR_028664.1	94.817	984	22	22	1	971	137	1104	0.0	1507
06e923a6-7d90-418a-91a5-e51f70208311	NR_115240.1	94.817	984	22	22	1	971	114	1081	0.0	1507
06e923a6-7d90-418a-91a5-e51f70208311	NR_115732.1	94.817	984	22	22	1	971	116	1083	0.0	1507
06e923a6-7d90-418a-91a5-e51f70208311	NR_116213.1	94.817	984	22	22	1	971	39	1006	0.0	1507
2499aef9-fe3f-4f02-ad70-44e3b0ce117a	NR_180875.1	98.913	460	2	3	1	458	741	1199	0.0	819
2499aef9-fe3f-4f02-ad70-44e3b0ce117a	NR_109720.1	98.696	460	3	3	1	458	756	1214	0.0	813
2499aef9-fe3f-4f02-ad70-44e3b0ce117a	NR_178515.1	98.696	460	3	3	1	458	762	1220	0.0	813
2499aef9-fe3f-4f02-ad70-44e3b0ce117a	NR_024842.1	98.478	460	4	3	1	458	777	1235	0.0	808
2499aef9-fe3f-4f02-ad70-44e3b0ce117a	NR_036936.1	98.478	460	4	3	1	458	762	1220	0.0	808
66accb33-a495-40f8-9838-6b51af25b903	NR_181354.1	89.243	846	50	33	1	826	662	1486	0.0	1020
66accb33-a495-40f8-9838-6b51af25b903	NR_112072.1	88.902	847	55	30	1	826	635	1463	0.0	1013
66accb33-a495-40f8-9838-6b51af25b903	NR_028619.1	88.652	846	57	30	1	826	656	1482	0.0	994
66accb33-a495-40f8-9838-6b51af25b903	NR_114595.1	88.329	814	56	30	1	793	655	1450	0.0	941
66accb33-a495-40f8-9838-6b51af25b903	NR_044836.2	82.651	830	97	40	1	806	665	1471	0.0	713
7cb9aaed-ca17-4e2a-b14e-b9997ab6cf38	NR_149823.1	90.593	489	20	21	5	474	1150	669	1.01e-178	625
7cb9aaed-ca17-4e2a-b14e-b9997ab6cf38	NR_024946.1	90.389	489	21	21	5	474	1187	706	4.68e-177	619
7cb9aaed-ca17-4e2a-b14e-b9997ab6cf38	NR_148763.1	90.389	489	21	21	5	474	1199	718	4.68e-177	619
7cb9aaed-ca17-4e2a-b14e-b9997ab6cf38	NR_148764.1	90.389	489	21	21	5	474	1199	718	4.68e-177	619
7cb9aaed-ca17-4e2a-b14e-b9997ab6cf38	NR_117552.1	90.389	489	21	21	5	474	1179	698	4.68e-177	619
a1d54d39-f04a-4085-8ea5-cffb6b5db2c8	NR_148763.1	94.949	990	25	23	8	983	1258	280	0.0	1528
a1d54d39-f04a-4085-8ea5-cffb6b5db2c8	NR_024946.1	94.343	990	31	23	8	983	1246	268	0.0	1495
a1d54d39-f04a-4085-8ea5-cffb6b5db2c8	NR_148764.1	94.343	990	31	23	8	983	1258	280	0.0	1495
a1d54d39-f04a-4085-8ea5-cffb6b5db2c8	NR_149823.1	94.338	989	33	21	8	983	1209	231	0.0	1495
a1d54d39-f04a-4085-8ea5-cffb6b5db2c8	NR_178975.1	94.343	990	31	23	8	983	1237	259	0.0	1495
