6654c6ee-1b19-4064-9bb2-6a37c91e6fa3	NR_148763.1	89.124	662	30	33	1	634	659	12	0.0	785
6654c6ee-1b19-4064-9bb2-6a37c91e6fa3	NR_024946.1	88.654	661	33	33	1	633	647	1	0.0	767
6654c6ee-1b19-4064-9bb2-6a37c91e6fa3	NR_028619.1	88.369	662	33	35	1	633	660	14	0.0	758
6654c6ee-1b19-4064-9bb2-6a37c91e6fa3	NR_113578.1	88.650	652	33	32	1	624	639	1	0.0	756
6654c6ee-1b19-4064-9bb2-6a37c91e6fa3	NR_148764.1	88.235	663	34	36	1	634	659	12	0.0	752
a49c1db7-fb52-415a-8df1-1f00f1456f46	NR_148763.1	95.737	563	13	10	1	557	926	1483	0.0	896
a49c1db7-fb52-415a-8df1-1f00f1456f46	NR_148764.1	95.560	563	14	10	1	557	926	1483	0.0	891
a49c1db7-fb52-415a-8df1-1f00f1456f46	NR_028986.1	95.204	563	16	10	1	557	906	1463	0.0	880
a49c1db7-fb52-415a-8df1-1f00f1456f46	NR_042199.1	95.204	563	16	10	1	557	906	1463	0.0	880
a49c1db7-fb52-415a-8df1-1f00f1456f46	NR_114225.1	95.196	562	16	10	1	556	906	1462	0.0	880
dcee4ebd-e0bf-415d-a1e2-7e19d5166427	NR_024842.1	96.327	1334	31	12	3	1321	163	1493	0.0	2178
dcee4ebd-e0bf-415d-a1e2-7e19d5166427	NR_115735.1	96.388	1329	30	12	3	1316	139	1464	0.0	2172
dcee4ebd-e0bf-415d-a1e2-7e19d5166427	NR_115241.1	96.154	1326	33	12	3	1313	148	1470	0.0	2156
dcee4ebd-e0bf-415d-a1e2-7e19d5166427	NR_109720.1	95.461	1322	35	19	3	1305	142	1457	0.0	2085
dcee4ebd-e0bf-415d-a1e2-7e19d5166427	NR_036936.1	95.263	1330	38	19	3	1313	148	1471	0.0	2084
11f6e630-d291-4c36-b322-8bbda071bf3c	NR_119169.1	95.013	762	22	11	13	770	753	4	0.0	1186
11f6e630-d291-4c36-b322-8bbda071bf3c	NR_115355.1	95.000	760	22	11	13	768	748	1	0.0	1182
11f6e630-d291-4c36-b322-8bbda071bf3c	NR_119168.1	94.882	762	23	11	13	770	753	4	0.0	1177
11f6e630-d291-4c36-b322-8bbda071bf3c	NR_163639.1	95.099	755	19	13	19	770	757	18	0.0	1173
11f6e630-d291-4c36-b322-8bbda071bf3c	NR_074980.1	94.751	762	24	11	13	770	775	26	0.0	1171
ea82b55b-7ca3-450c-baf2-5e54a80f2ba7	NR_148763.1	92.700	1000	30	37	1	971	1000	15	0.0	1402
ea82b55b-7ca3-450c-baf2-5e54a80f2ba7	NR_028619.1	92.208	1001	33	39	1	971	1001	16	0.0	1376
ea82b55b-7ca3-450c-baf2-5e54a80f2ba7	NR_024946.1	92.200	1000	35	37	1	971	988	3	0.0	1375
ea82b55b-7ca3-450c-baf2-5e54a80f2ba7	NR_136473.1	92.184	998	33	39	1	968	983	1	0.0	1371
ea82b55b-7ca3-450c-baf2-5e54a80f2ba7	NR_113578.1	92.153	994	35	37	1	965	980	1	0.0	1365
20065a7c-76c6-4549-8ba7-73d70cd339d8	NR_024946.1	98.350	303	2	3	1	301	130	431	5.05e-150	529
20065a7c-76c6-4549-8ba7-73d70cd339d8	NR_025586.1	98.350	303	2	3	1	301	130	431	5.05e-150	529
20065a7c-76c6-4549-8ba7-73d70cd339d8	NR_025587.1	98.350	303	2	3	1	301	130	431	5.05e-150	529
20065a7c-76c6-4549-8ba7-73d70cd339d8	NR_028619.1	98.350	303	2	3	1	301	143	444	5.05e-150	529
20065a7c-76c6-4549-8ba7-73d70cd339d8	NR_113578.1	98.350	303	2	3	1	301	122	423	5.05e-150	529
59da4f1b-89c3-4642-82e7-432da3601ddb	NR_148763.1	92.748	262	12	7	1	261	267	12	7.63e-103	372
59da4f1b-89c3-4642-82e7-432da3601ddb	NR_024946.1	92.720	261	12	7	1	260	255	1	2.74e-102	370
59da4f1b-89c3-4642-82e7-432da3601ddb	NR_112077.1	92.720	261	12	7	1	260	265	11	2.74e-102	370
59da4f1b-89c3-4642-82e7-432da3601ddb	NR_028619.1	92.337	261	13	7	1	260	268	14	3.55e-101	366
59da4f1b-89c3-4642-82e7-432da3601ddb	NR_136473.1	92.578	256	12	7	1	255	250	1	1.65e-99	361
0a0a9726-dd4f-4674-b3c1-432e835db43e	NR_028986.1	87.299	559	44	21	1	539	917	1468	2.49e-175	614
0a0a9726-dd4f-4674-b3c1-432e835db43e	NR_042199.1	87.299	559	44	21	1	539	917	1468	2.49e-175	614
0a0a9726-dd4f-4674-b3c1-432e835db43e	NR_117821.1	87.299	559	44	21	1	539	889	1440	2.49e-175	614
0a0a9726-dd4f-4674-b3c1-432e835db43e	NR_148763.1	87.299	559	44	19	1	539	937	1488	2.49e-175	614
0a0a9726-dd4f-4674-b3c1-432e835db43e	NR_179337.1	87.299	559	44	21	1	539	921	1472	2.49e-175	614
cc614c1e-0311-4006-bd31-e905309fff05	NR_148763.1	94.952	832	24	15	9	829	659	1483	0.0	1288
cc614c1e-0311-4006-bd31-e905309fff05	NR_148764.1	94.832	832	25	15	9	829	659	1483	0.0	1282
cc614c1e-0311-4006-bd31-e905309fff05	NR_113578.1	94.705	831	26	15	9	828	639	1462	0.0	1279
cc614c1e-0311-4006-bd31-e905309fff05	NR_028619.1	94.591	832	25	18	9	829	660	1482	0.0	1269
cc614c1e-0311-4006-bd31-e905309fff05	NR_024946.1	94.872	819	24	15	9	816	647	1458	0.0	1264
a01c194c-a139-4a22-b496-f697ad285677	NR_179985.1	97.179	638	9	8	10	643	650	18	0.0	1070
a01c194c-a139-4a22-b496-f697ad285677	NR_181838.1	97.022	638	10	8	10	643	653	21	0.0	1064
a01c194c-a139-4a22-b496-f697ad285677	NR_126220.1	96.865	638	11	8	10	643	636	4	0.0	1059
a01c194c-a139-4a22-b496-f697ad285677	NR_179103.1	96.865	638	11	8	10	643	654	22	0.0	1059
a01c194c-a139-4a22-b496-f697ad285677	NR_179728.1	96.865	638	11	8	10	643	650	18	0.0	1059
569abe28-0dba-4d17-9fd2-290fc5c3e6c1	NR_156072.1	96.255	267	8	2	1	266	1216	1481	2.87e-122	436
569abe28-0dba-4d17-9fd2-290fc5c3e6c1	NR_028665.1	95.880	267	9	2	1	266	1211	1476	1.33e-120	431
569abe28-0dba-4d17-9fd2-290fc5c3e6c1	NR_104972.1	95.880	267	9	2	1	266	1196	1461	1.33e-120	431
569abe28-0dba-4d17-9fd2-290fc5c3e6c1	NR_114172.1	95.880	267	9	2	1	266	1194	1459	1.33e-120	431
569abe28-0dba-4d17-9fd2-290fc5c3e6c1	NR_115239.1	95.880	267	9	2	1	266	1194	1459	1.33e-120	431
c43d1836-3698-4c9f-86ac-a8f53f3192a3	NR_148763.1	96.271	1019	14	17	1	1009	1020	16	0.0	1650
c43d1836-3698-4c9f-86ac-a8f53f3192a3	NR_024946.1	95.780	1019	19	17	1	1009	1008	4	0.0	1622
c43d1836-3698-4c9f-86ac-a8f53f3192a3	NR_028619.1	95.682	1019	20	17	1	1009	1021	17	0.0	1618
c43d1836-3698-4c9f-86ac-a8f53f3192a3	NR_136473.1	95.665	1015	22	15	1	1006	1003	2	0.0	1613
c43d1836-3698-4c9f-86ac-a8f53f3192a3	NR_113578.1	95.661	1014	20	17	1	1004	1000	1	0.0	1611
ae184541-1029-4b44-98fb-6b3b3c6713c6	NR_179985.1	95.628	732	21	9	1	729	735	12	0.0	1164
ae184541-1029-4b44-98fb-6b3b3c6713c6	NR_181838.1	95.492	732	22	9	1	729	738	15	0.0	1158
ae184541-1029-4b44-98fb-6b3b3c6713c6	NR_126220.1	95.473	729	22	9	1	726	721	1	0.0	1153
ae184541-1029-4b44-98fb-6b3b3c6713c6	NR_179103.1	95.355	732	23	9	1	729	739	16	0.0	1153
ae184541-1029-4b44-98fb-6b3b3c6713c6	NR_179728.1	95.355	732	23	9	1	729	735	12	0.0	1153
36ea196d-c35a-4b60-83ed-b0f64afeccff	NR_136788.1	97.011	435	9	4	1	432	446	13	0.0	728
36ea196d-c35a-4b60-83ed-b0f64afeccff	NR_113082.1	95.172	435	17	4	1	432	446	13	0.0	684
36ea196d-c35a-4b60-83ed-b0f64afeccff	NR_026230.1	92.706	425	27	4	1	422	424	1	7.06e-180	628
36ea196d-c35a-4b60-83ed-b0f64afeccff	NR_074234.1	90.639	438	31	10	1	432	453	20	3.36e-163	573
36ea196d-c35a-4b60-83ed-b0f64afeccff	NR_113086.1	90.639	438	31	10	1	432	446	13	3.36e-163	573
80af176a-821b-4a51-b4ae-6fe0c2e4cab1	NR_148763.1	97.360	303	3	5	1	298	661	359	1.78e-144	510
80af176a-821b-4a51-b4ae-6fe0c2e4cab1	NR_118155.1	96.370	303	6	5	1	298	664	362	1.80e-139	494
80af176a-821b-4a51-b4ae-6fe0c2e4cab1	NR_024927.1	96.040	303	7	5	1	298	654	352	8.35e-138	488
80af176a-821b-4a51-b4ae-6fe0c2e4cab1	NR_025227.1	96.040	303	7	5	1	298	637	335	8.35e-138	488
80af176a-821b-4a51-b4ae-6fe0c2e4cab1	NR_114223.1	96.040	303	7	5	1	298	641	339	8.35e-138	488
11edb5af-3625-4f78-9bb0-7c733297f3ee	NR_148763.1	90.845	852	41	29	1	832	654	1488	0.0	1107
11edb5af-3625-4f78-9bb0-7c733297f3ee	NR_148764.1	90.728	852	42	29	1	832	654	1488	0.0	1101
11edb5af-3625-4f78-9bb0-7c733297f3ee	NR_113578.1	90.780	846	41	29	1	826	634	1462	0.0	1098
11edb5af-3625-4f78-9bb0-7c733297f3ee	NR_181838.1	90.493	852	44	29	1	832	657	1491	0.0	1090
11edb5af-3625-4f78-9bb0-7c733297f3ee	NR_179985.1	90.376	852	45	29	1	832	654	1488	0.0	1085
51735422-3243-4b7e-91ae-7d6bad370f70	NR_117822.1	93.443	366	14	9	1	357	1164	800	1.29e-151	534
51735422-3243-4b7e-91ae-7d6bad370f70	NR_132724.1	93.443	366	14	9	1	357	1147	783	1.29e-151	534
51735422-3243-4b7e-91ae-7d6bad370f70	NR_178772.1	93.443	366	14	9	1	357	1147	783	1.29e-151	534
51735422-3243-4b7e-91ae-7d6bad370f70	NR_181875.1	93.443	366	14	9	1	357	1201	837	1.29e-151	534
51735422-3243-4b7e-91ae-7d6bad370f70	NR_024902.1	93.169	366	15	9	1	357	1205	841	6.02e-150	529
b7e13648-333f-457d-9995-8b76c6fe1418	NR_041715.1	91.632	239	6	10	1	228	1390	1155	8.73e-87	318
b7e13648-333f-457d-9995-8b76c6fe1418	NR_024704.1	91.632	239	6	10	1	228	1390	1155	8.73e-87	318
b7e13648-333f-457d-9995-8b76c6fe1418	NR_024734.1	91.632	239	6	10	1	228	1382	1147	8.73e-87	318
b7e13648-333f-457d-9995-8b76c6fe1418	NR_024946.1	91.632	239	6	10	1	228	1390	1155	8.73e-87	318
b7e13648-333f-457d-9995-8b76c6fe1418	NR_036908.1	91.632	239	6	10	1	228	1400	1165	8.73e-87	318
8b861ab7-1295-4af0-8c4c-ce4e6845ff5d	NR_148763.1	96.593	587	8	11	14	593	863	282	0.0	963
8b861ab7-1295-4af0-8c4c-ce4e6845ff5d	NR_024946.1	95.571	587	14	11	14	593	851	270	0.0	929
8b861ab7-1295-4af0-8c4c-ce4e6845ff5d	NR_028619.1	95.571	587	14	11	14	593	864	283	0.0	929
8b861ab7-1295-4af0-8c4c-ce4e6845ff5d	NR_113578.1	95.571	587	14	11	14	593	843	262	0.0	929
8b861ab7-1295-4af0-8c4c-ce4e6845ff5d	NR_148764.1	95.571	587	14	11	14	593	863	282	0.0	929
983597d4-6a6a-4251-91a4-4745cfe30c0e	NR_024918.1	93.913	805	34	14	1	795	677	1476	0.0	1201
983597d4-6a6a-4251-91a4-4745cfe30c0e	NR_116899.1	93.913	805	34	14	1	795	651	1450	0.0	1201
983597d4-6a6a-4251-91a4-4745cfe30c0e	NR_164626.1	93.913	805	34	14	1	795	674	1473	0.0	1201
983597d4-6a6a-4251-91a4-4745cfe30c0e	NR_179889.1	93.913	805	34	14	1	795	691	1490	0.0	1201
983597d4-6a6a-4251-91a4-4745cfe30c0e	NR_043314.1	93.797	806	34	15	1	795	681	1481	0.0	1197
52561798-c4ca-4ae6-aa60-8b4b3e62081b	NR_148763.1	96.954	985	14	12	1	973	1000	20	0.0	1639
52561798-c4ca-4ae6-aa60-8b4b3e62081b	NR_024946.1	96.345	985	20	12	1	973	988	8	0.0	1605
52561798-c4ca-4ae6-aa60-8b4b3e62081b	NR_028619.1	96.244	985	21	12	1	973	1001	21	0.0	1602
52561798-c4ca-4ae6-aa60-8b4b3e62081b	NR_113578.1	96.240	984	21	12	1	972	980	1	0.0	1600
52561798-c4ca-4ae6-aa60-8b4b3e62081b	NR_136473.1	96.142	985	22	12	1	973	983	3	0.0	1596
3abe9567-a6d9-4b7f-81d7-451e108be8c5	NR_024918.1	95.972	844	22	10	6	844	645	1481	0.0	1360
3abe9567-a6d9-4b7f-81d7-451e108be8c5	NR_116899.1	95.972	844	22	10	6	844	619	1455	0.0	1360
3abe9567-a6d9-4b7f-81d7-451e108be8c5	NR_164626.1	95.972	844	22	10	6	844	642	1478	0.0	1360
3abe9567-a6d9-4b7f-81d7-451e108be8c5	NR_179889.1	95.972	844	22	10	6	844	659	1495	0.0	1360
3abe9567-a6d9-4b7f-81d7-451e108be8c5	NR_043314.1	95.858	845	22	11	6	844	649	1486	0.0	1354
489e8e2b-5723-410b-ad93-c8265275cd6d	NR_024918.1	91.355	775	42	18	15	778	1419	659	0.0	1037
489e8e2b-5723-410b-ad93-c8265275cd6d	NR_025227.1	91.355	775	42	18	15	778	1402	642	0.0	1037
489e8e2b-5723-410b-ad93-c8265275cd6d	NR_116899.1	91.355	775	42	19	15	778	1393	633	0.0	1037
489e8e2b-5723-410b-ad93-c8265275cd6d	NR_118125.1	91.344	774	44	17	15	778	1413	653	0.0	1037
489e8e2b-5723-410b-ad93-c8265275cd6d	NR_149822.1	91.355	775	42	19	15	778	1389	629	0.0	1037
17121d1f-216f-4875-842f-2ca419bce96a	NR_148763.1	89.237	734	41	28	3	708	760	1483	0.0	883
17121d1f-216f-4875-842f-2ca419bce96a	NR_113578.1	89.086	733	42	28	3	707	740	1462	0.0	878
17121d1f-216f-4875-842f-2ca419bce96a	NR_148764.1	89.101	734	42	28	3	708	760	1483	0.0	878
17121d1f-216f-4875-842f-2ca419bce96a	NR_181838.1	89.101	734	42	29	3	708	763	1486	0.0	878
17121d1f-216f-4875-842f-2ca419bce96a	NR_028619.1	89.086	733	42	29	3	708	761	1482	0.0	876
51feec4f-11fa-41d4-b57d-4f3c29e607ca	NR_148763.1	91.425	828	40	24	4	818	674	1483	0.0	1107
51feec4f-11fa-41d4-b57d-4f3c29e607ca	NR_148764.1	91.304	828	41	24	4	818	674	1483	0.0	1101
51feec4f-11fa-41d4-b57d-4f3c29e607ca	NR_028619.1	91.063	828	41	28	4	818	675	1482	0.0	1088
51feec4f-11fa-41d4-b57d-4f3c29e607ca	NR_112077.1	90.580	828	47	24	4	818	672	1481	0.0	1086
51feec4f-11fa-41d4-b57d-4f3c29e607ca	NR_024946.1	91.288	815	40	24	4	805	662	1458	0.0	1083
b6414edc-8732-4c62-a495-dcfbfbd33871	NR_133752.1	89.624	559	39	14	1	545	1188	635	0.0	693
b6414edc-8732-4c62-a495-dcfbfbd33871	NR_133753.1	89.624	559	39	14	1	545	1217	664	0.0	693
b6414edc-8732-4c62-a495-dcfbfbd33871	NR_025904.1	89.624	559	39	14	1	545	1262	709	0.0	693
b6414edc-8732-4c62-a495-dcfbfbd33871	NR_025903.1	89.624	559	39	14	1	545	1263	710	0.0	693
b6414edc-8732-4c62-a495-dcfbfbd33871	NR_026419.1	88.829	555	43	14	5	545	1247	698	0.0	664
2b7ea3b9-126b-4772-b395-b3c51ab8ea98	NR_148763.1	94.684	1392	37	30	1	1366	1394	14	0.0	2126
2b7ea3b9-126b-4772-b395-b3c51ab8ea98	NR_024946.1	94.253	1392	43	30	1	1366	1382	2	0.0	2093
2b7ea3b9-126b-4772-b395-b3c51ab8ea98	NR_028619.1	94.109	1392	44	31	1	1366	1394	15	0.0	2084
2b7ea3b9-126b-4772-b395-b3c51ab8ea98	NR_113578.1	94.147	1384	45	29	1	1359	1374	2	0.0	2078
2b7ea3b9-126b-4772-b395-b3c51ab8ea98	NR_148764.1	94.037	1392	46	30	1	1366	1394	14	0.0	2076
8a82bd30-f350-4939-80f4-8d47272dbcb6	NR_179103.1	96.988	996	16	13	1	987	1005	15	0.0	1661
8a82bd30-f350-4939-80f4-8d47272dbcb6	NR_179728.1	96.988	996	16	13	1	987	1001	11	0.0	1661
8a82bd30-f350-4939-80f4-8d47272dbcb6	NR_179985.1	96.988	996	16	13	1	987	1001	11	0.0	1661
8a82bd30-f350-4939-80f4-8d47272dbcb6	NR_181838.1	96.988	996	16	13	1	987	1004	14	0.0	1661
8a82bd30-f350-4939-80f4-8d47272dbcb6	NR_181703.1	96.787	996	18	13	1	987	1008	18	0.0	1650
d8c8a48f-ae8f-4d0d-98b4-1dc3ab6c0e28	NR_115355.1	93.233	399	6	16	1	391	1100	1485	1.41e-161	568
d8c8a48f-ae8f-4d0d-98b4-1dc3ab6c0e28	NR_119169.1	92.982	399	7	16	1	391	1105	1490	6.55e-160	562
d8c8a48f-ae8f-4d0d-98b4-1dc3ab6c0e28	NR_163639.1	92.982	399	7	15	1	391	1115	1500	6.55e-160	562
d8c8a48f-ae8f-4d0d-98b4-1dc3ab6c0e28	NR_179325.1	92.982	399	7	15	1	391	1074	1459	6.55e-160	562
d8c8a48f-ae8f-4d0d-98b4-1dc3ab6c0e28	NR_115354.1	92.481	399	9	15	1	391	1100	1485	1.42e-156	551
059cfef7-0ce2-4baf-be3d-79532af6c042	NR_148763.1	93.066	1399	51	36	1	1375	107	1483	0.0	2004
059cfef7-0ce2-4baf-be3d-79532af6c042	NR_113578.1	92.781	1399	53	37	1	1374	87	1462	0.0	1984
059cfef7-0ce2-4baf-be3d-79532af6c042	NR_148764.1	92.714	1400	54	37	1	1375	107	1483	0.0	1977
059cfef7-0ce2-4baf-be3d-79532af6c042	NR_028619.1	92.638	1399	55	37	1	1375	108	1482	0.0	1969
059cfef7-0ce2-4baf-be3d-79532af6c042	NR_024927.1	92.566	1399	58	34	1	1375	100	1476	0.0	1965
4b7a610e-6b3c-4ce2-bdcf-be07839d0042	NR_040992.1	90.955	199	9	7	1	195	478	285	4.61e-69	259
4b7a610e-6b3c-4ce2-bdcf-be07839d0042	NR_025947.1	90.955	199	9	7	1	195	478	285	4.61e-69	259
4b7a610e-6b3c-4ce2-bdcf-be07839d0042	NR_026395.1	90.955	199	9	7	1	195	478	285	4.61e-69	259
4b7a610e-6b3c-4ce2-bdcf-be07839d0042	NR_042450.1	90.955	199	9	7	1	195	458	265	4.61e-69	259
4b7a610e-6b3c-4ce2-bdcf-be07839d0042	NR_114192.1	90.955	199	9	7	1	195	458	265	4.61e-69	259
debb62c5-3d1f-42af-8ca8-f7d595ac518c	NR_116899.1	97.603	459	6	5	1	456	571	115	0.0	782
debb62c5-3d1f-42af-8ca8-f7d595ac518c	NR_179103.1	97.603	459	6	5	1	456	608	152	0.0	782
debb62c5-3d1f-42af-8ca8-f7d595ac518c	NR_179728.1	97.603	459	6	5	1	456	604	148	0.0	782
debb62c5-3d1f-42af-8ca8-f7d595ac518c	NR_025227.1	97.386	459	7	5	1	456	580	124	0.0	776
debb62c5-3d1f-42af-8ca8-f7d595ac518c	NR_179483.1	97.386	459	7	5	1	456	487	31	0.0	776
f1970226-29ff-40b1-9b77-2fa6f1219760	NR_114225.1	91.537	449	22	11	26	461	1012	1457	3.59e-173	606
f1970226-29ff-40b1-9b77-2fa6f1219760	NR_024918.1	91.537	449	22	11	26	461	1025	1470	1.29e-172	604
f1970226-29ff-40b1-9b77-2fa6f1219760	NR_025227.1	91.537	449	22	11	26	461	1008	1453	1.29e-172	604
f1970226-29ff-40b1-9b77-2fa6f1219760	NR_028986.1	91.537	449	22	11	26	461	1012	1457	1.29e-172	604
f1970226-29ff-40b1-9b77-2fa6f1219760	NR_043314.1	91.537	449	22	11	26	461	1030	1475	1.29e-172	604
3ae0e2cd-a031-41fb-b023-e09b6be5fae6	NR_114225.1	92.697	356	16	8	2	351	1373	1022	2.79e-143	507
3ae0e2cd-a031-41fb-b023-e09b6be5fae6	NR_024911.1	92.697	356	16	8	2	351	1386	1035	1.01e-142	505
3ae0e2cd-a031-41fb-b023-e09b6be5fae6	NR_024918.1	92.697	356	16	8	2	351	1386	1035	1.01e-142	505
3ae0e2cd-a031-41fb-b023-e09b6be5fae6	NR_025174.1	92.697	356	16	8	2	351	1379	1028	1.01e-142	505
3ae0e2cd-a031-41fb-b023-e09b6be5fae6	NR_025227.1	92.697	356	16	8	2	351	1369	1018	1.01e-142	505
82a3d178-4a63-4bb3-81bb-99e07394c635	NR_148763.1	94.578	830	27	16	6	821	658	1483	0.0	1267
82a3d178-4a63-4bb3-81bb-99e07394c635	NR_148764.1	94.458	830	28	16	6	821	658	1483	0.0	1262
82a3d178-4a63-4bb3-81bb-99e07394c635	NR_028619.1	94.331	829	29	16	6	821	659	1482	0.0	1254
82a3d178-4a63-4bb3-81bb-99e07394c635	NR_024946.1	94.492	817	27	16	6	808	646	1458	0.0	1243
82a3d178-4a63-4bb3-81bb-99e07394c635	NR_117552.1	94.383	819	28	16	6	810	638	1452	0.0	1243
38c53a0b-771d-44c4-8f51-1fbb247075cb	NR_024704.1	90.683	644	34	21	1	626	839	1474	0.0	833
38c53a0b-771d-44c4-8f51-1fbb247075cb	NR_148763.1	90.683	644	34	21	1	626	851	1486	0.0	833
38c53a0b-771d-44c4-8f51-1fbb247075cb	NR_181838.1	90.683	644	34	21	1	626	854	1489	0.0	833
38c53a0b-771d-44c4-8f51-1fbb247075cb	NR_036909.1	90.528	644	35	22	1	626	849	1484	0.0	828
38c53a0b-771d-44c4-8f51-1fbb247075cb	NR_148764.1	90.528	644	35	21	1	626	851	1486	0.0	828
37ec28b4-2694-47e9-a407-8ff8949d9d5f	NR_148763.1	95.040	625	15	15	1	617	112	728	0.0	968
37ec28b4-2694-47e9-a407-8ff8949d9d5f	NR_024946.1	94.080	625	21	15	1	617	100	716	0.0	935
37ec28b4-2694-47e9-a407-8ff8949d9d5f	NR_028619.1	94.080	625	21	15	1	617	113	729	0.0	935
37ec28b4-2694-47e9-a407-8ff8949d9d5f	NR_113578.1	94.080	625	21	15	1	617	92	708	0.0	935
37ec28b4-2694-47e9-a407-8ff8949d9d5f	NR_148764.1	94.080	625	21	15	1	617	112	728	0.0	935
b3c9244e-5cf7-4faf-8820-a928c5f91dcf	NR_116899.1	91.980	1222	61	26	1	1207	249	1448	0.0	1679
b3c9244e-5cf7-4faf-8820-a928c5f91dcf	NR_025227.1	91.967	1220	61	26	1	1205	258	1455	0.0	1676
b3c9244e-5cf7-4faf-8820-a928c5f91dcf	NR_024927.1	91.817	1222	63	26	1	1207	275	1474	0.0	1668
b3c9244e-5cf7-4faf-8820-a928c5f91dcf	NR_114223.1	91.817	1222	63	26	1	1207	262	1461	0.0	1668
b3c9244e-5cf7-4faf-8820-a928c5f91dcf	NR_179103.1	91.735	1222	64	26	1	1207	286	1485	0.0	1663
886ef11a-8862-4bb6-9a2a-0cdefa7d5023	NR_024946.1	91.033	658	38	16	1	644	1381	731	0.0	869
886ef11a-8862-4bb6-9a2a-0cdefa7d5023	NR_148763.1	91.033	658	38	16	1	644	1393	743	0.0	869
886ef11a-8862-4bb6-9a2a-0cdefa7d5023	NR_148764.1	91.033	658	38	16	1	644	1393	743	0.0	869
886ef11a-8862-4bb6-9a2a-0cdefa7d5023	NR_117552.1	91.033	658	38	16	1	644	1373	723	0.0	869
886ef11a-8862-4bb6-9a2a-0cdefa7d5023	NR_136473.1	91.033	658	38	16	1	644	1376	726	0.0	869
cb0f6c78-78d2-4943-a800-c907264399ed	NR_179985.1	96.019	854	25	6	1	847	872	21	0.0	1380
cb0f6c78-78d2-4943-a800-c907264399ed	NR_181838.1	96.019	854	25	6	1	847	875	24	0.0	1380
cb0f6c78-78d2-4943-a800-c907264399ed	NR_179103.1	95.902	854	26	6	1	847	876	25	0.0	1375
cb0f6c78-78d2-4943-a800-c907264399ed	NR_179728.1	95.902	854	26	6	1	847	872	21	0.0	1375
cb0f6c78-78d2-4943-a800-c907264399ed	NR_126220.1	95.785	854	27	6	1	847	858	7	0.0	1369
81145d7a-bd08-485b-8c1a-99d162bb31ee	NR_179985.1	95.503	1134	30	16	10	1136	1131	12	0.0	1792
81145d7a-bd08-485b-8c1a-99d162bb31ee	NR_181838.1	95.410	1133	33	14	10	1136	1134	15	0.0	1786
81145d7a-bd08-485b-8c1a-99d162bb31ee	NR_179103.1	95.326	1134	32	16	10	1136	1135	16	0.0	1781
81145d7a-bd08-485b-8c1a-99d162bb31ee	NR_179728.1	95.326	1134	32	16	10	1136	1131	12	0.0	1781
81145d7a-bd08-485b-8c1a-99d162bb31ee	NR_126220.1	95.310	1130	34	14	10	1133	1117	1	0.0	1775
698b15f0-ca20-4405-9176-48f3c76043b3	NR_024927.1	92.693	1396	61	34	1	1369	1387	6	0.0	1975
698b15f0-ca20-4405-9176-48f3c76043b3	NR_114223.1	92.790	1387	61	33	1	1361	1374	1	0.0	1971
698b15f0-ca20-4405-9176-48f3c76043b3	NR_148763.1	92.622	1396	62	34	1	1369	1394	13	0.0	1969
698b15f0-ca20-4405-9176-48f3c76043b3	NR_178482.1	93.040	1365	58	31	1	1341	1364	13	0.0	1960
698b15f0-ca20-4405-9176-48f3c76043b3	NR_178342.1	92.574	1387	64	33	1	1361	1374	1	0.0	1954
110bbd2e-95c0-4e25-92ff-79ea533d4ae4	NR_042776.1	95.483	974	22	20	1	956	46	1015	0.0	1535
110bbd2e-95c0-4e25-92ff-79ea533d4ae4	NR_042778.1	95.277	974	24	20	1	956	46	1015	0.0	1524
110bbd2e-95c0-4e25-92ff-79ea533d4ae4	NR_042777.1	95.175	974	24	20	1	956	46	1014	0.0	1517
110bbd2e-95c0-4e25-92ff-79ea533d4ae4	NR_197695.1	94.872	975	26	21	1	956	45	1014	0.0	1502
110bbd2e-95c0-4e25-92ff-79ea533d4ae4	NR_118998.1	94.656	973	31	20	1	956	41	1009	0.0	1489
6e31b793-6977-4828-8698-f1441b4aad7a	NR_115355.1	96.812	345	3	6	5	348	1145	1482	3.48e-162	569
6e31b793-6977-4828-8698-f1441b4aad7a	NR_163639.1	96.812	345	3	6	5	348	1160	1497	3.48e-162	569
6e31b793-6977-4828-8698-f1441b4aad7a	NR_179325.1	96.812	345	3	6	5	348	1119	1456	3.48e-162	569
6e31b793-6977-4828-8698-f1441b4aad7a	NR_119169.1	96.522	345	4	6	5	348	1150	1487	1.62e-160	564
6e31b793-6977-4828-8698-f1441b4aad7a	NR_115354.1	96.232	345	5	6	5	348	1145	1482	7.54e-159	558
34bdc0c9-98eb-4eb6-bdbb-07504ffbc07d	NR_148763.1	93.196	632	25	15	33	652	636	11	0.0	913
34bdc0c9-98eb-4eb6-bdbb-07504ffbc07d	NR_179227.1	92.492	626	29	13	37	650	632	13	0.0	880
34bdc0c9-98eb-4eb6-bdbb-07504ffbc07d	NR_024927.1	92.222	630	31	12	33	650	629	6	0.0	876
34bdc0c9-98eb-4eb6-bdbb-07504ffbc07d	NR_024946.1	92.222	630	31	15	33	650	624	1	0.0	876
34bdc0c9-98eb-4eb6-bdbb-07504ffbc07d	NR_028619.1	92.063	630	32	15	33	650	637	14	0.0	872
1583e9ca-596a-4ca7-b5aa-e43a3a25d4e2	NR_114225.1	98.028	355	4	3	6	358	1374	1021	4.48e-176	616
1583e9ca-596a-4ca7-b5aa-e43a3a25d4e2	NR_024911.1	98.028	355	4	3	6	358	1387	1034	1.61e-175	614
1583e9ca-596a-4ca7-b5aa-e43a3a25d4e2	NR_024918.1	98.028	355	4	3	6	358	1387	1034	1.61e-175	614
1583e9ca-596a-4ca7-b5aa-e43a3a25d4e2	NR_025174.1	98.028	355	4	3	6	358	1380	1027	1.61e-175	614
1583e9ca-596a-4ca7-b5aa-e43a3a25d4e2	NR_025227.1	98.028	355	4	3	6	358	1370	1017	1.61e-175	614
310ed733-3103-4ae9-b115-6d0b775e4adc	NR_024946.1	95.227	419	12	8	2	416	416	2	0.0	656
310ed733-3103-4ae9-b115-6d0b775e4adc	NR_148763.1	95.024	422	13	8	2	419	428	11	0.0	656
310ed733-3103-4ae9-b115-6d0b775e4adc	NR_028619.1	94.988	419	13	8	2	416	429	15	0.0	652
310ed733-3103-4ae9-b115-6d0b775e4adc	NR_113578.1	95.610	410	11	7	2	407	408	2	0.0	651
310ed733-3103-4ae9-b115-6d0b775e4adc	NR_136473.1	95.181	415	12	8	2	412	411	1	0.0	651
a23aa3b1-3e3a-4152-976e-9910af22b67b	NR_148763.1	97.993	598	4	4	13	606	605	12	0.0	1031
a23aa3b1-3e3a-4152-976e-9910af22b67b	NR_024927.1	97.487	597	7	4	13	605	598	6	0.0	1013
a23aa3b1-3e3a-4152-976e-9910af22b67b	NR_043195.1	97.487	597	7	4	13	605	603	11	0.0	1013
a23aa3b1-3e3a-4152-976e-9910af22b67b	NR_179227.1	97.487	597	7	4	13	605	605	13	0.0	1013
a23aa3b1-3e3a-4152-976e-9910af22b67b	NR_114223.1	97.453	589	7	4	13	597	585	1	0.0	998
e896930b-05f0-48c7-a959-4d1e1760df87	NR_148763.1	86.979	1344	81	70	1	1299	189	1483	0.0	1426
e896930b-05f0-48c7-a959-4d1e1760df87	NR_113578.1	86.597	1343	86	71	1	1298	169	1462	0.0	1400
e896930b-05f0-48c7-a959-4d1e1760df87	NR_024946.1	87.126	1305	78	67	1	1263	177	1433	0.0	1397
e896930b-05f0-48c7-a959-4d1e1760df87	NR_117552.1	86.983	1306	78	69	1	1263	169	1425	0.0	1387
e896930b-05f0-48c7-a959-4d1e1760df87	NR_116899.1	86.310	1344	90	71	1	1299	156	1450	0.0	1376
37bed342-4775-4420-b53d-5a69a0a69bd9	NR_116899.1	94.060	1229	43	21	1	1210	230	1447	0.0	1838
37bed342-4775-4420-b53d-5a69a0a69bd9	NR_025227.1	94.055	1228	43	21	1	1209	239	1455	0.0	1836
37bed342-4775-4420-b53d-5a69a0a69bd9	NR_024927.1	93.897	1229	45	21	1	1210	256	1473	0.0	1827
37bed342-4775-4420-b53d-5a69a0a69bd9	NR_114223.1	93.897	1229	45	21	1	1210	243	1460	0.0	1827
37bed342-4775-4420-b53d-5a69a0a69bd9	NR_179103.1	93.816	1229	46	21	1	1210	267	1484	0.0	1821
9205248f-f5f2-4fc5-b9f2-886af74ab504	NR_148763.1	96.467	368	6	6	4	370	373	12	1.31e-171	601
9205248f-f5f2-4fc5-b9f2-886af74ab504	NR_024927.1	96.458	367	6	6	4	369	366	6	4.70e-171	599
9205248f-f5f2-4fc5-b9f2-886af74ab504	NR_024946.1	96.458	367	6	6	4	369	361	1	4.70e-171	599
9205248f-f5f2-4fc5-b9f2-886af74ab504	NR_108461.1	96.448	366	6	6	4	368	360	1	1.69e-170	597
9205248f-f5f2-4fc5-b9f2-886af74ab504	NR_117022.1	96.448	366	6	6	4	368	360	1	1.69e-170	597
0bc7e364-b6ed-431e-b483-cfaa45741ff5	NR_178262.1	97.375	381	4	6	1	379	992	1368	0.0	643
0bc7e364-b6ed-431e-b483-cfaa45741ff5	NR_179215.1	97.375	381	4	6	1	379	1114	1490	0.0	643
0bc7e364-b6ed-431e-b483-cfaa45741ff5	NR_024842.1	97.368	380	5	5	1	379	1113	1488	0.0	641
0bc7e364-b6ed-431e-b483-cfaa45741ff5	NR_115735.1	97.368	380	5	5	1	379	1089	1464	0.0	641
0bc7e364-b6ed-431e-b483-cfaa45741ff5	NR_028666.1	97.113	381	5	6	1	379	1122	1498	0.0	638
4ef1c8e8-18a4-4b06-9c01-b508777763e7	NR_117822.1	93.889	540	21	9	1	533	1091	557	0.0	804
4ef1c8e8-18a4-4b06-9c01-b508777763e7	NR_025228.1	93.704	540	22	10	1	533	1113	579	0.0	798
4ef1c8e8-18a4-4b06-9c01-b508777763e7	NR_025549.1	93.704	540	22	10	1	533	1119	585	0.0	798
4ef1c8e8-18a4-4b06-9c01-b508777763e7	NR_036830.1	93.704	540	22	9	1	533	1099	565	0.0	798
4ef1c8e8-18a4-4b06-9c01-b508777763e7	NR_178423.1	93.704	540	22	10	1	533	1119	585	0.0	798
2365102a-1892-40ce-bfad-783a1441498d	NR_181838.1	93.418	1337	40	38	22	1321	1342	17	0.0	1938
2365102a-1892-40ce-bfad-783a1441498d	NR_179985.1	93.338	1336	43	39	22	1321	1339	14	0.0	1932
2365102a-1892-40ce-bfad-783a1441498d	NR_126220.1	93.263	1336	42	38	22	1320	1325	1	0.0	1925
2365102a-1892-40ce-bfad-783a1441498d	NR_181703.1	93.194	1337	43	38	22	1321	1346	21	0.0	1921
2365102a-1892-40ce-bfad-783a1441498d	NR_179103.1	93.006	1344	46	40	15	1321	1350	18	0.0	1917
3d75a681-6db8-443b-9e94-f01ee928aa8b	NR_148763.1	94.385	837	27	14	1	822	655	1486	0.0	1267
3d75a681-6db8-443b-9e94-f01ee928aa8b	NR_148764.1	94.265	837	28	14	1	822	655	1486	0.0	1262
3d75a681-6db8-443b-9e94-f01ee928aa8b	NR_113578.1	94.118	833	29	14	1	818	635	1462	0.0	1253
3d75a681-6db8-443b-9e94-f01ee928aa8b	NR_028619.1	94.026	837	28	16	1	822	656	1485	0.0	1249
3d75a681-6db8-443b-9e94-f01ee928aa8b	NR_112077.1	93.429	837	35	15	1	822	653	1484	0.0	1242
